 SWICS EFFICIENCIES FOR C_

 incident ion: Z= 6, M= 12.000 amu
 carbon foil thickness= 2.5 microg/squarecm
 detector threshold= 40.0 keV, electronic FWHM= 12.0 keV
 electrons needed to trigger MCPs: TH1=1.10, TH2=1.10
 constants for sec. electrons: CONST1=0.525, CONST2=0.543

     ETOT    EPERM    EFOIL    ETOTF    EMEAS    FWHMT    PROB1   PROBSE    PROB2   PROBST    PROBT    PROB3    P3/P1    P2*P3
    [keV]  [keV/u]    [keV]    [keV]    [keV]    [keV]

 1200.000  100.000   15.477 1184.523 1090.032   32.273  0.95228  0.99855  0.99728  0.99585  1.00000  0.99585  1.04575  0.99314
 1080.000   90.000   14.862 1065.138  975.567   31.962  0.94578  0.99813  0.99621  0.99468  1.00000  0.99468  1.05170  0.99091
  972.000   81.000   14.228  957.772  873.039   31.652  0.93819  0.99760  0.99474  0.99319  1.00000  0.99319  1.05862  0.98796
  874.800   72.900   13.589  861.211  779.282   31.208  0.92949  0.99692  0.99275  0.99129  1.00000  0.99129  1.06649  0.98410
  787.320   65.610   12.954  774.366  695.537   30.771  0.91966  0.99605  0.99010  0.98889  1.00000  0.98889  1.07528  0.97910
  708.588   59.049   12.331  696.257  620.466   30.343  0.90874  0.99495  0.98665  0.98586  1.00000  0.98586  1.08487  0.97271
  637.729   53.144   11.728  626.001  552.911   29.923  0.89677  0.99354  0.98225  0.98205  1.00000  0.98205  1.09511  0.96462
  573.956   47.830   11.149  562.807  492.647   29.510  0.88383  0.99176  0.97673  0.97729  1.00000  0.97729  1.10574  0.95455
  516.561   43.047   10.597  505.964  438.887   29.106  0.87004  0.98951  0.96994  0.97136  1.00000  0.97136  1.11646  0.94216
  464.905   38.742   10.074  454.830  390.605   28.579  0.85550  0.98669  0.96173  0.96404  1.00000  0.96404  1.12687  0.92714
  418.414   34.868    9.582  408.833  347.282   27.943  0.84037  0.98316  0.95197  0.95506  1.00000  0.95506  1.13648  0.90918
  376.573   31.381    9.120  367.453  308.695   27.327  0.82476  0.97876  0.94053  0.94413  1.00000  0.94413  1.14473  0.88798
  338.915   28.243    8.688  330.228  274.330   26.730  0.80884  0.97332  0.92728  0.93097  1.00000  0.93097  1.15100  0.86328
  305.024   25.419    8.285  296.739  243.631   26.152  0.79260  0.96663  0.91186  0.91530  1.00000  0.91530  1.15481  0.83462
  274.521   22.877    7.889  266.633  215.558   25.592  0.77529  0.95848  0.89180  0.89684  1.00000  0.89684  1.15678  0.79980
  247.069   20.589    7.520  239.549  190.645   25.047  0.75813  0.94864  0.86911  0.87540  1.00000  0.87540  1.15469  0.76082
  222.362   18.530    7.181  215.182  168.537   24.307  0.74120  0.93685  0.84378  0.85086  1.00000  0.85086  1.14795  0.71793
  200.126   16.677    6.868  193.258  148.923   23.601  0.72454  0.92288  0.81584  0.82319  1.00000  0.82319  1.13615  0.67159
  180.114   15.009    6.579  173.535  131.380   22.895  0.70821  0.90652  0.78538  0.79251  1.00000  0.79251  1.11904  0.62242
  162.102   13.509    6.311  155.791  115.581   22.164  0.69267  0.88760  0.75253  0.75908  1.00000  0.75908  1.09589  0.57124
  145.892   12.158    6.071  139.821  101.604   21.473  0.67712  0.86597  0.71748  0.72329  1.00000  0.72329  1.06819  0.51895
  131.303   10.942    5.836  125.467   89.260   20.821  0.66145  0.84160  0.68051  0.68565  1.00000  0.68565  1.03659  0.46659
  118.172    9.848    5.609  112.563   78.275   20.147  0.64568  0.81451  0.64195  0.64675  1.00000  0.64674  1.00165  0.41517
  106.355    8.863    5.392  100.963   68.534   19.478  0.62984  0.78480  0.60216  0.60720  0.99972  0.60703  0.96379  0.36553
   95.720    7.977    5.183   90.536   59.838   18.854  0.61396  0.75267  0.56157  0.56764  0.99339  0.56389  0.91844  0.31666
   86.148    7.179    4.982   81.165   52.103   18.189  0.59806  0.71840  0.52062  0.52860  0.94143  0.49764  0.83209  0.25908
   77.533    6.461    4.789   72.743   45.312   17.574  0.58217  0.68232  0.47977  0.49055  0.76169  0.37365  0.64181  0.17927
   69.780    5.815    4.604   65.176   39.219   17.011  0.56632  0.64480  0.43946  0.45382  0.45694  0.20737  0.36617  0.09113
   62.802    5.233    4.426   58.376   33.876   16.431  0.55052  0.60627  0.40010  0.41864  0.19006  0.07957  0.14453  0.03183
   56.522    4.710    4.254   52.267   29.207   15.736  0.53480  0.56712  0.36204  0.38513  0.05314  0.02047  0.03827  0.00741
   50.869    4.239    4.089   46.780   25.138   15.138  0.51917  0.52777  0.32560  0.35333  0.01039  0.00367  0.00707  0.00120
   45.782    3.815    3.931   41.852   21.607   14.626  0.50366  0.48861  0.29104  0.32321  0.00153  0.00050  0.00098  0.00014
   41.204    3.434    3.779   37.426   18.530   14.191  0.48828  0.44998  0.25855  0.29473  0.00018  0.00005  0.00011  0.00001
   37.084    3.090    3.632   33.452   15.851   13.822  0.47306  0.41223  0.22826  0.26783  0.00002  0.00001  0.00001  0.00000
   33.375    2.781    3.492   29.884   13.524   13.511  0.45799  0.37563  0.20027  0.24247  0.00000  0.00000  0.00000  0.00000
   30.038    2.503    3.356   26.682   11.541   13.249  0.44311  0.34046  0.17461  0.21861  0.00000  0.00000  0.00000  0.00000
   27.034    2.253    3.226   23.808    9.819   13.030  0.42841  0.30694  0.14519  0.19624  0.00000  0.00000  0.00000  0.00000
   24.331    2.028    3.101   21.229    8.327   12.847  0.41391  0.27524  0.12460  0.17535  0.00000  0.00000  0.00000  0.00000
   21.898    1.825    2.981   18.916    7.035   12.695  0.39962  0.24552  0.10623  0.15595  0.00000  0.00000  0.00000  0.00000
   19.708    1.642    2.866   16.842    5.931   12.569  0.38554  0.22400  0.09252  0.14191  0.00000  0.00000  0.00000  0.00000
   17.737    1.478    2.755   14.982    4.987   12.464  0.37169  0.20694  0.08150  0.13080  0.00000  0.00000  0.00000  0.00000
   15.963    1.330    2.648   13.315    4.173   12.378  0.35806  0.18945  0.07105  0.11950  0.00000  0.00000  0.00000  0.00000
   14.367    1.197    2.545   11.822    3.475   12.130  0.34466  0.17191  0.06131  0.10823  0.00000  0.00000  0.00000  0.00000
   12.930    1.078    2.447   10.484    2.891   12.103  0.33149  0.15470  0.05240  0.09723  0.00000  0.00000  0.00000  0.00000
   11.637    0.970    2.350    9.287    2.391   12.081  0.31859  0.13813  0.04439  0.08668  0.00000  0.00000  0.00000  0.00000
   10.474    0.873    2.247    8.226    1.969   12.063  0.30603  0.12244  0.03729  0.07672  0.00000  0.00000  0.00000  0.00000
    9.426    0.786    2.150    7.276    1.614   12.050  0.29372  0.10785  0.03109  0.06749  0.00000  0.00000  0.00000  0.00000
    8.484    0.707    2.058    6.426    1.312   12.039  0.28164  0.09446  0.02574  0.05905  0.00000  0.00000  0.00000  0.00000
    7.635    0.636    1.969    5.666    1.055   12.030  0.26980  0.08167  0.02101  0.05101  0.00000  0.00000  0.00000  0.00000
    6.872    0.573    1.886    4.986    0.837   12.023  0.25818  0.06974  0.01691  0.04352  0.00000  0.00000  0.00000  0.00000
    6.185    0.515    1.806    4.379    0.712   12.018  0.24680  0.05943  0.01356  0.03706  0.00000  0.00000  0.00000  0.00000
