 0.0  0.0  0.99989301  1.
  0.00999999978  0.  0.888203621  0.896473885
  0.0199999996  0.  0.67850244  0.701000333
  0.0299999993  0.  0.501226902  0.532006979
  0.0399999991  0.  0.377494395  0.409957111
  0.049999997  0.  0.294261426  0.324911773
  0.0599999949  0.  0.237102076  0.264720529
  0.0699999928  0.  0.196529865  0.220986754
  0.0799999908  0.  0.166629583  0.188207448
  0.0899999887  0.  0.143838376  0.162918076
  0.0999999866  0.  0.125962168  0.142918214
  0.109999985  0.  0.111597188  0.126754299
  0.119999982  0.  0.0998205915  0.11344973
  0.12999998  0.  0.0900048763  0.102330029
  0.139999986  0.  0.0817096159  0.0929134637
  0.149999991  0.  0.0746161491  0.0848498195
  0.159999996  0.  0.0684909374  0.0778801888
  0.170000002  0.  0.0631555021  0.0718044415
  0.180000007  0.  0.0584747419  0.0664719343
  0.190000013  0.  0.0543408953  0.0617610216
  0.200000018  0.  0.0506699756  0.0575766303
  0.210000023  0.  0.0473932549  0.0538418703
  0.220000029  0.  0.0444556996  0.0504933037
  0.230000034  0.  0.04181109  0.0474789552
  0.240000039  0.  0.0394210778  0.0447552539
  0.25000003  0.  0.0372540429  0.0422858484
  0.26000002  0.  0.0352825858  0.0400398374
  0.270000011  0.  0.0334836468  0.037990693
  0.280000001  0.  0.0318377651  0.0361162983
  0.289999992  0.  0.0303278472  0.0343970731
  0.299999982  0.  0.0289388523  0.0328158587
 0.0  0.00999999978  1.  1.
  0.00999999978  0.00999999978  0.891132414  0.899241805
  0.0199999996  0.00999999978  0.675970852  0.698757946
  0.0299999993  0.00999999978  0.498046607  0.529068351
  0.0399999991  0.00999999978  0.37512207  0.407660216
  0.049999997  0.00999999978  0.292499661  0.323127836
  0.0599999949  0.00999999978  0.235870287  0.263437629
  0.0699999928  0.00999999978  0.195631742  0.220020398
  0.0799999908  0.00999999978  0.165964082  0.18747738
  0.0899999887  0.00999999978  0.143341094  0.162365675
  0.0999999866  0.00999999978  0.125586912  0.142497927
  0.109999985  0.00999999978  0.111315571  0.126437202
  0.119999982  0.00999999978  0.0996113494  0.113213912
  0.12999998  0.00999999978  0.089852035  0.102156401
  0.139999986  0.00999999978  0.0816005692  0.0927898288
  0.149999991  0.00999999978  0.0745403543  0.0847633705
  0.159999996  0.00999999978  0.0684381798  0.0778203234
  0.170000002  0.00999999978  0.0631208718  0.0717651919
  0.180000007  0.00999999978  0.0584517233  0.0664458945
  0.190000013  0.00999999978  0.0543247201  0.0617426559
  0.200000018  0.00999999978  0.0506570898  0.0575619191
  0.210000023  0.00999999978  0.0473810881  0.0538278446
  0.220000029  0.00999999978  0.0444417447  0.0504773073
  0.230000034  0.00999999978  0.0417940877  0.0474596098
  0.240000039  0.00999999978  0.0394003205  0.0447316878
  0.25000003  0.00999999978  0.0372299328  0.0422584638
  0.26000002  0.00999999978  0.0352550745  0.0400085449
  0.270000011  0.00999999978  0.0334546603  0.0379577987
  0.280000001  0.00999999978  0.0318088196  0.0360834524
  0.289999992  0.00999999978  0.0303010121  0.0343667641
  0.299999982  0.00999999978  0.0289178453  0.0327921957
 0.0  0.0199999996  1.  1.
  0.00999999978  0.0199999996  0.892591298  0.900658548
  0.0199999996  0.0199999996  0.668570459  0.692412615
  0.0299999993  0.0199999996  0.490664899  0.522546053
  0.0399999991  0.0199999996  0.369988471  0.402931422
  0.049999997  0.0199999996  0.289251566  0.319993675
  0.0599999949  0.0199999996  0.233828411  0.26139304
  0.0699999928  0.0199999996  0.194309413  0.218657568
  0.0799999908  0.0199999996  0.16507481  0.186533898
  0.0899999887  0.0199999996  0.142720103  0.161696002
  0.0999999866  0.0199999996  0.1251394  0.14200756
  0.109999985  0.0199999996  0.110981986  0.126067981
  0.119999982  0.0199999996  0.099356696  0.112929821
  0.12999998  0.0199999996  0.0896521136  0.101932347
  0.139999986  0.0199999996  0.081440635  0.0926099569
  0.149999991  0.0199999996  0.0744102225  0.084616363
  0.159999996  0.0199999996  0.0683305413  0.0776982903
  0.170000002  0.0199999996  0.0630314276  0.0716636032
  0.180000007  0.0199999996  0.0583756566  0.0663593039
  0.190000013  0.0199999996  0.0542599149  0.0616688132
  0.200000018  0.0199999996  0.0506010577  0.057498008
  0.210000023  0.0199999996  0.0473326668  0.0537726842
  0.220000029  0.0199999996  0.0443994328  0.0504292697
  0.230000034  0.0199999996  0.0417568274  0.0474171937
  0.240000039  0.0199999996  0.039367374  0.0446940362
  0.25000003  0.0199999996  0.0372003838  0.0422248207
  0.26000002  0.0199999996  0.0352290757  0.0399788991
  0.270000011  0.0199999996  0.0334312394  0.0379310846
  0.280000001  0.0199999996  0.0317876413  0.0360592045
  0.289999992  0.0199999996  0.030282367  0.0343453251
  0.299999982  0.0199999996  0.0289005823  0.0327725187
 0.0  0.0299999993  1.  1.
  0.00999999978  0.0299999993  0.881634116  0.890555382
  0.0199999996  0.0299999993  0.652204812  0.67815727
  0.0299999993  0.0299999993  0.477692038  0.511014819
  0.0399999991  0.0299999993  0.361546516  0.395117402
  0.049999997  0.0299999993  0.283981115  0.314918905
  0.0599999949  0.0299999993  0.230498701  0.258041799
  0.0699999928  0.0299999993  0.192148328  0.216418609
  0.0799999908  0.0299999993  0.163618758  0.184989557
  0.0899999887  0.0299999993  0.141702875  0.160595238
  0.0999999866  0.0299999993  0.124402449  0.141200006
  0.109999985  0.0299999993  0.11043258  0.125459358
  0.119999982  0.0299999993  0.0989346057  0.11245808
  0.12999998  0.0299999993  0.0893212259  0.101561427
  0.139999986  0.0299999993  0.0811753049  0.0923109427
  0.149999991  0.0299999993  0.0741946325  0.0843726024
  0.159999996  0.0299999993  0.0681528673  0.0774966851
  0.170000002  0.0299999993  0.0628825501  0.0714944452
  0.180000007  0.0299999993  0.0582496524  0.0662159994
  0.190000013  0.0299999993  0.0541523509  0.0615460612
  0.200000018  0.0299999993  0.050508704  0.0573929884
  0.210000023  0.0299999993  0.0472520217  0.0536805876
  0.220000029  0.0299999993  0.0443289429  0.0503488109
  0.230000034  0.0299999993  0.041694697  0.0473463535
  0.240000039  0.0299999993  0.0393126942  0.0446316749
  0.25000003  0.0299999993  0.0371516421  0.0421692543
  0.26000002  0.0299999993  0.035185542  0.0399292521
  0.270000011  0.0299999993  0.0333921388  0.0378864408
  0.280000001  0.0299999993  0.0317526013  0.0360192843
  0.289999992  0.0299999993  0.0302507095  0.0343091339
  0.299999982  0.0299999993  0.0288720317  0.0327398442
 0.0  0.0399999991  0.993067622  0.993325531
  0.00999999978  0.0399999991  0.848867774  0.860378563
  0.0199999996  0.0399999991  0.623877943  0.653337955
  0.0299999993  0.0399999991  0.458729804  0.493988454
  0.0399999991  0.0399999991  0.349805087  0.384137005
  0.049999997  0.0399999991  0.276791334  0.307908475
  0.0599999949  0.0399999991  0.225982875  0.25349009
  0.0699999928  0.0399999991  0.189210087  0.213358462
  0.0799999908  0.0399999991  0.161630318  0.182870403
  0.0899999887  0.0399999991  0.140305519  0.159079492
  0.0999999866  0.0399999991  0.123388022  0.140084729
  0.109999985  0.0399999991  0.109672934  0.124616727
  0.119999982  0.0399999991  0.0983515829  0.111807257
  0.12999998  0.0399999991  0.0888639018  0.101047724
  0.139999986  0.0399999991  0.0808086097  0.0918967128
  0.149999991  0.0399999991  0.073894836  0.0840341672
  0.159999996  0.0399999991  0.0679062679  0.0772168487
  0.170000002  0.0399999991  0.0626747757  0.0712586045
  0.180000007  0.0399999991  0.0580730885  0.066014953
  0.190000013  0.0399999991  0.0540018268  0.0613745414
  0.200000018  0.0399999991  0.0503792278  0.0572457351
  0.210000023  0.0399999991  0.0471396819  0.0535527393
  0.220000029  0.0399999991  0.0442307331  0.0502368435
  0.230000034  0.0399999991  0.0416082144  0.0472475477
  0.240000039  0.0399999991  0.0392361693  0.044544436
  0.25000003  0.0399999991  0.0370837674  0.0420915857
  0.26000002  0.0399999991  0.0351248272  0.0398598872
  0.270000011  0.0399999991  0.0333378017  0.0378244333
  0.280000001  0.0399999991  0.0317037553  0.0359635241
  0.289999992  0.0399999991  0.0302065872  0.0342587046
  0.299999982  0.0399999991  0.0288322307  0.032694336
 0.0  0.049999997  0.93077302  0.931202412
  0.00999999978  0.049999997  0.789349973  0.806863129
  0.0199999996  0.049999997  0.582856119  0.617375791
  0.0299999993  0.049999997  0.434028208  0.471590221
  0.0399999991  0.049999997  0.33520627  0.37031886
  0.049999997  0.049999997  0.267945975  0.299202919
  0.0599999949  0.049999997  0.220429972  0.247824043
  0.0699999928  0.049999997  0.185577989  0.209552526
  0.0799999908  0.049999997  0.159159377  0.180224225
  0.0899999887  0.049999997  0.138560608  0.157180741
  0.0999999866  0.049999997  0.122115418  0.138683915
  0.109999985  0.049999997  0.108715989  0.123553328
  0.119999982  0.049999997  0.0976148099  0.110983156
  0.12999998  0.049999997  0.0882826746  0.100394577
  0.139999986  0.049999997  0.0803418383  0.0913704634
  0.149999991  0.049999997  0.0735151246  0.0836044624
  0.159999996  0.049999997  0.0675908253  0.0768593028
  0.170000002  0.049999997  0.0624103099  0.0709580928
  0.180000007  0.049999997  0.0578495078  0.0657607689
  0.190000013  0.049999997  0.0538103133  0.061156746
  0.200000018  0.049999997  0.0502133071  0.0570568852
  0.210000023  0.049999997  0.0469957739  0.0533886179
  0.220000029  0.049999997  0.0441049933  0.0500931889
  0.230000034  0.049999997  0.0414974093  0.0471212491
  0.240000039  0.049999997  0.0391383022  0.0444325432
  0.25000003  0.049999997  0.0369966328  0.0419921353
  0.26000002  0.049999997  0.0350469723  0.0397710018
  0.270000011  0.049999997  0.0332680568  0.0377447531
  0.280000001  0.049999997  0.0316409059  0.0358918384
  0.289999992  0.049999997  0.0301496089  0.0341938771
  0.299999982  0.049999997  0.0287807472  0.0326357186
 0.0  0.0599999949  0.837743938  0.838561118
  0.00999999978  0.0599999949  0.704527736  0.73450762
  0.0199999996  0.0599999949  0.531228721  0.571895182
  0.0299999993  0.0599999949  0.4049052  0.444730133
  0.0399999991  0.0599999949  0.318291157  0.354020387
  0.049999997  0.0599999949  0.257769793  0.289022744
  0.0599999949  0.0599999949  0.214015648  0.241212904
  0.0699999928  0.0599999949  0.1813519  0.205088586
  0.0799999908  0.0599999949  0.156261384  0.177104086
  0.0899999887  0.0599999949  0.136501133  0.154930815
  0.0999999866  0.0599999949  0.120602787  0.137013495
  0.109999985  0.0599999949  0.107574925  0.12228331
  0.119999982  0.0599999949  0.0967316031  0.109993517
  0.12999998  0.0599999949  0.087585181  0.0996093228
  0.139999986  0.0599999949  0.0797813237  0.0907381177
  0.149999991  0.0599999949  0.073054634  0.0830837712
  0.159999996  0.0599999949  0.0672095716  0.076427184
  0.170000002  0.0599999949  0.062091276  0.0705956817
  0.180000007  0.0599999949  0.0575793609  0.0654532239
  0.190000013  0.0599999949  0.0535785966  0.0608932823
  0.200000018  0.0599999949  0.0500131026  0.0568281002
  0.210000023  0.0599999949  0.0468212962  0.0531896241
  0.220000029  0.0599999949  0.0439520106  0.0499186963
  0.230000034  0.0599999949  0.041363176  0.0469679534
  0.240000039  0.0599999949  0.0390190817  0.0442966223
  0.25000003  0.0599999949  0.0368906595  0.0418712832
  0.26000002  0.0599999949  0.0349524282  0.0396631695
  0.270000011  0.0599999949  0.0331829377  0.0376477316
  0.280000001  0.0599999949  0.0315643176  0.035804484
  0.289999992  0.0599999949  0.0300803389  0.0341149084
  0.299999982  0.0599999949  0.0287179947  0.0325641707
 0.0  0.0699999928  0.698605001  0.744547725
  0.00999999978  0.0699999928  0.602266848  0.649952829
  0.0199999996  0.0699999928  0.473905057  0.520409226
  0.0299999993  0.0699999928  0.373310208  0.414920032
  0.0399999991  0.0699999928  0.300077349  0.33617869
  0.049999997  0.0699999928  0.24668695  0.277769297
  0.0599999949  0.0699999928  0.20694761  0.233840629
  0.0699999928  0.0699999928  0.176646963  0.200073078
  0.0799999908  0.0699999928  0.153003395  0.173573986
  0.0899999887  0.0699999928  0.134164721  0.152367994
  0.0999999866  0.0699999928  0.118875928  0.135100618
  0.109999985  0.0699999928  0.106264852  0.120822161
  0.119999982  0.0699999928  0.0957140476  0.108853012
  0.12999998  0.0699999928  0.0867779702  0.0987008065
  0.139999986  0.0699999928  0.0791286379  0.0900005475
  0.149999991  0.0699999928  0.072521843  0.0824791193
  0.159999996  0.0699999928  0.0667662919  0.0759240389
  0.170000002  0.0699999928  0.0617173649  0.0701705813
  0.180000007  0.0699999928  0.0572615936  0.0650919527
  0.190000013  0.0699999928  0.0533062443  0.0605831333
  0.200000018  0.0699999928  0.0497779474  0.0565603077
  0.210000023  0.0699999928  0.0466166623  0.0529561564
  0.220000029  0.0699999928  0.0437727123  0.0497143939
  0.230000034  0.0699999928  0.0412049815  0.0467874482
  0.240000039  0.0699999928  0.0388790667  0.044136785
  0.25000003  0.0699999928  0.0367660224  0.0417290777
  0.26000002  0.0699999928  0.0348409601  0.0395360291
  0.270000011  0.0699999928  0.0330832377  0.0375338942
  0.280000001  0.0699999928  0.0314745046  0.0357018784
  0.289999992  0.0699999928  0.0299992487  0.0340224095
  0.299999982  0.0699999928  0.0286443178  0.0324800834
 0.0  0.0799999908  0.546817541  0.620199144
  0.00999999978  0.0799999908  0.500149727  0.559853494
  0.0199999996  0.0799999908  0.417097062  0.467439294
  0.0299999993  0.0799999908  0.341416895  0.383921415
  0.0399999991  0.0799999908  0.28134039  0.317330122
  0.049999997  0.0799999908  0.235101521  0.265806586
  0.0599999949  0.0799999908  0.19944194  0.225908488
  0.0699999928  0.0799999908  0.171577379  0.194619358
  0.0799999908  0.0799999908  0.14945206  0.16969955
  0.0899999887  0.0799999908  0.131595165  0.149534881
  0.0999999866  0.0799999908  0.116960898  0.132972851
  0.109999985  0.0799999908  0.104801327  0.119185969
  0.119999982  0.0799999908  0.0945705399  0.107568465
  0.12999998  0.0799999908  0.0858673155  0.0976737887
  0.139999986  0.0799999908  0.0783913657  0.089166835
  0.149999991  0.0799999908  0.0719151348  0.0817925334
  0.159999996  0.0799999908  0.0662608743  0.0753504634
  0.170000002  0.0799999908  0.0612924956  0.0696877614
  0.180000007  0.0799999908  0.0568993501  0.0646795183
  0.190000013  0.0799999908  0.0529955253  0.0602283403
  0.200000018  0.0799999908  0.0495093167  0.0562541336
  0.210000023  0.0799999908  0.0463825427  0.0526891276
  0.220000029  0.0799999908  0.0435674936  0.0494800657
  0.230000034  0.0799999908  0.0410240814  0.0465809293
  0.240000039  0.0799999908  0.0387188755  0.0439538732
  0.25000003  0.0799999908  0.036623463  0.0415661223
  0.26000002  0.0799999908  0.0347134322  0.0393903963
  0.270000011  0.0799999908  0.0329684988  0.0374029912
  0.280000001  0.0799999908  0.0313710943  0.0355839953
  0.289999992  0.0799999908  0.0299057234  0.0339158289
  0.299999982  0.0799999908  0.0285595581  0.032383427
 0.0  0.0899999887  0.432056159  0.496846974
  0.00999999978  0.0899999887  0.414840609  0.477503002
  0.0199999996  0.0899999887  0.366202354  0.417635053
  0.0299999993  0.0899999887  0.311322778  0.353654176
  0.0399999991  0.0899999887  0.262964576  0.298365951
  0.049999997  0.0899999887  0.223416507  0.253495425
  0.0599999949  0.0899999887  0.191704825  0.21761474
  0.0699999928  0.0899999887  0.166261062  0.18884249
  0.0799999908  0.0899999887  0.145673946  0.165549502
  0.0899999887  0.0899999887  0.128829449  0.14647238
  0.0999999866  0.0899999887  0.114883453  0.130657002
  0.109999985  0.0899999887  0.103202641  0.117394581
  0.119999982  0.0899999887  0.0933146328  0.106155664
  0.12999998  0.0899999887  0.0848647356  0.0965424255
  0.139999986  0.0899999887  0.0775760263  0.0882447213
  0.149999991  0.0899999887  0.0712414235  0.081028536
  0.159999996  0.0899999887  0.065699622  0.0747126117
  0.170000002  0.0899999887  0.0608181469  0.0691483468
  0.180000007  0.0899999887  0.0564957783  0.0642201677
  0.190000013  0.0899999887  0.0526482426  0.059833508
  0.200000018  0.0899999887  0.0492082126  0.0559106842
  0.210000023  0.0899999887  0.0461198911  0.0523898154
  0.220000029  0.0899999887  0.0433371253  0.0492172502
  0.230000034  0.0899999887  0.0408206955  0.046348989
  0.240000039  0.0899999887  0.0385384001  0.0437480882
  0.25000003  0.0899999887  0.0364625938  0.041382771
  0.26000002  0.0899999887  0.0345697664  0.0392264165
  0.270000011  0.0899999887  0.0328395292  0.0372556895
  0.280000001  0.0899999887  0.0312549695  0.0354514979
  0.289999992  0.0899999887  0.0298009794  0.0337960273
  0.299999982  0.0899999887  0.0284642465  0.0322747342
 0.0  0.0999999866  0.354176164  0.42494458
  0.00999999978  0.0999999866  0.35236755  0.413434803
  0.0199999996  0.0999999866  0.323905677  0.373938888
  0.0299999993  0.0999999866  0.284254789  0.325352013
  0.0399999991  0.0999999866  0.245572194  0.279923171
  0.049999997  0.0999999866  0.21195443  0.241177469
  0.0599999949  0.0999999866  0.183914408  0.20914562
  0.0699999928  0.0999999866  0.160799369  0.18284826
  0.0799999908  0.0999999866  0.141734257  0.161193416
  0.0899999887  0.0999999866  0.125910893  0.143223524
  0.0999999866  0.0999999866  0.112669468  0.128180996
  0.109999985  0.0999999866  0.101485953  0.115467258
  0.119999982  0.0999999866  0.0919590592  0.10462907
  0.12999998  0.0999999866  0.0837735757  0.0953097716
  0.139999986  0.0999999866  0.0766863823  0.0872367695
  0.149999991  0.0999999866  0.0705067068  0.0801943168
  0.159999996  0.0999999866  0.0650840178  0.0740132108
  0.170000002  0.0999999866  0.0602975562  0.0685559437
  0.180000007  0.0999999866  0.0560501292  0.0637127236
  0.190000013  0.0999999866  0.0522649735  0.0593956932
  0.200000018  0.0999999866  0.048875913  0.0555319637
  0.210000023  0.0999999866  0.0458299592  0.0520587713
  0.220000029  0.0999999866  0.0430821031  0.0489263795
  0.230000034  0.0999999866  0.0405956097  0.0460921749
  0.240000039  0.0999999866  0.0383388437  0.0435201824
  0.25000003  0.0999999866  0.0362845957  0.0411795899
  0.26000002  0.0999999866  0.0344104394  0.0390445776
  0.270000011  0.0999999866  0.032696452  0.0370925367
  0.280000001  0.0999999866  0.0311258826  0.0353041962
  0.289999992  0.0999999866  0.0296838228  0.0336626209
  0.299999982  0.0999999866  0.0283582732  0.0321538374
 0.0  0.109999985  0.313673079  0.375662088
  0.00999999978  0.109999985  0.309519768  0.365517139
  0.0199999996  0.109999985  0.290201813  0.337097466
  0.0299999993  0.109999985  0.26067853  0.299720913
  0.0399999991  0.109999985  0.229521871  0.262431145
  0.049999997  0.109999985  0.200949088  0.229120344
  0.0599999949  0.109999985  0.176216036  0.20066379
  0.0699999928  0.109999985  0.155285895  0.17674157
  0.0799999908  0.109999985  0.137691766  0.156693757
  0.0899999887  0.109999985  0.122877255  0.13983348
  0.0999999866  0.109999985  0.110344477  0.125572443
  0.109999985  0.109999985  0.0996705294  0.11342372
  0.119999982  0.109999985  0.0905153677  0.102999464
  0.12999998  0.109999985  0.082606703  0.0939899459
  0.139999986  0.109999985  0.0757291615  0.086152643
  0.149999991  0.109999985  0.0697128177  0.0792938024
  0.159999996  0.109999985  0.0644167289  0.0732547566
  0.170000002  0.109999985  0.059731666  0.0679116622
  0.180000007  0.109999985  0.0555672422  0.0631625652
  0.190000013  0.109999985  0.0518481135  0.0589212775
  0.200000018  0.109999985  0.0485136956  0.0551185794
  0.210000023  0.109999985  0.0455131382  0.0516973771
  0.220000029  0.109999985  0.042803891  0.0486087091
  0.230000034  0.109999985  0.0403496362  0.0458112061
  0.240000039  0.109999985  0.038120281  0.0432707369
  0.25000003  0.109999985  0.0360896923  0.040957123
  0.26000002  0.109999985  0.0342357606  0.0388452336
  0.270000011  0.109999985  0.0325394459  0.0369134024
  0.280000001  0.109999985  0.0309842527  0.0351425968
  0.289999992  0.109999985  0.0295560323  0.0335167088
  0.299999982  0.109999985  0.028242033  0.0320212096
 0.0  0.119999982  0.284173578  0.336274415
  0.00999999978  0.119999982  0.278804928  0.328080922
  0.0199999996  0.119999982  0.263489157  0.306318462
  0.0299999993  0.119999982  0.240442097  0.276916653
  0.0399999991  0.119999982  0.214945257  0.246142015
  0.049999997  0.119999982  0.190539703  0.217515498
  0.0599999949  0.119999982  0.168714195  0.192297891
  0.0699999928  0.119999982  0.149794877  0.170607731
  0.0799999908  0.119999982  0.133594975  0.152107701
  0.0899999887  0.119999982  0.119763546  0.136339679
  0.0999999866  0.119999982  0.107934408  0.122861363
  0.109999985  0.119999982  0.0977715105  0.111282915
  0.119999982  0.119999982  0.0889950544  0.101281382
  0.12999998  0.119999982  0.0813717693  0.0925917551
  0.139999986  0.119999982  0.0747126266  0.0849989951
  0.149999991  0.119999982  0.0688657463  0.0783308744
  0.159999996  0.119999982  0.0637034029  0.0724431649
  0.170000002  0.119999982  0.059125606  0.0672218874
  0.180000007  0.119999982  0.0550470725  0.0625697002
  0.190000013  0.119999982  0.0513989739  0.0584085882
  0.200000018  0.119999982  0.0481228903  0.0546728857
  0.210000023  0.119999982  0.0451710299  0.0513069592
  0.220000029  0.119999982  0.0425026491  0.0482648276
  0.230000034  0.119999982  0.040083386  0.0455073491
  0.240000039  0.119999982  0.0378835835  0.0430004895
  0.25000003  0.119999982  0.0358784087  0.0407159477
  0.26000002  0.119999982  0.0340465046  0.0386292003
  0.270000011  0.119999982  0.032369148  0.0367190167
  0.280000001  0.119999982  0.0308305938  0.0349673927
  0.289999992  0.119999982  0.0294167381  0.0333578438
  0.299999982  0.119999982  0.0281155892  0.0318771079
 0.0  0.12999998  0.2596699  0.304106474
  0.00999999978  0.12999998  0.254759222  0.297610343
  0.0199999996  0.12999998  0.241865426  0.280411303
  0.0299999993  0.12999998  0.223083258  0.256768942
  0.0399999991  0.12999998  0.20179978  0.231138945
  0.049999997  0.12999998  0.18078582  0.206480876
  0.0599999949  0.12999998  0.16148144  0.184149146
  0.0699999928  0.12999998  0.144380897  0.164517477
  0.0799999908  0.12999998  0.129488245  0.147487611
  0.0899999887  0.12999998  0.116601333  0.132777825
  0.0999999866  0.12999998  0.105459072  0.120069452
  0.109999985  0.12999998  0.0958047509  0.109060362
  0.119999982  0.12999998  0.0874099359  0.0994871631
  0.12999998  0.12999998  0.0800766721  0.091123499
  0.139999986  0.12999998  0.073642157  0.0837832689
  0.149999991  0.12999998  0.0679698065  0.0773129612
  0.159999996  0.12999998  0.0629461706  0.0715815276
  0.170000002  0.12999998  0.0584810227  0.0664876029
  0.180000007  0.12999998  0.0544926263  0.061937049
  0.190000013  0.12999998  0.0509188995  0.0578614548
  0.200000018  0.12999998  0.0477048755  0.0541958846
  0.210000023  0.12999998  0.0448048189  0.0508890338
  0.220000029  0.12999998  0.0421799272  0.0478965528
  0.230000034  0.12999998  0.0397972092  0.0451807827
  0.240000039  0.12999998  0.0376291461  0.0427100435
  0.25000003  0.12999998  0.0356512442  0.0404565893
  0.26000002  0.12999998  0.0338426083  0.0383965336
  0.270000011  0.12999998  0.0321858227  0.0365098156
  0.280000001  0.12999998  0.0306650512  0.0347783566
  0.289999992  0.12999998  0.0292666778  0.0331866741
  0.299999982  0.12999998  0.0279793162  0.0317216665
 0.0  0.139999986  0.239073455  0.27737239
  0.00999999978  0.139999986  0.234858662  0.27220735
  0.0199999996  0.139999986  0.223852247  0.25834173
  0.0299999993  0.139999986  0.208058104  0.238970414
  0.0399999991  0.139999986  0.189951554  0.217405349
  0.049999997  0.139999986  0.17168881  0.196073547
  0.0599999949  0.139999986  0.154553026  0.176280692
  0.0699999928  0.139999986  0.139086857  0.158528298
  0.0799999908  0.139999986  0.125404119  0.142874077
  0.0899999887  0.139999986  0.113413744  0.129177317
  0.0999999866  0.139999986  0.102938995  0.117221236
  0.109999985  0.139999986  0.0937856883  0.1067755
  0.119999982  0.139999986  0.0857703984  0.0976294652
  0.12999998  0.139999986  0.0787298903  0.089595221
  0.139999986  0.139999986  0.0725222081  0.0825116336
  0.149999991  0.139999986  0.0670294166  0.0762431398
  0.159999996  0.139999986  0.0621500872  0.0706749335
  0.170000002  0.139999986  0.0578002408  0.0657119006
  0.180000007  0.139999986  0.0539064445  0.0612696633
  0.190000013  0.139999986  0.0504106022  0.0572816133
  0.200000018  0.139999986  0.0472611338  0.0536895767
  0.210000023  0.139999986  0.0444153324  0.0504445136
  0.220000029  0.139999986  0.0418362319  0.0475040749
  0.230000034  0.139999986  0.0394926667  0.0448329896
  0.240000039  0.139999986  0.0373580977  0.0424005091
  0.25000003  0.139999986  0.0354087651  0.0401797257
  0.26000002  0.139999986  0.0336251222  0.03814831
  0.270000011  0.139999986  0.0319898538  0.0362861566
  0.280000001  0.139999986  0.0304879751  0.0345764384
  0.289999992  0.139999986  0.0291061308  0.0330036804
  0.299999982  0.139999986  0.0278334655  0.0315552689
 0.0  0.149999991  0.221454859  0.254849076
  0.00999999978  0.149999991  0.217926651  0.250685811
  0.0199999996  0.149999991  0.208461851  0.239327475
  0.0299999993  0.149999991  0.194887474  0.223196313
  0.0399999991  0.149999991  0.179229975  0.204861119
  0.049999997  0.149999991  0.163217336  0.186311483
  0.0599999949  0.149999991  0.147942722  0.16873467
  0.0699999928  0.149999991  0.133937031  0.152679801
  0.0799999908  0.149999991  0.12137235  0.138306141
  0.0899999887  0.149999991  0.110228166  0.125570446
  0.0999999866  0.149999991  0.100393713  0.114338309
  0.109999985  0.149999991  0.091728732  0.104444019
  0.119999982  0.149999991  0.084088698  0.0957209989
  0.12999998  0.149999991  0.0773396343  0.0880157948
  0.139999986  0.149999991  0.0713628232  0.0811928362
  0.149999991  0.149999991  0.0660514683  0.0751299709
  0.159999996  0.149999991  0.0613181368  0.0697271824
  0.170000002  0.149999991  0.0570865497  0.0648983866
  0.180000007  0.149999991  0.0532906242  0.060567297
  0.190000013  0.149999991  0.0498753488  0.0566708446
  0.200000018  0.149999991  0.0467931703  0.0531554371
  0.210000023  0.149999991  0.044004038  0.0499749593
  0.220000029  0.149999991  0.0414728113  0.0470892675
  0.230000034  0.149999991  0.0391702615  0.0444648862
  0.240000039  0.149999991  0.0370707028  0.0420725346
  0.25000003  0.149999991  0.0351516269  0.0398863666
  0.26000002  0.149999991  0.0333942659  0.0378847383
  0.270000011  0.149999991  0.0317817666  0.0360487849
  0.280000001  0.149999991  0.0302998032  0.0343616866
  0.289999992  0.149999991  0.0289356932  0.0328091383
  0.299999982  0.149999991  0.0276783034  0.0313783213
 0.0  0.159999996  0.206258684  0.235664397
  0.00999999978  0.159999996  0.203285024  0.232230738
  0.0199999996  0.159999996  0.195047468  0.222771719
  0.0299999993  0.159999996  0.183184579  0.209143832
  0.0399999991  0.159999996  0.169466585  0.193399251
  0.049999997  0.159999996  0.155317023  0.177180573
  0.0599999949  0.159999996  0.141651019  0.161532447
  0.0699999928  0.159999996  0.128950119  0.147002041
  0.0799999908  0.159999996  0.11741031  0.133807585
  0.0899999887  0.159999996  0.107059218  0.121976756
  0.0999999866  0.159999996  0.0978368372  0.111438826
  0.109999985  0.159999996  0.0896455795  0.102079801
  0.119999982  0.159999996  0.0823731422  0.0937723666
  0.12999998  0.159999996  0.0759136304  0.0863948315
  0.139999986  0.159999996  0.0701652616  0.0798301622
  0.149999991  0.159999996  0.0650388598  0.0739768222
  0.159999996  0.159999996  0.0604538284  0.0687424242
  0.170000002  0.159999996  0.0563436411  0.0640507936
  0.180000007  0.159999996  0.0526476018  0.0598334558
  0.190000013  0.159999996  0.0493151471  0.0560315922
  0.200000018  0.159999996  0.0463026948  0.0525954776
  0.210000023  0.159999996  0.0435721353  0.0494818576
  0.220000029  0.159999996  0.0410908088  0.0466530882
  0.230000034  0.159999996  0.0388308391  0.0440773927
  0.240000039  0.159999996  0.0367676802  0.0417265445
  0.25000003  0.159999996  0.034880396  0.0395767689
  0.26000002  0.159999996  0.0331505686  0.0376064889
  0.270000011  0.159999996  0.0315620527  0.0357979462
  0.280000001  0.159999996  0.030100977  0.034134876
  0.289999992  0.159999996  0.028755255  0.0326033086
  0.299999982  0.159999996  0.0275140908  0.0311910827
 0.0  0.170000002  0.193023205  0.219117731
  0.00999999978  0.170000002  0.190469533  0.216235846
  0.0199999996  0.170000002  0.183171228  0.208223134
  0.0299999993  0.170000002  0.172646731  0.196549714
  0.0399999991  0.170000002  0.160507962  0.182907596
  0.049999997  0.170000002  0.147932559  0.16865097
  0.0599999949  0.170000002  0.135668397  0.15468125
  0.0699999928  0.170000002  0.12413428  0.141514167
  0.0799999908  0.170000002  0.113533624  0.129400581
  0.0899999887  0.170000002  0.103923187  0.118415542
  0.0999999866  0.170000002  0.0952822566  0.108537838
  0.109999985  0.170000002  0.08754576  0.0996942222
  0.119999982  0.170000002  0.0806341991  0.0917954668
  0.12999998  0.170000002  0.074459359  0.0847397074
  0.139999986  0.170000002  0.0689379126  0.0784322321
  0.149999991  0.170000002  0.0639954209  0.0727874488
  0.159999996  0.170000002  0.0595613085  0.0677246302
  0.170000002  0.170000002  0.0555736423  0.0631723255
  0.180000007  0.170000002  0.0519790538  0.0590703711
  0.190000013  0.170000002  0.0487320535  0.055365745
  0.200000018  0.170000002  0.0457909405  0.0520113111
  0.210000023  0.170000002  0.0431208014  0.0489667207
  0.220000029  0.170000002  0.0406912006  0.0461967476
  0.230000034  0.170000002  0.0384753533  0.0436714031
  0.240000039  0.170000002  0.0364501514  0.041364003
  0.25000003  0.170000002  0.0345958136  0.0392517224
  0.26000002  0.170000002  0.0328943282  0.0373142958
  0.270000011  0.170000002  0.0313309841  0.0355343372
  0.280000001  0.170000002  0.0298918076  0.0338961631
  0.289999992  0.170000002  0.0285653584  0.0323867463
  0.299999982  0.170000002  0.0273411982  0.0309938937
 0.0  0.180000007  0.181410879  0.20470275
  0.00999999978  0.180000007  0.179130569  0.202242404
  0.0199999996  0.180000007  0.172491789  0.195318848
  0.0299999993  0.180000007  0.163034856  0.185188442
  0.0399999991  0.180000007  0.152223736  0.173272818
  0.049999997  0.180000007  0.141008258  0.160682231
  0.0599999949  0.180000007  0.129978836  0.148176104
  0.0699999928  0.180000007  0.119496264  0.136230245
  0.0799999908  0.180000007  0.109753124  0.125101596
  0.0899999887  0.180000007  0.100832447  0.114902899
  0.0999999866  0.180000007  0.0927397981  0.105647072
  0.109999985  0.180000007  0.0854407549  0.097300142
  0.119999982  0.180000007  0.0788770169  0.0897951722
  0.12999998  0.180000007  0.0729821771  0.0830576569
  0.139999986  0.180000007  0.0676869452  0.0770062432
  0.149999991  0.180000007  0.0629273653  0.0715694427
  0.159999996  0.180000007  0.0586426929  0.0666765049
  0.170000002  0.180000007  0.0547793061  0.0622661784
  0.180000007  0.180000007  0.0512885042  0.0582819581
  0.190000013  0.180000007  0.0481277183  0.0546757951
  0.200000018  0.180000007  0.0452597924  0.0514046103
  0.210000023  0.180000007  0.0426515713  0.0484306514
  0.220000029  0.180000007  0.0402750336  0.0457215086
  0.230000034  0.180000007  0.0381047316  0.0432482027
  0.240000039  0.180000007  0.0361187682  0.0409856886
  0.25000003  0.180000007  0.0342984907  0.0389122032
  0.26000002  0.180000007  0.0326268561  0.0370089263
  0.270000011  0.180000007  0.0310891401  0.0352583416
  0.280000001  0.180000007  0.0296727251  0.0336463079
  0.289999992  0.180000007  0.0283663645  0.0321597457
  0.299999982  0.180000007  0.0271598306  0.0307871345
 0.0  0.190000013  0.171132565  0.192004815
  0.00999999978  0.190000013  0.168973833  0.189887255
  0.0199999996  0.190000013  0.162725061  0.183757722
  0.0299999993  0.190000013  0.154151678  0.174861699
  0.0399999991  0.190000013  0.144509628  0.164395794
  0.049999997  0.190000013  0.134497792  0.153233156
  0.0599999949  0.190000013  0.124569505  0.142007813
  0.0699999928  0.190000013  0.115033656  0.131150767
  0.0799999908  0.190000013  0.10607814  0.120921664
  0.0899999887  0.190000013  0.0977980644  0.111451387
  0.0999999866  0.190000013  0.0902224258  0.102783278
  0.109999985  0.190000013  0.0833393484  0.094908528
  0.119999982  0.190000013  0.0771116838  0.0877851248
  0.12999998  0.190000013  0.0714875385  0.081354253
  0.139999986  0.190000013  0.0664149746  0.0755558759
  0.149999991  0.190000013  0.0618368126  0.0703252628
  0.159999996  0.190000013  0.0577022545  0.0656025931
  0.170000002  0.190000013  0.0539636649  0.06133461
  0.180000007  0.190000013  0.0505770519  0.0574694611
  0.190000013  0.190000013  0.0475041755  0.0539637469
  0.200000018  0.190000013  0.044710435  0.0507772639
  0.210000023  0.190000013  0.0421658792  0.0478758812
  0.220000029  0.190000013  0.0398434773  0.045228608
  0.230000034  0.190000013  0.0377197638  0.0428086407
  0.240000039  0.190000013  0.0357742831  0.040592242
  0.25000003  0.190000013  0.033989016  0.0385591164
  0.26000002  0.190000013  0.0323478058  0.03669044
  0.270000011  0.190000013  0.0308372639  0.0349708647
  0.280000001  0.190000013  0.0294443928  0.0333857462
  0.289999992  0.190000013  0.0281586144  0.0319227837
  0.299999982  0.190000013  0.0269705057  0.0305712391
 0.0  0.200000018  0.161928073  0.180835962
  0.00999999978  0.200000018  0.159683883  0.178856209
  0.0199999996  0.200000018  0.153608322  0.173276901
  0.0299999993  0.200000018  0.145852804  0.1654118
  0.0399999991  0.200000018  0.137288973  0.156188697
  0.049999997  0.200000018  0.128365174  0.146264866
  0.0599999949  0.200000018  0.119429126  0.136165723
  0.0699999928  0.200000018  0.110750422  0.1262815
  0.0799999908  0.200000018  0.102513269  0.116867252
  0.0899999887  0.200000018  0.0948252231  0.108068854
  0.0999999866  0.200000018  0.0877346769  0.09995123
  0.109999985  0.200000018  0.0812470987  0.0925249457
  0.119999982  0.200000018  0.0753419921  0.0857669562
  0.12999998  0.200000018  0.0699832439  0.0796376392
  0.139999986  0.200000018  0.0651265904  0.0740858167
  0.149999991  0.200000018  0.0607281625  0.0690595061
  0.159999996  0.200000018  0.0567429252  0.0645083189
  0.170000002  0.200000018  0.0531290919  0.0603815913
  0.180000007  0.200000018  0.049847357  0.0566359535
  0.190000013  0.200000018  0.0468630902  0.0532314628
  0.200000018  0.200000018  0.0441445932  0.0501307696
  0.210000023  0.200000018  0.0416643694  0.0473030545
  0.220000029  0.200000018  0.0393973589  0.0447191261
  0.230000034  0.200000018  0.0373215005  0.0423539467
  0.240000039  0.200000018  0.035417363  0.0401848853
  0.25000003  0.200000018  0.0336680152  0.0381927937
  0.26000002  0.200000018  0.0320585854  0.036360275
  0.270000011  0.200000018  0.0305753089  0.0346719809
  0.280000001  0.200000018  0.0292069241  0.0331148021
  0.289999992  0.200000018  0.0279425867  0.0316763781
  0.299999982  0.200000018  0.0267734323  0.0303465296
 0.0  0.210000023  0.153790921  0.170813382
  0.00999999978  0.210000023  0.150813445  0.168839842
  0.0199999996  0.210000023  0.144903988  0.16364105
  0.0299999993  0.210000023  0.138034731  0.156705603
  0.0399999991  0.210000023  0.130510449  0.148580521
  0.049999997  0.210000023  0.122586913  0.139741927
  0.0599999949  0.210000023  0.114547506  0.130635276
  0.0699999928  0.210000023  0.106642976  0.121617213
  0.0799999908  0.210000023  0.0990618765  0.112942092
  0.0899999887  0.210000023  0.0919208452  0.104762085
  0.0999999866  0.210000023  0.0852835253  0.0971584022
  0.109999985  0.210000023  0.0791710615  0.0901578888
  0.119999982  0.210000023  0.0735751688  0.0837522075
  0.12999998  0.210000023  0.0684710518  0.0779126883
  0.139999986  0.210000023  0.0638266504  0.0726019666
  0.149999991  0.210000023  0.0596054792  0.0677777082
  0.159999996  0.210000023  0.0557679385  0.063394025
  0.170000002  0.210000023  0.0522783063  0.0594095737
  0.180000007  0.210000023  0.0491015315  0.0557838529
  0.190000013  0.210000023  0.0462065041  0.0524812639
  0.200000018  0.210000023  0.0435641594  0.0494676456
  0.210000023  0.210000023  0.041149132  0.0467146188
  0.220000029  0.210000023  0.038938079  0.0441946685
  0.230000034  0.210000023  0.0369107872  0.0418848172
  0.240000039  0.210000023  0.0350490212  0.0397643
  0.25000003  0.210000023  0.0333366431  0.0378144756
  0.26000002  0.210000023  0.0317592733  0.036018759
  0.270000011  0.210000023  0.0303044897  0.0343629159
  0.280000001  0.210000023  0.028960811  0.0328341499
  0.289999992  0.210000023  0.0277185645  0.0314209759
  0.299999982  0.210000023  0.0265689306  0.0301134344
 0.0  0.220000029  0.14588353  0.161986575
  0.00999999978  0.220000029  0.141668364  0.159413904
  0.0199999996  0.220000029  0.13647069  0.154661506
  0.0299999993  0.220000029  0.130656838  0.148649186
  0.0399999991  0.220000029  0.124153465  0.141517892
  0.049999997  0.220000029  0.117147766  0.133633524
  0.0599999949  0.220000029  0.109916374  0.1253995
  0.0699999928  0.220000029  0.102709599  0.117153756
  0.0799999908  0.220000029  0.0957251191  0.109146588
  0.0899999887  0.220000029  0.0890880153  0.101534918
  0.0999999866  0.220000029  0.0828745142  0.0944112614
  0.109999985  0.220000029  0.0771155432  0.0878122449
  0.119999982  0.220000029  0.0718143582  0.0817420259
  0.12999998  0.220000029  0.0669572204  0.0761839151
  0.139999986  0.220000029  0.0625201985  0.0711095333
  0.149999991  0.220000029  0.0584717169  0.066482313
  0.159999996  0.220000029  0.0547800027  0.0622650273
  0.170000002  0.220000029  0.0514134765  0.0584213473
  0.180000007  0.220000029  0.0483415425  0.054915674
  0.190000013  0.220000029  0.0455356799  0.0517146103
  0.200000018  0.220000029  0.0429701768  0.0487890467
  0.210000023  0.220000029  0.0406207442  0.0461110249
  0.220000029  0.220000029  0.0384669341  0.0436565131
  0.230000034  0.220000029  0.036488723  0.0414028913
  0.240000039  0.220000029  0.0346699432  0.0393314511
  0.25000003  0.220000029  0.0329951383  0.0374246091
  0.26000002  0.220000029  0.0314505622  0.035666544
  0.270000011  0.220000029  0.0300245062  0.0340437479
  0.280000001  0.220000029  0.0287066121  0.0325441547
  0.289999992  0.220000029  0.0274869893  0.0311569199
  0.299999982  0.220000029  0.0263574533  0.029872315
 0.0  0.230000034  0.13393712  0.153136626
  0.00999999978  0.230000034  0.131997645  0.150028363
  0.0199999996  0.230000034  0.128364205  0.146251768
  0.0299999993  0.230000034  0.123748556  0.141201183
  0.0399999991  0.230000034  0.118217878  0.134964034
  0.049999997  0.230000034  0.112041786  0.127914041
  0.0599999949  0.230000034  0.105530232  0.120445356
  0.0699999928  0.230000034  0.0989499241  0.112886302
  0.0799999908  0.230000034  0.0925043151  0.105480209
  0.0899999887  0.230000034  0.0863317177  0.098392345
  0.0999999866  0.230000034  0.080511719  0.09171471
  0.109999985  0.230000034  0.0750854909  0.0854937732
  0.119999982  0.230000034  0.070066005  0.0797435865
  0.12999998  0.230000034  0.0654465109  0.0744569153
  0.139999986  0.230000034  0.0612086989  0.0696112067
  0.149999991  0.230000034  0.0573294014  0.0651764944
  0.159999996  0.230000034  0.0537813008  0.0611234158
  0.170000002  0.230000034  0.0505370349  0.0574197695
  0.180000007  0.230000034  0.0475693345  0.0540329851
  0.190000013  0.230000034  0.0448530838  0.0509345494
  0.200000018  0.230000034  0.0423639119  0.0480964184
  0.210000023  0.230000034  0.0400809571  0.045494318
  0.220000029  0.230000034  0.0379842259  0.0431051441
  0.230000034  0.230000034  0.0360564739  0.0409093015
  0.240000039  0.230000034  0.0342809819  0.0388874412
  0.25000003  0.230000034  0.0326441862  0.0370240435
  0.26000002  0.230000034  0.0311331879  0.0353043415
  0.270000011  0.230000034  0.0297367405  0.0337152779
  0.280000001  0.230000034  0.028444849  0.0322456509
  0.289999992  0.230000034  0.0272483099  0.0308847241
  0.299999982  0.230000034  0.0261392668  0.0296236277
 0.0  0.240000039  0.1230084  0.14086929
  0.00999999978  0.240000039  0.122673646  0.140835121
  0.0199999996  0.240000039  0.120841779  0.138494179
  0.0299999993  0.240000039  0.117379367  0.134351581
  0.0399999991  0.240000039  0.112717196  0.128892824
  0.049999997  0.240000039  0.107263491  0.122558877
  0.0599999949  0.240000039  0.101383328  0.115757011
  0.0699999928  0.240000039  0.0953572467  0.10880366
  0.0799999908  0.240000039  0.0893999934  0.101942912
  0.0899999887  0.240000039  0.0836507604  0.0953324214
  0.0999999866  0.240000039  0.0781955048  0.0890682861
  0.109999985  0.240000039  0.0730834827  0.0832049251
  0.119999982  0.240000039  0.068330735  0.0777607709
  0.12999998  0.240000039  0.0639397353  0.0727347955
  0.139999986  0.240000039  0.059896294  0.0681092665
  0.149999991  0.240000039  0.0561822206  0.063864693
  0.159999996  0.240000039  0.0527751744  0.0599731505
  0.170000002  0.240000039  0.0496512763  0.0564069636
  0.180000007  0.240000039  0.0467870273  0.0531386323
  0.190000013  0.240000039  0.0441593677  0.0501417741
  0.200000018  0.240000039  0.0417473055  0.0473917872
  0.210000023  0.240000039  0.0395309553  0.0448658206
  0.220000029  0.240000039  0.0374920592  0.0425430574
  0.230000034  0.240000039  0.0356142074  0.0404043049
  0.240000039  0.240000039  0.0338830203  0.0384331569
  0.25000003  0.240000039  0.032284759  0.0366137959
  0.26000002  0.240000039  0.0308076479  0.034932863
  0.270000011  0.240000039  0.029441271  0.0333782472
  0.280000001  0.240000039  0.028175896  0.0319388881
  0.289999992  0.240000039  0.0270028654  0.0306049511
  0.299999982  0.240000039  0.0259147789  0.0293677002
 0.0  0.25000003  0.113364108  0.132288679
  0.00999999978  0.25000003  0.114751801  0.132979989
  0.0199999996  0.25000003  0.114201941  0.131548271
  0.0299999993  0.25000003  0.111623608  0.128106743
  0.0399999991  0.25000003  0.107657358  0.123277158
  0.049999997  0.25000003  0.102807291  0.117546879
  0.0599999949  0.25000003  0.0974652693  0.111315936
  0.0699999928  0.25000003  0.0919290334  0.104900904
  0.0799999908  0.25000003  0.0864086449  0.0985287428
  0.0899999887  0.25000003  0.0810457915  0.0923545882
  0.0999999866  0.25000003  0.0759305954  0.0864778906
  0.109999985  0.25000003  0.0711117983  0.0809497759
  0.119999982  0.25000003  0.0666146651  0.0757970139
  0.12999998  0.25000003  0.0624411032  0.0710195303
  0.139999986  0.25000003  0.0585852973  0.0666095167
  0.149999991  0.25000003  0.0550323203  0.0625492409
  0.159999996  0.25000003  0.0517632477  0.0588156618
  0.170000002  0.25000003  0.0487581342  0.055385761
  0.180000007  0.25000003  0.0459960997  0.0522344895
  0.190000013  0.25000003  0.043456953  0.0493387356
  0.200000018  0.25000003  0.0411213599  0.0466764495
  0.210000023  0.25000003  0.0389713794  0.0442266762
  0.220000029  0.25000003  0.0369905829  0.0419701152
  0.230000034  0.25000003  0.035163492  0.0398895591
  0.240000039  0.25000003  0.0334765911  0.0379691198
  0.25000003  0.25000003  0.0319174454  0.0361944661
  0.26000002  0.25000003  0.030474823  0.0345531106
  0.270000011  0.25000003  0.0291387793  0.033033289
  0.280000001  0.25000003  0.027900232  0.0316245891
  0.289999992  0.25000003  0.0267511457  0.0303179063
  0.299999982  0.25000003  0.0256843269  0.0291050747
 0.0  0.26000002  0.107908763  0.126875415
  0.00999999978  0.26000002  0.108794391  0.126750335
  0.0199999996  0.26000002  0.108580261  0.125461176
  0.0299999993  0.26000002  0.106500894  0.122442432
  0.0399999991  0.26000002  0.103029728  0.118086368
  0.049999997  0.26000002  0.0986555144  0.112847045
  0.0599999949  0.26000002  0.0937674195  0.107107215
  0.0699999928  0.26000002  0.0886563957  0.101164095
  0.0799999908  0.26000002  0.0835267752  0.0952327326
  0.0899999887  0.26000002  0.0785172954  0.0894610062
  0.0999999866  0.26000002  0.0737158805  0.0839423761
  0.109999985  0.26000002  0.0691739246  0.0787310824
  0.119999982  0.26000002  0.0649171099  0.0738527849
  0.12999998  0.26000002  0.0609531142  0.0693158135
  0.139999986  0.26000002  0.0572782904  0.0651138127
  0.149999991  0.26000002  0.0538816527  0.0612327456
  0.159999996  0.26000002  0.0507477559  0.0576539375
  0.170000002  0.26000002  0.0478595681  0.0543577634
  0.180000007  0.26000002  0.0451985858  0.0513225719
  0.190000013  0.26000002  0.0427471474  0.0485275239
  0.200000018  0.26000002  0.0404877253  0.0459523872
  0.210000023  0.26000002  0.0384041928  0.0435785353
  0.220000029  0.26000002  0.0364811979  0.0413885005
  0.230000034  0.26000002  0.0347049721  0.0393660441
  0.240000039  0.26000002  0.0330627076  0.0374966487
  0.25000003  0.26000002  0.0315428525  0.0357671045
  0.26000002  0.26000002  0.0301350765  0.0341654755
  0.270000011  0.26000002  0.0288295839  0.0326806158
  0.280000001  0.26000002  0.0276183262  0.0313031636
  0.289999992  0.26000002  0.0264935084  0.030024264
  0.299999982  0.26000002  0.025448367  0.0288361385
 0.0  0.270000011  0.104359627  0.121953726
  0.00999999978  0.270000011  0.104370587  0.121520296
  0.0199999996  0.270000011  0.103885174  0.120119736
  0.0299999993  0.270000011  0.10197302  0.117306553
  0.0399999991  0.270000011  0.0988058001  0.113280617
  0.049999997  0.270000011  0.0947869569  0.108431198
  0.0599999949  0.270000011  0.0902714133  0.103107803
  0.0699999928  0.270000011  0.0855287239  0.0975817293
  0.0799999908  0.270000011  0.0807477012  0.0920479447
  0.0899999887  0.270000011  0.0760608166  0.0866450146
  0.0999999866  0.270000011  0.0715515986  0.0814609677
  0.109999985  0.270000011  0.0672690421  0.0765475035
  0.119999982  0.270000011  0.0632413551  0.0719330832
  0.12999998  0.270000011  0.0594778433  0.0676260963
  0.139999986  0.270000011  0.0559774414  0.063624382
  0.149999991  0.270000011  0.0527328327  0.0599176995
  0.159999996  0.270000011  0.0497310236  0.0564906038
  0.170000002  0.270000011  0.0469572544  0.0533257686
  0.180000007  0.270000011  0.0443960167  0.0504047796
  0.190000013  0.270000011  0.0420312434  0.0477090664
  0.200000018  0.270000011  0.0398475602  0.0452208556
  0.210000023  0.270000011  0.0378300026  0.0429225899
  0.220000029  0.270000011  0.0359650813  0.0407990254
  0.230000034  0.270000011  0.034239538  0.0388345718
  0.240000039  0.270000011  0.0326421931  0.0370167121
  0.25000003  0.270000011  0.0311617777  0.0353322588
  0.26000002  0.270000011  0.0297886282  0.0337701589
  0.270000011  0.270000011  0.0285144243  0.032321129
  0.280000001  0.270000011  0.0273306482  0.0309751052
  0.289999992  0.270000011  0.0262303837  0.0297243074
  0.299999982  0.270000011  0.0252071321  0.0285612866
 0.0  0.280000001  0.10093461  0.117301963
  0.00999999978  0.280000001  0.100721471  0.116855368
  0.0199999996  0.280000001  0.0998920947  0.115351304
  0.0299999993  0.280000001  0.0979441479  0.112611972
  0.0399999991  0.280000001  0.0949337482  0.108807705
  0.049999997  0.280000001  0.0911707878  0.104267217
  0.0599999949  0.280000001  0.0869589299  0.0992981568
  0.0699999928  0.280000001  0.0825340077  0.094139941
  0.0799999908  0.280000001  0.0780667365  0.0889683217
  0.0899999887  0.280000001  0.0736750588  0.083905831
  0.0999999866  0.280000001  0.0694367811  0.0790340826
  0.109999985  0.280000001  0.0653990507  0.0744025558
  0.119999982  0.280000001  0.0615886524  0.0700384453
  0.12999998  0.280000001  0.0580168813  0.0659524724
  0.139999986  0.280000001  0.0546853729  0.062144421
  0.149999991  0.280000001  0.0515879244  0.058606945
  0.159999996  0.280000001  0.0487145856  0.0553273782
  0.170000002  0.280000001  0.0460529849  0.0522914082
  0.180000007  0.280000001  0.0435899012  0.0494829491
  0.190000013  0.280000001  0.0413107164  0.0468854643
  0.200000018  0.280000001  0.0392019674  0.0444829836
  0.210000023  0.280000001  0.037250109  0.0422601625
  0.220000029  0.280000001  0.0354426764  0.0402023681
  0.230000034  0.280000001  0.0337681398  0.0382964201
  0.240000039  0.280000001  0.0322154574  0.0365296118
  0.25000003  0.280000001  0.0307746194  0.0348906405
  0.26000002  0.280000001  0.0294368975  0.0333690532
  0.270000011  0.280000001  0.0281936899  0.0319553167
  0.280000001  0.280000001  0.02703771  0.0306411199
  0.289999992  0.280000001  0.0259621833  0.0294185933
  0.299999982  0.280000001  0.0249610189  0.0282808617
 0.0  0.289999992  0.0978134498  0.113071635
  0.00999999978  0.289999992  0.0974815637  0.112598017
  0.0199999996  0.289999992  0.0963761061  0.111005999
  0.0299999993  0.289999992  0.0943005532  0.108269729
  0.0399999991  0.289999992  0.0913487896  0.1046087
  0.049999997  0.289999992  0.0877688825  0.100316897
  0.0599999949  0.289999992  0.0838075578  0.0956548303
  0.0699999928  0.289999992  0.0796616524  0.0908277854
  0.0799999908  0.289999992  0.0754770935  0.0859870911
  0.0899999887  0.289999992  0.0713571683  0.0812409893
  0.0999999866  0.289999992  0.0673714653  0.0766620785
  0.109999985  0.289999992  0.0635640919  0.0722966492
  0.119999982  0.289999992  0.0599602312  0.0681709796
  0.12999998  0.289999992  0.0565721504  0.0642965734
  0.139999986  0.289999992  0.0534030646  0.0606755838
  0.149999991  0.289999992  0.0504481532  0.0573019572
  0.159999996  0.289999992  0.0477004535  0.0541668274
  0.170000002  0.289999992  0.045148693  0.0512567386
  0.180000007  0.289999992  0.0427817553  0.0485587977
  0.190000013  0.289999992  0.0405867547  0.046057906
  0.200000018  0.289999992  0.038552314  0.0437405035
  0.210000023  0.289999992  0.0366653912  0.041592218
  0.220000029  0.289999992  0.0349155515  0.0396003611
  0.230000034  0.289999992  0.0332915969  0.0377524383
  0.240000039  0.289999992  0.0317836292  0.0360368453
  0.25000003  0.289999992  0.0303824507  0.0344430767
  0.26000002  0.289999992  0.0290798191  0.0329618193
  0.270000011  0.289999992  0.0278679803  0.0315839611
  0.280000001  0.289999992  0.0267398749  0.030301597
  0.289999992  0.289999992  0.0256892927  0.0291076284
  0.299999982  0.289999992  0.0247103982  0.0279952958
 0.0  0.299999982  0.0948977247  0.109160148
  0.00999999978  0.299999982  0.0945047885  0.108666591
  0.0199999996  0.299999982  0.0931655094  0.106967978
  0.0299999993  0.299999982  0.0909293219  0.104192048
  0.0399999991  0.299999982  0.0879848301  0.100630067
  0.049999997  0.299999982  0.0845427513  0.0965465158
  0.0599999949  0.299999982  0.0807946473  0.0921576023
  0.0699999928  0.299999982  0.0768976808  0.0876322091
  0.0799999908  0.299999982  0.0729710013  0.0830972269
  0.0899999887  0.299999982  0.0691030696  0.0786461383
  0.0999999866  0.299999982  0.0653540492  0.0743429363
  0.109999985  0.299999982  0.0617641918  0.0702298954
  0.119999982  0.299999982  0.0583575517  0.0663320869
  0.12999998  0.299999982  0.055145517  0.0626607165
  0.139999986  0.299999982  0.0521323271  0.0592196621
  0.149999991  0.299999982  0.0493159667  0.056005381
  0.159999996  0.299999982  0.0466898978  0.0530102663
  0.170000002  0.299999982  0.0442452319  0.0502232686
  0.180000007  0.299999982  0.0419727229  0.047633715
  0.190000013  0.299999982  0.0398611575  0.0452282839
  0.200000018  0.299999982  0.037899442  0.0429946296
  0.210000023  0.299999982  0.0360772274  0.0409203358
  0.220000029  0.299999982  0.0343842134  0.0389936678
  0.230000034  0.299999982  0.03281058  0.0372032262
  0.240000039  0.299999982  0.0313471854  0.0355387554
  0.25000003  0.299999982  0.0299855042  0.0339903422
  0.26000002  0.299999982  0.0287182219  0.0325493962
  0.270000011  0.299999982  0.0275377482  0.0312074684
  0.280000001  0.299999982  0.0264376961  0.029957192
  0.289999992  0.299999982  0.0254121795  0.0287918523
  0.299999982  0.299999982  0.0244556293  0.0277051087
