 90 299 00 00 30  -4.751   0.949   1.143   5.055
 90 299 00 01 30  -3.797   3.153   0.145   4.950
 90 299 00 02 30  -4.721   1.609  -0.510   5.031
 90 299 00 03 30  -4.633   1.782  -0.428   4.997
 90 299 00 04 30  -4.080   1.590  -2.217   4.983
 90 299 00 05 30  -3.762   1.522  -2.643   4.970
 90 299 00 06 30  -4.580   0.222   1.753   4.992
 90 299 00 07 30  -4.694   0.439   1.698   5.024
 90 299 00 08 30  -4.731   1.151   0.990   5.002
 90 299 00 09 30  -4.580   1.691  -0.091   4.992
 90 299 00 10 30  -3.733   1.891   2.539   4.968
 90 299 00 11 30  -1.475  -0.697   4.432   5.082
 90 299 00 12 30  -2.625   1.229   4.042   5.030
 90 299 00 13 30  -2.949   1.893   3.543   5.003
 90 299 00 14 30  -3.307   1.704   3.329   5.035
 90 299 00 15 30  -3.550   0.965   3.502   5.114
 90 299 00 16 30  -2.972   1.956   3.502   5.035
 90 299 00 17 30  -3.996   0.741   2.802   5.046
 90 299 00 18 30  -4.350   0.929   2.455   5.095
 90 299 00 19 30  -4.319   0.830   2.499   5.077
 90 299 00 20 30  -4.414   0.677   2.247   5.030
 90 299 00 21 30  -4.555   0.304   2.039   5.034
 90 299 00 22 30  -4.570   0.720   1.866   5.003
 90 299 00 23 30  -4.634  -1.369   1.103   4.999
 90 299 00 24 30  -4.146   2.374   0.725   4.989
 90 299 00 25 30  -3.495   3.449   0.214   5.008
 90 299 00 26 30  -3.022   3.859  -0.154   4.948
 90 299 00 27 30  -2.925   4.041   0.277   5.013
 90 299 00 28 30  -3.013   4.055   0.219   5.066
 90 299 00 29 30  -2.815   4.068   0.557   4.987
 90 299 00 30 30  -2.225   4.141   1.114   4.859
 90 299 00 31 30  -1.484   4.476   0.980   4.837
 90 299 00 32 30  -0.869   4.084  -0.886   4.751
 90 299 00 33 30  -1.656   3.229   2.157   4.686
 90 299 00 34 30  -3.129   2.934   1.376   4.778
 90 299 00 35 30  -3.998   2.397   0.986   4.821
 90 299 00 36 30  -3.835   2.070   1.625   4.892
 90 299 00 37 30  -4.276   1.418   1.229   4.954
 90 299 00 38 30  -4.355   1.388   1.419   4.891
 90 299 00 39 30  -4.444   1.403   1.565   4.946
 90 299 00 40 30  -4.343   1.409   1.793   4.926
 90 299 00 41 30  -3.536   2.606   1.701   4.833
 90 299 00 42 30  -2.157  -3.765  -1.683   4.895
 90 299 00 43 30  -1.934  -4.004  -2.315   5.034
 90 299 00 44 30  -1.615  -4.068  -2.610   5.125
 90 299 00 45 30  -1.859  -3.083  -2.930   4.850
 90 299 00 46 30  -1.881  -3.329  -2.311   4.825
 90 299 00 47 30  -3.226  -1.545  -2.242   4.652
 90 299 00 48 30  -4.103  -0.116   1.631   4.776
 90 299 00 49 30  -4.279   0.163   2.658   5.065
 90 299 00 50 30  -4.562  -0.011   2.272   5.109
 90 299 00 51 30  -4.492   0.150   2.441   5.126
 90 299 00 52 30  -4.217   0.716   2.756   5.135
 90 299 00 53 30  -3.504   1.880   3.036   5.048
 90 299 00 54 30  -2.617   3.033   2.882   4.993
 90 299 00 55 30  -2.593   2.942   2.982   4.979
 90 299 00 56 30  -1.576   3.840   2.347   4.952
 90 299 00 57 30  -1.728   3.977   2.261   4.973
 90 299 00 58 30  -2.581   2.982   3.160   5.107
 90 299 00 59 30  -2.285   3.363   2.967   5.044
 90 299 01 00 30  -2.648   3.323   2.683   5.077
 90 299 01 01 30  -2.833   2.228   3.628   5.193
 90 299 01 02 30  -2.114   1.708   4.299   5.147
 90 299 01 03 30  -2.295   1.898   3.985   5.099
 90 299 01 04 30  -1.915   3.399   3.201   5.078
 90 299 01 05 30  -1.841   3.703   2.887   5.060
 90 299 01 06 30  -1.740   3.432   3.224   5.047
 90 299 01 07 30  -1.879   3.016   3.519   5.016
 90 299 01 08 30  -1.451   2.960   3.721   4.985
 90 299 01 09 30  -1.328   3.406   3.325   4.959
 90 299 01 10 30  -1.322   3.393   3.375   4.983
 90 299 01 11 30  -1.014   3.931   2.709   4.951
 90 299 01 12 30   0.337   4.057   2.650   4.946
 90 299 01 13 30   0.290   3.495   3.501   4.987
 90 299 01 14 30  -0.244   3.332   3.686   4.995
 90 299 01 15 30  -0.639   3.145   3.722   5.025
 90 299 01 16 30  -1.100   3.025   3.875   5.055
 90 299 01 17 30  -0.606   3.049   3.923   5.029
 90 299 01 18 30  -0.129   2.152   4.491   5.097
 90 299 01 19 30  -1.320   2.640   4.024   5.013
 90 299 01 20 30  -1.097   2.614   4.077   5.031
 90 299 01 21 30  -0.877   2.630   4.130   5.038
 90 299 01 22 30  -0.804   2.826   4.067   5.044
 90 299 01 23 30  -0.644   2.730   4.168   5.066
 90 299 01 24 30  -1.302   3.083   3.745   5.033
 90 299 01 25 30  -0.900   2.768   4.126   5.083
 90 299 01 26 30  -1.471   3.143   3.632   5.040
 90 299 01 27 30  -1.540   3.281   3.463   5.027
 90 299 01 28 30  -1.293   3.419   3.343   4.974
 90 299 01 29 30  -1.131   3.514   3.314   4.982
 90 299 01 30 30  -0.501   3.299   3.576   4.995
 90 299 01 31 30  -0.903   3.463   3.450   4.992
 90 299 01 32 30  -1.010   3.551   3.319   4.982
 90 299 01 33 30  -0.745   3.535   3.381   4.998
 90 299 01 34 30  -1.234   3.834   2.892   4.993
 90 299 01 35 30  -0.744   3.932   2.822   4.961
 90 299 01 36 30  -1.032   3.857   2.869   4.985
 90 299 01 37 30  -0.849   4.140   2.575   4.959
 90 299 01 38 30  -0.421   4.044   2.530   4.893
 90 299 01 39 30  -0.362   4.222   2.128   4.806
 90 299 01 40 30  -1.596   3.614   2.403   4.830
 90 299 01 41 30  -3.892   0.525   2.197   4.934
 90 299 01 42 30  -4.398   0.556   2.442   5.084
 90 299 01 43 30  -4.233   0.276   2.741   5.077
 90 299 01 44 30  -3.996   0.619   2.975   5.045
 90 299 01 45 30  -3.575   2.411   2.257   4.989
 90 299 01 46 30  -2.929   3.464   1.630   4.870
 90 299 01 47 30  -2.585   3.607   1.808   4.848
 90 299 01 48 30  -2.711   3.423   2.088   4.852
 90 299 01 49 30  -3.380   2.391   2.325   4.906
 90 299 01 50 30  -3.767   2.075   2.460   4.971
 90 299 01 51 30  -3.571   2.551   2.102   4.903
 90 299 01 52 30  -3.686   2.717   1.589   4.877
 90 299 01 53 30  -3.786   1.770   2.004   4.850
 90 299 01 54 30  -4.051   1.601   1.952   4.829
 90 299 01 55 30  -4.181   1.589   1.612   4.851
 90 299 01 56 30  -4.255   1.612   1.572   4.861
 90 299 01 57 30  -3.674   2.356   1.989   4.829
 90 299 01 58 30  -3.260   2.597   2.076   4.783
 90 299 01 59 30  -3.255   2.574   2.087   4.765
 90 299 02 00 30  -3.816   1.992   2.021   4.839
 90 299 02 01 30  -2.381   3.446   2.208   4.764
 90 299 02 02 30  -1.620   3.838   2.306   4.772
 90 299 02 03 30  -1.891   3.750   2.304   4.797
 90 299 02 04 30  -2.094   3.590   2.277   4.770
 90 299 02 05 30  -3.824   2.628   1.087   4.780
 90 299 02 06 30  -4.221   2.091   0.671   4.808
 90 299 02 07 30  -3.497   1.766   2.789   4.916
 90 299 02 08 30  -2.986   2.267   3.105   4.885
 90 299 02 09 30  -3.180   2.487   2.690   4.856
 90 299 02 10 30  -2.900   2.741   2.692   4.828
 90 299 02 11 30  -3.390   2.573   2.169   4.818
 90 299 02 12 30  -3.585   2.631   1.836   4.833
 90 299 02 13 30  -3.769   2.726   1.435   4.879
 90 299 02 14 30  -3.862   2.607   1.318   4.889
 90 299 02 15 30  -3.217   2.177   2.919   4.888
 90 299 02 16 30  -3.416   2.502   2.435   4.900
 90 299 02 17 30  -3.201   2.493   2.721   4.902
 90 299 02 18 30  -3.591   2.770   1.743   4.891
 90 299 02 19 30  -3.792   2.706   1.375   4.894
 90 299 02 20 30  -3.925   2.567   1.250   4.894
 90 299 02 21 30  -4.055   2.706   0.089   4.892
 90 299 02 22 30  -4.116   2.647  -0.127   4.903
 90 299 02 23 30  -3.937   2.839  -0.054   4.878
 90 299 02 24 30  -3.783   2.959   0.025   4.864
 90 299 02 25 30  -3.909   2.741   0.929   4.873
 90 299 02 26 30  -4.021   2.700   0.633   4.905
 90 299 02 27 30  -3.769   2.846  -1.149   4.891
 90 299 02 28 30  -3.685   2.888  -1.398   4.903
 90 299 02 29 30  -3.312   3.039  -1.805   4.878
 90 299 02 30 30  -2.505   2.838  -3.077   4.891
 90 299 02 31 30  -2.872   2.976  -2.587   4.885
 90 299 02 32 30  -2.718   3.167  -2.482   4.868
 90 299 02 33 30  -2.415   3.120  -2.824   4.872
 90 299 02 34 30  -2.678   2.940  -2.787   4.871
 90 299 02 35 30  -2.967   2.947  -2.252   4.922
 90 299 02 36 30  -3.294   3.196  -1.878   4.979
 90 299 02 37 30  -3.030   2.802  -2.639   4.915
 90 299 02 38 30  -3.326   2.517  -2.306   4.867
 90 299 02 39 30  -3.412   3.413  -0.517   4.869
 90 299 02 40 30  -3.414   3.400  -0.782   4.896
 90 299 02 41 30  -3.185   3.596  -0.697   4.878
 90 299 02 42 30  -2.868   3.837  -0.270   4.813
 90 299 02 43 30  -3.490   3.202   0.733   4.850
 90 299 02 44 30  -3.743   2.704  -1.180   4.930
 90 299 02 45 30  -2.756   2.737  -1.187   4.856
 90 299 02 46 30  -2.474   4.033  -0.024   4.769
 90 299 02 47 30  -2.335   4.132   0.560   4.787
 90 299 02 48 30  -2.150   4.120   0.975   4.765
 90 299 02 49 30  -1.608   4.272   1.199   4.754
 90 299 02 50 30  -2.538   3.045   0.352   4.847
 90 299 02 51 30  -4.515   1.947   0.237   4.972
 90 299 02 52 30  -3.294   3.103   1.634   4.838
 90 299 02 53 30  -2.612   3.603   1.547   4.765
 90 299 02 54 30  -2.461   2.616   3.188   4.847
 90 299 02 55 30  -2.527   2.460   3.201   4.838
 90 299 02 56 30  -1.670   3.202   3.000   4.763
 90 299 02 57 30  -2.093   2.587   3.318   4.748
 90 299 02 58 30  -2.541   3.216   2.064   4.759
 90 299 02 59 30  -2.844   3.628   0.838   4.711
 90 299 03 00 30  -3.496   3.135   0.524   4.795
 90 299 03 01 30  -3.520   3.093   0.428   4.762
 90 299 03 02 30  -2.385   3.924   0.991   4.740
 90 299 03 03 30  -3.265   3.361   0.048   4.732
 90 299 03 04 30  -3.190   3.174   0.141   4.663
 90 299 03 05 30  -1.853   0.699  -3.201   4.619
 90 299 03 06 30  -1.730  -0.149  -4.537   4.868
 90 299 03 07 30  -1.721   0.150  -4.535   4.878
 90 299 03 08 30  -1.994   2.929  -2.372   4.560
 90 299 03 09 30  -2.510   2.223  -2.865   4.630
 90 299 03 10 30  -1.913   3.892   1.673   4.720
 90 299 03 11 30  -2.296   4.031   0.305   4.668
 90 299 03 12 30  -2.166   2.124  -2.176   4.691
 90 299 03 13 30  -2.516   3.242  -1.915   4.649
 90 299 03 14 30  -2.109   3.655  -1.483   4.500
 90 299 03 15 30  -2.244   4.020  -0.816   4.721
 90 299 03 16 30  -1.162   4.566   0.153   4.733
 90 299 03 17 30  -2.059   4.228  -0.390   4.830
 90 299 03 18 30  -3.107   3.580  -0.781   4.853
 90 299 03 19 30  -3.514   3.227  -0.724   4.869
 90 299 03 20 30  -3.420   3.246  -1.021   4.862
 90 299 03 21 30  -4.106   2.137  -1.565   4.928
 90 299 03 22 30  -4.356   2.008  -0.976   4.933
 90 299 03 23 30  -4.039   2.571  -0.917   4.901
 90 299 03 24 30  -3.383   3.214  -1.069   4.816
 90 299 03 25 30  -3.351   3.097  -1.303   4.818
 90 299 03 26 30  -1.318   2.735  -2.921   4.685
 90 299 03 27 30  -0.581   2.990  -3.487   4.650
 90 299 03 28 30  -0.022   2.634  -3.767   4.620
 90 299 03 29 30  -0.097   2.695  -3.689   4.600
 90 299 03 30 30  -3.596   2.058   1.205   4.564
 90 299 03 31 30  -3.665   0.823   2.619   4.593
 90 299 03 32 30  -3.669   1.152   2.475   4.643
 90 299 03 33 30  -3.192   0.861   2.982   4.620
 90 299 03 34 30  -2.657   0.313   3.611   4.650
 90 299 03 35 30  -1.700  -0.096   4.445   4.782
 90 299 03 36 30  -2.107   0.376   4.229   4.770
 90 299 03 37 30  -2.636   0.297   3.953   4.789
 90 299 03 38 30  -3.006   0.960   3.491   4.720
 90 299 03 39 30  -3.097   1.720   3.001   4.664
 90 299 03 40 30  -3.224   0.315   3.392   4.731
 90 299 03 41 30  -3.625  -0.130   3.177   4.844
 90 299 03 42 30  -3.499   0.023   2.983   4.606
 90 299 03 43 30  -3.477   0.321   3.102   4.685
 90 299 03 44 30  -2.831  -2.666   1.448   4.253
 90 299 03 45 30  -3.683  -0.243   2.524   4.502
 90 299 03 46 30  -3.777  -0.242   2.539   4.673
 90 299 03 47 30  -3.727  -1.968   1.260   4.458
 90 299 03 48 30  -4.098  -1.073   2.049   4.733
 90 299 03 49 30  -4.130  -0.140   2.123   4.654
 90 299 03 50 30  -4.165   0.102   1.700   4.506
 90 299 03 51 30  -3.976   0.571   1.563   4.315
 90 299 03 52 30  -3.993   0.665   2.131   4.603
 90 299 03 53 30  -3.979  -0.045   1.816   4.407
 90 299 03 54 30  -4.133  -0.238   2.086   4.677
 90 299 03 55 30  -4.488  -0.178   1.819   4.858
 90 299 03 56 30  -4.562  -0.054   1.891   4.944
 90 299 03 57 30  -4.615  -0.289   1.643   4.911
 90 299 03 58 30  -4.649   0.275   1.598   4.948
 90 299 03 59 30  -4.496   0.259   2.049   4.958
 90 299 04 00 30  -4.230   1.110   1.855   4.795
 90 299 04 01 30  -3.817   1.531   1.827   4.690
 90 299 04 02 30  -3.144   3.003   1.766   4.699
 90 299 04 03 30  -3.269   2.981   1.733   4.768
 90 299 04 04 30  -3.377   2.770   1.503   4.640
 90 299 04 05 30  -3.293   3.015   1.453   4.700
 90 299 04 06 30  -2.784   3.365   1.388   4.600
 90 299 04 07 30  -2.646   3.574   1.471   4.690
 90 299 04 08 30  -2.146   3.803   1.409   4.597
 90 299 04 09 30  -2.454   3.650   1.191   4.570
 90 299 04 10 30  -3.366   3.095   0.861   4.657
 90 299 04 11 30  -3.359   3.152   0.826   4.682
 90 299 04 12 30  -3.265   3.174   0.892   4.647
 90 299 04 13 30  -3.501   2.999   0.583   4.667
 90 299 04 14 30  -4.280   1.429  -1.060   4.848
 90 299 04 15 30  -4.503   0.817  -1.801   4.924
 90 299 04 16 30  -4.347   0.818  -1.566   4.703
 90 299 04 17 30  -4.497   0.730  -1.518   4.813
 90 299 04 18 30  -4.126   0.767  -2.007   4.779
 90 299 04 19 30  -3.539   0.757  -3.004   4.709
 90 299 04 20 30  -4.079   0.718  -2.010   4.676
 90 299 04 21 30  -4.453   0.841  -1.257   4.713
 90 299 04 22 30  -4.465   0.614  -1.430   4.742
 90 299 04 23 30  -3.951   0.077  -2.259   4.589
 90 299 04 24 30  -3.769   0.132  -2.236   4.397
 90 299 04 25 30  -3.986   0.172  -2.139   4.598
 90 299 04 26 30  -4.280   0.364  -1.748   4.658
 90 299 04 27 30  -4.223  -0.519  -1.390   4.589
 90 299 04 28 30  -4.053  -2.008  -1.033   4.705
 90 299 04 29 30  -3.200   1.010  -3.013   4.700
 90 299 04 30 30  -3.912   1.058  -2.113   4.648
 90 299 04 31 30  -4.380   1.379  -0.878   4.695
 90 299 04 32 30  -4.652   0.548  -0.664   4.749
 90 299 04 33 30  -4.496  -1.008  -0.877   4.708
 90 299 04 34 30  -4.428  -0.487  -1.328   4.690
 90 299 04 35 30  -4.567  -0.573  -0.677   4.669
 90 299 04 36 30  -4.652  -0.076  -0.202   4.663
 90 299 04 37 30  -4.637  -0.455  -0.588   4.710
 90 299 04 38 30  -4.518  -0.863  -0.945   4.706
 90 299 04 39 30  -4.331   1.224  -1.468   4.855
 90 299 04 40 30  -4.543   1.300  -1.221   4.898
 90 299 04 41 30  -4.608   1.081  -1.365   4.935
 90 299 04 42 30  -4.568   0.936  -1.542   4.922
 90 299 04 43 30  -4.252   1.313  -1.789   4.837
 90 299 04 44 30  -4.304   1.454  -1.414   4.870
 90 299 04 45 30  -4.280   1.704  -1.420   4.826
 90 299 04 46 30  -4.343   1.530  -1.602   4.888
 90 299 04 47 30  -4.360   1.427  -1.619   4.877
 90 299 04 48 30  -4.581   1.416  -1.002   4.913
 90 299 04 49 30  -4.441   1.445  -1.208   4.833
 90 299 04 50 30  -4.509   0.665  -1.829   4.925
 90 299 04 51 30  -4.272   0.219  -2.437   4.944
 90 299 04 52 30  -4.428  -0.494  -2.288   5.020
 90 299 04 53 30  -4.429  -0.532  -1.901   4.857
 90 299 04 54 30  -4.408  -0.238  -2.156   4.928
 90 299 04 55 30  -4.419  -0.088  -2.225   4.957
 90 299 04 56 30  -4.233  -0.593  -2.452   4.941
 90 299 04 57 30  -4.076  -0.656  -2.582   4.875
 90 299 04 58 30  -4.200  -0.674  -2.686   5.037
 90 299 04 59 30  -4.398  -0.585  -2.370   5.038
 90 299 05 00 30  -4.421  -0.418  -2.201   4.968
 90 299 05 01 30  -4.304  -0.985  -2.296   4.982
 90 299 05 02 30  -4.486  -1.415  -1.706   5.017
 90 299 05 03 30  -3.677  -0.133  -3.211   4.951
 90 299 05 04 30  -3.868  -0.372  -3.003   4.932
 90 299 05 05 30  -3.973  -0.751  -2.665   4.881
 90 299 05 06 30  -3.966  -0.605  -2.852   4.947
 90 299 05 07 30  -3.933  -1.066  -2.776   4.971
 90 299 05 08 30  -4.492  -0.168  -1.950   4.948
 90 299 05 09 30  -4.436  -0.401  -2.123   4.969
 90 299 05 10 30  -4.300   0.212  -2.045   4.898
 90 299 05 11 30  -4.481  -0.718  -2.026   4.992
 90 299 05 12 30  -4.303  -1.405  -2.145   5.016
 90 299 05 13 30  -4.199  -1.720  -1.910   4.958
 90 299 05 14 30  -4.562  -0.928  -1.806   5.008
 90 299 05 15 30  -4.519  -1.115  -1.895   5.036
 90 299 05 16 30  -4.545  -1.146  -1.873   5.056
 90 299 05 17 30  -4.580  -0.781  -1.869   5.015
 90 299 05 18 30  -4.528  -0.657  -1.868   4.979
 90 299 05 19 30  -4.749  -0.594  -1.424   5.007
 90 299 05 20 30  -4.931   0.020  -0.455   4.990
 90 299 05 21 30  -4.785  -0.046  -1.127   4.951
 90 299 05 22 30  -4.741  -0.193  -0.818   4.921
 90 299 05 23 30  -4.723  -0.322   0.146   4.881
 90 299 05 24 30  -4.714  -0.477  -1.305   4.931
 90 299 05 25 30  -4.700  -0.138  -0.955   4.912
 90 299 05 26 30  -4.778   0.075  -1.250   4.946
 90 299 05 27 30  -4.869   0.088  -0.738   4.942
 90 299 05 28 30  -4.907   0.191  -0.636   4.954
 90 299 05 29 30  -4.964   0.396  -0.345   4.993
 90 299 05 30 30  -4.996  -0.109  -0.268   5.011
 90 299 05 31 30  -4.898   0.049  -0.354   4.929
 90 299 05 32 30  -4.869   0.305  -0.910   4.972
 90 299 05 33 30  -4.999   0.073  -0.154   5.014
 90 299 05 34 30  -4.802   0.242  -1.199   4.975
 90 299 05 35 30  -4.798   0.171  -1.002   4.968
 90 299 05 36 30  -4.802   0.437  -1.116   4.960
 90 299 05 37 30  -4.780   0.696  -1.248   4.998
 90 299 05 38 30  -4.834   0.424  -1.340   5.040
 90 299 05 39 30  -4.805   0.324  -1.386   5.039
 90 299 05 40 30  -4.605  -0.167  -2.052   5.048
 90 299 05 41 30  -4.663  -0.206  -1.914   5.048
 90 299 05 42 30  -4.535  -0.271  -2.026   4.985
 90 299 05 43 30  -4.227  -0.433  -2.336   4.882
 90 299 05 44 30  -4.101  -0.853  -2.543   4.921
 90 299 05 45 30  -4.244  -1.168  -2.021   4.901
 90 299 05 46 30  -4.311   0.260  -1.577   4.791
 90 299 05 47 30  -3.943   1.925  -1.241   4.718
 90 299 05 48 30  -3.933   1.409  -1.844   4.662
 90 299 05 49 30  -4.146   0.769  -2.055   4.753
 90 299 05 50 30  -4.404   0.297  -1.768   4.793
 90 299 05 51 30  -4.345  -0.098  -1.989   4.816
 90 299 05 52 30  -4.501  -0.205  -1.840   4.874
 90 299 05 53 30  -4.435  -0.414  -2.053   4.912
 90 299 05 54 30  -4.353  -0.758  -2.054   4.887
 90 299 05 55 30  -4.485  -1.209  -0.873   4.852
 90 299 05 56 30  -3.982  -1.200  -0.870   4.772
 90 299 05 57 30  -4.449   0.193  -2.010   4.932
 90 299 05 58 30  -4.337  -0.023  -2.278   4.905
 90 299 05 59 30  -4.515  -0.122  -1.848   4.887
 90 299 06 00 30  -4.693  -0.373  -1.412   4.924
 90 299 06 01 30  -4.746  -0.569  -1.076   4.907
 90 299 06 02 30  -4.668  -0.501  -1.204   4.851
 90 299 06 03 30  -4.634  -0.513  -1.316   4.849
 90 299 06 04 30  -4.691  -0.430  -1.348   4.901
 90 299 06 05 30  -4.635  -0.666  -1.437   4.902
 90 299 06 06 30  -4.616  -0.567  -1.390   4.858
 90 299 06 07 30  -4.568  -0.505  -1.392   4.811
 90 299 06 08 30  -4.551  -0.392  -1.632   4.853
 90 299 06 09 30  -4.523  -0.231  -1.679   4.832
 90 299 06 10 30  -4.598  -0.238  -1.545   4.860
 90 299 06 11 30  -4.749  -0.375  -1.250   4.944
 90 299 06 12 30  -4.470  -0.749  -2.024   4.990
 90 299 06 13 30  -4.558  -0.331  -1.891   4.974
 90 299 06 14 30  -4.677  -0.394  -1.682   4.991
 90 299 06 15 30  -4.629  -0.827  -1.721   5.023
 90 299 06 16 30  -4.604  -0.816  -1.751   5.003
 90 299 06 17 30  -4.342  -1.061  -2.202   5.005
 90 299 06 18 30  -3.466  -2.076  -2.866   4.975
 90 299 06 19 30  -3.770  -1.778  -2.692   4.992
 90 299 06 20 30  -3.062  -2.311  -3.121   4.957
 90 299 06 21 30  -3.427  -1.980  -2.958   4.962
 90 299 06 22 30  -3.926  -1.659  -2.550   5.000
 90 299 06 23 30  -4.256  -1.530  -2.120   5.028
 90 299 06 24 30  -3.632  -2.090  -2.674   4.986
 90 299 06 25 30  -3.900  -2.060  -2.427   5.041
 90 299 06 26 30  -3.604  -2.376  -2.472   4.992
 90 299 06 27 30  -3.582  -2.599  -2.378   5.032
 90 299 06 28 30  -3.618  -2.566  -2.342   5.026
 90 299 06 29 30  -3.493  -2.548  -2.466   4.989
 90 299 06 30 30  -3.642  -2.476  -2.317   4.993
 90 299 06 31 30  -3.024  -2.797  -2.628   4.975
 90 299 06 32 30  -2.529  -2.980  -3.050   4.991
 90 299 06 33 30  -3.408  -2.231  -2.862   5.002
 90 299 06 34 30  -3.661  -2.212  -2.555   5.008
 90 299 06 35 30  -3.789  -2.361  -2.153   4.984
 90 299 06 36 30  -4.054  -2.392  -1.422   4.963
 90 299 06 37 30  -3.811  -1.890  -2.492   4.948
 90 299 06 38 30  -3.728  -2.089  -2.433   4.948
 90 299 06 39 30  -3.950  -2.304  -1.808   4.946
 90 299 06 40 30  -4.054  -2.553  -0.961   4.920
 90 299 06 41 30  -4.036  -2.768  -0.235   4.922
 90 299 06 42 30  -3.841  -2.379  -1.920   4.933
 90 299 06 43 30  -3.235  -2.855  -2.205   4.883
 90 299 06 44 30  -3.824  -2.517  -1.652   4.891
 90 299 06 45 30  -3.613  -3.155  -0.912   4.913
 90 299 06 46 30  -3.715  -2.929   0.301   4.872
 90 299 06 47 30  -3.560  -3.080  -1.463   4.946
 90 299 06 48 30  -3.573  -2.701  -1.988   4.929
 90 299 06 49 30  -3.387  -2.554  -2.540   4.947
 90 299 06 50 30  -3.424  -2.581  -2.486   4.962
 90 299 06 51 30  -3.153  -2.955  -2.422   4.965
 90 299 06 52 30  -3.532  -2.614  -2.310   4.968
 90 299 06 53 30  -3.456  -2.712  -2.290   4.958
 90 299 06 54 30  -3.362  -2.968  -1.997   4.918
 90 299 06 55 30  -3.420  -3.099  -1.721   4.937
 90 299 06 56 30  -3.408  -3.134  -1.722   4.942
 90 299 06 57 30  -3.123  -3.214  -2.058   4.934
 90 299 06 58 30  -2.928  -3.353  -2.052   4.906
 90 299 06 59 30  -3.003  -3.381  -1.814   4.882
 90 299 07 00 30  -3.183  -3.006  -1.941   4.893
 90 299 07 01 30  -3.347  -2.962  -1.951   4.884
 90 299 07 02 30  -3.251  -3.166  -1.705   4.856
 90 299 07 03 30  -3.397  -2.894  -1.894   4.853
 90 299 07 04 30  -3.362  -2.875  -2.032   4.874
 90 299 07 05 30  -3.423  -2.499  -2.401   4.884
 90 299 07 06 30  -3.572  -2.835  -1.523   4.827
 90 299 07 07 30  -3.584  -2.631  -1.839   4.838
 90 299 07 08 30  -3.655  -2.810  -1.339   4.835
 90 299 07 09 30  -3.569  -2.971  -1.175   4.812
 90 299 07 10 30  -3.463  -2.725  -1.746   4.820
 90 299 07 11 30  -3.414  -2.776  -1.913   4.858
 90 299 07 12 30  -3.290  -3.230  -1.316   4.810
 90 299 07 13 30  -3.339  -3.155  -1.479   4.844
 90 299 07 14 30  -3.527  -2.293  -2.321   4.839
 90 299 07 15 30  -3.483  -2.391  -2.324   4.843
 90 299 07 16 30  -3.785  -2.209  -1.833   4.810
 90 299 07 17 30  -4.203  -0.362  -2.106   4.770
 90 299 07 18 30  -4.213  -0.881  -2.118   4.804
 90 299 07 19 30  -4.064   0.121  -2.353   4.758
 90 299 07 20 30  -4.181  -0.360  -2.243   4.784
 90 299 07 21 30  -4.097  -1.534  -2.035   4.832
 90 299 07 22 30  -4.036  -1.829  -1.877   4.823
 90 299 07 23 30  -3.926  -1.895  -1.963   4.794
 90 299 07 24 30  -4.114  -1.691  -1.735   4.787
 90 299 07 25 30  -4.091  -1.623  -1.763   4.765
 90 299 07 26 30  -4.015  -0.484  -1.769   4.636
 90 299 07 27 30  -4.194  -0.474  -1.619   4.557
 90 299 07 28 30  -4.228  -0.055  -1.467   4.494
 90 299 07 29 30  -4.010  -0.047  -1.912   4.493
 90 299 07 30 30  -4.105  -0.761  -1.776   4.543
 90 299 07 31 30  -4.173  -0.614  -1.769   4.578
 90 299 07 32 30  -4.349  -0.613  -1.195   4.562
 90 299 07 33 30  -4.370  -0.752  -0.873   4.539
 90 299 07 34 30  -4.425  -0.447  -0.756   4.519
 90 299 07 35 30  -4.349  -0.372  -1.045   4.500
 90 299 07 36 30  -4.323  -0.219  -1.095   4.471
 90 299 07 37 30  -4.243  -0.307  -1.089   4.398
 90 299 07 38 30  -4.201  -0.125  -1.012   4.344
 90 299 07 39 30  -4.195   0.031  -0.981   4.323
 90 299 07 40 30  -4.198   0.178  -0.622   4.268
 90 299 07 41 30  -3.713   1.016  -0.854   4.111
 90 299 07 42 30  -3.430   1.506  -0.899   3.957
 90 299 07 43 30  -3.559   1.269  -1.149   3.957
 90 299 07 44 30  -3.620   1.606   0.113   4.070
 90 299 07 45 30  -3.777   0.938  -0.084   4.079
 90 299 07 46 30  -2.995  -2.024  -1.425   4.018
 90 299 07 47 30  -0.774  -3.459  -1.198   3.979
 90 299 07 48 30   1.243  -3.909  -0.498   4.189
 90 299 07 49 30   0.110  -3.556  -0.475   3.805
 90 299 07 50 30  -0.964   1.706   2.176   3.380
 90 299 07 51 30  -0.274   2.770   1.409   3.419
 90 299 07 52 30  -1.272   2.979   0.984   3.399
 90 299 07 53 30  -1.254   3.150   1.400   3.698
 90 299 07 54 30  -1.211   3.316   1.331   3.803
 90 299 07 55 30  -2.274   3.345   0.653   4.104
 90 299 07 56 30  -1.972   3.119   0.873   3.796
 90 299 07 57 30  -1.943   3.254   0.575   3.848
 90 299 07 58 30  -1.860   3.215  -0.119   3.730
 90 299 07 59 30  -1.675   3.431  -0.215   3.841
 90 299 08 00 30  -1.791   3.310  -0.172   3.773
 90 299 08 01 30  -1.337   3.283   0.048   3.553
 90 299 08 02 30  -1.131   3.349   0.116   3.540
 90 299 08 03 30  -1.533   2.981  -0.093   3.388
 90 299 08 04 30  -2.107   3.060  -0.687   3.789
 90 299 08 05 30  -2.107   2.849  -0.171   3.741
 90 299 08 06 30  -1.602   3.435  -0.013   3.957
 90 299 08 07 30  -1.273   3.317   0.946   3.741
 90 299 08 08 30  -1.223   3.815   1.142   4.201
 90 299 08 09 30  -1.529   3.863   0.649   4.207
 90 299 08 10 30  -1.321   3.730   0.495   4.006
 90 299 08 11 30  -1.217   3.982   0.769   4.249
 90 299 08 12 30  -1.206   4.016   0.827   4.279
 90 299 08 13 30  -1.145   4.090   0.738   4.361
 90 299 08 14 30  -0.566   4.304   0.334   4.359
 90 299 08 15 30  -1.090   4.155   0.470   4.375
 90 299 08 16 30  -1.272   4.159   0.249   4.382
 90 299 08 17 30  -1.355   4.180  -0.037   4.406
 90 299 08 18 30  -1.143   4.222   0.103   4.393
 90 299 08 19 30  -1.262   4.143   0.442   4.410
 90 299 08 20 30  -1.345   4.159   0.541   4.415
 90 299 08 21 30  -1.745   4.040   0.556   4.460
 90 299 08 22 30  -1.751   4.065   0.297   4.448
 90 299 08 23 30  -1.982   3.979   0.296   4.468
 90 299 08 24 30  -1.835   4.048  -0.019   4.452
 90 299 08 25 30  -1.583   4.129   0.094   4.430
 90 299 08 26 30  -1.082   4.190   0.803   4.432
 90 299 08 27 30  -0.794   4.263   0.739   4.434
 90 299 08 28 30  -1.126   4.253  -0.193   4.416
 90 299 08 29 30  -1.108   4.275   0.332   4.454
 90 299 08 30 30  -0.630   4.377   0.009   4.429
 90 299 08 31 30  -0.921   4.311   0.292   4.444
 90 299 08 32 30  -1.250   4.297   0.290   4.518
 90 299 08 33 30  -1.347   4.041   1.496   4.541
 90 299 08 34 30  -1.437   3.943   1.602   4.534
 90 299 08 35 30  -0.548   4.373   0.542   4.449
 90 299 08 36 30  -0.300   4.404   0.432   4.438
 90 299 08 37 30  -0.210   4.374   0.483   4.417
 90 299 08 38 30  -0.795   3.907   0.597   4.460
 90 299 08 39 30  -2.926   2.901   1.861   4.537
 90 299 08 40 30  -2.756   2.958   1.996   4.527
 90 299 08 41 30  -1.698   3.793   1.587   4.480
 90 299 08 42 30  -2.199   3.678   1.341   4.512
 90 299 08 43 30  -3.147   2.865   1.622   4.573
 90 299 08 44 30  -2.350   3.468   1.511   4.475
 90 299 08 45 30  -3.462   2.433   1.738   4.588
 90 299 08 46 30  -3.112   2.988   1.440   4.585
 90 299 08 47 30  -2.587   3.353   1.635   4.554
 90 299 08 48 30  -2.618   3.159   2.056   4.598
 90 299 08 49 30  -3.395   2.488   1.725   4.646
 90 299 08 50 30  -3.962   2.039   1.493   4.715
 90 299 08 51 30  -4.057   1.950   1.448   4.736
 90 299 08 52 30  -4.069   1.930   1.425   4.735
 90 299 08 53 30  -4.443   1.283   1.129   4.766
 90 299 08 54 30  -4.304   1.361   1.314   4.708
 90 299 08 55 30  -4.397   1.106   1.254   4.709
 90 299 08 56 30  -4.457   0.820   1.208   4.695
 90 299 08 57 30  -4.177   1.512   1.349   4.651
 90 299 08 58 30  -4.038   1.707   1.436   4.629
 90 299 08 59 30  -4.227   0.858   0.831   4.575
 90 299 09 00 30  -4.389   0.327   0.512   4.515
 90 299 09 01 30  -4.289  -1.347  -0.048   4.504
 90 299 09 02 30  -4.121  -1.069  -1.215   4.500
 90 299 09 03 30  -3.898  -1.732  -1.430   4.564
 90 299 09 04 30  -3.436  -2.334  -1.574   4.521
 90 299 09 05 30  -3.533  -2.131  -1.209   4.442
 90 299 09 06 30  -3.734  -1.912  -1.248   4.399
 90 299 09 07 30  -3.710  -1.561  -1.871   4.487
 90 299 09 08 30  -3.435  -2.010  -2.064   4.507
 90 299 09 09 30  -3.213  -2.343  -1.940   4.511
 90 299 09 10 30  -3.548  -1.718  -1.407   4.514
 90 299 09 11 30  -3.934  -1.868  -1.406   4.604
 90 299 09 12 30  -3.829  -1.895  -1.417   4.614
 90 299 09 13 30  -3.751  -1.808  -1.932   4.640
 90 299 09 14 30  -4.266  -0.512  -1.707   4.644
 90 299 09 15 30  -4.347  -0.327  -1.673   4.677
 90 299 09 16 30  -4.191  -0.045  -2.002   4.652
 90 299 09 17 30  -3.995  -0.098  -2.444   4.690
 90 299 09 18 30  -3.612   0.333  -2.681   4.568
 90 299 09 19 30  -3.323   1.594   2.320   4.382
 90 299 09 20 30  -3.013   2.069   2.184   4.330
 90 299 09 21 30  -3.402   2.199   1.688   4.399
 90 299 09 22 30  -3.607   2.242   1.219   4.445
 90 299 09 23 30  -4.126   1.760   0.344   4.520
 90 299 09 24 30  -3.837   2.164   0.678   4.508
 90 299 09 25 30  -3.441   2.536   1.156   4.446
 90 299 09 26 30  -3.690   2.315   0.498   4.446
 90 299 09 27 30  -3.486   2.508   0.922   4.444
 90 299 09 28 30  -3.013   3.118   0.866   4.441
 90 299 09 29 30  -2.535   3.384   1.246   4.445
 90 299 09 30 30  -2.656   3.477   0.836   4.481
 90 299 09 31 30  -2.882   3.382   0.219   4.467
 90 299 09 32 30  -2.927   3.311  -0.157   4.452
 90 299 09 33 30  -2.389   3.714  -0.183   4.446
 90 299 09 34 30  -1.622   4.181  -0.168   4.497
 90 299 09 35 30  -1.463   4.185   0.324   4.472
 90 299 09 36 30  -2.087   3.928   0.485   4.512
 90 299 09 37 30  -2.888   3.518   0.095   4.566
 90 299 09 38 30  -3.098   3.203  -0.104   4.496
 90 299 09 39 30  -3.856   2.060  -1.357   4.619
 90 299 09 40 30  -3.873   1.929  -1.555   4.640
 90 299 09 41 30  -3.576   2.606  -1.423   4.700
 90 299 09 42 30  -3.539   2.473  -1.778   4.684
 90 299 09 43 30  -3.311   2.580  -1.827   4.602
 90 299 09 44 30  -3.495   2.592  -1.423   4.599
 90 299 09 45 30  -3.173   2.465  -2.250   4.627
 90 299 09 46 30  -2.762   2.328  -2.668   4.499
 90 299 09 47 30  -2.671   2.741  -2.362   4.504
 90 299 09 48 30  -2.627   3.089  -1.775   4.493
 90 299 09 49 30  -2.378   3.735   0.187   4.448
 90 299 09 50 30  -2.332   3.619   0.170   4.330
 90 299 09 51 30  -2.322   3.561   0.169   4.269
 90 299 09 52 30  -1.338   3.975   0.969   4.364
 90 299 09 53 30  -1.487   4.084   0.527   4.410
 90 299 09 54 30  -1.860   3.917   0.652   4.403
 90 299 09 55 30  -2.485   3.624  -0.269   4.477
 90 299 09 56 30  -2.642   3.603   0.199   4.501
 90 299 09 57 30  -2.516   3.689  -0.243   4.501
 90 299 09 58 30  -2.000   3.898   0.301   4.442
 90 299 09 59 30  -1.563   4.121   0.262   4.459
 90 299 10 00 30  -1.942   4.008   0.173   4.500
 90 299 10 01 30  -3.008   3.223  -0.862   4.525
 90 299 10 02 30  -2.817   3.524   0.044   4.540
 90 299 10 03 30  -2.209   3.866  -0.186   4.489
 90 299 10 04 30  -1.862   4.042   0.007   4.469
 90 299 10 05 30  -1.326   4.190  -0.347   4.447
 90 299 10 06 30  -1.388   4.190  -0.668   4.483
 90 299 10 07 30  -0.928   4.367   0.316   4.501
 90 299 10 08 30  -0.924   4.234   0.437   4.490
 90 299 10 09 30  -2.031   3.624  -0.469   4.500
 90 299 10 10 30  -3.357   2.447  -1.870   4.611
 90 299 10 11 30  -2.950   3.031  -1.661   4.561
 90 299 10 12 30  -2.481   3.242  -1.814   4.484
 90 299 10 13 30  -2.312   2.925  -2.443   4.481
 90 299 10 14 30  -2.428   2.732  -2.610   4.539
 90 299 10 15 30  -2.325   3.463  -1.823   4.568
 90 299 10 16 30  -2.254   3.627  -1.412   4.526
 90 299 10 17 30  -2.303   2.851  -2.453   4.493
 90 299 10 18 30  -2.559   3.383  -0.781   4.533
 90 299 10 19 30  -2.578   3.437  -1.272   4.525
 90 299 10 20 30  -2.419   2.713  -2.717   4.563
 90 299 10 21 30  -2.758   2.354  -2.558   4.566
 90 299 10 22 30  -1.953   3.033  -2.668   4.514
 90 299 10 23 30  -2.215   2.263  -3.098   4.537
 90 299 10 24 30  -2.073   1.750  -3.499   4.556
 90 299 10 25 30  -2.882   3.237  -0.818   4.454
 90 299 10 26 30  -2.317   3.368  -1.487   4.491
 90 299 10 27 30  -1.840   3.289  -2.454   4.511
 90 299 10 28 30  -2.167   3.149  -2.306   4.540
 90 299 10 29 30  -2.731   2.775  -2.331   4.549
 90 299 10 30 30  -2.492   2.984  -2.247   4.520
 90 299 10 31 30  -1.737   2.857  -3.002   4.511
 90 299 10 32 30  -2.368   2.593  -2.771   4.540
 90 299 10 33 30  -2.403   2.620  -2.218   4.522
 90 299 10 34 30  -3.429   2.887  -0.777   4.564
 90 299 10 35 30  -3.538   2.586  -1.360   4.602
 90 299 10 36 30  -3.187   2.759  -1.692   4.554
 90 299 10 37 30  -3.828   2.012  -1.514   4.595
 90 299 10 38 30  -2.714   2.924  -1.777   4.530
 90 299 10 39 30  -2.797   2.996  -1.803   4.510
 90 299 10 40 30  -2.433   3.287  -1.776   4.488
 90 299 10 41 30  -2.440   2.818  -2.320   4.501
 90 299 10 42 30  -2.369   0.791  -3.830   4.641
 90 299 10 43 30  -1.976   0.269  -4.189   4.694
 90 299 10 44 30  -2.240   0.275  -4.094   4.685
 90 299 10 45 30  -2.067  -0.230  -4.166   4.661
 90 299 10 46 30  -1.863  -0.339  -4.258   4.668
 90 299 10 47 30  -2.366  -0.429  -3.923   4.632
 90 299 10 48 30  -2.570  -0.736  -3.670   4.608
 90 299 10 49 30  -2.406  -0.594  -3.848   4.606
 90 299 10 50 30  -2.300  -1.532  -3.668   4.611
 90 299 10 51 30  -2.328  -1.840  -3.510   4.627
 90 299 10 52 30  -2.427  -1.196  -3.670   4.605
 90 299 10 53 30  -2.047  -1.548  -3.486   4.568
 90 299 10 54 30  -1.767   0.102  -4.059   4.483
 90 299 10 55 30  -2.021   1.047  -3.638   4.347
 90 299 10 56 30  -2.033   1.365  -3.312   4.380
 90 299 10 57 30  -1.911   1.656  -3.395   4.368
 90 299 10 58 30  -2.120  -0.170  -3.735   4.398
 90 299 10 59 30  -1.545   0.013  -3.950   4.349
 90 299 11 00 30  -2.494   1.175  -2.903   4.295
 90 299 11 01 30  -2.398   1.975  -2.776   4.236
 90 299 11 02 30  -2.146   2.925  -2.198   4.249
 90 299 11 03 30  -1.254   1.269  -3.550   4.294
 90 299 11 04 30  -1.940   1.777  -3.038   4.258
 90 299 11 05 30  -1.191   1.575  -3.261   4.266
 90 299 11 06 30  -0.502   2.397  -3.389   4.227
 90 299 11 07 30  -0.217   2.382  -3.483   4.248
 90 299 11 08 30  -0.888   2.357  -3.403   4.250
 90 299 11 09 30  -1.774   1.295  -3.309   4.270
 90 299 11 10 30  -1.981   0.770  -3.496   4.359
 90 299 11 11 30  -1.835   3.514  -1.567   4.280
 90 299 11 12 30  -1.559   3.623  -1.584   4.275
 90 299 11 13 30  -1.686   3.766  -1.133   4.292
 90 299 11 14 30  -1.760   3.747  -1.126   4.307
 90 299 11 15 30  -1.963   3.606  -1.143   4.290
 90 299 11 16 30  -1.873   3.336  -1.856   4.280
 90 299 11 17 30  -1.844   3.177  -2.162   4.280
 90 299 11 18 30  -1.463   3.269  -2.150   4.200
 90 299 11 19 30  -1.802   3.059  -2.157   4.193
 90 299 11 20 30  -2.287   2.685  -2.315   4.246
 90 299 11 21 30  -2.611   2.704  -1.924   4.251
 90 299 11 22 30  -2.904   2.047  -2.356   4.298
 90 299 11 23 30  -2.818   1.301  -2.974   4.330
 90 299 11 24 30  -2.794   0.492  -3.242   4.378
 90 299 11 25 30  -2.903   0.481  -3.133   4.364
 90 299 11 26 30  -1.256  -0.544  -4.100   4.389
 90 299 11 27 30  -1.589  -0.977  -3.854   4.353
 90 299 11 28 30  -0.267  -0.879  -4.042   4.318
 90 299 11 29 30  -2.171  -0.154  -3.625   4.261
 90 299 11 30 30  -2.961   0.116  -2.976   4.250
 90 299 11 31 30  -3.459   0.369  -2.388   4.240
 90 299 11 32 30  -2.693   0.265  -3.208   4.239
 90 299 11 33 30  -3.081   0.062  -2.850   4.253
 90 299 11 34 30  -3.544   0.814  -2.055   4.218
 90 299 11 35 30  -3.602   1.275  -1.675   4.237
 90 299 11 36 30  -2.249   0.134  -3.499   4.203
 90 299 11 37 30  -1.698  -0.271  -3.445   4.210
 90 299 11 38 30  -2.121   0.533  -3.157   4.023
 90 299 11 39 30  -1.042   3.069   1.509   3.999
 90 299 11 40 30  -0.813   3.299   2.121   4.080
 90 299 11 41 30  -0.469   3.227   2.335   4.064
 90 299 11 42 30  -0.875   3.527   1.730   4.041
 90 299 11 43 30  -0.907   3.676   1.239   4.041
 90 299 11 44 30  -1.566   3.579   1.133   4.090
 90 299 11 45 30  -1.487   3.432   1.596   4.086
 90 299 11 46 30  -1.252   3.679   0.956   4.065
 90 299 11 47 30  -0.852   3.674   1.303   4.032
 90 299 11 48 30  -1.276   2.885   2.563   4.115
 90 299 11 49 30  -1.255   3.574   1.255   4.049
 90 299 11 50 30  -1.026   3.604   0.383   4.029
 90 299 11 51 30  -1.618   3.491   1.473   4.244
 90 299 11 52 30  -1.831   3.541   1.438   4.257
 90 299 11 53 30  -2.411   3.277   1.444   4.326
 90 299 11 54 30  -2.782   2.749   1.971   4.397
 90 299 11 55 30  -2.843   2.730   1.909   4.396
 90 299 11 56 30  -2.405   3.257   1.513   4.346
 90 299 11 57 30  -1.834   3.604   1.260   4.269
 90 299 11 58 30  -2.202   3.417   1.325   4.313
 90 299 11 59 30  -2.357   3.411   1.027   4.296
 90 299 12 00 30  -2.042   3.618   0.857   4.282
 90 299 12 01 30  -2.463   3.294   1.511   4.403
 90 299 12 02 30  -2.309   3.523   1.067   4.364
 90 299 12 03 30  -2.447   3.489   1.100   4.409
 90 299 12 04 30  -2.424   3.460   1.164   4.389
 90 299 12 05 30  -2.591   3.424   0.839   4.384
 90 299 12 06 30  -2.460   3.525   1.024   4.422
 90 299 12 07 30  -2.268   3.574   1.239   4.419
 90 299 12 08 30  -2.138   3.547   1.461   4.409
 90 299 12 09 30  -2.367   3.406   1.140   4.387
 90 299 12 10 30   0.193   3.235   2.492   4.272
 90 299 12 11 30   0.535   3.286   2.799   4.364
 90 299 12 12 30   0.758   3.011   3.108   4.409
 90 299 12 13 30   0.525   3.191   3.037   4.442
 90 299 12 14 30  -1.287   3.520   1.199   4.439
 90 299 12 15 30  -2.524   3.556  -0.486   4.409
 90 299 12 16 30  -2.314   3.664  -0.421   4.400
 90 299 12 17 30  -1.601   3.909   0.694   4.347
 90 299 12 18 30  -2.133   3.810  -0.040   4.390
 90 299 12 19 30  -2.187   3.715  -0.182   4.378
 90 299 12 20 30  -2.033   3.839  -0.023   4.368
 90 299 12 21 30  -1.829   3.806   0.656   4.359
 90 299 12 22 30  -1.491   4.029   0.554   4.358
 90 299 12 23 30  -1.705   4.032   0.394   4.405
 90 299 12 24 30  -0.526   4.200   1.013   4.372
 90 299 12 25 30  -1.558   3.998   0.887   4.409
 90 299 12 26 30  -1.976   3.832   0.908   4.413
 90 299 12 27 30  -1.982   3.849   0.918   4.435
 90 299 12 28 30  -1.467   3.480   2.122   4.446
 90 299 12 29 30  -1.732   3.444   2.112   4.456
 90 299 12 30 30  -1.768   3.607   1.902   4.457
 90 299 12 31 30  -1.756   3.587   1.964   4.471
 90 299 12 32 30  -1.689   3.455   2.283   4.485
 90 299 12 33 30  -1.889   3.698   1.664   4.479
 90 299 12 34 30  -1.991   3.494   1.264   4.262
 90 299 12 35 30  -1.675   2.475  -2.380   4.204
 90 299 12 36 30  -1.314   0.892  -3.997   4.350
 90 299 12 37 30  -1.021  -0.706  -4.177   4.402
 90 299 12 38 30  -0.935  -1.657  -3.958   4.422
 90 299 12 39 30   0.179  -2.699  -3.520   4.493
 90 299 12 40 30  -0.284  -2.215  -3.775   4.456
 90 299 12 41 30  -0.621  -2.294  -3.738   4.456
 90 299 12 42 30  -0.902  -1.503  -4.055   4.506
 90 299 12 43 30   0.136  -2.737  -3.648   4.599
 90 299 12 44 30   0.392  -2.989  -3.412   4.568
 90 299 12 45 30  -0.170  -1.609  -3.664   4.417
 90 299 12 46 30  -1.456   0.446  -4.028   4.359
 90 299 12 47 30  -1.983   0.653  -3.827   4.426
 90 299 12 48 30  -1.900   1.576  -3.471   4.406
 90 299 12 49 30  -0.856   2.942  -2.930   4.260
 90 299 12 50 30  -0.873   3.061  -2.824   4.270
 90 299 12 51 30  -0.871   3.289  -2.499   4.233
 90 299 12 52 30  -0.755   3.453  -2.291   4.230
 90 299 12 53 30  -1.797   3.265  -1.900   4.247
 90 299 12 54 30  -3.285   2.717  -0.298   4.318
 90 299 12 55 30  -3.169   2.855  -0.220   4.289
 90 299 12 56 30  -3.561   2.424   0.438   4.360
 90 299 12 57 30  -3.512   2.437   0.671   4.344
 90 299 12 58 30  -3.001   2.906   0.676   4.274
 90 299 12 59 30  -2.600   2.845  -0.914   4.242
 90 299 13 00 30  -3.168   2.640  -0.909   4.278
 90 299 13 01 30  -3.030   2.931   0.778   4.299
 90 299 13 02 30  -3.210   2.631   0.071   4.298
 90 299 13 03 30  -3.425   2.443  -0.294   4.288
 90 299 13 04 30  -3.397   2.569   0.058   4.278
 90 299 13 05 30  -3.553   2.334  -0.302   4.276
 90 299 13 06 30  -3.805   1.724  -1.009   4.317
 90 299 13 07 30  -3.919   1.635  -0.464   4.306
 90 299 13 08 30  -3.943   1.416  -0.460   4.306
 90 299 13 09 30  -3.368   2.213   1.127   4.249
 90 299 13 10 30  -3.617   2.023   0.694   4.231
 90 299 13 11 30  -3.244   1.973   1.847   4.245
 90 299 13 12 30  -3.176   2.308  -0.137   4.215
 90 299 13 13 30  -2.596   1.926   2.699   4.224
 90 299 13 14 30  -2.711   2.357   2.068   4.199
 90 299 13 15 30  -2.648   2.573   1.957   4.184
 90 299 13 16 30  -2.758   2.774   1.251   4.175
 90 299 13 17 30  -2.580   2.723   1.801   4.180
 90 299 13 18 30  -2.925   2.292   1.875   4.198
 90 299 13 19 30  -3.347   2.015   1.380   4.178
 90 299 13 20 30  -3.374   1.757   1.688   4.189
 90 299 13 21 30  -3.670   1.702   1.174   4.230
 90 299 13 22 30  -3.392   2.007   1.365   4.193
 90 299 13 23 30  -3.010   2.110   1.780   4.186
 90 299 13 24 30  -2.541   2.386   2.268   4.201
 90 299 13 25 30  -1.514   3.560   0.497   4.065
 90 299 13 26 30  -3.542   1.036  -1.560   4.198
 90 299 13 27 30  -2.286   2.995   0.752   4.001
 90 299 13 28 30  -1.857   3.409   0.470   3.941
 90 299 13 29 30  -2.640   2.799  -0.771   3.988
 90 299 13 30 30  -3.132   1.217  -1.353   4.137
 90 299 13 31 30  -2.457   2.532  -0.828   3.997
 90 299 13 32 30  -3.392   1.511  -1.492   4.141
 90 299 13 33 30  -3.518   1.416  -0.593   4.115
 90 299 13 34 30  -3.416   1.049   1.805   4.096
 90 299 13 35 30  -3.277   2.149  -0.022   4.061
 90 299 13 36 30  -2.092   2.727  -1.952   4.073
 90 299 13 37 30  -1.586   2.683  -2.475   4.101
 90 299 13 38 30  -3.693   0.139  -1.739   4.210
 90 299 13 39 30  -3.740  -1.478  -1.195   4.277
 90 299 13 40 30  -3.166  -2.863  -0.637   4.377
 90 299 13 41 30  -2.723  -3.270  -0.446   4.340
 90 299 13 42 30  -3.606  -1.696  -1.426   4.344
 90 299 13 43 30  -3.937  -0.853  -1.688   4.388
 90 299 13 44 30  -4.030  -0.627  -1.486   4.355
 90 299 13 45 30  -3.647  -0.953  -1.893   4.333
 90 299 13 46 30  -2.331  -0.460  -3.519   4.290
 90 299 13 47 30  -0.113   0.255  -4.111   4.233
 90 299 13 48 30   0.749  -0.304  -3.949   4.216
 90 299 13 49 30   2.190  -0.742  -3.496   4.246
 90 299 13 50 30   1.842  -1.129  -3.810   4.394
 90 299 13 51 30   1.367  -1.389  -3.969   4.448
 90 299 13 52 30   0.785  -1.782  -3.915   4.386
 90 299 13 53 30   0.130  -1.606  -4.057   4.375
 90 299 13 54 30  -0.455  -1.383  -4.249   4.506
 90 299 13 55 30  -0.534  -1.198  -4.113   4.405
 90 299 13 56 30  -1.825  -1.298  -3.487   4.354
 90 299 13 57 30  -3.284  -0.924  -2.616   4.322
 90 299 13 58 30  -2.989  -0.704  -2.959   4.289
 90 299 13 59 30  -2.739  -0.754  -3.214   4.306
 90 299 14 00 30  -2.758  -0.656  -3.219   4.324
 90 299 14 01 30  -3.389  -0.603  -2.534   4.329
 90 299 14 02 30  -3.944  -0.866  -0.534   4.349
 90 299 14 03 30  -4.219  -0.653  -0.466   4.363
 90 299 14 04 30  -3.982  -1.336  -1.251   4.412
 90 299 14 05 30  -3.660  -1.257  -1.776   4.369
 90 299 14 06 30  -3.947  -1.240  -1.432   4.426
 90 299 14 07 30  -3.719  -1.407  -2.046   4.512
 90 299 14 08 30  -3.485  -1.553  -2.426   4.594
 90 299 14 09 30  -3.125  -0.470  -3.463   4.731
 90 299 14 10 30  -2.944  -0.472  -3.594   4.722
 90 299 14 11 30  -2.924  -0.157  -3.782   4.818
 90 299 14 12 30  -2.866   0.608  -3.837   4.867
 90 299 14 13 30  -2.512   0.668  -5.459   6.112
 90 299 14 14 30  -2.539   0.071  -5.983   6.518
 90 299 14 15 30  -1.976   0.468  -6.276   6.628
 90 299 14 16 30  -1.856   0.285  -6.413   6.713
 90 299 14 17 30  -1.452   0.543  -6.713   6.899
 90 299 14 18 30  -1.782  -0.365  -6.466   6.768
 90 299 14 19 30  -1.645  -0.127  -6.477   6.784
 90 299 14 20 30  -2.913  -0.683  -6.304   7.012
 90 299 14 21 30  -4.315  -2.122  -5.096   7.037
 90 299 14 22 30  -4.401  -2.709  -4.703   7.005
 90 299 14 23 30  -4.815  -3.730  -3.903   7.245
 90 299 14 24 30  -4.935  -3.763  -3.366   7.069
 90 299 14 25 30  -5.172  -3.790  -2.933   7.128
 90 299 14 26 30  -4.773  -3.764  -3.708   7.147
 90 299 14 27 30  -4.531  -3.246  -4.313   7.074
 90 299 14 28 30  -4.731  -3.948  -3.196   6.965
 90 299 14 29 30  -4.670  -3.957  -3.565   7.110
 90 299 14 30 30  -4.099  -2.414  -5.216   7.139
 90 299 14 31 30  -4.376  -2.613  -5.022   7.182
 90 299 14 32 30  -4.547  -2.905  -4.593   7.103
 90 299 14 33 30  -4.723  -2.774  -4.571   7.222
 90 299 14 34 30  -4.373  -4.042  -4.261   7.362
 90 299 14 35 30  -5.004  -2.794  -4.452   7.282
 90 299 14 36 30  -4.985  -2.986  -4.430   7.326
 90 299 14 37 30  -4.890  -2.972  -4.817   7.486
 90 299 14 38 30  -4.890  -3.147  -4.737   7.515
 90 299 14 39 30  -5.130  -4.161  -3.253   7.516
 90 299 14 40 30  -5.413  -2.795  -4.003   7.406
 90 299 14 41 30  -5.740  -2.596  -3.326   7.266
 90 299 14 42 30  -4.071  -2.362  -4.670   6.951
 90 299 14 43 30  -2.768  -2.349  -5.814   6.917
 90 299 14 44 30  -4.462  -2.223  -4.918   7.023
 90 299 14 45 30  -4.561  -1.122  -4.777   6.784
 90 299 14 46 30  -5.083  -1.177  -4.381   6.959
 90 299 14 47 30  -5.370  -1.598  -4.213   7.033
 90 299 14 48 30  -5.087  -3.551  -3.321   7.198
 90 299 14 49 30  -4.971  -3.928  -3.653   7.350
 90 299 14 50 30  -4.654  -3.669  -3.836   7.098
 90 299 14 51 30  -4.254  -4.754  -3.216   7.149
 90 299 14 52 30  -4.410  -4.720  -3.260   7.239
 90 299 14 53 30  -4.146  -5.136  -2.936   7.244
 90 299 14 54 30  -6.033  -1.387  -3.240   7.194
 90 299 14 55 30  -6.254  -1.425  -3.212   7.211
 90 299 14 56 30  -5.039  -2.378  -3.796   7.096
 90 299 14 57 30  -4.526  -4.921  -2.581   7.174
 90 299 14 58 30  -4.386  -5.262  -2.174   7.195
 90 299 14 59 30  -4.190  -5.353  -2.055   7.116
 90 299 15 00 30  -3.334  -5.995  -1.840   7.129
 90 299 15 01 30  -2.951  -6.307  -1.422   7.118
 90 299 15 02 30  -1.989  -6.593  -0.753   7.014
 90 299 15 03 30   0.309  -6.565  -0.029   6.818
 90 299 15 04 30  -1.384  -6.615  -0.980   7.021
 90 299 15 05 30  -4.452  -4.362  -2.011   7.147
 90 299 15 06 30  -5.897  -2.700  -2.417   7.120
 90 299 15 07 30  -6.351  -1.954  -2.023   7.089
 90 299 15 08 30  -5.981  -2.672  -2.144   7.051
 90 299 15 09 30  -6.298  -2.538  -1.690   7.057
 90 299 15 10 30  -6.352  -2.427  -1.937   7.107
 90 299 15 11 30  -6.440  -2.438  -1.386   7.082
 90 299 15 12 30  -6.871  -1.439  -0.507   7.049
 90 299 15 13 30  -6.643  -2.055  -0.718   7.014
 90 299 15 14 30  -6.933  -1.190  -0.373   7.049
 90 299 15 15 30  -6.880  -1.326  -0.782   7.056
 90 299 15 16 30  -6.779  -1.533  -0.255   6.991
 90 299 15 17 30  -6.698  -1.691  -0.446   6.939
 90 299 15 18 30  -6.488  -1.630   0.156   6.874
 90 299 15 19 30  -6.390  -1.862  -0.096   6.872
 90 299 15 20 30  -3.355  -3.668   4.035   6.757
 90 299 15 21 30   2.881  -4.227   4.005   6.739
 90 299 15 22 30   4.080  -4.144   2.804   6.637
 90 299 15 23 30  -5.568  -1.675   0.439   6.663
 90 299 15 24 30  -6.679  -1.220   0.060   6.897
 90 299 15 25 30  -6.703  -1.383   0.978   6.925
 90 299 15 26 30  -6.760  -1.356   1.066   6.982
 90 299 15 27 30  -6.867  -1.236   0.975   7.050
 90 299 15 28 30  -6.823  -1.378   1.182   7.077
 90 299 15 29 30  -6.627  -1.968   1.518   7.080
 90 299 15 30 30  -6.642  -2.001   1.607   7.122
 90 299 15 31 30  -6.655  -2.022   1.508   7.118
 90 299 15 32 30  -6.609  -2.326   1.284   7.127
 90 299 15 33 30  -6.619  -2.357   1.390   7.166
 90 299 15 34 30  -6.706  -2.269   1.243   7.189
 90 299 15 35 30  -6.757  -2.239   1.208   7.222
 90 299 15 36 30  -6.479  -2.730   1.350   7.164
 90 299 15 37 30  -6.381  -2.852   1.640   7.188
 90 299 15 38 30  -6.269  -2.901   1.773   7.143
 90 299 15 39 30  -5.958  -3.275   1.975   7.092
 90 299 15 40 30  -5.422  -3.890   2.337   7.091
 90 299 15 41 30  -5.041  -4.270   2.389   7.076
 90 299 15 42 30  -4.709  -4.400   2.857   7.091
 90 299 15 43 30  -4.611  -4.133   3.387   7.075
 90 299 15 44 30  -5.247  -2.618   3.622   7.008
 90 299 15 45 30  -5.281  -1.326   4.217   6.893
 90 299 15 46 30  -4.925  -1.341   4.565   6.891
 90 299 15 47 30  -4.554  -1.803   4.820   6.888
 90 299 15 48 30  -4.660  -1.865   4.692   6.923
 90 299 15 49 30  -4.488  -2.681   4.493   6.990
 90 299 15 50 30  -5.373  -0.916   4.335   7.026
 90 299 15 51 30  -5.284  -0.954   4.404   6.977
 90 299 15 52 30  -5.212  -1.773   4.299   7.012
 90 299 15 53 30  -5.456  -2.025   3.998   7.066
 90 299 15 54 30  -6.089  -1.548   3.211   7.090
 90 299 15 55 30  -4.972  -0.843   4.624   7.020
 90 299 15 56 30  -5.232  -1.237   4.244   6.955
 90 299 15 57 30  -5.159  -1.287   4.315   6.965
 90 299 15 58 30  -4.952   0.057   4.795   6.922
 90 299 15 59 30  -5.152  -0.818   4.349   6.961
 90 299 16 00 30  -5.193  -1.566   4.407   7.003
 90 299 16 01 30  -4.988  -1.223   4.662   6.964
 90 299 16 02 30  -4.822  -0.884   4.885   6.959
 90 299 16 03 30  -4.874   0.110   4.713   6.900
 90 299 16 04 30  -4.807  -2.993   1.611   6.536
 90 299 16 05 30  -4.454   2.269   4.086   6.546
 90 299 16 06 30  -4.521   3.294   4.165   6.992
 90 299 16 07 30  -3.803   4.166   3.694   6.776
 90 299 16 08 30  -4.550   4.007   3.550   7.057
 90 299 16 09 30  -3.911   4.443   3.542   6.949
 90 299 16 10 30  -3.058   5.122   2.964   6.702
 90 299 16 11 30  -2.451   5.603   2.761   6.818
 90 299 16 12 30  -1.573   5.800   1.741   6.691
 90 299 16 13 30  -2.261   5.093   3.957   6.918
 90 299 16 14 30  -1.488   5.465   4.088   6.998
 90 299 16 15 30  -2.700   6.441   1.879   7.553
 90 299 16 16 30  -5.663   8.657  -0.911  10.464
 90 299 16 17 30  -0.983   9.353   5.564  11.501
 90 299 16 18 30  -1.898   9.206   6.448  11.483
 90 299 16 19 30  -2.812   9.018   7.162  11.883
 90 299 16 20 30  -2.503   8.427   6.451  11.568
 90 299 16 21 30  -4.425   2.060  10.003  11.212
 90 299 16 22 30  -3.438   2.632  10.476  11.435
 90 299 16 23 30  -3.725   6.164   8.926  11.725
 90 299 16 24 30  -4.327   9.232   6.642  12.230
 90 299 16 25 30  -3.601  10.071   6.396  12.514
 90 299 16 26 30  -2.353  11.731   2.750  12.355
 90 299 16 27 30  -1.191  11.760  -1.455  11.985
 90 299 16 28 30  -0.861  11.856  -1.182  11.977
 90 299 16 29 30  -3.946   7.365   7.293  11.940
 90 299 16 30 30  -5.573   7.011   7.547  11.973
 90 299 16 31 30  -4.502   9.232   6.102  12.035
 90 299 16 32 30  -4.944   9.259   6.079  12.208
 90 299 16 33 30  -4.814   8.558   7.550  12.511
 90 299 16 34 30  -4.069  10.323   5.921  12.656
 90 299 16 35 30  -4.682  10.703   3.276  12.480
 90 299 16 36 30  -4.607  11.419  -1.416  12.468
 90 299 16 37 30  -3.699  11.369  -0.413  12.105
 90 299 16 38 30  -3.790  10.994  -1.356  11.859
 90 299 16 39 30  -4.409  10.380  -4.385  12.130
 90 299 16 40 30  -4.304   9.754  -5.116  11.990
 90 299 16 41 30  -2.216  11.085   1.643  11.874
 90 299 16 42 30  -2.017  11.362  -1.590  11.688
 90 299 16 43 30  -2.738  11.196  -2.154  11.832
 90 299 16 44 30  -3.011  10.851  -1.624  11.595
 90 299 16 45 30  -2.496  10.608   2.566  11.730
 90 299 16 46 30  -1.137  10.663   4.881  11.897
 90 299 16 47 30  -1.079   8.468   8.093  11.832
 90 299 16 48 30  -0.462   7.919   8.547  11.711
 90 299 16 49 30  -0.272   8.030   8.661  11.836
 90 299 16 50 30  -2.126   8.196   8.202  11.878
 90 299 16 51 30  -2.133   8.037   8.354  11.835
 90 299 16 52 30  -1.627   6.425   9.625  11.750
 90 299 16 53 30  -0.451   6.503   9.664  11.730
 90 299 16 54 30   0.415   5.199  10.526  11.829
 90 299 16 55 30   0.283   4.292  11.096  11.929
 90 299 16 56 30  -0.543   5.081  10.675  11.997
 90 299 16 57 30  -2.411   7.522   9.238  12.255
 90 299 16 58 30  -0.681   2.905  11.861  12.310
 90 299 16 59 30   0.241   5.832  10.890  12.392
 90 299 17 00 30  -2.620   2.093  11.349  12.218
 90 299 17 01 30  -2.132  -1.259  11.456  11.759
 90 299 17 02 30  -2.686   0.508  11.266  11.695
 90 299 17 03 30  -0.662   0.952  11.951  12.089
 90 299 17 04 30   0.554   0.971  11.814  11.979
 90 299 17 05 30   1.073   2.422  11.629  12.127
 90 299 17 06 30  -0.348   4.967  11.274  12.336
 90 299 17 07 30  -0.502   6.248  10.604  12.330
 90 299 17 08 30  -0.791   6.914  10.183  12.401
 90 299 17 09 30  -1.232   6.907  10.029  12.285
 90 299 17 10 30  -1.161   5.508  10.744  12.155
 90 299 17 11 30   3.518   2.597  10.576  11.810
 90 299 17 12 30   1.540   4.263  11.178  12.192
 90 299 17 13 30  -1.810   5.844  10.271  12.180
 90 299 17 14 30  -1.374   6.707   9.604  12.157
 90 299 17 15 30  -1.206   7.416   9.098  12.053
 90 299 17 16 30  -2.060   7.923   8.202  12.087
 90 299 17 17 30  -4.166   8.087   7.779  12.047
 90 299 17 18 30  -3.106   8.775   6.194  11.960
 90 299 17 19 30  -4.925  10.256   1.489  11.696
 90 299 17 20 30  -5.931  10.323   0.610  11.992
 90 299 17 21 30  -5.846  10.305  -2.038  12.070
 90 299 17 22 30  -5.489   9.435  -3.542  11.695
 90 299 17 23 30  -4.631   9.724  -1.342  11.542
 90 299 17 24 30  -4.013  -1.043  -9.893  11.250
 90 299 17 25 30  -4.697   2.764  -9.984  11.488
 90 299 17 26 30  -6.062   6.277  -7.347  11.559
 90 299 17 27 30  -6.879   7.347  -5.409  11.607
 90 299 17 28 30  -6.357   8.021  -4.566  11.724
 90 299 17 29 30  -5.973   8.504  -5.149  11.624
 90 299 17 30 30  -5.046   9.401  -3.068  11.582
 90 299 17 31 30  -5.623  10.046   0.852  11.619
 90 299 17 32 30  -4.756  10.611   1.194  11.712
 90 299 17 33 30  -3.340  10.611   2.903  11.666
 90 299 17 34 30  -0.939  10.222   4.773  11.532
 90 299 17 35 30  -1.559  10.639   3.749  11.612
 90 299 17 36 30  -3.826  10.899   0.136  11.596
 90 299 17 37 30  -2.508  10.667  -0.490  11.420
 90 299 17 38 30  -4.488   5.371  -8.643  11.299
 90 299 17 39 30  -5.674   8.047  -3.520  11.389
 90 299 17 40 30  -6.765   8.459  -3.035  11.267
 90 299 17 41 30  -6.221   8.811  -3.289  11.354
 90 299 17 42 30  -5.341   8.511   0.023  11.419
 90 299 17 43 30  -7.049   8.381  -1.309  11.507
 90 299 17 44 30  -6.004   9.192  -1.370  11.626
 90 299 17 45 30  -5.317   9.668  -0.072  11.660
 90 299 17 46 30  -5.469   9.235  -2.695  11.402
 90 299 17 47 30  -5.075   9.177  -4.105  11.301
 90 299 17 48 30  -4.109  10.376  -2.431  11.557
 90 299 17 49 30  -3.604  10.796   0.551  11.549
 90 299 17 50 30  -2.737  10.846  -1.352  11.567
 90 299 17 51 30  -4.344   9.532  -3.849  11.415
 90 299 17 52 30  -5.249   9.481  -1.652  11.456
 90 299 17 53 30  -4.471  10.323   1.754  11.457
 90 299 17 54 30  -3.773  10.677   1.466  11.451
 90 299 17 55 30  -3.840  10.693   0.573  11.435
 90 299 17 56 30  -5.289   9.821  -1.995  11.409
 90 299 17 57 30  -5.985   8.875  -2.941  11.330
 90 299 17 58 30  -4.752  10.323   0.791  11.531
 90 299 17 59 30  -4.282  10.634   0.717  11.507
 90 299 18 00 30  -3.859  10.720   0.485  11.475
 90 299 18 01 30  -2.275  11.101  -0.303  11.411
 90 299 18 02 30  -4.464   9.690   3.729  11.424
 90 299 18 03 30  -3.455  10.394   2.382  11.269
 90 299 18 04 30  -3.797  10.149   1.964  11.026
 90 299 18 05 30  -2.754   9.743  -1.560  11.017
 90 299 18 06 30  -0.832   8.199  -7.639  11.352
 90 299 18 07 30  -1.110  10.595  -3.661  11.332
 90 299 18 08 30  -1.347  10.506  -4.083  11.387
 90 299 18 09 30  -1.274  10.198  -5.098  11.478
 90 299 18 10 30  -1.475  10.175  -5.292  11.584
 90 299 18 11 30  -2.251  10.108  -5.115  11.567
 90 299 18 12 30  -1.582   9.889  -5.800  11.580
 90 299 18 13 30  -1.721   9.770  -5.881  11.554
 90 299 18 14 30  -2.016   9.859  -5.681  11.571
 90 299 18 15 30  -2.223   9.662  -5.878  11.536
 90 299 18 16 30  -1.612   9.744  -5.873  11.520
 90 299 18 17 30  -2.426  10.267  -4.699  11.566
 90 299 18 18 30  -2.190  10.120  -5.007  11.541
 90 299 18 19 30  -2.209  10.323  -4.128  11.409
 90 299 18 20 30  -3.343  10.444  -3.061  11.417
 90 299 18 21 30  -2.321  10.482  -3.665  11.367
 90 299 18 22 30  -3.036  10.122  -4.019  11.323
 90 299 18 23 30  -3.098  10.290  -3.172  11.231
 90 299 18 24 30  -3.845  10.266   1.733  11.205
 90 299 18 25 30  -2.979  10.532   2.386  11.316
 90 299 18 26 30  -4.221   8.135   6.177  11.312
 90 299 18 27 30  -3.732   9.082   5.740  11.448
 90 299 18 28 30  -2.656  10.515   1.776  11.322
 90 299 18 29 30  -1.908  10.923   0.996  11.264
 90 299 18 30 30  -3.963  10.028   3.076  11.313
 90 299 18 31 30  -3.730   9.738   4.070  11.266
 90 299 18 32 30  -3.436   8.691   6.206  11.259
 90 299 18 33 30  -3.085   7.965   6.488  10.794
 90 299 18 34 30   0.404   3.387  -6.321   9.427
 90 299 18 35 30   0.009   1.634  -8.104   9.537
 90 299 18 36 30   0.704   4.328  -8.087   9.703
 90 299 18 37 30   0.896   1.851  -9.395   9.784
 90 299 18 38 30  -0.149   3.337  -9.408  10.047
 90 299 18 39 30  -0.186   2.862  -9.405  10.197
 90 299 18 40 30   0.063   5.999  -8.083  10.198
 90 299 18 41 30  -0.235   5.050  -8.636  10.169
 90 299 18 42 30  -0.932   6.464  -7.592  10.122
 90 299 18 43 30  -1.750   7.661  -6.602  10.314
 90 299 18 44 30  -2.966   8.290  -3.778  10.412
 90 299 18 45 30  -3.907   9.093   0.966  10.505
 90 299 18 46 30  -4.323   9.218   0.845  10.502
 90 299 18 47 30  -4.160   9.494  -0.453  10.462
 90 299 18 48 30  -3.918   9.417  -2.298  10.500
 90 299 18 49 30  -3.097   9.209  -3.219  10.528
 90 299 18 50 30  -1.895   9.763  -2.936  10.635
 90 299 18 51 30  -2.400  10.023  -2.023  10.536
 90 299 18 52 30  -3.438   9.371  -0.945  10.577
 90 299 18 53 30  -3.420   9.773   1.885  10.822
 90 299 18 54 30  -1.578   8.399   5.687  10.762
 90 299 18 55 30  -4.603   9.152  -2.443  10.659
 90 299 18 56 30  -3.511   9.738   1.971  10.981
 90 299 18 57 30  -1.002  10.026   5.096  11.327
 90 299 18 58 30  -1.985   8.886   6.095  11.087
 90 299 18 59 30  -5.563   5.795   6.568  10.507
 90 299 19 00 30  -5.914   4.962   6.966  10.411
 90 299 19 01 30  -4.815   6.418   6.653  10.544
 90 299 19 02 30  -3.773   8.395   4.492  10.651
 90 299 19 03 30  -4.118   8.813   3.793  10.472
 90 299 19 04 30  -2.398   8.814   4.779  10.367
 90 299 19 05 30  -1.468   8.984   4.414  10.330
 90 299 19 06 30  -3.568   8.464   4.417  10.262
 90 299 19 07 30  -4.607   8.076   4.576  10.405
 90 299 19 08 30  -4.428   8.810   2.477  10.231
 90 299 19 09 30  -3.985   8.023   1.804   9.370
 90 299 19 10 30  -3.610   4.842   6.593   9.276
 90 299 19 11 30  -3.922   5.604   6.040   9.398
 90 299 19 12 30  -3.990   2.493   7.117   9.172
 90 299 19 13 30  -4.008   6.792   3.896   9.434
 90 299 19 14 30  -4.562   8.142   0.904   9.533
 90 299 19 15 30  -4.430   8.228  -1.713   9.545
 90 299 19 16 30  -3.624   8.401  -2.188   9.425
 90 299 19 17 30  -2.924   8.903  -1.923   9.623
 90 299 19 18 30  -2.783   8.553  -2.827   9.458
 90 299 19 19 30  -1.686   8.708  -2.761   9.465
 90 299 19 20 30   0.382   8.594  -3.915   9.514
 90 299 19 21 30  -1.797   7.777  -5.114   9.555
 90 299 19 22 30  -3.561   8.238  -3.939   9.841
 90 299 19 23 30  -3.896   7.866  -4.117   9.709
 90 299 19 24 30  -2.101   5.953   3.704   9.743
 90 299 19 25 30  -0.591   3.982   8.447   9.809
 90 299 19 26 30  -0.900   4.970   7.951   9.715
 90 299 19 27 30  -0.359   8.302   4.595   9.824
 90 299 19 28 30  -1.826   8.355   2.546   9.384
 90 299 19 29 30  -2.866   5.613   3.012   8.816
 90 299 19 30 30  -4.103   8.466  -0.543   9.534
 90 299 19 31 30  -5.811   7.675  -1.327   9.747
 90 299 19 32 30  -5.296   7.773  -2.772   9.870
 90 299 19 33 30  -4.617   6.848  -5.461   9.932
 90 299 19 34 30  -4.627   6.986  -5.306   9.972
 90 299 19 35 30  -4.218   7.406  -4.962   9.901
 90 299 19 36 30  -3.960   7.948  -3.597   9.912
 90 299 19 37 30  -1.895   9.682   0.924  10.011
 90 299 19 38 30  -3.197   9.358  -1.094   9.968
 90 299 19 39 30  -3.625   8.739  -1.934   9.708
 90 299 19 40 30  -3.557   8.668  -1.984   9.627
 90 299 19 41 30  -4.013   8.316  -2.536   9.675
 90 299 19 42 30  -4.721   7.535  -3.740   9.775
 90 299 19 43 30  -3.986   8.809  -2.075   9.902
 90 299 19 44 30  -3.686   9.036  -1.535   9.885
 90 299 19 45 30  -3.361   9.168  -1.575   9.899
 90 299 19 46 30  -3.244   9.237  -1.376   9.902
 90 299 19 47 30  -3.237   8.993  -1.846   9.801
 90 299 19 48 30  -1.999   9.396  -1.068   9.732
 90 299 19 49 30  -3.529   8.789  -1.133   9.590
 90 299 19 50 30  -2.936   9.106  -0.637   9.633
 90 299 19 51 30  -1.988   9.348  -1.566   9.747
 90 299 19 52 30  -2.021   9.294  -2.359   9.859
 90 299 19 53 30  -1.637   8.501  -4.495   9.855
 90 299 19 54 30  -1.840   8.019  -5.398   9.848
 90 299 19 55 30  -2.074   7.791  -5.488   9.762
 90 299 19 56 30  -2.147   7.756  -5.461   9.729
 90 299 19 57 30  -3.243   7.576  -4.974   9.668
 90 299 19 58 30  -3.848   7.322  -4.865   9.604
 90 299 19 59 30  -2.961   7.118  -5.891   9.725
 90 299 20 00 30  -2.647   6.855  -6.309   9.703
 90 299 20 01 30  -2.183   6.302  -6.506   9.331
 90 299 20 02 30  -2.133   4.673   4.677   9.204
 90 299 20 03 30  -3.332   7.744  -0.331   9.211
 90 299 20 04 30  -0.772   7.783  -4.891   9.300
 90 299 20 05 30  -0.421   7.457  -5.972   9.622
 90 299 20 06 30  -0.062   7.130  -6.493   9.716
 90 299 20 07 30   0.999   4.552   2.432   9.221
 90 299 20 08 30   0.324   0.766   9.913  10.062
 90 299 20 09 30  -0.089   1.771  10.167  10.344
 90 299 20 10 30  -0.301   2.140  10.131  10.373
 90 299 20 11 30  -0.038   3.009   9.971  10.448
 90 299 20 12 30   0.375   3.161   9.819  10.343
 90 299 20 13 30   0.100   4.176   9.502  10.394
 90 299 20 14 30  -0.067   5.475   8.710  10.337
 90 299 20 15 30   0.432   6.766   8.141  10.646
 90 299 20 16 30   0.519   6.032   8.832  10.734
 90 299 20 17 30   1.003   7.603   7.568  10.830
 90 299 20 18 30   1.271   7.065   7.897  10.729
 90 299 20 19 30   2.592   7.662   6.774  10.721
 90 299 20 20 30   1.178   8.849   5.871  10.693
 90 299 20 21 30   1.594   8.703   5.722  10.551
 90 299 20 22 30   1.388   8.307   6.581  10.716
 90 299 20 23 30   1.699   7.642   7.268  10.752
 90 299 20 24 30   1.723   8.320   6.810  10.894
 90 299 20 25 30   1.931   8.365   6.752  10.933
 90 299 20 26 30   3.008   7.986   6.751  10.908
 90 299 20 27 30  -0.270   9.389   4.643  10.825
 90 299 20 28 30  -2.261   9.987   2.594  10.569
 90 299 20 29 30  -2.232   9.876   2.793  10.517
 90 299 20 30 30  -1.921   9.896   2.928  10.519
 90 299 20 31 30  -1.183   9.896   3.165  10.511
 90 299 20 32 30  -1.469  10.119   1.442  10.368
 90 299 20 33 30  -1.206  10.018   1.407  10.288
 90 299 20 34 30  -1.345   9.957   1.729  10.228
 90 299 20 35 30  -1.115  10.014   1.589  10.216
 90 299 20 36 30  -0.347  10.000   0.966  10.207
 90 299 20 37 30  -0.494   9.948  -1.554  10.132
 90 299 20 38 30  -2.526   9.668  -0.068  10.091
 90 299 20 39 30  -2.465   9.627  -0.863  10.067
 90 299 20 40 30  -0.684   9.285  -2.417   9.674
 90 299 20 41 30  -1.219   9.359  -1.370   9.728
 90 299 20 42 30  -2.466   9.387   1.319   9.883
 90 299 20 43 30  -3.637   9.221  -0.143   9.934
 90 299 20 44 30  -4.079   8.986  -1.327   9.974
 90 299 20 45 30  -4.345   8.730  -1.998   9.967
 90 299 20 46 30  -3.782   9.021  -2.431  10.092
 90 299 20 47 30  -3.006   9.431  -2.161  10.155
 90 299 20 48 30  -3.718   9.191  -1.629  10.089
 90 299 20 49 30  -1.503   9.745  -1.540  10.075
 90 299 20 50 30  -0.990   9.443  -2.832   9.959
 90 299 20 51 30  -1.025   9.281  -3.518   9.988
 90 299 20 52 30  -0.654   8.840  -4.345   9.885
 90 299 20 53 30  -1.039   9.197  -1.833   9.800
 90 299 20 54 30  -1.626   9.651  -0.716   9.842
 90 299 20 55 30  -0.974   9.679  -1.312   9.852
 90 299 20 56 30  -0.475   5.940   2.820   9.061
 90 299 20 57 30   0.678  -2.071   8.909   9.238
 90 299 20 58 30   1.417  -2.487   8.746   9.252
 90 299 20 59 30   3.283  -3.028   8.237   9.388
 90 299 21 00 30   2.702  -3.070   8.345   9.311
 90 299 21 01 30   1.935  -2.467   8.715   9.365
 90 299 21 02 30   1.343  -1.535   9.061   9.418
 90 299 21 03 30   0.158   0.205   9.410   9.570
 90 299 21 04 30  -0.644   0.822   9.438   9.645
 90 299 21 05 30  -0.363  -0.677   9.363   9.587
 90 299 21 06 30  -2.458   2.904   8.252   9.597
 90 299 21 07 30  -4.466   4.660   6.999   9.708
 90 299 21 08 30  -3.726   5.273   6.333   9.584
 90 299 21 09 30  -0.789   3.237   8.276   9.556
 90 299 21 10 30  -0.612   4.385   8.180   9.413
 90 299 21 11 30   1.016   2.547   8.759   9.237
 90 299 21 12 30   1.307   2.381   8.619   9.101
 90 299 21 13 30   0.800   1.591   8.965   9.230
 90 299 21 14 30   1.502   3.068   8.805   9.502
 90 299 21 15 30   1.960   2.887   8.785   9.502
 90 299 21 16 30   1.975   1.839   8.747   9.246
 90 299 21 17 30   3.368   0.052   8.608   9.336
 90 299 21 18 30   3.801  -0.447   8.238   9.163
 90 299 21 19 30   2.988   0.909   8.553   9.162
 90 299 21 20 30   1.140   4.294   7.929   9.573
 90 299 21 21 30  -1.427   6.985   6.625   9.769
 90 299 21 22 30  -1.519   6.056   7.184   9.683
 90 299 21 23 30  -1.507   6.392   7.373   9.911
 90 299 21 24 30  -1.079   6.022   7.306   9.573
 90 299 21 25 30  -1.643   4.878   7.947   9.523
 90 299 21 26 30  -1.153   5.363   7.896   9.690
 90 299 21 27 30  -1.907   5.848   7.381   9.625
 90 299 21 28 30  -2.421   6.179   7.165   9.780
 90 299 21 29 30  -2.193   6.780   6.640   9.848
 90 299 21 30 30  -3.843   7.775   4.899   9.969
 90 299 21 31 30  -4.083   7.978   4.644  10.101
 90 299 21 32 30  -4.450   8.241   3.704  10.096
 90 299 21 33 30  -5.232   7.349   3.637   9.740
 90 299 21 34 30  -5.193   8.003   2.740   9.953
 90 299 21 35 30  -4.784   8.359   2.763  10.035
 90 299 21 36 30  -4.827   8.510   1.769   9.951
 90 299 21 37 30  -4.805   8.554   1.525   9.947
 90 299 21 38 30  -5.113   8.372   1.280   9.897
 90 299 21 39 30  -4.805   8.307   2.395   9.923
 90 299 21 40 30  -4.275   8.396   0.190   9.443
 90 299 21 41 30  -3.987   8.526   0.231   9.435
 90 299 21 42 30  -3.702   8.245  -0.849   9.126
 90 299 21 43 30  -3.397   8.275  -0.503   8.968
 90 299 21 44 30  -3.450   8.373  -0.380   9.147
 90 299 21 45 30  -3.952   7.869   2.496   9.187
 90 299 21 46 30  -3.959   7.940   2.877   9.355
 90 299 21 47 30  -4.006   8.025   2.133   9.264
 90 299 21 48 30  -3.980   8.268   2.468   9.507
 90 299 21 49 30  -3.909   8.316   2.089   9.500
 90 299 21 50 30  -3.973   8.442   0.852   9.384
 90 299 21 51 30  -4.266   8.176   1.051   9.296
 90 299 21 52 30  -4.581   8.031   0.296   9.267
 90 299 21 53 30  -4.756   7.793  -0.179   9.230
 90 299 21 54 30  -4.654   7.827  -0.701   9.209
 90 299 21 55 30  -4.221   7.826   0.364   8.958
 90 299 21 56 30  -3.735   7.959   0.860   8.849
 90 299 21 57 30  -3.904   7.676  -0.242   8.716
 90 299 21 58 30  -2.756   7.994   1.999   8.710
 90 299 21 59 30  -1.910   7.583   2.955   8.516
 90 299 22 00 30  -0.765   8.005   3.009   8.642
 90 299 22 01 30  -5.468   6.146  -1.955   8.513
 90 299 22 02 30  -5.706   5.108  -3.680   8.550
 90 299 22 03 30  -4.723   6.646  -2.185   8.544
 90 299 22 04 30  -5.184   6.655  -0.831   8.547
 90 299 22 05 30  -4.353   7.451  -1.079   8.739
 90 299 22 06 30  -5.244   6.899   0.360   8.845
 90 299 22 07 30  -5.048   6.866   2.093   8.835
 90 299 22 08 30  -4.920   6.745   2.712   8.786
 90 299 22 09 30  -4.657   6.519   3.323   8.725
 90 299 22 10 30  -5.312   5.750   3.729   8.711
 90 299 22 11 30  -5.056   4.895   4.860   8.614
 90 299 22 12 30  -4.212   2.485   6.167   8.310
 90 299 22 13 30  -2.995   6.110   2.078   8.567
 90 299 22 14 30  -2.738   7.648  -3.352   8.803
 90 299 22 15 30  -3.010   7.995  -2.383   8.893
 90 299 22 16 30  -4.065   7.532  -1.644   8.732
 90 299 22 17 30  -3.899   7.301  -0.747   8.347
 90 299 22 18 30  -3.380   7.501  -0.444   8.269
 90 299 22 19 30  -3.431   7.465   0.158   8.242
 90 299 22 20 30  -3.548   7.528  -0.124   8.405
 90 299 22 21 30  -2.928   7.824  -1.383   8.475
 90 299 22 22 30  -3.293   7.726  -0.761   8.450
 90 299 22 23 30  -3.247   7.670  -0.812   8.386
 90 299 22 24 30  -3.780   7.409  -0.401   8.366
 90 299 22 25 30  -3.784   7.393  -0.659   8.421
 90 299 22 26 30  -4.139   7.466  -0.074   8.570
 90 299 22 27 30  -4.234   7.405  -0.599   8.562
 90 299 22 28 30  -4.410   7.251  -0.240   8.499
 90 299 22 29 30  -4.437   7.210   0.066   8.476
 90 299 22 30 30  -4.652   7.095   0.241   8.499
 90 299 22 31 30  -5.122   6.618  -0.645   8.424
 90 299 22 32 30  -5.487   6.428   0.080   8.463
 90 299 22 33 30  -5.782   6.124   0.416   8.457
 90 299 22 34 30  -6.132   5.754   0.787   8.460
 90 299 22 35 30  -6.775   4.997   2.556   8.837
 90 299 22 36 30  -6.233   6.060   1.400   8.928
 90 299 22 37 30  -5.358   7.089  -1.280   8.986
 90 299 22 38 30  -5.394   6.989  -0.991   8.890
 90 299 22 39 30  -5.180   7.401  -0.282   9.073
 90 299 22 40 30  -5.872   6.721  -0.424   8.973
 90 299 22 41 30  -5.959   6.447  -1.075   8.869
 90 299 22 42 30  -6.251   6.178  -1.093   8.886
 90 299 22 43 30  -6.403   6.069  -0.037   8.881
 90 299 22 44 30  -6.548   5.820  -0.170   8.812
 90 299 22 45 30  -6.921   5.429   0.082   8.822
 90 299 22 46 30  -6.086   6.001   0.265   8.874
 90 299 22 47 30  -4.389   7.751  -1.891   9.115
 90 299 22 48 30  -4.505   7.669  -1.728   9.075
 90 299 22 49 30  -4.075   7.779  -2.220   9.070
 90 299 22 50 30  -3.991   7.573  -2.807   9.036
 90 299 22 51 30  -3.929   7.724  -2.729   9.097
 90 299 22 52 30  -4.457   7.512  -2.383   9.066
 90 299 22 53 30  -4.714   7.459  -2.004   9.054
 90 299 22 54 30  -4.973   7.286  -1.958   9.040
 90 299 22 55 30  -4.941   7.201  -2.145   9.005
 90 299 22 56 30  -4.794   7.139  -2.561   8.981
 90 299 22 57 30  -4.804   6.999  -2.607   8.929
 90 299 22 58 30  -5.021   6.265  -3.560   8.840
 90 299 22 59 30  -5.273   6.402  -2.921   8.859
 90 299 23 00 30  -4.714   7.038  -2.266   8.778
 90 299 23 01 30  -3.229   7.717  -0.356   8.693
 90 299 23 02 30  -1.231   8.465   1.133   8.671
 90 299 23 03 30  -2.453   8.265   0.488   8.649
 90 299 23 04 30  -2.589   8.239   0.615   8.667
 90 299 23 05 30  -2.982   8.069   0.444   8.664
 90 299 23 06 30  -2.299   8.175   0.530   8.605
 90 299 23 07 30  -3.000   8.027   0.272   8.642
 90 299 23 08 30  -3.565   7.696  -0.818   8.613
 90 299 23 09 30  -1.932   8.385  -0.030   8.651
 90 299 23 10 30  -2.232   8.301  -0.131   8.638
 90 299 23 11 30  -2.101   8.380   0.056   8.653
 90 299 23 12 30  -2.091   8.392  -0.190   8.662
 90 299 23 13 30  -2.471   8.260  -0.468   8.647
 90 299 23 14 30  -2.465   8.234  -0.628   8.634
 90 299 23 15 30  -2.608   8.188  -0.263   8.624
 90 299 23 16 30  -2.266   8.261   0.121   8.603
 90 299 23 17 30  -1.519   7.693   1.681   8.020
 90 299 23 18 30  -1.397   8.403   0.470   8.572
 90 299 23 19 30  -1.851   8.396   0.343   8.624
 90 299 23 20 30  -2.388   8.207   0.640   8.579
 90 299 23 21 30  -2.111   8.274  -0.286   8.582
 90 299 23 22 30  -1.759   8.321   0.212   8.552
 90 299 23 23 30  -2.700   7.660  -0.894   8.496
 90 299 23 24 30  -3.450   6.914  -1.341   8.262
 90 299 23 25 30  -3.627   6.903  -0.123   7.898
 90 299 23 26 30  -3.190   7.254   0.175   7.966
 90 299 23 27 30  -3.585   7.194  -0.517   8.067
 90 299 23 28 30  -3.434   7.234   0.162   8.077
 90 299 23 29 30  -1.878   7.164   2.839   8.000
 90 299 23 30 30  -1.754   7.438   2.802   8.175
 90 299 23 31 30  -1.099   8.331   2.209   8.765
 90 299 23 32 30  -1.954   8.193   0.811   8.716
 90 299 23 33 30  -3.928   7.391  -0.795   8.434
 90 299 23 34 30  -4.190   6.792  -0.424   8.063
 90 299 23 35 30  -3.182   7.215   1.199   8.032
 90 299 23 36 30  -2.743   7.444  -0.539   8.067
 90 299 23 37 30  -0.835   7.925   3.219   8.696
 90 299 23 38 30  -3.623   7.561  -0.151   8.522
 90 299 23 39 30  -4.155   6.988  -0.741   8.177
 90 299 23 40 30  -3.980   7.159  -0.412   8.235
 90 299 23 41 30  -3.500   7.340  -0.689   8.188
 90 299 23 42 30  -3.306   6.846  -2.816   8.184
 90 299 23 43 30  -3.368   6.930  -2.814   8.217
 90 299 23 44 30  -3.988   6.986  -1.743   8.250
 90 299 23 45 30  -2.688   6.950  -2.822   8.287
 90 299 23 46 30  -1.801   7.334  -3.388   8.295
 90 299 23 47 30  -1.893   7.329  -3.349   8.311
 90 299 23 48 30  -2.335   7.602  -2.059   8.268
 90 299 23 49 30  -1.996   8.266  -1.435   8.685
 90 299 23 50 30  -2.210   7.898   1.357   8.754
 90 299 23 51 30  -2.584   8.194   1.858   8.797
 90 299 23 52 30  -2.987   8.199  -0.825   8.835
 90 299 23 53 30  -2.713   8.359  -0.489   8.834
 90 299 23 54 30  -3.907   7.753   1.041   8.830
 90 299 23 55 30  -4.654   7.377   0.969   8.803
 90 299 23 56 30  -3.857   7.825   0.867   8.837
 90 299 23 57 30  -3.531   7.964   1.130   8.803
 90 299 23 58 30  -3.256   8.047   1.051   8.801
 90 299 23 59 30  -3.084   8.124   1.234   8.786
