 90 300 00 00 30  -2.963   8.065   1.037   8.680
 90 300 00 01 30  -3.041   8.048   1.092   8.705
 90 300 00 02 30  -3.499   7.813   1.337   8.687
 90 300 00 03 30  -3.420   7.831   1.059   8.706
 90 300 00 04 30  -1.229   8.628  -0.348   8.744
 90 300 00 05 30  -1.207   8.592   0.289   8.699
 90 300 00 06 30  -1.996   8.428   0.104   8.704
 90 300 00 07 30  -2.110   8.179   1.612   8.690
 90 300 00 08 30  -2.798   7.963   0.156   8.659
 90 300 00 09 30  -3.880   7.668  -0.664   8.672
 90 300 00 10 30  -4.073   7.603  -0.580   8.692
 90 300 00 11 30  -3.691   7.766   0.972   8.665
 90 300 00 12 30  -3.852   6.732   0.558   8.224
 90 300 00 13 30  -1.883   6.460  -5.355   8.646
 90 300 00 14 30  -1.300   7.242  -4.488   8.709
 90 300 00 15 30  -1.171   8.109  -2.674   8.799
 90 300 00 16 30   0.332   7.866  -3.876   8.837
 90 300 00 17 30  -0.393   8.536  -1.792   8.840
 90 300 00 18 30  -1.333   8.359  -0.020   8.738
 90 300 00 19 30  -1.048   8.609   0.862   8.792
 90 300 00 20 30  -0.740   7.643   2.844   8.745
 90 300 00 21 30   0.423   7.157   4.905   8.718
 90 300 00 22 30  -0.915   7.928   3.209   8.671
 90 300 00 23 30  -1.833   7.907   2.974   8.658
 90 300 00 24 30  -1.233   7.934   3.341   8.720
 90 300 00 25 30  -1.406   7.939   3.112   8.681
 90 300 00 26 30  -1.368   8.027   2.961   8.679
 90 300 00 27 30  -1.398   8.086   2.697   8.659
 90 300 00 28 30  -1.355   7.927   3.260   8.690
 90 300 00 29 30  -1.476   7.593   3.860   8.664
 90 300 00 30 30  -0.958   7.490   4.185   8.659
 90 300 00 31 30  -0.773   7.571   3.929   8.650
 90 300 00 32 30  -1.783   8.074   1.276   8.386
 90 300 00 33 30  -0.505   7.687   3.137   8.505
 90 300 00 34 30  -0.617   7.735   3.128   8.399
 90 300 00 35 30  -2.752   7.738   1.298   8.359
 90 300 00 36 30  -4.357   6.952  -0.551   8.351
 90 300 00 37 30  -4.479   6.519   0.078   8.034
 90 300 00 38 30  -3.446   6.685   1.421   7.699
 90 300 00 39 30  -3.312   6.684   1.716   7.706
 90 300 00 40 30  -3.571   6.255   1.206   7.713
 90 300 00 41 30  -3.091   5.165   4.974   7.891
 90 300 00 42 30  -3.089   5.508   4.497   7.836
 90 300 00 43 30  -3.631   5.936   3.491   7.913
 90 300 00 44 30  -3.174   6.944   1.815   7.922
 90 300 00 45 30  -2.840   7.090   1.491   7.807
 90 300 00 46 30  -2.771   7.066   0.627   7.724
 90 300 00 47 30  -3.277   6.974   0.348   7.776
 90 300 00 48 30  -2.035   7.267   0.969   7.670
 90 300 00 49 30  -1.992   7.298   0.736   7.644
 90 300 00 50 30  -2.982   6.830   1.492   7.637
 90 300 00 51 30  -3.187   6.679   1.747   7.662
 90 300 00 52 30  -3.439   6.496   2.216   7.686
 90 300 00 53 30  -3.598   6.494   1.778   7.661
 90 300 00 54 30  -3.635   6.150   2.477   7.622
 90 300 00 55 30  -2.888   6.502   2.590   7.625
 90 300 00 56 30  -1.874   6.180   3.779   7.578
 90 300 00 57 30  -0.701   6.157   3.959   7.534
 90 300 00 58 30  -0.180   6.081   4.288   7.553
 90 300 00 59 30  -0.625   5.863   4.312   7.543
 90 300 01 00 30  -1.359   6.171   3.958   7.487
 90 300 01 01 30  -1.570   6.237   3.705   7.456
 90 300 01 02 30  -1.736   6.316   3.461   7.412
 90 300 01 03 30  -1.689   6.039   3.893   7.401
 90 300 01 04 30  -1.429   5.688   4.334   7.493
 90 300 01 05 30  -1.715   6.148   3.750   7.541
 90 300 01 06 30  -0.377   4.815   6.072   7.819
 90 300 01 07 30   0.225   4.369   6.440   7.813
 90 300 01 08 30   0.563   4.242   6.495   7.816
 90 300 01 09 30   0.818   3.974   6.619   7.771
 90 300 01 10 30   0.863   3.864   6.721   7.815
 90 300 01 11 30   0.922   4.367   6.336   7.789
 90 300 01 12 30   1.131   4.406   6.135   7.680
 90 300 01 13 30   0.691   4.538   6.179   7.710
 90 300 01 14 30   1.273   3.475   6.612   7.792
 90 300 01 15 30   2.111   3.074   6.758   7.735
 90 300 01 16 30  -0.784   5.021   5.625   7.674
 90 300 01 17 30  -0.874   5.268   5.390   7.613
 90 300 01 18 30  -0.660   5.305   5.443   7.637
 90 300 01 19 30  -0.359   5.302   5.351   7.579
 90 300 01 20 30   0.056   4.464   6.019   7.510
 90 300 01 21 30   0.035   4.574   5.884   7.460
 90 300 01 22 30  -0.191   4.390   5.602   7.220
 90 300 01 23 30  -0.760   4.119   5.877   7.238
 90 300 01 24 30  -0.585   4.816   5.299   7.201
 90 300 01 25 30  -1.007   5.235   4.771   7.170
 90 300 01 26 30  -0.617   5.292   4.735   7.137
 90 300 01 27 30   0.087   5.349   4.988   7.324
 90 300 01 28 30  -0.103   5.426   4.877   7.303
 90 300 01 29 30  -0.334   5.581   4.571   7.238
 90 300 01 30 30  -0.309   5.464   4.583   7.144
 90 300 01 31 30  -0.037   5.194   4.665   6.992
 90 300 01 32 30  -0.236   5.347   4.340   6.895
 90 300 01 33 30  -0.073   5.338   4.371   6.907
 90 300 01 34 30  -0.590   5.628   3.792   6.822
 90 300 01 35 30  -0.515   5.873   3.443   6.866
 90 300 01 36 30  -0.550   5.555   3.866   6.872
 90 300 01 37 30  -1.589   5.784   3.106   6.842
 90 300 01 38 30  -1.834   5.866   2.803   6.758
 90 300 01 39 30  -1.712   5.936   2.828   6.800
 90 300 01 40 30  -1.860   5.037   3.941   6.797
 90 300 01 41 30  -1.584   4.994   4.160   6.745
 90 300 01 42 30  -2.007   5.451   3.252   6.662
 90 300 01 43 30  -1.690   5.495   3.479   6.733
 90 300 01 44 30  -2.044   5.693   3.096   6.802
 90 300 01 45 30  -2.426   5.297   2.540   6.471
 90 300 01 46 30  -3.422   5.190   0.912   6.419
 90 300 01 47 30  -3.525   5.123   1.524   6.411
 90 300 01 48 30  -3.651   5.110   1.518   6.463
 90 300 01 49 30  -3.553   5.118   1.481   6.407
 90 300 01 50 30  -3.697   5.067   1.414   6.453
 90 300 01 51 30  -4.101   5.058  -0.762   6.569
 90 300 01 52 30  -3.852   4.646  -2.272   6.677
 90 300 01 53 30  -4.020   4.292  -3.311   6.782
 90 300 01 54 30  -3.219   5.519  -0.195   6.673
 90 300 01 55 30  -3.958   5.248  -0.979   6.772
 90 300 01 56 30  -4.120   5.214  -1.708   6.869
 90 300 01 57 30  -3.809   5.333  -1.823   6.804
 90 300 01 58 30  -3.493   5.141  -2.461   6.693
 90 300 01 59 30  -3.153   5.058  -2.564   6.493
 90 300 02 00 30  -2.898   5.033  -2.959   6.529
 90 300 02 01 30  -2.897   4.938  -3.228   6.581
 90 300 02 02 30  -3.370   5.040  -2.569   6.596
 90 300 02 03 30  -3.635   4.925  -2.476   6.607
 90 300 02 04 30  -3.958   4.665  -2.420   6.589
 90 300 02 05 30  -3.996   4.779  -2.228   6.623
 90 300 02 06 30  -3.759   4.923  -2.442   6.675
 90 300 02 07 30  -3.629   5.042  -2.301   6.645
 90 300 02 08 30  -3.568   5.085  -2.613   6.746
 90 300 02 09 30  -3.561   5.132  -2.571   6.756
 90 300 02 10 30  -3.512   4.656  -3.264   6.698
 90 300 02 11 30  -3.204   4.639  -3.350   6.590
 90 300 02 12 30  -2.937   3.815  -4.468   6.585
 90 300 02 13 30  -2.936   3.822  -4.328   6.543
 90 300 02 14 30  -3.702   4.005  -3.652   6.572
 90 300 02 15 30  -2.622   3.205  -5.014   6.549
 90 300 02 16 30  -3.031   3.844  -4.317   6.569
 90 300 02 17 30  -4.161   4.069  -2.931   6.532
 90 300 02 18 30  -4.678   3.764  -2.797   6.630
 90 300 02 19 30  -4.358   3.627  -3.397   6.623
 90 300 02 20 30  -4.466   3.372  -3.580   6.649
 90 300 02 21 30  -4.425   3.118  -3.803   6.622
 90 300 02 22 30  -3.618   3.721  -4.002   6.562
 90 300 02 23 30  -3.824   3.211  -4.209   6.533
 90 300 02 24 30  -3.798   3.131  -4.328   6.560
 90 300 02 25 30  -3.481   3.548  -4.395   6.653
 90 300 02 26 30  -3.595   2.989  -4.492   6.652
 90 300 02 27 30  -3.313   3.945  -3.973   6.530
 90 300 02 28 30  -3.202   4.304  -3.613   6.485
 90 300 02 29 30  -3.728   4.209  -3.333   6.547
 90 300 02 30 30  -4.246   3.828  -3.187   6.577
 90 300 02 31 30  -4.421   3.730  -3.200   6.633
 90 300 02 32 30  -5.035   3.130  -3.140   6.758
 90 300 02 33 30  -4.990   3.214  -3.155   6.727
 90 300 02 34 30  -4.988   3.395  -2.829   6.691
 90 300 02 35 30  -4.799   3.665  -2.819   6.669
 90 300 02 36 30  -4.548   3.962  -2.612   6.586
 90 300 02 37 30  -4.816   4.096  -2.165   6.692
 90 300 02 38 30  -4.720   4.297  -1.804   6.638
 90 300 02 39 30  -4.594   4.517  -1.570   6.635
 90 300 02 40 30  -4.772   4.535  -1.431   6.754
 90 300 02 41 30  -4.597   4.735  -1.352   6.768
 90 300 02 42 30  -0.914   5.720  -3.268   6.812
 90 300 02 43 30   0.234   5.679  -4.026   6.981
 90 300 02 44 30  -1.019   5.834  -3.236   6.813
 90 300 02 45 30   0.687   5.863  -3.583   6.966
 90 300 02 46 30   0.633   5.977  -3.017   6.778
 90 300 02 47 30  -0.712   5.929  -2.559   6.879
 90 300 02 48 30  -3.894   5.110  -2.144   6.785
 90 300 02 49 30  -3.195   5.723  -1.595   6.769
 90 300 02 50 30  -2.060   6.287  -2.231   7.012
 90 300 02 51 30  -2.027   6.337  -1.790   7.024
 90 300 02 52 30  -1.077   6.757  -1.852   7.122
 90 300 02 53 30  -1.820   6.571  -1.865   7.147
 90 300 02 54 30  -2.067   6.621  -1.781   7.191
 90 300 02 55 30  -2.610   6.458  -1.835   7.241
 90 300 02 56 30  -3.021   6.110  -2.165   7.161
 90 300 02 57 30  -3.782   6.003   0.463   7.160
 90 300 02 58 30  -3.653   6.003   0.798   7.079
 90 300 02 59 30  -3.912   5.951   0.205   7.126
 90 300 03 00 30  -3.901   5.953   0.170   7.122
 90 300 03 01 30  -3.902   5.928  -0.042   7.109
 90 300 03 02 30  -3.791   5.999  -0.247   7.107
 90 300 03 03 30  -4.095   5.834  -0.422   7.143
 90 300 03 04 30  -3.761   5.979  -0.211   7.134
 90 300 03 05 30  -4.014   5.877  -0.325   7.163
 90 300 03 06 30  -4.581   5.577  -0.368   7.233
 90 300 03 07 30  -4.637   5.604  -0.145   7.286
 90 300 03 08 30  -5.163   5.219  -0.291   7.355
 90 300 03 09 30  -4.526   5.637   0.588   7.271
 90 300 03 10 30  -4.220   5.691   1.424   7.232
 90 300 03 11 30  -4.122   5.611   1.524   7.150
 90 300 03 12 30  -4.464   5.341   1.693   7.258
 90 300 03 13 30  -3.272   5.974   1.432   7.148
 90 300 03 14 30  -3.314   6.563  -0.728   7.496
 90 300 03 15 30  -4.244   5.334   1.477   7.410
 90 300 03 16 30  -4.909   2.762   4.253   7.092
 90 300 03 17 30  -4.345   4.279   3.858   7.258
 90 300 03 18 30  -4.577   3.904   4.044   7.302
 90 300 03 19 30  -4.384   4.799   2.633   7.206
 90 300 03 20 30  -4.118   5.750   0.614   7.164
 90 300 03 21 30  -4.540   5.749   0.078   7.351
 90 300 03 22 30  -3.933   6.361   0.767   7.533
 90 300 03 23 30  -3.560   6.649  -0.766   7.629
 90 300 03 24 30  -3.548   6.554  -1.713   7.701
 90 300 03 25 30  -3.783   6.630  -1.062   7.738
 90 300 03 26 30  -3.576   6.366   1.563   7.665
 90 300 03 27 30  -2.165   3.965   6.194   7.683
 90 300 03 28 30  -2.207   4.012   6.056   7.598
 90 300 03 29 30  -2.346   3.877   5.943   7.477
 90 300 03 30 30  -2.542   3.724   5.978   7.492
 90 300 03 31 30  -2.092   4.087   5.687   7.346
 90 300 03 32 30  -1.995   4.088   5.695   7.294
 90 300 03 33 30  -2.086   4.153   5.641   7.318
 90 300 03 34 30  -2.217   4.353   5.420   7.305
 90 300 03 35 30  -1.634   4.102   5.732   7.265
 90 300 03 36 30  -1.485   3.821   5.672   7.011
 90 300 03 37 30  -1.352   3.683   5.790   7.005
 90 300 03 38 30  -1.617   3.337   5.981   7.057
 90 300 03 39 30  -1.380   3.344   6.045   7.051
 90 300 03 40 30  -1.194   3.343   6.061   7.026
 90 300 03 41 30  -1.398   3.518   5.801   6.930
 90 300 03 42 30  -1.538   3.779   5.521   6.870
 90 300 03 43 30  -1.290   3.671   5.684   6.894
 90 300 03 44 30  -1.334   3.588   5.708   6.875
 90 300 03 45 30  -1.161   3.885   5.489   6.829
 90 300 03 46 30  -1.841   4.112   5.150   6.853
 90 300 03 47 30  -1.294   4.593   5.028   6.944
 90 300 03 48 30  -1.380   4.409   5.185   6.949
 90 300 03 49 30  -0.652   4.427   5.365   6.990
 90 300 03 50 30  -0.747   4.443   5.292   6.955
 90 300 03 51 30  -0.939   4.550   5.118   6.919
 90 300 03 52 30  -1.283   4.363   5.241   6.940
 90 300 03 53 30  -1.354   4.167   5.293   6.875
 90 300 03 54 30  -1.281   4.158   5.216   6.801
 90 300 03 55 30  -1.796   4.364   5.060   6.941
 90 300 03 56 30  -1.851   4.284   5.038   6.926
 90 300 03 57 30  -2.231   4.144   4.944   6.838
 90 300 03 58 30  -2.368   4.169   4.945   6.892
 90 300 03 59 30  -2.380   4.400   4.741   6.896
 90 300 04 00 30  -2.374   4.402   4.670   6.846
 90 300 04 01 30  -2.295   4.467   4.650   6.848
 90 300 04 02 30  -2.091   4.581   4.717   6.903
 90 300 04 03 30  -2.146   4.764   4.477   6.884
 90 300 04 04 30  -2.214   4.791   4.401   6.873
 90 300 04 05 30  -2.158   4.643   4.547   6.851
 90 300 04 06 30  -2.074   4.628   4.611   6.856
 90 300 04 07 30  -2.224   4.657   4.542   6.879
 90 300 04 08 30  -2.093   4.602   4.646   6.868
 90 300 04 09 30  -2.139   4.736   4.572   6.924
 90 300 04 10 30  -2.078   4.770   4.559   6.929
 90 300 04 11 30  -2.037   4.615   4.736   6.920
 90 300 04 12 30  -2.091   4.724   4.576   6.903
 90 300 04 13 30  -2.126   4.587   4.713   6.912
 90 300 04 14 30  -2.244   4.526   4.709   6.908
 90 300 04 15 30  -2.221   4.439   4.861   6.950
 90 300 04 16 30  -2.087   4.516   4.766   6.893
 90 300 04 17 30  -2.075   4.336   4.833   6.817
 90 300 04 18 30  -2.115   4.217   4.847   6.765
 90 300 04 19 30  -2.277   4.176   4.803   6.762
 90 300 04 20 30  -2.371   4.197   4.715   6.743
 90 300 04 21 30  -2.206   4.214   4.739   6.716
 90 300 04 22 30  -2.211   4.154   4.764   6.697
 90 300 04 23 30  -2.171   3.974   4.788   6.601
 90 300 04 24 30  -1.925   4.147   4.593   6.482
 90 300 04 25 30  -1.926   4.307   4.664   6.636
 90 300 04 26 30  -1.768   4.502   4.486   6.602
 90 300 04 27 30  -1.654   4.676   4.281   6.554
 90 300 04 28 30  -1.736   4.576   4.153   6.425
 90 300 04 29 30  -1.890   4.404   4.079   6.298
 90 300 04 30 30  -1.882   4.200   4.153   6.251
 90 300 04 31 30  -1.781   4.723   2.724   5.916
 90 300 04 32 30  -1.896   4.169   4.019   6.111
 90 300 04 33 30  -1.974   4.172   4.084   6.176
 90 300 04 34 30  -2.036   4.389   3.834   6.189
 90 300 04 35 30  -2.077   3.917   4.405   6.256
 90 300 04 36 30  -1.691   3.200   5.103   6.282
 90 300 04 37 30  -1.968   3.635   4.701   6.273
 90 300 04 38 30  -1.985   3.675   4.616   6.231
 90 300 04 39 30  -2.275   3.515   4.538   6.185
 90 300 04 40 30  -2.328   3.479   4.481   6.145
 90 300 04 41 30  -1.612   2.885   4.927   6.024
 90 300 04 42 30  -1.577   2.737   5.034   5.956
 90 300 04 43 30  -0.688   2.488   5.309   5.940
 90 300 04 44 30  -3.476   2.369  -0.210   5.731
 90 300 04 45 30  -4.693   2.110  -2.587   5.812
 90 300 04 46 30  -4.475   3.093  -2.211   5.895
 90 300 04 47 30  -4.621   3.403  -0.859   5.817
 90 300 04 48 30  -4.261   3.658  -0.754   5.671
 90 300 04 49 30  -4.128   3.839  -0.539   5.701
 90 300 04 50 30  -3.720   4.112  -0.030   5.617
 90 300 04 51 30  -3.966   3.822  -0.788   5.593
 90 300 04 52 30  -3.964   3.938  -0.475   5.614
 90 300 04 53 30  -3.921   3.805  -0.784   5.603
 90 300 04 54 30  -4.120   3.611  -1.261   5.631
 90 300 04 55 30  -3.910   3.748  -0.882   5.509
 90 300 04 56 30  -3.774   3.891  -0.302   5.470
 90 300 04 57 30  -3.845   3.497  -1.171   5.337
 90 300 04 58 30  -3.954   3.845  -0.889   5.600
 90 300 04 59 30  -3.867   3.914  -0.858   5.625
 90 300 05 00 30  -4.266   3.749   0.745   5.736
 90 300 05 01 30  -4.524   3.610   0.161   5.805
 90 300 05 02 30  -4.873   2.954   1.170   5.831
 90 300 05 03 30  -3.982   3.780   0.069   5.568
 90 300 05 04 30  -3.707   4.213  -0.509   5.641
 90 300 05 05 30  -3.709   4.399  -0.339   5.774
 90 300 05 06 30  -3.129   4.369  -0.717   5.443
 90 300 05 07 30  -2.998   4.526  -1.011   5.535
 90 300 05 08 30  -3.199   4.352  -0.741   5.469
 90 300 05 09 30  -3.103   4.269  -0.914   5.360
 90 300 05 10 30  -2.850   4.333  -1.122   5.343
 90 300 05 11 30  -2.346   4.720  -1.532   5.494
 90 300 05 12 30  -3.293   4.276  -1.076   5.540
 90 300 05 13 30  -3.652   4.140  -0.831   5.587
 90 300 05 14 30  -3.601   3.932  -0.850   5.402
 90 300 05 15 30  -3.577   3.959  -0.757   5.401
 90 300 05 16 30  -3.046   4.294  -1.098   5.406
 90 300 05 17 30  -2.789   4.448  -0.973   5.375
 90 300 05 18 30  -3.309   4.212  -0.650   5.431
 90 300 05 19 30  -3.606   3.995  -0.902   5.458
 90 300 05 20 30  -3.699   3.929  -0.908   5.478
 90 300 05 21 30  -3.932   3.733  -0.672   5.466
 90 300 05 22 30  -3.694   3.810  -1.013   5.461
 90 300 05 23 30  -2.902   4.415  -1.807   5.612
 90 300 05 24 30  -3.021   4.213  -1.816   5.506
 90 300 05 25 30  -3.346   4.160  -1.538   5.566
 90 300 05 26 30  -3.486   3.792  -2.064   5.705
 90 300 05 27 30  -3.012   3.471  -2.825   5.431
 90 300 05 28 30  -3.191   3.614  -2.291   5.348
 90 300 05 29 30  -2.953   3.622  -2.631   5.368
 90 300 05 30 30  -2.472   3.522  -3.326   5.450
 90 300 05 31 30  -2.311   3.563  -3.858   5.775
 90 300 05 32 30  -2.288   3.599  -3.257   5.370
 90 300 05 33 30  -2.629   3.556  -3.548   5.686
 90 300 05 34 30  -2.900   3.728  -2.288   5.865
 90 300 05 35 30  -3.756   4.164   0.585   5.644
 90 300 05 36 30  -3.807   4.197   0.757   5.720
 90 300 05 37 30  -3.993   4.099   0.348   5.741
 90 300 05 38 30  -3.848   4.030  -0.849   5.775
 90 300 05 39 30  -3.749   4.270  -0.134   5.712
 90 300 05 40 30  -3.898   3.790  -1.311   5.698
 90 300 05 41 30  -3.211   3.415  -2.886   5.668
 90 300 05 42 30  -3.860   3.964  -0.924   5.669
 90 300 05 43 30  -3.488   4.241  -1.109   5.627
 90 300 05 44 30  -3.862   4.042  -0.735   5.658
 90 300 05 45 30  -3.637   4.118  -1.118   5.623
 90 300 05 46 30  -3.569   4.196  -1.162   5.657
 90 300 05 47 30  -3.502   4.087  -1.473   5.591
 90 300 05 48 30  -3.369   4.143  -1.486   5.549
 90 300 05 49 30  -3.585   4.049  -1.228   5.556
 90 300 05 50 30  -3.626   4.088  -0.893   5.546
 90 300 05 51 30  -3.677   4.039  -0.894   5.552
 90 300 05 52 30  -3.438   4.183  -1.034   5.522
 90 300 05 53 30  -3.390   4.382  -0.436   5.583
 90 300 05 54 30  -2.712   4.775  -1.312   5.691
 90 300 05 55 30  -2.613   4.847  -1.669   5.777
 90 300 05 56 30  -3.079   4.812   0.208   5.748
 90 300 05 57 30  -2.925   4.846   0.609   5.711
 90 300 05 58 30  -2.568   4.831   1.212   5.666
 90 300 05 59 30  -2.600   4.569   1.478   5.611
 90 300 06 00 30  -3.816   4.085   0.219   5.644
 90 300 06 01 30  -3.365   4.033   1.764   5.564
 90 300 06 02 30  -3.797   3.587   2.141   5.707
 90 300 06 03 30  -4.578   1.683   3.013   5.789
 90 300 06 04 30  -4.875   1.654   2.531   5.815
 90 300 06 05 30  -4.984   2.028   1.857   5.745
 90 300 06 06 30  -4.471   3.054   1.598   5.701
 90 300 06 07 30  -3.662   3.955   1.563   5.646
 90 300 06 08 30  -3.831   3.967   1.130   5.672
 90 300 06 09 30  -3.799   4.152   0.557   5.671
 90 300 06 10 30  -4.283   3.629   0.031   5.684
 90 300 06 11 30  -4.067   3.821   0.381   5.635
 90 300 06 12 30  -4.118   3.679   1.040   5.635
 90 300 06 13 30  -3.805   3.943   0.906   5.580
 90 300 06 14 30  -3.539   4.074   1.184   5.554
 90 300 06 15 30  -3.356   4.098   1.217   5.569
 90 300 06 16 30  -3.349   4.118   1.550   5.565
 90 300 06 17 30  -3.284   4.024   1.973   5.571
 90 300 06 18 30  -3.039   4.236   1.893   5.569
 90 300 06 19 30  -3.018   4.411   1.565   5.583
 90 300 06 20 30  -3.240   4.145   1.928   5.606
 90 300 06 21 30  -3.209   4.372   1.378   5.602
 90 300 06 22 30  -3.078   4.357   1.644   5.585
 90 300 06 23 30  -3.029   4.372   1.560   5.546
 90 300 06 24 30  -3.119   4.359   1.381   5.544
 90 300 06 25 30  -3.130   4.372   1.467   5.579
 90 300 06 26 30  -2.886   4.430   1.664   5.547
 90 300 06 27 30  -2.740   4.495   1.698   5.534
 90 300 06 28 30  -2.700   4.727   1.602   5.681
 90 300 06 29 30  -2.788   4.868   1.294   5.765
 90 300 06 30 30  -2.620   4.104   2.746   5.639
 90 300 06 31 30  -2.773   4.308   2.238   5.617
 90 300 06 32 30  -2.842   4.051   2.500   5.599
 90 300 06 33 30  -3.218   4.151   1.571   5.517
 90 300 06 34 30  -3.584   3.890   1.474   5.510
 90 300 06 35 30  -3.691   3.727   1.853   5.580
 90 300 06 36 30  -3.505   4.325   0.667   5.643
 90 300 06 37 30  -3.475   4.294  -0.420   5.577
 90 300 06 38 30  -3.944   3.738  -0.166   5.558
 90 300 06 39 30  -4.165   3.094  -1.863   5.515
 90 300 06 40 30  -4.027   3.474  -0.362   5.533
 90 300 06 41 30  -3.441   4.259   1.269   5.634
 90 300 06 42 30  -2.660   4.318   1.739   5.618
 90 300 06 43 30  -2.157   3.696   3.605   5.604
 90 300 06 44 30  -1.273   3.777   3.976   5.691
 90 300 06 45 30  -0.843   3.703   4.416   5.843
 90 300 06 46 30  -0.680   3.482   4.699   5.896
 90 300 06 47 30  -0.670   3.282   4.872   5.915
 90 300 06 48 30  -0.855   3.302   4.864   5.945
 90 300 06 49 30  -1.386   3.429   4.695   5.981
 90 300 06 50 30  -0.985   3.332   4.743   5.896
 90 300 06 51 30  -0.078   3.191   4.953   5.921
 90 300 06 52 30   0.368   3.071   5.151   6.062
 90 300 06 53 30   0.649   2.920   5.305   6.095
 90 300 06 54 30   0.839   2.902   5.147   5.972
 90 300 06 55 30   1.056   3.129   4.979   5.987
 90 300 06 56 30   1.128   3.018   4.977   5.934
 90 300 06 57 30   1.421   2.880   4.835   5.816
 90 300 06 58 30   1.690   2.992   4.651   5.795
 90 300 06 59 30   1.289   3.059   4.765   5.820
 90 300 07 00 30   1.028   2.817   5.211   6.017
 90 300 07 01 30   1.658   2.294   5.071   5.821
 90 300 07 02 30   1.289   3.011   4.886   5.931
 90 300 07 03 30   1.062   2.726   5.107   5.890
 90 300 07 04 30   0.487   2.761   4.999   5.744
 90 300 07 05 30  -0.004   3.081   4.855   5.762
 90 300 07 06 30   0.834   3.057   4.762   5.743
 90 300 07 07 30   0.916   2.951   4.664   5.646
 90 300 07 08 30   0.995   2.681   4.892   5.680
 90 300 07 09 30   1.308   3.068   4.747   5.812
 90 300 07 10 30   1.155   3.189   4.462   5.611
 90 300 07 11 30   0.437   2.991   4.645   5.602
 90 300 07 12 30   0.379   3.255   4.456   5.568
 90 300 07 13 30   0.375   3.470   4.345   5.604
 90 300 07 14 30   0.292   3.402   4.409   5.593
 90 300 07 15 30  -0.265   3.742   4.079   5.583
 90 300 07 16 30  -0.104   3.140   4.726   5.692
 90 300 07 17 30   0.074   3.637   4.251   5.612
 90 300 07 18 30  -0.135   3.743   4.132   5.590
 90 300 07 19 30   0.193   3.707   4.181   5.603
 90 300 07 20 30   0.270   3.883   4.005   5.590
 90 300 07 21 30  -0.377   3.506   4.264   5.548
 90 300 07 22 30  -0.767   3.707   4.039   5.563
 90 300 07 23 30  -0.125   3.644   4.032   5.451
 90 300 07 24 30  -0.344   3.637   4.105   5.508
 90 300 07 25 30  -0.484   3.761   3.978   5.500
 90 300 07 26 30  -0.641   3.840   3.865   5.497
 90 300 07 27 30  -0.367   3.979   3.730   5.475
 90 300 07 28 30  -0.080   3.893   3.734   5.462
 90 300 07 29 30   2.414   4.174   2.641   5.537
 90 300 07 30 30   2.962   4.082   1.977   5.443
 90 300 07 31 30   2.321   4.247   2.535   5.486
 90 300 07 32 30   1.955   4.443   2.581   5.514
 90 300 07 33 30   2.513   4.053   2.662   5.547
 90 300 07 34 30   1.974   4.464   2.516   5.519
 90 300 07 35 30   1.497   4.491   2.657   5.463
 90 300 07 36 30   0.077   4.514   2.907   5.448
 90 300 07 37 30  -1.180   3.781   3.681   5.674
 90 300 07 38 30  -2.702   3.257   3.517   5.681
 90 300 07 39 30  -2.854   2.447   4.181   5.692
 90 300 07 40 30  -2.682   2.041   4.755   5.833
 90 300 07 41 30  -2.676   2.101   4.729   5.832
 90 300 07 42 30  -3.004   1.685   4.740   5.873
 90 300 07 43 30  -3.289   1.420   4.689   5.907
 90 300 07 44 30  -3.204   1.473   4.752   5.926
 90 300 07 45 30  -3.018   1.599   4.769   5.879
 90 300 07 46 30  -2.538   2.135   4.780   5.828
 90 300 07 47 30  -2.602   2.085   4.726   5.793
 90 300 07 48 30  -1.995   2.192   4.918   5.753
 90 300 07 49 30  -2.290   1.886   4.948   5.776
 90 300 07 50 30  -1.925   1.747   5.120   5.759
 90 300 07 51 30  -2.066   2.199   4.813   5.691
 90 300 07 52 30  -2.018   1.876   5.006   5.722
 90 300 07 53 30  -2.050   1.817   5.012   5.733
 90 300 07 54 30  -2.032   1.887   5.024   5.754
 90 300 07 55 30  -2.422   2.355   4.317   5.580
 90 300 07 56 30  -3.099   2.875   3.437   5.475
 90 300 07 57 30  -2.987   2.912   3.605   5.521
 90 300 07 58 30  -3.132   3.223   3.169   5.505
 90 300 07 59 30  -3.081   3.064   3.332   5.484
 90 300 08 00 30  -3.053   3.005   3.350   5.453
 90 300 08 01 30  -3.221   3.011   3.096   5.416
 90 300 08 02 30  -3.220   2.854   3.203   5.372
 90 300 08 03 30  -3.404   2.393   3.408   5.404
 90 300 08 04 30  -3.546   2.521   3.181   5.407
 90 300 08 05 30  -3.795   2.266   3.048   5.373
 90 300 08 06 30  -4.246   1.706   2.865   5.410
 90 300 08 07 30  -3.848   2.055   3.057   5.332
 90 300 08 08 30  -3.517   3.090   2.548   5.371
 90 300 08 09 30  -3.420   3.592   2.415   5.519
 90 300 08 10 30  -3.425   3.721   2.196   5.518
 90 300 08 11 30  -3.420   3.822   1.951   5.489
 90 300 08 12 30  -3.394   3.843   1.865   5.457
 90 300 08 13 30  -3.496   3.677   1.444   5.284
 90 300 08 14 30  -3.447   3.744   1.661   5.372
 90 300 08 15 30  -3.418   3.563   0.291   5.035
 90 300 08 16 30  -3.343   3.559  -0.029   4.895
 90 300 08 17 30  -3.248   3.517   0.547   4.833
 90 300 08 18 30  -2.395   3.374   2.423   4.838
 90 300 08 19 30  -2.407   3.409   2.290   4.769
 90 300 08 20 30  -2.476   3.475   2.022   4.746
 90 300 08 21 30  -2.612   3.374   1.712   4.797
 90 300 08 22 30  -2.761   3.720   1.093   4.801
 90 300 08 23 30  -2.966   3.694   0.343   4.788
 90 300 08 24 30  -2.963   3.617   0.596   4.739
 90 300 08 25 30  -2.971   3.588  -0.361   4.684
 90 300 08 26 30  -2.822   3.690  -0.075   4.659
 90 300 08 27 30  -2.963   3.624  -0.038   4.695
 90 300 08 28 30  -2.924   3.600  -0.219   4.682
 90 300 08 29 30  -2.755   3.574  -1.302   4.715
 90 300 08 30 30  -2.430   3.115  -2.587   4.729
 90 300 08 31 30  -2.414   2.976  -2.790   4.745
 90 300 08 32 30  -2.597   3.275  -1.891   4.716
 90 300 08 33 30  -3.041   3.467  -0.720   4.671
 90 300 08 34 30  -3.158   3.394  -0.757   4.700
 90 300 08 35 30  -2.961   3.499  -0.756   4.657
 90 300 08 36 30  -2.669   3.688  -0.655   4.614
 90 300 08 37 30  -2.998   3.451  -0.817   4.651
 90 300 08 38 30  -3.060   3.383  -1.096   4.700
 90 300 08 39 30  -3.258   3.109  -1.359   4.725
 90 300 08 40 30  -2.960   3.319  -1.228   4.626
 90 300 08 41 30  -3.178   2.791  -1.633   4.551
 90 300 08 42 30  -3.318   2.415  -2.135   4.630
 90 300 08 43 30  -3.297   2.209  -2.383   4.638
 90 300 08 44 30  -3.287   2.098  -2.454   4.619
 90 300 08 45 30  -3.299   2.430  -1.927   4.530
 90 300 08 46 30  -3.351   2.443  -2.006   4.608
 90 300 08 47 30  -3.410   2.223  -2.065   4.595
 90 300 08 48 30  -3.633   1.822  -2.117   4.612
 90 300 08 49 30  -3.654   2.038  -2.243   4.777
 90 300 08 50 30  -3.688   1.816  -2.507   4.827
 90 300 08 51 30  -3.576   2.089  -2.464   4.876
 90 300 08 52 30  -3.577   2.491  -2.389   4.972
 90 300 08 53 30  -3.596   2.537  -2.247   4.945
 90 300 08 54 30  -3.466   2.715  -2.136   4.896
 90 300 08 55 30  -3.532   2.800  -2.015   4.940
 90 300 08 56 30  -3.581   2.839  -1.848   4.934
 90 300 08 57 30  -3.656   2.848  -1.942   5.037
 90 300 08 58 30  -3.556   2.964  -2.231   5.148
 90 300 08 59 30  -3.495   3.034  -1.912   5.013
 90 300 09 00 30  -3.576   2.873  -1.656   4.886
 90 300 09 01 30  -3.594   2.906  -1.689   4.926
 90 300 09 02 30  -3.365   2.966  -1.116   4.635
 90 300 09 03 30  -3.009   2.914  -1.262   4.386
 90 300 09 04 30  -3.006   3.141  -2.287   4.983
 90 300 09 05 30  -2.678   3.489  -2.099   4.895
 90 300 09 06 30  -3.014   3.571  -1.590   4.944
 90 300 09 07 30  -2.818   4.097   0.077   5.096
 90 300 09 08 30  -3.286   3.296  -1.839   5.014
 90 300 09 09 30  -3.503   3.528  -1.431   5.178
 90 300 09 10 30  -3.171   3.807  -0.798   5.062
 90 300 09 11 30  -3.019   3.955  -0.200   4.997
 90 300 09 12 30  -3.298   4.040  -0.208   5.224
 90 300 09 13 30  -3.295   4.015  -0.323   5.214
 90 300 09 14 30  -3.304   4.096  -0.377   5.282
 90 300 09 15 30  -3.249   4.128  -0.156   5.265
 90 300 09 16 30  -3.324   4.068  -0.057   5.259
 90 300 09 17 30  -3.155   4.201   0.287   5.283
 90 300 09 18 30  -2.766   4.407   0.801   5.267
 90 300 09 19 30  -2.689   4.482   0.743   5.285
 90 300 09 20 30  -2.733   4.433   0.945   5.302
 90 300 09 21 30  -3.063   3.735  -0.681   5.060
 90 300 09 22 30  -3.376   3.472  -1.342   5.034
 90 300 09 23 30  -3.195   3.658  -0.987   4.960
 90 300 09 24 30  -3.192   3.777  -0.496   4.975
 90 300 09 25 30  -3.170   3.815  -0.583   5.002
 90 300 09 26 30  -3.033   3.958  -0.278   5.006
 90 300 09 27 30  -3.008   4.198  -0.016   5.185
 90 300 09 28 30  -3.341   4.213   0.124   5.385
 90 300 09 29 30  -3.239   4.155   0.735   5.332
 90 300 09 30 30  -3.272   4.255  -0.096   5.381
 90 300 09 31 30  -3.226   4.332  -0.446   5.423
 90 300 09 32 30  -3.125   4.399  -0.387   5.414
 90 300 09 33 30  -2.896   4.521  -0.290   5.383
 90 300 09 34 30  -2.967   4.177  -1.473   5.346
 90 300 09 35 30  -2.816   4.094  -2.041   5.375
 90 300 09 36 30  -2.622   4.197  -1.825   5.309
 90 300 09 37 30  -3.066   3.942  -0.916   5.292
 90 300 09 38 30  -3.444   3.997   0.387   5.317
 90 300 09 39 30  -4.004   3.527   0.084   5.353
 90 300 09 40 30  -4.054   3.485   0.328   5.361
 90 300 09 41 30  -3.964   3.561   0.565   5.364
 90 300 09 42 30  -3.898   3.647   0.474   5.360
 90 300 09 43 30  -4.004   3.494   0.540   5.343
 90 300 09 44 30  -3.993   3.516   0.638   5.359
 90 300 09 45 30  -3.843   3.658   0.621   5.343
 90 300 09 46 30  -3.502   3.892   0.659   5.290
 90 300 09 47 30  -3.429   3.912   0.704   5.251
 90 300 09 48 30  -3.392   3.955   0.363   5.243
 90 300 09 49 30  -3.327   4.017   0.180   5.231
 90 300 09 50 30  -3.417   3.965   0.458   5.256
 90 300 09 51 30  -3.373   3.995  -0.037   5.238
 90 300 09 52 30  -3.375   3.985  -0.388   5.239
 90 300 09 53 30  -3.137   4.117   0.351   5.235
 90 300 09 54 30  -3.163   4.144  -0.440   5.271
 90 300 09 55 30  -3.203   4.154  -0.718   5.297
 90 300 09 56 30  -3.276   4.086  -0.467   5.273
 90 300 09 57 30  -3.187   4.077   1.089   5.302
 90 300 09 58 30  -3.261   4.046   0.888   5.277
 90 300 09 59 30  -3.370   4.070   0.095   5.300
 90 300 10 00 30  -3.356   4.121  -0.091   5.326
 90 300 10 01 30  -3.248   4.173  -0.770   5.347
 90 300 10 02 30  -3.364   4.139  -0.486   5.357
 90 300 10 03 30  -3.203   4.241  -0.551   5.344
 90 300 10 04 30  -3.312   4.180  -0.665   5.376
 90 300 10 05 30  -3.193   4.200  -0.568   5.321
 90 300 10 06 30  -3.001   4.304  -0.476   5.270
 90 300 10 07 30  -3.228   4.191  -0.673   5.334
 90 300 10 08 30  -3.295   4.120  -0.811   5.338
 90 300 10 09 30  -3.245   4.099  -0.545   5.271
 90 300 10 10 30  -3.329   4.075  -0.353   5.276
 90 300 10 11 30  -2.930   4.316  -0.347   5.233
 90 300 10 12 30  -3.619   3.720   0.497   5.234
 90 300 10 13 30  -3.929   3.447   0.640   5.269
 90 300 10 14 30  -3.810   3.480   0.831   5.237
 90 300 10 15 30  -3.840   3.446   0.880   5.241
 90 300 10 16 30  -3.919   3.303   0.976   5.230
 90 300 10 17 30  -3.788   3.403   0.992   5.192
 90 300 10 18 30  -3.380   3.828   0.862   5.182
 90 300 10 19 30  -3.693   3.599   0.730   5.214
 90 300 10 20 30  -3.749   3.583   0.682   5.233
 90 300 10 21 30  -3.787   3.545   0.695   5.234
 90 300 10 22 30  -3.614   3.680   0.649   5.202
 90 300 10 23 30  -3.864   3.366   0.883   5.201
 90 300 10 24 30  -3.523   3.706   0.575   5.155
 90 300 10 25 30  -3.488   3.715   0.666   5.145
 90 300 10 26 30  -3.854   3.382   0.587   5.172
 90 300 10 27 30  -3.399   3.779   0.131   5.129
 90 300 10 28 30  -3.170   3.911  -0.129   5.041
 90 300 10 29 30  -2.778   4.140  -0.468   5.016
 90 300 10 30 30  -2.655   4.094  -0.492   4.920
 90 300 10 31 30  -2.808   3.947  -0.408   4.870
 90 300 10 32 30  -2.853   3.959  -0.251   4.888
 90 300 10 33 30  -2.788   4.013  -0.492   4.914
 90 300 10 34 30  -2.711   4.024  -0.592   4.891
 90 300 10 35 30  -2.556   4.104  -0.845   4.915
 90 300 10 36 30  -2.461   4.104  -1.039   4.898
 90 300 10 37 30  -2.514   4.047  -1.003   4.876
 90 300 10 38 30  -2.721   3.928  -0.875   4.863
 90 300 10 39 30  -2.567   3.989  -0.929   4.836
 90 300 10 40 30  -2.529   3.984  -1.007   4.827
 90 300 10 41 30  -2.328   4.084  -0.952   4.798
 90 300 10 42 30  -2.266   4.076  -0.955   4.765
 90 300 10 43 30  -2.195   4.148  -0.763   4.757
 90 300 10 44 30  -2.204   4.182  -0.689   4.779
 90 300 10 45 30  -2.376   4.062  -0.761   4.772
 90 300 10 46 30  -2.523   3.982  -0.641   4.761
 90 300 10 47 30  -2.466   3.973  -0.753   4.747
 90 300 10 48 30  -2.607   3.789  -1.267   4.785
 90 300 10 49 30  -2.634   3.771  -1.071   4.725
 90 300 10 50 30  -2.737   3.576  -1.270   4.687
 90 300 10 51 30  -2.757   3.631  -0.498   4.693
 90 300 10 52 30  -2.782   3.823   0.122   4.744
 90 300 10 53 30  -3.155   3.448  -1.048   4.798
 90 300 10 54 30  -3.090   3.579  -0.773   4.815
 90 300 10 55 30  -2.917   3.737  -0.020   4.747
 90 300 10 56 30  -3.030   3.685  -0.370   4.788
 90 300 10 57 30  -2.983   3.803  -0.491   4.860
 90 300 10 58 30  -3.020   3.759  -0.325   4.837
 90 300 10 59 30  -3.097   3.762  -0.122   4.876
 90 300 11 00 30  -3.177   3.676   0.022   4.864
 90 300 11 01 30  -3.145   3.632   0.362   4.824
 90 300 11 02 30  -3.217   3.703  -0.296   4.924
 90 300 11 03 30  -3.243   3.691  -0.188   4.919
 90 300 11 04 30  -3.252   3.659   0.068   4.899
 90 300 11 05 30  -3.216   3.717   0.247   4.926
 90 300 11 06 30  -3.320   3.630   0.248   4.928
 90 300 11 07 30  -3.299   3.600   0.217   4.890
 90 300 11 08 30  -3.417   3.498   0.239   4.898
 90 300 11 09 30  -3.563   3.384   0.327   4.927
 90 300 11 10 30  -3.580   3.432   0.324   4.973
 90 300 11 11 30  -3.688   3.297   0.345   4.964
 90 300 11 12 30  -3.597   3.485   0.184   5.020
 90 300 11 13 30  -3.733   3.215   0.463   4.970
 90 300 11 14 30  -2.916   3.480   1.971   4.998
 90 300 11 15 30  -3.107   3.481   1.897   5.046
 90 300 11 16 30  -2.835   3.633   1.855   5.004
 90 300 11 17 30  -2.975   3.631   1.752   5.022
 90 300 11 18 30  -2.837   3.699   1.795   5.006
 90 300 11 19 30  -2.628   3.824   1.904   5.024
 90 300 11 20 30  -2.345   3.840   2.166   5.014
 90 300 11 21 30  -2.128   3.453   2.192   5.023
 90 300 11 22 30  -3.696   3.169   0.789   4.935
 90 300 11 23 30  -3.736   3.058   0.656   4.902
 90 300 11 24 30  -3.033   3.579   1.331   4.877
 90 300 11 25 30  -2.487   3.530   2.020   4.843
 90 300 11 26 30  -0.035   2.293   4.193   4.812
 90 300 11 27 30  -0.749   3.271   3.517   4.892
 90 300 11 28 30  -0.673   3.337   3.507   4.892
 90 300 11 29 30  -0.809   3.270   3.518   4.874
 90 300 11 30 30  -0.878   3.244   3.548   4.889
 90 300 11 31 30  -0.790   3.216   3.617   4.909
 90 300 11 32 30  -0.509   3.207   3.623   4.874
 90 300 11 33 30  -0.363   3.236   3.617   4.869
 90 300 11 34 30  -0.384   3.347   3.535   4.887
 90 300 11 35 30  -1.246   3.447   3.161   4.859
 90 300 11 36 30  -1.447   3.329   3.237   4.866
 90 300 11 37 30  -1.494   3.497   3.037   4.880
 90 300 11 38 30  -1.590   3.563   2.875   4.858
 90 300 11 39 30  -1.784   3.503   2.769   4.817
 90 300 11 40 30  -1.821   3.403   2.866   4.823
 90 300 11 41 30  -2.404   3.327   2.489   4.817
 90 300 11 42 30  -2.875   3.061   2.371   4.835
 90 300 11 43 30  -3.361   2.785   1.947   4.797
 90 300 11 44 30  -3.618   2.729   1.380   4.747
 90 300 11 45 30  -3.991   2.315   1.157   4.791
 90 300 11 46 30  -3.963   2.401   1.212   4.802
 90 300 11 47 30  -3.997   2.392   1.055   4.795
 90 300 11 48 30  -3.988   2.336   1.151   4.774
 90 300 11 49 30  -3.570   2.813   1.363   4.751
 90 300 11 50 30  -3.555   2.912   1.235   4.761
 90 300 11 51 30  -3.504   2.940   1.316   4.763
 90 300 11 52 30  -3.793   2.514   1.478   4.791
 90 300 11 53 30  -3.549   2.293   2.179   4.761
 90 300 11 54 30  -3.459   2.763   1.623   4.719
 90 300 11 55 30  -3.358   2.782   1.713   4.708
 90 300 11 56 30  -3.387   2.793   1.794   4.747
 90 300 11 57 30  -3.385   2.885   1.564   4.716
 90 300 11 58 30  -3.349   3.013   1.289   4.689
 90 300 11 59 30  -3.377   3.000   1.316   4.707
 90 300 12 00 30  -3.478   3.091   1.263   4.823
 90 300 12 01 30  -3.555   3.017   1.483   4.894
 90 300 12 02 30  -3.539   2.921   1.620   4.868
 90 300 12 03 30  -3.569   2.810   1.754   4.874
 90 300 12 04 30  -3.051   3.252   1.225   4.628
 90 300 12 05 30  -2.944   3.335   1.274   4.636
 90 300 12 06 30  -2.795   3.363   1.396   4.599
 90 300 12 07 30  -2.514   3.568   1.156   4.536
 90 300 12 08 30  -2.435   3.676   0.946   4.516
 90 300 12 09 30  -2.178   3.873   0.437   4.489
 90 300 12 10 30  -1.910   4.048  -0.086   4.488
 90 300 12 11 30  -2.008   4.002   0.205   4.531
 90 300 12 12 30  -2.585   3.631  -0.927   4.557
 90 300 12 13 30  -2.545   3.703  -0.837   4.575
 90 300 12 14 30  -2.513   3.680  -0.756   4.526
 90 300 12 15 30  -2.608   3.686  -0.876   4.603
 90 300 12 16 30  -2.448   3.585  -1.156   4.494
 90 300 12 17 30  -2.582   3.409  -0.720   4.346
 90 300 12 18 30  -2.578   3.476  -0.599   4.372
 90 300 12 19 30  -2.640   3.033  -1.555   4.334
 90 300 12 20 30  -2.423   3.324  -1.020   4.246
 90 300 12 21 30  -2.324   3.434  -0.548   4.194
 90 300 12 22 30  -2.335   3.456  -0.473   4.208
 90 300 12 23 30  -2.568   3.411  -0.160   4.284
 90 300 12 24 30  -2.669   3.423   0.281   4.356
 90 300 12 25 30  -2.899   3.111   0.422   4.287
 90 300 12 26 30  -2.818   3.202   0.765   4.355
 90 300 12 27 30  -2.662   3.310   1.267   4.445
 90 300 12 28 30  -2.904   2.941   1.666   4.493
 90 300 12 29 30  -2.838   3.242   1.386   4.531
 90 300 12 30 30  -2.722   2.634   2.482   4.590
 90 300 12 31 30  -2.740   3.148   1.661   4.507
 90 300 12 32 30  -2.638   3.137   1.005   4.266
 90 300 12 33 30  -2.625   3.098   0.914   4.170
 90 300 12 34 30  -2.776   3.057   0.924   4.255
 90 300 12 35 30  -2.616   2.889   1.996   4.414
 90 300 12 36 30  -3.006   1.765   2.967   4.589
 90 300 12 37 30  -2.735   2.343   2.564   4.456
 90 300 12 38 30  -2.938   2.329   2.583   4.558
 90 300 12 39 30  -2.814   2.384   2.605   4.531
 90 300 12 40 30  -2.492   2.435   2.617   4.423
 90 300 12 41 30  -1.611   1.949   3.433   4.280
 90 300 12 42 30  -1.733   1.966   3.579   4.440
 90 300 12 43 30  -1.875   1.896   3.467   4.384
 90 300 12 44 30  -1.479   1.612   3.959   4.524
 90 300 12 45 30  -1.823   1.734   3.675   4.476
 90 300 12 46 30  -1.681   1.810   3.676   4.452
 90 300 12 47 30  -2.052   2.017   3.209   4.313
 90 300 12 48 30  -1.952   2.150   3.130   4.272
 90 300 12 49 30  -1.941   2.246   2.990   4.219
 90 300 12 50 30  -2.067   2.344   2.661   4.120
 90 300 12 51 30  -2.336   2.273   2.467   4.104
 90 300 12 52 30  -2.345   2.535   2.292   4.174
 90 300 12 53 30  -2.554   2.591   2.312   4.421
 90 300 12 54 30  -2.509   2.959   2.147   4.455
 90 300 12 55 30  -2.591   3.238   0.844   4.312
 90 300 12 56 30  -2.941   3.829   0.208   4.842
 90 300 12 57 30  -2.937   3.802   0.493   4.843
 90 300 12 58 30  -2.968   3.513   1.575   4.880
 90 300 12 59 30  -3.051   3.297   1.762   4.854
 90 300 13 00 30  -3.114   3.568   1.652   5.018
 90 300 13 01 30  -3.056   3.373   2.034   4.989
 90 300 13 02 30  -3.117   3.505   1.669   4.993
 90 300 13 03 30  -3.092   3.577   1.598   4.994
 90 300 13 04 30  -3.062   3.736   1.074   4.953
 90 300 13 05 30  -3.126   3.554   1.215   4.916
 90 300 13 06 30  -2.855   3.213   2.234   4.863
 90 300 13 07 30  -3.110   3.337   1.266   4.772
 90 300 13 08 30  -3.009   3.169   2.349   4.988
 90 300 13 09 30  -3.054   3.105   2.628   5.091
 90 300 13 10 30  -3.031   3.036   2.630   5.033
 90 300 13 11 30  -2.826   3.049   2.647   4.931
 90 300 13 12 30  -3.084   2.962   2.351   4.883
 90 300 13 13 30  -2.966   3.189   1.987   4.792
 90 300 13 14 30  -2.868   3.404   1.730   4.778
 90 300 13 15 30  -2.728   3.585   1.457   4.739
 90 300 13 16 30  -2.628   3.793   1.179   4.770
 90 300 13 17 30  -2.683   3.719   1.176   4.810
 90 300 13 18 30  -3.423   3.008   2.331   5.124
 90 300 13 19 30  -3.309   3.210   2.210   5.115
 90 300 13 20 30  -3.381   3.008   2.349   5.105
 90 300 13 21 30  -3.327   3.022   2.405   5.100
 90 300 13 22 30  -3.231   3.112   2.424   5.101
 90 300 13 23 30  -3.246   3.080   2.460   5.109
 90 300 13 24 30  -3.297   3.077   2.458   5.137
 90 300 13 25 30  -3.423   3.018   2.346   5.132
 90 300 13 26 30  -3.304   3.088   2.379   5.113
 90 300 13 27 30  -3.137   3.230   2.413   5.110
 90 300 13 28 30  -3.172   3.241   2.333   5.102
 90 300 13 29 30  -3.295   3.174   2.277   5.113
 90 300 13 30 30  -3.412   3.021   2.326   5.119
 90 300 13 31 30  -3.400   3.052   2.282   5.116
 90 300 13 32 30  -3.464   2.924   2.287   5.080
 90 300 13 33 30  -3.490   2.657   2.555   5.085
 90 300 13 34 30  -3.528   2.731   2.334   5.040
 90 300 13 35 30  -3.506   2.869   2.244   5.058
 90 300 13 36 30  -3.501   2.919   2.225   5.073
 90 300 13 37 30  -3.477   2.884   2.293   5.067
 90 300 13 38 30  -3.513   2.912   2.182   5.058
 90 300 13 39 30  -3.525   2.916   2.150   5.056
 90 300 13 40 30  -3.569   2.953   2.048   5.066
 90 300 13 41 30  -3.547   3.007   1.965   5.050
 90 300 13 42 30  -3.580   2.964   1.933   5.036
 90 300 13 43 30  -3.712   2.813   1.972   5.059
 90 300 13 44 30  -3.744   2.794   1.915   5.051
 90 300 13 45 30  -3.740   2.804   1.870   5.038
 90 300 13 46 30  -3.817   2.768   1.782   5.043
 90 300 13 47 30  -4.006   2.648   1.510   5.045
 90 300 13 48 30  -4.073   2.615   1.519   5.075
 90 300 13 49 30  -3.588   2.898   2.105   5.075
 90 300 13 50 30  -3.666   2.886   2.003   5.081
 90 300 13 51 30  -3.796   2.910   1.730   5.091
 90 300 13 52 30  -3.753   2.915   1.907   5.125
 90 300 13 53 30  -3.736   2.883   1.952   5.118
 90 300 13 54 30  -3.774   2.868   1.911   5.119
 90 300 13 55 30  -3.685   2.910   2.059   5.130
 90 300 13 56 30  -3.732   2.947   1.969   5.150
 90 300 13 57 30  -3.632   2.992   2.131   5.168
 90 300 13 58 30  -3.545   2.824   2.434   5.149
 90 300 13 59 30  -3.734   2.842   2.037   5.125
 90 300 14 00 30  -3.850   2.917   1.540   5.077
 90 300 14 01 30  -3.796   2.970   1.590   5.081
 90 300 14 02 30  -3.801   2.947   1.639   5.087
 90 300 14 03 30  -3.883   2.813   1.704   5.094
 90 300 14 04 30  -3.953   2.808   1.518   5.089
 90 300 14 05 30  -3.947   2.950   1.260   5.098
 90 300 14 06 30  -3.908   2.924   1.382   5.080
 90 300 14 07 30  -4.005   2.801   1.423   5.097
 90 300 14 08 30  -4.023   2.773   1.457   5.103
 90 300 14 09 30  -4.055   2.715   1.462   5.102
 90 300 14 10 30  -4.024   2.733   1.551   5.113
 90 300 14 11 30  -4.044   2.655   1.644   5.121
 90 300 14 12 30  -4.119   2.581   1.584   5.117
 90 300 14 13 30  -4.086   2.626   1.618   5.126
 90 300 14 14 30  -4.114   2.701   1.473   5.142
 90 300 14 15 30  -4.102   2.704   1.466   5.135
 90 300 14 16 30  -4.123   2.668   1.525   5.147
 90 300 14 17 30  -4.119   2.477   1.729   5.118
 90 300 14 18 30  -4.136   2.452   1.733   5.120
 90 300 14 19 30  -4.119   2.553   1.699   5.138
 90 300 14 20 30  -4.088   2.507   1.848   5.143
 90 300 14 21 30  -4.008   2.429   2.117   5.143
 90 300 14 22 30  -4.062   2.440   1.928   5.118
 90 300 14 23 30  -4.132   2.471   1.709   5.110
 90 300 14 24 30  -4.188   2.472   1.461   5.081
 90 300 14 25 30  -4.308   2.349   1.367   5.096
 90 300 14 26 30  -4.476   1.999   1.425   5.112
 90 300 14 27 30  -4.600   1.695   1.465   5.128
 90 300 14 28 30  -4.315   2.361   1.382   5.110
 90 300 14 29 30  -4.393   2.143   1.516   5.119
 90 300 14 30 30  -4.306   2.295   1.486   5.102
 90 300 14 31 30  -4.333   2.299   1.396   5.103
 90 300 14 32 30  -4.352   2.394   1.142   5.098
 90 300 14 33 30  -4.602   1.958   1.232   5.153
 90 300 14 34 30  -4.580   2.011   1.213   5.149
 90 300 14 35 30  -4.620   1.983   1.350   5.207
 90 300 14 36 30  -4.403   2.217   1.267   5.097
 90 300 14 37 30  -4.200   2.458   0.952   4.963
 90 300 14 38 30  -3.947   2.650   0.926   4.850
 90 300 14 39 30  -3.759   2.730   0.719   4.706
 90 300 14 40 30  -3.813   2.661   0.721   4.708
 90 300 14 41 30  -3.760   2.744   0.761   4.722
 90 300 14 42 30  -3.709   2.723   0.776   4.672
 90 300 14 43 30  -3.582   2.744   0.717   4.580
 90 300 14 44 30  -3.606   2.794   0.615   4.607
 90 300 14 45 30  -3.901   2.771   0.556   4.822
 90 300 14 46 30  -3.888   2.676   0.549   4.762
 90 300 14 47 30  -3.595   2.797   0.654   4.609
 90 300 14 48 30  -3.470   2.775   0.709   4.521
 90 300 14 49 30  -3.598   2.791   0.685   4.613
 90 300 14 50 30  -3.689   2.835   0.747   4.715
 90 300 14 51 30  -3.861   2.862   0.764   4.868
 90 300 14 52 30  -3.784   2.963   0.611   4.847
 90 300 14 53 30  -3.813   2.851   0.629   4.806
 90 300 14 54 30  -3.874   2.808   0.580   4.824
 90 300 14 55 30  -3.900   2.667   0.773   4.790
 90 300 14 56 30  -3.855   2.779   0.885   4.838
 90 300 14 57 30  -3.839   2.804   0.832   4.833
 90 300 14 58 30  -3.905   2.786   0.537   4.830
 90 300 14 59 30  -3.928   2.782   0.556   4.847
 90 300 15 00 30  -3.931   2.798   0.592   4.862
 90 300 15 01 30  -3.886   2.879   0.590   4.874
 90 300 15 02 30  -3.893   2.849   0.369   4.842
 90 300 15 03 30  -3.791   2.872   0.116   4.772
 90 300 15 04 30  -3.903   2.691   0.328   4.779
 90 300 15 05 30  -3.957   2.631   0.668   4.802
 90 300 15 06 30  -3.918   2.812   0.401   4.845
 90 300 15 07 30  -4.003   2.722   0.361   4.860
 90 300 15 08 30  -3.993   2.689   0.641   4.862
 90 300 15 09 30  -4.172   2.652   0.244   4.969
 90 300 15 10 30  -4.181   2.704   0.511   5.008
 90 300 15 11 30  -4.279   2.591   0.563   5.036
 90 300 15 12 30  -4.214   2.673   0.589   5.027
 90 300 15 13 30  -4.128   2.767   0.692   5.019
 90 300 15 14 30  -4.098   2.613   0.396   4.880
 90 300 15 15 30  -3.836   2.428   0.679   4.603
 90 300 15 16 30  -3.932   2.378   0.646   4.649
 90 300 15 17 30  -4.035   2.372   0.226   4.691
 90 300 15 18 30  -3.879   2.496   0.477   4.643
 90 300 15 19 30  -3.900   2.455   0.448   4.639
 90 300 15 20 30  -3.930   2.362   0.651   4.657
 90 300 15 21 30  -3.901   2.156   1.034   4.593
 90 300 15 22 30  -3.946   2.149   1.085   4.653
 90 300 15 23 30  -4.259   2.222   0.652   4.854
 90 300 15 24 30  -4.385   2.001   0.607   4.861
 90 300 15 25 30  -4.388   1.994   0.597   4.861
 90 300 15 26 30  -4.289   2.048   0.777   4.819
 90 300 15 27 30  -4.205   1.999   1.023   4.772
 90 300 15 28 30  -4.064   1.878   1.114   4.621
 90 300 15 29 30  -4.132   2.113   0.933   4.767
 90 300 15 30 30  -4.285   2.566  -0.230   5.014
 90 300 15 31 30  -4.235   2.635  -0.408   5.008
 90 300 15 32 30  -4.457   2.299   0.087   5.021
 90 300 15 33 30  -4.561   2.202   0.277   5.078
 90 300 15 34 30  -4.517   2.215   0.123   5.042
 90 300 15 35 30  -4.448   2.372  -0.346   5.058
 90 300 15 36 30  -4.582   2.053   0.103   5.044
 90 300 15 37 30  -4.663   1.868   0.398   5.050
 90 300 15 38 30  -4.654   1.899   0.385   5.054
 90 300 15 39 30  -4.590   2.072  -0.251   5.045
 90 300 15 40 30  -4.641   1.980  -0.321   5.059
 90 300 15 41 30  -4.537   2.162  -0.421   5.046
 90 300 15 42 30  -4.491   2.251  -0.468   5.048
 90 300 15 43 30  -4.516   2.194  -0.399   5.039
 90 300 15 44 30  -4.478   2.197  -0.477   5.013
 90 300 15 45 30  -4.465   2.206  -0.524   5.012
 90 300 15 46 30  -4.518   2.204  -0.580   5.064
 90 300 15 47 30  -4.551   2.071  -0.523   5.030
 90 300 15 48 30  -4.588   1.971  -0.599   5.033
 90 300 15 49 30  -4.536   2.075  -0.488   5.016
 90 300 15 50 30  -4.579   2.052  -0.415   5.045
 90 300 15 51 30  -4.592   2.132  -0.379   5.080
 90 300 15 52 30  -4.634   2.005  -0.496   5.079
 90 300 15 53 30  -4.578   2.138  -0.338   5.067
 90 300 15 54 30  -4.524   2.197  -0.645   5.076
 90 300 15 55 30  -4.538   2.065  -0.785   5.052
 90 300 15 56 30  -4.578   1.916  -0.856   5.048
 90 300 15 57 30  -4.547   2.031  -0.717   5.033
 90 300 15 58 30  -4.449   2.229  -0.787   5.043
 90 300 15 59 30  -4.370   2.311  -0.781   5.025
 90 300 16 00 30  -4.435   2.223  -0.775   5.028
 90 300 16 01 30  -4.425   2.299  -0.608   5.032
 90 300 16 02 30  -4.382   2.375  -0.166   5.002
 90 300 16 03 30  -4.378   2.388  -0.231   4.998
 90 300 16 04 30  -4.316   2.474  -0.258   4.988
 90 300 16 05 30  -4.373   2.405  -0.084   4.999
 90 300 16 07 30  -4.215   2.587  -0.112   4.952
 90 300 16 08 30  -4.370   2.326   0.003   4.954
 90 300 16 09 30  -4.382   2.276  -0.138   4.949
 90 300 16 10 30  -4.327   2.343  -0.030   4.922
 90 300 17 06 30  -2.463   0.331   5.128   5.700
 90 300 17 07 30  -2.237   0.463   5.228   5.707
 90 300 17 08 30  -1.922   0.624   5.349   5.719
 90 300 17 09 30  -1.969   0.729   5.311   5.711
 90 300 17 16 30  -2.286   0.767   5.227   5.756
 90 300 17 17 30  -2.218   0.760   5.249   5.754
 90 300 17 18 30  -1.997   0.960   5.313   5.759
 90 300 17 19 30  -1.777   1.225   5.318   5.746
 90 300 17 20 30  -1.581   1.533   5.297   5.739
 90 300 17 21 30  -1.958   1.136   5.272   5.744
 90 300 17 22 30  -2.121   0.973   5.271   5.770
 90 300 17 23 30  -2.090   0.900   5.329   5.797
 90 300 17 24 30  -1.787   0.841   5.455   5.804
 90 300 17 25 30  -2.366   0.675   5.220   5.798
 90 300 17 26 30  -2.247   0.875   5.255   5.787
 90 300 17 27 30  -2.391   0.876   5.174   5.769
 90 300 17 28 30  -2.485   0.935   5.129   5.778
 90 300 17 29 30  -2.592   0.851   5.078   5.767
 90 300 17 30 30  -2.588   0.901   5.087   5.788
 90 300 17 31 30  -1.890   1.335   5.346   5.829
 90 300 17 32 30  -1.942   1.326   5.313   5.818
 90 300 17 33 30  -2.018   1.108   5.342   5.823
 90 300 17 34 30  -1.806   1.102   5.421   5.825
 90 300 17 35 30  -2.050   1.013   5.374   5.848
 90 300 17 36 30  -1.980   1.067   5.396   5.847
 90 300 17 37 30  -1.924   1.072   5.412   5.844
 90 300 17 38 30  -1.906   1.114   5.372   5.812
 90 300 17 39 30  -2.032   1.148   5.308   5.815
 90 300 17 40 30  -2.502   0.928   5.191   5.837
 90 300 17 42 30  -2.768   0.875   5.089   5.867
 90 300 17 43 30  -2.302   1.080   5.265   5.848
 90 300 17 44 30  -2.471   0.988   5.220   5.860
 90 300 17 45 30  -2.778   0.931   5.030   5.831
 90 300 17 46 30  -3.019   0.635   4.917   5.807
 90 300 17 47 30  -2.883   0.857   4.930   5.778
 90 300 17 48 30  -3.005   0.831   4.889   5.800
 90 300 17 49 30  -3.081   0.723   4.847   5.791
 90 300 17 54 30  -2.536   0.895   5.156   5.817
 90 300 17 55 30  -2.177   0.848   5.297   5.795
 90 300 17 56 30  -2.173   0.873   5.283   5.781
 90 300 17 57 30  -1.947   0.889   5.351   5.779
 90 300 17 58 30  -0.197   2.003   5.299   5.680
 90 300 17 59 30  -0.559   1.632   5.418   5.703
 90 300 18 00 30  -0.759   1.273   5.471   5.723
 90 300 18 01 30  -0.250   2.045   5.284   5.674
 90 300 18 02 30  -0.928   1.781   5.337   5.706
 90 300 18 03 30  -1.021   1.747   5.330   5.702
 90 300 18 04 30  -0.966   1.813   5.323   5.706
 90 300 18 05 30  -1.025   1.775   5.336   5.717
 90 300 18 14 30  -0.811   1.496   5.332   5.603
 90 300 18 15 30  -1.025   1.684   5.319   5.674
 90 300 18 16 30  -0.995   1.504   5.359   5.655
 90 300 18 17 30  -0.964   1.464   5.384   5.663
 90 300 18 18 30  -0.949   1.433   5.424   5.691
 90 300 18 19 30  -0.959   1.354   5.451   5.700
 90 300 18 20 30  -1.021   1.421   5.438   5.714
 90 300 18 21 30  -1.161   1.515   5.382   5.711
 90 300 18 22 30  -1.205   1.540   5.381   5.725
 90 300 18 23 30  -1.243   1.724   5.318   5.729
 90 300 18 24 30  -1.276   1.307   5.436   5.740
 90 300 18 25 30  -1.066   1.515   5.422   5.732
 90 300 18 26 30  -0.883   1.355   5.502   5.737
 90 300 18 27 30  -1.078   1.444   5.431   5.731
 90 300 18 28 30  -1.410   1.608   5.322   5.738
 90 300 18 29 30  -1.504   1.565   5.319   5.747
 90 300 18 30 30  -1.508   1.534   5.312   5.733
 90 300 18 31 30  -1.714   1.548   5.237   5.729
 90 300 18 32 30  -1.447   1.589   5.340   5.758
 90 300 18 33 30  -1.446   1.486   5.376   5.768
 90 300 18 34 30  -1.868   1.526   5.256   5.785
 90 300 18 35 30  -1.822   1.592   5.232   5.770
 90 300 18 36 30  -0.821   1.259   5.396   5.604
 90 300 18 37 30  -0.527   1.353   5.456   5.651
 90 300 18 38 30  -0.636   1.451   5.413   5.643
 90 300 18 39 30  -0.810   1.556   5.385   5.665
 90 300 18 40 30  -0.845   1.603   5.324   5.631
 90 300 18 41 30  -0.446   1.322   5.422   5.610
 90 300 18 42 30  -0.888   1.321   5.400   5.639
 90 300 18 43 30  -1.226   1.516   5.383   5.725
 90 300 18 44 30  -1.214   1.635   5.375   5.749
 90 300 18 45 30  -0.712   1.910   5.328   5.715
 90 300 18 46 30  -0.526   1.981   5.341   5.725
 90 300 18 47 30  -0.599   1.894   5.374   5.731
 90 300 18 48 30  -1.020   1.741   5.375   5.744
 90 300 18 49 30  -0.741   2.109   5.291   5.749
 90 300 18 50 30  -0.998   2.015   5.371   5.834
 90 300 18 51 30  -0.870   2.121   5.375   5.846
 90 300 18 52 30  -0.716   2.125   5.382   5.837
 90 300 18 53 30  -1.120   2.128   5.306   5.828
 90 300 18 54 30  -1.088   2.175   5.254   5.791
 90 300 18 55 30  -0.979   2.175   5.295   5.810
 90 300 18 56 30  -1.228   2.061   5.299   5.821
 90 300 18 57 30  -1.179   2.078   5.331   5.846
 90 300 18 58 30  -0.614   2.259   5.325   5.822
 90 300 18 59 30  -0.313   2.189   5.311   5.753
 90 300 19 00 30  -0.323   2.003   5.373   5.746
 90 300 19 01 30  -0.676   2.013   5.404   5.808
 90 300 19 02 30  -0.854   2.140   5.327   5.805
 90 300 19 03 30  -0.714   1.999   5.305   5.748
 90 300 19 04 30  -0.547   2.140   5.390   5.829
 90 300 19 05 30  -0.490   2.484   5.210   5.798
 90 300 19 06 30  -0.226   2.526   5.194   5.784
 90 300 19 07 30  -0.397   2.465   5.183   5.758
 90 300 19 08 30  -0.715   2.438   5.099   5.700
 90 300 19 09 30  -1.042   2.159   4.712   5.429
 90 300 19 10 30  -4.143   0.511   3.485   5.469
 90 300 19 11 30  -3.957   0.618   3.757   5.508
 90 300 19 12 30  -3.670   0.912   3.948   5.478
 90 300 19 13 30  -3.286   1.240   4.134   5.444
 90 300 19 14 30  -3.863   0.938   3.786   5.494
 90 300 19 15 30  -3.982   1.101   3.681   5.539
 90 300 19 16 30  -3.979   1.226   3.629   5.525
 90 300 19 17 30  -3.970   0.925   3.730   5.532
 90 300 19 18 30  -3.999   0.473   3.755   5.518
 90 300 19 19 30  -3.969   0.472   3.759   5.501
 90 300 19 20 30  -3.864   0.716   3.848   5.507
 90 300 19 21 30  -3.794   0.786   3.893   5.498
 90 300 19 22 30  -3.677   0.919   3.969   5.493
 90 300 19 23 30  -3.469   1.070   4.103   5.487
 90 300 19 24 30  -3.561   1.155   4.012   5.492
 90 300 19 25 30  -3.571   1.268   3.962   5.491
 90 300 19 26 30  -3.434   1.613   3.940   5.488
 90 300 19 27 30  -4.176   1.070   3.349   5.517
 90 300 19 28 30  -3.840   1.014   3.736   5.534
 90 300 19 29 30  -3.275   1.416   4.197   5.525
 90 300 19 30 30  -2.775   1.660   4.483   5.531
 90 300 19 31 30  -2.653   1.667   4.572   5.546
 90 300 19 32 30  -2.443   1.808   4.647   5.555
 90 300 19 33 30  -2.468   1.704   4.641   5.535
 90 300 19 34 30  -2.576   1.926   4.477   5.526
 90 300 19 35 30  -2.234   1.768   4.757   5.549
 90 300 19 36 30  -2.584   1.736   4.604   5.576
 90 300 19 37 30  -2.858   1.543   4.504   5.561
 90 300 19 38 30  -3.134   1.388   4.399   5.583
 90 300 19 39 30  -3.215   1.476   4.471   5.712
 90 300 19 40 30  -2.159   1.798   4.894   5.657
 90 300 19 41 30  -2.983   1.461   4.522   5.627
 90 300 19 42 30  -3.152   1.492   4.412   5.643
 90 300 19 43 30  -3.162   1.482   4.424   5.659
 90 300 19 44 30  -3.544   1.484   4.190   5.697
 90 300 19 45 30  -2.073   1.698   4.938   5.706
 90 300 19 46 30  -1.502   1.867   5.154   5.688
 90 300 19 47 30  -1.438   2.070   5.097   5.688
 90 300 19 48 30  -1.410   2.190   5.127   5.752
 90 300 19 49 30  -1.380   2.285   5.101   5.759
 90 300 19 50 30  -2.056   1.799   5.044   5.774
 90 300 19 51 30  -2.001   2.054   4.969   5.754
 90 300 19 52 30  -2.209   1.844   4.997   5.770
 90 300 19 53 30  -1.705   1.973   5.103   5.732
 90 300 19 54 30  -1.544   2.077   5.146   5.761
 90 300 19 55 30  -1.514   2.139   5.201   5.826
 90 300 19 56 30  -1.089   2.540   5.153   5.852
 90 300 19 57 30  -0.762   2.703   5.104   5.833
 90 300 19 58 30  -0.534   2.895   5.013   5.818
 90 300 19 59 30  -1.074   2.410   4.895   5.624
 90 300 20 00 30  -1.212   2.304   4.906   5.574
 90 300 20 01 30  -0.148   2.196   4.981   5.452
 90 300 20 02 30  -1.236   1.488   5.146   5.519
 90 300 20 03 30  -1.553   1.321   5.108   5.547
 90 300 20 04 30  -1.446   1.069   5.203   5.534
 90 300 20 05 30  -1.870   0.890   5.224   5.630
 90 300 20 06 30  -2.500   1.111   4.958   5.671
 90 300 20 07 30  -2.591   0.836   4.929   5.635
 90 300 20 08 30  -2.540   0.300   5.071   5.684
 90 300 20 09 30  -2.844   0.574   4.851   5.662
 90 300 20 10 30  -2.577   0.376   4.976   5.623
 90 300 20 11 30  -2.688   0.707   4.855   5.609
 90 300 20 12 30  -2.671   0.371   4.976   5.684
 90 300 20 13 30  -2.488   0.192   5.052   5.642
 90 300 20 14 30  -2.347   0.680   4.920   5.518
 90 300 20 15 30  -2.733  -2.312  -2.512   5.320
 90 300 20 16 30  -2.702  -3.146  -4.044   5.797
 90 300 20 17 30  -2.676  -3.052  -4.221   5.859
 90 300 20 18 30  -2.647  -1.711  -4.482   5.525
 90 300 20 19 30  -2.951  -1.717  -4.106   5.353
 90 300 20 20 30  -2.124  -0.879  -4.606   5.239
 90 300 20 21 30  -3.187  -1.593  -4.358   5.682
 90 300 20 22 30  -2.463  -0.678  -4.956   5.613
 90 300 20 23 30  -2.741  -1.147  -4.886   5.749
 90 300 20 24 30  -2.827  -2.122  -4.662   5.911
 90 300 20 25 30  -2.378  -2.634  -4.780   5.966
 90 300 20 26 30  -2.908  -2.246  -4.738   6.000
 90 300 20 27 30  -2.785  -3.219  -4.156   6.022
 90 300 20 28 30  -2.528  -4.499  -2.885   5.929
 90 300 20 29 30  -2.720  -4.090  -3.094   5.850
 90 300 20 30 30  -2.637  -3.781  -3.325   5.776
 90 300 20 31 30  -2.680  -2.758  -4.190   5.720
 90 300 20 32 30  -2.551  -2.710  -4.342   5.725
 90 300 20 33 30  -2.621  -2.865  -4.049   5.694
 90 300 20 34 30  -2.289  -4.431  -2.452   5.571
 90 300 20 35 30  -1.952  -4.493  -2.188   5.481
 90 300 20 36 30  -2.976  -2.999  -3.445   5.456
 90 300 20 37 30  -2.920  -3.076  -3.438   5.463
 90 300 20 38 30  -2.552  -3.220  -3.524   5.440
 90 300 20 39 30  -2.130  -3.651  -3.426   5.465
 90 300 20 40 30  -2.642  -3.015  -3.695   5.483
 90 300 20 41 30  -2.755  -3.053  -3.603   5.484
 90 300 20 42 30  -3.226  -2.820  -3.438   5.504
 90 300 20 43 30  -3.488  -2.530  -3.469   5.541
 90 300 20 44 30  -3.240  -2.154  -3.970   5.564
 90 300 20 45 30  -2.943  -2.127  -4.117   5.512
 90 300 20 46 30  -2.516  -2.162  -4.407   5.525
 90 300 20 47 30  -2.698  -2.227  -4.310   5.567
 90 300 20 48 30  -2.514  -2.438  -4.293   5.546
 90 300 20 49 30  -2.483  -2.629  -4.352   5.668
 90 300 20 50 30  -3.082  -2.483  -4.155   5.754
 90 300 20 51 30  -3.057  -2.858  -4.055   5.852
 90 300 20 52 30  -2.695  -2.817  -4.100   5.760
 90 300 20 53 30  -2.067  -2.535  -4.717   5.754
 90 300 20 54 30  -2.374  -2.510  -4.605   5.789
 90 300 20 55 30  -2.260  -2.566  -4.787   5.890
 90 300 20 56 30  -2.546  -2.729  -4.608   5.936
 90 300 20 57 30  -2.292  -2.608  -4.696   5.881
 90 300 20 58 30  -1.876  -1.508  -5.346   5.871
 90 300 20 59 30  -1.820  -1.015  -5.311   5.738
 90 300 21 00 30  -2.475  -1.046  -5.046   5.740
 90 300 21 01 30  -2.548  -1.260  -4.979   5.749
 90 300 21 02 30  -2.543  -1.829  -4.871   5.801
 90 300 21 03 30  -3.039  -1.503  -4.739   5.850
 90 300 21 04 30  -3.653  -1.113  -4.372   5.837
 90 300 21 05 30  -4.572  -0.622  -3.681   5.925
 90 300 21 06 30  -4.346  -1.248  -3.804   5.994
 90 300 21 07 30  -3.497  -1.091  -4.695   6.021
 90 300 21 08 30  -3.508  -0.941  -4.803   6.036
 90 300 21 09 30  -3.670  -1.253  -4.650   6.081
 90 300 21 10 30  -3.253  -1.194  -4.826   5.955
 90 300 21 11 30  -3.296  -1.077  -5.083   6.188
 90 300 21 12 30  -2.847  -0.926  -5.711   6.450
 90 300 21 13 30  -3.070  -0.843  -5.683   6.515
 90 300 21 14 30  -1.691  -0.483  -5.820   6.244
 90 300 21 15 30  -2.502  -0.703  -5.519   6.199
 90 300 21 16 30  -4.231  -2.039  -2.298   5.924
 90 300 21 17 30  -4.776  -3.515   0.005   5.938
 90 300 21 18 30  -4.686  -3.429  -0.294   5.822
 90 300 21 19 30  -4.691  -2.940  -0.970   5.674
 90 300 21 20 30  -4.389  -0.257  -3.052   5.751
 90 300 21 21 30  -4.345  -3.674   1.180   5.824
 90 300 21 22 30  -4.089  -3.891   1.277   5.795
 90 300 21 23 30  -3.778  -4.091   1.209   5.719
 90 300 21 24 30  -3.850  -4.032   1.058   5.678
 90 300 21 25 30  -3.646  -4.060   1.425   5.658
 90 300 21 26 30  -3.379  -3.944   2.230   5.663
 90 300 21 27 30  -3.420  -3.992   1.976   5.634
 90 300 21 28 30  -3.648  -3.901   1.725   5.629
 90 300 21 29 30  -3.643  -4.033   1.199   5.577
 90 300 21 30 30  -3.730  -3.909   1.191   5.538
 90 300 21 31 30  -3.709  -3.700   1.677   5.510
 90 300 21 32 30  -4.323  -2.376   2.254   5.485
 90 300 21 33 30  -3.461  -2.310   3.301   5.385
 90 300 21 34 30  -3.956  -1.674   2.815   5.449
 90 300 21 35 30  -4.304  -3.018   1.463   5.517
 90 300 21 36 30  -4.134  -3.239   1.454   5.474
 90 300 21 37 30  -4.170  -3.516   0.393   5.473
 90 300 21 38 30  -4.100  -3.600   0.230   5.475
 90 300 21 39 30  -3.784  -3.884   0.477   5.469
 90 300 21 40 30  -3.580  -4.034   0.553   5.441
 90 300 21 41 30  -3.484  -4.040   0.817   5.417
 90 300 21 42 30  -3.787  -3.896   0.396   5.459
 90 300 21 43 30  -3.951  -3.622   0.406   5.384
 90 300 21 44 30  -4.162  -3.421   0.142   5.406
 90 300 21 45 30  -4.283  -3.344   0.175   5.454
 90 300 21 46 30  -3.988  -3.669  -0.322   5.444
 90 300 21 47 30  -4.309  -1.503   1.315   5.005
 90 300 21 48 30  -3.473   1.328   3.438   5.125
 90 300 21 49 30  -3.929   0.780   3.291   5.238
 90 300 21 50 30  -3.369   1.446   3.568   5.201
 90 300 21 51 30  -2.531   1.899   3.943   5.076
 90 300 21 52 30  -1.818   1.553   4.460   5.092
 90 300 21 53 30  -3.132   0.415   2.662   4.908
 90 300 21 54 30  -4.523  -1.090   0.066   4.702
 90 300 21 55 30  -4.491  -1.532  -0.217   4.797
 90 300 21 56 30  -4.496  -1.756  -0.489   4.867
 90 300 21 57 30  -4.587  -1.930  -0.905   5.082
 90 300 21 58 30  -4.295  -1.615  -1.630   4.879
 90 300 21 59 30  -4.210  -1.072  -1.947   4.767
 90 300 22 00 30  -4.350  -1.251  -1.652   4.829
 90 300 22 01 30  -4.639  -1.213  -1.581   5.051
 90 300 22 02 30  -4.386  -1.369  -1.602   4.871
 90 300 22 03 30  -4.402  -1.695  -1.298   4.902
 90 300 22 04 30  -4.435  -1.823  -0.896   4.893
 90 300 22 05 30  -4.499  -1.725  -0.491   4.850
 90 300 22 06 30  -4.516  -1.686  -0.366   4.849
 90 300 22 07 30  -4.439  -1.217  -1.119   4.766
 90 300 22 08 30  -4.524  -1.566  -0.424   4.816
 90 300 22 09 30  -4.499  -1.643  -0.644   4.879
 90 300 22 10 30  -4.600  -0.940   0.358   4.761
 90 300 22 11 30  -4.163  -1.787  -1.006   4.651
 90 300 22 12 30  -4.713  -2.004  -1.250   5.278
 90 300 22 13 30  -4.647  -2.058  -1.390   5.273
 90 300 22 14 30  -4.681  -1.948  -1.082   5.197
 90 300 22 15 30  -4.385  -1.752  -0.360   4.754
 90 300 22 16 30  -4.371  -1.248   0.297   4.597
 90 300 22 17 30  -4.436  -0.860   1.015   4.642
 90 300 22 18 30  -4.330  -0.979   1.082   4.581
 90 300 22 19 30  -4.314  -1.302   0.898   4.614
 90 300 22 20 30  -4.278  -1.745   1.195   4.798
 90 300 22 21 30  -4.629  -1.910   0.047   5.019
 90 300 22 22 30  -4.654  -2.050   0.273   5.124
 90 300 22 23 30  -4.728  -2.404  -0.575   5.337
 90 300 22 24 30  -4.823  -2.310  -0.212   5.355
 90 300 22 25 30  -4.814  -2.208   0.154   5.301
 90 300 22 26 30  -4.766  -2.256   0.211   5.281
 90 300 22 27 30  -4.778  -2.298   0.110   5.305
 90 300 22 28 30  -4.729  -2.493  -0.124   5.349
 90 300 22 29 30  -4.713  -2.532   0.187   5.358
 90 300 22 30 30  -4.590  -2.580   0.309   5.280
 90 300 22 31 30  -4.554  -2.419  -0.170   5.176
 90 300 22 32 30  -3.996  -2.874   0.987   5.064
 90 300 22 33 30  -4.047  -2.806   0.415   4.963
 90 300 22 34 30  -4.401  -2.570   0.138   5.103
 90 300 22 35 30  -4.210  -2.037   1.708   4.987
 90 300 22 36 30  -4.394  -2.493   0.314   5.180
 90 300 22 37 30  -4.520  -2.931  -0.768   5.446
 90 300 22 38 30  -4.649  -2.960  -0.487   5.537
 90 300 22 39 30  -4.715  -2.866  -0.302   5.529
 90 300 22 40 30  -4.818  -2.719  -0.138   5.538
 90 300 22 41 30  -4.718  -2.945  -0.224   5.569
 90 300 22 42 30  -4.832  -2.829   0.110   5.602
 90 300 22 43 30  -4.677  -3.050   0.230   5.591
 90 300 22 44 30  -4.700  -2.963   0.302   5.565
 90 300 22 45 30  -4.773  -2.770   0.574   5.554
 90 300 22 46 30  -4.699  -2.787   0.526   5.494
 90 300 22 47 30  -4.618  -2.740   0.877   5.453
 90 300 22 48 30  -4.435  -2.792   1.125   5.362
 90 300 22 49 30  -4.897  -2.317   0.658   5.471
 90 300 22 50 30  -5.135  -1.951  -0.116   5.513
 90 300 22 51 30  -5.181  -1.846   0.553   5.536
 90 300 22 52 30  -5.122  -1.986   0.470   5.518
 90 300 22 53 30  -5.034  -2.100   0.384   5.484
 90 300 22 54 30  -4.501  -2.547   1.550   5.433
 90 300 22 55 30  -4.789  -2.236   1.112   5.404
 90 300 22 56 30  -4.562  -2.291   1.678   5.391
 90 300 22 57 30  -4.507  -2.339   1.627   5.371
 90 300 22 58 30  -3.773  -2.611   2.748   5.425
 90 300 22 59 30  -4.398  -2.502   1.797   5.479
 90 300 23 00 30  -4.786  -1.653   1.825   5.395
 90 300 23 01 30  -4.790  -2.268   1.029   5.418
 90 300 23 02 30  -4.478  -2.951   1.025   5.466
 90 300 23 03 30  -4.708  -2.511   1.012   5.460
 90 300 23 04 30  -4.442  -2.858   1.039   5.435
 90 300 23 05 30  -4.541  -2.253   1.463   5.322
 90 300 23 06 30  -4.195  -2.734   1.604   5.350
 90 300 23 07 30  -4.743  -1.737   1.406   5.330
 90 300 23 08 30  -2.933  -3.560   2.087   5.332
 90 300 23 09 30  -4.397  -2.132   1.909   5.307
 90 300 23 10 30  -4.545  -1.775   1.903   5.240
 90 300 23 11 30  -4.612  -1.696   1.767   5.228
 90 300 23 12 30  -4.648  -1.897   1.784   5.330
 90 300 23 13 30  -4.611  -1.955   1.684   5.285
 90 300 23 14 30  -4.523  -2.098   1.760   5.291
 90 300 23 15 30  -4.543  -2.246   1.640   5.333
 90 300 23 16 30  -4.482  -2.542   1.646   5.411
 90 300 23 17 30  -4.655  -2.111   1.726   5.398
 90 300 23 18 30  -4.513  -2.337   1.696   5.359
 90 300 23 19 30  -4.364  -1.430   2.043   5.228
 90 300 23 20 30  -4.238   0.432   2.649   5.031
 90 300 23 21 30  -4.401   0.157   2.581   5.119
 90 300 23 22 30  -4.373  -0.377   2.575   5.096
 90 300 23 23 30  -4.406  -0.543   2.414   5.065
 90 300 23 24 30  -4.462  -1.125   2.304   5.150
 90 300 23 25 30  -4.343  -1.137   2.490   5.144
 90 300 23 26 30  -4.007  -0.227   2.875   4.960
 90 300 23 27 30  -3.669   0.679   3.281   5.012
 90 300 23 28 30  -3.212   1.496   3.845   5.244
 90 300 23 29 30  -2.939   1.656   3.822   5.100
 90 300 23 30 30  -2.575   1.927   3.791   5.003
 90 300 23 31 30  -2.753   1.692   3.750   4.962
 90 300 23 32 30  -3.277   1.031   3.503   4.975
 90 300 23 33 30  -2.898   1.394   3.725   4.967
 90 300 23 34 30  -2.390   1.872   3.912   4.984
 90 300 23 35 30  -1.976   2.336   4.207   5.213
 90 300 23 36 30  -1.936   2.233   4.144   5.097
 90 300 23 37 30  -1.858   2.299   4.061   5.027
 90 300 23 38 30  -2.346   1.954   3.984   5.030
 90 300 23 39 30  -2.876   1.513   3.832   5.038
 90 300 23 40 30  -2.626   0.978   4.042   5.057
 90 300 23 41 30  -2.968   1.004   3.986   5.082
 90 300 23 42 30  -2.971   1.220   3.905   5.069
 90 300 23 43 30  -3.357   0.735   3.563   4.977
 90 300 23 44 30  -3.774   0.110   3.152   4.943
 90 300 23 45 30  -4.203   0.011   2.663   4.989
 90 300 23 46 30  -4.170  -0.406   2.596   4.953
 90 300 23 47 30  -3.905  -0.257   3.050   4.979
 90 300 23 48 30  -3.923  -0.456   3.010   4.977
 90 300 23 49 30  -3.901  -0.389   3.062   4.986
 90 300 23 50 30  -3.924  -0.446   2.985   4.985
 90 300 23 51 30  -3.888  -1.123   2.847   4.962
 90 300 23 52 30  -3.954  -0.637   2.884   4.977
 90 300 23 53 30  -3.634   0.163   3.379   4.977
 90 300 23 54 30  -3.347   0.258   3.603   4.947
 90 300 23 55 30  -3.338   0.074   3.619   4.935
 90 300 23 56 30  -3.302  -0.115   3.716   4.980
 90 300 23 57 30  -2.956  -0.306   3.923   4.941
 90 300 23 58 30  -2.723  -0.224   4.088   4.924
 90 300 23 59 30  -3.137  -0.139   3.705   4.912
