 90 312 00 01 30  -1.439   3.755  -2.953   4.992
 90 312 00 02 30  -1.811   3.188  -3.432   5.033
 90 312 00 03 30  -1.730   3.464  -3.046   4.935
 90 312 00 04 30  -1.567   3.763  -2.660   4.905
 90 312 00 05 30  -1.799   3.390  -3.042   4.906
 90 312 00 06 30  -1.619   3.227  -3.331   4.919
 90 312 00 07 30  -1.733   3.210  -3.403   4.997
 90 312 00 08 30  -1.806   3.157  -3.432   5.005
 90 312 00 09 30  -0.994   2.872  -3.853   4.912
 90 312 00 10 30  -1.080   2.954  -3.793   4.932
 90 312 00 11 30  -1.397   2.376  -3.903   4.841
 90 312 00 12 30  -1.462   2.613  -3.806   4.858
 90 312 00 13 30  -0.295   3.379  -3.517   4.916
 90 312 00 14 30  -0.657   3.566  -3.213   4.880
 90 312 00 15 30  -0.336   4.083  -2.570   4.847
 90 312 00 16 30  -0.491   4.117  -2.309   4.751
 90 312 00 17 30  -0.242   4.047  -2.362   4.702
 90 312 00 18 30  -0.257   3.723  -2.793   4.667
 90 312 00 19 30  -0.576   3.970  -2.403   4.704
 90 312 00 20 30  -0.757   4.025  -2.265   4.684
 90 312 00 21 30  -0.484   4.053  -2.226   4.654
 90 312 00 22 30   0.114   4.387  -0.990   4.607
 90 312 00 23 30   0.223   4.532  -0.714   4.598
 90 312 00 24 30  -0.042   4.438  -0.976   4.568
 90 312 00 25 30   0.231   4.109  -2.046   4.644
 90 312 00 26 30   0.337   3.719  -3.046   4.822
 90 312 00 27 30   0.563   3.693  -2.939   4.766
 90 312 00 28 30   0.206   3.794  -2.738   4.686
 90 312 00 29 30   0.430   3.700  -3.022   4.812
 90 312 00 30 30   0.310   3.668  -3.163   4.858
 90 312 00 31 30   0.169   3.583  -3.277   4.862
 90 312 00 32 30   0.253   3.530  -3.309   4.850
 90 312 00 33 30   0.542   3.431  -3.202   4.729
 90 312 00 34 30   0.424   3.339  -3.406   4.797
 90 312 00 35 30   0.753   3.261  -3.330   4.727
 90 312 00 36 30   0.525   3.136  -3.512   4.743
 90 312 00 37 30   0.669   3.183  -3.451   4.746
 90 312 00 38 30   0.863   3.216  -3.399   4.773
 90 312 00 39 30   0.722   3.192  -3.542   4.829
 90 312 00 40 30   0.619   2.821  -3.700   4.707
 90 312 00 41 30   0.597   1.822  -3.914   4.408
 90 312 00 42 30   1.320   3.995  -1.271   4.407
 90 312 00 43 30   1.336   4.030  -0.986   4.378
 90 312 00 44 30   1.295   4.179  -0.519   4.411
 90 312 03 48 30  -1.045   4.444  -2.214   5.079
 90 312 03 49 30  -0.877   4.472  -2.222   5.079
 90 312 03 50 30  -0.659   4.569  -1.871   4.988
 90 312 03 51 30  -1.234   4.368  -2.031   4.990
 90 312 03 52 30  -1.496   3.669  -2.807   5.029
 90 312 03 53 30  -1.793   1.929  -4.384   5.118
 90 312 03 54 30  -1.792   1.919  -4.423   5.148
 90 312 03 55 30  -2.033   1.983  -4.380   5.224
 90 312 03 56 30  -1.966   1.983  -4.378   5.197
 90 312 03 57 30  -1.962   2.030  -4.382   5.216
 90 312 03 58 30  -2.388   2.006  -4.243   5.278
 90 312 03 59 30  -2.772   1.730  -4.363   5.458
 90 312 04 00 30  -1.569   2.805  -4.011   5.161
 90 312 04 01 30  -2.675   1.092  -4.090   5.019
 90 312 04 02 30  -2.830   0.985  -4.042   5.035
 90 312 04 03 30  -2.303   1.857  -3.842   4.875
 90 312 04 04 30  -2.017   2.512  -3.651   4.872
 90 312 04 05 30  -1.996   2.779  -3.468   4.881
 90 312 04 06 30  -1.950   2.699  -3.619   4.928
 90 312 04 07 30  -1.821   3.473  -3.242   5.123
 90 312 04 08 30  -1.444   3.873  -3.114   5.179
 90 312 04 09 30  -1.361   4.139  -2.836   5.201
 90 312 04 10 30  -1.910   3.717  -3.063   5.200
 90 312 04 11 30  -1.828   3.770  -2.878   5.170
 90 312 04 12 30  -2.003   4.125  -3.089   5.532
 90 312 04 13 30  -2.103   4.084  -2.867   5.424
 90 312 04 14 30  -2.174   3.955  -2.852   5.347
 90 312 04 15 30  -1.831   4.439  -2.498   5.446
 90 312 04 16 30  -1.394   4.857  -2.343   5.574
 90 312 04 17 30  -1.302   5.066  -2.101   5.640
 90 312 04 18 30  -1.271   5.104  -2.200   5.703
 90 312 04 19 30  -1.156   5.246  -1.919   5.710
 90 312 04 20 30  -0.611   5.155  -1.976   5.559
 90 312 04 21 30  -0.577   5.223  -2.038   5.640
 90 312 04 22 30  -0.862   5.082  -1.851   5.509
 90 312 04 23 30  -0.921   5.098  -1.655   5.488
 90 312 04 24 30  -0.523   5.166  -1.630   5.471
 90 312 04 25 30  -0.142   5.169  -1.518   5.430
 90 312 04 26 30   0.896   5.248  -1.264   5.475
 90 312 04 27 30   0.862   5.312  -1.189   5.514
 90 312 04 28 30   0.890   5.305  -1.030   5.479
 90 312 04 29 30   0.739   5.246  -1.123   5.421
 90 312 04 30 30   0.492   5.221  -1.108   5.364
 90 312 04 31 30   0.653   5.233  -1.003   5.373
 90 312 04 32 30   0.745   5.253  -0.905   5.384
 90 312 04 33 30   0.923   5.260  -0.764   5.396
 90 312 04 34 30   0.570   5.101  -0.890   5.225
 90 312 04 35 30   0.464   5.065  -0.861   5.162
 90 312 04 36 30   0.704   5.092  -0.794   5.215
 90 312 04 37 30   1.095   5.003  -0.938   5.209
 90 312 04 38 30  -0.303   4.537  -1.395   4.822
 90 312 04 39 30  -0.583   4.660  -1.213   4.867
 90 312 04 40 30  -1.839   4.836  -0.636   5.234
 90 312 04 41 30  -1.633   4.834   0.219   5.137
 90 312 04 42 30  -1.524   5.163   0.653   5.425
 90 312 04 43 30  -1.468   5.227   0.857   5.500
 90 312 04 44 30  -1.045   5.099   0.861   5.279
 90 312 04 45 30  -1.004   4.978   1.181   5.238
 90 312 04 46 30  -1.172   5.313   0.575   5.475
 90 312 04 47 30  -1.127   5.345   0.657   5.504
 90 312 04 48 30  -1.367   5.282   0.636   5.500
 90 312 04 49 30  -1.817   4.991   0.529   5.344
 90 312 04 50 30  -1.984   4.708   0.229   5.124
 90 312 04 51 30  -2.076   4.430   0.052   4.909
 90 312 04 52 30  -2.033   4.409  -0.310   4.872
 90 312 04 53 30  -1.667   5.080   0.162   5.375
 90 312 04 54 30  -1.259   5.462   0.784   5.664
 90 312 04 55 30  -1.140   5.480   1.126   5.713
 90 312 04 56 30  -0.988   5.403   1.344   5.662
 90 312 04 57 30  -0.700   5.237   1.429   5.489
 90 312 04 58 30  -0.831   5.170   1.586   5.475
 90 312 04 59 30  -0.774   5.081   1.551   5.372
 90 312 05 00 30  -0.977   4.935   1.804   5.356
 90 312 05 01 30  -0.700   4.925   1.684   5.255
 90 312 05 02 30  -1.029   4.673   2.177   5.274
 90 312 05 03 30  -1.618   4.214   2.558   5.193
 90 312 05 04 30  -1.456   4.212   2.472   5.100
 90 312 05 05 30  -1.403   4.102   2.517   5.015
 90 312 05 06 30  -1.419   4.006   2.683   5.028
 90 312 05 07 30  -1.381   3.990   2.737   5.034
 90 312 05 08 30  -1.461   4.095   2.948   5.258
 90 312 05 09 30  -1.433   3.823   3.123   5.143
 90 312 05 10 30  -1.262   3.695   2.991   4.926
 90 312 05 11 30  -0.852   3.538   3.118   4.795
 90 312 05 12 30  -0.823   3.568   3.100   4.811
 90 312 05 13 30  -0.656   3.423   3.427   4.889
 90 312 05 14 30  -0.635   3.357   3.345   4.784
 90 312 05 15 30  -0.212   3.239   3.247   4.596
 90 312 05 16 30  -0.327   3.103   3.350   4.582
 90 312 05 17 30  -0.224   2.999   3.619   4.709
 90 312 05 18 30  -0.283   2.914   3.617   4.659
 90 312 05 19 30  -0.349   3.058   2.412   4.163
 90 312 05 20 30  -0.853   3.691   0.922   3.995
 90 312 05 21 30  -0.308   3.672   1.317   4.063
 90 312 05 22 30  -1.069   3.857   0.613   4.063
 90 312 05 23 30  -1.468   3.947   0.129   4.231
 90 312 05 24 30  -1.799   3.953  -1.344   4.570
 90 312 05 25 30  -1.830   4.011  -0.822   4.518
 90 312 05 26 30  -1.718   4.118  -0.882   4.557
 90 312 05 27 30  -1.508   4.089  -1.131   4.508
 90 312 05 28 30  -1.358   4.084  -1.218   4.477
 90 312 05 29 30  -1.313   3.871   1.134   4.834
 90 312 05 30 30  -1.986   3.627   2.310   4.873
 90 312 05 31 30  -2.036   3.466   3.832   5.576
 90 312 05 32 30  -2.130   3.472   4.294   5.941
 90 312 05 33 30  -1.926   3.960   4.383   6.255
 90 312 05 34 30  -1.859   3.449   4.666   6.102
 90 312 05 35 30  -2.058   3.650   4.262   5.981
 90 312 05 36 30  -2.059   3.756   4.087   5.923
 90 312 05 37 30  -2.261   3.944   4.038   6.089
 90 312 05 38 30  -1.828   3.710   4.617   6.205
 90 312 05 39 30  -1.696   3.468   4.873   6.218
 90 312 05 40 30  -1.593   3.161   4.792   5.960
 90 312 05 41 30  -1.600   3.140   5.024   6.140
 90 312 05 42 30  -1.400   2.834   5.411   6.274
 90 312 05 43 30  -1.094   2.409   5.408   6.026
 90 312 05 44 30  -1.325   2.541   5.130   5.879
 90 312 05 45 30  -0.986   2.534   5.137   5.820
 90 312 05 46 30  -0.749   2.025   5.148   5.591
 90 312 05 47 30  -0.674   2.091   5.066   5.527
 90 312 05 48 30  -1.173   2.559   5.061   5.815
 90 312 05 49 30  -1.304   2.747   5.243   6.064
 90 312 05 50 30  -1.208   2.734   5.277   6.066
 90 312 05 51 30  -1.265   2.637   5.129   5.906
 90 312 05 52 30  -1.266   2.553   4.943   5.708
 90 312 05 53 30  -1.142   2.564   5.065   5.793
 90 312 05 54 30  -0.958   2.541   5.220   5.887
 90 312 05 55 30  -1.017   2.537   5.166   5.849
 90 312 05 56 30  -1.125   2.517   5.213   5.900
 90 312 05 57 30  -1.238   2.510   5.055   5.794
 90 312 05 58 30  -1.735   3.578   3.325   5.477
 90 312 05 59 30  -2.279   4.737   1.467   5.484
 90 312 06 00 30  -2.351   4.554   1.728   5.410
 90 312 06 01 30  -2.221   4.362   1.869   5.262
 90 312 06 02 30  -2.161   4.491   1.715   5.273
 90 312 06 03 30  -2.034   4.245   1.884   5.085
 90 312 06 04 30  -1.850   4.155   2.010   4.975
 90 312 06 05 30  -1.806   4.076   1.968   4.876
 90 312 06 06 30  -1.779   4.087   1.978   4.879
 90 312 06 07 30  -1.938   4.018   2.033   4.907
 90 312 06 08 30  -1.902   4.024   2.215   4.974
 90 312 06 09 30  -1.929   4.122   2.554   5.221
 90 312 06 10 30  -2.281   3.994   2.752   5.362
 90 312 06 11 30  -2.272   3.875   2.731   5.264
 90 312 06 12 30  -2.229   3.924   2.675   5.249
 90 312 06 13 30  -1.921   3.965   2.569   5.108
 90 312 06 14 30  -1.764   3.891   2.843   5.134
 90 312 06 15 30  -1.701   3.710   2.896   5.012
 90 312 06 16 30  -1.607   3.555   3.066   4.974
 90 312 06 17 30  -1.354   3.511   3.117   4.894
 90 312 06 18 30  -1.563   3.559   3.063   4.951
 90 312 06 19 30  -1.406   3.665   3.071   4.996
 90 312 06 20 30  -1.296   3.511   3.395   5.062
 90 312 06 21 30  -1.725   3.573   3.715   5.446
 90 312 06 22 30  -1.758   3.655   3.670   5.475
 90 312 06 23 30  -1.780   3.562   3.455   5.273
 90 312 06 24 30  -1.809   3.811   3.476   5.467
 90 312 06 25 30  -1.857   3.655   3.485   5.383
 90 312 06 26 30  -1.755   3.725   3.345   5.307
 90 312 06 27 30  -1.632   3.813   3.342   5.329
 90 312 06 28 30  -1.607   3.742   3.467   5.352
 90 312 06 29 30  -1.530   3.509   3.463   5.164
 90 312 06 30 30  -1.811   4.163   2.810   5.367
 90 312 06 31 30  -2.060   4.648   2.269   5.570
 90 312 06 32 30  -1.943   4.727   2.802   5.831
 90 312 06 33 30  -1.978   4.663   2.848   5.813
 90 312 06 34 30  -1.700   4.129   2.880   5.317
 90 312 06 35 30  -1.660   4.135   3.103   5.438
 90 312 06 36 30  -1.780   4.536   3.309   5.892
 90 312 06 37 30  -1.714   4.693   3.371   6.032
 90 312 06 38 30  -1.652   4.463   3.433   5.877
 90 312 06 39 30  -1.757   3.712   3.712   5.553
 90 312 06 40 30  -1.624   3.054   3.853   5.180
 90 312 06 41 30  -1.809   3.316   3.594   5.232
 90 312 06 42 30  -1.922   3.382   3.407   5.175
 90 312 06 43 30  -2.028   3.430   3.383   5.231
 90 312 06 44 30  -1.887   3.444   3.398   5.197
 90 312 06 45 30  -1.760   3.565   3.425   5.250
 90 312 06 46 30  -1.675   3.462   3.539   5.228
 90 312 06 47 30  -1.643   3.522   3.615   5.311
 90 312 06 48 30  -1.604   3.385   3.614   5.212
 90 312 06 49 30  -1.110   3.526   4.307   5.677
 90 312 06 50 30  -0.954   3.389   4.040   5.361
 90 312 06 51 30  -1.121   3.382   4.220   5.525
 90 312 06 52 30  -0.978   3.256   4.295   5.481
 90 312 06 53 30  -1.124   3.250   4.089   5.345
 90 312 06 54 30  -1.011   3.258   3.994   5.259
 90 312 06 55 30  -1.015   3.440   3.732   5.177
 90 312 06 56 30  -0.926   3.510   3.740   5.214
 90 312 06 57 30  -1.014   3.455   3.947   5.347
 90 312 06 58 30  -1.034   3.276   4.097   5.348
 90 312 06 59 30  -1.012   3.119   4.148   5.290
 90 312 07 00 30  -1.042   3.069   4.136   5.256
 90 312 07 01 30  -0.879   2.980   4.203   5.228
 90 312 07 02 30  -0.755   2.825   4.307   5.211
 90 312 07 03 30  -0.782   2.797   4.281   5.175
 90 312 07 04 30  -0.812   2.862   4.431   5.341
 90 312 07 05 30  -1.309   3.049   4.067   5.291
 90 312 07 06 30  -0.958   2.630   3.954   4.876
 90 312 07 07 30  -0.611   2.280   3.961   4.616
 90 312 07 08 30  -0.632   2.589   3.871   4.705
 90 312 07 09 30  -0.640   2.647   4.066   4.896
 90 312 07 10 30  -0.677   2.646   4.144   4.965
 90 312 07 11 30  -0.628   2.607   4.201   4.985
 90 312 07 12 30  -0.849   2.736   4.116   5.017
 90 312 07 13 30  -0.968   2.712   4.096   5.009
 90 312 07 14 30  -0.906   2.655   4.101   4.971
 90 312 07 15 30  -0.790   2.696   4.081   4.956
 90 312 07 16 30  -0.715   2.628   4.151   4.967
 90 312 07 17 30  -0.740   2.538   4.164   4.934
 90 312 07 18 30  -0.757   2.479   4.165   4.909
 90 312 07 19 30  -0.712   2.440   4.180   4.907
 90 312 07 20 30  -0.759   2.510   4.015   4.801
 90 312 07 21 30  -0.792   2.237   4.019   4.669
 90 312 07 22 30  -0.842   2.594   3.748   4.640
 90 312 07 23 30  -1.077   2.847   3.518   4.655
 90 312 07 24 30  -1.127   2.571   3.719   4.663
 90 312 07 25 30  -1.178   2.637   3.665   4.670
 90 312 07 26 30  -1.270   2.859   3.501   4.696
 90 312 07 27 30  -1.422   2.782   3.480   4.682
 90 312 07 28 30  -1.133   2.572   3.895   4.807
 90 312 07 29 30  -1.364   3.176   3.362   4.863
 90 312 07 30 30  -1.453   3.956   2.407   4.861
 90 312 07 31 30  -1.733   4.413   1.668   5.057
 90 312 07 32 30  -1.898   4.482   1.441   5.079
 90 312 07 33 30  -1.741   4.692   1.941   5.372
 90 312 07 34 30  -1.657   4.603   2.165   5.355
 90 312 07 35 30  -1.552   4.480   2.342   5.291
 90 312 07 36 30  -1.504   4.411   2.387   5.238
 90 312 07 37 30  -1.513   4.391   2.342   5.202
 90 312 07 38 30  -1.589   4.392   2.334   5.222
 90 312 07 39 30  -1.642   4.330   2.514   5.272
 90 312 07 40 30  -1.450   2.746   3.576   4.898
 90 312 07 41 30  -1.447   2.374   3.849   4.795
 90 312 07 42 30  -1.776   2.949   3.738   5.083
 90 312 07 43 30  -1.818   3.186   3.648   5.177
 90 312 07 44 30  -1.904   3.165   3.731   5.257
 90 312 07 45 30  -1.935   2.873   3.516   4.937
 90 312 07 46 30  -1.868   2.794   3.544   4.887
 90 312 07 47 30  -1.746   3.055   3.385   4.885
 90 312 07 48 30  -1.786   3.140   3.490   5.024
 90 312 07 49 30  -1.763   3.108   3.425   4.952
 90 312 07 50 30  -1.892   2.873   3.521   4.927
 90 312 07 51 30  -1.868   2.829   3.426   4.823
 90 312 07 52 30  -1.914   2.860   3.496   4.908
 90 312 07 53 30  -1.865   2.773   3.501   4.842
 90 312 07 54 30  -2.006   2.906   3.566   5.025
 90 312 07 55 30  -2.056   3.178   3.296   5.021
 90 312 07 56 30  -2.048   3.170   3.062   4.861
 90 312 07 57 30  -1.944   3.073   2.818   4.603
 90 312 07 58 30  -1.811   3.013   2.975   4.615
 90 312 07 59 30  -1.779   3.099   2.436   4.393
 90 312 08 00 30  -1.865   2.592  -0.155   3.228
 90 312 08 01 30  -1.659   2.599   0.170   3.094
 90 312 08 02 30  -1.705   2.449   0.097   2.988
 90 312 08 03 30  -1.704   2.592  -0.097   3.108
 90 312 08 04 30  -1.834   2.657  -0.110   3.233
 90 312 08 05 30  -1.635   2.708   0.291   3.241
 90 312 08 06 30  -1.324   2.512   1.529   3.226
 90 312 08 07 30  -1.349   2.582   1.537   3.313
 90 312 08 08 30  -1.281   2.560   1.723   3.352
 90 312 08 09 30  -1.225   2.517   1.682   3.277
 90 312 08 10 30  -1.328   2.744   1.501   3.400
 90 312 08 11 30  -1.491   2.829   1.151   3.403
 90 312 08 12 30  -1.269   1.980   2.360   3.405
 90 312 08 13 30  -1.397   2.255   2.080   3.387
 90 312 08 14 30  -1.157   2.499   2.246   3.558
 90 312 08 15 30  -1.161   2.454   2.121   3.447
 90 312 08 16 30  -1.052   2.569   2.193   3.539
 90 312 08 17 30  -0.965   2.355   2.193   3.364
 90 312 08 18 30  -0.890   2.399   2.052   3.290
 90 312 08 19 30  -1.067   2.490   2.196   3.491
 90 312 08 20 30  -0.864   2.800   2.093   3.608
 90 312 08 21 30  -1.231   2.883   1.948   3.696
 90 312 08 22 30  -1.344   2.878   1.962   3.737
 90 312 08 23 30  -1.417   2.954   1.745   3.732
 90 312 08 24 30  -1.735   3.074   1.435   3.816
 90 312 08 25 30  -1.743   2.798   1.961   3.845
 90 312 08 26 30  -1.628   2.780   2.117   3.860
 90 312 08 27 30  -1.716   2.758   1.976   3.822
 90 312 08 28 30  -1.739   2.631   2.080   3.782
 90 312 08 29 30  -1.772   2.588   2.139   3.831
 90 312 08 30 30  -1.810   2.457   2.303   3.827
 90 312 08 31 30  -1.730   2.443   1.984   3.595
 90 312 08 32 30  -1.752   2.297   2.227   3.651
 90 312 08 33 30  -1.743   2.293   2.075   3.551
 90 312 08 34 30  -1.750   2.458   2.108   3.683
 90 312 08 35 30  -1.709   2.396   2.083   3.610
 90 312 08 36 30  -1.753   2.451   2.182   3.723
 90 312 08 37 30  -1.498   1.976   1.657   2.988
 90 312 08 38 30  -1.593   2.067   1.711   3.127
 90 312 08 39 30  -1.644   2.256   1.710   3.279
 90 312 08 40 30  -1.805   2.364   1.858   3.531
 90 312 08 41 30  -2.161   2.207   2.173   3.779
 90 312 08 42 30  -2.348   2.294   2.432   4.087
 90 312 08 43 30  -2.377   2.249   1.989   3.834
 90 312 08 44 30  -2.316   2.106   2.188   3.820
 90 312 08 45 30  -2.420   2.265   2.162   3.960
 90 312 08 46 30  -2.516   2.282   2.151   4.022
 90 312 08 47 30  -2.533   2.270   2.231   4.070
 90 312 08 48 30  -2.592   2.315   2.180   4.103
 90 312 08 49 30  -2.415   2.358   2.198   4.030
 90 312 08 50 30  -2.280   2.404   2.250   4.006
 90 312 08 51 30  -2.509   2.228   2.154   3.994
 90 312 08 52 30  -2.332   1.968   1.928   3.619
 90 312 08 53 30  -1.474   1.161   1.325   2.311
 90 312 08 54 30  -1.236   0.609   0.891   1.648
 90 312 08 55 30  -1.040   0.532   0.535   1.297
 90 312 08 56 30  -0.988   0.609   0.556   1.289
 90 312 08 57 30  -1.334   1.459   1.090   2.261
 90 312 08 58 30  -1.290   1.374   1.083   2.183
 90 312 08 59 30  -1.392   1.430   1.191   2.327
 90 312 09 00 30  -1.246   1.391   0.938   2.102
 90 312 09 01 30  -0.947   1.198   0.711   1.691
 90 312 09 02 30  -1.101   1.137   0.801   1.777
 90 312 09 03 30  -1.150   1.242   0.809   1.880
 90 312 09 04 30  -1.495   1.921   1.165   2.706
 90 312 09 05 30  -1.981   2.259   1.467   3.345
 90 312 09 06 30  -1.998   2.204   1.491   3.330
 90 312 09 07 30  -2.084   2.128   1.510   3.340
 90 312 09 08 30  -2.086   2.398   1.511   3.521
 90 312 09 09 30  -1.960   2.210   1.431   3.292
 90 312 09 10 30  -1.645   1.906   1.464   2.925
 90 312 09 11 30  -1.555   1.747   1.627   2.901
 90 312 09 12 30  -1.477   1.009   1.845   2.619
 90 312 09 13 30  -0.618   0.303   1.217   1.876
 90 312 09 14 30   0.031   0.373   1.750   2.025
 90 312 09 15 30  -0.467  -0.396   1.936   2.060
 90 312 09 16 30   0.068  -0.660   1.468   1.651
 90 312 09 17 30   0.182  -0.257   1.553   1.594
 90 312 09 18 30   0.412  -0.294   1.643   1.737
 90 312 09 19 30   0.807  -0.708   1.524   1.876
 90 312 09 20 30   0.748  -0.977   1.422   1.897
 90 312 09 21 30   0.612  -1.222   1.292   1.897
 90 312 09 22 30   0.408  -1.368   1.166   1.856
 90 312 09 23 30   0.130  -1.084   1.639   2.000
 90 312 09 24 30   0.123  -0.942   1.703   1.954
 90 312 09 25 30   0.067  -0.907   1.642   1.882
 90 312 09 26 30   0.169  -0.989   1.532   1.838
 90 312 09 27 30   0.503  -1.173   1.458   1.953
 90 312 09 28 30   0.429  -1.196   1.587   2.034
 90 312 09 29 30   0.408  -1.269   1.577   2.066
 90 312 09 30 30   0.367  -1.375   1.554   2.111
 90 312 09 31 30   0.295  -1.512   1.511   2.159
 90 312 09 32 30   0.250  -1.582   1.505   2.199
 90 312 09 33 30   0.294  -1.576   1.526   2.217
 90 312 09 34 30   0.244  -1.631   1.594   2.296
 90 312 09 35 30   0.234  -1.538   1.593   2.229
 90 312 09 36 30   0.237  -1.535   1.544   2.190
 90 312 09 37 30   0.254  -1.515   1.560   2.190
 90 312 09 38 30   0.228  -1.502   1.586   2.197
 90 312 09 39 30   0.174  -1.589   1.609   2.270
 90 312 09 40 30   0.076  -1.616   1.638   2.303
 90 312 09 41 30   0.032  -1.789   1.560   2.377
 90 312 09 42 30  -0.037  -1.978   1.539   2.514
 90 312 09 43 30  -0.009  -1.866   1.599   2.460
 90 312 09 44 30  -0.209  -1.625   1.752   2.400
 90 312 09 45 30  -0.090  -1.679   1.680   2.379
 90 312 09 46 30  -0.028  -1.624   1.658   2.323
 90 312 09 47 30  -0.013  -1.555   1.684   2.307
 90 312 09 48 30   0.132  -1.215   1.770   2.157
 90 312 09 49 30   0.037  -0.767   1.487   1.697
 90 312 09 50 30  -0.281  -0.372   1.416   1.512
 90 312 09 51 30  -0.385  -0.935   1.157   1.595
 90 312 09 52 30  -0.532  -1.383   0.749   1.686
 90 312 09 53 30  -0.384  -1.279   0.795   1.571
 90 312 09 54 30  -0.136  -1.111   1.072   1.554
 90 312 09 55 30  -0.038  -1.518   1.002   1.833
 90 312 09 56 30  -0.291  -1.482   0.972   1.806
 90 312 09 57 30  -0.584  -1.209   1.036   1.701
 90 312 09 58 30  -0.740  -1.146   1.085   1.751
 90 312 09 59 30  -0.596  -0.969   1.152   1.632
 90 312 10 00 30  -0.666  -0.690   1.205   1.549
 90 312 10 01 30  -0.606  -0.466   1.380   1.586
 90 312 10 02 30  -0.455  -0.328   1.475   1.582
 90 312 10 03 30  -0.428  -0.260   1.416   1.505
 90 312 10 04 30  -0.376   0.128   1.637   1.713
 90 312 10 05 30  -0.695   0.076   1.774   1.945
 90 312 10 06 30  -0.827  -0.001   1.973   2.150
 90 312 10 07 30  -0.894   0.448   2.078   2.308
 90 312 10 08 30  -0.838   0.296   2.075   2.277
 90 312 10 09 30  -0.948  -0.041   2.109   2.330
 90 312 10 10 30  -0.867  -0.076   2.053   2.236
 90 312 10 11 30  -0.994   0.470   2.034   2.318
 90 312 10 12 30  -0.857   0.203   2.111   2.288
 90 312 10 13 30  -0.651  -0.220   2.058   2.181
 90 312 10 14 30   0.063  -1.223   1.696   2.217
 90 312 10 15 30   1.564  -2.504  -0.775   3.063
 90 312 10 16 30   1.617  -2.581  -0.880   3.174
 90 312 10 17 30   1.643  -2.665  -0.918   3.263
 90 312 10 18 30   1.556  -2.655  -0.847   3.195
 90 312 10 19 30   1.545  -2.612  -0.841   3.150
 90 312 10 20 30   1.499  -2.518  -0.886   3.062
 90 312 10 21 30   1.491  -2.518  -0.960   3.081
 90 312 10 22 30   1.444  -2.776  -0.518   3.268
 90 312 10 23 30   1.186  -3.109   0.456   3.374
 90 312 10 24 30   1.218  -3.318   0.646   3.595
 90 312 10 25 30   1.222  -3.387   0.662   3.663
 90 312 10 26 30   1.139  -3.390   0.687   3.645
 90 312 10 27 30   1.038  -3.311   1.049   3.669
 90 312 10 28 30   0.583  -2.857   2.283   3.711
 90 312 10 29 30   0.618  -3.082   1.714   3.663
 90 312 10 30 30  -0.158  -2.485   2.440   3.837
 90 312 10 31 30  -0.984  -1.929   2.751   3.560
 90 312 10 32 30   1.210  -2.739  -0.077   3.232
 90 312 10 33 30   1.478  -3.182  -0.738   3.589
 90 312 10 34 30   1.474  -3.293  -0.774   3.691
 90 312 10 35 30   1.327  -3.264  -0.657   3.585
 90 312 10 36 30   1.221  -3.257  -0.381   3.502
 90 312 10 37 30   1.377  -3.116  -0.724   3.519
 90 312 10 38 30  -0.145  -1.773   2.137   3.128
 90 312 10 39 30  -0.014  -2.299   2.447   3.376
 90 312 10 40 30   0.305  -2.592   2.033   3.318
 90 312 10 41 30   0.713  -3.001   1.481   3.426
 90 312 10 42 30   1.090  -2.966   0.190   3.205
 90 312 10 43 30   1.192  -2.876  -0.318   3.132
 90 312 10 44 30   1.406  -3.248  -0.562   3.585
 90 312 10 45 30   1.526  -3.350  -0.782   3.769
 90 312 10 46 30   1.791  -3.446  -1.312   4.116
 90 312 10 47 30   1.659  -3.276  -1.251   3.886
 90 312 10 48 30   1.619  -3.259  -1.431   3.912
 90 312 10 49 30   1.733  -3.236  -1.684   4.042
 90 312 10 50 30   1.623  -3.201  -1.687   3.968
 90 312 10 51 30   1.565  -1.918  -2.784   3.798
 90 312 10 52 30   1.557  -1.650  -2.854   3.648
 90 312 10 53 30   1.504  -1.505  -2.928   3.628
 90 312 10 54 30   1.331  -1.062  -3.213   3.656
 90 312 10 55 30   1.506  -1.311  -3.371   3.942
 90 312 10 56 30   1.254   0.396  -4.561   4.789
 90 312 10 57 30   1.142   1.245  -5.022   5.302
 90 312 10 58 30   1.171   1.307  -5.032   5.342
 90 312 10 59 30   1.172   1.236  -5.122   5.400
 90 312 11 00 30   1.205   1.213  -5.297   5.569
 90 312 11 01 30   1.475   0.702  -5.158   5.414
 90 312 11 02 30   1.652   0.187  -5.086   5.354
 90 312 11 03 30   1.628   0.006  -4.616   4.897
 90 312 11 04 30   1.607   0.047  -4.755   5.031
 90 312 11 05 30   1.576  -0.125  -4.780   5.036
 90 312 11 06 30   1.624  -0.322  -4.387   4.695
 90 312 11 07 30   1.723  -0.940  -4.130   4.579
 90 312 11 08 30   1.535  -0.419  -4.054   4.358
 90 312 11 09 30   1.846  -1.809  -3.355   4.289
 90 312 11 10 30   1.986  -1.887  -3.820   4.709
 90 312 11 11 30   2.024  -2.054  -3.774   4.754
 90 312 11 12 30   1.860  -2.021  -3.512   4.460
 90 312 11 13 30   1.861  -1.949  -3.363   4.315
 90 312 11 14 30   1.793  -2.469  -2.692   4.080
 90 312 11 15 30   1.624  -2.975  -1.766   3.840
 90 312 11 16 30   1.814  -3.690  -1.474   4.377
 90 312 11 17 30   2.057  -6.122   0.067   6.490
 90 312 11 18 30   2.004  -6.102   0.157   6.429
 90 312 11 19 30   1.640  -5.404   0.685   5.800
 90 312 11 20 30   1.011  -4.819   2.070   5.426
 90 312 11 21 30   0.648  -5.647   3.674   6.778
 90 312 11 22 30   0.778  -6.111   3.476   7.078
 90 312 11 23 30   0.573  -5.563   3.815   6.813
 90 312 11 24 30  -0.013  -4.608   4.239   6.280
 90 312 11 25 30  -0.262  -4.314   3.914   5.893
 90 312 11 26 30  -0.877  -2.239   4.546   5.473
 90 312 11 27 30  -0.142  -4.021   4.683   6.187
 90 312 11 28 30   0.142  -4.440   4.515   6.337
 90 312 11 29 30   0.655  -4.701   4.028   6.251
 90 312 11 30 30   1.479  -4.985   3.066   6.057
 90 312 11 31 30   0.902  -4.895   3.421   6.089
 90 312 11 32 30   0.393  -4.739   3.544   5.965
 90 312 11 33 30   0.011  -4.432   3.164   5.485
 90 312 11 34 30  -0.263  -3.531   3.950   5.315
 90 312 11 35 30  -0.101  -3.761   3.771   5.331
 90 312 11 36 30  -0.599  -3.283   4.120   5.313
 90 312 11 37 30  -0.812  -3.102   4.240   5.335
 90 312 11 38 30  -1.001  -2.614   4.565   5.395
 90 312 11 39 30  -0.280  -4.120   4.093   5.898
 90 312 11 40 30   0.411  -4.958   3.545   6.114
 90 312 11 41 30   0.597  -4.279   4.315   6.126
 90 312 11 42 30   0.670  -4.987   3.506   6.163
 90 312 11 43 30   0.361  -4.516   4.028   6.101
 90 312 11 44 30  -0.081  -3.974   4.747   6.199
 90 312 11 45 30   0.383  -5.431   4.089   6.845
 90 312 11 46 30   0.946  -6.274   2.838   6.963
 90 312 11 47 30   0.800  -6.673   2.762   7.278
 90 312 11 48 30   0.968  -6.535   2.386   7.054
 90 312 11 49 30   0.418  -5.527   4.102   7.008
 90 312 11 50 30  -0.507  -2.305   4.347   5.037
 90 312 11 51 30  -0.113  -2.776   3.972   4.861
 90 312 11 52 30   0.302  -3.328   3.269   4.681
 90 312 11 53 30   0.515  -3.780   2.972   4.842
 90 312 11 54 30   0.857  -4.428   2.176   5.030
 90 312 11 55 30   1.743  -4.698  -0.525   5.210
 90 312 11 56 30   1.867  -3.426  -3.205   5.155
 90 312 11 57 30   1.836  -3.026  -4.186   5.495
 90 312 11 58 30   1.647  -2.975  -4.603   5.727
 90 312 11 59 30   1.581  -2.898  -4.714   5.760
 90 312 12 00 30   1.959  -2.481  -4.575   5.586
 90 312 12 01 30   2.035  -2.499  -4.592   5.619
 90 312 12 02 30   2.199  -2.382  -4.569   5.611
 90 312 12 03 30   2.272  -3.016  -3.979   5.532
 90 312 12 04 30   2.310  -3.152  -3.750   5.462
 90 312 12 05 30   2.743  -3.040  -3.799   5.599
 90 312 12 06 30   2.506  -2.940  -3.861   5.482
 90 312 12 07 30   1.615  -2.627  -4.252   5.276
 90 312 12 08 30   0.902  -2.164  -4.630   5.194
 90 312 12 09 30   1.197  -2.281  -4.454   5.162
 90 312 12 10 30   1.616  -2.517  -3.976   4.991
 90 312 12 11 30   0.736  -1.833  -4.485   4.916
 90 312 12 12 30   0.542  -1.762  -4.667   5.024
 90 312 12 13 30   0.673  -1.990  -4.854   5.293
 90 312 12 16 30   1.035  -1.839  -4.370   4.865
 90 312 12 17 30   1.488  -1.882  -4.046   4.719
 90 312 12 18 30   1.009  -1.861  -4.122   4.660
 90 312 12 19 30   0.811  -2.458  -3.953   4.740
 90 312 12 20 30   0.575  -2.096  -4.113   4.707
 90 312 12 21 30   1.581  -2.683  -3.746   4.933
 90 312 12 22 30   1.125  -2.761  -4.348   5.295
 90 312 12 23 30   1.444  -3.531  -3.405   5.143
 90 312 12 24 30   1.174  -3.868  -2.595   4.838
 90 312 12 25 30   1.404  -3.451  -3.182   4.984
 90 312 12 26 30   1.283  -2.832  -3.877   5.049
 90 312 12 27 30   1.078  -4.005  -2.489   4.926
 90 312 12 28 30   0.556  -4.454  -1.827   4.859
 90 312 12 29 30   0.877  -4.430  -2.236   5.044
 90 312 12 30 30   1.162  -4.517  -1.988   5.080
 90 312 12 31 30   0.605  -4.916  -2.798   5.736
 90 312 12 32 30   0.105  -4.844  -3.167   5.800
 90 312 12 33 30   0.186  -4.786  -3.167   5.751
 90 312 12 34 30   0.106  -4.726  -3.352   5.800
 90 312 12 35 30   0.252  -4.788  -3.385   5.872
 90 312 12 36 30  -1.146  -2.563  -3.740   4.932
 90 312 12 37 30   0.272  -3.838  -2.975   5.248
 90 312 12 38 30   1.338  -5.839  -1.021   6.111
 90 312 12 39 30   1.767  -4.223   0.907   4.775
 90 312 12 40 30   1.888  -2.978   2.264   4.221
 90 312 12 41 30   1.477  -2.311   1.838   3.365
 90 312 12 42 30   0.935  -3.549  -0.979   4.044
 90 312 12 43 30   1.220  -4.117  -1.512   4.582
 90 312 12 44 30   1.393  -4.267  -0.654   4.584
 90 312 12 45 30   0.940  -4.265  -0.051   4.381
 90 312 12 46 30   1.004  -3.869   0.151   4.035
 90 312 12 47 30   1.103  -3.596  -0.357   3.801
 90 312 12 48 30   1.165  -2.638  -0.690   3.628
 90 312 12 49 30   1.485  -1.350  -1.324   2.438
 90 312 12 50 30   1.806  -1.206  -1.346   2.560
 90 312 12 51 30   1.756  -1.225  -1.262   2.487
 90 312 12 52 30   1.953  -1.303  -1.292   2.682
 90 312 12 53 30   2.318  -1.420  -1.186   2.989
 90 312 12 54 30   2.612  -1.643  -1.426   3.407
 90 312 12 55 30   2.825  -1.562  -1.883   3.739
 90 312 12 56 30   2.815  -1.464  -2.438   4.030
 90 312 12 57 30   2.841  -1.322  -2.828   4.234
 90 312 12 58 30   3.010  -1.191  -2.250   3.949
 90 312 12 59 30   2.866  -0.920  -2.355   3.864
 90 312 13 00 30   2.489  -1.478  -2.051   3.565
 90 312 13 01 30   2.457  -1.525  -2.266   3.700
 90 312 13 02 30   2.437  -1.224  -2.305   3.577
 90 312 13 03 30   2.390  -1.305  -2.428   3.672
 90 312 13 04 30   2.453  -1.891  -2.107   3.774
 90 312 13 05 30   2.397  -2.035  -2.028   3.753
 90 312 13 06 30   2.759  -1.844  -1.691   3.730
 90 312 13 07 30   2.691  -1.418  -1.951   3.624
 90 312 13 08 30   2.334  -2.299  -1.587   3.658
 90 312 13 09 30   2.514  -2.621  -0.888   3.753
 90 312 13 10 30   2.566  -2.656  -0.517   3.746
 90 312 13 11 30   2.472  -2.587  -0.266   3.602
 90 312 13 12 30   1.992  -2.541   0.231   3.257
 90 312 13 13 30   1.918  -2.407   0.513   3.124
 90 312 13 14 30   2.088  -2.259   0.195   3.120
 90 312 13 15 30   1.983  -2.038   1.498   3.328
 90 312 13 16 30   1.865  -1.941   2.342   3.573
 90 312 13 17 30   1.501  -2.017   2.574   3.601
 90 312 13 18 30   1.545  -1.986   2.697   3.717
 90 312 13 19 30   1.927  -1.318   2.758   3.631
 90 312 13 20 30   1.764  -1.541   2.803   3.689
 90 312 13 21 30   1.374  -2.010   2.766   3.693
 90 312 13 22 30   1.455  -1.915   2.731   3.646
 90 312 13 23 30   1.696  -1.907   2.418   3.519
 90 312 13 24 30   2.002  -1.967   2.247   3.600
 90 312 13 25 30   0.938  -1.113   3.259   3.764
 90 312 13 26 30  -0.029  -0.275   3.753   3.778
 90 312 13 27 30   0.891  -1.026   3.433   3.827
 90 312 13 28 30   2.014  -2.739  -2.003   4.018
 90 312 13 29 30   1.841  -3.198  -1.845   4.136
 90 312 13 30 30   1.618  -3.274  -2.017   4.177
 90 312 13 31 30   1.982  -3.095  -1.915   4.156
 90 312 13 32 30   2.288  -2.764  -1.864   4.048
 90 312 13 33 30   1.702  -2.971  -0.315   3.865
 90 312 13 34 30   0.925  -3.185   1.468   3.632
 90 312 13 35 30   1.612  -2.967   0.896   3.508
 90 312 13 36 30   1.989  -2.450   0.805   3.282
 90 312 13 37 30   1.583  -3.080   0.846   3.609
 90 312 13 38 30   1.450  -3.094   0.958   3.552
 90 312 13 39 30   1.622  -2.743   0.638   3.296
 90 312 13 40 30   1.761  -2.578   0.078   3.127
 90 312 13 41 30   1.700  -2.630   0.152   3.138
 90 312 13 42 30   2.053  -2.797   0.324   3.493
 90 312 13 43 30   2.164  -2.699   0.470   3.497
 90 312 13 44 30   1.894  -3.043   0.580   3.643
 90 312 13 45 30   1.359  -3.122   0.347   3.427
 90 312 13 46 30   1.416  -3.414   0.213   3.705
 90 312 13 47 30   1.389  -3.384   0.349   3.678
 90 312 13 48 30   1.215  -3.335   0.462   3.582
 90 312 13 49 30   1.726  -3.217   0.324   3.669
 90 312 13 50 30   1.486  -3.190   0.584   3.582
 90 312 13 51 30   1.140  -2.948   0.697   3.237
 90 312 13 52 30   1.055  -3.316   0.631   3.540
 90 312 13 53 30   0.802  -2.819   0.881   3.085
 90 312 13 54 30   1.054  -3.019   0.959   3.346
 90 312 13 55 30   1.376  -2.922   0.650   3.299
 90 312 13 56 30   1.568  -2.810   0.671   3.288
 90 312 13 57 30   1.758  -2.724   0.885   3.377
 90 312 13 58 30   1.699  -2.904   0.876   3.487
 90 312 13 59 30   1.957  -2.996   0.392   3.606
 90 312 14 00 30   2.122  -2.739   0.423   3.501
 90 312 14 01 30   2.095  -2.685   0.262   3.421
 90 312 14 02 30   2.226  -2.583   0.538   3.455
 90 312 14 03 30   2.239  -2.453   0.657   3.389
 90 312 14 04 30   2.205  -2.651  -0.244   3.493
 90 312 14 05 30   2.440  -2.816  -0.387   3.772
 90 312 14 06 30   2.338  -3.027  -0.394   3.848
 90 312 14 07 30   2.391  -3.017  -0.139   3.860
 90 312 14 08 30   2.207  -3.249  -0.035   3.938
 90 312 14 09 30   2.462  -3.094  -0.001   3.961
 90 312 14 10 30   2.540  -2.966  -1.043   4.059
 90 312 14 11 30   2.638  -2.843  -1.320   4.100
 90 312 14 12 30   2.573  -2.708  -1.666   4.101
 90 312 14 13 30   2.508  -2.637  -1.898   4.121
 90 312 14 14 30   2.781  -2.796  -1.684   4.296
 90 312 14 15 30   2.986  -2.812  -1.523   4.377
 90 312 14 16 30   2.860  -2.573  -1.808   4.253
 90 312 14 17 30   2.734  -2.628  -1.770   4.196
 90 312 14 18 30   2.564  -2.767  -1.174   3.959
 90 312 14 19 30   1.398  -1.805  -3.083   4.078
 90 312 14 20 30   2.287  -2.265  -1.544   3.842
 90 312 14 21 30   2.388  -2.116   2.550   4.227
 90 312 14 22 30   2.606  -2.306   2.074   4.062
 90 312 14 23 30   2.727  -2.682   0.844   3.949
 90 312 14 24 30   2.998  -2.322   2.632   4.629
 90 312 14 25 30   3.193  -2.751   2.011   4.697
 90 312 14 26 30   3.366  -3.062   1.617   4.840
 90 312 14 27 30   3.219  -3.268   1.326   4.794
 90 312 14 28 30   3.273  -3.419   0.911   4.827
 90 312 14 29 30   3.200  -3.387   0.984   4.767
 90 312 14 30 30   3.193  -3.428   0.753   4.751
 90 312 14 31 30   3.095  -3.574   0.777   4.795
 90 312 14 32 30   3.202  -3.380   0.859   4.762
 90 312 14 33 30   0.874  -3.912  -1.715   4.537
 90 312 14 34 30   0.528  -4.012  -2.308   4.667
 90 312 14 35 30   0.719  -4.145  -1.913   4.678
 90 312 14 36 30   2.024  -4.109  -0.574   4.677
 90 312 14 37 30   2.563  -3.954   0.181   4.735
 90 312 14 38 30   2.471  -4.014   0.058   4.759
 90 312 14 39 30   2.543  -4.026  -0.106   4.766
 90 312 14 40 30   2.537  -3.910  -0.103   4.665
 90 312 14 41 30   2.746  -3.770  -0.091   4.695
 90 312 14 42 30   2.068  -3.889  -0.797   4.492
 90 312 14 43 30   2.258  -3.692  -0.998   4.449
 90 312 14 44 30   2.564  -3.698  -0.286   4.533
 90 312 14 45 30   1.561  -3.964  -1.685   4.650
 90 312 14 46 30   2.415  -3.226  -0.558   4.479
 90 312 14 47 30   3.465  -2.786   0.557   4.483
 90 312 14 48 30   3.504  -2.594   0.735   4.423
 90 312 14 49 30   3.468  -2.857   0.254   4.517
 90 312 14 50 30   3.387  -3.125  -0.029   4.621
 90 312 14 51 30   3.412  -3.192  -0.158   4.679
 90 312 14 52 30   3.414  -3.137  -0.285   4.650
 90 312 14 53 30   3.509  -3.112  -0.232   4.697
 90 312 14 54 30   3.632  -3.001  -0.142   4.721
 90 312 14 55 30   3.662  -2.979   0.122   4.728
 90 312 14 56 30   3.677  -2.997  -0.373   4.761
 90 312 14 57 30   3.647  -2.985  -0.782   4.781
 90 312 14 58 30   2.689  -2.523  -2.442   4.714
 90 312 14 59 30   2.461  -2.529  -2.800   4.808
 90 312 15 00 30   4.112  -2.723  -0.652   4.982
 90 312 15 01 30   4.290  -2.653  -0.468   5.068
 90 312 15 02 30   4.228  -2.765  -0.638   5.096
 90 312 15 03 30   4.306  -2.550  -0.741   5.061
 90 312 15 04 30   4.290  -2.467  -0.887   5.029
 90 312 15 05 30   4.254  -2.522  -0.966   5.040
 90 312 15 06 30   4.212  -2.546  -1.067   5.037
 90 312 15 07 30   4.258  -2.410  -1.203   5.040
 90 312 15 08 30   4.183  -2.453  -1.202   4.999
 90 312 15 09 30   4.354  -2.233  -1.117   5.022
 90 312 15 10 30   4.399  -2.153  -1.142   5.030
 90 312 15 11 30   4.409  -2.097  -1.199   5.030
 90 312 15 12 30   4.550  -2.083  -1.036   5.112
 90 312 15 13 30   4.562  -2.117  -0.577   5.066
 90 312 15 14 30   4.591  -2.109  -0.553   5.083
 90 312 15 15 30   4.774  -1.841  -0.382   5.132
 90 312 15 16 30   4.756  -1.877  -0.517   5.140
 90 312 15 17 30   4.715  -1.976  -0.584   5.146
 90 312 15 18 30   4.688  -1.906  -0.672   5.106
 90 312 15 19 30   4.685  -1.930  -0.750   5.123
 90 312 15 20 30   4.666  -1.952  -0.765   5.117
 90 312 15 21 30   4.618  -1.984  -0.942   5.116
 90 312 15 22 30   4.566  -2.062  -1.060   5.122
 90 312 15 23 30   4.567  -2.049  -1.027   5.111
 90 312 15 24 30   4.564  -2.034  -1.034   5.105
 90 312 15 25 30   4.615  -2.096  -1.005   5.169
 90 312 15 26 30   4.546  -2.155  -1.034   5.137
 90 312 15 27 30   4.544  -2.131  -1.026   5.124
 90 312 15 28 30   4.453  -2.188  -1.147   5.094
 90 312 15 29 30   4.446  -2.159  -1.160   5.078
 90 312 15 30 30   4.424  -2.172  -1.158   5.063
 90 312 15 31 30   4.497  -2.176  -1.078   5.112
 90 312 15 32 30   4.550  -2.136  -1.038   5.133
 90 312 15 33 30   4.541  -2.106  -1.124   5.132
 90 312 15 34 30   4.560  -2.090  -1.107   5.138
 90 312 15 35 30   4.636  -2.095  -1.051   5.196
 90 312 15 36 30   4.614  -2.166  -1.125   5.220
 90 312 15 37 30   4.630  -2.116  -1.101   5.209
 90 312 15 38 30   4.651  -2.070  -0.986   5.189
 90 312 15 39 30   4.830  -1.601  -0.912   5.184
 90 312 15 40 30   4.780  -1.945  -0.780   5.224
 90 312 15 41 30   4.864  -1.569  -0.622   5.154
 90 312 15 42 30   4.900  -1.451  -0.442   5.132
 90 312 15 43 30   4.734  -1.913  -0.659   5.158
 90 312 15 44 30   4.568  -2.047  -1.372   5.214
 90 312 15 45 30   4.539  -2.102  -1.071   5.121
 90 312 15 46 30   4.544  -2.042  -1.021   5.091
 90 312 15 47 30   4.516  -2.084  -0.852   5.051
 90 312 15 48 30   4.901  -1.456  -1.006   5.219
 90 312 15 49 30   4.811  -1.998  -0.609   5.251
 90 312 15 50 30   4.786  -2.153  -0.331   5.266
 90 312 15 51 30   4.583  -2.305  -0.613   5.178
 90 312 15 52 30   4.596  -2.505  -0.482   5.266
 90 312 15 53 30   4.418  -2.824  -1.222   5.396
 90 312 15 54 30   4.287  -2.781  -1.379   5.294
 90 312 15 55 30   4.309  -2.826  -1.239   5.301
 90 312 15 56 30   4.424  -2.884  -1.009   5.379
 90 312 15 57 30   4.211  -2.949  -1.185   5.280
 90 312 15 58 30   4.038  -3.280  -1.218   5.343
 90 312 15 59 30   3.945  -3.155  -1.253   5.205
 90 312 16 00 30   3.977  -3.048  -1.459   5.221
 90 312 16 01 30   4.010  -3.041  -1.478   5.247
 90 312 16 02 30   4.051  -3.025  -1.504   5.275
 90 312 16 03 30   3.783  -3.277  -1.415   5.204
 90 312 16 04 30   3.841  -3.213  -1.413   5.205
 90 312 16 05 30   3.888  -3.202  -1.444   5.242
 90 312 16 06 30   4.060  -3.146  -1.644   5.395
 90 312 16 07 30   4.123  -3.220  -1.348   5.404
 90 312 16 08 30   4.173  -3.264  -1.120   5.417
 90 312 16 09 30   4.272  -3.431  -0.839   5.544
 90 312 16 10 30   4.289  -3.444  -0.910   5.576
 90 312 16 11 30   4.394  -3.340  -0.867   5.589
 90 312 16 12 30   4.393  -3.356  -0.848   5.595
 90 312 16 13 30   4.377  -3.362  -0.966   5.605
 90 312 16 14 30   4.431  -3.319  -0.984   5.624
 90 312 16 15 30   4.387  -3.411  -0.894   5.630
 90 312 16 16 30   4.379  -3.396  -0.895   5.615
 90 312 16 17 30   4.349  -3.417  -0.985   5.619
 90 312 16 18 30   4.390  -3.346  -0.972   5.605
 90 312 16 19 30   4.430  -3.331  -0.867   5.612
 90 312 16 20 30   4.296  -3.372  -1.035   5.560
 90 312 16 21 30   4.316  -3.416  -1.001   5.598
 90 312 16 22 30   4.134  -3.598  -1.089   5.590
 90 312 16 23 30   3.956  -3.737  -1.256   5.588
 90 312 16 24 30   4.192  -3.710  -1.151   5.718
 90 312 16 25 30   4.247  -3.671  -1.137   5.730
 90 312 16 26 30   4.262  -3.697  -1.174   5.764
 90 312 16 27 30   4.241  -3.753  -1.095   5.770
 90 312 16 28 30   4.191  -3.717  -1.196   5.730
 90 312 16 29 30   4.212  -3.682  -1.161   5.716
 90 312 16 30 30   4.210  -3.747  -1.176   5.759
 90 312 16 31 30   4.174  -3.817  -1.147   5.772
 90 312 16 32 30   4.124  -3.760  -1.075   5.684
 90 312 16 33 30   4.039  -3.879  -1.070   5.705
 90 312 16 34 30   4.209  -3.708  -1.152   5.732
 90 312 16 35 30   4.229  -3.665  -1.160   5.716
 90 312 16 36 30   4.314  -3.634  -1.034   5.736
 90 312 16 37 30   4.371  -3.611  -1.017   5.762
 90 312 16 38 30   4.358  -3.627  -1.030   5.763
 90 312 16 39 30   4.330  -3.733  -0.924   5.793
 90 312 16 40 30   4.257  -3.795  -1.023   5.796
 90 312 16 41 30   4.330  -3.638  -0.939   5.735
 90 312 16 42 30   4.376  -3.666  -0.856   5.774
 90 312 16 43 30   4.339  -3.635  -0.936   5.738
 90 312 16 44 30   4.416  -3.576  -0.875   5.751
 90 312 16 45 30   4.498  -3.604  -0.829   5.824
 90 312 16 46 30   4.496  -3.485  -0.759   5.742
 90 312 16 47 30   4.471  -3.518  -0.726   5.737
 90 312 16 48 30   4.437  -3.473  -0.698   5.679
 90 312 16 49 30   4.477  -3.550  -0.757   5.766
 90 312 16 50 30   4.531  -3.733  -0.722   5.917
 90 312 16 51 30   4.323  -3.792  -0.739   5.801
 90 312 16 52 30   4.053  -3.906  -0.837   5.692
 90 312 16 53 30   3.985  -3.965  -0.797   5.679
 90 312 16 54 30   4.209  -3.958  -0.815   5.837
 90 312 16 55 30   4.161  -4.008  -0.945   5.855
 90 312 16 56 30   3.939  -3.932  -1.105   5.677
 90 312 16 57 30   4.570  -3.756  -0.613   5.964
 90 312 16 58 30   4.421  -4.027  -0.558   6.010
 90 312 16 59 30   4.327  -4.298  -0.617   6.132
 90 312 17 00 30   4.152  -4.393  -0.698   6.088
 90 312 17 01 30   4.067  -4.382  -0.717   6.024
 90 312 17 02 30   4.119  -4.227  -0.770   5.953
 90 312 17 03 30   4.188  -4.153  -0.643   5.935
 90 312 17 04 30   4.077  -4.280  -0.609   5.945
 90 312 17 05 30   3.952  -4.399  -0.573   5.944
 90 312 17 06 30   4.060  -4.540  -0.603   6.123
 90 312 17 07 30   4.065  -4.733  -0.839   6.297
 90 312 17 08 30   4.177  -4.649  -0.750   6.296
 90 312 17 09 30   4.115  -4.712  -0.851   6.315
 90 312 17 10 30   3.950  -4.866  -0.729   6.313
 90 312 17 11 30   4.033  -4.854  -0.622   6.343
 90 312 17 12 30   4.085  -4.812  -0.758   6.361
 90 312 17 13 30   4.173  -4.781  -0.629   6.379
 90 312 17 14 30   3.924  -4.978  -0.895   6.404
 90 312 17 15 30   3.979  -4.962  -1.008   6.441
 90 312 17 16 30   3.972  -4.978  -0.999   6.447
 90 312 17 17 30   3.977  -4.968  -0.977   6.440
 90 312 17 18 30   3.930  -4.993  -1.149   6.458
 90 312 17 19 30   3.964  -4.944  -1.090   6.432
 90 312 17 20 30   3.904  -4.906  -1.075   6.364
 90 312 17 21 30   3.926  -4.879  -0.878   6.326
 90 312 17 22 30   4.062  -4.569  -0.330   6.126
 90 312 17 23 30   4.021  -4.619   0.011   6.139
 90 312 17 24 30   4.161  -4.576   0.036   6.187
 90 312 17 25 30   3.992  -4.717  -0.092   6.185
 90 312 17 26 30   3.806  -4.802  -0.305   6.139
 90 312 17 27 30   3.834  -4.628  -0.187   6.014
 90 312 17 28 30   3.775  -4.552  -0.147   5.917
 90 312 17 29 30   3.797  -4.568  -0.278   5.948
 90 312 17 30 30   3.767  -4.595  -0.403   5.957
 90 312 17 31 30   3.854  -4.708  -0.479   6.105
 90 312 17 32 30   4.010  -4.820  -0.553   6.296
 90 312 17 33 30   3.932  -4.765  -0.388   6.192
 90 312 17 34 30   3.953  -4.670  -0.253   6.126
 90 312 17 35 30   3.921  -4.780  -0.530   6.211
 90 312 17 36 30   3.789  -4.861  -0.692   6.205
 90 312 17 37 30   3.835  -4.794  -0.473   6.159
 90 312 17 38 30   3.717  -4.819  -0.772   6.139
 90 312 17 39 30   3.800  -4.810  -0.624   6.164
 90 312 17 40 30   3.932  -4.728  -0.445   6.167
 90 312 17 41 30   3.895  -4.733  -0.387   6.143
 90 312 17 42 30   3.886  -4.784  -0.184   6.168
 90 312 17 43 30   4.032  -4.838   0.083   6.300
 90 312 17 44 30   4.071  -4.868   0.085   6.348
 90 312 17 45 30   4.022  -4.751   0.088   6.230
 90 312 17 46 30   3.919  -4.627  -0.093   6.066
 90 312 17 47 30   4.246  -4.300   0.597   6.121
 90 312 17 48 30   4.594  -3.877   1.190   6.132
 90 312 17 49 30   4.546  -3.927   1.019   6.099
 90 312 17 50 30   4.558  -3.897   0.903   6.068
 90 312 17 51 30   4.573  -3.869   0.924   6.066
 90 312 17 52 30   4.556  -4.124   0.443   6.164
 90 312 17 53 30   4.373  -4.384   0.215   6.200
 90 312 17 54 30   4.295  -4.464   0.132   6.199
 90 312 17 55 30   4.226  -4.699  -0.254   6.330
 90 312 17 56 30   4.309  -4.804  -0.127   6.458
 90 312 17 57 30   4.366  -4.768  -0.035   6.469
 90 312 17 58 30   4.374  -4.753  -0.073   6.461
 90 312 17 59 30   4.467  -4.667  -0.130   6.464
 90 312 18 00 30   4.515  -4.556   0.016   6.416
 90 312 18 01 30   4.527  -4.549   0.084   6.423
 90 312 18 02 30   4.462  -4.642   0.157   6.442
 90 312 18 03 30   4.476  -4.665   0.228   6.470
 90 312 18 04 30   4.495  -4.716   0.225   6.520
 90 312 18 05 30   4.466  -4.718   0.198   6.501
 90 312 18 06 30   4.415  -4.685   0.138   6.444
 90 312 18 07 30   4.450  -4.454   0.587   6.335
 90 312 18 08 30   4.326  -4.606   0.390   6.332
 90 312 18 09 30   4.321  -4.621   0.463   6.345
 90 312 18 10 30   4.332  -4.599   0.492   6.339
 90 312 18 11 30   4.289  -4.592   0.391   6.297
 90 312 18 12 30   4.165  -4.643   0.432   6.254
 90 312 18 13 30   4.286  -4.469   0.649   6.230
 90 312 18 14 30   4.564  -4.199   0.688   6.241
 90 312 18 15 30   4.613  -4.102   0.769   6.223
 90 312 18 16 30   4.647  -4.055   0.675   6.206
 90 312 18 17 30   4.600  -4.146   0.672   6.230
 90 312 18 18 30   4.614  -4.214   0.624   6.282
 90 312 18 19 30   4.674  -4.156   0.546   6.280
 90 312 18 20 30   4.703  -4.160   0.605   6.310
 90 312 18 21 30   4.816  -4.115   0.640   6.368
 90 312 18 22 30   4.822  -4.116   0.642   6.374
 90 312 18 23 30   4.936  -4.017   0.740   6.409
 90 312 18 24 30   5.156  -3.553   0.756   6.311
 90 312 18 25 30   4.901  -3.732   0.959   6.246
 90 312 18 26 30   4.549  -4.176   0.778   6.231
 90 312 18 27 30   4.672  -4.059   0.840   6.249
 90 312 18 28 30   4.646  -4.165   0.783   6.290
 90 312 18 29 30   4.592  -4.225   0.770   6.289
 90 312 18 30 30   4.470  -4.388   0.702   6.307
 90 312 18 31 30   4.594  -4.339   0.658   6.356
 90 312 18 32 30   4.632  -4.187   0.783   6.295
 90 312 18 33 30   4.647  -4.081   0.977   6.269
 90 312 18 34 30   4.524  -4.213   1.249   6.309
 90 312 18 35 30   4.511  -4.189   1.149   6.264
 90 312 18 36 30   4.495  -4.172   1.026   6.234
 90 312 18 37 30   4.246  -3.428   2.062   5.836
 90 312 18 38 30   4.065  -3.106   2.494   5.697
 90 312 18 39 30   4.130  -3.040   2.149   5.606
 90 312 18 40 30   4.296  -3.152   1.582   5.573
 90 312 18 41 30   4.615  -3.827   1.364   6.154
 90 312 18 42 30   4.768  -3.891   1.302   6.292
 90 312 18 43 30   4.615  -4.150   1.001   6.289
 90 312 18 44 30   4.697  -4.392   1.042   6.519
 90 312 18 45 30   4.812  -4.213   1.045   6.482
 90 312 18 46 30   4.797  -4.254   1.162   6.518
 90 312 18 47 30   4.776  -4.229   1.149   6.483
 90 312 18 48 30   4.898  -4.348   1.094   6.642
 90 312 18 49 30   4.903  -4.371   1.067   6.655
 90 312 18 50 30   4.892  -4.419   0.825   6.646
 90 312 18 51 30   4.862  -4.426   0.896   6.637
 90 312 18 52 30   4.799  -4.511   0.659   6.620
 90 312 18 53 30   4.731  -4.506   0.638   6.567
 90 312 18 54 30   4.761  -4.434   0.891   6.570
 90 312 18 55 30   4.770  -4.361   0.909   6.529
 90 312 18 56 30   4.710  -4.429   0.640   6.503
 90 312 18 57 30   4.555  -4.638   0.350   6.512
 90 312 18 58 30   4.629  -4.610   0.422   6.548
 90 312 18 59 30   4.689  -4.602   0.501   6.591
 90 312 19 00 30   4.659  -4.754   0.291   6.670
 90 312 19 01 30   4.510  -4.835   0.311   6.622
 90 312 19 02 30   4.607  -4.760   0.500   6.647
 90 312 19 03 30   4.931  -4.500   0.747   6.719
 90 312 19 04 30   4.725  -4.777   0.505   6.739
 90 312 19 05 30   4.828  -4.685   0.477   6.751
 90 312 19 06 30   4.955  -4.514   0.684   6.741
 90 312 19 07 30   5.037  -4.385   1.030   6.760
 90 312 19 08 30   4.922  -4.356   0.830   6.628
 90 312 19 09 30   4.846  -3.806   0.995   6.247
 90 312 19 10 30   4.674  -3.989   0.709   6.201
 90 312 19 11 30   4.500  -4.248   0.078   6.198
 90 312 19 12 30   4.265  -4.548  -0.015   6.238
 90 312 19 13 30   4.245  -4.708  -0.109   6.345
 90 312 19 14 30   3.129  -4.574  -0.469   5.609
 90 312 19 15 30   2.864  -4.738  -1.026   5.635
 90 312 19 16 30   2.928  -4.811  -0.777   5.688
 90 312 19 17 30   2.875  -4.869  -0.716   5.703
 90 312 19 18 30   2.996  -4.844  -0.558   5.730
 90 312 19 19 30   3.212  -4.841  -0.712   5.857
 90 312 19 20 30   3.282  -4.980  -0.812   6.026
 90 312 19 21 30   3.599  -4.995  -0.434   6.177
 90 312 19 22 30   3.234  -3.956  -0.856   5.222
 90 312 19 23 30   3.046  -3.758   0.000   4.898
 90 312 19 24 30   2.541  -3.835   0.522   4.653
 90 312 19 25 30   2.951  -3.501   0.578   4.639
 90 312 19 26 30   3.663  -4.006   0.404   5.445
 90 312 19 27 30   3.717  -3.789   0.983   5.456
 90 312 19 28 30   3.812  -0.805   2.597   4.718
 90 312 19 29 30   3.802  -0.723   2.710   4.799
 90 312 19 30 30   2.564  -2.398   2.165   4.133
 90 312 19 31 30   2.259  -2.422   2.501   4.205
 90 312 19 32 30   2.274  -0.488   3.445   4.657
 90 312 19 33 30   1.965   0.826   4.387   4.881
 90 312 19 34 30   1.762   0.659   4.417   4.874
 90 312 19 35 30   2.384   0.841   4.044   4.836
 90 312 19 36 30   1.046   1.825   4.265   4.892
 90 312 19 37 30   0.846   2.496   4.098   4.926
 90 312 19 38 30   0.889   2.824   4.081   5.051
 90 312 19 39 30   0.723   3.253   3.519   4.855
 90 312 19 40 30   0.782   3.324   3.824   5.135
 90 312 19 41 30   0.813   2.062   3.819   4.499
 90 312 19 42 30   0.915   0.677   3.876   4.195
 90 312 19 43 30   1.170   0.011   4.038   4.211
 90 312 19 44 30   1.408  -0.977   3.639   4.165
 90 312 19 45 30   1.403  -2.125   3.236   4.127
 90 312 19 46 30   1.518  -1.676   3.425   4.106
 90 312 19 47 30   1.427  -1.821   3.187   3.953
 90 312 19 48 30   1.442  -1.852   3.270   4.035
 90 312 19 49 30   1.502  -2.196   3.071   4.065
 90 312 19 50 30   1.526  -2.392   2.892   4.060
 90 312 19 51 30   1.691  -2.681   2.678   4.162
 90 312 19 52 30   1.866  -3.038   2.451   4.333
 90 312 19 53 30   1.191  -2.387   3.086   4.097
 90 312 19 54 30   1.197  -2.409   3.074   4.088
 90 312 19 55 30   1.328  -2.440   3.033   4.121
 90 312 19 56 30   1.319  -2.607   2.815   4.064
 90 312 19 57 30   1.401  -2.709   2.591   4.003
 90 312 19 58 30   1.501  -2.727   2.617   4.068
 90 312 19 59 30   1.480  -2.828   2.615   4.130
 90 312 20 00 30   1.629  -2.508   2.884   4.197
 90 312 20 01 30   1.266  -3.336   1.232   3.869
 90 312 20 02 30   1.098  -3.603   0.309   3.844
 90 312 20 03 30   1.440  -3.409   1.205   3.946
 90 312 20 04 30   1.749  -3.552   1.821   4.408
 90 312 20 05 30   2.039  -3.562   2.150   4.636
 90 312 20 06 30   1.824  -3.622   2.001   4.526
 90 312 20 07 30   1.744  -3.827   1.957   4.642
 90 312 20 08 30   1.342  -3.655   1.457   4.169
 90 312 20 09 30   1.026  -3.257   1.077   3.593
 90 312 20 10 30   1.258  -2.650   1.403   3.259
 90 312 20 11 30   1.330  -2.602   1.570   3.322
 90 312 20 12 30   1.194  -2.634   1.306   3.177
 90 312 20 13 30   1.318  -2.562   1.149   3.103
 90 312 20 14 30   1.518  -2.420   1.401   3.204
 90 312 20 15 30   1.909  -2.501   1.032   3.316
 90 312 20 16 30   1.947  -2.281   1.403   3.316
 90 312 20 17 30   1.807  -2.337   1.731   3.428
 90 312 20 18 30   1.704  -2.151   1.883   3.333
 90 312 20 19 30   1.582  -2.179   1.724   3.198
 90 312 20 20 30   1.614  -2.091   1.729   3.158
 90 312 20 21 30   1.475  -2.227   1.412   3.038
 90 312 20 22 30   1.108  -2.715   1.012   3.114
 90 312 20 23 30   1.541  -2.364   1.608   3.311
 90 312 20 24 30   1.901  -2.448   1.375   3.456
 90 312 20 25 30   2.037  -1.324   2.255   3.356
 90 312 20 26 30   1.768  -0.415   2.721   3.357
 90 312 20 27 30   1.122  -0.096   2.673   2.993
 90 312 20 28 30   1.243   0.869   2.372   2.858
 90 312 20 29 30   0.924   1.455   2.125   2.747
 90 312 20 30 30   0.657   1.315   1.932   2.445
 90 312 20 31 30   0.183   1.770   1.438   2.384
 90 312 20 32 30  -0.250   2.896   1.321   3.223
 90 312 20 33 30  -0.157   2.862   1.459   3.218
 90 312 20 34 30  -0.162   2.814   1.479   3.185
 90 312 20 35 30  -0.396   2.680   1.201   2.967
 90 312 20 36 30  -0.315   2.231   1.130   2.523
 90 312 20 37 30   0.820   0.918   0.987   1.789
 90 312 20 38 30   0.670   1.298   1.296   2.396
 90 312 20 39 30  -0.196   2.192   1.737   2.812
 90 312 20 40 30  -0.164   2.634   2.067   3.358
 90 312 20 41 30   0.418   3.247   2.807   4.315
 90 312 20 42 30   0.259   3.653   3.133   4.829
 90 312 20 43 30   0.018   3.934   3.118   5.033
 90 312 20 44 30  -0.358   4.268   3.232   5.368
 90 312 20 45 30  -0.498   4.316   3.272   5.441
 90 312 20 46 30  -0.600   4.342   3.226   5.444
 90 312 20 47 30  -0.634   4.285   2.973   5.256
 90 312 20 48 30  -0.639   4.246   3.005   5.243
 90 312 20 49 30  -0.649   4.115   3.123   5.210
 90 312 20 50 30  -0.704   3.948   3.179   5.124
 90 312 20 51 30  -0.839   4.121   3.011   5.176
 90 312 20 52 30  -0.777   4.138   3.073   5.215
 90 312 20 53 30  -0.715   3.917   3.050   5.018
 90 312 20 54 30  -0.721   3.808   3.249   5.063
 90 312 20 55 30  -0.601   3.593   3.028   4.743
 90 312 20 56 30  -0.253   3.387   2.714   4.350
 90 312 20 57 30  -0.184   3.453   2.651   4.360
 90 312 20 58 30  -0.118   3.449   2.638   4.346
 90 312 20 59 30  -0.003   3.569   2.785   4.529
 90 312 21 00 30  -0.194   3.716   2.892   4.718
 90 312 21 01 30  -0.302   3.693   2.941   4.733
 90 312 21 02 30  -0.380   3.420   3.024   4.583
 90 312 21 03 30  -0.242   3.508   3.024   4.643
 90 312 21 04 30  -0.538   3.833   3.054   4.932
 90 312 21 05 30  -0.505   3.845   3.200   5.031
 90 312 21 06 30  -0.338   3.862   3.276   5.078
 90 312 21 07 30  -0.209   3.912   3.292   5.120
 90 312 21 08 30  -0.029   3.825   3.408   5.126
 90 312 21 09 30  -0.167   3.636   3.304   4.918
 90 312 21 10 30  -0.149   3.521   3.386   4.889
 90 312 21 11 30   0.133   2.865   2.345   3.717
 90 312 21 12 30   0.543   2.577   2.288   3.494
 90 312 21 13 30   0.590   2.442   2.364   3.451
 90 312 21 14 30   0.632   2.304   2.266   3.294
 90 312 21 15 30   0.567   2.532   2.332   3.490
 90 312 21 16 30   0.642   2.436   2.503   3.553
 90 312 21 17 30   0.658   2.430   2.519   3.563
 90 312 21 18 30   0.635   2.540   2.509   3.628
 90 312 21 19 30   0.525   2.588   2.377   3.558
 90 312 21 20 30   0.472   2.211   2.296   3.250
 90 312 21 21 30   0.171   1.956   2.218   2.969
 90 312 21 22 30   0.536   2.201   0.298   2.731
 90 312 21 23 30   0.262   1.047  -1.078   1.831
 90 312 21 24 30   1.545   0.210  -0.340   1.780
 90 312 21 25 30   0.954   0.845   0.494   1.640
 90 312 21 26 30   0.163   0.867   1.641   1.960
 90 312 21 27 30   0.453   0.914   1.258   1.708
 90 312 21 28 30   0.620   1.152   1.025   1.727
 90 312 21 29 30   0.759   1.169   0.818   1.659
 90 312 21 30 30   1.186   0.895   0.541   1.592
 90 312 21 31 30   1.138   0.810   0.833   1.638
 90 312 21 32 30   1.152   0.610   1.130   1.753
 90 312 21 33 30   1.014   1.023   0.945   1.730
 90 312 21 34 30   0.764   1.132   1.153   1.798
 90 312 21 35 30   0.538   1.197   1.342   1.883
 90 312 21 36 30   0.320   1.160   1.498   1.924
 90 312 21 37 30   0.559   1.265   1.562   2.091
 90 312 21 38 30   0.548   1.354   1.476   2.078
 90 312 21 39 30   0.353   1.263   1.528   2.030
 90 312 21 40 30   0.188   1.106   1.736   2.075
 90 312 21 41 30   0.032   1.204   1.897   2.250
 90 312 21 42 30   0.093   1.158   1.937   2.261
 90 312 21 43 30   0.157   0.904   1.814   2.036
 90 312 21 44 30   0.155   0.863   1.668   1.886
 90 312 21 45 30   0.001   1.087   1.904   2.196
 90 312 21 46 30   0.017   1.137   2.037   2.334
 90 312 21 47 30  -0.006   1.101   2.092   2.365
 90 312 21 48 30   0.122   0.931   2.024   2.233
 90 312 21 49 30   0.171   0.849   2.094   2.267
 90 312 21 50 30   0.240   0.975   2.184   2.406
 90 312 21 51 30   0.187   0.963   2.273   2.477
 90 312 21 52 30  -0.006   0.865   2.259   2.425
 90 312 21 53 30  -0.109   0.735   2.137   2.264
 90 312 21 54 30   0.003   0.733   2.128   2.256
 90 312 21 55 30   0.120   0.739   2.229   2.354
 90 312 21 56 30   0.051   0.652   2.174   2.271
 90 312 21 57 30   0.112   0.612   2.030   2.124
 90 312 21 58 30   0.204   0.551   1.613   1.727
 90 312 21 59 30   0.163   0.347   1.328   1.389
 90 312 22 00 30   0.331   0.450   0.746   1.108
 90 312 22 01 30   0.310   0.788   0.076   0.915
 90 312 22 02 30  -0.015   0.529   0.373   0.666
 90 312 22 03 30  -0.290   0.423   0.694   0.872
 90 312 22 04 30  -0.246  -0.148   0.872   0.987
 90 312 22 05 30  -0.102  -0.825   0.105   0.876
 90 312 22 06 30   0.061   0.473  -0.545   0.779
 90 312 22 07 30  -0.019   0.690  -0.266   0.762
 90 312 22 08 30   0.047   0.586  -0.211   0.631
 90 312 22 09 30   0.130   0.527  -0.356   0.684
 90 312 22 10 30   0.065   0.543  -0.413   0.721
 90 312 22 11 30  -0.143   0.781  -0.319   0.859
 90 312 22 12 30  -0.540   0.471   0.707   1.024
 90 312 22 13 30  -0.419   0.481   0.860   1.095
 90 312 22 14 30  -0.463   0.485   1.087   1.282
 90 312 22 15 30  -0.434   0.556   1.278   1.461
 90 312 22 16 30  -0.527   0.529   1.034   1.278
 90 312 22 17 30  -0.560   0.717   1.426   1.703
 90 312 22 18 30  -0.384   0.395   1.628   1.767
 90 312 22 19 30  -0.291   0.204   1.532   1.592
 90 312 22 20 30  -0.327   0.230   1.463   1.523
 90 312 22 21 30  -0.288   0.340   1.475   1.549
 90 312 22 22 30  -0.298   0.273   1.484   1.540
 90 312 22 23 30  -0.205   0.268   1.446   1.508
 90 312 22 24 30  -0.177   0.083   1.472   1.504
 90 312 22 25 30  -0.230   0.133   1.235   1.324
 90 312 22 26 30  -0.222   0.559   0.901   1.089
 90 312 22 27 30  -0.240   0.304   1.306   1.380
 90 312 22 28 30  -0.098  -0.316   1.108   1.182
 90 312 22 29 30  -0.197  -0.027   1.010   1.047
 90 312 22 30 30  -0.277   0.279   0.889   0.984
 90 312 22 31 30  -0.102   0.072   0.761   0.789
 90 312 22 32 30  -0.125  -0.100   0.719   0.742
 90 312 22 33 30  -0.142  -0.148   0.743   0.798
 90 312 22 34 30   0.071   0.114   1.041   1.073
