 90 321 00 00 30  -1.706   6.305   1.337   6.673
 90 321 00 01 30  -1.791   6.226   1.702   6.704
 90 321 00 02 30  -1.746   6.294   1.600   6.734
 90 321 00 03 30  -1.585   6.307   1.788   6.763
 90 321 00 04 30  -1.593   6.120   2.215   6.706
 90 321 00 05 30  -1.448   6.055   2.406   6.679
 90 321 00 06 30  -1.418   6.163   2.455   6.790
 90 321 00 07 30  -1.779   6.395   1.717   6.881
 90 321 00 08 30  -1.722   6.494   1.535   6.899
 90 321 00 09 30  -1.460   6.443   1.925   6.893
 90 321 00 10 30  -1.700   6.399   1.524   6.800
 90 321 00 11 30  -1.249   6.219   2.232   6.729
 90 321 00 12 30  -1.317   6.282   2.117   6.765
 90 321 00 13 30  -1.531   6.305   1.910   6.770
 90 321 00 14 30  -1.437   6.364   1.834   6.783
 90 321 00 15 30  -1.437   6.415   1.414   6.729
 90 321 00 16 30  -1.436   6.461   1.436   6.779
 90 321 00 17 30  -1.180   6.426   1.918   6.821
 90 321 00 18 30  -1.395   6.659   1.619   6.998
 90 321 00 19 30  -1.274   6.653   1.684   6.984
 90 321 00 20 30  -1.278   6.661   1.697   6.996
 90 321 00 21 30  -1.594   6.758   1.049   7.029
 90 321 00 22 30  -1.596   6.772   1.018   7.050
 90 321 00 23 30  -1.131   6.649   1.846   6.997
 90 321 00 24 30  -1.158   6.787   1.645   7.083
 90 321 00 25 30  -1.104   6.691   1.911   7.052
 90 321 00 26 30  -1.191   6.723   1.825   7.076
 90 321 00 27 30  -0.967   6.750   1.915   7.089
 90 321 00 28 30  -0.783   6.881   1.532   7.108
 90 321 00 29 30  -1.106   6.788   1.846   7.127
 90 321 00 30 30  -1.036   6.724   2.225   7.163
 90 321 00 31 30  -1.130   6.668   2.469   7.205
 90 321 00 32 30  -1.022   6.683   2.600   7.253
 90 321 00 33 30  -0.872   6.796   2.466   7.286
 90 321 00 34 30  -0.803   6.774   2.544   7.288
 90 321 00 35 30  -0.935   6.976   1.957   7.317
 90 321 00 36 30  -1.204   6.845   2.302   7.331
 90 321 00 37 30  -1.211   6.776   2.591   7.360
 90 321 00 38 30  -1.085   6.607   2.965   7.329
 90 321 00 39 30  -1.295   6.477   3.263   7.398
 90 321 00 40 30  -2.087   6.651   2.454   7.410
 90 321 00 41 30  -1.593   6.957   2.010   7.436
 90 321 00 42 30  -1.016   7.080   2.653   7.641
 90 321 00 43 30  -0.366   6.650   3.873   7.729
 90 321 00 44 30  -0.065   6.361   4.329   7.700
 90 321 00 45 30  -0.135   6.389   4.308   7.711
 90 321 00 46 30   0.147   5.847   5.205   7.846
 90 321 00 47 30   0.294   5.696   5.239   7.751
 90 321 00 48 30   0.416   5.266   5.509   7.639
 90 321 00 49 30   0.720   4.459   6.101   7.623
 90 321 00 50 30   0.859   4.731   5.895   7.613
 90 321 00 51 30   0.765   4.937   5.731   7.608
 90 321 00 52 30   1.038   4.785   5.783   7.595
 90 321 00 53 30   0.631   5.361   5.342   7.600
 90 321 00 54 30   0.702   5.513   5.140   7.577
 90 321 00 55 30   0.823   6.056   4.531   7.614
 90 321 00 56 30   0.437   5.874   4.799   7.612
 90 321 00 57 30   0.633   5.976   4.834   7.716
 90 321 00 58 30   0.518   6.033   4.748   7.698
 90 321 00 59 30   0.547   6.087   4.448   7.563
 90 321 01 00 30   0.750   6.156   4.457   7.640
 90 321 01 01 30   0.490   6.233   4.423   7.664
 90 321 01 02 30   0.305   6.256   4.469   7.699
 90 321 01 03 30   0.177   6.385   4.043   7.568
 90 321 01 04 30  -0.167   6.595   3.788   7.615
 90 321 01 05 30  -0.187   6.585   3.816   7.616
 90 321 01 06 30  -0.156   6.615   3.763   7.618
 90 321 01 07 30  -0.270   6.431   4.098   7.639
 90 321 01 08 30  -0.275   6.362   4.174   7.625
 90 321 01 09 30  -0.426   6.470   3.977   7.620
 90 321 01 10 30  -0.118   6.337   4.061   7.540
 90 321 01 11 30  -0.300   6.307   4.039   7.528
 90 321 01 12 30  -1.456   7.063   2.322   7.603
 90 321 01 13 30  -1.422   6.786   3.035   7.633
 90 321 01 14 30  -0.942   6.546   3.910   7.693
 90 321 01 15 30  -0.994   6.161   4.316   7.618
 90 321 01 16 30  -0.872   6.308   4.135   7.605
 90 321 01 17 30  -1.041   6.480   3.747   7.582
 90 321 01 18 30  -1.705   6.208   3.873   7.542
 90 321 01 19 30  -0.743   6.797   3.109   7.593
 90 321 01 20 30  -0.798   6.890   2.781   7.531
 90 321 01 21 30  -1.160   6.968   2.446   7.530
 90 321 01 22 30  -2.043   6.885   2.235   7.527
 90 321 01 23 30  -1.751   7.135   1.591   7.528
 90 321 01 24 30  -2.011   7.145   1.313   7.545
 90 321 01 25 30  -1.202   7.297   0.807   7.513
 90 321 01 26 30  -1.247   7.115   1.622   7.426
 90 321 01 27 30  -1.340   7.025   1.647   7.395
 90 321 01 28 30  -1.386   7.167   1.199   7.413
 90 321 01 29 30  -1.467   6.987   1.707   7.354
 90 321 01 30 30  -1.439   6.930   1.817   7.327
 90 321 01 31 30  -1.502   6.956   1.964   7.399
 90 321 01 32 30  -1.158   7.026   1.937   7.394
 90 321 01 33 30  -1.452   6.407   3.122   7.301
 90 321 01 34 30  -1.522   6.495   2.710   7.208
 90 321 01 35 30  -1.519   6.478   2.749   7.209
 90 321 01 36 30  -1.558   6.575   2.373   7.224
 90 321 01 37 30  -1.292   6.585   2.925   7.334
 90 321 01 38 30  -0.940   6.869   2.325   7.320
 90 321 01 39 30  -0.979   6.640   2.874   7.316
 90 321 01 40 30  -1.033   6.116   3.820   7.293
 90 321 01 41 30  -0.518   5.132   5.121   7.334
 90 321 01 42 30  -0.679   5.283   5.029   7.332
 90 321 01 43 30  -0.534   4.565   5.579   7.259
 90 321 01 44 30  -0.444   4.909   5.266   7.218
 90 321 01 45 30  -0.311   4.999   5.128   7.173
 90 321 01 46 30  -0.586   4.961   5.067   7.121
 90 321 01 47 30  -0.626   5.126   4.955   7.167
 90 321 01 48 30  -0.641   5.116   4.951   7.153
 90 321 01 49 30  -0.543   5.243   4.690   7.060
 90 321 01 50 30  -0.601   5.070   4.904   7.083
 90 321 01 51 30  -0.588   4.844   5.066   7.037
 90 321 01 52 30  -0.652   4.501   5.384   7.054
 90 321 01 53 30  -0.513   4.499   5.368   7.030
 90 321 01 54 30  -0.523   4.587   5.208   6.964
 90 321 01 55 30  -0.432   4.639   5.188   6.976
 90 321 01 56 30  -0.382   4.557   5.239   6.957
 90 321 01 57 30  -0.452   4.758   5.104   6.997
 90 321 01 58 30  -0.503   4.637   5.175   6.973
 90 321 01 59 30  -0.397   4.816   5.013   6.967
 90 321 02 00 30  -0.853   4.675   5.275   7.113
 90 321 02 01 30  -0.925   4.739   5.310   7.184
 90 321 02 02 30  -0.655   4.682   5.282   7.097
 90 321 02 03 30  -0.286   4.908   5.149   7.124
 90 321 02 04 30  -0.527   4.887   5.106   7.095
 90 321 02 05 30  -0.408   4.798   5.210   7.099
 90 321 02 06 30  -0.597   4.831   5.139   7.103
 90 321 02 07 30  -0.928   4.840   5.152   7.136
 90 321 02 08 30  -0.965   4.903   5.076   7.138
 90 321 02 09 30  -1.033   4.887   5.164   7.188
 90 321 02 10 30  -1.173   4.934   5.042   7.158
 90 321 02 11 30  -1.171   4.882   5.118   7.173
 90 321 02 12 30  -1.198   4.876   5.179   7.220
 90 321 02 13 30  -1.511   5.068   4.905   7.223
 90 321 02 14 30  -1.719   5.107   4.769   7.199
 90 321 02 15 30  -1.602   5.056   4.912   7.233
 90 321 02 16 30  -1.580   5.034   4.898   7.203
 90 321 02 17 30  -1.673   5.032   4.818   7.170
 90 321 02 18 30  -1.796   5.101   4.738   7.194
 90 321 02 19 30  -1.788   5.078   4.773   7.208
 90 321 02 20 30  -2.434   5.123   4.144   7.036
 90 321 02 21 30  -3.042   5.231   3.344   6.918
 90 321 02 22 30  -3.041   5.120   3.532   6.927
 90 321 02 23 30  -2.896   4.991   3.948   7.008
 90 321 02 24 30  -2.724   5.140   3.941   7.030
 90 321 02 25 30  -2.873   5.120   3.888   7.049
 90 321 02 26 30  -3.097   4.719   4.244   7.068
 90 321 02 27 30  -3.200   4.533   4.430   7.104
 90 321 02 28 30  -3.240   4.493   4.532   7.165
 90 321 02 29 30  -3.108   4.798   4.207   7.103
 90 321 02 30 30  -2.761   5.174   3.986   7.098
 90 321 02 31 30  -3.018   5.130   3.948   7.152
 90 321 02 32 30  -3.332   5.062   3.658   7.082
 90 321 02 33 30  -3.036   5.081   3.855   7.068
 90 321 02 34 30  -3.166   5.029   3.728   7.024
 90 321 02 35 30  -3.058   4.879   3.864   6.939
 90 321 02 36 30  -2.963   4.962   3.802   6.921
 90 321 02 37 30  -3.918   4.526   3.473   6.932
 90 321 02 38 30  -3.822   4.605   3.596   6.986
 90 321 02 39 30  -3.435   4.766   3.721   6.959
 90 321 02 40 30  -3.636   5.043   3.080   6.944
 90 321 02 41 30  -3.643   5.010   3.089   6.925
 90 321 02 42 30  -3.588   5.110   2.989   6.925
 90 321 02 43 30  -3.148   4.674   3.815   6.855
 90 321 02 44 30  -2.942   4.609   4.192   6.904
 90 321 02 45 30  -3.048   4.922   3.788   6.926
 90 321 02 46 30  -3.297   5.015   3.303   6.856
 90 321 02 47 30  -3.538   5.069   2.819   6.797
 90 321 02 48 30  -3.612   5.058   2.636   6.764
 90 321 02 49 30  -3.447   4.786   3.127   6.687
 90 321 02 50 30  -3.416   4.685   3.360   6.707
 90 321 02 51 30  -3.598   4.815   2.921   6.693
 90 321 02 52 30  -3.301   4.854   3.120   6.658
 90 321 02 53 30  -3.291   4.817   3.201   6.661
 90 321 02 54 30  -3.281   4.787   3.233   6.646
 90 321 02 55 30  -3.152   4.545   3.646   6.634
 90 321 02 56 30  -3.462   4.289   4.050   6.851
 90 321 02 57 30  -3.386   4.195   4.405   6.977
 90 321 02 58 30  -3.384   4.255   3.996   6.766
 90 321 02 59 30  -3.462   4.381   3.820   6.772
 90 321 03 00 30  -3.573   4.595   3.471   6.789
 90 321 03 01 30  -3.525   4.633   3.219   6.682
 90 321 03 02 30  -3.036   3.904   4.427   6.650
 90 321 03 03 30  -3.296   3.991   3.884   6.473
 90 321 03 04 30  -3.212   4.144   3.641   6.390
 90 321 03 05 30  -3.235   4.260   3.230   6.257
 90 321 03 06 30  -2.902   3.790   3.577   5.973
 90 321 03 07 30  -2.952   3.897   3.422   5.970
 90 321 03 08 30  -2.822   3.823   3.387   5.837
 90 321 03 09 30  -2.772   3.766   3.386   5.775
 90 321 03 10 30  -2.931   3.714   3.307   5.777
 90 321 03 11 30  -3.128   3.628   3.291   5.814
 90 321 03 12 30  -3.296   3.811   3.006   5.872
 90 321 03 13 30  -2.838   3.600   3.323   5.670
 90 321 03 14 30  -2.642   3.544   3.463   5.618
 90 321 03 15 30  -2.749   3.578   3.329   5.612
 90 321 03 16 30  -2.617   3.533   3.581   5.674
 90 321 03 17 30  -2.537   3.707   3.535   5.719
 90 321 03 18 30  -2.266   3.594   4.082   5.940
 90 321 03 19 30  -1.669   2.570   5.328   6.157
 90 321 03 20 30  -1.903   3.806   4.487   6.190
 90 321 03 21 30  -2.016   3.993   4.129   6.091
 90 321 03 22 30  -2.168   3.829   4.070   5.998
 90 321 03 23 30  -2.237   3.783   4.020   5.963
 90 321 03 24 30  -2.230   3.811   3.937   5.921
 90 321 03 25 30  -2.301   3.833   3.748   5.836
 90 321 03 26 30  -2.231   3.709   3.785   5.753
 90 321 03 27 30  -2.198   3.569   3.991   5.793
 90 321 03 28 30  -2.608   3.815   3.997   6.113
 90 321 03 29 30  -2.697   3.740   4.164   6.215
 90 321 03 30 30  -2.760   3.701   4.055   6.147
 90 321 03 31 30  -2.873   3.748   4.068   6.235
 90 321 03 32 30  -2.934   3.718   4.061   6.242
 90 321 03 33 30  -3.005   3.856   3.962   6.294
 90 321 03 34 30  -2.873   3.857   4.119   6.335
 90 321 03 35 30  -2.877   3.779   4.232   6.363
 90 321 03 36 30  -2.926   3.755   4.255   6.387
 90 321 03 37 30  -2.938   3.767   4.267   6.407
 90 321 03 38 30  -2.982   3.719   4.265   6.399
 90 321 03 39 30  -3.176   3.946   3.977   6.447
 90 321 03 40 30  -3.127   3.811   4.108   6.423
 90 321 03 41 30  -3.063   3.901   4.052   6.410
 90 321 03 42 30  -3.071   3.921   3.958   6.364
 90 321 03 43 30  -3.182   3.838   4.155   6.493
 90 321 03 44 30  -3.143   4.033   3.791   6.368
 90 321 03 45 30  -3.559   4.025   3.152   6.294
 90 321 03 46 30  -3.711   4.105   3.194   6.396
 90 321 03 47 30  -3.716   4.214   3.255   6.495
 90 321 03 48 30  -3.698   4.155   3.398   6.522
 90 321 03 49 30  -3.603   4.014   3.670   6.531
 90 321 03 50 30  -3.417   3.873   3.994   6.532
 90 321 03 51 30  -3.558   3.831   3.956   6.559
 90 321 03 52 30  -3.477   3.875   3.840   6.471
 90 321 03 53 30  -3.624   4.052   4.264   6.913
 90 321 03 54 30  -3.786   3.936   4.435   7.037
 90 321 03 55 30  -3.765   4.032   4.316   7.006
 90 321 03 56 30  -3.648   3.906   4.480   6.976
 90 321 03 57 30  -3.736   3.834   4.364   6.909
 90 321 03 58 30  -3.862   3.779   4.423   6.985
 90 321 03 59 30  -3.676   3.635   4.587   6.915
 90 321 04 00 30  -3.801   3.824   4.296   6.900
 90 321 04 01 30  -3.807   3.958   4.024   6.810
 90 321 04 02 30  -3.819   3.868   4.410   7.002
 90 321 04 03 30  -3.817   3.855   4.414   6.998
 90 321 04 04 30  -3.717   3.445   4.788   6.975
 90 321 04 05 30  -3.801   3.416   4.777   6.999
 90 321 04 06 30  -3.736   3.580   4.876   7.113
 90 321 04 07 30  -3.129   2.805   5.181   6.675
 90 321 04 08 30  -3.175   2.818   5.093   6.632
 90 321 04 09 30  -3.210   2.742   4.886   6.460
 90 321 04 10 30  -3.080   2.590   5.030   6.445
 90 321 04 11 30  -3.302   2.531   4.936   6.459
 90 321 04 12 30  -3.048   2.488   5.030   6.389
 90 321 04 13 30  -3.058   2.589   4.957   6.376
 90 321 04 14 30  -2.914   2.446   5.074   6.346
 90 321 04 15 30  -2.785   2.294   5.289   6.406
 90 321 04 16 30  -2.791   2.387   4.995   6.201
 90 321 04 17 30  -2.746   2.025   5.261   6.279
 90 321 04 18 30  -2.518   1.693   5.575   6.350
 90 321 04 19 30  -2.633   1.773   5.270   6.154
 90 321 04 20 30  -2.508   1.392   5.487   6.201
 90 321 04 21 30  -2.502   1.373   5.430   6.138
 90 321 04 22 30  -2.445   1.614   5.370   6.122
 90 321 04 23 30  -2.368   1.596   5.384   6.098
 90 321 04 24 30  -2.348   1.649   5.279   6.017
 90 321 04 25 30  -2.457   1.766   4.935   5.794
 90 321 04 26 30  -2.601   1.650   4.766   5.678
 90 321 04 27 30  -2.762   1.784   4.867   5.880
 90 321 04 28 30  -2.678   1.996   4.732   5.794
 90 321 04 29 30  -2.825   1.999   4.569   5.735
 90 321 04 30 30  -2.827   2.038   4.303   5.540
 90 321 04 31 30  -2.664   1.868   4.391   5.467
 90 321 04 32 30  -2.772   1.913   4.374   5.523
 90 321 04 33 30  -2.760   1.841   4.398   5.511
 90 321 04 34 30  -2.710   1.742   4.652   5.663
 90 321 04 35 30  -2.693   1.685   4.935   5.872
 90 321 04 36 30  -2.709   1.650   4.921   5.857
 90 321 04 37 30  -2.812   1.660   4.855   5.854
 90 321 04 38 30  -2.728   1.667   4.879   5.835
 90 321 04 39 30  -2.772   1.684   5.004   5.965
 90 321 04 40 30  -2.805   1.782   4.895   5.920
 90 321 04 41 30  -2.915   1.618   4.744   5.800
 90 321 04 42 30  -2.967   1.408   4.691   5.728
 90 321 04 43 30  -2.790   1.414   4.599   5.566
 90 321 04 44 30  -2.606   1.356   4.713   5.557
 90 321 04 45 30  -1.902   1.688   5.063   5.673
 90 321 04 46 30  -1.612   1.867   5.163   5.728
 90 321 04 47 30  -1.623   1.845   5.431   5.968
 90 321 04 48 30  -1.792   2.054   5.292   5.970
 90 321 04 49 30  -1.665   1.794   5.501   6.023
 90 321 04 50 30  -1.672   1.937   5.467   6.038
 90 321 04 51 30  -1.537   2.128   5.466   6.067
 90 321 04 52 30  -1.505   1.995   5.462   6.010
 90 321 04 53 30  -1.614   1.909   5.154   5.732
 90 321 04 54 30  -1.658   1.977   5.039   5.663
 90 321 04 55 30  -1.543   1.726   5.348   5.834
 90 321 04 56 30  -1.616   1.650   5.291   5.776
 90 321 04 57 30  -1.556   1.493   5.246   5.675
 90 321 04 58 30  -1.416   1.317   5.162   5.518
 90 321 04 59 30  -1.430   1.120   5.124   5.440
 90 321 05 00 30  -1.448   1.167   5.164   5.499
 90 321 05 01 30  -1.871   1.588   5.081   5.658
 90 321 05 02 30  -2.204   1.594   4.964   5.669
 90 321 05 03 30  -1.637   1.699   5.187   5.707
 90 321 05 04 30  -1.872   2.073   5.105   5.828
 90 321 05 05 30  -1.955   1.667   5.143   5.793
 90 321 05 06 30  -1.883   1.323   5.501   5.989
 90 321 05 07 30  -1.854   1.843   5.682   6.274
 90 321 05 08 30  -1.661   1.972   5.935   6.491
 90 321 05 09 30  -1.802   2.319   5.650   6.375
 90 321 05 10 30  -1.796   2.314   5.624   6.344
 90 321 05 11 30  -1.781   1.941   5.936   6.497
 90 321 05 12 30  -1.774   1.975   5.952   6.520
 90 321 05 13 30  -1.656   1.784   6.041   6.519
 90 321 05 14 30  -1.196   2.937   4.821   5.879
 90 321 05 15 30  -1.639   1.860   5.025   5.712
 90 321 05 16 30  -1.955   1.866   4.834   5.558
 90 321 05 17 30  -2.554   2.275   4.425   5.618
 90 321 05 18 30  -3.087   1.855   4.354   5.666
 90 321 05 19 30  -2.511   1.712   4.709   5.610
 90 321 05 20 30  -2.280   1.245   5.150   5.786
 90 321 05 21 30  -1.965   1.102   5.413   5.880
 90 321 05 22 30  -1.875   0.965   5.615   6.005
 90 321 05 23 30  -2.022   1.072   5.534   6.003
 90 321 05 24 30  -2.288   0.795   5.305   5.845
 90 321 05 25 30  -2.481   0.039   5.158   5.742
 90 321 05 26 30  -2.363   0.530   5.225   5.762
 90 321 05 27 30  -2.287   0.576   5.239   5.769
 90 321 05 28 30  -1.931   0.825   5.360   5.762
 90 321 05 29 30  -1.840   1.276   5.271   5.734
 90 321 05 30 30  -1.538   0.431   5.367   5.613
 90 321 05 31 30  -1.611   0.176   5.236   5.491
 90 321 05 32 30  -1.599   0.401   5.198   5.460
 90 321 05 33 30  -1.609   0.291   5.178   5.436
 90 321 05 34 30  -1.396  -0.772   5.204   5.469
 90 321 05 35 30  -1.208  -1.357   5.076   5.395
 90 321 05 36 30  -1.082  -1.338   5.204   5.485
 90 321 05 37 30  -0.949  -1.696   5.224   5.578
 90 321 05 38 30  -0.828  -1.753   5.265   5.616
 90 321 05 39 30  -0.847  -1.472   5.196   5.470
 90 321 05 40 30  -0.869  -1.963   5.320   5.740
 90 321 05 41 30  -0.830  -2.046   5.232   5.682
 90 321 05 42 30  -0.821  -2.106   5.276   5.742
 90 321 05 43 30  -0.848  -2.157   5.256   5.747
 90 321 05 44 30  -1.025  -1.994   5.461   5.906
 90 321 05 45 30  -0.987  -1.975   5.360   5.800
 90 321 05 46 30  -0.913  -2.189   5.167   5.688
 90 321 05 47 30  -0.783  -1.885   5.669   6.032
 90 321 05 48 30  -0.873  -2.335   5.411   5.968
 90 321 05 49 30  -1.026  -2.109   5.216   5.730
 90 321 05 50 30  -2.081  -0.753   5.525   6.004
 90 321 05 51 30  -1.920  -1.330   5.561   6.036
 90 321 05 52 30  -2.111  -1.065   5.555   6.042
 90 321 05 53 30  -2.218  -0.767   5.566   6.050
 90 321 05 54 30  -1.968  -0.643   5.557   5.941
 90 321 05 55 30  -1.581  -1.703   5.403   5.891
 90 321 05 56 30  -1.283  -2.303   4.971   5.672
 90 321 05 57 30  -0.776  -2.898   4.556   5.481
 90 321 05 58 30  -1.326  -2.387   4.686   5.428
 90 321 05 59 30  -0.916  -0.724   5.025   5.491
 90 321 06 00 30  -0.360   2.692   4.484   5.251
 90 321 06 01 30  -0.126   2.912   4.445   5.320
 90 321 06 02 30  -0.228   2.992   4.421   5.347
 90 321 06 03 30  -0.624   2.416   4.487   5.450
 90 321 06 04 30  -0.470   2.782   4.993   5.867
 90 321 06 05 30  -0.093   3.117   4.685   5.650
 90 321 06 06 30  -0.742   1.334   4.744   5.097
 90 321 06 07 30  -0.810   1.893   4.395   5.054
 90 321 06 08 30  -0.276   2.746   4.449   5.266
 90 321 06 09 30  -0.229   2.337   4.220   4.846
 90 321 06 10 30  -0.152   1.022   4.330   4.503
 90 321 06 11 30  -2.575  -1.876   3.277   4.697
 90 321 06 12 30  -2.017  -1.080   4.337   5.063
 90 321 06 13 30  -1.210   0.763   4.385   4.646
 90 321 06 14 30  -1.464   0.515   4.704   4.969
 90 321 06 15 30  -1.530   1.028   5.899   6.188
 90 321 06 16 30  -1.527   1.588   6.110   6.499
 90 321 06 17 30  -1.454   1.715   6.170   6.584
 90 321 06 18 30  -1.387   1.808   6.089   6.513
 90 321 06 19 30  -1.129   1.584   5.775   6.102
 90 321 06 20 30  -0.778   1.785   5.823   6.142
 90 321 06 21 30  -0.795   2.000   5.738   6.136
 90 321 06 22 30  -0.996   1.894   5.687   6.081
 90 321 06 23 30  -1.134   1.526   5.879   6.186
 90 321 06 24 30  -1.057   1.335   5.915   6.201
 90 321 06 25 30  -0.817   0.383   5.501   5.589
 90 321 06 26 30  -0.666  -0.133   5.382   5.428
 90 321 06 27 30  -0.692  -0.031   6.061   6.116
 90 321 06 28 30  -0.743   1.305   6.153   6.380
 90 321 06 29 30  -0.114   3.887   4.963   6.347
 90 321 06 30 30  -0.679   6.062   2.267   6.641
 90 321 06 31 30  -1.023   5.680   3.959   7.241
 90 321 06 32 30  -1.243   5.874   6.206   8.639
 90 321 06 33 30  -1.208   6.460   6.070   8.955
 90 321 06 34 30  -1.105   6.371   5.945   8.807
 90 321 06 35 30  -1.356   6.109   6.024   8.690
 90 321 06 36 30  -1.036   6.098   6.071   8.673
 90 321 06 37 30  -0.650   6.044   6.105   8.629
 90 321 06 38 30  -1.237   6.861   5.000   8.597
 90 321 06 39 30  -1.040   6.810   5.071   8.564
 90 321 06 40 30  -0.814   6.684   4.995   8.404
 90 321 06 41 30  -1.067   6.550   5.053   8.349
 90 321 06 42 30  -1.035   6.761   4.932   8.443
 90 321 06 43 30  -1.049   7.131   4.511   8.508
 90 321 06 44 30  -0.902   7.315   3.948   8.384
 90 321 06 45 30  -1.017   7.255   4.374   8.538
 90 321 06 46 30  -1.280   6.987   4.725   8.539
 90 321 06 47 30  -1.449   6.560   5.326   8.592
 90 321 06 48 30  -2.032   6.112   5.541   8.510
 90 321 06 49 30  -2.476   5.274   5.751   8.195
 90 321 06 50 30  -3.231   3.876   5.950   7.869
 90 321 06 51 30  -3.965   2.959   5.862   7.723
 90 321 06 52 30  -2.451   4.821   5.497   7.746
 90 321 06 53 30  -2.137   5.227   5.499   7.888
 90 321 06 54 30  -2.801   5.080   6.278   8.554
 90 321 06 55 30  -2.875   4.926   6.482   8.641
 90 321 06 56 30  -3.199   5.064   6.270   8.683
 90 321 06 57 30  -3.079   4.506   6.772   8.718
 90 321 06 58 30  -2.782   4.679   6.850   8.757
 90 321 06 59 30  -2.969   4.942   6.682   8.833
 90 321 07 00 30  -3.270   4.829   6.800   8.971
 90 321 07 01 30  -3.287   5.044   6.599   8.942
 90 321 07 02 30  -3.294   5.117   6.553   8.962
 90 321 07 03 30  -3.724   4.450   6.759   8.922
 90 321 07 04 30  -3.802   4.717   6.646   9.003
 90 321 07 05 30  -4.035   5.100   6.374   9.112
 90 321 07 06 30  -3.859   5.018   6.511   9.086
 90 321 07 07 30  -3.694   5.284   6.457   9.130
 90 321 07 08 30  -3.619   5.487   6.429   9.201
 90 321 07 09 30  -3.568   5.587   6.337   9.181
 90 321 07 10 30  -3.303   5.891   6.276   9.228
 90 321 07 11 30  -3.380   5.818   6.265   9.197
 90 321 07 12 30  -2.892   6.240   6.184   9.256
 90 321 07 13 30  -3.075   6.279   5.793   9.091
 90 321 07 14 30  -2.984   6.324   5.682   9.015
 90 321 07 15 30  -2.405   6.034   5.728   8.684
 90 321 07 16 30  -1.688   6.165   4.959   8.105
 90 321 07 17 30  -2.188   6.028   4.757   7.989
 90 321 07 18 30  -2.032   5.850   4.919   7.912
 90 321 07 19 30  -2.285   5.899   5.473   8.370
 90 321 07 20 30  -2.239   6.380   5.202   8.541
 90 321 07 21 30  -2.447   6.568   5.124   8.688
 90 321 07 22 30  -2.370   6.501   5.636   8.939
 90 321 07 23 30  -2.488   6.179   6.090   9.040
 90 321 07 24 30  -2.075   6.465   5.890   9.003
 90 321 07 25 30  -1.771   6.568   5.523   8.804
 90 321 07 26 30  -2.042   4.607   7.368   8.961
 90 321 07 27 30  -1.955   5.409   6.992   9.061
 90 321 07 28 30  -2.250   5.322   6.925   9.027
 90 321 07 29 30  -2.034   5.668   6.680   9.003
 90 321 07 30 30  -2.240   6.064   6.202   8.986
 90 321 07 31 30  -1.429   6.696   5.710   8.935
 90 321 07 32 30  -1.202   6.656   5.946   9.009
 90 321 07 33 30  -1.881   6.167   6.216   8.977
 90 321 07 34 30  -1.517   6.390   6.217   9.048
 90 321 07 35 30  -1.052   6.498   6.117   8.999
 90 321 07 36 30  -2.440   5.391   6.885   9.220
 90 321 07 37 30  -3.242   4.769   7.239   9.260
 90 321 07 38 30  -2.711   5.184   7.284   9.351
 90 321 07 39 30  -2.612   5.452   7.179   9.389
 90 321 07 40 30  -2.981   6.014   6.430   9.339
 90 321 07 41 30  -3.580   6.471   5.509   9.231
 90 321 07 42 30  -2.206   6.277   6.456   9.288
 90 321 07 43 30  -1.628   6.102   6.920   9.373
 90 321 07 44 30  -1.497   6.201   6.897   9.399
 90 321 07 45 30  -1.404   6.211   6.890   9.387
 90 321 07 46 30  -1.864   6.144   6.768   9.338
 90 321 07 47 30  -1.946   6.322   6.609   9.359
 90 321 07 48 30  -1.715   6.323   6.722   9.393
 90 321 07 49 30  -1.508   6.316   6.609   9.269
 90 321 07 50 30  -1.403   6.479   6.486   9.283
 90 321 07 51 30  -1.328   6.298   6.671   9.282
 90 321 07 52 30  -1.251   6.236   6.678   9.230
 90 321 07 53 30  -1.275   6.499   6.306   9.152
 90 321 07 54 30  -1.162   6.754   6.351   9.349
 90 321 07 55 30  -1.100   6.905   6.355   9.455
 90 321 07 56 30  -0.724   6.821   6.344   9.361
 90 321 07 57 30  -1.522   6.251   6.526   9.175
 90 321 07 58 30  -1.257   6.625   6.389   9.311
 90 321 07 59 30  -1.077   6.161   7.253   9.598
 90 321 08 00 30  -1.292   5.825   7.548   9.649
 90 321 08 01 30  -2.025   4.466   8.152   9.558
 90 321 08 02 30  -1.586   3.285   8.742   9.483
 90 321 08 03 30  -1.809   3.847   8.479   9.519
 90 321 08 04 30  -1.696   4.425   8.285   9.551
 90 321 08 05 30  -1.903   3.827   8.510   9.568
 90 321 08 06 30  -2.013   3.870   8.425   9.560
 90 321 08 07 30  -2.301   3.232   8.626   9.532
 90 321 08 08 30  -2.340   2.987   8.650   9.467
 90 321 08 09 30  -1.449   4.650   8.174   9.557
 90 321 08 10 30  -0.756   5.650   7.597   9.539
 90 321 08 11 30  -1.216   5.318   7.774   9.510
 90 321 08 12 30  -1.106   5.323   7.741   9.469
 90 321 08 13 30  -0.349   5.208   7.948   9.547
 90 321 08 14 30  -0.455   6.679   6.814   9.579
 90 321 08 15 30  -1.405   5.042   7.545   9.303
 90 321 08 16 30  -2.455   3.708   8.190   9.370
 90 321 08 17 30  -2.383   3.779   7.919   9.277
 90 321 08 18 30   0.365   6.123   6.434   8.929
 90 321 08 19 30   0.341   6.265   6.349   8.961
 90 321 08 20 30  -0.344   6.502   5.863   8.971
 90 321 08 21 30  -0.526   5.309   7.160   8.959
 90 321 08 22 30  -0.273   5.357   7.272   9.048
 90 321 08 23 30  -0.229   5.091   7.326   8.938
 90 321 08 24 30  -0.274   5.108   7.175   8.991
 90 321 08 25 30   0.751   6.274   6.052   9.010
 90 321 08 26 30   0.490   5.445   7.173   9.038
 90 321 08 27 30  -0.150   4.204   7.842   9.021
 90 321 08 28 30  -0.500   2.752   8.539   9.009
 90 321 08 29 30  -0.889   2.666   8.535   9.001
 90 321 08 30 30  -1.065   2.400   8.507   8.928
 90 321 08 31 30  -1.457   3.007   7.822   8.714
 90 321 08 32 30  -1.912   0.700   8.259   8.576
 90 321 08 33 30  -1.976   0.401   8.497   8.759
 90 321 08 34 30  -2.840  -2.083   7.163   8.479
 90 321 08 35 30  -2.589  -0.167   8.313   8.825
 90 321 08 36 30  -1.449  -0.127   8.557   8.767
 90 321 08 37 30  -1.693  -1.294   8.567   8.852
 90 321 08 38 30  -1.250   0.626   8.762   9.107
 90 321 08 39 30  -1.434  -1.252   8.989   9.225
 90 321 08 40 30  -1.473  -0.394   9.226   9.370
 90 321 08 41 30  -1.794  -0.399   9.119   9.326
 90 321 08 42 30  -1.873  -0.779   9.021   9.266
 90 321 08 43 30  -1.821  -0.019   9.160   9.354
 90 321 08 44 30  -1.760   0.154   9.130   9.357
 90 321 08 45 30  -1.840   0.172   9.144   9.359
 90 321 08 46 30  -1.490  -0.210   9.201   9.359
 90 321 08 47 30  -1.135  -1.183   9.054   9.211
 90 321 08 48 30  -1.434  -1.711   8.973   9.252
 90 321 08 49 30  -1.028  -1.720   9.138   9.375
 90 321 08 50 30  -1.314  -1.720   9.069   9.332
 90 321 08 51 30  -1.464  -1.531   9.142   9.404
 90 321 08 52 30  -1.279  -2.084   8.948   9.360
 90 321 08 53 30  -0.043  -1.916   8.932   9.170
 90 321 08 54 30  -1.217  -0.204   8.852   9.244
 90 321 08 55 30  -2.646   0.914   8.791   9.347
 90 321 08 56 30  -2.820   1.584   8.649   9.258
 90 321 08 57 30  -2.264   1.242   8.801   9.192
 90 321 08 58 30  -2.014   1.764   8.803   9.219
 90 321 08 59 30  -1.771   1.187   8.930   9.214
 90 321 09 00 30  -1.496   0.711   9.041   9.204
 90 321 09 01 30  -0.551   1.793   8.990   9.255
 90 321 09 02 30   0.272   2.596   8.958   9.377
 90 321 09 03 30   1.211   2.311   9.017   9.421
 90 321 09 04 30   2.574   3.070   8.592   9.502
 90 321 09 05 30  -0.059   3.008   8.552   9.411
 90 321 09 06 30  -0.865   2.594   8.912   9.347
 90 321 09 07 30  -0.707   3.498   8.654   9.389
 90 321 09 08 30   1.623   7.023   5.962   9.590
 90 321 09 09 30   1.420   6.878   5.769   9.478
 90 321 09 10 30   0.058   4.771   7.944   9.281
 90 321 09 11 30   1.241   3.813   8.267   9.231
 90 321 09 12 30  -1.443   5.787   7.149   9.348
 90 321 09 13 30  -2.342   5.058   7.431   9.324
 90 321 09 14 30  -3.298   4.481   7.303   9.214
 90 321 09 15 30  -3.810   5.258   6.389   9.161
 90 321 09 16 30  -4.598   5.843   5.443   9.245
 90 321 09 17 30  -3.598   6.094   6.125   9.375
 90 321 09 18 30  -3.363   6.379   5.949   9.365
 90 321 09 19 30  -3.197   6.262   6.124   9.338
 90 321 09 20 30  -2.249   5.349   7.034   9.276
 90 321 09 21 30  -1.316   5.052   7.586   9.233
 90 321 09 22 30  -2.399   6.908   5.733   9.397
 90 321 09 23 30  -3.088   7.507   4.912   9.493
 90 321 09 24 30  -3.054   7.474   5.084   9.548
 90 321 09 25 30  -2.966   7.736   4.831   9.596
 90 321 09 26 30  -2.868   7.779   4.812   9.592
 90 321 09 27 30  -2.932   7.722   4.838   9.577
 90 321 09 28 30  -2.829   7.859   4.685   9.583
 90 321 09 29 30  -2.692   7.878   4.736   9.582
 90 321 09 30 30  -2.696   7.786   4.845   9.563
 90 321 09 31 30  -3.200   7.736   4.452   9.487
 90 321 09 32 30  -3.196   7.595   4.655   9.473
 90 321 09 33 30  -2.765   7.862   4.457   9.462
 90 321 09 34 30  -3.260   7.966   3.832   9.439
 90 321 09 35 30  -3.568   7.936   3.514   9.393
 90 321 09 36 30  -3.745   7.916   3.090   9.293
 90 321 09 37 30  -3.624   7.852   3.387   9.297
 90 321 09 38 30  -3.377   7.797   3.643   9.250
 90 321 09 39 30  -3.339   7.763   3.462   9.138
 90 321 09 40 30  -3.328   7.559   3.848   9.117
 90 321 09 41 30  -3.420   7.486   3.851   9.091
 90 321 09 44 30  -3.077   7.552   4.047   9.109
 90 321 09 45 30  -2.932   7.461   4.072   8.997
 90 321 09 46 30  -2.749   7.420   4.150   8.939
 90 321 09 47 30  -2.820   7.484   3.913   8.910
 90 321 09 48 30  -2.444   7.358   4.019   8.739
 90 321 09 49 30  -2.395   7.578   3.562   8.725
 90 321 09 50 30  -2.426   7.560   3.335   8.683
 90 321 09 51 30  -2.171   7.066   4.672   8.749
 90 321 09 52 30  -2.373   7.347   4.187   8.794
 90 321 09 53 30  -2.462   7.590   4.118   8.991
 90 321 09 54 30  -1.882   7.171   5.023   9.022
 90 321 09 55 30  -1.306   6.600   6.015   9.037
 90 321 09 56 30  -1.133   6.684   5.894   8.991
 90 321 09 57 30  -1.494   6.876   5.656   9.038
 90 321 09 58 30  -1.021   6.520   6.152   9.044
 90 321 09 59 30  -0.470   5.920   6.835   9.062
 90 321 10 00 30  -0.347   6.332   6.650   9.202
 90 321 10 01 30   0.638   5.106   7.556   9.191
 90 321 10 02 30   1.210   4.326   7.836   9.045
 90 321 10 03 30   1.960   3.222   8.069   8.942
 90 321 10 04 30   2.363   2.812   7.889   8.708
 90 321 10 05 30   2.452   3.090   7.889   8.832
 90 321 10 06 30   1.945   3.550   7.864   8.873
 90 321 10 07 30   2.343   2.588   8.000   8.738
 90 321 10 08 30   1.706   3.368   7.627   8.560
 90 321 10 09 30   0.905   4.332   6.912   8.214
 90 321 10 10 30   1.438   3.675   7.046   8.087
 90 321 10 11 30   1.132   3.844   6.962   8.037
 90 321 10 12 30   1.316   3.553   7.033   7.994
 90 321 10 13 30   1.164   3.924   7.081   8.189
 90 321 10 14 30   1.320   3.552   7.342   8.274
 90 321 10 15 30   1.422   2.952   7.485   8.194
 90 321 10 16 30   1.346   3.774   7.307   8.337
 90 321 10 17 30   1.577   3.624   7.442   8.435
 90 321 10 18 30   1.983   3.469   7.581   8.592
 90 321 10 19 30   1.973   2.646   7.853   8.527
 90 321 10 20 30   2.299   2.277   7.909   8.556
 90 321 10 21 30   2.280   1.603   8.156   8.630
 90 321 10 22 30   2.090   1.407   8.401   8.784
 90 321 10 23 30   2.120   1.249   8.472   8.839
 90 321 10 24 30   2.186   2.089   8.333   8.948
 90 321 10 25 30   3.361   2.042   7.991   8.916
 90 321 10 26 30   2.696   2.103   8.327   9.012
 90 321 10 27 30   2.591   2.282   8.116   8.831
 90 321 10 28 30   3.357   2.479   7.541   8.625
 90 321 10 29 30   3.286   2.599   7.576   8.664
 90 321 10 30 30   3.151   2.484   7.564   8.571
 90 321 10 31 30   3.335   3.136   7.219   8.555
 90 321 10 32 30   3.419   3.010   7.329   8.672
 90 321 10 33 30   3.515   1.922   7.763   8.742
 90 321 10 34 30   3.280   1.916   7.906   8.780
 90 321 10 35 30   3.434   2.034   7.828   8.793
 90 321 10 36 30   3.900   1.936   7.662   8.813
 90 321 10 37 30   4.096   1.607   7.706   8.887
 90 321 10 38 30   3.965   1.677   7.686   8.816
 90 321 10 39 30   3.866   2.120   7.594   8.788
 90 321 10 40 30   3.564   2.896   7.403   8.743
 90 321 10 41 30   3.831   2.717   7.342   8.741
 90 321 10 42 30   3.630   2.711   7.499   8.771
 90 321 10 43 30   3.466   2.735   7.618   8.814
 90 321 10 44 30   3.087   2.323   7.995   8.891
 90 321 10 45 30   3.217   3.251   7.768   9.039
 90 321 10 46 30   2.804   3.885   7.683   9.062
 90 321 10 47 30   2.646   3.620   7.971   9.176
 90 321 10 48 30   2.735   3.430   8.152   9.275
 90 321 10 49 30   2.781   3.829   8.171   9.447
 90 321 10 50 30   2.955   4.390   7.827   9.466
 90 321 10 51 30   3.138   4.844   7.469   9.447
 90 321 10 52 30   3.314   5.187   7.358   9.599
 90 321 10 53 30   3.195   5.223   7.181   9.472
 90 321 10 54 30   2.787   4.454   7.950   9.565
 90 321 10 55 30   2.420   3.077   8.395   9.283
 90 321 10 56 30   2.920   4.223   7.774   9.333
 90 321 10 57 30   3.106   4.337   8.088   9.715
 90 321 10 58 30   2.611   3.809   8.521   9.701
 90 321 10 59 30   2.612   3.724   8.631   9.766
 90 321 11 00 30   2.487   3.345   8.906   9.841
 90 321 11 01 30   2.610   3.415   8.871   9.864
 90 321 11 02 30   2.957   2.876   9.086   9.985
 90 321 11 03 30   2.830   1.962   9.320   9.945
 90 321 11 04 30   2.734   1.281   9.615  10.089
 90 321 11 05 30   3.023   1.377   9.517  10.086
 90 321 11 06 30   2.879   1.246   9.494  10.006
 90 321 11 07 30   2.716   1.645   9.631  10.146
 90 321 11 08 30   2.824   1.484   9.534  10.059
 90 321 11 09 30   2.979   0.950   9.352   9.867
 90 321 11 10 30   2.956   0.655   9.328   9.825
 90 321 11 11 30   3.102   0.535   9.265   9.797
 90 321 11 12 30   2.808   1.229   9.463   9.954
 90 321 11 13 30   2.946   0.558   9.489   9.957
 90 321 11 14 30   3.029   0.417   9.545  10.029
 90 321 11 15 30   2.859   0.688   9.553  10.000
 90 321 11 16 30   2.964   0.246   9.494   9.957
 90 321 11 17 30   2.782   0.108   9.404   9.813
 90 321 11 18 30   2.863  -0.108   9.327   9.786
 90 321 11 19 30   2.733  -1.981   8.975   9.602
 90 321 11 20 30   2.818  -1.721   9.030   9.625
 90 321 11 21 30   2.901  -1.180   9.190   9.735
 90 321 11 22 30   2.731  -0.421   9.344   9.751
 90 321 11 23 30   2.606  -0.385   9.296   9.671
 90 321 11 24 30   2.726  -1.310   9.055   9.553
 90 321 11 25 30   2.666  -0.685   9.293   9.700
 90 321 11 26 30   2.747  -0.308   9.152   9.564
 90 321 11 27 30   2.853  -0.754   9.280   9.746
 90 321 11 28 30   2.395  -1.243   9.457   9.840
 90 321 11 29 30   2.721  -1.329   9.399   9.880
 90 321 11 30 30   2.776  -1.206   9.462   9.940
 90 321 11 31 30   2.820  -1.014   9.561  10.026
 90 321 11 32 30   3.044  -1.185   9.339   9.899
 90 321 11 33 30   2.975  -1.127   9.352   9.883
 90 321 11 34 30   3.008  -1.588   9.255   9.867
 90 321 11 35 30   2.763  -1.676   9.287   9.839
 90 321 11 36 30   2.851  -1.980   9.200   9.844
 90 321 11 37 30   2.736  -2.067   8.945   9.598
 90 321 11 38 30   2.355  -2.362   8.963   9.574
 90 321 11 39 30   2.380  -2.377   8.563   9.204
 90 321 11 40 30   2.309  -2.850   8.451   9.217
 90 321 11 41 30   1.987  -3.179   8.293   9.107
 90 321 11 42 30   2.087  -3.271   8.300   9.169
 90 321 11 43 30   2.502  -3.073   8.552   9.431
 90 321 11 44 30   2.329  -2.423   8.750   9.380
 90 321 11 45 30   2.719  -1.163   9.211   9.685
 90 321 11 46 30   3.001   0.359  10.202  10.677
 90 321 11 47 30   3.145  -0.516  10.537  11.023
 90 321 11 48 30   3.174  -1.028  10.433  10.963
 90 321 11 49 30   2.926  -0.457  10.381  10.804
 90 321 11 50 30   3.052  -0.565  10.137  10.666
 90 321 11 51 30   3.216   3.576   8.288  10.033
 90 321 11 52 30   3.272   3.765   8.326   9.741
 90 321 11 53 30   3.284   3.921   8.124   9.612
 90 321 11 54 30   3.020   4.133   8.095   9.605
 90 321 11 55 30   3.546   3.555   8.223   9.654
 90 321 11 56 30   2.896   4.626   7.620   9.583
 90 321 11 57 30   1.547   7.733   5.832   9.837
 90 321 11 58 30   1.221   7.773   6.202  10.043
 90 321 11 59 30   1.437   7.517   6.855  10.283
 90 321 12 00 30   1.439   7.295   7.127  10.306
 90 321 12 01 30   1.365   6.939   7.626  10.423
 90 321 12 02 30   1.085   6.197   8.105  10.270
 90 321 12 03 30   0.779   5.343   8.488  10.107
 90 321 12 04 30   0.613   5.068   8.919  10.294
 90 321 12 05 30   0.860   5.714   9.005  10.710
 90 321 12 06 30   0.474   6.096   8.670  10.627
 90 321 12 07 30   0.419   6.695   8.324  10.718
 90 321 12 08 30   0.503   7.085   8.389  11.005
 90 321 12 09 30   0.971   6.396   9.020  11.109
 90 321 12 10 30   1.236   4.909   9.498  10.776
 90 321 12 11 30   1.005   5.662   9.166  10.845
 90 321 12 12 30   1.701   4.919   9.624  11.007
 90 321 12 13 30   1.028   5.011   9.933  11.202
 90 321 12 14 30   0.602   1.854  10.839  11.060
 90 321 12 15 30   1.196   2.169  10.617  10.919
 90 321 12 16 30   0.897   2.342  11.078  11.384
 90 321 12 17 30   1.041   1.966  10.923  11.270
 90 321 12 18 30   1.974  -1.676  10.674  11.080
 90 321 12 19 30   1.674   3.392  11.173  11.874
 90 321 12 20 30   2.051   2.020  11.436  11.824
 90 321 12 21 30   1.411   2.708  11.821  12.229
 90 321 12 22 30   1.713   3.447  11.266  11.933
 90 321 12 23 30   2.011   2.970  11.208  11.788
 90 321 12 24 30   1.973   1.484  12.037  12.303
 90 321 12 25 30   2.487  -0.058  11.802  12.088
 90 321 12 26 30   1.690   0.195  11.999  12.153
 90 321 12 27 30   1.294  -1.232  11.813  11.980
 90 321 12 28 30   1.062  -2.211  11.276  11.552
 90 321 12 29 30   1.088  -1.430  11.378  11.529
 90 321 12 30 30   1.610  -1.491  11.300  11.519
 90 321 12 31 30   1.018  -0.240  10.173  10.276
 90 321 12 32 30   1.016  -0.975  10.486  10.607
 90 321 12 33 30   1.721  -1.218  10.091  10.333
 90 321 12 34 30   2.585  -0.675  10.317  10.666
 90 321 12 35 30   2.599  -0.884  10.068  10.444
 90 321 12 36 30   2.402  -0.996   9.911  10.258
 90 321 12 37 30   2.013  -1.264   9.908  10.245
 90 321 12 38 30   1.733  -2.058   9.756  10.220
 90 321 12 39 30   2.108  -1.474   9.870  10.276
 90 321 12 40 30   0.878  -3.296   9.731  10.360
 90 321 12 41 30   2.431  -1.811  10.042  10.514
 90 321 12 42 30   2.798  -3.316   9.721  10.661
 90 321 12 43 30   2.956  -3.805   9.527  10.687
 90 321 12 44 30   3.148  -4.679   9.071  10.695
 90 321 12 45 30   2.729  -3.936   9.415  10.620
 90 321 12 46 30   2.827  -4.286   8.778  10.174
 90 321 12 47 30   2.821  -4.199   8.663  10.040
 90 321 12 48 30   2.708  -3.771   8.581   9.761
 90 321 12 49 30   2.961  -4.112   8.353   9.776
 90 321 12 50 30   2.864  -4.398   8.560  10.049
 90 321 12 51 30   2.784  -4.453   8.707  10.180
 90 321 12 52 30   2.659  -4.050   8.923  10.160
 90 321 12 53 30   2.899  -4.673   8.841  10.427
 90 321 12 54 30   3.481  -3.828   9.278  10.652
 90 321 12 55 30   3.433  -2.029   9.655  10.490
 90 321 12 56 30   3.766  -1.038   9.728  10.489
 90 321 12 57 30   3.535  -0.026   9.901  10.525
 90 321 12 58 30   3.656  -0.437   9.689  10.516
 90 321 12 59 30   4.101  -3.166   9.355  10.700
 90 321 13 00 30   4.190  -3.176   9.269  10.663
 90 321 13 01 30   4.383  -4.414   8.885  10.856
 90 321 13 02 30   4.543  -4.206   8.951  10.890
 90 321 13 03 30   4.454  -3.776   9.071  10.814
 90 321 13 04 30   4.270  -3.546   8.805  10.417
 90 321 13 05 30   4.587  -4.025   8.420  10.406
 90 321 13 06 30   4.566  -4.294   8.254  10.370
 90 321 13 07 30   4.278  -4.772   7.788  10.095
 90 321 13 08 30   4.306  -4.450   7.786   9.973
 90 321 13 09 30   4.561  -3.447   8.056   9.884
 90 321 13 10 30   4.729  -3.994   7.815   9.974
 90 321 13 11 30   4.636  -4.122   7.946  10.087
 90 321 13 12 30   2.803  -2.856   8.794   9.874
 90 321 13 13 30   1.597  -0.616   9.915  10.203
 90 321 13 14 30   4.085  -2.783   9.027  10.302
 90 321 13 15 30   4.741  -3.119   9.011  10.658
 90 321 13 16 30   3.970  -3.110   9.353  10.647
 90 321 13 17 30   4.145  -2.871   9.441  10.754
 90 321 13 18 30   4.111  -2.539   9.601  10.789
 90 321 13 19 30   1.996  -0.446   9.824  10.371
 90 321 13 20 30   0.036  -0.820  10.059  10.219
 90 321 13 21 30  -0.243  -1.188  10.711  10.801
 90 321 13 22 30  -0.335  -1.549  10.708  10.861
 90 321 13 23 30   0.973  -2.173  10.536  10.917
 90 321 13 24 30   1.475  -1.778  10.641  10.959
 90 321 13 25 30   3.068  -1.084   9.934  10.471
 90 321 13 26 30   3.370  -1.438   9.727  10.405
 90 321 13 27 30   3.509  -1.083   9.796  10.473
 90 321 13 28 30   3.524  -1.598   9.675  10.442
 90 321 13 29 30   3.508  -2.069   9.705  10.531
 90 321 13 30 30   3.403  -2.241  10.341  11.120
 90 321 13 31 30   3.297  -2.246  10.395  11.140
 90 321 13 32 30   3.972  -2.380   9.805  10.850
 90 321 13 33 30   3.754  -2.965   9.763  10.896
 90 321 13 34 30   3.830  -2.503   9.717  10.781
 90 321 13 35 30   3.908  -4.168   9.317  10.935
 90 321 13 36 30   4.085  -3.382   9.188  10.737
 90 321 13 37 30   4.846  -1.615   9.198  10.535
 90 321 13 38 30   4.455  -2.394   8.886  10.233
 90 321 13 39 30   4.620  -1.966   8.947  10.269
 90 321 13 40 30   4.711  -1.389   8.988  10.272
 90 321 13 41 30   4.054  -1.812   9.041  10.082
 90 321 13 42 30   4.395  -1.859   9.025  10.228
 90 321 13 43 30   4.477  -1.708   8.787  10.025
 90 321 13 44 30   4.467  -1.652   8.755   9.978
 90 321 13 45 30   4.509  -3.080   8.323   9.976
 90 321 13 46 30   4.201  -4.239   7.465   9.596
 90 321 13 47 30   4.299  -2.924   8.482   9.960
 90 321 13 48 30   4.615  -2.642   8.356   9.909
 90 321 13 49 30   4.389  -3.427   8.393  10.095
 90 321 13 50 30   4.468  -3.851   9.028  10.791
 90 321 13 51 30   4.380  -3.749   9.047  10.737
 90 321 13 52 30   4.321  -3.403   9.283  10.795
 90 321 13 53 30   4.707  -3.677   9.107  10.896
 90 321 13 54 30   4.576  -3.543   8.942  10.656
 90 321 13 55 30   4.451  -3.698   8.803  10.539
 90 321 13 56 30   4.282  -3.630   8.950  10.570
 90 321 13 57 30   4.317  -3.814   8.808  10.532
 90 321 13 58 30   4.083  -4.111   8.732  10.486
 90 321 13 59 30   3.667  -3.741   9.159  10.583
 90 321 14 00 30   2.835  -2.960  10.092  10.927
 90 321 14 01 30   3.488  -3.537  10.145  11.334
 90 321 14 02 30   3.282  -3.211  10.362  11.347
 90 321 14 03 30   3.736  -2.877  10.188  11.355
 90 321 14 04 30   1.328   1.931  11.193  11.485
 90 321 14 05 30   2.840  -0.425  10.446  11.349
 90 321 14 06 30   4.907  -5.640   8.563  11.425
 90 321 14 07 30   5.159  -5.881   8.413  11.502
 90 321 14 08 30   4.979  -5.927   8.536  11.538
 90 321 14 09 30   5.173  -6.193   8.239  11.544
 90 321 14 10 30   5.297  -6.264   8.021  11.479
 90 321 14 11 30   5.224  -6.535   7.519  11.264
 90 321 14 12 30   5.423  -6.651   7.142  11.227
 90 321 14 13 30   5.830  -7.460   6.826  11.703
 90 321 14 14 30   6.439  -8.541   5.871  12.315
 90 321 14 15 30   4.533  -4.965  10.019  12.273
 90 321 14 16 30   2.454  -1.282  12.699  13.033
 90 321 14 17 30   1.842  -0.162  13.218  13.355
 90 321 14 18 30   1.983  -0.152  13.497  13.647
 90 321 14 19 30   1.874   0.007  13.056  13.196
 90 321 14 20 30   1.851   0.012  13.013  13.157
 90 321 14 21 30   1.533   0.597  13.115  13.225
 90 321 14 22 30   1.279   1.207  12.738  12.880
 90 321 14 23 30  -0.367   2.913  12.174  12.555
 90 321 14 24 30   0.914   1.468  12.670  12.822
 90 321 14 25 30   1.204   1.394  12.344  12.488
 90 321 14 26 30   2.392   0.466  11.870  12.275
 90 321 14 27 30   3.980  -3.398  11.491  12.648
 90 321 14 28 30   4.724  -5.286  10.491  12.735
 90 321 14 29 30   6.162  -8.205   8.856  13.635
 90 321 14 30 30   6.500  -8.067   9.086  13.844
 90 321 14 31 30   6.791  -8.077   9.212  14.021
 90 321 14 32 30   6.496  -7.422   9.903  13.989
 90 321 14 33 30   6.071  -6.828  10.371  13.829
 90 321 14 34 30   6.280  -7.547   9.621  13.771
 90 321 14 35 30   6.185  -7.213  10.004  13.810
 90 321 14 36 30   6.434  -7.042   9.983  13.816
 90 321 14 37 30   6.220  -7.135   9.787  13.626
 90 321 14 38 30   6.243  -6.294  10.169  13.512
 90 321 14 39 30   5.686  -5.977  10.590  13.439
 90 321 14 40 30   5.236  -4.578  10.688  12.782
 90 321 14 41 30   4.963  -3.030  10.526  12.055
 90 321 14 42 30   3.302  -1.694  10.914  11.644
 90 321 14 43 30   3.979  -2.733  10.554  11.666
 90 321 14 44 30   4.208  -2.374  10.474  11.598
 90 321 14 45 30   3.503   0.077  10.707  11.326
 90 321 14 46 30   4.164  -5.361   9.849  12.008
 90 321 14 47 30   4.505  -3.743  10.716  12.239
 90 321 14 48 30   4.481  -3.316  11.246  12.675
 90 321 14 49 30   4.391  -5.313  10.965  13.004
 90 321 14 50 30   5.212  -6.461  10.045  13.062
 90 321 14 51 30   5.562  -5.664  10.113  13.058
 90 321 14 52 30   7.631  -8.074   6.534  12.997
 90 321 14 53 30   6.938  -8.408   6.381  13.069
 90 321 14 54 30   4.774  -7.571   7.739  13.016
 90 321 14 55 30   4.843 -12.034  -0.870  13.084
 90 321 14 56 30   5.248 -11.836  -0.039  13.135
 90 321 14 57 30   6.962 -11.272   3.929  13.829
 90 321 14 58 30   6.012 -12.014   2.152  13.626
 90 321 14 59 30   6.134 -12.053   2.494  13.771
 90 321 15 00 30   5.900 -12.294   1.376  13.717
 90 321 15 01 30   6.020 -12.050   1.984  13.635
 90 321 15 02 30   6.087 -11.840   2.065  13.486
 90 321 15 03 30   5.781 -12.069   1.254  13.451
 90 321 15 04 30   5.930 -11.274   3.993  13.471
 90 321 15 05 30   5.877 -10.487   6.562  13.734
 90 321 15 06 30   5.928 -10.208   7.012  13.754
 90 321 15 07 30   6.544  -9.981   7.031  13.876
 90 321 15 08 30   6.038 -10.122   7.561  14.014
 90 321 15 09 30   5.911 -10.467   7.304  14.082
 90 321 15 10 30   6.384 -10.865   6.149  14.039
 90 321 15 11 30   6.327 -11.270   5.000  13.875
 90 321 15 12 30   6.363 -10.877   6.211  14.058
 90 321 15 13 30   6.390 -11.249   5.135  13.945
 90 321 15 14 30   6.253 -11.241   4.092  13.508
 90 321 15 15 30   6.328 -11.204   4.120  13.520
 90 321 15 16 30   6.534 -11.334   4.232  13.755
 90 321 15 17 30   6.418 -11.092   4.532  13.601
 90 321 15 18 30   6.270 -10.892   4.714  13.429
 90 321 15 19 30   6.392 -10.909   4.692  13.496
 90 321 15 20 30   6.418 -11.145   4.361  13.588
 90 321 15 21 30   6.438 -11.142   4.376  13.597
 90 321 15 22 30   6.415 -11.232   3.919  13.546
 90 321 15 23 30   6.482 -11.900   2.158  13.735
 90 321 15 24 30   5.940 -12.268   1.269  13.696
 90 321 15 25 30   6.130 -12.115   1.637  13.681
 90 321 15 26 30   6.283 -12.015   1.652  13.664
 90 321 15 27 30   6.340 -12.017   1.260  13.651
 90 321 15 28 30   6.335 -12.144   1.791  13.830
 90 321 15 29 30   6.748 -12.249   1.597  14.096
 90 321 15 30 30   6.726 -12.265   2.242  14.173
 90 321 15 31 30   6.716 -12.191   2.985  14.249
 90 321 15 32 30   6.764 -12.237   3.212  14.356
 90 321 15 33 30   6.885 -12.124   3.576  14.398
 90 321 15 34 30   6.851 -12.297   2.947  14.389
 90 321 15 35 30   7.152 -12.212   2.855  14.449
 90 321 15 36 30   7.046 -12.236   3.019  14.449
 90 321 15 37 30   6.967 -12.225   2.832  14.380
 90 321 15 38 30   7.355 -11.914   3.342  14.414
 90 321 15 39 30   7.485 -11.753   3.874  14.475
 90 321 15 40 30   7.540 -11.885   3.271  14.459
 90 321 15 41 30   7.019 -12.221   2.983  14.417
 90 321 15 42 30   6.711 -12.528   2.462  14.451
 90 321 15 43 30   7.332 -12.280   1.899  14.451
 90 321 15 44 30   7.659 -11.860   2.564  14.360
 90 321 15 45 30   7.547 -12.053   1.634  14.348
 90 321 15 46 30   7.464 -11.579   3.211  14.323
 90 321 15 47 30   7.591 -11.060   5.337  14.446
 90 321 15 48 30   7.526 -10.827   6.013  14.504
 90 321 15 49 30   7.602 -10.426   6.651  14.538
 90 321 15 50 30   7.581  -9.786   7.750  14.621
 90 321 15 51 30   7.786  -9.479   8.138  14.733
 90 321 15 52 30   7.480  -9.330   8.645  14.772
 90 321 15 53 30   7.777  -9.862   7.789  14.785
 90 321 15 54 30   7.719  -9.666   7.976  14.737
 90 321 15 55 30   7.839  -9.375   7.979  14.646
 90 321 15 56 30   7.501  -8.197   9.666  14.773
 90 321 15 57 30   7.481  -7.348  10.492  14.854
 90 321 15 58 30   7.090  -6.851  10.833  14.719
 90 321 15 59 30   6.153 -10.023   7.429  14.100
 90 321 16 00 30   5.597 -12.587   3.827  14.335
 90 321 16 01 30   6.203 -12.485   3.047  14.362
 90 321 16 02 30   5.609 -12.652   2.555  14.087
 90 321 16 03 30   5.371 -12.559   3.136  14.053
 90 321 16 04 30   5.426 -12.618   2.611  14.066
 90 321 16 05 30   6.101 -11.747   4.533  14.122
 90 321 16 06 30   6.394 -10.614   6.978  14.244
 90 321 16 07 30   6.206 -10.961   6.809  14.329
 90 321 16 08 30   6.156 -11.028   6.485  14.208
 90 321 16 09 30   6.173 -11.115   6.234  14.168
 90 321 16 10 30   6.028 -11.573   5.896  14.325
 90 321 16 11 30   6.180 -11.252   6.180  14.269
 90 321 16 12 30   6.746 -10.614   6.543  14.192
 90 321 16 13 30   6.764 -10.662   6.771  14.339
 90 321 16 14 30   7.254  -9.979   7.233  14.311
 90 321 16 15 30   6.958 -10.058   7.273  14.239
 90 321 16 16 30   6.857  -9.857   7.348  14.093
 90 321 16 17 30   6.628  -9.777   6.984  13.738
 90 321 16 18 30   6.264  -9.935   6.493  13.467
 90 321 16 19 30   6.345  -9.301   6.816  13.263
 90 321 16 20 30   7.174  -9.528   5.640  13.236
 90 321 16 21 30   6.551  -9.533   6.195  13.213
 90 321 16 22 30   5.847  -7.060   9.963  13.636
 90 321 16 23 30   5.701  -6.346  11.047  13.983
 90 321 16 24 30   5.866  -6.764  10.887  14.100
 90 321 16 25 30   6.310  -7.022  10.547  14.167
 90 321 16 26 30   6.381  -7.262  10.297  14.136
 90 321 16 27 30   6.137  -6.301  11.009  14.097
 90 321 16 28 30   6.296  -6.165  10.991  14.093
 90 321 16 29 30   6.826  -6.282  10.657  14.159
 90 321 16 30 30   6.563  -6.579  10.628  14.143
 90 321 16 31 30   6.895  -6.900  10.183  14.117
 90 321 16 32 30   5.857  -5.422  11.571  14.084
 90 321 16 33 30   5.340  -4.320  12.260  14.068
 90 321 16 34 30   6.270  -5.171  11.139  14.035
 90 321 16 35 30   6.186  -5.471  11.069  13.885
 90 321 16 36 30   6.454  -4.748  11.196  13.811
 90 321 16 37 30   6.529  -4.979  11.082  13.811
 90 321 16 38 30   7.656  -5.824  10.179  14.017
 90 321 16 39 30   8.461  -6.006   9.494  14.070
 90 321 16 40 30   8.893  -6.265   8.989  14.129
 90 321 16 41 30   8.798  -6.776   8.714  14.129
 90 321 16 42 30   8.688  -7.682   8.225  14.269
 90 321 16 43 30   8.822  -9.342   6.876  14.593
 90 321 16 44 30   8.947  -9.533   6.502  14.610
 90 321 16 45 30   8.839  -9.937   5.836  14.543
 90 321 16 46 30   9.187  -9.819   5.595  14.573
 90 321 16 47 30  10.018  -9.281   5.329  14.686
 90 321 16 48 30   9.492  -9.766   4.840  14.484
 90 321 16 49 30   9.257  -9.648   4.455  14.103
 90 321 16 50 30   9.279 -10.034   4.025  14.311
 90 321 16 51 30   9.290 -10.116   2.854  14.096
 90 321 16 52 30   8.584 -10.579   3.702  14.143
 90 321 16 53 30   8.073 -10.681   4.228  14.077
 90 321 16 54 30   7.919 -10.921   4.242  14.151
 90 321 16 55 30   7.715 -11.177   2.852  13.889
 90 321 16 56 30   7.802 -10.783   3.128  13.688
 90 321 16 57 30   7.718 -10.771   3.352  13.676
 90 321 16 58 30   7.184 -10.778   3.331  13.384
 90 321 16 59 30   6.986 -10.792   3.773  13.405
 90 321 17 00 30   7.110 -10.905   3.538  13.496
 90 321 17 01 30   7.020 -11.064   3.137  13.489
 90 321 17 02 30   7.137 -10.955   2.632  13.343
 90 321 17 03 30   7.307 -10.635   2.450  13.140
 90 321 17 04 30   7.015 -10.760   2.213  13.053
 90 321 17 05 30   6.997 -10.966   1.711  13.130
 90 321 17 06 30   6.756 -10.887   1.277  12.881
 90 321 17 07 30   6.671 -10.780   1.528  12.774
 90 321 17 08 30   6.886 -10.666   1.212  12.767
 90 321 17 09 30   7.527 -10.533  -1.316  13.065
 90 321 17 10 30   7.470 -10.322  -3.038  13.121
 90 321 17 11 30   7.283 -11.188   0.021  13.399
 90 321 17 12 30   5.703 -11.070   4.781  13.407
 90 321 17 13 30   5.621 -10.283   7.809  14.146
 90 321 17 14 30   4.481  -8.668  10.339  14.271
 90 321 17 15 30   3.876  -7.711  11.254  14.327
 90 321 17 16 30   4.181  -8.925  10.226  14.286
 90 321 17 17 30   4.327  -8.829  10.326  14.291
 90 321 17 18 30   4.720  -9.121   9.892  14.283
 90 321 17 19 30   4.524  -9.461   9.653  14.264
 90 321 17 20 30   4.506  -9.642   9.514  14.284
 90 321 17 21 30   4.932  -9.848   9.076  14.276
 90 321 17 22 30   4.909 -10.044   8.823  14.247
 90 321 17 23 30   5.150  -9.953   8.890  14.311
 90 321 17 24 30   5.099 -10.295   8.740  14.442
 90 321 17 25 30   4.918 -10.168   8.953  14.426
 90 321 17 26 30   5.101  -9.967   9.034  14.392
 90 321 17 27 30   5.029 -10.008   9.026  14.390
 90 321 17 28 30   5.161 -10.075   8.869  14.389
 90 321 17 29 30   5.228  -9.655   9.161  14.313
 90 321 17 30 30   4.937  -9.190   9.679  14.235
 90 321 17 31 30   4.941  -9.336   9.514  14.221
 90 321 17 32 30   5.117  -9.536   9.222  14.223
 90 321 17 33 30   5.131  -9.551   9.121  14.176
 90 321 17 34 30   5.057  -9.961   8.538  14.073
 90 321 17 35 30   4.946 -10.084   8.536  14.114
 90 321 17 36 30   5.137 -10.354   8.222  14.188
 90 321 17 37 30   4.951 -10.203   8.523  14.193
 90 321 17 38 30   5.244 -10.225   8.341  14.207
 90 321 17 39 30   5.542  -9.974   8.450  14.213
 90 321 17 40 30   5.339 -10.432   7.835  14.104
 90 321 17 41 30   5.470 -10.651   7.446  14.105
 90 321 17 42 30   5.319 -11.004   6.942  14.067
 90 321 17 43 30   5.647 -11.255   6.610  14.239
 90 321 17 44 30   5.675 -11.218   6.730  14.267
 90 321 17 45 30   5.910 -11.281   6.261  14.205
 90 321 17 46 30   5.722 -11.265   6.155  14.061
 90 321 17 47 30   5.719 -11.385   5.754  13.985
 90 321 17 48 30   5.827 -11.387   5.594  13.965
 90 321 17 49 30   5.976 -11.488   5.123  13.945
 90 321 17 50 30   5.605 -12.019   4.129  13.897
 90 321 17 51 30   5.540 -12.427   3.237  13.992
 90 321 17 52 30   5.816 -12.420   3.048  14.053
 90 321 17 53 30   6.236 -12.186   3.024  14.026
 90 321 17 54 30   6.396 -12.208   2.651  14.040
 90 321 17 55 30   6.577 -12.030   0.534  13.864
 90 321 17 56 30   6.989 -11.836  -1.807  13.886
 90 321 17 57 30   6.841 -11.982  -1.725  13.919
 90 321 17 58 30   7.588 -11.458  -2.321  13.955
 90 321 17 59 30   8.190 -10.913  -2.571  13.928
 90 321 18 00 30   7.576 -11.269   0.340  13.598
 90 321 18 01 30   7.347 -11.460   0.036  13.622
 90 321 18 02 30   7.293 -11.496   0.035  13.618
 90 321 18 03 30   7.365 -11.405  -0.143  13.587
 90 321 18 04 30   7.678 -11.117   0.086  13.529
 90 321 18 05 30   7.444 -11.272  -0.143  13.527
 90 321 18 06 30   7.629 -11.183  -0.592  13.570
 90 321 18 07 30   7.320 -11.021  -2.979  13.655
 90 321 18 08 30   6.783 -11.177  -3.949  13.687
 90 321 18 09 30   6.001 -11.521  -4.003  13.619
 90 321 18 10 30   6.271 -11.568  -3.150  13.568
 90 321 18 11 30   6.106 -11.589  -3.458  13.558
 90 321 18 12 30   6.015 -11.356  -3.637  13.373
 90 321 18 13 30   7.642 -10.096  -4.635  13.518
 90 321 18 14 30   7.297 -10.560  -3.746  13.408
 90 321 18 15 30   5.720 -11.021  -3.535  12.996
 90 321 18 16 30   5.123 -11.481   1.551  12.790
 90 321 18 17 30   5.081 -11.405   1.232  12.557
 90 321 18 18 30   5.322 -11.280   0.053  12.480
 90 321 18 19 30   5.337 -11.227  -0.383  12.445
 90 321 18 20 30   5.241 -11.132  -0.239  12.314
 90 321 18 21 30   4.878 -11.137   0.053  12.209
 90 321 18 22 30   4.939 -11.160   0.238  12.233
 90 321 18 23 30   4.643 -11.276  -0.025  12.238
 90 321 18 24 30   4.616 -11.567   0.145  12.543
 90 321 18 25 30   5.091 -12.704   3.158  14.053
 90 321 18 26 30   4.816 -13.030   2.281  14.086
 90 321 18 27 30   5.149 -12.291   4.841  14.244
 90 321 18 28 30   5.189 -11.686   6.292  14.299
 90 321 18 29 30   5.389 -12.102   5.486  14.352
 90 321 18 30 30   5.531 -12.273   4.966  14.356
 90 321 18 31 30   5.597 -12.358   4.611  14.338
 90 321 18 32 30   5.956 -12.340   4.267  14.359
 90 321 18 33 30   6.047 -12.366   4.133  14.378
 90 321 18 34 30   5.822 -12.387   4.517  14.427
 90 321 18 35 30   5.566 -12.387   5.003  14.478
 90 321 18 36 30   5.183 -12.302   5.397  14.405
 90 321 18 37 30   5.611 -12.404   4.380  14.312
 90 321 18 38 30   5.659 -12.369   4.666  14.386
 90 321 18 39 30   5.659 -12.447   4.468  14.389
 90 321 18 40 30   5.702 -12.278   4.730  14.344
 90 321 18 41 30   5.909 -12.225   4.603  14.342
 90 321 18 42 30   5.637 -12.172   4.870  14.286
 90 321 18 43 30   5.451 -12.195   4.777  14.191
 90 321 18 44 30   5.551 -12.004   5.050  14.162
 90 321 18 45 30   5.295 -11.855   5.608  14.147
 90 321 18 46 30   5.493 -11.634   5.729  14.094
 90 321 18 47 30   5.543 -11.233   6.483  14.110
 90 321 18 48 30   4.866 -10.952   7.360  14.069
 90 321 18 49 30   5.258 -12.095   3.270  13.727
 90 321 18 50 30   5.416 -12.249   2.461  13.644
 90 321 18 51 30   5.629 -12.065   2.564  13.565
 90 321 18 52 30   5.886 -12.244   1.474  13.679
 90 321 18 53 30   5.304 -12.265   1.584  13.479
 90 321 18 54 30   5.002 -12.290   1.431  13.351
 90 321 18 55 30   5.483 -12.112   1.925  13.442
 90 321 18 56 30   5.563 -12.200   1.675  13.522
 90 321 18 57 30   5.067 -12.591   0.954  13.622
 90 321 18 58 30   4.996 -12.417   0.979  13.427
 90 321 18 59 30   5.212 -12.497   0.792  13.567
 90 321 19 00 30   5.087 -12.654   1.080  13.685
 90 321 19 01 30   5.459 -12.659   0.234  13.792
 90 321 19 02 30   5.498 -12.571   0.080  13.726
 90 321 19 03 30   5.112 -12.470  -0.783  13.519
 90 321 19 04 30   4.856 -12.549   0.061  13.466
 90 321 19 05 30   4.716 -12.428   0.911  13.338
 90 321 19 06 30   5.046 -12.254   0.645  13.301
 90 321 19 07 30   5.161 -12.031   0.460  13.283
 90 321 19 08 30   5.573 -11.182  -4.466  13.313
 90 321 19 09 30   4.844 -11.888   1.273  13.214
 90 321 19 10 30   4.507 -11.545   5.338  13.552
 90 321 19 11 30   4.139 -11.297   6.666  13.763
 90 321 19 12 30   3.804 -10.837   7.414  13.715
 90 321 19 13 30   2.620 -10.490   8.210  13.612
 90 321 19 14 30   3.040 -10.782   7.598  13.552
 90 321 19 15 30   2.846 -10.665   7.813  13.527
 90 321 19 16 30   3.380 -10.548   7.701  13.516
 90 321 19 17 30   3.377 -10.632   7.527  13.472
 90 321 19 18 30   2.826 -10.415   8.008  13.450
 90 321 19 19 30   2.639 -10.547   7.850  13.430
 90 321 19 20 30   2.959 -10.618   7.688  13.455
 90 321 19 21 30   2.792 -10.229   8.398  13.536
 90 321 19 22 30   2.630  -9.987   8.848  13.607
 90 321 19 23 30   2.510  -9.915   9.136  13.720
 90 321 19 24 30   1.565  -8.921  10.303  13.743
 90 321 19 25 30   0.928  -8.577  10.653  13.713
 90 321 19 26 30   0.994  -8.759  10.558  13.767
 90 321 19 27 30   1.075  -8.087  11.182  13.846
 90 321 19 28 30   0.766  -7.865  11.343  13.830
 90 321 19 29 30   0.847  -7.478  11.669  13.894
 90 321 19 30 30   1.530  -8.900  10.247  13.755
 90 321 19 31 30   2.160 -10.796   7.738  13.484
 90 321 19 32 30   2.585 -10.551   7.937  13.496
 90 321 19 33 30   2.607 -10.498   8.034  13.489
 90 321 19 34 30   2.456 -10.796   7.631  13.463
 90 321 19 35 30   2.558 -10.746   7.537  13.391
 90 321 19 36 30   3.591 -11.137   6.352  13.357
 90 321 19 37 30   3.904 -11.359   5.900  13.390
 90 321 19 38 30   4.475 -11.486   5.025  13.367
 90 321 19 39 30   5.483 -11.712   3.160  13.322
 90 321 19 40 30   5.291 -11.669   3.523  13.301
 90 321 19 41 30   4.874 -11.569   3.838  13.164
 90 321 19 42 30   3.235 -10.161   6.860  12.734
 90 321 19 43 30   3.529 -10.867   5.383  12.678
 90 321 19 44 30   3.416 -10.326   6.487  12.700
 90 321 19 45 30   3.100  -9.885   7.354  12.720
 90 321 19 46 30   2.302  -9.504   7.855  12.642
 90 321 19 47 30   1.353  -6.463  10.916  12.797
 90 321 19 48 30   1.069  -6.414  10.753  12.634
 90 321 19 49 30   2.082  -8.260   8.255  12.375
 90 321 19 50 30   3.350 -11.139   1.962  11.855
 90 321 19 51 30   2.506 -10.963   4.165  12.065
 90 321 19 52 30   2.417 -10.849   5.063  12.222
 90 321 19 53 30   2.097 -10.660   5.537  12.227
 90 321 19 54 30   1.337  -9.721   6.981  12.099
 90 321 19 55 30   1.786  -8.998   6.763  11.492
 90 321 19 56 30   1.388  -8.745   5.832  10.772
 90 321 19 57 30   3.748  -9.099   3.077  10.465
 90 321 19 58 30   2.419  -7.596   5.954  10.354
 90 321 19 59 30   2.434  -6.496   7.639  10.393
 90 321 20 00 30  -2.154  -3.564   8.775  10.491
 90 321 20 01 30  -3.391  -2.416   9.495  10.568
 90 321 20 02 30   0.447  -5.372   8.742  10.668
 90 321 20 03 30   1.074  -6.291   8.326  10.515
 90 321 20 04 30   1.687  -6.853   7.735  10.560
 90 321 20 05 30   0.881  -4.355   9.411  10.798
 90 321 20 06 30   0.160  -3.503  10.219  10.887
 90 321 20 07 30  -0.327  -3.298  10.368  10.919
 90 321 20 08 30   0.187  -3.196  10.452  10.947
 90 321 20 09 30   0.210  -4.243   9.976  10.914
 90 321 20 10 30   0.321  -1.856  10.300  11.015
 90 321 20 11 30  -0.346  -5.257   9.514  10.941
 90 321 20 12 30  -1.172  -6.381   8.567  10.792
 90 321 20 13 30   0.762  -6.022   9.003  10.895
 90 321 20 14 30   0.975  -5.662   9.237  10.913
 90 321 20 15 30   0.318  -6.060   9.033  10.902
 90 321 20 16 30  -0.414  -6.795   8.381  10.838
 90 321 20 17 30   0.340  -6.293   8.550  10.781
 90 321 20 18 30   0.283  -7.074   8.048  10.807
 90 321 20 19 30  -1.748  -6.674   8.330  10.851
 90 321 20 20 30  -0.800  -7.034   8.021  10.787
 90 321 20 21 30  -2.588  -4.582   9.124  10.666
 90 321 20 22 30  -3.653  -1.796   9.105  10.411
 90 321 20 23 30  -0.248  -7.719   6.421  10.188
 90 321 20 24 30   2.452  -6.736   7.162  10.262
 90 321 20 25 30   3.633  -7.337   6.176  10.325
 90 321 20 26 30   3.183  -8.136   4.836  10.106
 90 321 20 27 30   2.292  -5.924   4.106   9.381
 90 321 20 28 30  -3.271   0.120   7.039   9.284
 90 321 20 29 30  -2.944  -1.205   8.607   9.577
 90 321 20 30 30  -2.251  -2.950   8.811   9.666
 90 321 20 31 30  -1.880  -4.036   8.776   9.891
 90 321 20 32 30  -1.326  -3.856   8.970   9.976
 90 321 20 33 30   1.577  -8.433   4.573   9.806
 90 321 20 34 30   2.433  -8.781   3.309   9.797
 90 321 20 35 30   4.071  -7.676   4.540   9.865
 90 321 20 36 30   3.572  -7.328   4.792   9.658
 90 321 20 37 30   3.862  -7.963   4.271   9.886
 90 321 20 38 30   3.181  -8.367   3.191   9.568
 90 321 20 39 30   4.268  -7.757   3.911   9.713
 90 321 20 40 30   4.621  -8.065   3.733  10.096
 90 321 20 41 30   4.563  -7.945   3.630   9.885
 90 321 20 42 30   4.414  -7.318   4.472   9.672
 90 321 20 43 30   3.453  -7.342   5.234   9.676
 90 321 20 44 30   2.685  -8.237  -0.813   9.016
 90 321 20 45 30   1.214  -8.503   0.804   8.933
 90 321 20 46 30   1.113  -8.651   0.500   8.848
 90 321 20 47 30   0.331  -8.482   2.557   9.026
 90 321 20 48 30   0.434  -7.168   5.241   9.042
 90 321 20 49 30  -0.508  -6.441   6.046   8.959
 90 321 20 50 30  -0.544  -6.366   6.525   9.173
 90 321 20 51 30   0.130  -6.314   6.263   8.919
 90 321 20 52 30   3.643  -4.692   1.314   8.318
 90 321 20 53 30   4.032  -6.726  -0.425   8.194
 90 321 20 54 30   3.215  -8.628   2.301   9.614
 90 321 20 55 30   2.948  -8.325   3.143   9.456
 90 321 20 56 30   3.496  -7.936   2.094   9.479
 90 321 20 57 30   3.502  -8.561   1.434   9.512
 90 321 20 58 30   3.829  -8.709   2.235   9.821
 90 321 20 59 30   3.350  -9.352   0.727   9.987
 90 321 21 00 30   3.992  -8.913   0.389   9.869
 90 321 21 01 30   4.044  -8.430   0.216   9.500
 90 321 21 02 30   3.522  -8.141   3.545   9.638
 90 321 21 03 30   3.046  -8.539   4.014   9.946
 90 321 21 04 30   3.079  -8.939   3.505  10.107
 90 321 21 05 30   3.004  -8.551   4.089   9.965
 90 321 21 06 30   1.892  -8.571   3.826   9.590
 90 321 21 07 30   2.062  -7.418   4.926   9.170
 90 321 21 08 30  -1.223  -5.963   5.576   8.905
 90 321 21 09 30  -2.920  -6.112   6.047   9.126
 90 321 21 10 30  -2.852  -6.256   5.578   8.882
 90 321 21 11 30  -2.088  -5.491   4.733   7.559
 90 321 21 12 30  -2.274  -6.147   5.307   8.521
 90 321 21 13 30  -2.485  -6.434   5.590   8.893
 90 321 21 14 30  -1.943  -6.700   5.580   8.999
 90 321 21 15 30  -5.109  -0.850   7.283   9.049
 90 321 21 16 30  -4.757  -0.873   7.797   9.189
 90 321 21 17 30  -5.132  -1.072   7.222   9.100
 90 321 21 18 30  -5.489  -1.874   6.916   9.099
 90 321 21 19 30  -5.872  -1.547   6.889   9.265
 90 321 21 20 30  -6.303  -0.027   6.770   9.335
 90 321 21 21 30  -3.305  -3.188   7.965   9.257
 90 321 21 22 30  -6.029  -2.556   6.182   9.097
 90 321 21 23 30  -4.548  -1.862   7.811   9.260
 90 321 21 24 30  -4.720  -1.951   7.715   9.275
 90 321 21 25 30  -4.320  -1.844   8.080   9.395
 90 321 21 26 30  -3.759  -2.837   7.846   9.237
 90 321 21 27 30  -3.553  -3.575   7.597   9.170
 90 321 21 28 30  -4.573  -1.954   7.095   8.727
 90 321 21 29 30  -4.937  -0.076   5.234   7.230
 90 321 21 30 30  -6.122   0.445   5.630   8.339
 90 321 21 31 30  -5.875   0.241   6.517   8.819
 90 321 21 32 30  -6.600   1.340   5.460   8.694
 90 321 21 33 30  -6.787   1.045   5.010   8.529
 90 321 21 34 30  -6.928   0.955   5.342   8.977
 90 321 21 35 30  -6.614   0.548   5.834   8.858
 90 321 21 36 30  -6.243   0.408   5.633   8.433
 90 321 21 37 30  -4.440  -1.816   6.515   8.325
 90 321 21 38 30   3.054  -5.232   2.114   7.620
 90 321 21 39 30   6.136  -4.127   1.119   7.532
 90 321 21 40 30   5.303  -5.286   2.897   8.072
 90 321 21 41 30   5.486  -4.610   2.636   7.650
 90 321 21 42 30   5.743  -4.435   3.303   8.006
 90 321 21 43 30   6.172  -5.034   1.194   8.142
 90 321 21 44 30   6.516  -4.904  -0.388   8.192
 90 321 21 45 30   5.575  -5.613  -1.158   8.109
 90 321 21 46 30   5.701  -6.031  -0.843   8.434
 90 321 21 47 30   6.121  -5.606   1.380   8.465
 90 321 21 48 30   6.597  -4.740   2.394   8.549
 90 321 21 49 30   7.798  -2.439   2.659   8.597
 90 321 21 50 30   7.638  -2.842   2.689   8.586
 90 321 21 51 30   7.509  -3.042   2.616   8.541
 90 321 21 52 30   7.667  -2.335   3.239   8.697
 90 321 21 53 30   7.500  -3.281   2.685   8.621
 90 321 21 54 30   7.532  -3.406   2.699   8.708
 90 321 21 55 30   7.523  -3.027   3.306   8.769
 90 321 21 56 30   7.381  -3.514   3.125   8.767
 90 321 21 57 30   7.407  -3.545   3.261   8.846
 90 321 21 58 30   7.442  -3.350   3.394   8.846
 90 321 21 59 30   7.157  -2.855   3.368   8.422
 90 321 22 00 30   6.683  -3.206   2.533   7.842
 90 321 22 01 30   6.499  -3.288   2.393   7.679
 90 321 22 02 30   6.863  -3.313   2.473   8.016
 90 321 22 03 30   6.948  -3.771   2.124   8.193
 90 321 22 04 30   6.807  -3.998   1.835   8.118
 90 321 22 05 30   6.946  -3.202   3.308   8.343
 90 321 22 06 30   6.899  -2.918   3.819   8.444
 90 321 22 07 30   6.949  -3.602   3.202   8.502
 90 321 22 08 30   6.325  -4.387   2.773   8.250
 90 321 22 09 30   6.145  -5.102   1.832   8.212
 90 321 22 10 30   6.750  -4.133   2.525   8.376
 90 321 22 11 30   5.985  -4.469   3.316   8.243
 90 321 22 12 30   1.207  -0.038   6.342   7.673
 90 321 22 13 30  -3.546   4.187   6.758   8.892
 90 321 22 14 30  -4.400   3.435   8.177  10.024
 90 321 22 15 30  -4.291   4.572   8.222  10.365
 90 321 22 16 30  -4.443   4.243   8.312  10.385
 90 321 22 17 30  -4.792   4.121   8.283  10.467
 90 321 22 18 30  -4.302   3.940   8.795  10.592
 90 321 22 19 30  -4.860   3.843   8.507  10.598
 90 321 22 20 30  -4.621   2.579   9.192  10.641
 90 321 22 21 30  -4.112   2.325   9.449  10.610
 90 321 22 22 30  -4.138   2.299   9.356  10.497
 90 321 22 23 30  -4.468   1.538   9.178  10.355
 90 321 22 24 30  -3.911   1.372   9.419  10.321
 90 321 22 25 30  -5.142   1.251   8.718  10.255
 90 321 22 26 30  -5.175   0.920   8.752  10.246
 90 321 22 27 30  -4.748   0.434   8.832  10.067
 90 321 22 28 30  -4.351   0.780   8.879   9.977
 90 321 22 29 30  -4.509  -0.514   8.227   9.486
 90 321 22 30 30  -4.030  -0.516   8.153   9.187
 90 321 22 31 30  -3.767   2.782   8.393   9.794
 90 321 22 32 30  -4.109   0.433   8.690   9.729
 90 321 22 33 30  -3.073   1.697   9.153   9.888
 90 321 22 34 30  -3.220   2.350   8.690   9.658
 90 321 22 35 30  -3.692   2.163   8.159   9.357
 90 321 22 36 30  -4.618   1.141   7.628   9.095
 90 321 22 37 30  -2.875   0.996   8.394   9.266
 90 321 22 38 30  -3.213  -2.607   8.157   9.226
 90 321 22 39 30  -3.328  -3.371   8.076   9.415
 90 321 22 40 30  -3.382  -3.262   7.742   9.194
 90 321 22 41 30  -2.456  -0.593   8.680   9.230
 90 321 22 42 30  -2.336  -0.218   8.922   9.285
 90 321 22 43 30  -2.566  -0.161   9.229   9.635
 90 321 22 44 30  -0.316   0.572   9.286   9.384
 90 321 22 45 30  -0.986   0.476   9.347   9.533
 90 321 22 46 30  -0.279   1.451   9.239   9.428
 90 321 22 47 30   0.182   1.102   8.682   8.830
 90 321 22 48 30  -0.548  -0.847   9.181   9.399
 90 321 22 49 30  -1.178  -1.056   9.603   9.876
 90 321 22 50 30  -1.053  -0.619   9.492   9.605
 90 321 22 51 30  -1.388  -0.382   9.642   9.817
 90 321 22 52 30  -1.253  -0.206   9.595   9.717
 90 321 22 53 30  -1.202   0.590   9.673   9.837
 90 321 22 54 30  -1.888   0.777   9.657   9.906
 90 321 22 55 30  -2.048   1.125   9.153   9.484
 90 321 22 56 30   0.372   4.076   8.294   9.301
 90 321 22 57 30  -1.228   3.483   7.816   8.786
 90 321 22 58 30  -3.269  -0.024   8.608   9.286
 90 321 22 59 30  -4.092  -0.914   8.218   9.256
 90 321 23 00 30  -2.035   4.907   6.580   8.936
 90 321 23 01 30  -2.301   4.702   7.740   9.381
 90 321 23 02 30  -3.164   3.874   7.489   9.033
 90 321 23 03 30  -3.384   3.847   8.051   9.562
 90 321 23 04 30  -3.378   3.852   7.442   9.107
 90 321 23 05 30  -3.495   3.269   7.209   8.703
 90 321 23 06 30  -3.397   3.828   7.169   8.837
 90 321 23 07 30  -3.445   4.733   5.899   8.342
 90 321 23 08 30  -3.058   5.012   5.838   8.293
 90 321 23 09 30  -1.942   4.671   6.497   8.266
 90 321 23 10 30  -0.502   2.772   7.058   7.787
 90 321 23 11 30  -1.772   3.955   6.714   8.002
 90 321 23 12 30  -1.390   3.892   6.688   7.891
 90 321 23 13 30  -1.873   4.201   6.884   8.295
 90 321 23 14 30  -0.922   3.468   5.982   7.157
 90 321 23 15 30   1.630  -4.681   2.366   7.019
 90 321 23 16 30   2.290  -6.538  -1.499   7.156
 90 321 23 17 30   1.752  -6.518  -0.302   7.013
 90 321 23 18 30   1.583  -6.738  -0.045   7.005
 90 321 23 19 30   2.112  -6.672   1.542   7.199
 90 321 23 20 30   1.452  -5.536   2.175   6.154
 90 321 23 21 30   1.581  -4.477   3.182   5.815
 90 321 23 22 30   2.053  -3.480   4.106   5.913
 90 321 23 23 30   2.513  -5.212   1.898   6.233
 90 321 23 24 30   1.240  -5.006   3.502   6.280
 90 321 23 25 30   0.347  -2.759   2.979   4.295
 90 321 23 26 30   0.562  -3.461   4.239   5.724
 90 321 23 27 30  -0.032  -3.788   4.705   6.160
 90 321 23 28 30  -0.122  -5.347   3.311   6.386
 90 321 23 29 30   0.410  -6.490   3.287   7.336
 90 321 23 30 30   0.618  -6.124   3.775   7.230
 90 321 23 31 30   0.566  -5.382   3.421   6.423
 90 321 23 32 30   0.863  -6.195   2.978   6.951
 90 321 23 33 30   0.660  -5.767   3.205   6.675
 90 321 23 34 30   0.367  -4.725   3.266   5.881
 90 321 23 35 30   0.889  -3.300   5.860   7.086
 90 321 23 36 30   1.345  -2.014   7.439   7.837
 90 321 23 37 30   1.403  -1.909   7.338   7.771
 90 321 23 38 30   1.287  -2.973   5.846   6.857
 90 321 23 39 30   1.862  -3.845   4.701   6.481
 90 321 23 40 30   2.184  -2.179   7.514   8.135
 90 321 23 41 30   2.188  -2.237   7.605   8.247
 90 321 23 42 30   2.092  -1.848   7.951   8.446
 90 321 23 43 30   2.220  -3.408   6.370   7.678
 90 321 23 44 30   3.086  -5.926   3.765   7.696
 90 321 23 45 30   3.119  -6.709   2.670   7.885
 90 321 23 46 30   3.202  -6.553   2.585   7.763
 90 321 23 47 30   3.286  -6.674   2.256   7.806
 90 321 23 48 30   3.501  -6.471   2.436   7.795
 90 321 23 49 30   4.036  -5.911   2.658   7.691
 90 321 23 50 30   4.778  -5.526   2.692   7.812
 90 321 23 51 30   4.455  -5.982   2.173   7.781
 90 321 23 52 30   4.260  -5.255   3.137   7.713
 90 321 23 53 30   3.456  -5.301   3.471   7.606
 90 321 23 54 30   5.345  -3.688   4.032   7.659
 90 321 23 55 30   5.380  -4.237   3.641   7.764
 90 321 23 56 30   5.429  -4.242   3.432   7.713
 90 321 23 57 30   6.273  -3.716   2.435   7.803
 90 321 23 58 30   6.368  -3.760   1.271   7.538
 90 321 23 59 30   6.114  -3.825   2.387   7.630
