 90 327 00 00 30  -4.091   2.046   0.376   4.594
 90 327 00 01 30  -4.111   1.968   0.310   4.574
 90 327 00 02 30  -4.094   1.950   0.014   4.585
 90 327 00 03 30  -4.078   2.152  -0.113   4.617
 90 327 00 04 30  -3.882   2.411  -0.073   4.586
 90 327 00 05 30  -3.836   2.439  -0.080   4.552
 90 327 00 06 30  -3.673   2.599  -0.589   4.562
 90 327 00 07 30  -3.701   2.585  -0.582   4.566
 90 327 00 08 30  -3.686   2.507  -0.817   4.546
 90 327 00 09 30  -3.676   2.634  -0.388   4.554
 90 327 00 10 30  -3.629   2.640  -0.581   4.532
 90 327 00 11 30  -3.681   2.536  -0.714   4.532
 90 327 00 12 30  -3.704   2.363  -1.141   4.545
 90 327 00 13 30  -3.802   2.179  -1.082   4.518
 90 327 00 14 30  -3.593   2.588  -0.731   4.507
 90 327 00 15 30  -3.642   2.390  -0.901   4.512
 90 327 00 16 30  -3.568   2.508  -1.084   4.521
 90 327 00 17 30  -3.576   2.588  -1.014   4.548
 90 327 00 18 30  -3.504   2.669  -0.960   4.526
 90 327 00 19 30  -3.260   2.386  -1.902   4.490
 90 327 00 20 30  -3.419   2.820  -1.026   4.563
 90 327 00 21 30  -3.522   2.717  -0.950   4.560
 90 327 00 22 30  -3.671   2.528  -0.871   4.550
 90 327 00 23 30  -3.786   2.246  -1.104   4.546
 90 327 00 24 30  -3.672   2.309  -1.315   4.539
 90 327 00 25 30  -3.357   2.697  -1.372   4.525
 90 327 00 26 30  -3.320   2.592  -1.617   4.531
 90 327 00 27 30  -3.213   2.616  -1.852   4.543
 90 327 00 28 30  -3.519   1.989  -2.037   4.547
 90 327 00 29 30  -3.539   1.904  -1.931   4.507
 90 327 00 30 30  -3.360   2.709  -1.335   4.524
 90 327 00 31 30  -3.255   2.750  -1.513   4.527
 90 327 00 32 30  -3.304   2.521  -1.752   4.524
 90 327 00 33 30  -3.347   2.425  -1.776   4.518
 90 327 00 34 30  -3.161   2.345  -2.060   4.487
 90 327 00 35 30  -3.435   2.754  -0.514   4.467
 90 327 00 36 30  -3.470   2.728  -0.666   4.475
 90 327 00 37 30  -3.624   2.137  -0.690   4.527
 90 327 00 38 30  -3.555   1.279  -2.423   4.496
 90 327 00 39 30  -3.667   1.832  -1.758   4.466
 90 327 00 40 30  -3.615   1.667  -1.983   4.461
 90 327 00 41 30  -3.544   1.608  -2.156   4.451
 90 327 00 42 30  -3.473   1.547  -2.275   4.438
 90 327 00 43 30  -3.398   1.455  -2.214   4.377
 90 327 00 44 30  -3.393   1.426  -2.302   4.356
 90 327 00 45 30  -3.240   2.169  -1.689   4.364
 90 327 00 46 30  -3.314   2.512  -1.086   4.305
 90 327 00 47 30  -3.361   2.276  -1.444   4.331
 90 327 00 48 30  -3.114   2.556  -1.249   4.285
 90 327 00 49 30  -2.780   2.646  -1.404   4.144
 90 327 00 50 30  -3.138   0.876  -1.974   3.999
 90 327 00 51 30  -3.321   0.909  -1.973   3.997
 90 327 00 52 30  -2.841   0.387  -2.616   3.916
 90 327 00 53 30  -3.191   0.602  -2.168   3.919
 90 327 00 54 30  -2.790  -1.065  -2.605   4.011
 90 327 00 55 30  -2.220  -1.913  -2.669   3.994
 90 327 00 56 30  -2.155  -2.036  -2.646   3.983
 90 327 00 57 30  -2.010  -2.242  -2.550   3.956
 90 327 00 58 30  -1.846  -2.366  -2.635   4.004
 90 327 00 59 30  -2.053  -2.331  -2.565   4.052
 90 327 01 00 30  -2.147  -2.291  -2.536   4.054
 90 327 01 01 30  -1.896  -2.323  -2.756   4.091
 90 327 01 02 30  -1.975  -2.303  -2.705   4.094
 90 327 01 03 30  -2.192  -1.331  -3.036   4.086
 90 327 01 04 30  -2.209  -1.206  -3.184   4.081
 90 327 01 05 30  -1.981  -1.084  -3.373   4.095
 90 327 01 06 30  -2.011  -1.966  -2.973   4.100
 90 327 01 07 30  -2.052  -1.147  -3.463   4.210
 90 327 01 08 30  -1.927  -0.787  -3.580   4.176
 90 327 01 09 30  -2.621  -1.052  -3.031   4.158
 90 327 01 10 30  -2.327  -1.149  -3.168   4.109
 90 327 01 11 30  -2.139  -1.408  -3.083   4.025
 90 327 01 12 30  -2.147  -1.573  -2.870   3.941
 90 327 01 13 30  -2.354  -0.635  -2.753   3.711
 90 327 01 14 30  -2.447  -0.645  -2.671   3.696
 90 327 01 15 30  -2.720  -0.366  -2.469   3.708
 90 327 01 16 30  -2.601  -0.682  -2.549   3.733
 90 327 01 17 30  -2.387  -0.534  -2.828   3.776
 90 327 01 18 30  -2.417   0.379  -2.808   3.742
 90 327 01 19 30  -2.718   0.554  -2.578   3.794
 90 327 01 20 30  -2.709   0.919  -2.464   3.793
 90 327 01 21 30  -2.508   1.641  -2.259   3.775
 90 327 01 22 30  -2.794  -1.194  -1.895   3.766
 90 327 01 23 30  -2.890  -1.639  -1.661   3.758
 90 327 01 24 30  -3.417  -0.590  -1.401   3.768
 90 327 01 25 30  -3.531   0.220  -1.442   3.836
 90 327 01 26 30  -3.519   0.272  -1.396   3.813
 90 327 01 27 30  -3.334   0.447  -1.926   3.885
 90 327 01 28 30  -3.466   0.055  -1.659   3.859
 90 327 01 29 30  -3.255   0.601  -1.728   3.801
 90 327 01 30 30  -3.222   0.956  -1.941   3.884
 90 327 01 31 30  -3.024  -0.366  -1.935   3.898
 90 327 01 32 30  -2.188  -2.555  -2.079   3.985
 90 327 01 33 30  -2.562  -2.128  -2.240   4.034
 90 327 01 34 30  -2.446  -2.368  -1.862   3.937
 90 327 01 35 30  -2.661  -1.645  -2.306   3.934
 90 327 01 36 30  -2.942  -0.537  -2.530   4.000
 90 327 01 37 30  -3.237  -0.772  -2.269   4.047
 90 327 01 38 30  -3.239  -2.017  -0.882   3.990
 90 327 01 39 30  -2.668  -2.004  -1.891   3.911
 90 327 01 40 30  -2.335  -2.208  -2.130   3.885
 90 327 01 41 30  -2.621  -2.515  -1.208   3.904
 90 327 01 42 30  -1.524  -3.318   0.543   3.902
 90 327 01 43 30  -2.398  -2.863  -1.216   3.966
 90 327 01 44 30  -2.995  -1.708  -2.116   4.077
 90 327 01 45 30  -2.714  -1.964  -2.118   3.991
 90 327 01 46 30  -3.232  -1.494  -1.945   4.088
 90 327 01 47 30  -0.334  -3.611  -1.461   4.012
 90 327 01 48 30  -0.969  -3.482  -1.489   4.004
 90 327 01 49 30  -2.723  -1.632  -1.768   4.123
 90 327 01 50 30  -3.511   0.079  -2.263   4.195
 90 327 01 51 30  -3.508  -0.554  -2.090   4.125
 90 327 01 52 30  -3.563  -0.639  -1.797   4.048
 90 327 01 53 30  -3.611  -0.960  -1.808   4.175
 90 327 01 54 30  -3.662  -0.944  -1.938   4.255
 90 327 01 55 30  -3.709  -0.948  -1.854   4.276
 90 327 01 56 30  -3.845  -0.494  -1.805   4.280
 90 327 01 57 30  -3.734  -0.774  -1.866   4.259
 90 327 01 58 30  -3.749  -0.302  -1.881   4.210
 90 327 01 59 30  -3.719  -0.169  -1.920   4.191
 90 327 02 00 30  -3.840  -0.392  -1.546   4.170
 90 327 02 01 30  -3.206   0.139  -1.908   4.121
 90 327 02 02 30  -0.463   1.967  -3.496   4.069
 90 327 02 03 30   0.081   1.734  -3.688   4.100
 90 327 02 04 30  -0.706   1.706  -3.636   4.086
 90 327 02 05 30  -0.401   1.389  -3.717   4.036
 90 327 02 06 30   0.639   1.477  -3.463   3.848
 90 327 02 07 30   0.478   1.001  -3.702   3.881
 90 327 02 08 30  -1.144   0.482  -3.727   4.189
 90 327 02 09 30  -2.387  -0.032  -3.456   4.255
 90 327 02 10 30  -2.375   0.277  -3.447   4.206
 90 327 02 11 30  -2.531   0.791  -3.270   4.231
 90 327 02 12 30  -2.792   0.722  -2.801   4.082
 90 327 02 13 30  -2.223   1.322  -2.972   3.971
 90 327 02 14 30  -2.524   0.937  -2.984   4.042
 90 327 02 15 30  -3.383  -0.267  -2.080   4.090
 90 327 02 16 30  -3.731  -0.328  -1.012   4.208
 90 327 02 17 30  -3.294   1.879  -2.532   4.565
 90 327 02 18 30  -3.565   1.168   0.565   4.137
 90 327 02 19 30  -3.595   1.753   1.184   4.196
 90 327 02 20 30  -3.442   2.358   0.289   4.201
 90 327 02 21 30  -3.191   2.562  -0.219   4.102
 90 327 02 22 30  -3.187   2.524  -0.372   4.090
 90 327 02 23 30  -2.982   2.791  -0.404   4.125
 90 327 02 24 30  -3.257   2.414  -0.588   4.107
 90 327 02 25 30  -3.507   2.030  -0.802   4.147
 90 327 02 26 30  -3.515   2.074  -0.674   4.159
 90 327 02 27 30  -2.704   2.885  -0.626   4.074
 90 327 02 28 30  -2.105   3.409  -0.704   4.087
 90 327 02 29 30  -2.014   3.373  -0.791   4.041
 90 327 02 30 30  -2.817   1.979  -0.933   3.883
 90 327 02 31 30  -3.854  -0.917  -1.109   4.129
 90 327 02 32 30  -3.883  -0.870  -1.260   4.186
 90 327 02 33 30  -3.875  -0.709  -1.163   4.140
 90 327 02 34 30  -2.615   2.817   0.545   3.914
 90 327 02 35 30  -3.156   2.479  -0.099   4.023
 90 327 02 36 30  -3.059   2.578  -0.186   4.012
 90 327 02 37 30  -2.784   2.815  -0.323   3.981
 90 327 02 38 30  -2.770   2.793  -0.343   3.970
 90 327 02 39 30  -2.321   3.141  -0.418   3.945
 90 327 02 40 30  -2.338   3.103  -0.469   3.932
 90 327 02 41 30  -3.440   0.420  -0.773   3.873
 90 327 02 42 30  -2.695   2.917  -0.316   4.019
 90 327 02 43 30  -2.585   3.131  -0.198   4.073
 90 327 02 44 30  -2.587   3.083  -0.453   4.076
 90 327 02 45 30  -2.216   3.214  -0.978   4.050
 90 327 02 46 30  -2.435   2.881  -1.055   3.998
 90 327 02 47 30  -2.536   3.079  -0.620   4.050
 90 327 02 48 30  -1.765   3.544  -0.353   4.017
 90 327 02 49 30  -2.107   3.328   0.275   3.987
 90 327 02 50 30  -1.876   3.293   0.322   3.979
 90 327 02 51 30  -1.859   3.406  -0.914   3.997
 90 327 02 52 30  -1.310   3.541  -1.005   3.970
 90 327 02 53 30  -1.656   3.264  -1.468   4.003
 90 327 02 54 30  -2.431   3.231   0.093   4.066
 90 327 02 55 30  -2.826   2.958   0.381   4.114
 90 327 02 56 30  -2.812   2.971   0.612   4.150
 90 327 02 57 30  -3.266   2.316   1.054   4.176
 90 327 02 58 30  -3.316   2.428   0.850   4.201
 90 327 02 59 30  -3.261   2.530   0.923   4.239
 90 327 03 00 30  -3.207   2.589   0.881   4.222
 90 327 03 01 30  -3.198   2.505   0.827   4.172
 90 327 03 02 30  -3.401   2.317   0.812   4.209
 90 327 03 03 30  -3.586   2.114   0.643   4.232
 90 327 03 04 30  -3.630   2.140   0.615   4.269
 90 327 03 05 30  -3.732   1.712   1.063   4.258
 90 327 03 06 30  -3.707   1.518   1.352   4.244
 90 327 03 07 30  -3.616   1.810   1.329   4.263
 90 327 03 08 30  -3.650   1.522   1.303   4.169
 90 327 03 09 30  -3.611   1.711   1.137   4.176
 90 327 03 10 30  -3.760   1.652   0.770   4.190
 90 327 03 11 30  -3.577   1.978   0.937   4.200
 90 327 03 12 30  -3.631   2.029   0.421   4.196
 90 327 03 13 30  -3.697   1.956   0.094   4.190
 90 327 03 14 30  -3.432   2.263   0.489   4.166
 90 327 03 15 30  -2.924   2.717   0.437   4.125
 90 327 03 16 30  -3.222   2.518   0.408   4.127
 90 327 03 17 30  -2.277   2.963   1.140   4.050
 90 327 03 18 30  -3.211   2.540   0.127   4.138
 90 327 03 19 30  -3.577   1.991  -0.080   4.115
 90 327 03 20 30  -3.496   2.045   0.401   4.076
 90 327 03 21 30  -3.307   2.354   0.420   4.092
 90 327 03 22 30  -3.247   2.381   0.662   4.088
 90 327 03 23 30  -3.388   2.139   0.495   4.046
 90 327 03 24 30  -3.514   1.870   0.559   4.031
 90 327 03 25 30  -3.329   2.025   0.401   3.936
 90 327 03 26 30  -3.387   1.561   0.534   3.787
 90 327 03 27 30  -3.204   2.104   0.519   3.908
 90 327 03 28 30  -3.627   1.337  -0.714   3.951
 90 327 03 29 30  -3.000   1.700  -0.419   3.712
 90 327 03 30 30  -2.880   2.394   0.181   3.763
 90 327 03 31 30  -1.695   2.441   0.570   3.324
 90 327 03 32 30  -0.707   2.659   1.292   3.058
 90 327 03 33 30  -0.622   2.905   1.106   3.210
 90 327 03 34 30  -1.067   3.169   0.858   3.530
 90 327 03 35 30  -2.130   3.157   0.359   3.873
 90 327 03 36 30  -2.176   3.065   0.651   3.878
 90 327 03 37 30  -1.870   2.824   0.436   3.442
 90 327 03 38 30  -2.316   2.512  -0.248   3.472
 90 327 03 39 30  -2.176   3.071   0.111   3.844
 90 327 03 40 30  -1.982   3.455   0.495   4.033
 90 327 03 41 30  -2.453   2.423   0.269   3.515
 90 327 03 42 30  -2.397   2.711   0.722   3.721
 90 327 03 43 30  -1.346   2.950   1.412   3.603
 90 327 03 44 30  -1.391   3.225   1.724   3.985
 90 327 03 45 30  -1.251   3.504   2.108   4.286
 90 327 03 46 30  -2.707   2.995   0.223   4.159
 90 327 03 47 30  -2.044   3.497   0.636   4.121
 90 327 03 48 30  -2.959   2.424  -1.089   4.163
 90 327 03 49 30  -2.908   2.608  -0.866   4.150
 90 327 03 50 30  -3.004   2.739  -0.841   4.191
 90 327 03 51 30  -3.040   2.750  -0.636   4.186
 90 327 03 52 30  -3.261   2.497  -0.280   4.161
 90 327 03 53 30  -3.191   2.547  -0.690   4.159
 90 327 03 54 30  -3.192   2.114  -1.555   4.149
 90 327 03 55 30  -3.126   1.922  -1.895   4.139
 90 327 03 56 30  -2.611   2.178  -2.341   4.150
 90 327 03 57 30  -2.891   2.497  -1.496   4.163
 90 327 03 58 30  -2.631   2.801  -1.544   4.165
 90 327 03 59 30  -3.034   2.511  -1.350   4.177
 90 327 04 00 30  -2.803   2.585  -1.657   4.181
 90 327 04 01 30  -2.851   2.627  -1.577   4.198
 90 327 04 02 30  -2.814   2.547  -1.704   4.168
 90 327 04 03 30  -2.752   2.626  -1.661   4.166
 90 327 04 04 30  -2.651   2.977  -1.286   4.212
 90 327 04 05 30  -2.611   3.150  -1.138   4.252
 90 327 04 06 30  -2.703   3.116  -1.004   4.248
 90 327 04 07 30  -2.760   2.856  -1.283   4.201
 90 327 04 08 30  -2.986   2.371  -1.559   4.159
 90 327 04 09 30  -2.729   3.010  -0.884   4.170
 90 327 04 10 30  -2.845   2.917  -1.032   4.206
 90 327 04 11 30  -2.793   2.995  -0.968   4.212
 90 327 04 12 30  -2.635   3.208  -0.627   4.202
 90 327 04 13 30  -2.641   3.177  -0.824   4.221
 90 327 04 14 30  -2.527   3.310  -0.633   4.224
 90 327 04 15 30  -2.721   3.094  -0.966   4.234
 90 327 04 16 30  -2.754   3.009  -1.104   4.229
 90 327 04 17 30  -2.634   3.139  -0.925   4.207
 90 327 04 18 30  -2.695   3.031  -1.033   4.195
 90 327 04 19 30  -3.001   2.542  -1.420   4.189
 90 327 04 20 30  -3.049   2.492  -1.408   4.193
 90 327 04 21 30  -2.978   2.512  -1.459   4.181
 90 327 04 22 30  -3.087   2.047  -1.854   4.152
 90 327 04 23 30  -3.004  -0.182  -2.741   4.081
 90 327 04 24 30  -3.037   0.173  -2.707   4.088
 90 327 04 25 30  -3.094   1.341  -2.241   4.075
 90 327 04 26 30  -2.139   3.055   0.595   4.053
 90 327 04 27 30  -2.764   2.952   0.239   4.059
 90 327 04 28 30  -2.973   2.714  -0.088   4.047
 90 327 04 29 30  -3.086   2.820  -0.390   4.222
 90 327 04 30 30  -3.269   2.557  -0.586   4.205
 90 327 04 31 30  -3.461   2.130  -0.938   4.180
 90 327 04 32 30  -3.487   2.015  -1.155   4.209
 90 327 04 33 30  -3.526   1.659  -1.629   4.234
 90 327 04 34 30  -3.479   1.454  -1.886   4.220
 90 327 04 35 30  -3.677   1.606  -1.318   4.239
 90 327 04 36 30  -3.545   1.486  -1.687   4.221
 90 327 04 37 30  -3.565   1.671  -1.243   4.190
 90 327 04 38 30  -3.497   1.955  -1.124   4.182
 90 327 04 39 30  -3.345   2.362  -0.879   4.215
 90 327 04 40 30  -3.561   1.884  -1.279   4.257
 90 327 04 41 30  -3.612   1.572  -1.666   4.287
 90 327 04 42 30  -3.569   1.404  -1.784   4.235
 90 327 04 43 30  -3.567   1.491  -1.630   4.200
 90 327 04 44 30  -3.494   1.604  -1.721   4.217
 90 327 04 45 30  -3.580   1.702  -1.146   4.206
 90 327 04 46 30  -3.770   1.850  -0.755   4.273
 90 327 04 47 30  -3.775   1.840  -0.374   4.230
 90 327 04 48 30  -3.712   1.751  -1.042   4.242
 90 327 04 49 30  -3.685   1.886  -1.007   4.266
 90 327 04 50 30  -3.767   1.768  -0.984   4.280
 90 327 04 51 30  -3.706   1.648  -1.039   4.192
 90 327 04 52 30  -3.744   1.768  -0.706   4.206
 90 327 04 53 30  -3.720   1.815  -0.588   4.184
 90 327 04 54 30  -3.727   1.830  -0.570   4.202
 90 327 04 55 30  -3.707   1.922  -0.267   4.190
 90 327 04 56 30  -3.726   1.876  -0.403   4.194
 90 327 04 57 30  -3.633   2.053  -0.108   4.180
 90 327 04 58 30  -3.651   2.001  -0.041   4.188
 90 327 04 59 30  -3.520   2.218   0.254   4.189
 90 327 05 00 30  -3.281   2.450   0.752   4.190
 90 327 05 01 30  -3.653   2.058   0.187   4.202
 90 327 05 02 30  -3.556   2.147   0.461   4.186
 90 327 05 03 30  -3.512   2.214   0.602   4.198
 90 327 05 04 30  -3.408   2.334   0.612   4.181
 90 327 05 05 30  -3.375   2.385   0.673   4.191
 90 327 05 06 30  -3.327   2.443   0.689   4.188
 90 327 05 07 30  -3.341   2.414   0.802   4.204
 90 327 05 08 30  -3.205   2.560   0.839   4.196
 90 327 05 09 30  -3.194   2.471   0.978   4.168
 90 327 05 10 30  -3.172   2.630   0.130   4.142
 90 327 05 11 30  -3.225   2.575   0.194   4.152
 90 327 05 12 30  -2.869   2.812  -0.745   4.143
 90 327 05 13 30  -2.872   2.908  -0.326   4.134
 90 327 05 14 30  -3.177   2.585   0.204   4.132
 90 327 05 15 30  -3.537   2.179   0.465   4.186
 90 327 05 16 30  -3.272   2.343   0.899   4.135
 90 327 05 17 30  -3.025   2.645   0.699   4.094
 90 327 05 18 30  -2.935   2.766   0.224   4.070
 90 327 05 19 30  -2.809   2.898   0.162   4.060
 90 327 05 20 30  -2.830   2.806   0.402   4.054
 90 327 05 21 30  -2.787   2.940  -0.455   4.098
 90 327 05 22 30  -2.907   2.868  -0.511   4.126
 90 327 05 23 30  -2.928   2.887  -0.425   4.146
 90 327 05 24 30  -3.037   2.780  -0.061   4.133
 90 327 05 25 30  -3.220   2.512   0.230   4.122
 90 327 05 26 30  -3.174   2.584   0.177   4.109
 90 327 05 27 30  -3.230   2.497   0.244   4.102
 90 327 05 28 30  -3.300   2.327   0.618   4.108
 90 327 05 29 30  -3.068   2.682  -0.022   4.104
 90 327 05 30 30  -3.170   2.484   0.618   4.085
 90 327 05 31 30  -3.274   2.340   0.672   4.090
 90 327 05 32 30  -3.172   2.544   0.407   4.135
 90 327 05 33 30  -3.130   2.578  -0.568   4.109
 90 327 05 34 30  -3.126   2.626   0.297   4.113
 90 327 05 35 30  -3.105   2.501   1.044   4.139
 90 327 05 36 30  -3.091   2.518   1.092   4.138
 90 327 05 37 30  -3.121   2.425   1.117   4.116
 90 327 05 38 30  -3.107   2.487   0.941   4.095
 90 327 05 39 30  -3.140   2.429   1.020   4.105
 90 327 05 40 30  -3.200   2.285   1.000   4.069
 90 327 05 41 30  -3.060   2.633   0.097   4.055
 90 327 05 42 30  -2.955   2.739   0.254   4.046
 90 327 05 43 30  -2.949   2.643   0.736   4.042
 90 327 05 44 30  -3.045   2.596   0.500   4.042
 90 327 05 45 30  -3.054   2.617   0.444   4.051
 90 327 05 46 30  -3.121   2.548   0.340   4.046
 90 327 05 47 30  -3.262   2.376   0.246   4.048
 90 327 05 48 30  -3.329   2.253   0.344   4.039
 90 327 05 49 30  -3.232   2.371   0.224   4.027
 90 327 05 50 30  -2.163   3.192   0.940   4.055
 90 327 05 51 30  -2.018   3.431   1.042   4.120
 90 327 05 52 30  -2.521   3.065  -0.152   4.080
 90 327 05 53 30  -2.817   2.877   0.030   4.058
 90 327 05 54 30  -1.872   3.433   0.895   4.058
 90 327 05 55 30  -1.964   3.471   0.638   4.078
 90 327 05 56 30  -1.554   3.599   1.137   4.098
 90 327 05 57 30  -1.773   3.501   0.901   4.077
 90 327 05 58 30  -1.746   3.527   0.955   4.084
 90 327 05 59 30  -1.750   3.599   0.584   4.066
 90 327 06 00 30  -1.843   3.522   0.723   4.050
 90 327 06 01 30  -1.836   3.520   0.793   4.067
 90 327 06 02 30  -2.199   3.378   0.554   4.091
 90 327 06 03 30  -1.625   3.618   0.887   4.085
 90 327 06 04 30  -1.518   3.476   1.349   4.050
 90 327 06 05 30  -1.223   3.418   1.694   4.018
 90 327 06 06 30  -1.233   3.448   1.627   4.021
 90 327 06 07 30  -1.246   3.288   1.919   4.040
 90 327 06 08 30  -1.287   3.117   2.242   4.057
 90 327 06 09 30  -2.283   3.193   0.111   4.057
 90 327 06 10 30  -2.064   3.271   0.780   4.025
 90 327 06 11 30  -1.887   3.309   1.318   4.062
 90 327 06 12 30  -1.814   3.243   1.586   4.062
 90 327 06 13 30  -2.016   3.116   1.560   4.030
 90 327 06 14 30  -2.230   3.023   1.460   4.036
 90 327 06 15 30  -2.313   2.950   1.527   4.051
 90 327 06 16 30  -2.395   2.816   1.471   4.048
 90 327 06 17 30  -2.492   3.042   0.896   4.059
 90 327 06 18 30  -2.436   3.031   1.070   4.068
 90 327 06 19 30  -2.597   3.009   0.821   4.072
 90 327 06 20 30  -2.277   3.172   1.118   4.068
 90 327 06 21 30  -2.348   3.238   0.815   4.084
 90 327 06 22 30  -2.611   3.072   0.568   4.079
 90 327 06 23 30  -2.599   3.094   0.356   4.064
 90 327 06 24 30  -2.492   3.151   0.353   4.063
 90 327 06 25 30  -2.059   3.238   0.954   4.005
 90 327 06 26 30  -2.118   3.230   1.023   4.009
 90 327 06 27 30  -2.119   3.243   1.010   4.029
 90 327 06 28 30  -2.418   3.202   0.638   4.072
 90 327 06 29 30  -2.216   3.166   0.976   3.996
 90 327 06 30 30  -2.301   3.139   0.887   3.997
 90 327 06 31 30  -2.231   3.167   0.842   3.978
 90 327 06 32 30  -2.189   3.038   1.227   3.955
 90 327 06 33 30  -2.461   2.993   0.207   3.948
 90 327 06 34 30  -2.430   3.079  -0.195   3.948
 90 327 06 35 30  -2.657   2.648  -0.258   3.936
 90 327 06 36 30  -2.650   2.832  -0.178   3.916
 90 327 06 37 30  -2.226   2.666  -1.702   3.947
 90 327 06 38 30  -1.752   2.748  -2.064   3.927
 90 327 06 39 30  -2.462   2.763  -0.974   3.954
 90 327 06 40 30  -2.831   2.792  -0.348   4.000
 90 327 06 41 30  -2.872   2.760  -0.227   3.998
 90 327 06 42 30  -2.932   2.745  -0.241   4.033
 90 327 06 43 30  -3.092   2.600   0.024   4.050
 90 327 06 44 30  -3.222   2.376  -0.455   4.050
 90 327 06 45 30  -3.190   2.342  -0.614   4.012
 90 327 06 46 30  -3.163   2.211  -1.013   3.999
 90 327 06 47 30  -3.223   2.009  -1.228   3.995
 90 327 06 48 30  -3.283   1.899  -1.231   3.997
 90 327 06 49 30  -3.311   1.811  -1.279   4.007
 90 327 06 50 30  -3.164   2.112  -1.244   4.019
 90 327 06 51 30  -3.274   1.893  -1.303   4.012
 90 327 06 52 30  -3.224   1.986  -1.264   4.002
 90 327 06 53 30  -3.274   1.904  -1.226   4.020
 90 327 06 54 30  -2.749   1.863  -2.106   3.966
 90 327 06 55 30  -2.818   1.939  -1.983   3.960
 90 327 06 56 30  -2.634   2.149  -1.986   4.009
 90 327 06 57 30  -3.299   2.145   0.139   4.020
 90 327 06 58 30  -3.275   2.252  -0.524   4.047
 90 327 06 59 30  -3.137   2.099  -1.279   4.028
 90 327 07 00 30  -2.988   1.725  -1.989   3.998
 90 327 07 01 30  -3.002   1.788  -1.854   3.960
 90 327 07 02 30  -2.912   1.753  -1.993   4.001
 90 327 07 03 30  -2.775   1.038  -2.642   4.015
 90 327 07 04 30  -2.902   1.483  -2.321   4.017
 90 327 07 05 30  -3.104   1.456  -2.076   4.043
 90 327 07 06 30  -3.573   1.655  -0.837   4.041
 90 327 07 07 30  -3.062   1.921  -1.684   4.052
 90 327 07 08 30  -2.902   1.808  -2.118   4.027
 90 327 07 09 30  -2.913   1.873  -1.999   4.024
 90 327 07 10 30  -2.859   2.001  -1.591   4.023
 90 327 07 11 30  -2.626   3.111   0.090   4.083
 90 327 07 12 30  -2.720   3.017   0.067   4.090
 90 327 07 13 30  -2.676   3.060   0.194   4.101
 90 327 07 14 30  -2.757   3.013   0.462   4.124
 90 327 07 15 30  -2.859   2.956  -0.289   4.136
 90 327 07 16 30  -3.126   2.644   0.221   4.123
 90 327 07 17 30  -3.134   2.674  -0.135   4.127
 90 327 07 18 30  -3.217   2.582  -0.202   4.142
 90 327 07 19 30  -3.079   2.683   0.019   4.126
 90 327 07 20 30  -2.711   3.046   0.026   4.122
 90 327 07 21 30  -2.954   2.765  -0.445   4.095
 90 327 07 22 30  -2.550   3.170  -0.145   4.104
 90 327 07 23 30  -2.470   3.250   0.180   4.113
 90 327 07 24 30  -2.229   3.360   0.629   4.091
 90 327 07 25 30  -1.881   3.532   0.293   4.056
 90 327 07 26 30  -1.660   3.624   0.658   4.063
 90 327 07 27 30  -1.633   3.540   0.877   4.065
 90 327 07 28 30  -0.769   3.846   0.878   4.053
 90 327 07 29 30  -1.578   3.693   0.361   4.059
 90 327 07 30 30  -1.717   3.600   0.522   4.076
 90 327 07 31 30  -1.198   3.544   1.121   4.067
 90 327 07 32 30  -0.978   3.821   0.791   4.069
 90 327 07 33 30  -1.000   3.595   1.498   4.066
 90 327 07 34 30  -2.112   2.834   1.868   4.115
 90 327 07 35 30  -2.371   2.510   2.170   4.103
 90 327 07 36 30  -1.878   2.977   2.095   4.110
 90 327 07 37 30  -1.931   2.941   2.069   4.114
 90 327 07 38 30  -1.541   2.718   2.666   4.111
 90 327 07 39 30  -1.596   2.784   2.396   4.066
 90 327 07 40 30  -3.233   2.412  -0.037   4.116
 90 327 07 41 30  -2.802   2.813   0.701   4.105
 90 327 07 42 30  -2.441   3.145   0.911   4.099
 90 327 07 43 30  -2.239   3.097   1.465   4.102
 90 327 07 44 30  -1.975   3.014   1.932   4.094
 90 327 07 45 30  -2.069   2.927   1.952   4.094
 90 327 07 46 30  -2.120   2.738   2.121   4.100
 90 327 07 47 30  -2.555   2.726   1.701   4.114
 90 327 07 48 30  -2.671   2.475   1.429   4.104
 90 327 07 49 30  -1.774   3.083   2.042   4.119
 90 327 07 50 30  -1.879   3.172   1.509   4.096
 90 327 07 51 30  -0.510   2.816   2.901   4.086
 90 327 07 52 30  -0.734   2.856   2.823   4.089
 90 327 07 53 30  -0.989   2.890   2.749   4.121
 90 327 07 54 30  -1.470   2.945   2.460   4.126
 90 327 07 55 30  -1.662   3.035   2.236   4.132
 90 327 07 56 30  -1.758   2.965   2.246   4.118
 90 327 07 57 30  -1.736   3.071   2.123   4.130
 90 327 07 58 30  -1.894   3.077   1.953   4.118
 90 327 07 59 30  -1.771   3.108   2.056   4.133
 90 327 08 00 30  -1.772   3.054   2.146   4.139
 90 327 08 01 30  -1.835   3.039   2.104   4.130
 90 327 08 02 30  -1.816   3.172   1.889   4.124
 90 327 08 03 30  -1.861   3.192   1.832   4.132
 90 327 08 04 30  -1.953   3.194   1.706   4.120
 90 327 08 05 30  -2.014   3.168   1.684   4.126
 90 327 08 06 30  -2.249   3.162   1.340   4.111
 90 327 08 07 30  -2.156   3.276   1.228   4.119
 90 327 08 08 30  -2.018   2.906   2.027   4.098
 90 327 08 09 30  -1.864   3.067   1.902   4.089
 90 327 08 10 30  -1.948   3.054   1.908   4.102
 90 327 08 11 30  -1.836   2.464   2.560   4.078
 90 327 08 12 30  -1.602   2.210   3.035   4.089
 90 327 08 13 30  -1.570   2.651   2.647   4.095
 90 327 08 14 30  -1.684   2.499   2.741   4.095
 90 327 08 15 30  -1.351   2.119   3.234   4.109
 90 327 08 16 30  -1.298   1.983   3.347   4.115
 90 327 08 17 30  -1.370   2.538   2.915   4.107
 90 327 08 18 30  -0.881   2.058   3.425   4.107
 90 327 08 19 30  -0.887   2.141   3.404   4.140
 90 327 08 20 30  -1.873   2.856   2.333   4.171
 90 327 08 21 30  -2.546   2.693   1.774   4.119
 90 327 08 22 30  -2.661   2.719   1.545   4.112
 90 327 08 23 30  -2.487   2.747   1.744   4.105
 90 327 08 24 30  -2.482   2.632   1.927   4.104
 90 327 08 25 30  -2.180   2.786   2.013   4.095
 90 327 08 26 30  -1.737   2.809   2.412   4.094
 90 327 08 27 30  -1.749   2.819   2.373   4.088
 90 327 08 28 30  -1.293   3.049   2.102   4.089
 90 327 08 29 30  -0.311   3.456   2.128   4.089
 90 327 08 30 30   0.018   3.643   1.818   4.085
 90 327 08 31 30  -0.294   3.608   1.863   4.094
 90 327 08 32 30   0.344   3.736   1.575   4.074
 90 327 08 33 30   0.336   3.670   1.723   4.076
 90 327 08 34 30   0.532   3.719   1.491   4.053
 90 327 08 35 30   1.110   3.706   1.143   4.046
 90 327 08 36 30   0.873   3.699   1.248   4.037
 90 327 08 37 30  -0.422   3.712   1.627   4.086
 90 327 08 38 30  -0.092   3.718   1.616   4.066
 90 327 08 39 30  -0.654   3.528   1.891   4.074
 90 327 08 40 30  -0.828   3.512   1.890   4.083
 90 327 08 41 30  -1.159   3.398   1.764   4.013
 90 327 08 42 30  -0.971   3.414   1.740   3.974
 90 327 08 43 30  -0.339   3.699   0.874   3.916
 90 327 08 44 30   0.601   3.624   1.032   3.883
 90 327 08 45 30   0.878   3.321   1.680   3.906
 90 327 08 46 30  -0.445   3.643   1.319   3.960
 90 327 08 47 30  -0.928   3.825   0.531   4.001
 90 327 08 48 30  -1.449   3.718   0.009   4.014
 90 327 08 49 30  -0.548   3.852   0.643   4.005
 90 327 08 50 30  -0.486   3.857   0.835   3.991
 90 327 08 51 30  -0.654   3.851   0.664   3.988
 90 327 08 52 30  -0.044   3.854   0.881   3.981
 90 327 08 53 30  -0.520   3.783   1.082   3.979
 90 327 08 54 30  -0.180   3.726   1.437   4.021
 90 327 08 55 30  -0.060   3.774   1.315   4.006
 90 327 08 56 30  -0.051   3.581   1.779   4.015
 90 327 08 57 30   0.220   3.434   2.022   4.004
 90 327 08 58 30  -0.313   3.295   2.163   3.973
 90 327 08 59 30  -0.035   3.788   1.014   3.955
 90 327 09 00 30  -0.419   3.711   0.261   3.991
 90 327 09 01 30  -0.283   3.760   1.284   3.997
 90 327 09 02 30  -0.401   3.681   1.369   3.980
 90 327 09 03 30  -0.300   3.835   0.658   3.970
 90 327 09 04 30  -0.331   3.825   0.225   3.960
 90 327 09 05 30  -0.004   3.883   0.470   3.952
 90 327 09 06 30   0.089   3.887   0.210   3.927
 90 327 09 07 30   0.563   3.800   0.580   3.932
 90 327 09 08 30  -0.339   3.825   0.887   3.959
 90 327 09 09 30  -0.268   3.835   0.946   3.972
 90 327 09 10 30  -0.172   3.796   1.092   3.972
 90 327 09 11 30  -0.781   3.592   1.480   3.974
 90 327 09 12 30  -1.069   3.294   1.817   3.970
 90 327 09 13 30  -1.612   3.276   1.549   3.986
 90 327 09 14 30  -1.953   3.087   1.600   4.003
 90 327 09 15 30  -1.624   3.223   1.553   3.996
 90 327 09 16 30  -2.020   2.702   2.115   4.003
 90 327 09 17 30  -1.703   2.658   2.424   3.994
 90 327 09 18 30  -1.912   2.639   2.276   3.994
 90 327 09 19 30  -1.905   2.755   2.167   3.994
 90 327 09 20 30  -2.082   3.053   1.506   4.012
 90 327 09 21 30  -1.939   3.205   1.302   3.999
 90 327 09 22 30  -1.424   3.615   0.149   3.968
 90 327 09 23 30  -2.022   3.174   1.100   3.991
 90 327 09 24 30  -2.661   2.717   1.179   3.997
 90 327 09 25 30  -2.195   2.915   1.601   3.998
 90 327 09 26 30  -2.115   2.989   1.590   3.998
 90 327 09 27 30  -1.922   3.183   1.428   4.006
 90 327 09 28 30  -1.718   3.383   1.206   3.992
 90 327 09 29 30  -1.785   3.271   1.409   3.998
 90 327 09 30 30  -1.685   3.421   0.935   3.947
 90 327 09 31 30  -1.815   3.488   0.310   3.947
 90 327 09 32 30  -1.804   3.511   0.103   3.954
 90 327 09 33 30  -1.608   3.592   0.000   3.943
 90 327 09 34 30  -1.680   3.550  -0.069   3.944
 90 327 09 35 30  -1.621   3.514   0.096   3.938
 90 327 09 36 30  -1.559   3.569   0.334   3.920
 90 327 09 37 30  -1.526   3.525   0.642   3.902
 90 327 09 38 30  -1.621   3.440   0.850   3.903
 90 327 09 39 30  -1.445   3.415   1.053   3.893
 90 327 09 40 30  -1.740   3.295   0.557   3.900
 90 327 09 41 30  -1.935   3.328   0.490   3.892
 90 327 09 42 30  -2.107   3.254   0.515   3.918
 90 327 09 43 30  -2.020   3.270   0.585   3.907
 90 327 09 44 30  -2.189   3.209   0.527   3.939
 90 327 09 45 30  -2.122   2.988   1.304   3.928
 90 327 09 46 30  -1.850   3.261   0.576   3.887
 90 327 09 47 30  -2.453   2.920   0.667   3.894
 90 327 09 48 30  -2.382   2.934   0.945   3.913
 90 327 09 49 30  -2.155   3.138   0.895   3.939
 90 327 09 50 30  -2.402   2.968   0.869   3.919
 90 327 09 51 30  -2.249   2.931   1.151   3.882
 90 327 09 52 30  -2.051   3.212   0.817   3.912
 90 327 09 53 30  -1.935   3.326   0.848   3.946
 90 327 09 54 30  -1.903   3.263   0.955   3.902
 90 327 09 55 30  -1.862   3.277   0.921   3.888
 90 327 09 56 30  -1.583   3.291   1.145   3.897
 90 327 09 57 30  -1.241   3.359   1.652   3.957
 90 327 09 58 30  -1.614   3.271   1.377   3.903
 90 327 09 59 30  -1.723   3.293   1.137   3.902
 90 327 10 00 30  -1.813   3.252   1.143   3.901
 90 327 10 01 30  -1.869   3.305   0.990   3.927
 90 327 10 02 30  -1.837   3.313   1.039   3.935
 90 327 10 03 30  -2.161   3.224   0.467   3.918
 90 327 10 04 30  -2.131   3.221   0.557   3.907
 90 327 10 05 30  -2.245   3.120   0.880   3.956
 90 327 10 06 30  -2.305   2.882   1.488   4.005
 90 327 10 07 30  -2.511   2.909   1.020   3.988
 90 327 10 08 30  -2.508   2.711   1.412   3.993
 90 327 10 09 30  -2.426   2.542   1.759   4.002
 90 327 10 10 30  -2.232   2.538   2.150   4.012
 90 327 10 11 30  -2.127   2.781   1.969   4.021
 90 327 10 12 30  -2.214   2.715   1.941   4.023
 90 327 10 13 30  -2.353   2.361   2.235   4.026
 90 327 10 14 30  -2.440   2.425   2.096   4.035
 90 327 10 15 30  -2.379   2.414   2.197   4.047
 90 327 10 16 30  -2.543   2.611   1.746   4.053
 90 327 10 17 30  -2.766   2.555   1.450   4.044
 90 327 10 18 30  -2.822   2.592   1.296   4.051
 90 327 10 19 30  -2.500   2.752   1.606   4.056
 90 327 10 20 30  -2.413   2.777   1.671   4.044
 90 327 10 21 30  -2.634   2.734   1.371   4.045
 90 327 10 22 30  -2.781   2.568   1.365   4.039
 90 327 10 23 30  -2.693   2.729   1.252   4.052
 90 327 10 24 30  -2.926   2.343   1.430   4.047
 90 327 10 25 30  -2.771   2.382   1.689   4.048
 90 327 10 26 30  -2.881   1.792   2.219   4.080
 90 327 10 27 30  -3.008   2.006   1.854   4.074
 90 327 10 28 30  -2.967   2.104   1.731   4.049
 90 327 10 29 30  -2.934   2.511   1.165   4.066
 90 327 10 30 30  -2.832   2.762   0.895   4.062
 90 327 10 31 30  -2.749   2.855   0.789   4.048
 90 327 10 32 30  -2.753   2.880   0.689   4.047
 90 327 10 33 30  -2.869   2.748   0.701   4.041
 90 327 10 34 30  -2.883   2.774   0.551   4.043
 90 327 10 35 30  -2.684   2.970   0.423   4.032
 90 327 10 36 30  -2.612   2.994   0.518   4.035
 90 327 10 37 30  -1.446   3.499   0.180   3.987
 90 327 10 38 30  -2.786   2.787   0.819   4.037
 90 327 10 39 30  -2.765   2.825   0.740   4.031
 90 327 10 40 30  -2.163   3.315   0.359   3.999
 90 327 10 41 30  -1.677   3.506  -0.078   3.895
 90 327 10 42 30  -1.569   3.439  -0.455   3.835
 90 327 10 43 30  -1.844   3.332  -0.220   3.834
 90 327 10 44 30  -1.769   3.382  -0.342   3.850
 90 327 10 45 30  -1.779   3.368  -0.371   3.908
 90 327 10 46 30  -2.765   2.273   1.826   4.037
 90 327 10 47 30  -2.704   2.598   1.551   4.061
 90 327 10 48 30  -2.611   2.746   1.461   4.067
 90 327 10 49 30  -3.092   2.033   1.609   4.062
 90 327 10 50 30  -3.149   1.945   1.654   4.058
 90 327 10 51 30  -3.091   2.099   1.513   4.044
 90 327 10 52 30  -2.906   2.494   1.279   4.045
 90 327 10 53 30  -2.807   2.566   1.348   4.042
 90 327 10 54 30  -2.722   2.648   1.374   4.052
 90 327 10 55 30  -2.637   2.768   1.294   4.043
 90 327 10 56 30  -2.578   2.657   1.605   4.052
 90 327 10 57 30  -2.561   2.849   1.281   4.046
 90 327 10 58 30  -2.554   2.915   1.152   4.049
 90 327 10 59 30  -2.272   3.053   1.280   4.030
 90 327 11 00 30  -2.038   3.196   1.263   4.010
 90 327 11 01 30  -1.941   3.114   1.484   3.965
 90 327 11 02 30  -1.624   2.943   2.002   3.941
 90 327 11 03 30  -2.204   2.794   1.695   4.018
 90 327 11 04 30  -2.760   2.786   0.955   4.041
 90 327 11 05 30  -2.854   2.746   0.762   4.038
 90 327 11 06 30  -2.899   2.735   0.369   4.006
 90 327 11 07 30  -3.055   2.554   0.536   4.022
 90 327 11 08 30  -2.414   2.211   2.041   3.923
 90 327 11 09 30  -2.262   2.268   2.236   3.926
 90 327 11 10 30  -2.549   2.392   1.706   3.906
 90 327 11 11 30  -2.293   2.777   1.473   3.900
 90 327 11 12 30  -2.296   2.742   1.516   3.890
 90 327 11 13 30  -1.932   2.901   1.803   3.935
 90 327 11 14 30  -2.166   2.887   1.420   3.916
 90 327 11 15 30  -2.182   3.036   1.225   3.938
 90 327 11 16 30  -1.809   3.374   0.885   3.936
 90 327 11 17 30  -2.004   3.122   1.263   3.928
 90 327 11 18 30  -2.121   2.970   1.413   3.921
 90 327 11 19 30  -1.931   2.952   1.638   3.920
 90 327 11 20 30  -1.844   3.057   1.554   3.909
 90 327 11 21 30  -1.938   2.855   1.656   3.853
 90 327 11 22 30  -2.080   2.873   1.479   3.865
 90 327 11 23 30  -1.952   2.847   1.546   3.835
 90 327 11 24 30  -1.949   2.883   1.644   3.854
 90 327 11 25 30  -2.113   2.894   1.498   3.888
 90 327 11 26 30  -1.766   3.099   1.379   3.856
 90 327 11 27 30  -1.268   3.264   1.503   3.818
 90 327 11 28 30  -1.478   3.162   1.556   3.824
 90 327 11 29 30  -1.571   2.994   1.785   3.833
 90 327 11 30 30  -2.127   2.818   1.462   3.834
 90 327 11 31 30  -2.287   2.770   1.159   3.789
 90 327 11 32 30  -2.188   2.944   1.156   3.849
 90 327 11 33 30  -2.487   2.761   0.842   3.827
 90 327 11 34 30  -2.405   2.714   1.001   3.776
 90 327 11 35 30  -2.047   2.941   0.972   3.724
 90 327 11 36 30  -1.931   2.982   0.692   3.630
 90 327 11 37 30  -1.724   3.051   0.600   3.564
 90 327 11 38 30  -1.951   2.936   1.481   3.842
 90 327 11 39 30  -1.962   3.029   1.159   3.812
 90 327 11 40 30  -1.746   3.312   0.651   3.813
 90 327 11 41 30  -2.206   2.327   2.153   3.884
 90 327 11 42 30  -2.114   2.399   2.142   3.863
 90 327 11 43 30  -1.973   2.633   1.943   3.835
 90 327 11 44 30  -2.081   2.410   2.158   3.872
 90 327 11 45 30  -2.146   2.768   1.675   3.899
 90 327 11 46 30  -2.391   2.814   1.315   3.926
 90 327 11 47 30  -2.319   2.799   1.113   3.811
 90 327 11 48 30  -2.329   2.767   1.217   3.820
 90 327 11 49 30  -2.054   2.925   1.272   3.820
 90 327 11 50 30  -1.846   3.002   1.727   3.927
 90 327 11 51 30  -2.065   2.929   1.504   3.894
 90 327 11 52 30  -2.212   2.833   1.436   3.875
 90 327 11 53 30  -1.928   2.998   1.503   3.878
 90 327 11 54 30  -1.677   3.194   1.350   3.858
 90 327 11 55 30  -1.732   3.084   1.471   3.856
 90 327 11 56 30  -1.368   3.359   0.585   3.685
 90 327 11 57 30  -1.161   3.298   0.791   3.666
 90 327 11 58 30  -1.332   3.129   1.303   3.686
 90 327 11 59 30  -0.066   3.381  -0.723   3.495
 90 327 12 00 30   0.420   3.293  -0.847   3.453
 90 327 12 01 30   0.079   3.069  -1.846   3.603
 90 327 12 02 30   0.407   2.372  -2.426   3.454
 90 327 12 03 30   0.108   2.634  -2.122   3.518
 90 327 12 04 30   0.773   2.835  -1.650   3.456
 90 327 12 05 30   1.295   2.109  -2.152   3.366
 90 327 12 06 30   0.802   2.548  -2.295   3.593
 90 327 12 07 30   0.907   3.256  -1.338   3.685
 90 327 12 08 30   0.652   3.560  -0.581   3.697
 90 327 12 09 30  -0.631   3.622  -0.278   3.751
 90 327 12 10 30  -0.946   3.464  -0.746   3.716
 90 327 12 11 30  -1.548   3.130   1.279   3.748
 90 327 12 12 30  -0.897   3.265   1.496   3.721
 90 327 12 13 30  -1.104   3.502   0.309   3.736
 90 327 12 14 30  -1.173   3.432   0.431   3.745
 90 327 12 15 30  -1.075   3.531   0.609   3.759
 90 327 12 16 30  -0.699   3.629   0.490   3.739
 90 327 12 17 30  -0.740   2.972   1.573   3.715
 90 327 12 18 30   0.332   3.079   1.959   3.715
 90 327 12 19 30   0.516   3.216   1.647   3.739
 90 327 12 20 30   0.272   3.261   1.369   3.724
 90 327 12 21 30  -0.378   2.853   2.146   3.772
 90 327 12 22 30  -1.335   3.175   1.643   3.835
 90 327 12 23 30  -1.023   3.192   1.729   3.793
 90 327 12 24 30  -1.386   2.707   2.184   3.791
 90 327 12 25 30  -1.101   2.873   2.216   3.810
 90 327 12 26 30  -1.027   2.988   2.028   3.810
 90 327 12 27 30  -0.540   3.291   1.600   3.767
 90 327 12 28 30  -0.112   2.632   2.731   3.807
 90 327 12 29 30  -0.245   2.232   3.023   3.806
 90 327 12 30 30   0.332   1.972   3.069   3.783
 90 327 12 31 30  -2.492   2.412   1.441   3.861
 90 327 12 32 30  -2.900   1.973   1.451   3.844
 90 327 12 33 30  -3.108   2.122   0.568   3.843
 90 327 12 34 30  -2.633   2.467   0.182   3.843
 90 327 12 35 30  -2.353   3.014   0.671   3.922
 90 327 12 36 30  -1.091   2.609   2.140   3.849
 90 327 12 37 30  -2.198   2.983   1.104   3.946
 90 327 12 38 30  -1.710   3.309   0.838   3.925
 90 327 12 39 30  -2.268   3.161   0.687   3.967
 90 327 12 40 30  -2.437   3.030   0.130   3.948
 90 327 12 41 30  -2.620   2.861  -0.070   3.937
 90 327 12 42 30  -1.401   2.466   2.652   3.928
 90 327 12 43 30  -1.737   2.459   2.507   3.948
 90 327 12 44 30  -2.226   2.562   2.017   3.957
 90 327 12 45 30  -2.010   2.760   1.957   3.955
 90 327 12 46 30  -1.940   3.102   1.519   3.978
 90 327 12 47 30  -1.853   3.184   1.457   3.976
 90 327 12 48 30  -2.070   2.808   1.900   3.978
 90 327 12 49 30  -2.082   2.839   1.871   3.991
 90 327 12 50 30  -2.100   2.728   1.983   3.982
 90 327 12 51 30  -2.111   2.646   2.101   3.989
 90 327 12 52 30  -1.830   2.830   2.101   3.986
 90 327 12 53 30  -1.458   2.859   2.357   3.985
 90 327 12 54 30  -1.284   2.891   2.419   3.991
 90 327 12 55 30  -1.154   2.911   2.471   3.992
 90 327 12 56 30  -1.165   2.871   2.520   3.998
 90 327 12 57 30  -1.210   2.976   2.398   4.013
 90 327 12 58 30  -1.169   2.975   2.406   4.009
 90 327 12 59 30  -1.476   3.325   1.588   3.983
 90 327 13 00 30  -1.376   3.213   1.825   3.982
 90 327 13 01 30  -1.190   3.047   2.232   3.972
 90 327 13 02 30  -1.515   3.046   2.038   3.975
 90 327 13 03 30  -1.220   2.903   2.362   3.959
 90 327 13 04 30  -1.268   2.811   2.463   3.954
 90 327 13 05 30  -1.151   2.701   2.635   3.953
 90 327 13 06 30  -1.249   2.805   2.460   3.940
 90 327 13 07 30  -1.040   2.829   2.540   3.953
 90 327 13 08 30  -1.157   2.730   2.483   3.936
 90 327 13 09 30  -1.847   2.731   2.100   3.948
 90 327 13 10 30  -1.682   2.027   2.885   3.947
 90 327 13 11 30  -1.347   2.472   2.692   3.926
 90 327 13 12 30  -1.238   2.816   2.364   3.916
 90 327 13 13 30  -0.929   2.774   2.623   3.944
 90 327 13 14 30  -0.994   2.654   2.696   3.919
 90 327 13 15 30  -1.102   2.466   2.824   3.912
 90 327 13 16 30  -1.204   2.422   2.856   3.944
 90 327 13 17 30  -1.402   2.436   2.799   3.975
 90 327 13 18 30  -1.367   2.441   2.784   3.973
 90 327 13 19 30  -1.244   2.840   2.507   3.993
 90 327 13 20 30  -1.267   2.756   2.594   3.996
 90 327 13 21 30  -1.273   2.840   2.360   3.917
 90 327 13 22 30  -1.026   2.947   2.292   3.878
 90 327 13 23 30  -0.783   3.206   2.069   3.899
 90 327 13 24 30  -0.680   3.219   2.081   3.897
 90 327 13 25 30  -0.461   3.250   2.051   3.873
 90 327 13 26 30  -0.615   3.176   2.141   3.888
 90 327 13 27 30  -0.692   3.315   1.900   3.889
 90 327 13 28 30  -0.707   3.377   1.939   3.963
 90 327 13 29 30  -0.781   3.337   1.893   3.920
 90 327 13 30 30  -0.856   3.087   2.201   3.916
 90 327 13 31 30  -0.927   2.775   2.590   3.920
 90 327 13 32 30  -0.926   3.119   2.205   3.940
 90 327 13 33 30  -1.015   2.865   2.575   3.999
 90 327 13 34 30  -0.864   3.350   1.909   3.972
 90 327 13 35 30  -0.867   3.362   1.926   3.980
 90 327 13 36 30  -0.972   3.417   1.869   4.022
 90 327 13 37 30  -1.010   3.190   2.209   4.014
 90 327 13 38 30  -0.985   3.533   1.540   4.012
 90 327 13 39 30  -0.916   3.635   1.333   4.003
 90 327 13 40 30  -0.892   3.627   1.319   3.970
 90 327 13 41 30  -1.006   3.512   1.557   3.976
 90 327 13 42 30  -1.120   3.675   1.217   4.070
 90 327 13 43 30  -1.046   3.717   1.102   4.051
 90 327 13 44 30  -1.155   3.541   1.137   3.983
 90 327 13 45 30  -1.963   3.413   0.523   4.038
 90 327 13 46 30  -2.491   3.202   0.029   4.089
 90 327 13 47 30  -3.088   2.738  -0.336   4.197
 90 327 13 48 30  -2.346   3.072   0.966   4.059
 90 327 13 49 30  -0.504   2.844   2.509   3.916
 90 327 13 50 30   0.092   2.429   2.916   3.861
 90 327 13 51 30  -0.342   2.094   3.176   3.844
 90 327 13 52 30  -0.249   2.669   2.717   3.877
 90 327 13 53 30  -0.214   3.355   1.868   3.880
 90 327 13 54 30  -0.110   3.354   1.875   3.872
 90 327 13 55 30  -0.629   3.142   2.159   3.904
 90 327 13 56 30  -0.280   3.414   1.766   3.911
 90 327 13 57 30   0.257   3.568   1.486   3.902
 90 327 13 58 30   0.087   3.408   1.828   3.898
 90 327 13 59 30   0.717   3.416   1.616   3.886
 90 327 14 00 30  -0.219   3.447   1.731   3.914
 90 327 14 01 30  -0.638   3.362   1.913   3.937
 90 327 14 02 30  -0.454   3.359   1.943   3.918
 90 327 14 03 30  -0.390   3.825   0.746   3.925
 90 327 14 04 30  -0.729   3.706   1.044   3.940
 90 327 14 05 30  -0.715   3.640   1.303   3.940
 90 327 14 06 30  -0.465   3.613   1.419   3.920
 90 327 14 07 30  -0.356   3.459   1.829   3.933
 90 327 14 08 30  -1.554   3.239   1.636   3.953
 90 327 14 09 30  -1.651   3.107   1.754   3.937
 90 327 14 10 30  -1.674   2.902   2.073   3.946
 90 327 14 11 30  -1.537   3.093   1.901   3.949
 90 327 14 12 30  -1.366   3.142   2.001   3.972
 90 327 14 13 30  -1.028   3.095   2.214   3.947
 90 327 14 14 30  -0.751   2.815   2.576   3.920
 90 327 14 15 30  -0.844   2.341   2.979   3.922
 90 327 14 16 30  -1.595   2.166   2.834   3.931
 90 327 14 17 30  -1.872   2.244   2.592   3.926
 90 327 14 18 30  -1.902   1.956   2.816   3.933
 90 327 14 19 30  -2.107   2.531   2.175   3.963
 90 327 14 20 30  -1.843   2.922   1.512   3.875
 90 327 14 21 30  -2.241   2.126   2.291   3.876
 90 327 14 22 30  -2.332   1.364   2.654   3.867
 90 327 14 23 30  -2.457   1.852   2.260   3.845
 90 327 14 24 30  -2.213   1.940   2.334   3.825
 90 327 14 25 30  -2.016   2.950   1.258   3.816
 90 327 14 26 30  -2.394   2.014   2.078   3.812
 90 327 14 27 30  -2.716   1.945   1.731   3.787
 90 327 14 28 30  -2.796   1.882   1.732   3.804
 90 327 14 29 30  -2.846   2.126   1.287   3.797
 90 327 14 30 30  -1.792   2.728   1.687   3.837
 90 327 14 31 30  -1.939   3.135   0.998   3.839
 90 327 14 32 30  -1.923   3.010   1.511   3.886
 90 327 14 33 30  -1.674   3.254   1.104   3.827
 90 327 14 34 30  -1.734   3.245   0.935   3.822
 90 327 14 35 30  -1.485   3.409   0.681   3.789
 90 327 14 36 30  -1.412   3.461   0.449   3.781
 90 327 14 37 30  -0.257   3.387  -0.987   3.721
 90 327 14 38 30  -0.723   3.653   0.161   3.762
 90 327 14 39 30  -0.472   3.681  -0.373   3.754
 90 327 14 40 30  -0.249   3.644  -0.741   3.742
 90 327 14 41 30   0.412   3.495  -0.892   3.719
 90 327 14 42 30   0.077   3.566  -0.716   3.755
 90 327 14 43 30   0.377   3.617  -0.024   3.722
 90 327 14 44 30  -0.477   3.685   0.056   3.750
 90 327 14 45 30   0.087   3.612  -0.199   3.658
 90 327 14 46 30  -0.433   3.499   0.837   3.701
 90 327 14 47 30  -0.180   3.420   1.188   3.708
 90 327 14 48 30   0.228   3.693   0.567   3.789
 90 327 14 49 30   0.363   3.629   0.862   3.779
 90 327 14 50 30  -0.221   3.649   0.985   3.810
 90 327 14 51 30  -0.292   3.558   1.365   3.840
 90 327 14 52 30  -0.182   3.593   1.474   3.898
 90 327 14 53 30  -0.053   3.253   1.829   3.813
 90 327 14 54 30   1.733   2.499   2.095   3.765
 90 327 14 55 30   1.960   2.889   1.294   3.758
 90 327 14 56 30   1.971   2.521   1.165   3.707
 90 327 14 57 30  -2.536   2.462   1.432   3.875
 90 327 14 58 30  -1.350   3.284   1.576   3.923
 90 327 14 59 30  -1.264   3.419   1.458   3.969
 90 327 15 00 30  -0.180   2.831   2.102   3.864
 90 327 15 01 30   1.593   2.585   2.142   3.801
 90 327 15 02 30   1.064   3.111   1.907   3.850
 90 327 15 03 30   0.731   3.334   1.572   3.851
 90 327 15 04 30  -0.900   3.345   1.852   3.951
 90 327 15 05 30  -0.638   3.050   2.187   3.871
 90 327 15 06 30  -1.326   3.295   1.612   3.922
 90 327 15 07 30  -1.347   3.429   1.441   3.970
 90 327 15 08 30  -1.170   3.461   1.572   3.982
 90 327 15 09 30  -1.352   3.344   1.708   4.003
 90 327 15 10 30  -1.326   3.335   1.648   3.952
 90 327 15 11 30  -1.281   3.344   1.700   3.969
 90 327 15 12 30  -1.714   3.138   1.688   3.967
 90 327 15 13 30  -1.792   3.024   1.715   3.940
 90 327 15 14 30  -2.251   2.730   1.635   3.908
 90 327 15 15 30  -2.517   2.421   1.782   3.934
 90 327 15 16 30  -2.691   2.076   1.950   3.943
 90 327 15 17 30  -2.150   2.643   1.937   3.954
 90 327 15 18 30  -1.307   3.285   1.730   3.957
 90 327 15 19 30  -1.613   2.814   2.228   3.950
 90 327 15 20 30  -2.118   2.305   2.223   3.944
 90 327 15 21 30  -2.551   1.858   2.304   3.928
 90 327 15 22 30  -2.609   1.528   2.361   3.907
 90 327 15 23 30  -2.560   1.770   2.302   3.896
 90 327 15 24 30  -2.240   2.127   2.277   3.858
 90 327 15 25 30  -0.779   3.013   2.130   3.845
 90 327 15 26 30  -0.495   2.892   2.341   3.850
 90 327 15 27 30  -1.728   2.571   2.243   3.857
 90 327 15 28 30  -1.472   2.849   2.129   3.858
 90 327 15 29 30  -1.111   3.133   1.911   3.842
 90 327 15 30 30  -0.497   3.430   1.756   3.896
 90 327 15 31 30  -0.325   3.616   1.627   4.025
 90 327 15 32 30  -0.239   3.716   1.540   4.040
 90 327 15 33 30  -0.145   3.777   1.635   4.129
 90 327 15 34 30   0.162   3.888   0.869   4.030
 90 327 15 35 30  -0.065   3.894   0.929   4.012
 90 327 15 36 30   0.080   3.737   0.668   3.830
 90 327 15 37 30  -0.015   3.710   1.365   3.960
 90 327 15 38 30   0.540   3.943   0.920   4.101
 90 327 15 39 30   0.589   3.895   1.133   4.108
 90 327 15 40 30   0.696   3.935   0.857   4.098
 90 327 15 41 30   0.376   3.706   1.057   3.889
 90 327 15 42 30  -1.498   2.947   1.881   3.912
 90 327 15 43 30  -2.650   1.669   2.116   3.845
 90 327 15 44 30  -2.782   1.017   2.328   3.785
 90 327 15 45 30  -2.497   1.631   2.372   3.816
 90 327 15 46 30  -2.334   1.640   2.560   3.839
 90 327 15 47 30  -2.381   1.798   2.441   3.861
 90 327 15 48 30  -2.253   2.044   2.288   3.843
 90 327 15 49 30  -2.115   2.543   2.144   3.947
 90 327 15 50 30  -1.789   2.949   1.851   3.918
 90 327 15 51 30  -1.824   2.892   1.902   3.915
 90 327 15 52 30  -1.945   2.784   1.937   3.912
 90 327 15 53 30  -1.833   2.859   1.934   3.912
 90 327 15 54 30  -1.814   2.853   1.976   3.919
 90 327 15 55 30  -1.823   2.867   1.955   3.921
 90 327 15 56 30  -1.714   3.039   1.786   3.925
 90 327 15 57 30  -1.827   3.031   1.753   3.961
 90 327 15 58 30  -1.912   2.973   1.739   3.945
 90 327 15 59 30  -1.712   3.022   1.697   3.867
 90 327 16 00 30  -1.576   3.136   1.440   3.798
 90 327 16 01 30  -1.350   3.467   0.950   3.887
 90 327 16 02 30  -1.483   3.660   0.989   4.075
 90 327 16 03 30  -1.763   3.721   0.673   4.178
 90 327 16 04 30  -1.808   3.734   0.523   4.184
 90 327 16 05 30  -1.888   3.647   0.673   4.168
 90 327 16 06 30  -1.824   3.592   1.233   4.217
 90 327 16 07 30  -1.888   3.563   1.220   4.215
 90 327 16 08 30  -1.988   3.506   1.170   4.203
 90 327 16 09 30  -1.057   3.409   1.898   4.049
 90 327 16 10 30  -1.365   3.409   1.616   4.014
 90 327 16 11 30  -1.467   3.403   1.613   4.044
 90 327 16 12 30  -1.543   3.398   1.475   4.016
 90 327 16 13 30  -1.673   3.398   1.548   4.098
 90 327 16 14 30  -1.611   3.317   1.813   4.112
 90 327 16 15 30  -1.418   3.424   1.462   3.995
 90 327 16 16 30  -1.246   3.628   0.879   3.942
 90 327 16 17 30  -1.472   3.733   1.063   4.158
 90 327 16 18 30  -1.551   3.759   1.101   4.220
 90 327 16 19 30  -1.456   3.615   1.527   4.188
 90 327 16 20 30  -1.469   3.326   1.430   3.910
 90 327 16 21 30  -1.543   3.301   1.455   3.928
 90 327 16 22 30  -1.584   3.478   1.153   4.022
 90 327 16 23 30  -1.662   3.519   1.228   4.087
 90 327 16 24 30  -1.486   3.559   1.321   4.083
 90 327 16 25 30  -1.454   3.481   1.258   3.984
 90 327 16 26 30  -1.348   3.350   1.287   3.840
 90 327 16 27 30  -1.348   3.481   0.998   3.869
 90 327 16 28 30  -1.460   3.475   0.465   3.805
 90 327 16 29 30  -1.423   3.552   0.623   3.882
 90 327 16 30 30  -1.350   3.652   0.407   3.920
 90 327 16 31 30  -1.576   3.605   0.130   3.964
 90 327 16 32 30  -1.866   3.393  -0.119   3.903
 90 327 16 33 30  -1.139   3.321   0.660   3.732
 90 327 16 34 30  -0.397   3.422   1.468   3.750
 90 327 16 35 30  -0.805   3.489   1.260   3.801
 90 327 16 36 30  -0.546   3.702   0.791   3.832
 90 327 16 37 30  -0.793   3.672   0.890   3.864
 90 327 16 38 30  -0.736   3.693   0.849   3.865
 90 327 16 39 30  -0.883   3.617   0.894   3.837
 90 327 16 40 30  -1.402   3.312   0.994   3.756
 90 327 16 41 30  -1.395   3.280   0.786   3.682
 90 327 16 42 30  -0.782   3.123   0.134   3.575
 90 327 16 43 30   0.714   3.416  -0.095   3.598
 90 327 16 44 30   0.574   3.468   0.186   3.575
 90 327 16 45 30   1.365   3.124  -0.301   3.527
 90 327 16 46 30   0.647   3.310  -0.962   3.556
 90 327 16 47 30   0.737   2.855  -1.810   3.538
 90 327 16 48 30   0.606   3.157  -0.857   3.428
 90 327 16 49 30  -0.946   3.399   0.439   3.586
 90 327 16 50 30  -1.278   3.256   0.624   3.589
 90 327 16 51 30  -1.258   3.148   0.135   3.399
 90 327 16 52 30  -1.243   3.046   0.350   3.330
 90 327 16 53 30  -1.060   2.754   0.417   2.998
 90 327 16 54 30  -1.174   2.804   0.371   3.104
 90 327 16 55 30  -1.467   2.794  -0.794   3.298
 90 327 16 56 30  -1.743   2.889  -0.761   3.495
 90 327 16 57 30  -1.897   1.153  -2.249   3.304
 90 327 16 58 30  -1.108   0.173  -2.900   3.280
 90 327 16 59 30  -1.404   2.696  -2.006   3.666
 90 327 17 00 30  -1.487   1.970  -2.764   3.776
 90 327 17 01 30  -1.788   0.969  -3.115   3.785
 90 327 17 02 30  -1.642   0.205  -3.482   3.892
 90 327 17 03 30  -1.179  -0.883  -3.656   3.983
 90 327 17 04 30  -1.110  -1.176  -3.703   4.065
 90 327 17 05 30  -1.103  -1.507  -3.647   4.107
 90 327 17 06 30  -1.286  -1.802  -3.495   4.148
 90 327 17 07 30  -1.306  -2.106  -3.353   4.185
 90 327 17 08 30  -1.187  -1.856  -3.215   4.120
 90 327 17 09 30  -0.579   3.289   1.604   4.099
 90 327 17 10 30  -1.335   3.845   1.346   4.387
 90 327 17 11 30  -1.776   3.857   1.066   4.387
 90 327 17 12 30  -1.689   3.858   1.219   4.389
 90 327 17 13 30  -2.067   3.915   0.675   4.485
 90 327 17 14 30  -2.002   4.027   0.813   4.573
 90 327 17 15 30  -1.995   3.904   1.025   4.506
 90 327 17 16 30  -1.886   3.726   0.963   4.296
 90 327 17 17 30  -1.979   3.642   1.102   4.296
 90 327 17 18 30  -1.277   3.484   1.742   4.106
 90 327 17 19 30  -1.499   3.462   1.758   4.167
 90 327 17 20 30  -1.191   3.683   1.689   4.228
 90 327 17 21 30  -1.024   3.806   1.474   4.212
 90 327 17 22 30  -1.193   3.748   1.424   4.186
 90 327 17 23 30  -1.575   3.706   1.414   4.272
 90 327 17 24 30  -1.433   3.752   1.316   4.232
 90 327 17 25 30  -1.333   3.771   1.062   4.146
 90 327 17 26 30  -1.263   3.779   1.006   4.121
 90 327 17 27 30  -1.063   3.880   1.076   4.168
 90 327 17 28 30  -1.004   3.912   1.076   4.183
 90 327 17 29 30  -1.309   3.883   1.036   4.234
 90 327 17 30 30  -1.432   3.879   0.974   4.256
 90 327 17 31 30  -1.118   3.993   0.721   4.213
 90 327 17 32 30  -0.970   4.002   0.620   4.169
 90 327 17 33 30  -0.990   3.964   0.654   4.158
 90 327 17 34 30  -1.696   3.368   1.659   4.287
 90 327 17 35 30  -1.593   3.503   1.714   4.219
 90 327 17 36 30  -1.545   3.541   1.624   4.192
 90 327 17 37 30  -1.574   3.480   1.767   4.211
 90 327 17 38 30  -1.568   3.560   1.637   4.224
 90 327 17 39 30  -1.520   3.511   1.592   4.157
 90 327 17 40 30  -1.609   3.317   1.771   4.101
 90 327 17 41 30  -1.606   3.327   1.770   4.101
 90 327 17 42 30  -1.718   3.227   1.845   4.099
 90 327 17 43 30  -1.746   3.206   1.897   4.118
 90 327 17 44 30  -1.845   3.117   1.952   4.119
 90 327 17 45 30  -1.770   3.131   1.950   4.103
 90 327 17 46 30  -1.540   3.250   1.956   4.098
 90 327 17 47 30  -1.470   3.283   1.954   4.096
 90 327 17 48 30  -1.626   3.312   1.759   4.093
 90 327 17 49 30  -1.813   3.236   1.671   4.075
 90 327 17 50 30  -1.532   3.005   2.218   4.080
 90 327 17 51 30  -1.651   3.183   1.945   4.083
 90 327 17 52 30  -1.778   2.883   2.214   4.059
 90 327 17 53 30  -1.204   3.233   2.046   4.041
 90 327 17 54 30  -0.751   3.306   2.166   4.028
 90 327 17 55 30  -0.854   3.400   2.046   4.065
 90 327 17 56 30  -0.976   3.487   1.823   4.061
 90 327 17 57 30  -1.078   3.438   1.699   3.992
 90 327 17 58 30  -1.291   3.013   2.119   3.932
 90 327 17 59 30  -1.267   3.234   2.295   4.169
 90 327 18 00 30  -0.872   3.209   2.298   4.056
 90 327 18 01 30  -0.584   3.474   2.117   4.116
 90 327 18 02 30  -0.794   3.400   2.107   4.083
 90 327 18 03 30  -1.130   3.128   1.944   3.876
 90 327 18 04 30  -3.278  -0.999   0.500   3.653
 90 327 18 05 30  -3.462  -1.044   0.647   3.690
 90 327 18 06 30  -3.470  -1.072   0.762   3.724
 90 327 18 07 30  -3.436  -1.242   0.937   3.824
 90 327 18 08 30  -3.414  -0.216   1.703   3.918
 90 327 18 09 30  -2.624   1.293   2.612   3.981
 90 327 18 10 30  -2.391   1.315   2.865   3.971
 90 327 18 11 30  -3.294  -0.265   1.942   3.877
 90 327 18 12 30  -2.833   0.332   2.522   3.898
 90 327 18 13 30  -3.163  -0.125   2.158   3.854
 90 327 18 14 30  -3.136  -0.281   2.189   3.852
 90 327 18 15 30  -3.403  -0.077   1.956   3.953
 90 327 18 16 30  -3.480   0.060   1.764   3.920
 90 327 18 17 30  -3.431  -0.336   1.848   3.917
 90 327 18 18 30  -3.571  -0.140   1.802   4.006
 90 327 18 19 30  -3.639  -0.270   1.622   4.000
 90 327 18 20 30  -3.596  -0.339   1.646   3.972
 90 327 18 21 30  -3.722  -0.026   1.412   3.991
 90 327 18 22 30  -3.663   0.270   1.541   3.994
 90 327 18 23 30  -3.506   0.230   1.689   3.905
 90 327 18 24 30  -3.395  -0.268   1.815   3.866
 90 327 18 25 30  -3.288  -0.696   1.856   3.848
 90 327 18 26 30  -3.440   0.032   1.688   3.836
 90 327 18 27 30  -3.517  -0.251   1.648   3.896
 90 327 18 28 30  -3.501  -0.390   1.463   3.819
 90 327 18 29 30  -3.489   0.087   1.574   3.832
 90 327 18 30 30  -3.603   0.180   1.240   3.823
 90 327 18 31 30  -3.626   0.418   1.159   3.835
 90 327 18 32 30  -3.522   0.584   1.411   3.843
 90 327 18 33 30  -3.395   0.452   1.798   3.875
 90 327 18 34 30  -3.521   0.511   1.462   3.850
 90 327 18 35 30  -2.897   1.300   1.822   3.841
 90 327 18 36 30  -2.112   2.256   2.168   3.785
 90 327 18 37 30  -2.702   1.636   1.721   3.796
 90 327 18 38 30  -3.180   0.402   1.925   3.873
 90 327 18 39 30  -3.287   0.651   2.134   3.982
 90 327 18 40 30  -3.243   1.036   2.083   3.998
 90 327 18 41 30  -3.174   1.477   1.893   3.986
 90 327 18 42 30  -3.020   1.738   1.938   3.992
 90 327 18 43 30  -3.077   2.015   1.715   4.068
 90 327 18 44 30  -3.134   2.028   1.548   4.045
 90 327 18 45 30  -3.161   2.161   1.301   4.047
 90 327 18 46 30  -3.108   2.194   1.176   3.986
 90 327 18 47 30  -3.031   2.231   0.975   3.895
 90 327 18 48 30  -3.062   2.009   1.489   3.984
 90 327 18 49 30  -2.936   1.794   1.614   3.803
 90 327 18 50 30  -2.802   2.132   1.239   3.752
 90 327 18 51 30  -3.016   2.053   1.331   3.894
 90 327 18 52 30  -2.277   3.004   0.444   3.821
 90 327 18 53 30  -2.362   3.111   0.637   3.962
 90 327 18 54 30  -2.125   2.912   1.104   3.785
 90 327 18 55 30  -2.377   2.786   0.692   3.777
 90 327 18 56 30  -2.210   3.058   0.386   3.806
 90 327 18 57 30  -1.720   3.349   0.123   3.807
 90 327 18 58 30  -1.229   3.546  -0.519   3.837
 90 327 18 59 30  -2.088   3.260   0.008   3.879
 90 327 19 00 30  -1.824   3.369  -0.190   3.877
 90 327 19 01 30  -1.871   3.381  -0.241   3.876
 90 327 19 02 30  -1.818   3.350  -0.483   3.845
 90 327 19 03 30  -1.792   3.278  -0.580   3.789
 90 327 19 04 30  -1.702   3.287  -0.703   3.782
 90 327 19 05 30  -1.349   3.302  -1.179   3.771
 90 327 19 06 30  -0.691   3.551  -1.002   3.761
 90 327 19 07 30  -0.691   3.600  -0.869   3.780
 90 327 19 08 30  -0.522   3.550  -1.165   3.779
 90 327 19 09 30  -1.231   3.235  -0.699   3.730
 90 327 19 10 30  -1.275   3.413  -0.359   3.754
 90 327 19 11 30   0.809   2.744  -2.316   3.793
 90 327 19 12 30   0.698   3.048  -2.241   3.861
 90 327 19 13 30   0.419   2.894  -1.980   3.855
 90 327 19 14 30  -1.710   3.213   1.114   3.878
 90 327 19 15 30  -2.186   2.548   2.093   4.027
 90 327 19 16 30  -2.329   2.157   2.472   4.032
 90 327 19 17 30  -1.970   2.429   2.460   4.003
 90 327 19 18 30  -1.676   2.970   2.078   4.013
 90 327 19 19 30  -1.805   3.412   1.028   4.014
 90 327 19 20 30  -1.634   3.387   1.362   4.007
 90 327 19 21 30  -1.571   3.421   1.288   4.004
 90 327 19 22 30  -1.446   3.572   0.947   3.981
 90 327 19 23 30  -1.339   3.646   0.811   3.978
 90 327 19 24 30  -1.536   3.511   0.997   3.974
 90 327 19 25 30  -1.640   3.492   0.982   3.991
 90 327 19 26 30  -1.782   3.489   0.775   3.999
 90 327 19 27 30  -1.643   3.241   1.478   4.008
 90 327 19 28 30  -1.393   3.057   2.189   4.021
 90 327 19 29 30  -1.704   3.026   2.016   4.023
 90 327 19 30 30  -1.666   2.784   2.306   4.018
 90 327 19 31 30  -1.642   2.535   2.692   4.048
 90 327 19 32 30  -1.694   2.445   2.709   4.027
 90 327 19 33 30  -1.625   2.543   2.658   4.029
 90 327 19 34 30  -1.651   1.951   3.056   4.009
 90 327 19 35 30  -1.192   0.973   3.713   4.029
 90 327 19 36 30  -1.230   1.025   3.662   4.015
 90 327 19 37 30  -1.539   1.277   3.485   4.022
 90 327 19 38 30  -1.384   2.300   2.539   3.981
 90 327 19 39 30  -1.755   3.157   1.657   3.978
 90 327 19 40 30  -1.756   2.931   2.034   3.997
 90 327 19 41 30  -1.842   2.864   2.012   3.975
 90 327 19 42 30  -1.830   2.746   2.169   3.977
 90 327 19 43 30  -1.879   2.671   2.250   3.989
 90 327 19 44 30  -1.941   2.446   2.477   3.995
 90 327 19 45 30  -1.963   2.759   2.113   3.999
 90 327 19 46 30  -2.006   2.472   2.409   4.002
 90 327 19 47 30  -2.058   2.226   2.589   3.996
 90 327 19 48 30  -1.451   3.669   0.425   4.000
 90 327 19 49 30  -1.136   3.804   0.304   4.007
 90 327 19 50 30  -1.486   3.604   0.959   4.034
 90 327 19 51 30  -1.738   3.411   1.274   4.046
 90 327 19 52 30  -1.794   3.118   1.824   4.041
 90 327 19 53 30  -1.613   3.174   1.920   4.053
 90 327 19 54 30  -1.670   3.269   1.723   4.065
 90 327 19 55 30  -1.790   3.145   1.866   4.083
 90 327 19 56 30  -1.757   3.069   2.005   4.075
 90 327 19 57 30  -1.965   2.626   2.367   4.054
 90 327 19 58 30  -1.935   2.583   2.385   4.020
 90 327 19 59 30  -2.111   2.667   2.106   4.009
 90 327 20 00 30  -2.121   2.619   2.207   4.033
 90 327 20 01 30  -2.121   2.812   1.976   4.048
 90 327 20 02 30  -2.193   2.505   2.275   4.050
 90 327 20 03 30  -2.050   2.782   2.084   4.059
 90 327 20 04 30  -1.780   3.111   1.767   4.015
 90 327 20 05 30  -1.396   3.376   1.560   4.015
 90 327 20 06 30  -1.452   3.117   2.107   4.036
 90 327 20 07 30  -1.326   3.434   1.480   3.999
 90 327 20 08 30  -0.939   3.666   1.290   4.003
 90 327 20 09 30  -1.053   3.708   1.077   4.008
 90 327 20 10 30  -1.132   3.625   1.217   4.035
 90 327 20 11 30  -1.793   3.041   1.985   4.054
 90 327 20 12 30  -1.964   2.854   2.114   4.069
 90 327 20 13 30  -2.164   2.491   2.400   4.114
 90 327 20 14 30  -2.113   2.523   2.467   4.119
 90 327 20 15 30  -2.146   2.343   2.578   4.103
 90 327 20 16 30  -2.100   2.449   2.520   4.106
 90 327 20 17 30  -2.058   2.409   2.591   4.110
 90 327 20 18 30  -2.085   2.042   2.885   4.107
 90 327 20 19 30  -2.137   2.153   2.753   4.100
 90 327 20 20 30  -2.174   2.220   2.640   4.094
 90 327 20 21 30  -2.108   2.781   2.141   4.102
 90 327 20 22 30  -2.226   2.668   2.181   4.107
 90 327 20 23 30  -2.336   2.063   2.508   4.070
 90 327 20 24 30  -2.468   1.618   2.809   4.081
 90 327 20 25 30  -2.537   1.328   2.922   4.111
 90 327 20 26 30  -2.114   0.692   3.390   4.070
 90 327 20 27 30  -2.306   1.076   3.169   4.074
 90 327 20 28 30  -2.198   1.053   3.297   4.107
 90 327 20 29 30  -2.176   1.725   3.007   4.107
 90 327 20 30 30  -2.251   1.295   3.126   4.084
 90 327 20 31 30  -2.177   1.407   3.109   4.068
 90 327 20 32 30  -1.717   1.563   3.315   4.053
 90 327 20 33 30  -1.631   1.169   3.478   4.021
 90 327 20 34 30  -1.384   1.054   3.610   4.028
 90 327 20 35 30  -1.502   1.376   3.542   4.095
 90 327 20 36 30  -1.452   1.529   3.478   4.082
 90 327 20 37 30  -1.648   1.477   3.374   4.047
 90 327 20 38 30  -1.829   1.569   3.176   4.006
 90 327 20 39 30  -2.357   1.248   3.057   4.065
 90 327 20 40 30  -2.316   1.178   3.110   4.064
 90 327 20 41 30  -2.152   1.650   2.854   4.071
 90 327 20 42 30  -2.311   2.096   2.609   4.090
 90 327 20 43 30  -2.399   2.009   2.641   4.104
 90 327 20 44 30  -1.914   2.249   2.772   4.064
 90 327 20 45 30  -1.830   2.087   2.944   4.064
 90 327 20 46 30  -1.594   2.323   2.897   4.069
 90 327 20 47 30  -1.469   2.482   2.857   4.069
 90 327 20 48 30  -1.059   2.214   3.281   4.108
 90 327 20 49 30  -1.020   2.160   3.322   4.097
 90 327 20 50 30  -1.052   1.994   3.418   4.102
 90 327 20 51 30  -1.360   1.764   3.430   4.116
 90 327 20 52 30  -1.241   1.714   3.518   4.113
 90 327 20 53 30  -1.299   1.457   3.510   4.079
 90 327 20 54 30  -1.358   1.294   3.619   4.087
 90 327 20 55 30  -0.924   1.442   3.664   4.052
 90 327 20 56 30  -1.032   1.379   3.649   4.047
 90 327 20 57 30  -0.632   1.245   3.792   4.046
 90 327 20 58 30  -0.941   1.509   3.615   4.064
 90 327 20 59 30  -1.678   1.990   3.121   4.082
 90 327 21 00 30  -1.930   1.940   3.047   4.103
 90 327 21 01 30  -2.022   2.138   2.858   4.107
 90 327 21 02 30  -2.038   2.082   2.929   4.138
 90 327 21 03 30  -1.965   2.243   2.820   4.108
 90 327 21 04 30  -1.990   2.006   2.947   4.093
 90 327 21 05 30  -2.031   2.002   2.858   4.092
 90 327 21 06 30  -2.000   1.754   3.076   4.087
 90 327 21 07 30  -2.076   1.780   3.005   4.075
 90 327 21 08 30  -1.841   1.735   3.180   4.097
 90 327 21 09 30  -2.012   1.796   3.118   4.129
 90 327 21 10 30  -2.209   1.923   2.945   4.158
 90 327 21 11 30  -2.150   1.988   2.944   4.161
 90 327 21 12 30  -2.178   2.133   2.833   4.171
 90 327 21 13 30  -2.078   2.132   2.924   4.177
 90 327 21 14 30  -1.963   2.153   2.979   4.173
 90 327 21 15 30  -2.152   2.260   2.751   4.167
 90 327 21 16 30  -2.144   2.180   2.832   4.173
 90 327 21 17 30  -1.869   2.284   2.932   4.163
 90 327 21 18 30  -1.938   2.218   2.941   4.165
 90 327 21 19 30  -1.791   1.983   3.064   4.083
 90 327 21 20 30  -2.344   1.499   2.919   4.041
 90 327 21 21 30  -2.309   1.653   2.828   4.016
 90 327 21 22 30  -2.415   1.634   2.808   4.068
 90 327 21 23 30  -2.250   2.031   2.629   4.035
 90 327 21 24 30  -2.184   2.114   2.703   4.074
 90 327 21 25 30  -2.061   2.485   2.435   4.053
 90 327 21 26 30  -2.017   2.572   2.358   4.033
 90 327 21 27 30  -1.974   2.511   2.489   4.056
 90 327 21 28 30  -2.018   2.755   2.167   4.055
 90 327 21 29 30  -1.973   2.581   2.353   4.028
 90 327 21 30 30  -1.919   2.363   2.508   4.014
 90 327 21 31 30  -1.639   2.069   2.919   4.007
 90 327 21 32 30  -2.169   1.743   2.910   4.030
 90 327 21 33 30  -1.834   2.223   2.800   4.031
 90 327 21 34 30  -1.824   1.588   2.884   3.887
 90 327 21 35 30  -1.745   2.259   2.519   3.909
 90 327 21 36 30  -1.150   3.030   2.072   3.919
 90 327 21 37 30  -0.920   3.004   2.293   3.957
 90 327 21 38 30  -1.242   2.224   2.917   3.941
 90 327 21 39 30  -1.539   1.623   3.250   3.952
 90 327 21 40 30  -1.721   1.745   3.119   3.977
 90 327 21 41 30  -1.996   1.869   2.889   3.989
 90 327 21 42 30  -1.975   1.546   3.091   3.988
 90 327 21 43 30  -1.692   1.823   3.030   3.945
 90 327 21 44 30  -1.258   1.431   3.396   3.921
 90 327 21 45 30  -2.513   1.897   2.358   3.949
 90 327 21 46 30  -2.599   2.298   1.665   3.910
 90 327 21 47 30  -2.375   1.666   2.595   3.901
 90 327 21 48 30  -2.276   1.455   2.756   3.868
 90 327 21 49 30  -2.098   1.354   2.907   3.853
 90 327 21 50 30  -2.336   1.934   2.361   3.855
 90 327 21 51 30  -2.641   1.666   2.199   3.841
 90 327 21 52 30  -2.422   1.799   2.365   3.842
 90 327 21 53 30  -2.619   1.721   2.200   3.839
 90 327 21 54 30  -2.713   1.320   2.351   3.874
 90 327 21 55 30  -2.423   1.291   2.749   3.892
 90 327 21 56 30  -2.303   1.555   2.711   3.892
 90 327 21 57 30  -2.316   1.682   2.626   3.894
 90 327 21 58 30  -2.188   2.019   2.471   3.903
 90 327 21 59 30  -1.970   1.834   2.797   3.894
 90 327 22 00 30  -1.667   2.098   2.714   3.902
 90 327 22 01 30  -1.452   1.673   3.030   3.840
 90 327 22 02 30  -1.774   1.243   2.984   3.762
 90 327 22 03 30  -2.397   0.645   2.760   3.789
 90 327 22 04 30  -2.370   1.398   2.733   3.902
 90 327 22 05 30  -2.230   1.476   2.597   3.877
 90 327 22 06 30  -2.552   1.711   2.516   4.010
 90 327 22 07 30  -2.583   2.220   2.060   3.986
 90 327 22 08 30  -2.430   2.551   1.824   3.973
 90 327 22 09 30  -2.456   2.376   2.126   4.030
 90 327 22 10 30  -2.602   2.290   2.182   4.114
 90 327 22 11 30  -2.433   2.927   1.472   4.095
 90 327 22 12 30  -2.484   2.645   1.805   4.060
 90 327 22 13 30  -2.532   2.504   1.904   4.047
 90 327 22 14 30  -1.844   3.396   0.972   4.014
 90 327 22 15 30  -2.261   3.109   0.808   3.965
 90 327 22 16 30  -2.090   2.683   1.960   3.978
 90 327 22 17 30  -1.815   2.435   2.533   3.971
 90 327 22 18 30  -1.715   2.661   2.388   3.972
 90 327 22 19 30  -1.739   2.720   2.370   4.007
 90 327 22 20 30  -1.840   2.781   2.321   4.066
 90 327 22 21 30  -1.918   2.741   2.208   4.013
 90 327 22 22 30  -1.856   2.926   2.076   4.056
 90 327 22 23 30  -2.158   2.795   1.805   3.991
 90 327 22 24 30  -2.125   2.685   2.029   3.999
 90 327 22 25 30  -1.565   3.129   1.880   3.983
 90 327 22 26 30  -1.571   3.083   1.891   3.955
 90 327 22 27 30  -1.950   2.919   1.882   3.992
 90 327 22 28 30  -2.200   2.849   1.662   3.978
 90 327 22 29 30  -2.383   2.783   1.555   3.986
 90 327 22 30 30  -1.466   3.241   1.457   3.897
 90 327 22 31 30  -0.694   3.396   1.350   3.742
 90 327 22 32 30  -0.628   3.341   1.328   3.658
 90 327 22 33 30  -1.284   3.196   1.327   3.728
 90 327 22 34 30  -1.488   3.188   1.372   3.783
 90 327 22 35 30  -1.260   3.325   1.195   3.760
 90 327 22 36 30  -0.804   3.516   0.755   3.720
 90 327 22 37 30  -0.590   3.568   0.970   3.766
 90 327 22 38 30  -1.189   2.914   2.007   3.759
 90 327 22 39 30  -1.228   2.688   2.240   3.711
 90 327 22 40 30  -1.284   2.908   2.068   3.799
 90 327 22 41 30  -1.347   3.063   1.886   3.856
 90 327 22 42 30  -1.239   3.065   1.984   3.862
 90 327 22 43 30  -1.216   3.021   2.009   3.837
 90 327 22 44 30  -1.758   2.811   1.929   3.844
 90 327 22 45 30  -1.920   2.892   1.666   3.857
 90 327 22 46 30  -1.849   2.990   1.557   3.857
 90 327 22 47 30  -1.920   2.676   1.803   3.795
 90 327 22 48 30  -2.252   2.389   1.925   3.861
 90 327 22 49 30  -2.100   2.646   1.771   3.834
 90 327 22 50 30  -2.033   2.658   1.871   3.841
 90 327 22 51 30  -2.316   2.524   1.595   3.796
 90 327 22 52 30  -1.799   2.557   2.191   3.822
 90 327 22 53 30  -1.994   2.496   1.994   3.772
 90 327 22 54 30  -2.375   2.489   1.613   3.813
 90 327 22 55 30  -2.536   2.542   1.240   3.804
 90 327 22 56 30  -2.293   2.676   1.284   3.772
 90 327 22 57 30  -2.053   2.627   1.754   3.772
 90 327 22 58 30  -2.302   2.404   1.772   3.776
 90 327 22 59 30  -2.142   2.397   1.921   3.751
 90 327 23 00 30  -1.991   2.255   2.338   3.819
 90 327 23 01 30  -1.933   2.379   2.219   3.795
 90 327 23 02 30  -2.140   2.392   1.999   3.788
 90 327 23 03 30  -2.199   2.263   2.083   3.795
 90 327 23 04 30  -2.041   2.419   2.144   3.843
 90 327 23 05 30  -2.171   2.408   2.026   3.838
 90 327 23 06 30  -2.005   2.330   2.251   3.823
 90 327 23 07 30  -2.298   2.112   2.183   3.818
 90 327 23 08 30  -2.434   2.401   1.697   3.827
 90 327 23 09 30  -2.305   2.411   1.870   3.834
 90 327 23 10 30  -2.481   2.486   1.489   3.825
 90 327 23 11 30  -2.541   2.525   1.306   3.824
 90 327 23 12 30  -2.718   2.510   1.061   3.857
 90 327 23 13 30  -2.706   2.588   0.850   3.845
 90 327 23 14 30  -2.850   2.423   0.694   3.808
 90 327 23 15 30  -3.022   2.162   0.703   3.786
 90 327 23 16 30  -2.703   2.295   0.880   3.657
 90 327 23 17 30  -2.857   2.212   0.850   3.718
 90 327 23 18 30  -2.998   1.621   1.297   3.671
 90 327 23 19 30  -2.990   1.587   1.426   3.677
 90 327 23 20 30  -2.983   1.668   1.349   3.700
 90 327 23 21 30  -2.978   1.799   1.203   3.705
 90 327 23 22 30  -2.859   1.949   1.313   3.729
 90 327 23 23 30  -2.999   1.996   1.228   3.809
 90 327 23 24 30  -3.040   1.825   1.224   3.761
 90 327 23 25 30  -3.079   1.706   1.256   3.741
 90 327 23 26 30  -3.069   1.803   0.963   3.701
 90 327 23 27 30  -3.049   1.892   0.786   3.679
 90 327 23 28 30  -3.058   1.826   0.987   3.698
 90 327 23 29 30  -3.089   1.682   1.063   3.680
 90 327 23 30 30  -3.183   1.700   0.826   3.707
 90 327 23 31 30  -3.270   1.598   0.745   3.718
 90 327 23 32 30  -3.209   1.681   0.855   3.724
 90 327 23 33 30  -3.242   1.596   0.833   3.712
 90 327 23 34 30  -3.192   1.654   0.936   3.719
 90 327 23 35 30  -3.019   1.750   1.229   3.701
 90 327 23 36 30  -3.164   1.581   1.119   3.714
 90 327 23 37 30  -3.056   1.785   1.151   3.725
 90 327 23 38 30  -3.029   1.786   1.189   3.717
 90 327 23 39 30  -3.272   1.602   0.751   3.725
 90 327 23 40 30  -3.132   1.617   1.039   3.677
 90 327 23 41 30  -3.089   1.693   1.002   3.667
 90 327 23 42 30  -3.124   1.664   0.941   3.667
 90 327 23 43 30  -3.183   1.677   0.643   3.663
 90 327 23 44 30  -3.153   1.702   0.708   3.661
 90 327 23 45 30  -3.191   1.620   0.774   3.668
 90 327 23 46 30  -3.194   1.634   0.691   3.657
 90 327 23 47 30  -3.091   1.674   0.891   3.631
 90 327 23 48 30  -3.275   1.508   0.317   3.622
 90 327 23 49 30  -3.118   1.641   0.841   3.629
 90 327 23 50 30  -3.217   1.517   0.593   3.609
 90 327 23 51 30  -3.243   1.463   0.548   3.601
 90 327 23 52 30  -3.241   1.510   0.529   3.618
 90 327 23 53 30  -3.226   1.562   0.414   3.612
 90 327 23 54 30  -3.214   1.534   0.508   3.603
 90 327 23 55 30  -3.240   1.501   0.318   3.592
 90 327 23 56 30  -3.219   1.530   0.249   3.575
 90 327 23 57 30  -3.120   1.674   0.275   3.559
 90 327 23 58 30  -2.790   1.437   1.254   3.415
 90 327 23 59 30  -2.316   1.454   1.742   3.277
