 90 335 00 00 30  -2.384   2.112  -0.053   3.191
 90 335 00 01 30  -2.333   2.135  -0.277   3.188
 90 335 00 02 30  -2.613   1.913   0.239   3.253
 90 335 00 03 30  -2.673   1.758   0.192   3.211
 90 335 00 04 30  -2.550   1.761   0.505   3.144
 90 335 00 05 30  -2.604   1.826   0.079   3.184
 90 335 00 06 30  -2.617   1.820   0.024   3.190
 90 335 00 07 30  -2.638   1.844  -0.061   3.236
 90 335 00 08 30  -2.688   1.804  -0.266   3.251
 90 335 00 09 30  -2.736   1.785  -0.220   3.282
 90 335 00 10 30  -2.710   1.840  -0.179   3.282
 90 335 00 11 30  -2.728   1.819   0.007   3.281
 90 335 00 12 30  -2.728   1.815   0.093   3.280
 90 335 00 13 30  -2.699   1.716  -0.075   3.204
 90 335 00 14 30  -2.669   1.687   0.296   3.176
 90 335 00 15 30  -2.563   1.701   0.078   3.080
 90 335 00 16 30  -2.529   1.742   0.205   3.079
 90 335 00 17 30  -2.524   1.765   0.196   3.092
 90 335 00 18 30  -2.758   1.693   0.382   3.265
 90 335 00 19 30  -2.551   1.989   0.099   3.247
 90 335 00 20 30  -2.703   1.715   0.080   3.209
 90 335 00 21 30  -2.838   1.555  -0.047   3.240
 90 335 00 22 30  -2.808   1.586   0.034   3.227
 90 335 00 23 30  -2.717   1.573  -0.102   3.149
 90 335 00 24 30  -2.497   1.455  -0.148   2.906
 90 335 00 25 30  -2.528   1.447  -0.073   2.931
 90 335 00 26 30  -2.409   1.577  -0.289   2.898
 90 335 00 27 30  -2.432   1.534  -0.330   2.896
 90 335 00 28 30  -2.424   1.590  -0.348   2.922
 90 335 00 29 30  -2.318   1.577  -0.386   2.833
 90 335 00 30 30  -2.197   1.541  -0.327   2.714
 90 335 00 31 30  -2.071   1.564  -0.331   2.621
 90 335 00 32 30  -1.797   1.614  -0.367   2.458
 90 335 00 33 30  -1.874   1.569  -0.585   2.525
 90 335 00 34 30  -0.322   1.881  -0.767   2.084
 90 335 00 35 30   0.420   1.851  -0.857   2.116
 90 335 00 36 30   0.430   2.075  -0.921   2.324
 90 335 00 37 30   1.068   1.807  -0.918   2.327
 90 335 00 38 30   1.374   1.597  -0.881   2.309
 90 335 00 39 30   0.974   1.911  -0.842   2.322
 90 335 00 40 30   0.987   1.965  -0.600   2.291
 90 335 00 41 30   1.003   1.961  -0.746   2.332
 90 335 00 42 30   1.060   1.955  -0.596   2.305
 90 335 00 43 30   1.221   1.801  -0.594   2.281
 90 335 00 44 30   0.618   2.085  -0.537   2.248
 90 335 00 45 30   0.928   1.906  -0.660   2.236
 90 335 00 46 30   0.993   1.800  -0.519   2.149
 90 335 00 47 30   0.602   1.993  -0.475   2.147
 90 335 00 48 30  -0.038   1.875  -0.492   2.009
 90 335 00 49 30  -0.525   1.767  -0.673   1.970
 90 335 00 50 30  -0.780   1.795  -0.407   2.017
 90 335 00 51 30  -1.189   1.616  -0.488   2.066
 90 335 00 54 30  -1.321   1.342  -0.345   1.922
 90 335 00 55 30  -1.290   1.517  -0.490   2.056
 90 335 00 56 30  -1.550   1.570  -0.526   2.280
 90 335 00 57 30  -1.392   1.530  -0.653   2.190
 90 335 00 58 30  -1.340   1.445  -0.744   2.121
 90 335 00 59 30  -1.679   0.644  -0.803   1.973
 90 335 01 00 30  -2.306   1.112  -0.895   2.720
 90 335 01 01 30  -2.550   1.138  -0.880   2.937
 90 335 01 02 30  -2.491   1.347  -0.775   2.957
 90 335 01 03 30  -2.399   1.682  -0.730   3.023
 90 335 01 04 30  -2.492   1.520  -0.551   2.975
 90 335 01 05 30  -2.425   1.448  -0.318   2.847
 90 335 01 06 30  -2.338   1.308  -0.410   2.719
 90 335 01 07 30  -2.437   1.180  -0.515   2.760
 90 335 01 08 30  -2.551   1.220  -0.604   2.901
 90 335 01 09 30  -2.265   1.683  -0.636   2.902
 90 335 01 10 30  -2.362   1.804  -0.689   3.057
 90 335 01 11 30  -2.218   1.904  -0.816   3.039
 90 335 01 12 30  -2.233   1.883  -0.663   2.997
 90 335 01 13 30  -2.170   1.741  -0.268   2.805
 90 335 01 14 30  -2.096   1.274  -0.297   2.483
 90 335 01 15 30  -2.556   1.107  -0.438   2.830
 90 335 01 16 30  -2.163   1.348  -0.569   2.616
 90 335 01 17 30  -1.835   1.282  -0.505   2.304
 90 335 01 18 30  -1.657   1.538  -0.685   2.385
 90 335 01 19 30  -1.018   1.690  -1.054   2.267
 90 335 01 20 30  -0.862   1.737  -0.936   2.202
 90 335 01 21 30   0.057   1.692  -0.951   1.982
 90 335 01 22 30  -0.031   1.613  -0.811   1.826
 90 335 01 23 30  -0.366   1.718  -0.864   1.975
 90 335 01 24 30  -0.657   1.735  -0.935   2.292
 90 335 01 25 30  -1.837   1.699  -0.300   2.521
 90 335 01 26 30   0.217   1.879  -1.448   2.384
 90 335 01 27 30   0.182   1.768  -1.550   2.362
 90 335 01 28 30   0.366   1.717  -1.415   2.260
 90 335 01 29 30   0.422   1.810  -1.121   2.175
 90 335 01 30 30   0.576   1.760  -1.167   2.193
 90 335 01 31 30   0.603   1.674  -1.222   2.168
 90 335 01 32 30   0.837   1.592  -1.172   2.153
 90 335 01 33 30   1.132   1.367  -1.022   2.052
 90 335 01 34 30   1.320   1.110  -1.017   2.017
 90 335 01 35 30   1.141   1.288  -0.930   1.991
 90 335 01 36 30   0.890   1.287  -1.007   1.862
 90 335 01 37 30   1.013   1.308  -0.863   1.875
 90 335 01 38 30   0.627   1.564  -0.899   1.921
 90 335 01 39 30   0.084   1.867  -0.988   2.181
 90 335 01 40 30  -0.044   2.099  -0.895   2.292
 90 335 01 41 30   0.005   2.118  -0.840   2.286
 90 335 01 42 30  -0.529   2.065  -0.819   2.305
 90 335 01 43 30  -1.304   2.089  -0.488   2.526
 90 335 01 44 30  -1.549   2.133  -0.633   2.713
 90 335 01 45 30  -1.573   2.117  -0.654   2.718
 90 335 01 46 30  -1.505   2.161  -0.652   2.716
 90 335 01 47 30  -1.315   2.242  -0.840   2.734
 90 335 01 48 30  -1.728   1.985  -0.711   2.746
 90 335 01 49 30  -1.953   1.815  -0.623   2.740
 90 335 01 50 30  -1.956   1.843  -0.462   2.738
 90 335 01 51 30  -1.949   1.887  -0.423   2.751
 90 335 01 52 30  -1.825   2.000  -0.483   2.760
 90 335 01 53 30  -1.646   2.102  -0.644   2.747
 90 335 01 54 30  -1.658   2.125  -0.655   2.779
 90 335 01 55 30  -1.775   1.975  -0.638   2.733
 90 335 01 56 30  -1.817   1.946  -0.616   2.734
 90 335 01 57 30  -1.819   1.915  -0.741   2.745
 90 335 01 58 30  -1.686   2.018  -0.773   2.744
 90 335 01 59 30  -1.849   1.969  -0.689   2.801
 90 335 02 00 30  -2.077   1.727  -0.517   2.755
 90 335 02 01 30  -2.042   1.865  -0.537   2.818
 90 335 02 02 30  -1.989   1.839  -0.688   2.803
 90 335 02 03 30  -1.999   1.938  -0.619   2.857
 90 335 02 04 30  -2.035   1.853  -0.642   2.830
 90 335 02 05 30  -2.047   1.798  -0.616   2.795
 90 335 02 06 30  -2.067   1.730  -0.524   2.748
 90 335 02 07 30  -2.060   1.757  -0.512   2.757
 90 335 02 08 30  -2.181   1.648  -0.618   2.804
 90 335 02 09 30  -2.237   1.495  -0.575   2.755
 90 335 02 10 30  -2.329   1.433  -0.485   2.779
 90 335 02 11 30  -2.302   1.431  -0.471   2.754
 90 335 02 12 30  -1.999   1.946  -0.414   2.823
 90 335 02 13 30  -2.082   1.499  -0.389   2.598
 90 335 02 14 30  -2.238   1.629  -0.219   2.780
 90 335 02 15 30  -2.260   1.658  -0.245   2.815
 90 335 02 16 30  -1.971   1.903  -0.374   2.776
 90 335 02 17 30  -1.973   1.915  -0.454   2.789
 90 335 02 18 30  -1.964   1.859  -0.376   2.731
 90 335 02 19 30  -1.966   1.894  -0.392   2.759
 90 335 02 20 30  -2.001   1.903  -0.463   2.804
 90 335 02 21 30  -2.141   1.741  -0.335   2.783
 90 335 02 22 30  -1.698   1.906  -0.803   2.732
 90 335 02 23 30  -1.908   1.789  -0.698   2.713
 90 335 02 24 30  -2.073   1.701  -0.406   2.717
 90 335 02 25 30  -2.124   1.661  -0.255   2.711
 90 335 02 26 30  -2.204   1.603  -0.169   2.740
 90 335 02 27 30  -2.191   1.595  -0.217   2.739
 90 335 02 28 30  -2.064   1.718  -0.362   2.713
 90 335 02 29 30  -2.047   1.816  -0.163   2.753
 90 335 02 30 30  -2.156   1.634  -0.456   2.746
 90 335 02 31 30  -2.133   1.640  -0.509   2.741
 90 335 02 32 30  -2.109   1.674  -0.422   2.738
 90 335 02 33 30  -2.097   1.710   0.078   2.709
 90 335 02 34 30  -2.084   1.741   0.171   2.723
 90 335 02 35 30  -1.975   1.788  -0.112   2.687
 90 335 02 36 30  -1.674   1.978  -0.541   2.655
 90 335 02 37 30  -1.890   1.697  -0.346   2.568
 90 335 02 38 30  -1.974   1.659  -0.139   2.587
 90 335 02 39 30  -2.011   1.677  -0.104   2.627
 90 335 02 40 30  -2.079   1.652  -0.414   2.689
 90 335 02 41 30  -2.174   1.655  -0.478   2.778
 90 335 02 42 30  -2.262   1.631  -0.351   2.814
 90 335 02 43 30  -2.266   1.713  -0.341   2.863
 90 335 02 44 30  -2.244   1.746  -0.183   2.850
 90 335 02 45 30  -2.261   1.745  -0.143   2.861
 90 335 02 46 30  -2.305   1.650   0.055   2.836
 90 335 02 47 30  -2.267   1.592   0.153   2.776
 90 335 02 48 30  -2.106   1.708   0.151   2.717
 90 335 02 49 30  -2.153   1.640   0.387   2.735
 90 335 02 50 30  -2.077   1.700   0.274   2.700
 90 335 02 51 30  -1.974   1.703   0.427   2.646
 90 335 02 52 30  -1.806   1.733   0.288   2.546
 90 335 02 53 30  -1.621   1.808  -0.773   2.552
 90 335 02 54 30  -1.801   1.875  -0.749   2.708
 90 335 02 55 30  -1.859   1.843  -0.652   2.701
 90 335 02 56 30  -1.909   1.895  -0.466   2.732
 90 335 02 57 30  -1.913   1.882  -0.501   2.732
 90 335 02 58 30  -1.998   1.922  -0.431   2.809
 90 335 02 59 30  -2.049   1.858  -0.172   2.773
 90 335 03 00 30  -2.106   1.878  -0.049   2.827
 90 335 03 01 30  -2.120   1.850  -0.202   2.823
 90 335 03 02 30  -2.110   1.875  -0.336   2.847
 90 335 03 03 30  -1.969   1.909  -0.514   2.797
 90 335 03 04 30  -1.767   1.940  -0.854   2.761
 90 335 03 05 30  -1.773   2.012  -0.905   2.834
 90 335 03 06 30  -1.705   2.022  -0.745   2.756
 90 335 03 07 30  -1.794   1.895  -0.545   2.669
 90 335 03 08 30  -1.694   1.895  -0.745   2.650
 90 335 03 09 30  -1.693   1.916  -0.768   2.671
 90 335 03 10 30  -1.568   1.840  -0.841   2.561
 90 335 03 11 30  -1.182   1.667  -1.168   2.363
 90 335 03 12 30  -1.251   1.587  -1.184   2.352
 90 335 03 13 30  -1.317   1.677  -0.617   2.272
 90 335 03 14 30  -1.419   1.583  -0.163   2.145
 90 335 03 15 30  -1.391   1.662  -0.391   2.208
 90 335 03 16 30  -1.466   1.768  -0.497   2.353
 90 335 03 17 30  -1.464   1.923  -0.542   2.479
 90 335 03 18 30  -1.261   1.806  -0.578   2.278
 90 335 03 19 30  -1.378   1.974  -0.533   2.468
 90 335 03 20 30  -1.384   2.078  -0.545   2.556
 90 335 03 21 30  -1.504   2.149  -0.538   2.679
 90 335 03 22 30  -1.547   2.220  -0.424   2.741
 90 335 03 23 30  -1.393   2.286  -0.428   2.713
 90 335 03 24 30  -1.482   2.268  -0.409   2.742
 90 335 03 25 30  -1.417   2.327  -0.289   2.742
 90 335 03 26 30  -1.338   2.345  -0.167   2.717
 90 335 03 27 30  -1.859   1.902  -0.288   2.678
 90 335 03 28 30  -1.860   1.913  -0.217   2.680
 90 335 03 29 30  -1.893   1.886  -0.196   2.682
 90 335 03 30 30  -1.745   2.012  -0.085   2.667
 90 335 03 31 30  -1.615   2.078   0.218   2.649
 90 335 03 32 30  -1.710   2.052   0.298   2.696
 90 335 03 33 30  -1.826   2.192  -0.206   2.863
 90 335 03 34 30  -1.977   2.166  -0.214   2.942
 90 335 03 35 30  -1.938   2.157  -0.198   2.908
 90 335 03 36 30  -1.985   2.066  -0.338   2.889
 90 335 03 37 30  -2.130   2.033  -0.328   2.967
 90 335 03 38 30  -2.145   2.071  -0.251   2.993
 90 335 03 39 30  -2.193   2.001  -0.239   2.980
 90 335 03 40 30  -2.257   1.865  -0.491   2.979
 90 335 03 41 30  -2.285   1.730  -0.893   3.005
 90 335 03 42 30  -2.324   1.722  -0.821   3.008
 90 335 03 43 30  -2.413   1.550  -0.878   3.008
 90 335 03 44 30  -2.379   1.456  -1.077   2.992
 90 335 03 45 30  -2.348   1.499  -1.064   2.985
 90 335 03 46 30  -2.280   1.738  -0.779   2.979
 90 335 03 47 30  -2.280   1.714  -0.810   2.965
 90 335 03 48 30  -2.266   1.690  -0.806   2.941
 90 335 03 49 30  -2.253   1.669  -0.806   2.918
 90 335 03 50 30  -2.179   1.691  -0.703   2.848
 90 335 03 51 30  -2.188   1.681  -0.774   2.867
 90 335 03 52 30  -2.198   1.687  -0.696   2.860
 90 335 03 53 30  -2.041   1.913  -0.484   2.843
 90 335 03 54 30  -2.185   1.672  -0.606   2.822
 90 335 03 55 30  -1.942   1.914  -0.273   2.754
 90 335 03 56 30  -1.900   1.896  -0.132   2.695
 90 335 03 57 30  -1.919   1.728  -0.346   2.617
 90 335 03 58 30  -1.858   1.664  -0.735   2.606
 90 335 03 59 30  -1.413   1.333  -0.379   1.993
 90 335 04 00 30  -1.854   1.438  -0.523   2.411
 90 335 04 01 30  -1.353   0.871  -0.459   1.692
 90 335 04 02 30  -1.529   0.620  -0.316   1.697
 90 335 04 03 30  -1.505   0.686  -0.034   1.668
 90 335 04 04 30  -1.385   0.945  -0.084   1.684
 90 335 04 05 30  -1.257   1.001  -0.117   1.627
 90 335 04 06 30  -1.092   1.057   0.092   1.592
 90 335 04 07 30  -0.714   0.787   0.512   1.220
 90 335 04 08 30  -1.196   0.726  -0.238   1.440
 90 335 04 09 30  -0.997   0.892  -0.049   1.378
 90 335 04 10 30  -0.800   1.050   0.229   1.384
 90 335 04 11 30  -0.969   1.240  -0.234   1.683
 90 335 04 12 30  -1.382   1.166  -0.857   2.047
 90 335 04 13 30  -1.428   1.448  -0.248   2.064
 90 335 04 14 30  -1.607   1.621  -0.347   2.323
 90 335 04 15 30  -0.652   1.261   0.250   1.509
 90 335 04 16 30  -0.758   1.180   0.278   1.511
 90 335 04 17 30  -1.653   1.694  -0.564   2.478
 90 335 04 18 30  -1.206   1.785  -0.050   2.158
 90 335 04 19 30  -1.146   1.482  -0.145   1.927
 90 335 04 20 30  -0.558   1.088   0.605   1.427
 90 335 04 21 30  -0.103   0.898   0.858   1.250
 90 335 04 22 30  -0.322   0.743   0.875   1.207
 90 335 04 23 30  -0.936   0.903   1.056   1.689
 90 335 04 24 30  -0.991   0.486   1.389   1.779
 90 335 04 25 30  -0.837   0.334   1.469   1.735
 90 335 04 26 30  -0.836   0.195   1.617   1.850
 90 335 04 27 30  -0.069   0.041   1.877   1.891
 90 335 04 28 30   0.012  -0.322   1.838   1.876
 90 335 04 29 30   0.071  -0.632   1.924   2.031
 90 335 04 30 30   0.240  -1.004   1.976   2.241
 90 335 04 31 30   0.454  -0.966   2.168   2.452
 90 335 04 32 30   0.323  -0.857   2.208   2.413
 90 335 04 33 30   0.022  -1.057   2.106   2.360
 90 335 04 34 30   0.099  -1.530   2.116   2.629
 90 335 04 35 30   0.393  -1.905   1.890   2.724
 90 335 04 36 30   0.548  -2.151   1.892   2.931
 90 335 04 37 30   0.744  -1.446   1.846   2.625
 90 335 04 38 30   1.571  -0.875   1.975   2.684
 90 335 04 39 30   0.639  -1.895   1.757   2.733
 90 335 04 40 30   0.370  -1.917   1.826   2.884
 90 335 04 41 30  -0.064  -1.873   2.583   3.401
 90 335 04 42 30   0.709  -2.788   1.631   3.320
 90 335 04 43 30   0.413  -2.618   1.740   3.230
 90 335 04 44 30   0.155  -2.975   1.735   3.475
 90 335 04 45 30   1.321  -3.264   0.290   3.535
 90 335 04 46 30   1.147  -3.282  -0.470   3.562
 90 335 04 47 30   1.066  -2.669  -2.141   3.646
 90 335 04 48 30   0.717  -2.331  -2.322   3.429
 90 335 04 49 30  -0.001  -2.734  -2.237   3.552
 90 335 04 50 30  -0.276  -2.564  -2.405   3.530
 90 335 04 51 30  -0.807  -2.485  -2.455   3.588
 90 335 04 52 30  -0.802  -2.566  -2.242   3.508
 90 335 04 53 30   1.769  -3.164  -0.696   3.924
 90 335 04 54 30   2.294  -3.226  -0.279   3.977
 90 335 04 55 30   2.317  -3.101   0.496   3.910
 90 335 04 56 30   2.247  -3.023   0.351   3.791
 90 335 04 57 30   2.071  -3.047   0.270   3.696
 90 335 04 58 30   2.142  -2.940   0.212   3.648
 90 335 04 59 30   2.243  -2.722   0.417   3.566
 90 335 05 00 30   2.076  -2.711   0.791   3.512
 90 335 05 01 30   1.328  -3.267   0.339   3.563
 90 335 05 02 30   1.262  -3.319   0.247   3.567
 90 335 05 03 30   1.247  -3.274   0.142   3.512
 90 335 05 04 30   1.679  -3.008   0.473   3.501
 90 335 05 05 30   1.146  -3.250   0.247   3.465
 90 335 05 06 30   0.945  -3.339   0.159   3.479
 90 335 05 07 30   1.031  -3.329   0.450   3.522
 90 335 05 08 30   1.549  -3.085   0.763   3.539
 90 335 05 09 30   1.560  -3.043   0.918   3.548
 90 335 05 10 30   1.669  -2.899   1.116   3.531
 90 335 05 11 30   1.810  -2.797   1.229   3.553
 90 335 05 12 30   1.878  -2.740   1.245   3.550
 90 335 05 13 30   1.911  -2.638   1.281   3.513
 90 335 05 14 30   2.002  -2.584   1.277   3.511
 90 335 05 15 30   2.056  -2.472   1.355   3.492
 90 335 05 16 30   2.004  -2.441   1.429   3.469
 90 335 05 17 30   1.902  -2.464   1.533   3.475
 90 335 05 18 30   1.775  -2.271   1.683   3.420
 90 335 05 19 30   2.224  -1.851   1.726   3.377
 90 335 05 20 30   1.950  -1.982   1.897   3.391
 90 335 05 21 30   1.724  -2.129   1.963   3.388
 90 335 05 22 30   1.524  -2.409   1.808   3.382
 90 335 05 23 30   1.548  -2.258   1.973   3.382
 90 335 05 24 30   1.325  -2.634   1.639   3.385
 90 335 05 25 30   1.446  -2.509   1.708   3.372
 90 335 05 26 30   1.691  -2.231   1.865   3.380
 90 335 05 27 30   1.537  -2.320   1.846   3.358
 90 335 05 28 30   1.508  -2.497   1.575   3.345
 90 335 05 29 30   2.049  -1.741   2.049   3.392
 90 335 05 30 30   1.974  -1.735   2.139   3.393
 90 335 05 31 30   1.857  -1.826   2.123   3.364
 90 335 05 32 30   1.768  -1.905   2.116   3.356
 90 335 05 33 30   1.530  -2.023   2.070   3.282
 90 335 05 34 30   1.388  -1.871   2.283   3.267
 90 335 05 35 30   1.315  -1.496   2.517   3.273
 90 335 05 36 30   1.894  -1.691   2.018   3.249
 90 335 05 37 30   1.855  -1.455   2.155   3.239
 90 335 05 38 30   1.018  -1.863   2.182   3.171
 90 335 05 39 30   0.374  -2.235   2.164   3.199
 90 335 05 40 30  -0.022  -2.435   2.109   3.266
 90 335 05 41 30  -0.344  -2.535   1.657   3.170
 90 335 05 42 30  -0.536  -2.698   1.553   3.200
 90 335 05 43 30  -0.985  -2.643   1.358   3.219
 90 335 05 44 30  -1.211  -2.892   0.777   3.313
 90 335 05 45 30  -0.229  -2.853   1.387   3.214
 90 335 05 46 30  -1.202  -2.641   0.746   3.083
 90 335 05 47 30  -0.788  -2.656   0.887   3.072
 90 335 05 48 30  -0.641  -2.538   1.673   3.111
 90 335 05 49 30  -0.273  -2.608   1.584   3.085
 90 335 05 50 30   0.154  -2.394   2.101   3.216
 90 335 05 51 30   0.225  -2.531   1.807   3.254
 90 335 05 52 30   0.557  -2.532   2.034   3.299
 90 335 05 53 30   0.411  -2.458   2.062   3.241
 90 335 05 54 30   0.193  -2.582   1.879   3.205
 90 335 05 55 30  -0.026  -2.691   1.689   3.179
 90 335 05 56 30  -0.205  -2.631   1.598   3.114
 90 335 05 57 30   0.434  -2.506   2.006   3.246
 90 335 05 58 30   0.155  -2.721   1.793   3.285
 90 335 05 59 30   0.220  -2.832   1.621   3.284
 90 335 06 00 30   0.544  -2.766   1.639   3.291
 90 335 06 01 30   0.448  -2.529   2.021   3.291
 90 335 06 02 30   0.322  -2.534   2.048   3.295
 90 335 06 03 30   0.457  -2.846   1.703   3.357
 90 335 06 04 30   0.350  -3.027   1.425   3.371
 90 335 06 05 30   0.351  -2.668   1.892   3.305
 90 335 06 06 30   0.299  -2.786   1.735   3.306
 90 335 06 07 30   0.188  -2.359   2.276   3.329
 90 335 06 08 30   0.150  -2.190   2.572   3.397
 90 335 06 09 30   0.109  -2.512   2.334   3.435
 90 335 06 10 30   0.229  -2.727   2.168   3.494
 90 335 06 11 30   0.298  -2.659   2.273   3.512
 90 335 06 12 30   0.049  -2.463   2.435   3.472
 90 335 06 13 30  -0.027  -2.509   2.398   3.474
 90 335 06 14 30  -0.126  -2.606   2.284   3.468
 90 335 06 15 30  -0.146  -2.691   2.237   3.503
 90 335 06 16 30  -0.130  -2.680   2.311   3.543
 90 335 06 17 30  -0.140  -2.850   2.131   3.563
 90 335 06 18 30  -0.175  -2.878   2.117   3.584
 90 335 06 19 30  -0.053  -2.785   2.240   3.585
 90 335 06 20 30   0.090  -2.867   2.163   3.595
 90 335 06 21 30  -0.087  -2.875   2.125   3.583
 90 335 06 22 30  -0.230  -2.944   1.995   3.565
 90 335 06 23 30  -0.245  -2.994   1.927   3.572
 90 335 06 24 30  -0.226  -2.818   2.221   3.596
 90 335 06 25 30  -0.250  -2.895   2.206   3.651
 90 335 06 26 30  -0.041  -2.819   2.333   3.663
 90 335 06 27 30   0.066  -2.800   2.333   3.648
 90 335 06 28 30   0.174  -2.877   2.259   3.665
 90 335 06 29 30   0.376  -2.752   2.458   3.711
 90 335 06 30 30   0.352  -2.778   2.345   3.655
 90 335 06 31 30   0.556  -2.505   2.614   3.681
 90 335 06 32 30   0.608  -2.520   2.639   3.700
 90 335 06 33 30   0.678  -2.552   2.609   3.715
 90 335 06 34 30   0.740  -2.588   2.554   3.713
 90 335 06 35 30   0.463  -2.800   2.423   3.742
 90 335 06 36 30   0.476  -2.690   2.620   3.793
 90 335 06 37 30   0.492  -2.878   2.443   3.808
 90 335 06 38 30   0.420  -3.015   2.385   3.871
 90 335 06 39 30   0.466  -3.023   2.328   3.850
 90 335 06 40 30   0.345  -3.243   2.123   3.896
 90 335 06 41 30   0.218  -2.971   2.473   3.877
 90 335 06 42 30   0.156  -2.930   2.486   3.848
 90 335 06 43 30   0.115  -2.935   2.477   3.844
 90 335 06 44 30   0.142  -2.964   2.485   3.873
 90 335 06 45 30   0.421  -3.080   2.392   3.924
 90 335 06 46 30   0.299  -3.237   2.298   3.983
 90 335 06 47 30   0.344  -3.142   2.357   3.963
 90 335 06 48 30   0.705  -2.785   2.674   3.927
 90 335 06 49 30   0.678  -2.722   2.766   3.941
 90 335 06 50 30   0.586  -2.732   2.654   3.864
 90 335 06 51 30   0.237  -2.893   2.562   3.908
 90 335 06 52 30   0.926  -2.952   2.395   3.930
 90 335 06 53 30   0.729  -2.944   2.410   3.903
 90 335 06 54 30  -0.001  -3.025   2.429   3.884
 90 335 06 55 30  -0.072  -3.112   2.376   3.924
 90 335 06 56 30   0.003  -3.114   2.368   3.916
 90 335 06 57 30  -0.183  -3.153   2.292   3.904
 90 335 06 58 30  -0.279  -3.261   2.107   3.899
 90 335 06 59 30  -0.846  -3.069   2.117   3.831
 90 335 07 00 30  -0.631  -3.020   2.277   3.837
 90 335 07 01 30   0.249  -2.801   2.582   3.844
 90 335 07 02 30   0.560  -2.889   2.464   3.843
 90 335 07 03 30   0.630  -2.839   2.474   3.822
 90 335 07 04 30   0.314  -2.975   2.407   3.842
 90 335 07 05 30   0.625  -2.895   2.395   3.813
 90 335 07 06 30   0.720  -2.981   2.324   3.849
 90 335 07 07 30   1.745  -2.397   2.703   4.033
 90 335 07 08 30   2.026  -2.284   2.726   4.094
 90 335 07 09 30   2.027  -2.093   2.866   4.088
 90 335 07 10 30   2.066  -2.061   2.916   4.127
 90 335 07 11 30   1.985  -2.080   2.924   4.103
 90 335 07 12 30   1.699  -2.143   3.017   4.081
 90 335 07 13 30   1.570  -2.136   2.963   3.983
 90 335 07 14 30   1.758  -2.128   2.873   3.988
 90 335 07 15 30   1.756  -2.312   2.789   4.030
 90 335 07 16 30   1.588  -2.358   2.907   4.071
 90 335 07 17 30   1.566  -2.249   3.038   4.093
 90 335 07 18 30   1.480  -2.374   3.030   4.126
 90 335 07 19 30   1.424  -2.402   3.021   4.116
 90 335 07 20 30   1.515  -2.291   3.059   4.113
 90 335 07 21 30   1.464  -2.381   3.019   4.117
 90 335 07 22 30   1.236  -2.367   3.139   4.124
 90 335 07 23 30   1.501  -2.342   2.951   4.067
 90 335 07 24 30   1.726  -2.190   2.931   4.051
 90 335 07 25 30   1.939  -2.017   2.806   3.972
 90 335 07 26 30   1.901  -1.839   2.969   3.978
 90 335 07 27 30   1.666  -1.813   3.110   3.983
 90 335 07 28 30   1.116  -2.527   3.005   4.084
 90 335 07 29 30   1.272  -2.145   3.114   4.021
 90 335 07 30 30   1.401  -1.964   3.248   4.047
 90 335 07 31 30   1.410  -1.890   3.227   4.003
 90 335 07 32 30   1.679  -2.039   3.012   4.014
 90 335 07 33 30   1.562  -1.902   3.204   4.042
 90 335 07 34 30   1.560  -1.949   3.175   4.040
 90 335 07 35 30   1.602  -1.803   3.225   4.029
 90 335 07 36 30   1.595  -1.867   3.173   4.017
 90 335 07 37 30   1.354  -1.938   3.184   4.032
 90 335 07 38 30   0.875  -2.616   2.800   3.932
 90 335 07 39 30   1.007  -2.518   2.835   3.924
 90 335 07 40 30   1.081  -2.381   2.976   3.963
 90 335 07 41 30   1.119  -2.482   2.987   4.043
 90 335 07 42 30   0.980  -2.438   2.991   3.990
 90 335 07 43 30   1.047  -2.402   3.063   4.058
 90 335 07 44 30   1.812  -1.832   3.218   4.126
 90 335 07 45 30   1.714  -1.683   3.225   4.025
 90 335 07 46 30   1.709  -1.747   3.217   4.041
 90 335 07 47 30   1.688  -1.683   3.279   4.055
 90 335 07 48 30   1.449  -1.550   3.206   3.846
 90 335 07 49 30   1.707  -1.620   3.174   3.952
 90 335 07 50 30   1.595  -1.517   3.308   3.977
 90 335 07 51 30   1.883  -1.809   3.217   4.146
 90 335 07 52 30   1.912  -1.794   3.207   4.144
 90 335 07 53 30   1.984  -1.518   3.238   4.101
 90 335 07 54 30   1.962  -1.840   3.158   4.150
 90 335 07 55 30   1.870  -1.676   3.296   4.150
 90 335 07 56 30   1.786  -1.449   3.474   4.168
 90 335 07 57 30   1.806  -1.184   3.529   4.140
 90 335 07 58 30   1.961  -1.190   3.466   4.168
 90 335 07 59 30   2.208  -1.288   3.345   4.215
 90 335 08 00 30   2.004  -1.358   3.460   4.226
 90 335 08 01 30   2.020  -1.420   3.475   4.264
 90 335 08 02 30   2.084  -1.367   3.447   4.255
 90 335 08 03 30   2.006  -1.417   3.429   4.221
 90 335 08 04 30   1.973  -1.413   3.509   4.268
 90 335 08 05 30   1.822  -1.450   3.567   4.263
 90 335 08 06 30   1.819  -1.573   3.529   4.273
 90 335 08 07 30   1.967  -1.483   3.488   4.275
 90 335 08 08 30   1.987  -0.827   3.710   4.294
 90 335 08 09 30   1.835  -1.366   3.582   4.259
 90 335 08 10 30   1.674  -1.471   3.555   4.197
 90 335 08 11 30   1.479  -1.555   3.589   4.184
 90 335 08 12 30   1.418  -1.522   3.648   4.205
 90 335 08 13 30   1.587  -1.259   3.661   4.188
 90 335 08 14 30   1.717  -1.320   3.620   4.221
 90 335 08 15 30   1.859  -1.180   3.595   4.220
 90 335 08 16 30   1.722  -1.294   3.649   4.240
 90 335 08 17 30   1.675  -1.278   3.655   4.221
 90 335 08 18 30   1.600  -1.290   3.698   4.235
 90 335 08 19 30   1.481  -1.336   3.763   4.262
 90 335 08 20 30   1.952  -1.059   3.635   4.270
 90 335 08 21 30   1.950  -0.928   3.669   4.260
 90 335 08 22 30   1.194  -1.255   3.837   4.289
 90 335 08 23 30  -0.301  -1.770   3.864   4.265
 90 335 08 24 30  -0.372  -1.742   3.848   4.242
 90 335 08 25 30  -0.628  -1.725   3.860   4.277
 90 335 08 26 30  -0.718  -1.933   3.800   4.326
 90 335 08 27 30  -0.759  -1.988   3.799   4.361
 90 335 08 28 30  -0.339  -1.760   3.943   4.333
 90 335 08 29 30  -0.186  -1.856   3.832   4.266
 90 335 08 30 30  -0.336  -1.722   3.847   4.233
 90 335 08 31 30  -0.582  -1.716   3.844   4.261
 90 335 08 32 30  -1.105  -1.918   3.663   4.286
 90 335 08 33 30  -0.685  -1.894   3.886   4.380
 90 335 08 34 30   0.654  -1.547   4.019   4.491
 90 335 08 35 30   2.432  -0.940   3.592   4.446
 90 335 08 36 30   2.329  -1.045   3.718   4.515
 90 335 08 37 30   2.095  -1.176   3.846   4.536
 90 335 08 38 30   1.999  -1.054   3.910   4.524
 90 335 08 39 30   2.318  -1.100   3.728   4.528
 90 335 08 40 30   2.131  -0.981   3.865   4.525
 90 335 08 41 30   2.114  -0.907   3.896   4.527
 90 335 08 42 30   2.274  -1.085   3.790   4.555
 90 335 08 43 30   2.205  -0.892   3.888   4.560
 90 335 08 44 30   2.267  -1.091   3.791   4.555
 90 335 08 45 30   2.169  -0.983   3.873   4.549
 90 335 08 46 30   2.173  -0.936   3.863   4.531
 90 335 08 47 30   2.197  -1.001   3.806   4.509
 90 335 08 48 30   2.155  -0.924   3.823   4.486
 90 335 08 49 30   2.282  -0.944   3.747   4.491
 90 335 08 50 30   2.425  -0.918   3.640   4.475
 90 335 08 51 30   2.388  -0.771   3.723   4.493
 90 335 08 52 30   2.461  -0.533   3.719   4.498
 90 335 08 53 30   2.329  -0.283   3.813   4.488
 90 335 08 54 30   2.282  -0.134   3.859   4.487
 90 335 08 55 30   2.195  -0.418   3.863   4.466
 90 335 08 56 30   2.068  -0.366   3.970   4.493
 90 335 08 57 30   2.107  -0.340   3.993   4.530
 90 335 08 58 30   2.045  -0.364   3.973   4.492
 90 335 08 59 30   1.604  -0.591   4.131   4.485
 90 335 09 00 30   2.021  -0.408   3.957   4.470
 90 335 09 01 30   1.932  -0.353   4.126   4.574
 90 335 09 02 30   1.495  -0.790   4.145   4.481
 90 335 09 03 30   1.414  -0.661   3.951   4.251
 90 335 09 04 30   1.368  -0.592   3.911   4.188
 90 335 09 05 30   1.289  -0.753   3.817   4.107
 90 335 09 06 30   1.259  -0.159   3.921   4.130
 90 335 09 07 30   1.342  -0.179   3.927   4.160
 90 335 09 08 30   1.606  -0.179   4.040   4.358
 90 335 09 09 30   1.343  -0.591   4.093   4.371
 90 335 09 10 30   1.335  -1.026   4.052   4.415
 90 335 09 11 30   1.385  -1.126   3.973   4.388
 90 335 09 12 30   2.028  -1.857   3.391   4.533
 90 335 09 13 30   2.162  -1.642   3.708   4.600
 90 335 09 14 30   2.015  -1.089   3.987   4.600
 90 335 09 15 30   2.154  -1.151   3.887   4.594
 90 335 09 16 30   2.315  -0.949   3.847   4.603
 90 335 09 17 30   2.050  -1.808   3.759   4.661
 90 335 09 18 30   1.696  -0.984   4.150   4.630
 90 335 09 19 30   1.450  -0.713   4.342   4.659
 90 335 09 20 30   1.741   0.050   4.376   4.748
 90 335 09 21 30   2.143   1.494   3.979   4.785
 90 335 09 22 30   2.837   1.404   3.582   4.816
 90 335 09 23 30   2.214   2.166   3.632   4.805
 90 335 09 24 30   2.033   2.102   3.795   4.802
 90 335 09 25 30   1.858   2.389   3.717   4.815
 90 335 09 26 30   2.265   2.107   3.747   4.866
 90 335 09 27 30   2.261   2.328   3.618   4.870
 90 335 09 28 30   1.989   2.392   3.677   4.926
 90 335 09 29 30   2.969   1.634   3.655   4.990
 90 335 09 30 30   2.810   1.693   3.753   4.988
 90 335 09 31 30   2.856   1.663   3.721   4.981
 90 335 09 32 30   2.954   1.641   3.651   4.977
 90 335 09 33 30   3.124   1.653   3.537   5.002
 90 335 09 34 30   3.256   1.651   3.399   4.991
 90 335 09 35 30   3.413   1.521   3.278   4.995
 90 335 09 36 30   3.736   1.425   3.055   5.036
 90 335 09 37 30   3.706   1.603   2.961   5.015
 90 335 09 38 30   3.574   1.864   2.886   4.993
 90 335 09 39 30   2.943   2.027   3.539   5.033
 90 335 09 40 30   3.030   2.078   3.446   5.040
 90 335 09 41 30   2.993   1.996   3.524   5.038
 90 335 09 42 30   2.937   2.042   3.530   5.027
 90 335 09 43 30   3.013   1.939   3.509   5.018
 90 335 09 44 30   2.942   2.073   3.511   5.029
 90 335 09 45 30   2.676   2.532   3.517   5.105
 90 335 09 46 30   2.406   3.168   3.358   5.213
 90 335 09 47 30   2.433   3.178   3.335   5.212
 90 335 09 48 30   2.470   3.065   3.398   5.203
 90 335 09 49 30   2.452   3.210   3.257   5.190
 90 335 09 50 30   2.517   3.065   3.279   5.150
 90 335 09 51 30   2.514   2.992   3.281   5.105
 90 335 09 52 30   2.530   3.061   3.193   5.098
 90 335 09 53 30   2.528   3.022   3.193   5.074
 90 335 09 54 30   2.498   3.034   3.197   5.068
 90 335 09 55 30   2.486   3.063   3.189   5.075
 90 335 09 56 30   2.420   3.034   3.281   5.083
 90 335 09 57 30   2.405   3.003   3.309   5.077
 90 335 09 58 30   2.482   2.910   3.336   5.076
 90 335 09 59 30   2.482   2.974   3.258   5.064
 90 335 10 00 30   2.420   3.084   3.149   5.032
 90 335 10 01 30   2.317   2.951   3.202   4.944
 90 335 10 02 30   2.206   2.942   3.310   4.954
 90 335 10 03 30   2.416   3.172   2.956   4.970
 90 335 10 04 30   2.355   2.982   3.181   4.958
 90 335 10 05 30   2.249   2.927   3.329   4.973
 90 335 10 06 30   2.104   2.974   3.368   4.977
 90 335 10 07 30   2.036   3.306   2.953   4.885
 90 335 10 08 30   2.573   3.206   2.530   4.844
 90 335 10 09 30   3.229   2.110   2.630   4.724
 90 335 10 10 30   3.187   1.876   2.928   4.736
 90 335 10 11 30   2.412   2.093   3.310   4.607
 90 335 10 12 30   1.914   2.665   3.130   4.564
 90 335 10 13 30   2.189   2.464   3.199   4.602
 90 335 10 14 30   1.748   2.594   3.207   4.494
 90 335 10 15 30   1.958   2.400   3.281   4.528
 90 335 10 16 30   1.680   2.913   2.971   4.495
 90 335 10 17 30   1.450   3.011   3.022   4.514
 90 335 10 18 30   1.340   2.629   3.312   4.451
 90 335 10 19 30   1.418   2.561   3.523   4.620
 90 335 10 20 30   1.842   3.071   2.853   4.613
 90 335 10 21 30   1.865   3.433   2.640   4.726
 90 335 10 22 30   1.884   3.613   2.479   4.773
 90 335 10 23 30   1.783   3.726   2.393   4.782
 90 335 10 24 30   1.831   3.212   2.900   4.745
 90 335 10 25 30   1.656   2.754   3.058   4.711
 90 335 10 26 30   1.206   3.444   2.825   4.642
 90 335 10 27 30   1.191   3.594   2.725   4.672
 90 335 10 28 30   1.303   3.637   2.641   4.685
 90 335 10 29 30   1.597   3.428   2.551   4.566
 90 335 10 30 30   1.530   3.321   2.724   4.563
 90 335 10 31 30   1.639   3.355   2.555   4.528
 90 335 10 32 30   1.473   3.477   2.455   4.509
 90 335 10 33 30   1.240   3.701   2.280   4.527
 90 335 10 34 30   1.812   2.929   2.548   4.500
 90 335 10 35 30   2.512   1.677   3.223   4.419
 90 335 10 36 30   2.449   1.533   3.341   4.419
 90 335 10 37 30   2.415   1.638   3.337   4.434
 90 335 10 38 30   2.265   1.761   3.420   4.472
 90 335 10 39 30   2.261   2.013   3.385   4.542
 90 335 10 40 30   2.300   1.450   3.414   4.370
 90 335 10 41 30   2.347   1.078   3.507   4.357
 90 335 10 42 30   2.043   1.769   3.189   4.198
 90 335 10 43 30   1.888   2.350   3.013   4.269
 90 335 10 44 30   1.642   2.603   2.872   4.230
 90 335 10 45 30   1.681   3.351   2.059   4.295
 90 335 10 46 30   1.610   3.476   2.054   4.351
 90 335 10 47 30   1.593   3.481   1.969   4.307
 90 335 10 48 30   1.615   3.693   1.618   4.348
 90 335 10 49 30   1.349   3.552   2.056   4.326
 90 335 10 50 30   1.269   3.541   2.230   4.375
 90 335 10 51 30   1.371   3.442   2.169   4.301
 90 335 10 52 30   1.354   3.560   1.975   4.299
 90 335 10 53 30   1.224   3.680   2.095   4.411
 90 335 10 54 30   1.372   3.796   1.965   4.493
 90 335 10 55 30   1.403   3.807   1.898   4.483
 90 335 10 56 30   1.467   3.663   2.009   4.440
 90 335 10 57 30   1.342   3.878   1.714   4.449
 90 335 10 58 30   1.104   4.014   1.356   4.403
 90 335 10 59 30   1.140   3.934   1.233   4.282
 90 335 11 00 30   1.387   3.870   1.222   4.298
 90 335 11 01 30   1.431   4.101   0.820   4.429
 90 335 11 02 30   1.762   4.016   0.861   4.484
 90 335 11 03 30   1.730   4.058   0.815   4.491
 90 335 11 04 30   1.625   4.022   1.114   4.494
 90 335 11 05 30   1.494   3.999   1.420   4.507
 90 335 11 06 30   1.160   3.885   2.010   4.529
 90 335 11 07 30   0.866   3.714   2.096   4.380
 90 335 11 08 30   0.803   3.794   1.929   4.339
 90 335 11 09 30   1.048   4.120   1.491   4.519
 90 335 11 10 30   1.137   4.248   1.010   4.515
 90 335 11 11 30   1.007   4.249   0.954   4.476
 90 335 11 12 30   0.932   4.256   1.038   4.483
 90 335 11 13 30   1.052   4.288   0.823   4.493
 90 335 11 14 30   1.005   4.334   0.638   4.497
 90 335 11 15 30   0.976   4.393   0.719   4.560
 90 335 11 16 30   0.854   4.484   0.633   4.613
 90 335 11 17 30   0.879   4.536   0.636   4.667
 90 335 11 18 30   0.752   4.611   0.278   4.683
 90 335 11 19 30   0.670   4.480   0.657   4.583
 90 335 11 20 30   0.588   4.472   0.536   4.545
 90 335 11 21 30   0.576   4.499  -0.114   4.541
 90 335 11 22 30   0.448   4.610   0.170   4.638
 90 335 11 23 30   0.418   4.605  -0.003   4.626
 90 335 11 24 30   0.379   4.576   0.022   4.593
 90 335 11 25 30   0.318   4.586  -0.076   4.599
 90 335 11 26 30   0.306   4.600  -0.013   4.613
 90 335 11 27 30   0.317   4.602   0.100   4.617
 90 335 11 28 30   0.116   4.617  -0.177   4.624
 90 335 11 29 30   0.107   4.645  -0.157   4.651
 90 335 11 30 30   0.107   4.650  -0.323   4.664
 90 335 11 31 30   0.032   4.667  -0.435   4.689
 90 335 11 32 30   0.027   4.626  -0.504   4.656
 90 335 11 33 30   0.246   4.565  -0.526   4.607
 90 335 11 34 30   0.189   4.565  -0.713   4.626
 90 335 11 35 30  -0.105   4.646  -0.583   4.688
 90 335 11 36 30  -0.036   4.587  -0.793   4.659
 90 335 11 37 30   0.011   4.584  -0.768   4.652
 90 335 11 38 30   0.005   4.472  -1.076   4.617
 90 335 11 39 30  -0.355   4.600  -0.400   4.632
 90 335 11 40 30  -0.416   4.539  -0.479   4.585
 90 335 11 41 30  -0.506   4.510  -0.919   4.638
 90 335 11 42 30  -0.436   4.596  -0.788   4.687
 90 335 11 43 30  -0.575   4.545  -0.896   4.671
 90 335 11 44 30  -0.480   4.451  -0.916   4.573
 90 335 11 45 30  -0.433   3.935  -1.916   4.462
 90 335 11 46 30  -0.545   3.447  -2.873   4.530
 90 335 11 47 30  -0.509   3.026  -3.212   4.449
 90 335 11 48 30  -0.544   2.795  -3.311   4.379
 90 335 11 49 30  -0.471   2.732  -3.246   4.284
 90 335 11 50 30  -0.535   3.088  -3.059   4.382
 90 335 11 51 30  -0.469   3.056  -3.115   4.390
 90 335 11 52 30  -0.601   2.966  -3.184   4.394
 90 335 11 53 30  -0.560   2.926  -3.206   4.379
 90 335 11 54 30  -0.696   2.650  -3.316   4.304
 90 335 11 55 30  -0.736   2.774  -3.049   4.240
 90 335 11 56 30  -0.326   3.412  -2.037   4.008
 90 335 11 57 30  -0.548   3.182  -2.495   4.105
 90 335 11 58 30  -0.806   3.043  -2.734   4.173
 90 335 11 59 30  -0.767   3.205  -2.550   4.175
 90 335 12 00 30  -0.868   3.427  -2.204   4.168
 90 335 12 01 30  -1.113   3.307  -2.643   4.380
 90 335 12 02 30  -1.196   3.205  -2.865   4.464
 90 335 12 03 30  -1.131   3.165  -2.919   4.453
 90 335 12 04 30  -1.068   3.030  -3.024   4.413
 90 335 12 05 30  -1.133   3.087  -2.979   4.439
 90 335 12 06 30  -1.042   2.878  -3.206   4.437
 90 335 12 07 30  -1.052   2.691  -3.362   4.434
 90 335 12 08 30  -1.184   2.614  -3.371   4.430
 90 335 12 09 30  -1.093   2.274  -3.399   4.239
 90 335 12 10 30  -1.003   1.948  -3.482   4.117
 90 335 12 11 30  -1.179   2.080  -3.414   4.172
 90 335 12 12 30  -1.227   1.939  -3.290   4.022
 90 335 12 13 30  -1.107   1.695  -3.398   3.961
 90 335 12 14 30  -1.098   1.657  -3.404   3.949
 90 335 12 15 30  -1.007   1.906  -3.161   3.839
 90 335 12 16 30  -1.465   1.048  -3.479   3.924
 90 335 12 17 30  -1.250   0.981  -3.283   3.672
 90 335 12 18 30  -0.940   0.880  -2.917   3.205
 90 335 12 19 30  -1.044   1.083  -3.225   3.562
 90 335 12 20 30  -1.089   1.321  -3.061   3.517
 90 335 12 21 30  -0.772   1.401  -2.739   3.183
 90 335 12 22 30  -0.583   1.845  -2.467   3.156
 90 335 12 23 30  -0.421   2.362  -2.067   3.273
 90 335 12 24 30   0.029   1.957  -1.077   2.666
 90 335 12 25 30   0.922   0.373   2.202   2.490
 90 335 12 26 30   0.938   0.041   2.593   2.764
 90 335 12 27 30   0.810   0.434   2.758   2.911
 90 335 12 28 30   0.908   0.365   2.750   2.920
 90 335 12 29 30   0.953   0.405   2.707   2.900
 90 335 12 30 30   1.027   0.168   2.820   3.018
 90 335 12 31 30   1.061  -0.816   2.571   2.919
 90 335 12 32 30   0.879  -1.012   2.705   3.024
 90 335 12 33 30   0.959  -1.049   2.651   3.012
 90 335 12 34 30   1.240  -0.738   2.596   2.991
 90 335 12 35 30   1.101  -0.795   2.681   3.023
 90 335 12 36 30   1.144   0.133   2.851   3.089
 90 335 12 37 30   0.913   0.139   2.936   3.141
 90 335 12 38 30   1.373  -0.941   2.632   3.198
 90 335 12 39 30   1.195  -0.551   2.945   3.231
 90 335 12 40 30   1.233  -0.270   2.828   3.103
 90 335 12 41 30   1.188  -0.109   2.611   2.880
 90 335 12 42 30   1.239   0.475   2.523   2.864
 90 335 12 43 30   1.217   0.526   2.723   3.035
 90 335 12 44 30   1.154   0.621   2.886   3.173
 90 335 12 45 30   1.124   0.781   2.767   3.109
 90 335 12 46 30  -0.243   2.645   1.354   3.065
 90 335 12 47 30  -0.861   3.007  -0.892   3.395
 90 335 12 48 30  -1.093   2.714  -1.780   3.489
 90 335 12 49 30  -1.063   3.008  -1.809   3.714
 90 335 12 50 30  -1.248   3.381  -1.638   3.974
 90 335 12 51 30  -1.173   3.598  -1.191   3.988
 90 335 12 52 30  -1.121   3.649  -1.448   4.105
 90 335 12 53 30  -1.517   3.280  -2.123   4.196
 90 335 12 54 30  -1.530   3.348  -2.002   4.194
 90 335 12 55 30  -1.688   3.111  -2.217   4.180
 90 335 12 56 30  -1.838   2.675  -2.627   4.193
 90 335 12 57 30  -1.229   3.543  -1.467   4.105
 90 335 12 58 30  -0.469   4.084   0.116   4.149
 90 335 12 59 30  -0.264   4.107   0.443   4.143
 90 335 13 00 30   0.002   4.057   0.732   4.135
 90 335 13 01 30  -0.067   4.026   0.717   4.092
 90 335 13 02 30   0.079   3.971   0.907   4.078
 90 335 13 03 30   0.146   3.840   1.233   4.040
 90 335 13 04 30   0.293   3.754   1.446   4.037
 90 335 13 05 30   0.482   3.569   1.656   3.993
 90 335 13 06 30  -0.313   3.996   1.006   4.138
 90 335 13 07 30  -0.083   4.074   1.074   4.228
 90 335 13 08 30  -0.148   4.098   0.959   4.220
 90 335 13 09 30  -0.402   3.957   0.832   4.072
 90 335 13 10 30  -0.736   3.942   0.646   4.066
 90 335 13 11 30  -0.434   3.938   0.758   4.037
 90 335 13 12 30  -0.444   3.972   0.580   4.043
 90 335 13 13 30  -0.407   4.040   0.423   4.086
 90 335 13 14 30  -0.700   3.892   0.028   3.968
 90 335 13 15 30  -1.144   3.850  -0.798   4.104
 90 335 13 16 30  -0.823   4.175   0.280   4.305
 90 335 13 17 30  -0.263   4.233   1.273   4.443
 90 335 13 18 30  -0.083   4.212   1.316   4.445
 90 335 13 19 30  -0.065   4.353   1.174   4.512
 90 335 13 20 30   0.087   4.268   1.278   4.460
 90 335 13 21 30   0.115   4.216   1.396   4.446
 90 335 13 22 30   0.155   4.207   1.412   4.444
 90 335 13 23 30   0.113   4.166   1.438   4.420
 90 335 13 24 30  -0.136   4.148   1.526   4.427
 90 335 13 25 30  -0.345   4.168   1.456   4.456
 90 335 13 26 30  -0.403   4.117   1.641   4.454
 90 335 13 27 30  -0.109   4.121   1.569   4.413
 90 335 13 28 30  -0.422   4.114   1.450   4.393
 90 335 13 29 30  -0.144   4.083   1.503   4.368
 90 335 13 30 30  -0.208   4.052   1.510   4.358
 90 335 13 31 30  -0.189   4.053   1.420   4.315
 90 335 13 32 30  -0.335   3.949   1.615   4.323
 90 335 13 33 30   0.315   4.119   1.030   4.266
 90 335 13 34 30   0.042   4.130   1.116   4.285
 90 335 13 35 30  -0.031   4.206   0.903   4.307
 90 335 13 36 30   0.049   4.163   0.854   4.255
 90 335 13 37 30  -0.330   4.079   0.607   4.170
 90 335 13 38 30  -0.182   4.089   0.959   4.226
 90 335 13 39 30   0.002   3.986   1.492   4.268
 90 335 13 40 30  -0.026   4.064   1.524   4.351
 90 335 13 41 30  -0.054   3.995   1.737   4.374
 90 335 13 42 30  -0.690   3.241   2.419   4.314
 90 335 13 43 30  -1.454   2.599   2.822   4.159
 90 335 13 44 30  -1.535   2.231   2.745   3.983
 90 335 13 45 30  -0.451   3.420   1.418   3.771
 90 335 13 46 30  -0.391   3.075   1.942   3.752
 90 335 13 47 30  -0.825   2.049   2.991   3.768
 90 335 13 48 30  -0.815   2.151   2.979   3.772
 90 335 13 49 30  -0.808   1.621   3.387   3.855
 90 335 13 50 30  -1.033   1.071   3.437   3.865
 90 335 13 51 30  -0.236   0.149   3.751   3.871
 90 335 13 52 30  -0.986   0.459   3.589   3.780
 90 335 13 53 30  -0.994  -0.554   3.423   3.644
 90 335 13 54 30  -1.680  -0.002   3.231   3.661
 90 335 13 55 30  -1.812  -0.304   3.191   3.705
 90 335 13 56 30  -1.088   0.270   3.418   3.627
 90 335 13 57 30  -1.249  -0.732   3.312   3.639
 90 335 13 58 30  -1.371  -1.209   2.739   3.367
 90 335 13 59 30  -1.415  -0.759   3.159   3.575
 90 335 14 00 30  -1.280  -0.686   3.196   3.537
 90 335 14 01 30  -0.967  -0.906   3.228   3.512
 90 335 14 02 30  -0.861  -1.844   2.961   3.623
 90 335 14 03 30  -0.882  -1.776   2.705   3.546
 90 335 14 04 30  -2.056  -2.845   0.761   3.621
 90 335 14 05 30  -1.887  -2.678   1.054   3.596
 90 335 14 06 30  -1.996  -2.715   1.098   3.596
 90 335 14 07 30  -3.014  -1.936   0.400   3.642
 90 335 14 08 30  -2.948  -1.746  -0.859   3.659
 90 335 14 09 30  -3.186  -1.448  -1.055   3.703
 90 335 14 10 30  -2.415  -2.199  -0.677   3.792
 90 335 14 11 30  -0.083  -3.202   1.229   3.587
 90 335 14 12 30   0.508  -2.589   2.046   3.557
 90 335 14 13 30   0.935  -3.020   1.197   3.501
 90 335 14 14 30   0.105  -3.188   0.754   3.503
 90 335 14 15 30  -1.471  -2.732  -1.863   3.644
 90 335 14 16 30  -0.560  -3.353  -0.890   3.693
 90 335 14 17 30  -0.783  -3.457  -0.821   3.678
 90 335 14 18 30  -1.110  -3.217  -1.167   3.642
 90 335 14 19 30  -1.392  -3.145  -0.503   3.541
 90 335 14 20 30  -1.464  -3.010   1.549   3.759
 90 335 14 21 30  -1.266  -3.173   1.562   3.789
 90 335 14 22 30  -1.606  -2.817   1.987   3.824
 90 335 14 23 30  -0.792  -1.043   3.523   3.829
 90 335 14 24 30  -0.669  -0.532   3.700   3.810
 90 335 14 25 30  -1.150  -0.491   3.579   3.799
 90 335 14 26 30  -1.310  -0.205   3.490   3.808
 90 335 14 27 30  -2.075  -0.381   3.153   3.811
 90 335 14 28 30  -2.271  -0.651   2.977   3.810
 90 335 14 29 30  -1.997  -1.022   2.995   3.776
 90 335 14 30 30  -2.328  -0.925   2.320   3.522
 90 335 14 31 30  -2.254  -0.484   2.317   3.293
 90 335 14 32 30  -2.328  -1.343   1.589   3.229
 90 335 14 33 30  -1.144  -2.420   0.547   2.859
 90 335 14 34 30  -1.253  -1.785   1.801   2.930
 90 335 14 35 30  -1.523  -0.870   2.363   3.062
 90 335 14 36 30  -1.488  -1.323   0.987   3.267
 90 335 14 37 30  -1.375  -2.902  -0.711   3.308
 90 335 14 38 30  -1.234  -2.946   0.256   3.251
 90 335 14 39 30  -1.355  -2.752   1.092   3.272
 90 335 14 40 30  -1.394  -2.667  -0.612   3.189
 90 335 14 41 30  -1.646  -2.459  -0.005   3.194
 90 335 14 42 30  -1.734  -2.620   0.499   3.224
 90 335 14 43 30  -1.932  -2.389   0.778   3.195
 90 335 14 44 30  -2.080  -2.299   0.603   3.195
 90 335 14 45 30  -2.145  -2.191   0.888   3.198
 90 335 14 46 30  -2.161  -1.758   1.309   3.097
 90 335 14 47 30  -2.191  -0.940   1.862   3.052
 90 335 14 48 30  -2.035  -1.341   1.724   3.054
 90 335 14 49 30  -1.777  -1.790   1.777   3.108
 90 335 14 50 30  -1.844  -1.571   1.899   3.082
 90 335 14 51 30  -1.807  -1.285   2.147   3.099
 90 335 14 52 30  -1.779  -1.112   2.589   3.335
 90 335 14 53 30  -1.718  -1.007   2.614   3.297
 90 335 14 54 30  -1.907  -1.377   2.354   3.333
 90 335 14 55 30  -1.162  -0.833   2.803   3.182
 90 335 14 56 30  -1.257  -0.684   2.897   3.267
 90 335 14 57 30  -2.242  -1.167   2.355   3.466
 90 335 14 58 30  -2.182  -1.001   2.510   3.483
 90 335 14 59 30  -2.329  -0.998   2.246   3.424
 90 335 15 00 30  -2.342  -0.878   2.331   3.435
 90 335 15 01 30  -1.721  -1.654   2.240   3.290
 90 335 15 02 30  -1.951  -1.818   1.958   3.321
 90 335 15 03 30  -1.829  -1.688   2.069   3.239
 90 335 15 04 30  -1.668  -1.507   1.808   2.887
 90 335 15 05 30  -1.678  -1.710   1.924   3.112
 90 335 15 06 30  -0.870  -1.808   2.790   3.442
 90 335 15 07 30  -0.680  -2.011   2.945   3.642
 90 335 15 08 30  -0.820  -1.828   3.058   3.664
 90 335 15 09 30  -0.650  -1.511   3.393   3.779
 90 335 15 10 30  -0.345  -1.298   3.510   3.776
 90 335 15 11 30  -0.230  -0.957   3.624   3.767
 90 335 15 12 30  -0.162  -0.824   3.658   3.757
 90 335 15 13 30  -0.318  -0.618   3.699   3.788
 90 335 15 14 30  -0.271  -0.581   3.729   3.797
 90 335 15 15 30  -0.230  -0.870   3.678   3.807
 90 335 15 16 30   0.738  -1.211   3.502   3.784
 90 335 15 17 30   0.643  -0.985   3.599   3.800
 90 335 15 18 30   0.617  -0.593   3.717   3.829
 90 335 15 19 30   0.643  -0.250   3.718   3.809
 90 335 15 20 30  -2.380  -1.373   2.191   3.677
 90 335 15 21 30  -2.843  -1.218   1.859   3.641
 90 335 15 22 30  -2.921  -0.772   1.905   3.614
 90 335 15 23 30  -1.633  -0.972   2.449   3.505
 90 335 15 24 30  -0.764   1.022   2.702   3.540
 90 335 15 25 30  -1.964  -1.976   1.769   3.488
 90 335 15 26 30  -1.430  -1.193   2.942   3.541
 90 335 15 27 30  -1.551  -1.472   2.911   3.630
 90 335 15 28 30  -2.130  -1.634   2.233   3.532
 90 335 15 29 30  -1.870  -1.310   2.540   3.494
 90 335 15 30 30  -1.686  -1.814   2.280   3.496
 90 335 15 31 30  -1.466  -1.111   2.921   3.558
 90 335 15 32 30  -0.641  -1.358   3.161   3.592
 90 335 15 33 30  -0.470  -0.085   3.500   3.592
 90 335 15 34 30  -0.941  -0.342   3.419   3.598
 90 335 15 35 30  -1.309  -1.489   3.047   3.755
 90 335 15 36 30  -1.211  -1.913   2.618   3.517
 90 335 15 37 30  -0.888  -1.647   2.844   3.433
 90 335 15 38 30  -1.251  -1.461   2.883   3.515
 90 335 15 39 30  -1.150  -1.469   3.032   3.607
 90 335 15 40 30  -1.780  -1.909   2.074   3.427
 90 335 15 41 30  -1.804  -2.376   1.621   3.455
 90 335 15 42 30  -2.826  -1.555   0.528   3.459
 90 335 15 43 30  -2.753  -1.792   0.348   3.421
 90 335 15 44 30  -1.925  -2.277   1.343   3.492
 90 335 15 45 30  -2.299  -2.104   2.120   3.795
 90 335 15 46 30  -1.554  -3.321   0.292   3.868
 90 335 15 47 30  -1.525  -3.558   0.011   3.907
 90 335 15 48 30  -1.643  -2.620   2.166   3.945
 90 335 15 49 30  -0.291  -3.567   1.453   4.015
 90 335 15 50 30   0.497  -3.320   2.024   3.959
 90 335 15 51 30   1.681  -2.245   2.735   3.978
 90 335 15 52 30  -1.033  -2.770   1.862   4.023
 90 335 15 53 30  -1.587  -3.392  -1.639   4.138
 90 335 15 54 30  -1.638  -3.703  -0.924   4.200
 90 335 15 55 30  -2.248  -3.575  -0.024   4.292
 90 335 15 56 30  -2.786  -2.888   1.305   4.236
 90 335 15 57 30  -2.959  -2.868   1.024   4.254
 90 335 15 58 30  -2.627  -2.863   1.659   4.275
 90 335 15 59 30  -2.241  -2.664   2.388   4.239
 90 335 16 00 30  -1.785  -2.703   2.744   4.277
 90 335 16 01 30  -2.211  -2.333   2.777   4.255
 90 335 16 02 30  -2.123  -2.692   2.549   4.293
 90 335 16 03 30  -2.391  -2.159   2.745   4.333
 90 335 16 04 30  -2.861  -2.277   2.144   4.304
 90 335 16 05 30  -3.106  -2.154   2.008   4.388
 90 335 16 06 30  -3.087  -1.223   2.888   4.450
 90 335 16 07 30  -2.938  -1.448   2.989   4.448
 90 335 16 08 30  -3.015  -1.352   2.906   4.435
 90 335 16 09 30  -2.791  -2.101   2.712   4.481
 90 335 16 10 30  -2.926  -2.873   1.806   4.528
 90 335 16 11 30  -2.860  -1.489   3.128   4.656
 90 335 16 12 30  -2.152  -0.017   4.185   4.731
 90 335 16 13 30  -1.871   0.190   4.289   4.700
 90 335 16 14 30  -1.841  -0.183   4.276   4.672
 90 335 16 15 30  -1.718   0.160   4.350   4.694
 90 335 16 16 30  -1.594   0.436   4.445   4.778
 90 335 16 17 30  -1.605   0.437   4.365   4.686
 90 335 16 18 30  -1.158   0.447   4.584   4.761
 90 335 16 19 30  -1.168   0.795   4.509   4.733
 90 335 16 20 30  -1.600   0.691   4.411   4.798
 90 335 16 21 30  -1.725   0.831   4.441   4.857
 90 335 16 22 30  -1.827   0.514   4.399   4.805
 90 335 16 23 30  -1.959   0.634   4.426   4.898
 90 335 16 24 30  -2.085   0.248   4.432   4.914
 90 335 16 25 30  -2.471   0.888   4.089   4.909
 90 335 16 26 30  -2.574   1.048   3.919   4.865
 90 335 16 27 30  -1.371  -1.229   4.466   4.901
 90 335 16 28 30  -2.127   0.185   4.395   5.223
 90 335 16 29 30  -2.894   3.940   2.034   5.333
 90 335 16 30 30  -3.348   2.729   2.651   5.108
 90 335 16 31 30  -3.123   3.120   2.451   5.122
 90 335 16 32 30  -2.778   5.360   1.042   6.131
 90 335 16 33 30  -2.687   5.412   0.794   6.095
 90 335 16 34 30  -2.648   5.399   0.709   6.056
 90 335 16 35 30  -2.673   5.317   0.629   5.985
 90 335 16 36 30  -2.629   5.280   0.562   5.928
 90 335 16 37 30  -2.480   5.273   0.831   5.888
 90 335 16 38 30  -2.446   5.332   0.685   5.908
 90 335 16 39 30  -2.330   5.355   0.852   5.904
 90 335 16 40 30  -2.127   5.366   0.891   5.844
 90 335 16 41 30  -1.989   5.309   0.939   5.758
 90 335 16 42 30  -1.792   5.273   0.575   5.606
 90 335 16 43 30  -1.784   5.154   1.039   5.560
 90 335 16 44 30  -1.835   4.855   1.303   5.368
 90 335 16 45 30  -1.990   4.760   0.656   5.211
 90 335 16 46 30  -1.876   4.923   0.381   5.297
 90 335 16 47 30  -1.581   4.966   0.704   5.283
 90 335 16 48 30  -1.950   4.729   1.338   5.295
 90 335 16 49 30  -1.783   3.859   1.290   4.456
 90 335 16 50 30  -2.031   3.842   0.580   4.477
 90 335 16 51 30  -2.381   4.797   0.187   5.369
 90 335 16 52 30  -2.061   4.201   0.704   4.778
 90 335 16 53 30  -0.869   3.437  -1.343   3.848
 90 335 16 54 30  -0.996   2.291   3.474   4.414
 90 335 16 55 30  -0.927   2.183   3.790   4.477
 90 335 16 56 30  -0.998   2.515   3.660   4.556
 90 335 16 57 30  -1.052   2.584   3.663   4.614
 90 335 16 58 30  -0.947   3.107   3.293   4.628
 90 335 16 59 30  -0.858   3.239   3.217   4.649
 90 335 17 00 30  -0.841   3.287   2.959   4.520
 90 335 17 01 30  -1.036   3.564   3.069   4.820
 90 335 17 02 30  -0.856   3.793   2.712   4.764
 90 335 17 03 30  -0.823   4.049   2.396   4.789
 90 335 17 04 30  -1.040   4.132   2.148   4.791
 90 335 17 05 30  -0.444   3.912   2.209   4.526
 90 335 17 06 30  -0.007   4.174   1.713   4.550
 90 335 17 07 30   0.046   4.075   1.955   4.527
 90 335 17 08 30  -0.127   4.086   1.740   4.457
 90 335 17 09 30  -0.011   4.045   1.657   4.401
 90 335 17 10 30   1.225   3.668   2.055   4.449
 90 335 17 11 30  -0.172   3.940   2.143   4.543
 90 335 17 12 30  -0.798   3.852   2.130   4.482
 90 335 17 13 30  -0.113   3.202   2.844   4.350
 90 335 17 14 30  -1.484   3.434   2.436   4.495
 90 335 17 15 30  -1.400   3.364   2.567   4.475
 90 335 17 16 30  -1.665   3.586   2.064   4.470
 90 335 17 17 30  -1.283   3.293   1.883   4.273
 90 335 17 18 30   0.030   1.980   3.250   3.900
 90 335 17 19 30  -0.903   3.489   2.199   4.279
 90 335 17 20 30  -0.399   3.545   2.016   4.157
 90 335 17 21 30  -0.141   3.335   2.479   4.161
 90 335 17 22 30  -0.082   2.916   2.514   3.855
 90 335 17 23 30  -0.085   3.358   2.434   4.159
 90 335 17 24 30   0.098   3.431   2.504   4.263
 90 335 17 25 30  -1.297   5.086   0.246   5.278
 90 335 17 26 30  -1.388   5.071   0.429   5.287
 90 335 17 27 30  -1.342   5.023   0.706   5.276
 90 335 17 28 30  -1.162   5.077   0.710   5.269
 90 335 17 29 30  -0.950   4.955   0.162   5.081
 90 335 17 30 30  -0.453   4.863   0.982   5.013
 90 335 17 31 30  -0.819   4.916   0.939   5.081
 90 335 17 32 30  -1.135   4.712  -0.291   4.912
 90 335 17 33 30  -1.568   4.687  -0.397   5.055
 90 335 17 34 30  -1.859   4.845   0.287   5.225
 90 335 17 35 30  -1.539   4.952  -0.253   5.247
 90 335 17 36 30  -1.387   4.286  -1.085   4.704
 90 335 17 37 30  -2.372   4.226   0.077   4.896
 90 335 17 38 30  -1.974   4.293  -0.448   4.775
 90 335 17 39 30  -1.803   4.319  -1.083   4.830
 90 335 17 40 30  -1.537  -0.102   2.501   4.574
 90 335 17 41 30  -1.318  -2.181   3.745   4.605
 90 335 17 42 30  -1.368   0.399   4.197   4.543
 90 335 17 43 30  -1.747   0.794   3.819   4.440
 90 335 17 44 30  -0.918   2.059   3.531   4.393
 90 335 17 45 30  -0.512   3.000   3.163   4.399
 90 335 17 46 30  -0.730   1.974   3.438   4.308
 90 335 17 47 30  -1.805   0.483   3.706   4.448
 90 335 17 48 30  -0.941   2.822   3.670   4.739
 90 335 17 49 30  -0.350   3.479   3.192   4.745
 90 335 17 50 30  -0.482   3.242   3.608   4.882
 90 335 17 51 30  -0.671   3.413   3.462   4.911
 90 335 17 52 30  -0.886   3.485   3.469   5.000
 90 335 17 53 30  -0.487   3.861   2.965   4.907
 90 335 17 54 30  -0.823   3.667   3.020   4.885
 90 335 17 55 30  -0.079   2.605   3.935   4.822
 90 335 17 56 30   0.569   2.474   3.918   4.766
 90 335 17 57 30   0.700   3.154   3.439   4.764
 90 335 17 58 30   0.643   3.420   3.193   4.731
 90 335 17 59 30   0.104   3.778   3.010   4.839
 90 335 18 00 30   0.118   3.782   2.604   4.642
 90 335 18 01 30   0.218   3.639   2.981   4.722
 90 335 18 02 30   0.183   3.823   2.663   4.685
 90 335 18 03 30  -0.009   3.619   2.829   4.649
 90 335 18 04 30  -0.041   3.633   2.785   4.618
 90 335 18 05 30   0.199   3.158   3.746   4.911
 90 335 18 06 30   0.064   3.583   3.440   4.986
 90 335 18 07 30  -0.025   3.283   3.803   5.033
 90 335 18 08 30  -1.101   0.188   3.794   4.434
 90 335 18 09 30  -1.552  -0.126   4.112   4.473
 90 335 18 10 30  -1.042   2.359   3.534   4.565
 90 335 18 11 30  -0.747   3.446   2.817   4.556
 90 335 18 12 30  -0.311   3.363   2.911   4.592
 90 335 18 13 30  -0.384   3.330   3.229   4.679
 90 335 18 14 30   0.252   3.296   3.300   4.719
 90 335 18 15 30   0.644   3.854   2.636   4.726
 90 335 18 16 30   0.662   4.188   1.888   4.699
 90 335 18 17 30   0.914   3.708   2.844   4.801
 90 335 18 18 30   1.128   3.483   2.929   4.699
 90 335 18 19 30   1.084   3.701   2.618   4.667
 90 335 18 20 30   0.957   3.748   2.615   4.681
 90 335 18 21 30   1.622   3.442   2.598   4.621
 90 335 18 22 30   2.176   3.237   2.389   4.601
 90 335 18 23 30   2.525   3.018   2.267   4.563
 90 335 18 24 30   2.378   3.142   2.340   4.596
 90 335 18 25 30   1.797   3.444   2.378   4.573
 90 335 18 26 30   1.409   3.577   2.405   4.560
 90 335 18 27 30   1.327   3.718   2.289   4.579
 90 335 18 28 30   1.548   3.720   1.977   4.520
 90 335 18 29 30   1.278   3.605   2.311   4.508
 90 335 18 30 30   1.349   3.422   2.592   4.516
 90 335 18 31 30   1.014   3.388   2.831   4.544
 90 335 18 32 30   1.178   3.575   2.500   4.536
 90 335 18 33 30   0.642   3.717   2.439   4.518
 90 335 18 34 30   0.683   3.819   2.313   4.531
 90 335 18 35 30   0.416   4.106   2.081   4.632
 90 335 18 36 30   0.302   3.975   2.262   4.587
 90 335 18 37 30   0.465   3.869   2.420   4.597
 90 335 18 38 30   0.494   3.904   2.384   4.605
 90 335 18 39 30   0.562   3.773   2.167   4.413
 90 335 18 40 30  -0.002   2.735   2.939   4.108
 90 335 18 41 30   0.205   3.711   1.654   4.136
 90 335 18 42 30   0.276   3.625   1.973   4.145
 90 335 18 43 30  -0.122   3.708   1.522   4.169
 90 335 18 44 30  -2.490   2.024  -2.349   4.362
 90 335 18 45 30  -2.672   3.189  -0.979   4.362
 90 335 18 46 30  -2.943   2.565  -0.086   4.214
 90 335 18 47 30  -1.916   2.626   1.637   4.033
 90 335 18 48 30  -0.975   2.593   3.471   4.482
 90 335 18 49 30  -0.088   2.839   3.542   4.568
 90 335 18 50 30  -1.216   2.340   3.567   4.583
 90 335 18 51 30  -1.597   2.400   3.595   4.625
 90 335 18 52 30  -1.084   3.014   3.289   4.606
 90 335 18 53 30  -1.011   3.155   3.205   4.616
 90 335 18 54 30  -1.048   3.284   3.078   4.625
 90 335 18 55 30  -0.680   3.589   2.712   4.580
 90 335 18 56 30  -0.934   3.292   2.873   4.479
 90 335 18 57 30  -1.228   2.953   3.061   4.448
 90 335 18 58 30  -1.523   2.984   2.949   4.483
 90 335 18 59 30  -1.238   3.578   2.362   4.483
 90 335 19 00 30  -1.082   3.907   1.946   4.516
 90 335 19 01 30  -1.045   3.958   0.654   4.334
 90 335 19 02 30  -0.821   3.446   0.103   4.317
 90 335 19 03 30  -0.768   3.611   2.799   4.652
 90 335 19 04 30  -0.427   3.068   3.501   4.711
 90 335 19 05 30  -0.990   3.314   2.922   4.554
 90 335 19 06 30  -1.057   3.120   3.421   4.788
 90 335 19 07 30  -2.023   4.089   0.466   4.869
 90 335 19 08 30  -1.683   3.938  -1.508   4.649
 90 335 19 09 30  -1.215   3.590  -1.029   4.415
 90 335 19 10 30  -0.403   4.085   0.120   4.154
 90 335 19 11 30  -0.822   3.856   1.541   4.394
 90 335 19 12 30   0.371   4.044   1.471   4.374
 90 335 19 13 30   0.133   3.210   2.541   4.191
 90 335 19 14 30   0.064   3.311   2.552   4.200
 90 335 19 15 30   0.202   3.045   2.910   4.271
 90 335 19 16 30   0.706   3.093   2.853   4.294
 90 335 19 17 30   0.526   3.009   2.784   4.217
 90 335 19 18 30  -0.564   2.915   2.363   4.002
 90 335 19 19 30  -0.905   2.698   2.078   3.558
 90 335 19 20 30  -0.808   2.209   2.227   3.256
 90 335 19 21 30  -0.416   2.084   1.721   2.775
 90 335 19 22 30  -0.275   1.954   2.495   3.213
 90 335 19 23 30  -0.182   2.044   2.218   3.053
 90 335 19 24 30  -0.645   0.671  -0.195   1.539
 90 335 19 25 30  -2.305  -0.390  -1.761   2.971
 90 335 19 26 30  -3.299  -1.431  -2.516   4.411
 90 335 19 27 30  -3.628  -0.654  -3.415   5.113
 90 335 19 28 30  -4.187   0.078  -3.125   5.296
 90 335 19 29 30  -4.170   0.274  -3.104   5.231
 90 335 19 30 30  -3.973   0.928  -3.285   5.250
 90 335 19 31 30  -3.982   0.710  -3.423   5.306
 90 335 19 32 30  -4.055   1.155  -3.231   5.315
 90 335 19 33 30  -3.709   1.355  -2.914   4.931
 90 335 19 34 30  -3.529   1.725  -2.782   4.829
 90 335 19 35 30  -3.626   2.790  -1.088   4.800
 90 335 19 36 30  -3.550   2.907  -1.298   4.800
 90 335 19 37 30  -3.404   3.124  -1.166   4.773
 90 335 19 38 30  -3.479   2.983  -1.450   4.817
 90 335 19 39 30  -3.656   2.653  -1.715   4.855
 90 335 19 40 30  -3.517   3.039  -1.405   4.860
 90 335 19 41 30  -2.549   3.452   0.101   4.633
 90 335 19 42 30  -1.840   3.472   2.052   4.457
 90 335 19 43 30  -2.477   3.281   1.658   4.471
 90 335 19 44 30  -2.160   3.356   2.107   4.548
 90 335 19 45 30  -1.537   3.813   1.804   4.521
 90 335 19 46 30  -1.147   4.054   0.640   4.302
 90 335 19 47 30  -0.857   3.373   0.813   3.596
 90 335 19 48 30  -1.109   3.068   0.507   3.315
 90 335 19 49 30  -1.217   3.359   0.459   3.604
 90 335 19 50 30  -1.073   3.078   0.456   3.296
 90 335 19 51 30  -1.099   3.543   0.584   3.758
 90 335 19 52 30  -1.234   3.579   0.380   3.828
 90 335 19 53 30  -1.243   3.584   0.220   3.808
 90 335 19 54 30  -1.055   3.802   0.369   3.981
 90 335 19 55 30  -0.705   4.061   0.553   4.175
 90 335 19 56 30  -1.060   3.746  -0.054   3.910
 90 335 19 57 30  -1.950   3.646  -0.665   4.212
 90 335 19 58 30  -2.645   3.420  -0.970   4.444
 90 335 19 59 30  -2.705   3.429  -0.860   4.519
 90 335 20 00 30  -3.250   2.564  -1.832   4.556
 90 335 20 01 30  -3.065   2.877  -1.745   4.576
 90 335 20 02 30  -3.030   3.088  -1.653   4.633
 90 335 20 03 30  -3.037   3.115  -1.390   4.571
 90 335 20 04 30  -3.251   3.096  -1.259   4.664
 90 335 20 05 30  -3.460   2.955  -1.188   4.705
 90 335 20 06 30  -3.462   2.723  -1.462   4.653
 90 335 20 07 30  -3.199   2.645  -1.346   4.369
 90 335 20 08 30  -3.397   2.595  -1.185   4.450
 90 335 20 09 30  -3.364   2.292  -1.397   4.308
 90 335 20 10 30  -3.456   2.577  -1.514   4.596
 90 335 20 11 30  -3.112   3.164  -1.317   4.647
 90 335 20 12 30  -2.580   3.755  -1.141   4.711
 90 335 20 13 30  -3.321   4.221  -0.985   5.480
 90 335 20 14 30  -3.874   4.172  -1.008   5.785
 90 335 20 15 30  -4.087   4.323  -1.009   6.036
 90 335 20 16 30  -4.085   4.396  -1.072   6.098
 90 335 20 17 30  -4.212   4.303  -0.890   6.090
 90 335 20 21 30  -4.771   4.087  -0.840   6.340
 90 335 20 22 30  -4.882   4.061  -0.684   6.391
 90 335 20 23 30  -5.033   3.855  -0.167   6.354
 90 335 20 24 30  -4.834   4.051   0.108   6.313
 90 335 20 25 30  -5.030   4.145   0.016   6.524
 90 335 20 26 30  -5.139   4.073   0.185   6.572
 90 335 20 27 30  -5.091   4.177   0.176   6.617
 90 335 20 28 30  -4.674   4.507  -0.237   6.509
 90 335 20 29 30  -4.872   3.382  -0.127   5.933
 90 335 20 30 30  -5.005   3.438  -0.068   6.075
 90 335 20 31 30  -5.081   3.559  -0.381   6.223
 90 335 20 32 30  -5.261   3.798  -0.113   6.494
 90 335 20 33 30  -5.175   4.143   0.090   6.635
 90 335 20 34 30  -5.120   3.631   0.590   6.311
 90 335 20 35 30  -5.256   3.973   0.774   6.637
 90 335 20 36 30  -5.260   3.966   0.923   6.654
 90 335 20 37 30  -5.180   4.281   0.239   6.749
 90 335 20 38 30  -5.097   3.677   1.032   6.390
 90 335 20 39 30  -4.835   3.159   1.159   5.904
 90 335 20 40 30  -4.266   3.465   1.038   5.641
 90 335 20 41 30  -4.731   3.828   0.794   6.147
 90 335 20 42 30  -4.665   3.788   0.481   6.032
 90 335 20 43 30  -5.269   4.647   0.530   7.055
 90 335 20 44 30  -5.330   4.608   0.709   7.084
 90 335 20 45 30  -5.171   4.112   1.264   6.737
 90 335 20 46 30  -5.207   3.859   1.742   6.717
 90 335 20 47 30  -5.363   3.933   1.821   6.898
 90 335 20 48 30  -5.418   4.190   2.177   7.189
 90 335 20 49 30  -5.298   3.996   1.922   6.911
 90 335 20 50 30  -5.111   4.182   1.704   6.823
 90 335 20 51 30  -5.241   4.304   1.732   7.001
 90 335 20 52 30  -5.265   4.214   1.751   6.970
 90 335 20 53 30  -5.332   4.174   1.926   7.048
 90 335 20 54 30  -5.451   4.144   1.543   7.021
 90 335 20 55 30  -5.870   2.862   3.000   7.189
 90 335 20 56 30  -6.036   2.728   3.461   7.476
 90 335 20 57 30  -6.014   2.535   3.526   7.421
 90 335 20 58 30  -5.566   2.489   3.871   7.234
 90 335 20 59 30  -4.471   1.620   3.656   6.007
 90 335 21 00 30  -4.279   1.593   3.474   5.741
 90 335 21 01 30  -3.995   1.687   3.790   5.768
 90 335 21 02 30  -4.278   1.049   5.109   6.776
 90 335 21 03 30  -4.159   0.257   6.029   7.345
 90 335 21 04 30  -4.012   0.357   5.984   7.225
 90 335 21 05 30  -3.652   0.170   5.915   6.967
 90 335 21 06 30  -3.383   0.868   5.055   6.246
 90 335 21 07 30  -3.902   1.490   4.388   6.067
 90 335 21 08 30  -3.437   0.772   4.809   5.967
 90 335 21 09 30  -3.457   0.554   4.775   5.929
 90 335 21 10 30  -3.588   0.710   4.257   5.618
 90 335 21 11 30  -3.624   0.698   4.892   6.132
 90 335 21 12 30  -3.361   0.488   4.572   5.705
 90 335 21 13 30  -3.366   0.321   4.844   5.913
 90 335 21 14 30  -3.540   0.805   4.801   6.023
 90 335 21 15 30  -3.455   1.243   4.615   5.912
 90 335 21 16 30  -3.625   0.551   5.708   6.793
 90 335 21 17 30  -3.186   0.339   5.126   6.050
 90 335 21 18 30  -3.429   0.514   4.902   6.011
 90 335 21 19 30  -3.218   0.501   5.001   5.980
 90 335 21 20 30  -3.287   0.473   5.100   6.096
 90 335 21 21 30  -3.589   0.305   5.042   6.205
 90 335 21 22 30  -3.627   0.524   4.966   6.180
 90 335 21 23 30  -3.867   0.663   4.642   6.084
 90 335 21 24 30  -3.441   0.730   4.597   5.852
 90 335 21 25 30  -2.413  -0.720   4.955   5.577
 90 335 21 26 30  -3.104  -0.286   4.655   5.675
 90 335 21 27 30  -3.721   0.932   4.100   5.625
 90 335 21 28 30  -3.873   1.073   4.083   5.734
 90 335 21 29 30  -3.909   1.136   4.114   5.790
 90 335 21 30 30  -3.900   1.079   4.099   5.765
 90 335 21 31 30  -5.134   2.300   2.366   6.124
 90 335 21 32 30  -5.281   2.144   2.439   6.207
 90 335 21 33 30  -4.896   2.068   3.114   6.186
 90 335 21 34 30  -4.621   1.883   3.644   6.181
 90 335 21 35 30  -4.735   2.163   3.381   6.216
 90 335 21 36 30  -4.708   2.453   3.177   6.194
 90 335 21 37 30  -4.909   2.421   2.886   6.194
 90 335 21 38 30  -5.038   2.082   2.948   6.208
 90 335 21 39 30  -4.972   2.392   2.850   6.223
 90 335 21 40 30  -4.799   3.040   2.512   6.222
 90 335 21 41 30  -4.743   2.994   2.592   6.187
 90 335 21 42 30  -4.692   2.872   2.737   6.152
 90 335 21 43 30  -4.735   2.448   2.983   6.117
 90 335 21 44 30  -4.785   2.046   3.176   6.101
 90 335 21 45 30  -5.045   1.653   3.006   6.108
 90 335 21 46 30  -4.878   1.200   3.378   6.056
 90 335 21 47 30  -4.716   0.729   3.513   5.928
 90 335 21 48 30  -4.627   0.633   3.682   5.949
 90 335 21 49 30  -4.644   0.481   3.738   5.984
 90 335 21 50 30  -4.783   0.368   3.586   5.991
 90 335 21 51 30  -4.643   0.069   3.842   6.033
 90 335 21 52 30  -4.648   0.086   3.913   6.080
 90 335 21 53 30  -4.487   0.603   4.086   6.107
 90 335 21 54 30  -4.533   0.422   4.031   6.087
 90 335 21 55 30  -4.435   0.611   4.044   6.039
 90 335 21 56 30  -4.252   0.757   4.202   6.029
 90 335 21 57 30  -4.060   0.815   4.376   6.028
 90 335 21 58 30  -4.069   0.838   4.300   5.982
 90 335 21 59 30  -4.155   0.079   4.230   5.969
 90 335 22 00 30  -3.819   0.659   4.345   5.836
 90 335 22 01 30  -3.672   0.904   4.376   5.791
 90 335 22 02 30  -4.106  -0.135   3.794   5.753
 90 335 22 03 30  -3.751  -0.134   4.383   5.796
 90 335 22 04 30  -3.442   0.356   4.616   5.772
 90 335 22 05 30  -3.411   0.631   4.459   5.778
 90 335 22 06 30  -1.710  -2.479   5.342   6.156
 90 335 22 07 30  -2.562  -2.021   5.331   6.257
 90 335 22 08 30  -2.653  -1.458   5.440   6.236
 90 335 22 09 30  -3.166  -0.887   5.205   6.171
 90 335 22 10 30  -2.967  -1.146   5.127   6.042
 90 335 22 11 30  -2.108  -1.496   5.214   5.837
 90 335 22 12 30  -2.462  -1.179   5.447   6.093
 90 335 22 13 30  -3.062  -1.317   5.001   6.024
 90 335 22 14 30  -3.352  -1.341   4.666   5.904
 90 335 22 15 30  -3.267  -1.255   4.585   5.773
 90 335 22 16 30  -2.976  -1.365   4.579   5.636
 90 335 22 17 30  -2.761  -1.800   4.594   5.657
 90 335 22 18 30  -3.416  -0.967   4.353   5.664
 90 335 22 19 30  -3.339  -1.231   4.390   5.661
 90 335 22 20 30  -3.245  -1.378   4.399   5.644
 90 335 22 21 30  -3.335  -0.819   4.472   5.689
 90 335 22 22 30  -3.267  -1.947   4.507   5.905
 90 335 22 23 30  -2.878  -0.842   4.706   5.656
 90 335 22 24 30  -2.622  -1.119   4.716   5.601
 90 335 22 25 30  -2.742  -0.892   4.622   5.519
 90 335 22 26 30  -2.545  -0.851   4.676   5.455
 90 335 22 27 30  -2.789  -0.978   4.483   5.409
 90 335 22 28 30  -3.048  -0.542   4.403   5.413
 90 335 22 29 30  -2.480  -1.265   4.557   5.426
 90 335 22 30 30  -2.622  -1.083   4.444   5.369
 90 335 22 31 30  -2.615  -1.683   4.321   5.384
 90 335 22 32 30  -2.328  -1.550   4.480   5.477
 90 335 22 33 30  -1.509  -2.112   4.744   5.441
 90 335 22 34 30  -1.501  -2.562   4.574   5.463
 90 335 22 35 30  -1.486  -2.377   4.886   5.639
 90 335 22 36 30  -1.677  -1.899   5.174   5.765
 90 335 22 37 30  -1.844  -1.309   5.184   5.672
 90 335 22 38 30  -1.813  -0.798   5.273   5.663
 90 335 22 39 30  -1.888  -0.679   4.844   5.378
 90 335 22 40 30  -2.083  -2.272   4.272   5.272
 90 335 22 41 30  -1.988  -1.872   4.458   5.232
 90 335 22 42 30  -1.979  -2.076   4.430   5.292
 90 335 22 43 30  -1.865  -2.299   4.601   5.473
 90 335 22 44 30  -1.859  -2.286   4.509   5.392
 90 335 22 45 30  -1.827  -2.476   4.387   5.364
 90 335 22 46 30  -1.413  -2.685   4.425   5.376
 90 335 22 47 30  -1.112  -3.027   4.247   5.338
 90 335 22 48 30  -1.247  -3.173   3.907   5.195
 90 335 22 49 30  -1.154  -2.862   4.017   5.086
 90 335 22 50 30  -1.436  -2.556   4.202   5.135
 90 335 22 51 30  -2.290  -1.563   4.423   5.244
 90 335 22 52 30  -2.471  -1.431   4.331   5.197
 90 335 22 53 30  -2.839  -0.259   3.921   4.911
 90 335 22 54 30  -3.331   1.010   3.347   4.850
 90 335 22 55 30  -2.960   0.053   3.873   4.963
 90 335 22 56 30  -2.799   0.639   4.062   5.028
 90 335 22 57 30  -2.975   0.419   4.035   5.041
 90 335 22 58 30  -3.216   0.571   4.274   5.392
 90 335 22 59 30  -3.317   0.528   3.894   5.155
 90 335 23 00 30  -2.142  -1.069   3.470   4.867
 90 335 23 01 30  -0.888  -2.726   3.778   4.776
 90 335 23 02 30  -1.492  -2.571   3.551   4.646
 90 335 23 03 30  -1.899  -1.383   3.861   4.569
 90 335 23 04 30  -2.067  -1.015   4.088   4.722
 90 335 23 05 30  -2.582  -0.275   4.071   4.860
 90 335 23 06 30  -2.810   0.668   3.919   4.892
 90 335 23 07 30  -4.138   0.854   1.749   4.793
 90 335 23 08 30  -3.585  -2.004   2.749   5.013
 90 335 23 09 30  -3.949  -0.943   2.923   5.029
 90 335 23 10 30  -3.593  -1.752   3.059   5.065
 90 335 23 11 30  -3.554  -2.309   2.704   5.057
 90 335 23 12 30  -3.417  -1.802   3.233   5.089
 90 335 23 13 30  -3.548  -1.756   3.167   5.086
 90 335 23 14 30  -3.030  -1.276   3.880   5.096
 90 335 23 15 30  -2.858  -1.345   4.000   5.107
 90 335 23 16 30  -3.293  -1.437   3.674   5.143
 90 335 23 17 30  -3.363  -1.421   3.564   5.109
 90 335 23 18 30  -3.338  -1.311   3.583   5.075
 90 335 23 19 30  -3.415  -1.078   3.535   5.057
 90 335 23 20 30  -3.002  -1.388   3.787   5.072
 90 335 23 21 30  -2.606  -1.646   4.122   5.158
 90 335 23 22 30  -3.684  -0.432   3.417   5.058
 90 335 23 23 30  -3.763  -1.274   3.099   5.054
 90 335 23 24 30  -3.600  -1.239   3.216   5.073
 90 335 23 25 30  -3.044  -0.615   3.988   5.071
 90 335 23 26 30  -2.839  -0.960   4.031   5.102
 90 335 23 27 30  -2.832  -1.132   4.134   5.182
 90 335 23 28 30  -2.796  -0.417   4.122   5.030
 90 335 23 29 30  -2.473   0.598   4.155   4.933
 90 335 23 30 30  -2.565   0.431   4.016   4.829
 90 335 23 31 30  -2.348   0.778   4.104   4.831
 90 335 23 32 30  -2.167   0.631   3.906   4.532
 90 335 23 33 30  -2.473   0.680   3.277   4.388
 90 335 23 34 30  -2.249   2.673   1.668   3.879
 90 335 23 35 30  -0.137  -3.531   2.951   4.613
 90 335 23 36 30  -0.494  -2.973   3.625   4.737
 90 335 23 37 30  -0.570  -3.253   3.564   4.878
 90 335 23 38 30  -0.328  -3.169   3.722   4.923
 90 335 23 39 30  -0.186  -2.923   3.848   4.853
 90 335 23 40 30  -0.261  -3.281   3.597   4.890
 90 335 23 41 30  -0.061  -2.650   4.050   4.905
 90 335 23 42 30  -0.190  -2.195   4.270   4.844
 90 335 23 43 30   0.411  -1.394   4.551   4.831
 90 335 23 44 30   1.580  -0.273   4.426   4.751
 90 335 23 45 30   0.514  -1.212   4.658   4.893
 90 335 23 46 30  -1.273  -1.622   4.523   4.982
 90 335 23 47 30  -1.167  -1.346   4.762   5.090
 90 335 23 48 30  -1.150  -1.317   4.758   5.088
 90 335 23 49 30  -1.648  -0.593   4.701   5.029
 90 335 23 50 30  -1.152  -0.518   4.774   5.032
 90 335 23 51 30   0.361  -0.562   4.765   4.838
 90 335 23 52 30   0.069  -0.064   4.868   4.902
 90 335 23 53 30   0.191  -0.007   5.007   5.017
 90 335 23 54 30  -0.039  -0.218   4.857   4.868
 90 335 23 55 30   0.008  -0.575   4.865   4.908
 90 335 23 56 30   0.191  -0.830   4.779   4.863
 90 335 23 57 30   0.766   0.821   4.466   4.663
 90 335 23 58 30   0.002  -0.778   4.650   4.830
 90 335 23 59 30  -0.141  -0.826   4.752   4.881
