 90 337 00 00 30  -2.014   1.243   3.169   3.966
 90 337 00 01 30  -1.927   1.044   3.336   4.006
 90 337 00 02 30  -1.977   1.485   3.171   4.032
 90 337 00 03 30  -1.769   1.406   3.228   3.949
 90 337 00 04 30  -1.401   2.947   0.134   3.747
 90 337 00 05 30  -1.424   3.359  -1.145   3.832
 90 337 00 06 30  -1.384   3.318  -1.111   3.846
 90 337 00 07 30  -1.024   3.787  -0.657   3.989
 90 337 00 08 30  -1.156   3.657  -0.708   3.919
 90 337 00 09 30  -1.071   3.620  -1.137   3.970
 90 337 00 10 30  -1.265   3.448  -1.559   4.001
 90 337 00 11 30  -1.147   3.403  -1.821   4.036
 90 337 00 12 30  -1.128   2.858  -2.516   3.992
 90 337 00 13 30  -1.150   2.907  -2.536   4.041
 90 337 00 14 30  -1.502   3.149  -1.837   4.038
 90 337 00 15 30  -1.493   3.616  -0.890   4.030
 90 337 00 16 30  -1.116   3.607  -1.271   4.016
 90 337 00 17 30  -1.541   3.312  -1.668   4.035
 90 337 00 18 30  -1.167   3.403  -1.343   3.980
 90 337 00 19 30  -0.614   3.887   0.466   4.009
 90 337 00 20 30  -0.760   3.675  -0.906   3.940
 90 337 00 21 30  -1.145   3.224  -2.104   4.037
 90 337 00 22 30  -1.095   3.314  -1.952   4.031
 90 337 00 23 30  -1.409   3.188  -1.905   4.031
 90 337 00 24 30  -1.611   2.950  -2.198   4.027
 90 337 00 25 30  -1.516   3.096  -2.043   4.023
 90 337 00 26 30  -1.469   3.312  -1.695   4.007
 90 337 00 27 30  -1.192   3.517  -1.431   3.987
 90 337 00 28 30  -1.241   3.679  -0.834   3.987
 90 337 00 29 30  -1.564   3.483  -1.081   3.984
 90 337 00 30 30  -1.183   3.584  -1.118   3.943
 90 337 00 31 30  -1.229   3.514  -1.215   3.941
 90 337 00 32 30   0.320   3.690  -0.322   3.857
 90 337 00 33 30  -0.461   3.578  -1.029   3.901
 90 337 00 34 30  -0.465   3.660  -1.157   3.887
 90 337 00 35 30  -0.666   3.438  -1.750   3.921
 90 337 00 36 30  -0.614   3.350  -1.819   3.907
 90 337 00 37 30  -0.827   3.692  -0.721   3.871
 90 337 00 38 30  -0.947   3.450  -1.520   3.906
 90 337 00 39 30  -0.791   3.478  -0.977   3.721
 90 337 00 40 30  -0.786   3.468  -0.937   3.691
 90 337 00 41 30  -0.764   3.463  -1.308   3.788
 90 337 00 42 30  -0.660   3.674  -0.751   3.822
 90 337 00 43 30  -1.058   3.560  -0.718   3.803
 90 337 00 44 30  -1.118   3.567  -0.035   3.751
 90 337 00 45 30  -1.108   3.577   0.169   3.776
 90 337 00 46 30  -1.292   3.619   0.664   3.928
 90 337 00 47 30  -1.391   3.548   1.016   3.948
 90 337 00 48 30  -1.449   3.233   1.590   3.891
 90 337 00 49 30  -1.490   3.007   1.898   3.875
 90 337 00 50 30  -1.440   2.836   2.073   3.806
 90 337 00 51 30  -1.205   2.617   2.397   3.769
 90 337 00 52 30  -1.319   2.511   2.602   3.863
 90 337 00 53 30  -1.037   2.625   2.544   3.838
 90 337 00 54 30  -0.796   2.767   2.226   3.749
 90 337 00 55 30  -0.759   3.251   1.527   3.685
 90 337 00 56 30  -0.993   3.117   1.702   3.702
 90 337 00 57 30  -0.982   3.064   1.780   3.691
 90 337 00 58 30  -0.209   2.860   2.124   3.649
 90 337 00 59 30  -0.788   2.780   2.174   3.629
 90 337 01 00 30  -0.947   3.007   1.501   3.590
 90 337 01 01 30  -1.266   3.309  -0.506   3.604
 90 337 01 02 30  -1.380   3.133  -1.071   3.601
 90 337 01 03 30  -1.437   2.720  -1.852   3.660
 90 337 01 04 30  -1.306   3.057  -1.539   3.684
 90 337 01 05 30  -1.317   3.152  -1.270   3.656
 90 337 01 06 30  -0.662   3.499  -0.493   3.624
 90 337 01 07 30  -0.224   3.526   0.378   3.623
 90 337 01 08 30  -0.608   3.610  -0.224   3.688
 90 337 01 09 30  -0.867   3.547  -0.208   3.692
 90 337 01 10 30  -0.791   3.580   0.166   3.683
 90 337 01 11 30  -1.039   3.531  -0.016   3.712
 90 337 01 12 30  -1.066   3.122   1.382   3.615
 90 337 01 13 30  -1.077   3.181   1.288   3.607
 90 337 01 14 30  -1.133   3.306  -0.130   3.612
 90 337 01 15 30  -1.415   3.251  -0.392   3.588
 90 337 01 16 30  -1.512   3.275  -0.033   3.627
 90 337 01 17 30  -1.496   3.217  -0.127   3.564
 90 337 01 18 30  -1.568   3.230   0.263   3.608
 90 337 01 19 30  -1.553   3.123   0.828   3.640
 90 337 01 20 30  -1.073   2.756   1.988   3.627
 90 337 01 21 30  -0.979   2.209   2.707   3.698
 90 337 01 22 30  -0.840   1.876   3.075   3.730
 90 337 01 23 30  -0.913   1.683   3.026   3.642
 90 337 01 24 30  -0.949   2.041   2.728   3.607
 90 337 01 25 30  -1.126   2.133   2.656   3.621
 90 337 01 26 30  -1.238   2.171   2.624   3.652
 90 337 01 28 30  -0.545   2.456   2.678   3.685
 90 337 01 29 30  -0.869   3.080   1.695   3.706
 90 337 01 30 30  -1.092   3.296   1.295   3.721
 90 337 01 31 30  -1.304   3.338   0.801   3.712
 90 337 01 32 30  -0.724   3.502   1.209   3.779
 90 337 01 33 30  -0.566   3.513   1.075   3.727
 90 337 01 34 30  -0.435   3.444   1.226   3.703
 90 337 01 35 30   0.638   3.073   1.899   3.705
 90 337 01 36 30   0.082   3.505   1.256   3.731
 90 337 01 37 30  -0.019   3.564   1.033   3.723
 90 337 01 38 30   0.000   3.624   0.762   3.714
 90 337 01 39 30   0.056   3.610   0.445   3.723
 90 337 01 40 30  -1.734   3.281  -0.125   3.727
 90 337 01 41 30  -0.877   3.586  -0.002   3.724
 90 337 01 42 30  -0.824   3.562   0.005   3.675
 90 337 01 43 30  -0.902   3.513   0.404   3.674
 90 337 01 44 30  -0.924   3.523   0.106   3.656
 90 337 01 45 30  -0.926   3.471  -0.455   3.665
 90 337 01 46 30  -0.954   3.330  -1.155   3.663
 90 337 01 47 30  -1.191   3.221  -1.295   3.678
 90 337 01 48 30  -1.369   3.065  -1.411   3.651
 90 337 01 49 30  -1.230   3.131  -1.309   3.642
 90 337 01 50 30  -0.983   3.164  -1.360   3.623
 90 337 01 51 30  -1.240   2.822  -1.545   3.664
 90 337 01 52 30  -1.192   2.686  -2.151   3.644
 90 337 01 53 30  -1.298   2.571  -2.225   3.643
 90 337 01 54 30  -1.326   2.592  -2.122   3.606
 90 337 01 55 30  -1.313   2.929  -1.542   3.601
 90 337 01 56 30  -1.193   2.711  -1.995   3.584
 90 337 01 57 30  -1.144   2.566  -2.202   3.582
 90 337 01 58 30  -1.222   2.465  -2.379   3.657
 90 337 01 59 30  -1.164   2.540  -2.183   3.618
 90 337 02 00 30  -1.305   2.789  -1.781   3.583
 90 337 02 01 30  -1.459   2.853  -1.553   3.567
 90 337 02 02 30  -1.134   2.897  -1.632   3.531
 90 337 02 03 30  -1.089   3.150  -1.016   3.537
 90 337 02 04 30  -0.078   3.541  -0.531   3.598
 90 337 02 05 30  -1.025   2.986   0.124   3.601
 90 337 02 06 30  -2.245   2.366  -1.265   3.638
 90 337 02 07 30  -2.623   1.722  -1.738   3.617
 90 337 02 08 30  -2.919   1.589  -1.346   3.612
 90 337 02 09 30  -3.185   1.286  -1.198   3.646
 90 337 02 10 30  -2.876   1.375  -1.747   3.661
 90 337 02 11 30  -2.972   0.876  -1.948   3.678
 90 337 02 12 30  -2.816   0.484  -2.203   3.655
 90 337 02 13 30  -2.797   0.490  -2.309   3.682
 90 337 02 14 30  -0.690   3.118   1.094   3.683
 90 337 02 15 30  -0.035   3.313   1.242   3.668
 90 337 02 16 30  -1.257   3.458   0.036   3.696
 90 337 02 17 30  -1.507   3.310  -0.446   3.674
 90 337 02 18 30  -1.764   3.187  -0.568   3.699
 90 337 02 19 30  -1.849   2.997  -1.006   3.677
 90 337 02 20 30  -1.654   3.017  -0.904   3.576
 90 337 02 21 30  -1.844   3.266   0.151   3.772
 90 337 02 22 30  -1.745   3.420  -0.081   3.871
 90 337 02 23 30  -1.649   3.488   0.347   3.879
 90 337 02 24 30  -1.614   3.444   0.601   3.854
 90 337 02 25 30  -1.400   3.383   1.132   3.841
 90 337 02 26 30  -1.310   3.232   1.463   3.788
 90 337 02 27 30  -1.239   2.911   1.976   3.751
 90 337 02 28 30  -0.933   2.634   2.615   3.831
 90 337 02 29 30  -0.686   2.282   2.837   3.811
 90 337 02 30 30  -0.926   2.601   2.613   3.849
 90 337 02 31 30  -1.735   3.161   1.103   3.945
 90 337 02 32 30  -1.549   3.086   1.360   3.768
 90 337 02 33 30  -1.246   3.179   1.823   3.886
 90 337 02 34 30  -1.177   3.219   1.800   3.896
 90 337 02 35 30  -2.037   3.121   0.974   3.876
 90 337 02 36 30  -2.231   3.009   0.898   3.894
 90 337 02 37 30  -2.025   3.108   0.866   3.859
 90 337 02 38 30  -1.880   2.588   1.969   3.767
 90 337 02 39 30  -1.976   2.499   2.000   3.768
 90 337 02 40 30  -2.177   2.221   1.977   3.694
 90 337 02 41 30  -2.251   2.422   1.687   3.736
 90 337 02 42 30  -2.177   2.952   0.992   3.824
 90 337 02 43 30  -2.635   2.506   1.016   3.796
 90 337 02 44 30  -2.960   1.766   1.504   3.798
 90 337 02 45 30  -2.932   1.905   1.307   3.792
 90 337 02 46 30  -2.986   1.806   1.068   3.675
 90 337 02 47 30  -2.616   2.179   0.550   3.494
 90 337 02 48 30  -2.728   2.598   0.434   3.801
 90 337 02 49 30  -2.858   2.512   0.014   3.819
 90 337 02 50 30  -2.912   2.326  -0.803   3.854
 90 337 02 51 30  -2.783   2.672   0.238   3.885
 90 337 02 52 30  -2.765   2.809  -0.057   3.965
 90 337 02 53 30  -2.527   3.055  -0.290   3.993
 90 337 02 54 30  -2.143   2.875  -1.495   3.894
 90 337 02 55 30  -2.294   2.945  -1.140   3.909
 90 337 02 56 30  -2.400   2.823  -1.092   3.890
 90 337 02 57 30  -1.873   3.139  -1.260   3.885
 90 337 02 58 30  -1.902   3.241  -0.988   3.890
 90 337 02 59 30  -2.076   3.209  -0.528   3.882
 90 337 03 00 30  -2.364   2.783  -1.172   3.858
 90 337 03 01 30  -2.213   2.940  -0.961   3.825
 90 337 03 02 30  -0.926   3.457  -1.010   3.752
 90 337 03 03 30  -1.330   3.185  -1.367   3.763
 90 337 03 04 30  -1.605   3.087  -1.211   3.757
 90 337 03 05 30  -1.540   2.776  -1.874   3.743
 90 337 03 06 30  -1.992   2.265  -2.282   3.798
 90 337 03 07 30  -1.995   2.293  -2.215   3.795
 90 337 03 08 30  -2.073   2.174  -2.137   3.785
 90 337 03 09 30  -2.005   2.022  -2.413   3.790
 90 337 03 10 30  -1.906   2.217  -2.441   3.835
 90 337 03 11 30  -1.920   2.271  -2.409   3.840
 90 337 03 12 30  -2.163   2.065  -2.373   3.833
 90 337 03 13 30  -2.141   1.905  -2.492   3.814
 90 337 03 14 30  -2.256   1.966  -2.259   3.758
 90 337 03 15 30  -2.367   1.972  -2.113   3.742
 90 337 03 16 30  -2.440   2.006  -2.016   3.756
 90 337 03 17 30  -1.331   2.592  -1.396   3.516
 90 337 03 18 30  -0.916   3.050  -1.450   3.530
 90 337 03 19 30  -1.572   2.310  -1.983   3.492
 90 337 03 20 30  -1.246   2.693  -2.114   3.657
 90 337 03 21 30  -1.908   1.899  -2.363   3.633
 90 337 03 22 30  -2.155  -0.178  -2.860   3.637
 90 337 03 23 30  -1.220  -0.118  -3.079   3.587
 90 337 03 24 30  -1.957  -0.168  -2.932   3.619
 90 337 03 25 30  -1.843  -0.499  -3.077   3.650
 90 337 03 26 30  -1.667  -1.026  -3.034   3.639
 90 337 03 27 30  -1.510  -1.565  -2.813   3.631
 90 337 03 28 30  -2.318   0.509  -2.622   3.695
 90 337 03 29 30  -2.651   1.158  -2.362   3.746
 90 337 03 30 30  -2.935   0.961  -2.140   3.782
 90 337 03 31 30  -2.956   0.145  -2.306   3.782
 90 337 03 32 30  -2.925   0.476  -2.390   3.823
 90 337 03 33 30  -2.782   1.057  -2.371   3.812
 90 337 03 34 30  -2.845   1.100  -2.319   3.845
 90 337 03 35 30  -2.748   1.600  -2.049   3.805
 90 337 03 36 30  -2.472   2.079  -2.000   3.815
 90 337 03 37 30  -2.651   2.155  -1.682   3.815
 90 337 03 38 30  -2.537   2.232  -1.681   3.783
 90 337 03 39 30  -2.702   2.242  -1.465   3.833
 90 337 03 40 30  -2.269   2.926  -1.221   3.914
 90 337 03 41 30  -2.477   2.745  -1.361   3.967
 90 337 03 42 30  -2.757   2.096  -1.948   3.985
 90 337 03 43 30  -2.622   1.846  -2.264   3.939
 90 337 03 44 30  -2.524   2.358  -1.266   3.858
 90 337 03 45 30  -2.776   2.448  -0.916   3.850
 90 337 03 46 30  -2.447   2.832  -1.116   3.944
 90 337 03 47 30  -2.934   1.729  -1.681   3.829
 90 337 03 48 30  -3.060   1.682  -1.396   3.797
 90 337 03 49 30  -2.842   1.947  -1.675   3.851
 90 337 03 50 30  -2.782   2.414  -1.045   3.837
 90 337 03 51 30  -2.817   2.310  -1.147   3.839
 90 337 03 52 30  -2.826   2.392  -0.902   3.826
 90 337 03 53 30  -2.721   2.499  -0.967   3.824
 90 337 03 54 30  -2.915   2.242  -1.068   3.843
 90 337 03 55 30  -3.209   1.575  -1.315   3.826
 90 337 03 56 30  -2.869   1.979  -1.570   3.835
 90 337 03 57 30  -2.801   2.310  -1.212   3.836
 90 337 03 58 30  -2.815   2.290  -1.130   3.816
 90 337 03 59 30  -2.698   2.213  -0.925   3.666
 90 337 04 00 30  -2.586  -0.692  -1.912   3.350
 90 337 04 01 30  -2.151  -0.541  -1.492   3.412
 90 337 04 02 30  -2.290   2.683  -0.479   3.572
 90 337 04 03 30  -2.507   2.713  -0.667   3.776
 90 337 04 04 30  -2.469   2.723  -0.627   3.742
 90 337 04 05 30  -2.894   2.545  -0.985   3.986
 90 337 04 06 30  -2.886   2.510  -1.068   3.975
 90 337 04 07 30  -2.826   2.703  -0.873   4.018
 90 337 04 08 30  -2.941   2.731  -0.879   4.113
 90 337 04 09 30  -2.759   2.818  -0.909   4.051
 90 337 04 10 30  -2.725   2.877  -0.782   4.045
 90 337 04 11 30  -2.715   2.892  -0.851   4.064
 90 337 04 12 30  -2.467   3.180  -0.659   4.083
 90 337 04 13 30  -2.490   3.159  -0.721   4.089
 90 337 04 14 30  -2.584   3.111  -0.607   4.092
 90 337 04 15 30  -2.625   3.084  -0.620   4.099
 90 337 04 16 30  -2.583   3.009  -0.752   4.038
 90 337 04 17 30  -2.429   3.119  -0.805   4.036
 90 337 04 18 30  -2.647   2.908  -0.747   4.012
 90 337 04 20 30  -2.765   2.845  -0.719   4.036
 90 337 04 21 30  -2.607   3.033  -0.888   4.103
 90 337 04 22 30  -2.377   3.069  -0.613   3.936
 90 337 04 23 30  -2.338   3.027  -0.488   3.862
 90 337 04 24 30  -2.374   2.743  -0.919   3.749
 90 337 04 25 30  -2.109   2.993  -0.543   3.709
 90 337 04 26 30  -2.236   2.834  -0.896   3.725
 90 337 04 27 30  -2.221   3.077  -0.850   3.900
 90 337 04 28 30  -2.235   3.224  -0.800   4.006
 90 337 04 29 30  -2.318   2.980  -0.647   3.835
 90 337 04 30 30  -2.255   2.949  -0.468   3.745
 90 337 04 31 30  -2.063   2.995  -0.391   3.669
 90 337 04 32 30  -2.110   2.984  -0.315   3.672
 90 337 04 33 30  -2.398   3.082  -0.925   4.018
 90 337 04 34 30  -2.227   3.289  -0.746   4.046
 90 337 04 35 30  -2.331   3.302  -0.749   4.114
 90 337 04 36 30  -2.406   3.215  -0.720   4.088
 90 337 04 37 30  -2.122   3.354  -1.026   4.104
 90 337 04 45 30  -2.183   3.575  -0.667   4.254
 90 337 04 46 30  -1.785   3.617  -1.237   4.231
 90 337 04 47 30  -1.647   3.563  -1.483   4.216
 90 337 04 48 30  -1.967   3.586  -0.840   4.202
 90 337 04 49 30  -1.888   3.544  -1.185   4.204
 90 337 04 50 30  -1.843   3.519  -1.245   4.169
 90 337 04 51 30  -1.613   3.431  -1.658   4.175
 90 337 04 52 30  -1.373   3.169  -2.065   4.037
 90 337 04 53 30  -1.546   2.772  -2.583   4.124
 90 337 04 54 30  -1.315   2.550  -2.629   3.946
 90 337 04 55 30  -0.992   3.087  -2.176   3.916
 90 337 04 56 30  -1.263   3.260  -1.961   4.020
 90 337 04 57 30  -1.130   3.287  -2.076   4.055
 90 337 04 58 30  -1.229   3.506  -1.617   4.055
 90 337 04 59 30  -1.220   3.601  -1.384   4.049
 90 337 05 00 30  -1.244   3.528  -1.484   4.028
 90 337 05 01 30  -1.465   3.459  -1.400   4.017
 90 337 05 02 30  -1.146   3.678  -1.139   4.023
 90 337 05 03 30  -1.300   3.574  -1.262   4.015
 90 337 05 04 30  -1.487   3.463  -1.285   3.993
 90 337 05 05 30  -1.357   3.611  -1.015   3.992
 90 337 05 06 30  -1.311   3.656  -0.944   4.003
 90 337 05 07 30  -0.678   3.854  -0.606   3.986
 90 337 05 08 30  -0.302   3.944  -0.407   3.995
 90 337 05 09 30  -0.773   3.744  -1.094   4.012
 90 337 05 10 30  -2.885   2.572  -0.651   4.014
 90 337 05 11 30  -3.530   1.316  -1.014   4.008
 90 337 05 12 30  -3.311   1.748  -1.109   3.997
 90 337 05 13 30  -3.033   2.247  -1.425   4.075
 90 337 05 14 30  -2.674   2.695  -1.468   4.115
 90 337 05 15 30  -2.644   2.912  -1.104   4.131
 90 337 05 16 30  -3.218   1.661  -1.773   4.056
 90 337 05 17 30  -3.379   1.286  -1.774   4.032
 90 337 05 18 30  -3.708   0.205  -1.603   4.056
 90 337 05 19 30  -3.633  -0.227  -1.652   4.024
 90 337 05 20 30  -0.897   3.585  -1.370   3.990
 90 337 05 21 30  -0.720   3.697  -1.313   3.990
 90 337 05 22 30  -0.990   3.640  -1.388   4.026
 90 337 05 23 30  -1.188   3.576  -1.402   4.025
 90 337 05 24 30  -1.375   3.498  -1.383   4.012
 90 337 05 25 30  -1.637   3.330  -1.580   4.039
 90 337 05 26 30  -1.835   3.221  -1.538   4.020
 90 337 05 27 30  -1.860   3.144  -1.537   3.996
 90 337 05 28 30  -2.393   2.863  -1.477   4.018
 90 337 05 29 30  -2.297   2.973  -1.403   4.015
 90 337 05 30 30  -2.204   2.975  -1.453   3.979
 90 337 05 31 30  -2.566   2.742  -1.363   4.001
 90 337 05 32 30  -2.319   2.921  -1.364   4.019
 90 337 05 33 30  -2.144   3.029  -1.442   3.993
 90 337 05 34 30  -2.159   2.743  -1.918   3.986
 90 337 05 35 30  -2.177   2.852  -1.653   3.969
 90 337 05 36 30  -2.188   2.769  -1.774   3.972
 90 337 05 37 30  -2.265   2.814  -1.316   3.937
 90 337 05 38 30  -2.068   3.201  -1.065   3.977
 90 337 05 39 30  -1.959   3.198  -1.226   3.954
 90 337 05 40 30  -2.067   3.077  -1.193   3.898
 90 337 05 41 30  -2.220   3.052  -0.949   3.894
 90 337 05 42 30  -2.179   3.086  -0.954   3.898
 90 337 05 43 30  -2.161   3.092  -1.114   3.935
 90 337 05 44 30  -2.294   3.020  -1.120   3.958
 90 337 05 45 30  -2.103   3.083  -1.240   3.935
 90 337 05 46 30  -2.147   3.128  -1.099   3.951
 90 337 05 47 30  -2.030   3.178  -1.142   3.944
 90 337 05 48 30  -2.072   3.183  -1.074   3.958
 90 337 05 49 30  -2.327   2.937  -1.310   3.976
 90 337 05 50 30  -2.109   3.103  -1.324   3.983
 90 337 05 51 30  -2.284   2.952  -1.386   3.991
 90 337 05 52 30  -2.335   2.879  -1.407   3.968
 90 337 05 53 30  -2.479   2.791  -1.424   3.997
 90 337 05 54 30  -2.410   2.865  -1.368   3.989
 90 337 05 55 30  -2.286   2.927  -1.418   3.977
 90 337 05 56 30  -2.141   2.993  -1.334   3.915
 90 337 05 57 30  -1.555   3.135  -0.913   3.766
 90 337 05 58 30  -0.944   3.496  -0.545   3.664
 90 337 05 59 30  -0.889   3.548  -0.325   3.693
 90 337 06 00 30  -1.611   3.318  -0.557   3.734
 90 337 06 01 30  -1.505   3.328  -0.466   3.687
 90 337 06 02 30  -1.571   3.329  -0.188   3.698
 90 337 06 03 30  -1.603   3.304  -0.221   3.690
 90 337 06 04 30  -0.893   3.657   0.189   3.819
 90 337 06 05 30  -1.155   3.602  -0.470   3.822
 90 337 06 06 30  -1.316   3.552  -0.373   3.813
 90 337 06 07 30  -0.928   3.706  -0.462   3.854
 90 337 06 08 30  -0.945   3.704  -0.428   3.857
 90 337 06 09 30  -0.713   3.882  -0.340   3.964
 90 337 06 10 30  -0.663   3.929  -0.383   4.005
 90 337 06 11 30  -0.653   3.876  -0.350   3.949
 90 337 06 12 30  -0.570   3.840  -0.275   3.898
 90 337 06 13 30  -0.204   3.786  -0.572   3.841
 90 337 06 14 30  -0.174   3.853  -0.469   3.893
 90 337 06 15 30   0.176   3.934  -0.159   3.951
 90 337 06 16 30   0.843   3.828   0.695   3.985
 90 337 06 17 30   0.822   3.879   0.447   3.999
 90 337 06 18 30   0.939   3.840   0.428   3.980
 90 337 06 19 30   0.932   3.817   0.457   3.967
 90 337 06 20 30   1.039   3.795   0.191   3.947
 90 337 06 21 30   0.927   3.850   0.296   3.982
 90 337 06 22 30   0.814   3.915   0.356   4.023
 90 337 06 23 30   1.106   3.855   0.392   4.037
 90 337 06 24 30   1.063   3.865   0.429   4.035
 90 337 06 25 30   0.957   3.890   0.456   4.042
 90 337 06 26 30   1.314   3.774   0.529   4.044
 90 337 06 27 30   1.397   3.709   0.703   4.050
 90 337 06 28 30   1.048   3.877   0.637   4.076
 90 337 06 29 30   1.569   3.643   0.875   4.084
 90 337 06 30 30   1.357   3.811   0.549   4.090
 90 337 06 31 30   0.987   3.898   0.647   4.091
 90 337 06 32 30   1.116   3.777   0.942   4.061
 90 337 06 33 30   1.632   3.338   1.409   3.989
 90 337 06 34 30   1.698   3.338   1.287   3.966
 90 337 06 35 30   1.701   3.331   1.355   3.982
 90 337 06 36 30   1.597   3.413   1.299   3.989
 90 337 06 37 30   1.689   3.347   1.292   3.969
 90 337 06 38 30   1.753   3.270   1.353   3.954
 90 337 06 39 30   1.546   3.407   1.284   3.958
 90 337 06 40 30   1.523   3.424   1.286   3.964
 90 337 06 41 30   1.282   3.496   1.291   3.943
 90 337 06 42 30   1.360   3.397   1.415   3.932
 90 337 06 43 30   1.534   3.314   1.467   3.939
 90 337 06 44 30   1.257   3.501   1.275   3.937
 90 337 06 45 30   1.400   3.406   1.280   3.905
 90 337 06 46 30   1.539   3.327   1.293   3.894
 90 337 06 47 30   1.520   3.289   1.409   3.897
 90 337 06 48 30   1.415   3.250   1.501   3.854
 90 337 06 49 30   1.343   3.226   1.454   3.789
 90 337 06 50 30   1.454   3.132   1.522   3.777
 90 337 06 51 30   1.787   2.721   1.539   3.611
 90 337 06 52 30   1.645   2.854   1.515   3.627
 90 337 06 53 30   1.640   2.701   1.584   3.539
 90 337 06 54 30   1.854   2.515   1.485   3.476
 90 337 06 55 30   1.015   2.922   1.268   3.468
 90 337 06 56 30  -0.663   3.408  -0.084   3.553
 90 337 06 57 30  -0.767   3.361   0.005   3.457
 90 337 06 58 30   0.265   3.319   0.893   3.504
 90 337 06 59 30   0.149   3.383   0.777   3.495
 90 337 07 00 30  -0.325   3.379   0.496   3.449
 90 337 07 01 30   0.189   3.204   0.801   3.342
 90 337 07 02 30  -0.985   2.427  -0.569   3.175
 90 337 07 03 30  -2.258   1.766  -1.458   3.223
 90 337 07 04 30  -2.321   1.427  -1.682   3.209
 90 337 07 05 30  -2.305   1.486  -1.628   3.205
 90 337 07 06 30  -2.340   1.448  -1.629   3.223
 90 337 07 07 30  -2.418   1.492  -1.411   3.204
 90 337 07 08 30  -2.505   1.168  -1.532   3.178
 90 337 07 09 30  -2.260   1.958  -1.037   3.183
 90 337 07 10 30  -2.321   1.790  -1.209   3.174
 90 337 07 11 30  -2.185   1.915  -1.183   3.146
 90 337 07 12 30  -2.222   1.852  -1.266   3.170
 90 337 07 13 30  -2.515   1.419  -1.500   3.263
 90 337 07 14 30  -2.563   1.365  -1.435   3.250
 90 337 07 15 30  -2.684   1.128  -1.508   3.287
 90 337 07 16 30  -2.851   0.984  -1.453   3.349
 90 337 07 17 30  -2.662   1.349  -1.453   3.330
 90 337 07 18 30  -2.758   1.438  -1.154   3.322
 90 337 07 19 30  -1.889   2.340   0.027   3.199
 90 337 07 20 30  -1.362   2.779   0.917   3.239
 90 337 07 21 30  -1.345   2.689   0.983   3.190
 90 337 07 22 30  -0.624   2.761   1.501   3.259
 90 337 07 23 30  -0.485   2.641   1.844   3.265
 90 337 07 24 30  -0.825   2.622   1.734   3.281
 90 337 07 25 30  -0.697   2.408   1.992   3.222
 90 337 07 26 30  -0.585   2.794   1.834   3.397
 90 337 07 27 30  -0.614   2.853   1.681   3.371
 90 337 07 28 30  -0.827   2.891   1.498   3.366
 90 337 07 29 30  -1.141   2.869   1.189   3.318
 90 337 07 30 30  -1.142   2.642   1.238   3.148
 90 337 07 31 30  -1.396   2.524   1.012   3.184
 90 337 07 32 30  -2.114   2.440   0.151   3.249
 90 337 07 33 30  -2.030   2.372   0.039   3.221
 90 337 07 34 30  -1.800   2.432  -0.767   3.131
 90 337 07 35 30  -1.748   2.368  -0.697   3.045
 90 337 07 36 30  -2.115   2.338  -0.335   3.224
 90 337 07 37 30  -2.296   2.163  -0.271   3.190
 90 337 07 38 30  -2.387   2.086  -0.369   3.199
 90 337 07 39 30  -2.317   1.928  -0.886   3.177
 90 337 07 40 30  -2.358   1.818  -1.035   3.171
 90 337 07 41 30  -2.512   1.656  -0.908   3.160
 90 337 07 42 30  -2.690   1.393  -0.680   3.146
 90 337 07 43 30  -2.618   1.620  -0.571   3.147
 90 337 07 44 30  -2.704   1.576  -0.438   3.167
 90 337 07 45 30  -2.757   1.685  -0.162   3.263
 90 337 07 46 30  -2.744   1.417   0.775   3.245
 90 337 07 47 30  -2.279   1.132   1.287   3.349
 90 337 07 48 30  -1.770   0.308   2.922   3.447
 90 337 07 49 30  -1.854   0.673   2.816   3.464
 90 337 07 50 30  -1.824   0.868   2.814   3.489
 90 337 07 51 30  -2.591   0.571   2.279   3.522
 90 337 07 52 30  -3.122   0.855   1.204   3.501
 90 337 07 53 30  -2.818   0.450   1.922   3.527
 90 337 07 54 30  -2.990   0.492   1.667   3.523
 90 337 07 55 30  -2.860   1.338   1.613   3.553
 90 337 07 56 30  -2.926   1.358   1.521   3.573
 90 337 07 57 30  -3.254   1.092   0.674   3.560
 90 337 07 58 30  -3.368   0.529   0.956   3.552
 90 337 07 59 30  -3.465   0.537   0.603   3.562
 90 337 08 00 30  -3.516   0.289   0.502   3.569
 90 337 08 01 30  -3.491   0.243   0.610   3.581
 90 337 08 02 30  -3.581   0.308  -0.092   3.599
 90 337 08 03 30  -3.523   0.441  -0.568   3.605
 90 337 08 04 30  -3.461   0.228  -0.663   3.589
 90 337 08 05 30  -3.347   0.915  -0.924   3.608
 90 337 08 06 30  -3.392   0.858  -0.821   3.603
 90 337 08 07 30  -3.430   0.898  -0.522   3.623
 90 337 08 08 30  -3.412   1.022  -0.749   3.653
 90 337 08 09 30  -3.396   0.976  -0.576   3.586
 90 337 08 10 30  -3.471   0.811  -0.135   3.576
 90 337 08 11 30  -3.478   0.909  -0.187   3.606
 90 337 08 12 30  -3.442   0.989  -0.440   3.614
 90 337 08 13 30  -3.460   0.997  -0.341   3.621
 90 337 08 14 30  -3.429   0.877  -0.009   3.585
 90 337 08 15 30  -3.515   0.764   0.507   3.648
 90 337 08 16 30  -3.477   0.864   0.369   3.638
 90 337 08 17 30  -3.468   0.421   0.960   3.626
 90 337 08 18 30  -3.472   0.571   0.965   3.652
 90 337 08 19 30  -3.411   0.769   1.015   3.647
 90 337 08 20 30  -3.285   0.971   1.124   3.619
 90 337 08 21 30  -3.400   0.191   1.206   3.619
 90 337 08 22 30  -3.444   0.100   0.920   3.571
 90 337 08 23 30  -3.551  -0.214   0.637   3.619
 90 337 08 24 30  -3.524  -0.587   0.480   3.610
 90 337 08 25 30  -3.573  -0.416   0.327   3.619
 90 337 08 26 30  -3.534  -0.655   0.166   3.618
 90 337 08 27 30  -3.643  -0.310  -0.070   3.660
 90 337 08 28 30  -3.646  -0.125  -0.115   3.654
 90 337 08 29 30  -3.632   0.092  -0.290   3.652
 90 337 08 30 30  -3.625   0.277  -0.362   3.657
 90 337 08 31 30  -3.615   0.413  -0.406   3.666
 90 337 08 32 30  -3.534   0.771  -0.146   3.637
 90 337 08 33 30  -3.518   0.771  -0.292   3.614
 90 337 08 34 30  -3.545   0.705  -0.109   3.620
 90 337 08 36 30  -3.466   0.698   0.368   3.559
 90 337 08 37 30  -3.492   0.778   0.385   3.609
 90 337 08 38 30  -3.472   0.825   0.184   3.598
 90 337 08 39 30  -3.531   0.721  -0.053   3.613
 90 337 08 40 30  -3.543   0.702  -0.407   3.658
 90 337 08 41 30  -3.624   0.367  -0.257   3.665
 90 337 08 42 30  -3.635   0.311  -0.267   3.661
 90 337 08 43 30  -3.587   0.019  -0.034   3.598
 90 337 08 44 30  -3.552  -0.254  -0.110   3.598
 90 337 08 45 30  -3.448  -0.518  -0.804   3.598
 90 337 08 46 30  -3.283  -0.815  -1.011   3.541
 90 337 08 47 30  -3.060  -0.968  -1.425   3.522
 90 337 08 48 30  -2.796  -1.069  -1.768   3.487
 90 337 08 49 30  -2.566  -1.019  -1.918   3.375
 90 337 08 50 30  -2.544  -1.317  -1.721   3.360
 90 337 08 51 30  -2.543  -0.962  -1.788   3.413
 90 337 08 52 30  -2.554   1.670  -1.643   3.483
 90 337 08 53 30  -2.399   1.755  -1.726   3.469
 90 337 08 54 30  -2.392   1.838  -1.575   3.452
 90 337 08 55 30  -2.400   1.762  -1.744   3.458
 90 337 08 56 30  -2.413   1.467  -1.989   3.469
 90 337 08 57 30  -2.300   1.730  -1.752   3.444
 90 337 08 58 30  -2.275   1.515  -1.836   3.441
 90 337 09 00 30  -2.271  -0.086  -2.495   3.376
 90 337 09 01 30  -2.559   1.192  -1.627   3.368
 90 337 09 02 30  -2.526   1.643  -1.480   3.362
 90 337 09 03 30  -2.555   1.562  -1.492   3.347
 90 337 09 04 30  -2.566   1.590  -1.459   3.355
 90 337 09 05 30  -2.320   1.217  -1.961   3.341
 90 337 09 06 30  -2.582   1.545  -1.305   3.316
 90 337 09 07 30  -2.626   1.772  -1.005   3.329
 90 337 09 08 30  -2.668   1.628  -1.027   3.305
 90 337 09 09 30  -2.469   1.596  -1.517   3.327
 90 337 09 10 30  -2.684   1.648  -1.005   3.365
 90 337 09 11 30  -2.842   1.690  -0.301   3.383
 90 337 09 12 30  -2.953   1.619  -0.612   3.441
 90 337 09 13 30  -2.983   1.601  -0.764   3.473
 90 337 09 14 30  -3.046   1.355  -1.012   3.486
 90 337 09 15 30  -3.112   1.160  -1.074   3.494
 90 337 09 16 30  -2.992   1.169  -1.426   3.517
 90 337 09 17 30  -2.959   1.060  -1.586   3.524
 90 337 09 18 30  -2.837   1.070  -1.760   3.514
 90 337 09 19 30  -2.582   1.345  -1.893   3.476
 90 337 09 20 30  -2.609   0.878  -2.111   3.511
 90 337 09 21 30  -2.601   0.410  -2.268   3.492
 90 337 09 22 30  -2.465   0.693  -2.387   3.513
 90 337 09 23 30  -2.491   0.573  -2.418   3.524
 90 337 09 24 30  -2.341   0.392  -2.572   3.513
 90 337 09 25 30  -2.330   0.255  -2.459   3.450
 90 337 09 26 30  -2.055   0.908  -2.319   3.374
 90 337 09 27 30  -1.983   1.789  -2.145   3.431
 90 337 09 28 30  -1.456   2.444  -1.949   3.487
 90 337 09 29 30  -1.400   2.497  -1.987   3.495
 90 337 09 30 30  -1.340   2.789  -1.703   3.538
 90 337 09 31 30  -1.047   2.941  -1.566   3.498
 90 337 09 32 30  -0.596   3.214  -1.172   3.485
 90 337 09 33 30  -1.130   2.706  -1.604   3.409
 90 337 09 34 30  -1.392   2.520  -1.736   3.367
 90 337 09 35 30  -1.884   1.428  -1.675   3.038
 90 337 09 36 30  -2.580  -0.114  -1.496   3.019
 90 337 09 37 30  -2.587  -0.818  -1.454   3.086
 90 337 09 38 30  -2.558  -0.633  -1.597   3.088
 90 337 09 39 30  -1.935   0.669  -1.344   3.064
 90 337 09 40 30   0.082   2.879  -0.167   2.920
 90 337 09 41 30   0.312   2.965  -0.047   3.060
 90 337 09 42 30  -0.302   3.195  -0.209   3.232
 90 337 09 43 30  -0.067   2.885   0.968   3.154
 90 337 09 44 30  -0.880   3.268  -0.641   3.503
 90 337 09 45 30  -0.664   3.100  -0.732   3.332
 90 337 09 46 30   0.082   2.355   0.589   2.530
 90 337 09 47 30   0.443   2.521  -0.004   2.696
 90 337 09 48 30   0.109   2.595  -0.600   2.688
 90 337 09 49 30   0.260   2.529  -0.300   2.582
 90 337 09 50 30  -1.401   2.514  -0.983   3.058
 90 337 09 51 30  -1.338   2.468  -0.960   2.988
 90 337 09 52 30  -1.236   1.742  -1.033   2.430
 90 337 09 53 30   0.448   1.568   0.324   2.424
 90 337 09 54 30   1.622   0.837   1.735   2.532
 90 337 09 55 30   2.041   0.727   2.066   3.000
 90 337 09 56 30   2.104   0.885   2.122   3.127
 90 337 09 57 30   2.155   0.642   2.102   3.131
 90 337 09 58 30   1.965   0.848   2.213   3.093
 90 337 09 59 30   1.700   1.173   2.269   3.096
 90 337 10 00 30   1.786   0.933   2.278   3.045
 90 337 10 01 30   1.798   1.059   2.314   3.119
 90 337 10 02 30   1.901   0.857   2.359   3.151
 90 337 10 03 30   1.918   0.616   2.402   3.141
 90 337 10 04 30   1.826   0.377   2.486   3.114
 90 337 10 05 30   1.728   0.373   2.334   2.934
 90 337 10 06 30   1.681   0.332   2.123   2.733
 90 337 10 07 30   1.681   0.326   2.176   2.772
 90 337 10 08 30   1.827   0.308   2.215   2.896
 90 337 10 09 30   1.975   0.433   2.248   3.026
 90 337 10 10 30   2.121   0.469   2.351   3.202
 90 337 10 11 30   2.013   0.532   2.182   3.019
 90 337 10 12 30   2.000   0.616   2.234   3.062
 90 337 10 13 30   2.088   0.647   2.238   3.130
 90 337 10 14 30   2.145   0.634   2.333   3.234
 90 337 10 15 30   2.022   0.663   2.098   2.993
 90 337 10 16 30   1.810   0.438   2.130   2.833
 90 337 10 17 30   1.774   0.553   2.196   2.879
 90 337 10 18 30   1.890   0.642   2.173   2.953
 90 337 10 19 30   1.906   0.680   2.280   3.054
 90 337 10 20 30   1.828   0.909   2.014   2.882
 90 337 10 21 30   1.917   0.684   2.185   3.006
 90 337 10 22 30   1.689   1.194   2.124   2.970
 90 337 10 23 30   1.756   1.275   2.406   3.254
 90 337 10 24 30   1.644   1.544   2.283   3.213
 90 337 10 25 30   1.634   1.738   2.084   3.179
 90 337 10 26 30   1.738   1.945   2.098   3.348
 90 337 10 27 30   1.678   1.813   2.070   3.227
 90 337 10 28 30   1.666   1.715   2.196   3.250
 90 337 10 29 30   1.608   1.798   2.034   3.156
 90 337 10 30 30   1.655   1.940   2.081   3.293
 90 337 10 31 30   1.612   1.910   1.952   3.178
 90 337 10 32 30   1.268   2.281   1.719   3.131
 90 337 10 33 30   1.394   1.888   1.835   2.984
 90 337 10 34 30   1.482   1.836   1.881   3.020
 90 337 10 35 30   1.569   1.758   1.945   3.059
 90 337 10 36 30   1.776   1.624   1.896   3.074
 90 337 10 37 30   1.924   1.697   1.719   3.091
 90 337 10 38 30   1.913   1.610   1.811   3.094
 90 337 10 39 30   2.006   1.469   1.946   3.159
 90 337 10 40 30   1.967   1.811   1.882   3.272
 90 337 10 41 30   1.961   1.829   1.850   3.262
 90 337 10 42 30   2.035   1.798   1.830   3.278
 90 337 10 43 30   1.931   1.962   1.746   3.267
 90 337 10 44 30   1.955   2.145   1.786   3.410
 90 337 10 45 30   1.961   2.274   1.764   3.484
 90 337 10 46 30   2.044   2.211   1.709   3.464
 90 337 10 47 30   2.083   2.246   1.662   3.487
 90 337 10 48 30   2.115   2.219   1.689   3.501
 90 337 10 49 30   2.121   2.143   1.673   3.453
 90 337 10 50 30   2.129   2.164   1.516   3.396
 90 337 10 51 30   1.832   2.379   1.411   3.332
 90 337 10 52 30   1.787   2.517   1.341   3.367
 90 337 10 53 30   1.869   2.464   1.426   3.411
 90 337 10 54 30   1.776   2.566   1.401   3.422
 90 337 10 55 30   1.801   2.599   1.211   3.391
 90 337 10 56 30   1.549   2.497   1.764   3.431
 90 337 10 57 30   1.477   2.722   1.542   3.463
 90 337 10 58 30   1.303   2.880   1.338   3.455
 90 337 10 59 30   1.490   2.550   1.610   3.365
 90 337 11 00 30   1.333   2.582   1.704   3.369
 90 337 11 01 30   1.321   2.598   1.731   3.391
 90 337 11 02 30   2.056   2.438   1.085   3.411
 90 337 11 03 30   2.300   2.335   0.794   3.379
 90 337 11 04 30   2.282   2.360   0.799   3.383
 90 337 11 05 30   2.066   2.582   0.783   3.400
 90 337 11 06 30   2.048   2.595   0.749   3.392
 90 337 11 07 30   1.882   2.653   0.819   3.364
 90 337 11 08 30   1.752   2.831   0.495   3.372
 90 337 11 09 30   1.719   2.906   0.330   3.395
 90 337 11 10 30   1.771   2.887   0.152   3.395
 90 337 11 11 30   1.854   2.706   0.451   3.400
 90 337 11 12 30   1.895   2.388   1.259   3.302
 90 337 11 13 30   1.765   2.625   1.043   3.335
 90 337 11 14 30   1.572   2.793   0.782   3.304
 90 337 11 15 30   1.562   2.888   0.700   3.360
 90 337 11 16 30   1.720   2.782   0.819   3.375
 90 337 11 17 30   1.744   2.715   0.913   3.356
 90 337 11 18 30   1.547   2.745   1.178   3.369
 90 337 11 19 30   1.473   2.702   1.244   3.324
 90 337 11 20 30   1.494   2.738   1.128   3.320
 90 337 11 21 30   1.570   2.674   1.240   3.341
 90 337 11 22 30   1.638   2.644   1.167   3.323
 90 337 11 23 30   1.629   2.726   1.052   3.348
 90 337 11 24 30   1.616   2.850   0.980   3.422
 90 337 11 25 30   1.574   2.901   0.912   3.426
 90 337 11 26 30   1.521   2.905   0.945   3.417
 90 337 11 27 30   1.614   2.822   1.183   3.477
 90 337 11 28 30   1.673   2.859   0.798   3.411
 90 337 11 29 30   1.783   2.720   0.920   3.383
 90 337 11 30 30   1.877   2.754   0.877   3.448
 90 337 11 31 30   1.792   2.828   0.796   3.444
 90 337 11 32 30   1.840   2.781   0.898   3.457
 90 337 11 33 30   1.826   2.843   0.871   3.495
 90 337 11 34 30   1.916   2.830   0.784   3.511
 90 337 11 35 30   1.983   2.939   0.593   3.597
 90 337 11 36 30   1.944   2.997   0.618   3.630
 90 337 11 37 30   2.064   3.015   0.579   3.701
 90 337 11 38 30   2.072   3.005   0.479   3.684
 90 337 11 39 30   2.015   3.057   0.516   3.701
 90 337 11 40 30   1.776   3.153   0.284   3.640
 90 337 11 41 30   1.630   3.346  -0.009   3.725
 90 337 11 42 30   1.897   3.226   0.121   3.748
 90 337 11 43 30   1.691   3.336  -0.153   3.752
 90 337 11 44 30   1.816   3.071  -0.424   3.609
 90 337 11 45 30   1.393   3.460   0.092   3.741
 90 337 11 46 30   1.314   3.275  -0.025   3.535
 90 337 11 47 30   1.478   3.205   0.122   3.535
 90 337 11 48 30   1.413   3.193  -0.014   3.494
 90 337 11 49 30   1.414   3.194   0.064   3.496
 90 337 11 50 30   1.326   3.257   0.263   3.530
 90 337 11 51 30   1.267   3.293   0.009   3.530
 90 337 11 52 30   1.254   3.313  -0.033   3.545
 90 337 11 53 30   1.341   3.253  -0.044   3.521
 90 337 11 54 30   1.195   3.161  -0.098   3.392
 90 337 11 55 30   1.266   3.166   0.125   3.420
 90 337 11 56 30   0.924   3.190  -0.311   3.340
 90 337 11 57 30   0.573   3.300  -0.583   3.407
 90 337 11 58 30   0.595   3.133  -0.568   3.244
 90 337 11 59 30   0.477   3.144   0.246   3.230
 90 337 12 00 30   0.421   3.198   0.448   3.262
 90 337 12 01 30   0.336   3.179   0.135   3.206
 90 337 12 02 30  -0.230   3.163  -0.506   3.243
 90 337 12 03 30  -0.738   3.046  -0.877   3.277
 90 337 12 04 30  -0.526   3.127  -0.557   3.236
 90 337 12 05 30   0.057   3.124  -0.584   3.239
 90 337 12 06 30   0.583   3.017  -0.354   3.111
 90 337 12 07 30   0.703   2.995  -0.257   3.095
 90 337 12 08 30   1.367   2.906   0.150   3.232
 90 337 12 09 30   1.228   2.878   0.091   3.175
 90 337 12 10 30  -0.478   3.092  -0.703   3.254
 90 337 12 11 30  -1.084   2.899  -1.271   3.350
 90 337 12 12 30  -1.078   2.972  -1.178   3.377
 90 337 12 13 30  -0.863   3.001  -1.278   3.377
 90 337 12 14 30  -0.800   3.014  -1.268   3.368
 90 337 12 15 30  -0.789   3.035  -1.207   3.361
 90 337 12 16 30  -0.736   3.015  -1.291   3.363
 90 337 12 17 30  -0.803   2.994  -1.260   3.348
 90 337 12 18 30  -0.718   3.026  -1.218   3.343
 90 337 12 19 30  -0.636   2.984  -1.379   3.350
 90 337 12 20 30  -0.512   3.032  -1.096   3.268
 90 337 12 21 30  -0.531   2.955  -1.198   3.234
 90 337 12 22 30  -0.585   2.838  -1.326   3.190
 90 337 12 23 30  -0.659   2.775  -1.462   3.210
 90 337 12 24 30  -0.336   2.801  -1.214   3.087
 90 337 12 25 30   0.030   2.816  -1.042   3.017
 90 337 12 26 30   0.262   2.801  -1.134   3.037
 90 337 12 27 30   0.209   2.758  -1.111   2.987
 90 337 12 28 30   0.546   2.792  -0.818   2.979
 90 337 12 29 30  -0.159   2.594  -1.322   2.925
 90 337 12 30 30  -0.800   2.566  -1.454   3.075
 90 337 12 31 30  -1.247   2.281  -1.641   3.103
 90 337 12 32 30  -1.681   2.032  -1.417   3.017
 90 337 12 33 30  -1.564   2.061  -1.424   2.975
 90 337 12 34 30  -1.618   2.055  -1.114   2.915
 90 337 12 35 30  -0.883   1.844  -1.853   2.890
 90 337 12 36 30  -0.440   2.559  -1.387   3.003
 90 337 12 37 30  -0.662   2.493  -2.060   3.303
 90 337 12 38 30  -0.678   2.482  -2.016   3.272
 90 337 12 39 30  -0.621   2.373  -2.059   3.209
 90 337 12 40 30   0.196   2.161  -0.391   2.339
 90 337 12 41 30   0.127   1.907  -0.369   1.958
 90 337 12 42 30   0.192   1.872  -0.115   1.896
 90 337 12 43 30   0.318   1.584   0.338   1.701
 90 337 12 44 30   0.409   1.463   0.332   1.566
 90 337 12 45 30   0.477   1.493   0.367   1.646
 90 337 12 46 30   0.456   1.637   0.255   1.771
 90 337 12 47 30   0.163   1.487  -0.545   1.666
 90 337 12 48 30   0.321   1.772  -0.002   1.909
 90 337 12 49 30   0.106   1.792  -0.222   1.918
 90 337 12 50 30  -0.538   2.024  -0.869   2.272
 90 337 12 51 30  -0.328   2.090  -0.460   2.173
 90 337 12 52 30  -0.414   2.061  -0.667   2.214
 90 337 12 53 30  -0.406   2.035  -0.484   2.143
 90 337 12 54 30  -0.437   2.087  -0.562   2.208
 90 337 12 55 30  -0.343   1.923  -0.488   2.024
 90 337 12 56 30  -0.113   1.707  -0.124   1.768
 90 337 12 57 30   0.109   1.725  -0.521   1.824
 90 337 12 58 30   0.225   1.726  -0.578   1.840
 90 337 12 59 30   0.191   1.704  -0.700   1.860
 90 337 13 00 30   0.214   1.724  -0.733   1.893
 90 337 13 01 30   0.417   1.790  -0.672   1.958
 90 337 13 02 30   0.495   1.821  -0.616   1.987
 90 337 13 03 30   0.498   1.795  -0.522   1.936
 90 337 13 04 30   0.459   1.767  -0.593   1.921
 90 337 13 05 30   0.603   1.691  -0.654   1.914
 90 337 13 06 30   0.534   1.693  -0.630   1.885
 90 337 13 07 30   0.539   1.718  -0.528   1.883
 90 337 13 08 30   0.499   1.758  -0.350   1.863
 90 337 13 09 30   0.533   1.739  -0.249   1.837
 90 337 13 10 30   0.791   1.832  -0.287   2.026
 90 337 13 11 30   0.878   1.932  -0.432   2.172
 90 337 13 12 30   0.845   1.836  -0.642   2.142
 90 337 13 13 30   0.466   1.691  -0.804   1.971
 90 337 13 14 30   0.764   1.998  -0.692   2.256
 90 337 13 15 30   0.858   1.843  -0.773   2.189
 90 337 13 16 30   0.587   2.147  -0.146   2.290
 90 337 13 17 30   0.636   2.239   0.167   2.353
 90 337 13 18 30   0.988   2.302  -0.050   2.515
 90 337 13 19 30   0.263   2.819   0.352   2.861
 90 337 13 20 30   0.328   2.748   0.094   2.779
 90 337 13 21 30   0.233   2.601  -0.122   2.614
 90 337 13 22 30   0.477   2.526  -0.460   2.634
 90 337 13 23 30   0.981   2.413  -0.471   2.676
 90 337 13 24 30   0.962   2.365  -0.043   2.573
 90 337 13 25 30   1.043   2.439  -0.510   2.737
 90 337 13 26 30   1.077   2.498  -0.788   2.834
 90 337 13 27 30   1.017   2.397  -0.470   2.648
 90 337 13 28 30   1.244   2.403  -0.473   2.758
 90 337 13 29 30   1.046   2.369  -0.654   2.677
 90 337 13 30 30   0.945   2.470  -0.535   2.701
 90 337 13 31 30   0.932   2.656  -0.328   2.857
 90 337 13 32 30   1.222   2.810  -0.021   3.070
 90 337 13 33 30   1.322   2.707  -0.179   3.034
 90 337 13 34 30   1.063   2.757  -0.353   2.983
 90 337 13 35 30   1.454   2.588   0.406   3.113
 90 337 13 36 30   1.825   2.498   1.147   3.302
 90 337 13 37 30   1.792   2.549   1.171   3.330
 90 337 13 38 30   1.690   2.556   1.173   3.298
 90 337 13 39 30   1.823   2.159   1.543   3.222
 90 337 13 40 30   1.748   2.196   1.542   3.212
 90 337 13 41 30   1.405   2.440   0.988   3.066
 90 337 13 42 30   1.145   2.627  -0.170   2.940
 90 337 13 43 30   1.112   2.824  -0.481   3.075
 90 337 13 44 30   1.123   2.904  -0.330   3.133
 90 337 13 45 30   1.217   2.907  -0.316   3.171
 90 337 13 46 30   1.133   2.895  -0.099   3.112
 90 337 13 47 30   1.183   2.894  -0.145   3.135
 90 337 13 48 30   1.246   2.853  -0.060   3.116
 90 337 13 49 30   1.405   2.886  -0.109   3.217
 90 337 13 50 30   1.478   2.788   0.204   3.177
 90 337 13 51 30   1.587   2.559   1.018   3.188
 90 337 13 52 30   1.550   2.656   0.685   3.161
 90 337 13 53 30   1.463   2.713   0.585   3.151
 90 337 13 54 30   1.567   2.655   0.480   3.127
 90 337 13 55 30   1.642   2.604   0.761   3.175
 90 337 13 56 30   1.535   2.589   0.813   3.119
 90 337 13 57 30   1.327   2.735   0.764   3.144
 90 337 13 58 30   1.367   2.679   0.743   3.123
 90 337 13 59 30   1.029   2.798   0.577   3.050
 90 337 14 00 30   1.211   2.678   0.657   3.020
 90 337 14 01 30   1.642   2.151   0.786   2.844
 90 337 14 02 30   1.635   1.337   1.037   2.362
 90 337 14 03 30   1.887   0.388   1.380   2.401
 90 337 14 04 30   1.791   0.206   1.421   2.314
 90 337 14 05 30   1.356   0.046   1.412   2.348
 90 337 14 06 30   1.575  -0.574   0.879   2.379
 90 337 14 07 30   1.749  -0.903   1.548   2.515
 90 337 14 08 30   1.569  -0.556   1.616   2.338
 90 337 14 09 30   1.421   0.049   1.716   2.257
 90 337 14 10 30   1.229   0.281   1.899   2.290
 90 337 14 11 30   1.141   0.083   2.021   2.372
 90 337 14 12 30   1.298  -0.009   2.096   2.469
 90 337 14 13 30   1.320   0.118   1.991   2.399
 90 337 14 14 30   1.359   0.523   1.881   2.398
 90 337 14 15 30   1.243   0.754   1.852   2.368
 90 337 14 16 30   1.274   0.644   1.842   2.344
 90 337 14 17 30   1.284   0.891   1.782   2.379
 90 337 14 18 30   1.052   1.359   1.801   2.504
 90 337 14 19 30   1.246   1.261   1.725   2.494
 90 337 14 20 30   0.711   1.685   1.661   2.478
 90 337 14 21 30   0.456   1.818   1.535   2.436
 90 337 14 22 30   0.683   1.434   1.582   2.266
 90 337 14 23 30  -0.114   2.297   0.923   2.485
 90 337 14 24 30   0.246   2.345   1.003   2.565
 90 337 14 25 30  -0.185   1.555   0.456   1.646
 90 337 14 26 30  -0.018   0.854   0.185   0.882
 90 337 14 27 30  -0.356   1.495   0.175   1.576
 90 337 14 28 30  -1.335   2.425  -0.791   2.915
 90 337 14 29 30  -1.957   2.301  -1.490   3.383
 90 337 14 30 30  -1.888   2.355  -1.409   3.335
 90 337 14 31 30  -1.074   2.122  -0.351   2.901
 90 337 14 32 30   0.133   1.825   1.831   2.600
 90 337 14 33 30   0.296   1.474   1.798   2.542
 90 337 14 34 30   0.016   1.722   1.649   2.422
 90 337 14 35 30  -0.408   1.790   1.629   2.483
 90 337 14 36 30   0.047   1.986   1.645   2.585
 90 337 14 37 30   0.157   1.736   1.816   2.547
 90 337 14 38 30  -0.677   2.568   0.462   2.840
 90 337 14 39 30  -0.372   2.989   0.637   3.096
 90 337 14 40 30  -0.286   3.010   0.590   3.086
 90 337 14 41 30  -0.346   3.008   0.567   3.104
 90 337 14 42 30   0.088   3.313   0.383   3.351
 90 337 14 43 30   0.078   3.355   0.394   3.386
 90 337 14 44 30  -0.112   3.356   0.027   3.361
 90 337 14 45 30   0.123   3.465   0.005   3.473
 90 337 14 46 30   0.233   3.466  -0.119   3.480
 90 337 14 47 30   0.353   3.507  -0.049   3.528
 90 337 14 48 30   0.499   3.540  -0.090   3.581
 90 337 14 49 30  -0.911   2.728   1.196   3.332
 90 337 14 50 30  -1.180   2.616   1.470   3.231
 90 337 14 51 30  -1.078   2.875   1.008   3.236
 90 337 14 52 30  -1.136   2.870   1.085   3.276
 90 337 14 53 30  -1.125   2.879   1.047   3.268
 90 337 14 54 30  -1.186   2.727   1.016   3.151
 90 337 14 55 30  -1.375   2.438   1.078   3.014
 90 337 14 56 30  -1.448   2.630   0.632   3.080
 90 337 14 57 30  -1.392   2.696   0.405   3.070
 90 337 14 58 30  -1.179   2.562   0.265   2.890
 90 337 14 59 30  -1.145   2.501   0.710   2.880
 90 337 15 00 30  -1.482   2.595   0.381   3.046
 90 337 15 01 30  -1.800   2.512   0.029   3.102
 90 337 15 02 30  -1.908   2.490  -0.044   3.152
 90 337 15 03 30  -1.978   2.356   0.208   3.146
 90 337 15 04 30  -2.095   2.310   0.278   3.268
 90 337 15 05 30  -2.431   1.879   0.986   3.303
 90 337 15 06 30  -1.349   2.565   0.046   2.923
 90 337 15 07 30  -2.206   0.343   1.191   2.751
 90 337 15 08 30  -1.450   1.987   0.877   2.758
 90 337 15 09 30  -1.035   2.371   0.695   2.737
 90 337 15 10 30  -0.765   2.425   0.880   2.728
 90 337 15 11 30  -1.192   2.400   0.627   2.765
 90 337 15 12 30  -0.684   2.452   0.762   2.753
 90 337 15 13 30  -1.639   2.021   0.257   2.639
 90 337 15 14 30  -1.411   2.057   0.372   2.596
 90 337 15 15 30  -0.765   2.397   0.685   2.691
 90 337 15 16 30  -0.579   2.605   0.408   2.716
 90 337 15 17 30   0.312   2.745  -0.111   2.787
 90 337 15 18 30  -0.431   2.699   0.309   2.831
 90 337 15 19 30   0.065   2.667   0.015   2.715
 90 337 15 20 30  -0.365   2.416   0.043   2.594
 90 337 15 21 30  -0.104   2.194  -0.126   2.273
 90 337 15 22 30   0.703   2.320   0.270   2.482
 90 337 15 23 30   0.075   2.428   0.365   2.500
 90 337 15 24 30   0.325   2.619   0.345   2.757
 90 337 15 25 30   1.290   2.346   0.752   2.792
 90 337 15 26 30   0.924   2.400   0.703   2.684
 90 337 15 27 30   0.479   2.083   0.664   2.273
 90 337 15 28 30   0.251   2.346   0.810   2.512
 90 337 15 29 30   0.264   2.640   0.660   2.750
 90 337 15 30 30  -0.199   2.683   0.055   2.738
 90 337 15 31 30  -0.117   2.549   0.187   2.571
 90 337 15 32 30  -0.558   2.329  -0.182   2.480
 90 337 15 33 30  -1.055   2.046  -0.579   2.387
 90 337 15 34 30  -1.237   1.843  -0.666   2.328
 90 337 15 35 30  -1.333   1.952  -0.349   2.410
 90 337 15 36 30  -1.462   1.865  -0.274   2.398
 90 337 15 37 30  -1.862   1.318  -0.528   2.355
 90 337 15 38 30  -1.919   1.117  -0.814   2.371
 90 337 15 39 30  -1.900   1.017  -0.914   2.376
 90 337 15 40 30  -2.022   0.272  -0.935   2.285
 90 337 15 41 30  -2.116  -0.660  -0.912   2.409
 90 337 15 42 30  -2.182   0.021  -0.987   2.417
 90 337 15 43 30  -2.245  -0.123  -0.956   2.455
 90 337 15 44 30  -2.354  -0.042  -0.937   2.540
 90 337 15 45 30  -2.204  -0.545  -0.924   2.471
 90 337 15 46 30  -1.958  -0.975  -1.141   2.478
 90 337 15 47 30  -2.042  -1.142  -0.860   2.502
 90 337 15 48 30  -2.082  -1.150  -0.533   2.444
 90 337 15 49 30  -1.975  -1.266  -0.726   2.464
 90 337 15 50 30  -1.981  -1.112  -0.700   2.384
 90 337 15 51 30  -1.906  -1.447  -0.345   2.426
 90 337 15 52 30  -1.850  -1.644  -0.155   2.490
 90 337 15 53 30  -1.804  -1.626  -0.405   2.471
 90 337 15 54 30  -1.913  -1.180  -0.523   2.374
 90 337 15 55 30  -1.996  -1.079  -0.245   2.347
 90 337 15 56 30  -1.927  -1.194  -0.690   2.386
 90 337 15 57 30  -2.002  -1.336  -0.719   2.520
 90 337 15 58 30  -2.052  -1.367  -0.678   2.559
 90 337 15 59 30  -2.191  -1.162  -0.651   2.569
 90 337 16 00 30  -2.265  -0.999  -0.725   2.592
 90 337 16 01 30  -2.456  -0.490  -0.650   2.595
 90 337 16 02 30  -2.395  -0.699  -0.458   2.554
 90 337 16 03 30  -2.146  -1.156  -0.489   2.533
 90 337 16 04 30  -1.931  -1.505  -0.362   2.500
 90 337 16 05 30  -2.374  -1.134  -0.708   2.743
 90 337 16 06 30  -2.526  -0.790  -0.900   2.801
 90 337 16 07 30  -2.423  -0.422  -0.946   2.640
 90 337 16 08 30  -2.471  -0.332  -0.860   2.639
 90 337 16 09 30  -2.534  -0.332  -0.822   2.688
 90 337 16 10 30  -2.595  -0.332  -0.802   2.739
 90 337 16 11 30  -2.555  -0.163  -0.771   2.676
 90 337 16 12 30  -2.573  -0.136  -0.769   2.691
 90 337 16 13 30  -2.663  -0.206  -0.632   2.747
 90 337 16 14 30  -2.641  -0.146  -0.620   2.718
 90 337 16 15 30  -2.642  -0.166  -0.675   2.733
 90 337 16 16 30  -2.523  -0.282  -0.805   2.665
 90 337 16 17 30  -2.608  -0.144  -0.678   2.700
 90 337 16 18 30  -2.641   0.101  -0.398   2.677
 90 337 16 19 30  -2.632   0.041  -0.403   2.665
 90 337 16 20 30  -2.648   0.002  -0.434   2.685
 90 337 16 21 30  -2.708   0.083  -0.357   2.735
 90 337 16 22 30  -2.637   0.228  -0.396   2.677
 90 337 16 23 30  -2.643   0.284  -0.500   2.706
 90 337 16 24 30  -2.538   0.059  -0.639   2.621
 90 337 16 25 30  -2.719  -0.034  -0.821   2.843
 90 337 16 26 30  -2.753   0.004  -0.805   2.870
 90 337 16 27 30  -2.687   0.013  -0.736   2.787
 90 337 16 28 30  -2.621   0.020  -0.772   2.733
 90 337 16 29 30  -2.513   0.185  -0.642   2.620
 90 337 16 30 30  -2.249   0.575  -0.447   2.388
 90 337 16 31 30  -2.383   0.267  -0.866   2.553
 90 337 16 32 30  -2.454   0.274  -0.676   2.566
 90 337 16 33 30  -2.386   0.263  -0.858   2.556
 90 337 16 34 30  -2.309   0.265  -1.015   2.539
 90 337 16 35 30  -2.259   0.183  -1.091   2.520
 90 337 16 36 30  -2.506   0.341  -0.798   2.658
 90 337 16 37 30  -2.442   0.479  -0.546   2.564
 90 337 16 38 30  -2.450   0.403  -0.487   2.538
 90 337 16 39 30  -2.267   0.340  -0.117   2.311
 90 337 16 40 30  -2.284   0.336   0.102   2.317
 90 337 16 41 30  -2.125   0.627  -0.540   2.323
 90 337 16 42 30  -2.191   0.129  -0.906   2.391
 90 337 16 43 30  -1.613   0.723  -0.398   2.054
 90 337 16 44 30  -2.268   0.815  -0.637   2.507
 90 337 16 45 30  -2.310   1.471  -0.497   2.788
 90 337 16 46 30  -2.252   1.181  -0.599   2.722
 90 337 16 47 30  -2.243   1.630  -0.580   2.836
 90 337 16 48 30  -2.449   1.085  -0.199   2.767
 90 337 16 49 30  -2.440   1.091   0.251   2.709
 90 337 16 50 30  -2.078   1.593  -0.254   2.691
 90 337 16 51 30  -2.169   1.747   0.146   2.793
 90 337 16 52 30  -2.215   1.566   0.260   2.732
 90 337 16 53 30  -2.335   1.688   0.224   2.894
 90 337 16 54 30  -2.254   1.599  -0.375   2.829
 90 337 16 55 30  -2.216   1.426  -0.606   2.713
 90 337 16 56 30  -2.250   1.211  -0.987   2.741
 90 337 16 57 30  -2.292   1.241  -0.938   2.773
 90 337 16 58 30  -2.124   1.344  -1.069   2.738
 90 337 16 59 30  -2.085   1.288  -1.110   2.696
 90 337 17 00 30  -2.251   1.138  -1.193   2.798
 90 337 17 01 30  -2.083   1.756  -0.502   2.825
 90 337 17 02 30  -2.003   2.084  -0.011   2.902
 90 337 17 03 30  -2.256   1.834  -0.641   2.992
 90 337 17 04 30  -2.138   1.891  -0.574   2.929
 90 337 17 05 30  -2.123   1.799  -0.621   2.854
 90 337 17 06 30  -2.294   1.750  -0.630   2.963
 90 337 17 07 30  -2.049   1.850  -0.940   2.921
 90 337 17 08 30  -2.112   1.781  -0.949   2.923
 90 337 17 09 30  -2.147   1.540  -1.196   2.906
 90 337 17 10 30  -2.225   1.298  -1.283   2.880
 90 337 17 11 30  -2.357   1.131  -1.254   2.904
 90 337 17 12 30  -2.371   1.063  -1.113   2.834
 90 337 17 13 30  -2.358   1.353  -0.894   2.865
 90 337 17 14 30  -2.412   1.474  -0.797   2.941
 90 337 17 15 30  -2.330   1.693  -0.703   2.970
 90 337 17 16 30  -2.185   1.754  -0.660   2.887
 90 337 17 17 30  -2.454   0.951  -1.139   2.888
 90 337 17 18 30  -2.285   0.584  -1.394   2.750
 90 337 17 19 30  -2.432   0.754  -1.234   2.832
 90 337 17 20 30  -2.458   1.086  -1.078   2.922
 90 337 17 21 30  -2.052   1.835  -0.758   2.859
 90 337 17 22 30  -2.056   1.752  -0.841   2.830
 90 337 17 23 30  -1.875   1.674  -0.857   2.657
 90 337 17 24 30  -2.018   1.687  -0.754   2.741
 90 337 17 25 30  -2.117   1.631  -1.025   2.865
 90 337 17 26 30  -2.156   1.611  -0.998   2.872
 90 337 17 27 30  -2.189   1.608  -0.973   2.886
 90 337 17 28 30  -2.088   1.702  -0.941   2.855
 90 337 17 29 30  -1.978   1.819  -1.015   2.874
 90 337 17 30 30  -2.154   1.648  -0.977   2.887
 90 337 17 31 30  -2.103   1.736  -0.927   2.886
 90 337 17 32 30  -1.773   1.697  -1.543   2.929
 90 337 17 33 30  -1.955   1.539  -1.258   2.792
 90 337 17 34 30  -1.968   1.514  -1.248   2.780
 90 337 17 35 30  -2.030   1.482  -1.182   2.780
 90 337 17 36 30  -2.155   1.481  -1.002   2.804
 90 337 17 37 30  -2.452   1.324  -0.737   2.885
 90 337 17 38 30  -2.484   1.330  -0.684   2.901
 90 337 17 39 30  -2.453   1.316  -0.678   2.866
 90 337 17 40 30  -2.546   1.325  -0.524   2.920
 90 337 17 41 30  -2.493   1.385  -0.465   2.899
 90 337 17 42 30  -2.529   1.473  -0.563   2.983
 90 337 17 43 30  -2.546   1.486  -0.443   2.982
 90 337 17 44 30  -2.422   1.474  -0.471   2.876
 90 337 17 45 30  -2.256   1.424  -0.351   2.693
 90 337 17 46 30  -2.211   1.492  -0.415   2.700
 90 337 17 47 30  -2.114   1.566  -0.382   2.660
 90 337 17 48 30  -2.081   1.583  -0.354   2.640
 90 337 17 49 30  -1.969   1.716  -0.471   2.664
 90 337 17 50 30  -2.101   1.527  -0.399   2.634
 90 337 17 51 30  -2.431   1.264  -0.467   2.782
 90 337 17 52 30  -2.392   1.249  -0.472   2.743
 90 337 17 53 30  -2.341   1.350  -0.349   2.730
 90 337 17 54 30  -2.388   1.391  -0.219   2.775
 90 337 17 55 30  -2.272   1.526  -0.165   2.746
 90 337 17 56 30  -2.194   1.503  -0.272   2.678
 90 337 17 57 30  -2.107   1.510  -0.363   2.625
 90 337 17 58 30  -2.114   1.524  -0.197   2.616
 90 337 17 59 30  -2.300   1.403  -0.234   2.706
 90 337 18 00 30  -2.287   1.464  -0.258   2.731
 90 337 18 01 30  -2.206   1.459  -0.219   2.659
 90 337 18 02 30  -2.201   1.543  -0.587   2.754
 90 337 18 03 30  -2.225   1.537  -0.697   2.795
 90 337 18 04 30  -2.331   1.342  -0.747   2.795
 90 337 18 05 30  -2.106   1.162  -0.649   2.498
 90 337 18 06 30  -2.131   1.040  -0.347   2.410
 90 337 18 07 30  -2.086   1.199  -0.378   2.453
 90 337 18 08 30  -2.286   0.863  -0.533   2.516
 90 337 18 09 30  -1.982   1.336  -0.238   2.448
 90 337 18 10 30  -1.637   1.898  -0.013   2.524
 90 337 18 11 30  -1.139   2.001   0.515   2.394
 90 337 18 12 30  -0.106   2.055   0.515   2.149
 90 337 18 13 30  -0.414   2.029  -0.115   2.103
 90 337 18 14 30  -0.034   2.248   0.062   2.257
 90 337 18 15 30   0.123   2.216  -0.035   2.237
 90 337 18 16 30  -0.660   2.121   0.163   2.276
 90 337 18 17 30  -1.873   1.571  -0.176   2.506
 90 337 18 18 30  -2.387   0.969  -0.515   2.643
 90 337 18 19 30  -2.528   0.860  -0.537   2.729
 90 337 18 20 30  -2.570   0.797  -0.384   2.719
 90 337 18 21 30  -2.587   0.768  -0.442   2.736
 90 337 18 22 30  -2.560   0.824  -0.360   2.716
 90 337 18 23 30  -2.634   0.657  -0.367   2.743
 90 337 18 24 30  -2.642   0.571  -0.518   2.754
 90 337 18 25 30  -2.608   0.618  -0.637   2.757
 90 337 18 26 30  -2.622   0.774  -0.435   2.774
 90 337 18 27 30  -2.584   0.943  -0.414   2.782
 90 337 18 28 30  -2.874   0.943   0.068   3.029
 90 337 18 30 30  -2.933   0.731  -0.253   3.036
 90 337 18 31 30  -2.990   0.679  -0.277   3.081
 90 337 18 32 30  -2.915   0.616  -0.358   3.002
 90 337 18 34 30  -2.934   0.601  -0.671   3.074
 90 337 18 35 30  -2.948   0.613  -0.364   3.034
 90 337 18 36 30  -2.973   0.550  -0.332   3.042
 90 337 18 37 30  -3.024   0.491  -0.475   3.103
 90 337 18 38 30  -3.029   0.391  -0.347   3.076
 90 337 18 39 30  -3.048   0.453  -0.358   3.104
 90 337 18 40 30  -3.068   0.451  -0.475   3.138
 90 337 18 41 30  -3.020   0.522  -0.468   3.103
 90 337 18 42 30  -3.029   0.513  -0.390   3.098
 90 337 18 43 30  -3.068   0.405  -0.390   3.121
 90 337 18 44 30  -3.056   0.419  -0.325   3.103
 90 337 18 45 30  -3.063   0.417  -0.425   3.121
 90 337 18 46 30  -3.095   0.447  -0.390   3.152
 90 337 18 47 30  -3.087   0.475  -0.333   3.142
 90 337 18 48 30  -3.066   0.471  -0.321   3.119
 90 337 18 49 30  -3.052   0.471  -0.437   3.120
 90 337 18 50 30  -3.039   0.499  -0.525   3.128
 90 337 18 51 30  -3.059   0.491  -0.468   3.135
 90 337 18 52 30  -3.080   0.507  -0.695   3.199
 90 337 18 53 30  -3.080   0.479  -0.678   3.191
 90 337 18 54 30  -3.179   0.514  -0.665   3.289
 90 337 18 55 30  -3.176   0.514  -0.677   3.289
 90 337 18 56 30  -3.138   0.471  -0.766   3.266
 90 337 18 57 30  -3.198   0.440  -0.860   3.343
 90 337 18 58 30  -3.157   0.417  -0.938   3.321
 90 337 18 59 30  -3.140   0.481  -0.924   3.309
 90 337 19 00 30  -3.150   0.540  -1.078   3.377
 90 337 19 01 30  -3.308   0.488  -1.292   3.588
 90 337 19 02 30  -3.269   0.685  -1.108   3.533
 90 337 19 03 30  -3.284   0.678  -1.202   3.567
 90 337 19 04 30  -3.287   0.899  -1.116   3.591
 90 337 19 05 30  -3.244   0.992  -1.157   3.590
 90 337 19 06 30  -3.281   0.769  -0.984   3.514
 90 337 19 07 30  -3.226   0.686  -1.175   3.505
 90 337 19 08 30  -3.057   0.889  -1.422   3.490
 90 337 19 09 30  -3.012   1.000  -1.260   3.419
 90 337 19 10 30  -2.982   0.952  -1.165   3.343
 90 337 19 11 30  -2.989   0.998  -1.102   3.343
 90 337 19 12 30  -3.123   1.026  -0.751   3.377
 90 337 19 13 30  -3.137   0.991  -0.729   3.385
 90 337 19 14 30  -3.212   1.091  -0.464   3.431
 90 337 19 15 30  -2.946   1.103  -0.901   3.297
 90 337 19 16 30  -2.928   1.020  -1.061   3.288
 90 337 19 17 30  -3.097   1.222   0.058   3.346
 90 337 19 18 30  -2.861   1.249  -0.458   3.362
 90 337 19 19 30  -2.507   1.533  -1.562   3.337
 90 337 19 20 30  -2.267   1.903  -1.274   3.246
 90 337 19 21 30  -2.041   2.325  -1.186   3.402
 90 337 19 22 30  -2.063   2.702   0.875   3.546
 90 337 19 23 30  -1.134   2.984   1.036   3.369
 90 337 19 24 30  -1.440   2.759   0.934   3.283
 90 337 19 25 30  -2.584   2.326  -0.181   3.503
 90 337 19 26 30  -2.805   2.115  -0.458   3.547
 90 337 19 27 30  -2.918   1.847  -0.560   3.523
 90 337 19 28 30  -3.073   1.513  -0.637   3.496
 90 337 19 29 30  -3.063   1.438  -0.790   3.500
 90 337 19 30 30  -2.955   1.787   0.319   3.487
 90 337 19 31 30  -3.068   1.545  -0.437   3.476
 90 337 19 32 30  -2.822   1.785  -0.871   3.459
 90 337 19 33 30  -2.525   2.014  -0.737   3.327
 90 337 19 34 30  -2.330   2.074  -0.837   3.249
 90 337 19 35 30  -2.929   1.538  -0.417   3.359
 90 337 19 36 30  -2.978   0.923  -0.527   3.253
 90 337 19 37 30  -3.089  -0.152  -0.710   3.179
 90 337 19 38 30  -3.069  -0.269  -0.759   3.175
 90 337 19 39 30  -3.068  -0.418  -0.621   3.164
 90 337 19 40 30  -3.274  -0.370  -0.829   3.403
 90 337 19 41 30  -3.269  -0.537  -0.916   3.448
 90 337 19 42 30  -3.218  -0.989  -0.790   3.466
 90 337 19 43 30  -3.167  -0.986  -1.122   3.503
 90 337 19 44 30  -3.115  -0.814  -1.295   3.475
 90 337 19 45 30  -3.080  -1.001  -1.207   3.473
 90 337 19 46 30  -2.869  -1.258  -1.252   3.395
 90 337 19 47 30  -2.941  -1.168  -1.178   3.381
 90 337 19 48 30  -2.839  -1.279  -1.303   3.383
 90 337 19 49 30  -2.744  -1.412  -1.275   3.345
 90 337 19 50 30  -2.849  -1.410  -1.225   3.408
 90 337 19 52 30  -3.014  -1.159  -1.352   3.502
 90 337 19 53 30  -3.040  -1.171  -1.287   3.504
 90 337 19 54 30  -3.018  -1.203  -1.262   3.487
 90 337 19 55 30  -3.011  -1.186  -1.269   3.477
 90 337 19 56 30  -3.057  -1.142  -1.240   3.492
 90 337 20 00 30  -2.999  -1.055  -0.869   3.297
 90 337 20 01 30  -2.934  -1.130  -0.805   3.247
 90 337 20 09 30  -2.973  -1.299  -0.798   3.342
 90 337 20 10 30  -2.924  -1.234  -0.785   3.272
 90 337 20 11 30  -3.047  -0.913  -0.958   3.329
 90 337 20 12 30  -3.132  -0.834  -1.036   3.404
 90 337 20 13 30  -3.094  -0.989  -0.963   3.390
 90 337 20 14 30  -3.068  -1.085  -0.826   3.360
 90 337 20 15 30  -3.036  -1.009  -0.943   3.337
 90 337 20 16 30  -2.948  -0.990  -0.838   3.222
 90 337 20 17 30  -2.969  -0.934  -0.895   3.239
 90 337 20 18 30  -2.964  -0.999  -0.999   3.284
 90 337 20 19 30  -2.949  -1.077  -0.999   3.298
 90 337 20 20 30  -2.927  -1.087  -0.935   3.261
 90 337 20 21 30  -3.011  -0.993  -0.978   3.320
 90 337 20 22 30  -3.054  -0.655  -1.020   3.290
 90 337 20 23 30  -3.152  -0.449  -0.928   3.318
 90 337 20 24 30  -3.242  -0.374  -0.971   3.406
 90 337 20 25 30  -3.136  -0.498  -1.027   3.339
 90 337 20 26 30  -3.063  -0.535  -1.003   3.268
 90 337 20 27 30  -2.941  -0.599  -0.998   3.165
 90 337 20 28 30  -3.008  -0.533  -0.950   3.200
 90 337 20 29 30  -3.039  -0.496  -0.953   3.225
 90 337 20 30 30  -3.073  -0.441  -0.893   3.231
 90 337 20 31 30  -3.047  -0.444  -0.939   3.221
 90 337 20 32 30  -3.023  -0.423  -1.013   3.218
 90 337 20 33 30  -3.018  -0.376  -1.069   3.225
 90 337 20 34 30  -3.024  -0.308  -1.144   3.249
 90 337 20 35 30  -3.000  -0.395  -1.115   3.227
 90 337 20 36 30  -3.124  -0.324  -0.751   3.234
 90 337 20 37 30  -3.060  -0.448  -0.945   3.235
 90 337 20 38 30  -3.154  -0.223  -0.940   3.300
 90 337 20 39 30  -3.148  -0.288  -0.937   3.298
 90 337 20 40 30  -3.108  -0.358  -1.002   3.286
 90 337 20 41 30  -3.075  -0.478  -1.040   3.283
 90 337 20 42 30  -3.091  -0.350  -0.954   3.258
 90 337 20 43 30  -3.172  -0.200  -0.898   3.304
 90 337 20 44 30  -3.175  -0.174  -0.916   3.311
 90 337 20 45 30  -3.157  -0.273  -0.968   3.317
 90 337 20 46 30  -3.161  -0.282  -0.981   3.323
 90 337 20 47 30  -3.074  -0.394  -0.958   3.246
 90 337 20 48 30  -3.114  -0.156  -1.170   3.335
 90 337 20 49 30  -3.189  -0.145  -1.268   3.437
 90 337 20 50 30  -3.158  -0.234  -1.255   3.408
 90 337 20 51 30  -3.205  -0.248  -1.110   3.403
 90 337 20 52 30  -3.214  -0.427  -1.015   3.400
 90 337 20 53 30  -3.132  -0.399  -1.009   3.315
 90 337 20 54 30  -3.176  -0.311  -1.013   3.349
 90 337 20 55 30  -3.165  -0.470  -0.973   3.346
 90 337 20 56 30  -3.149  -0.516  -0.877   3.312
 90 337 20 57 30  -3.190  -0.483  -0.945   3.363
 90 337 20 58 30  -3.127  -0.480  -0.938   3.301
 90 337 20 59 30  -3.103  -0.474  -0.943   3.278
 90 337 21 00 30  -3.202  -0.512  -0.986   3.390
 90 337 21 01 30  -3.254  -0.497  -1.020   3.448
 90 337 21 02 30  -3.223  -0.549  -1.051   3.436
 90 337 21 03 30  -3.236  -0.477  -1.093   3.450
 90 337 21 04 30  -3.285  -0.458  -1.053   3.481
 90 337 21 05 30  -3.256  -0.444  -1.220   3.505
 90 337 21 06 30  -3.273  -0.556  -1.263   3.556
 90 337 21 07 30  -3.331  -0.557  -1.305   3.622
 90 337 21 08 30  -3.301  -0.541  -1.282   3.583
 90 337 21 09 30  -3.300  -0.540  -1.263   3.576
 90 337 21 10 30  -3.329  -0.553  -1.283   3.613
 90 337 21 11 30  -3.282  -0.475  -1.265   3.551
 90 337 21 12 30  -3.339  -0.577  -1.312   3.635
 90 337 21 13 30  -3.343  -0.536  -1.286   3.623
 90 337 21 14 30  -3.342  -0.521  -1.305   3.628
 90 337 21 15 30  -3.318  -0.489  -1.373   3.629
 90 337 21 16 30  -3.402  -0.499  -1.273   3.668
 90 337 21 17 30  -3.342  -0.403  -1.359   3.634
 90 337 21 18 30  -3.294  -0.300  -1.290   3.553
 90 337 21 19 30  -3.307  -0.443  -1.257   3.568
 90 337 21 20 30  -3.182  -0.797  -1.225   3.508
 90 337 21 21 30  -3.268  -0.593  -1.210   3.538
 90 337 21 22 30  -3.148  -0.251  -1.318   3.425
 90 337 21 23 30  -3.153  -0.300  -1.392   3.462
 90 337 21 24 30  -3.184  -0.252  -1.395   3.486
 90 337 21 25 30  -3.147  -0.271  -1.501   3.498
 90 337 21 26 30  -3.144  -0.311  -1.516   3.505
 90 337 21 27 30  -3.115  -0.326  -1.500   3.475
 90 337 21 28 30  -3.153  -0.231  -1.394   3.456
 90 337 21 29 30  -3.211  -0.200  -1.375   3.502
 90 337 21 30 30  -3.221  -0.480  -1.260   3.493
 90 337 21 31 30  -3.214  -0.479  -1.229   3.475
 90 337 21 32 30  -3.185  -0.515  -1.205   3.445
 90 337 21 33 30  -3.182  -0.598  -1.157   3.440
 90 337 21 34 30  -3.184  -0.664  -1.134   3.446
 90 337 21 35 30  -3.143  -0.646  -1.216   3.434
 90 337 21 36 30  -3.065  -0.649  -1.266   3.396
 90 337 21 37 30  -3.040  -1.110  -0.385   3.263
 90 337 21 38 30  -3.123  -0.881  -0.934   3.386
 90 337 21 39 30  -3.195  -0.778  -0.944   3.424
 90 337 21 40 30  -3.179  -0.712  -0.960   3.397
 90 337 21 41 30  -3.107  -0.716  -1.060   3.363
 90 337 21 42 30  -3.042  -0.637  -1.180   3.329
 90 337 21 43 30  -2.938  -0.739  -1.310   3.305
 90 337 21 44 30  -3.008  -0.756  -1.226   3.338
 90 337 21 45 30  -2.988  -0.481  -1.392   3.337
 90 337 21 46 30  -2.978  -0.476  -1.470   3.360
 90 337 21 47 30  -2.963  -0.419  -1.465   3.335
 90 337 21 48 30  -2.891  -0.487  -1.594   3.341
 90 337 21 49 30  -2.993  -0.337  -1.562   3.396
 90 337 21 50 30  -3.167  -0.426  -1.376   3.481
 90 337 21 51 30  -3.185  -0.443  -1.334   3.483
 90 337 21 52 30  -3.191  -0.453  -1.284   3.471
 90 337 21 53 30  -3.170  -0.412  -1.224   3.426
 90 337 21 54 30  -3.196  -0.423  -0.995   3.377
 90 337 21 55 30  -2.964   0.009  -1.373   3.273
 90 337 21 56 30  -2.999  -0.113  -1.379   3.304
 90 337 21 57 30  -2.982  -0.221  -1.292   3.259
 90 337 21 58 30  -2.745   0.167  -1.712   3.248
 90 337 21 59 30  -2.535   0.354  -2.064   3.291
 90 337 22 00 30  -2.556   0.494  -1.896   3.222
 90 337 22 01 30  -2.516   0.307  -1.806   3.115
 90 337 22 02 30  -2.415   0.444  -1.807   3.055
 90 337 22 03 30  -2.201   0.557  -1.983   3.016
 90 337 22 04 30  -2.078   0.623  -2.061   2.996
 90 337 22 05 30  -2.103   0.640  -2.074   3.026
 90 337 22 06 30  -2.219   0.432  -2.050   3.054
 90 337 22 07 30  -2.376   0.306  -1.927   3.079
 90 337 22 08 30  -2.527   0.152  -1.815   3.116
 90 337 22 09 30  -2.643  -0.001  -1.714   3.154
 90 337 22 10 30  -2.779  -0.080  -1.599   3.209
 90 337 22 11 30  -2.720   0.091  -1.756   3.247
 90 337 22 12 30  -2.804  -0.156  -1.542   3.206
 90 337 22 13 30  -2.846  -0.265  -1.414   3.190
 90 337 22 14 30  -2.803  -0.316  -1.417   3.158
 90 337 22 15 30  -2.798  -0.237  -1.515   3.191
 90 337 22 16 30  -2.825  -0.247  -1.573   3.245
 90 337 22 17 30  -2.883  -0.474  -1.298   3.199
 90 337 22 18 30  -2.949  -0.432  -1.334   3.267
 90 337 22 19 30  -2.887  -0.208  -1.597   3.310
 90 337 22 20 30  -2.943  -0.280  -1.542   3.337
 90 337 22 21 30  -2.927  -0.261  -1.506   3.303
 90 337 22 22 30  -2.922  -0.236  -1.392   3.246
 90 337 22 23 30  -2.965  -0.323  -1.479   3.331
 90 337 22 24 30  -2.945  -0.500  -1.499   3.344
 90 337 22 25 30  -2.845  -0.508  -1.423   3.227
 90 337 22 26 30  -2.844  -0.420  -1.479   3.236
 90 337 22 27 30  -2.902  -0.596  -1.316   3.255
 90 337 22 28 30  -2.954  -0.629  -1.348   3.311
 90 337 22 29 30  -2.914  -0.645  -1.420   3.307
 90 337 22 30 30  -2.869  -0.409  -1.286   3.173
 90 337 22 31 30  -2.906  -0.323  -1.292   3.201
 90 337 22 32 30  -2.810  -0.792  -1.411   3.244
 90 337 22 33 30  -2.829  -0.729  -1.326   3.212
 90 337 22 34 30  -2.835  -0.631  -1.325   3.199
 90 337 22 35 30  -2.833  -0.813  -1.336   3.238
 90 337 22 36 30  -2.909  -0.660  -1.312   3.261
 90 337 22 37 30  -2.872  -0.715  -1.270   3.223
 90 337 22 38 30  -2.904  -0.705  -1.267   3.247
 90 337 22 39 30  -2.841  -0.856  -1.170   3.190
 90 337 22 40 30  -2.874  -0.771  -1.114   3.180
 90 337 22 41 30  -2.804  -0.907  -1.179   3.180
 90 337 22 42 30  -2.728  -1.298  -1.262   3.276
 90 337 22 43 30  -2.729  -1.187  -1.214   3.216
 90 337 22 44 30  -2.726  -1.077  -1.194   3.167
 90 337 22 45 30  -2.780  -1.073  -1.170   3.203
 90 337 22 46 30  -2.802  -1.146  -1.126   3.232
 90 337 22 47 30  -2.631  -1.137  -1.242   3.127
 90 337 22 48 30  -2.649  -1.120  -1.243   3.137
 90 337 22 49 30  -2.636  -1.103  -1.247   3.121
 90 337 22 50 30  -2.600  -1.110  -1.315   3.121
 90 337 22 51 30  -2.594  -1.141  -1.317   3.131
 90 337 22 52 30  -2.675  -0.909  -1.326   3.123
 90 337 22 53 30  -2.612  -1.099  -1.315   3.130
 90 337 22 54 30  -2.597  -1.238  -1.280   3.154
 90 337 22 55 30  -2.837  -1.197  -1.331   3.357
 90 337 22 56 30  -2.896  -1.339  -1.379   3.477
 90 337 22 57 30  -2.864  -1.390  -1.341   3.459
 90 337 22 58 30  -2.999  -1.143  -1.243   3.445
 90 337 22 59 30  -2.947  -1.269  -1.186   3.427
 90 337 23 00 30  -2.963  -1.315  -1.132   3.436
 90 337 23 01 30  -2.941  -1.240  -1.241   3.427
 90 337 23 02 30  -2.889  -1.224  -1.308   3.401
 90 337 23 03 30  -2.955  -1.165  -1.270   3.422
 90 337 23 04 30  -2.752  -1.462  -1.207   3.355
 90 337 23 05 30  -2.627  -1.598  -1.144   3.287
 90 337 23 06 30  -2.767  -1.512  -1.148   3.357
 90 337 23 07 30  -2.583  -1.537  -1.034   3.193
 90 337 23 08 30  -2.384  -1.711  -0.923   3.085
 90 337 23 09 30  -2.521  -1.316  -0.911   2.988
 90 337 23 10 30  -2.618  -1.096  -0.961   2.998
 90 337 23 11 30  -2.632  -1.110  -0.926   3.010
 90 337 23 12 30  -2.595  -1.204  -0.985   3.027
 90 337 23 13 30  -2.628  -1.178  -0.822   3.001
 90 337 23 14 30  -2.614  -1.119  -0.720   2.940
 90 337 23 15 30  -2.702  -1.182  -0.612   3.014
 90 337 23 16 30  -2.681  -1.272  -0.666   3.046
 90 337 23 17 30  -2.788  -1.111  -0.545   3.053
 90 337 23 18 30  -2.581  -1.220  -0.949   3.023
 90 337 23 19 30  -2.460  -1.527  -1.010   3.067
 90 337 23 20 30  -2.415  -1.633  -0.935   3.064
 90 337 23 21 30  -2.473  -1.578  -0.816   3.048
 90 337 23 22 30  -2.564  -1.402  -0.733   3.014
 90 337 23 23 30  -2.645  -1.270  -0.681   3.014
 90 337 23 24 30  -2.697  -1.129  -0.682   3.004
 90 337 23 25 30  -2.693  -1.146  -0.629   2.996
 90 337 23 26 30  -2.533  -1.204  -0.724   2.911
 90 337 23 27 30  -2.598  -1.127  -0.599   2.898
 90 337 23 28 30  -2.392  -1.346  -0.533   2.806
 90 337 23 29 30  -2.570  -0.779  -0.479   2.744
 90 337 23 30 30  -2.602  -0.976  -0.410   2.815
 90 337 23 31 30  -2.743  -0.521  -0.287   2.816
 90 337 23 32 30  -2.841  -0.211  -0.081   2.857
 90 337 23 33 30  -2.642  -0.471  -0.091   2.717
 90 337 23 34 30  -2.504  -0.741  -0.457   2.659
 90 337 23 35 30  -2.596  -0.618   0.028   2.688
 90 337 23 36 30  -2.517   0.017   0.734   2.636
 90 337 23 37 30  -2.518   0.270   0.661   2.637
 90 337 23 38 30  -2.473   0.476   0.709   2.625
 90 337 23 39 30  -2.384   0.165   1.061   2.630
 90 337 23 40 30  -2.334   0.417   0.880   2.560
 90 337 23 41 30  -2.252   0.838   0.896   2.584
 90 337 23 42 30  -2.318   1.251   0.821   2.772
 90 337 23 43 30  -2.390   1.340   0.508   2.807
 90 337 23 44 30  -2.386   1.236   0.220   2.737
 90 337 23 45 30  -2.602   0.477   0.330   2.673
 90 337 23 46 30  -2.583   0.363   0.578   2.685
 90 337 23 47 30  -2.652   0.211   0.332   2.687
 90 337 23 48 30  -2.594   0.287   0.452   2.657
 90 337 23 49 30  -2.578   0.271   0.349   2.621
 90 337 23 50 30  -2.586  -0.009  -0.012   2.599
 90 337 23 51 30  -2.601   0.120   0.624   2.681
 90 337 23 52 30  -2.733   0.112   0.109   2.773
 90 337 23 53 30  -2.722   0.174   0.556   2.789
 90 337 23 54 30  -2.724   0.134   0.135   2.734
 90 337 23 55 30  -2.709   0.114  -0.486   2.769
 90 337 23 56 30  -2.595   0.094  -1.110   2.826
 90 337 23 57 30  -2.457   0.135  -1.370   2.828
 90 337 23 58 30  -2.521   0.166  -1.189   2.808
 90 337 23 59 30  -2.599   0.170  -1.000   2.797
