 90 339 00 00 30  -1.573  -1.037   3.642   4.113
 90 339 00 01 30  -1.577  -0.993   3.694   4.144
 90 339 00 02 30  -1.637  -0.845   3.866   4.286
 90 339 00 03 30  -1.679  -0.862   3.812   4.258
 90 339 00 04 30  -1.495  -0.942   3.930   4.314
 90 339 00 05 30  -1.570  -0.914   3.895   4.308
 90 339 00 06 30  -1.151  -1.101   3.957   4.300
 90 339 00 07 30  -1.642  -1.340   3.715   4.280
 90 339 00 08 30  -1.612  -1.467   3.595   4.206
 90 339 00 09 30  -1.588  -1.485   3.543   4.163
 90 339 00 10 30  -1.884  -1.384   3.323   4.070
 90 339 00 11 30  -1.901  -1.717   3.055   3.990
 90 339 00 12 30  -1.928  -1.799   2.765   3.822
 90 339 00 13 30  -1.721  -1.827   2.924   3.858
 90 339 00 14 30  -1.375  -1.710   3.135   3.873
 90 339 00 15 30  -1.488  -1.686   3.082   3.825
 90 339 00 16 30  -0.821  -1.010   3.623   3.902
 90 339 00 17 30  -0.363  -0.306   3.823   3.860
 90 339 00 18 30  -0.498  -0.079   3.711   3.750
 90 339 00 19 30  -0.486  -0.371   3.755   3.808
 90 339 00 20 30  -0.457  -0.133   3.734   3.768
 90 339 00 21 30  -0.434  -0.411   3.673   3.812
 90 339 00 22 30   0.645   0.455   3.563   3.652
 90 339 00 23 30   0.590   0.173   3.616   3.673
 90 339 00 24 30   0.456   0.485   3.598   3.663
 90 339 00 25 30   0.170   0.679   3.510   3.603
 90 339 00 26 30  -0.428  -0.693   3.343   3.601
 90 339 00 27 30  -2.023  -2.168   2.217   3.786
 90 339 00 28 30  -2.437  -2.437   1.500   3.767
 90 339 00 29 30  -2.203  -2.106   2.019   3.694
 90 339 00 30 30  -2.053  -2.505   1.828   3.737
 90 339 00 31 30  -1.800  -1.705   2.744   3.746
 90 339 00 32 30  -0.965  -0.810   3.466   3.760
 90 339 00 33 30  -0.730  -0.634   3.680   3.829
 90 339 00 34 30  -0.393  -0.586   3.580   3.866
 90 339 00 35 30  -0.252   0.566   3.708   3.802
 90 339 00 36 30  -0.258  -1.354   3.102   3.695
 90 339 00 37 30  -0.420  -0.304   3.803   3.860
 90 339 00 38 30  -0.439   0.288   3.762   3.830
 90 339 00 39 30  -0.316   1.065   3.628   3.830
 90 339 00 40 30  -0.002   1.511   3.529   3.861
 90 339 00 41 30  -0.320   1.068   3.677   3.872
 90 339 00 42 30  -0.145   2.107   2.889   3.789
 90 339 00 43 30  -1.445   2.319   2.488   3.807
 90 339 00 44 30  -2.040   1.301   2.832   3.807
 90 339 00 45 30  -1.666   0.404   3.455   3.965
 90 339 00 46 30  -2.280   0.174   2.938   3.876
 90 339 00 47 30  -3.482  -0.154   1.551   3.899
 90 339 00 48 30  -3.824   0.194   0.879   3.940
 90 339 00 49 30  -3.609   0.628  -0.351   3.738
 90 339 00 50 30  -3.693  -0.729  -0.515   3.810
 90 339 00 51 30  -3.757  -0.637   0.340   3.876
 90 339 00 52 30  -3.726  -0.362  -0.905   3.891
 90 339 00 53 30  -3.771  -0.626  -0.692   3.901
 90 339 00 54 30  -3.831  -0.443   0.011   3.891
 90 339 00 55 30  -3.878  -0.655  -0.367   3.961
 90 339 00 56 30  -3.874  -0.588   0.422   3.963
 90 339 00 57 30  -3.982  -0.320   0.236   4.006
 90 339 00 58 30  -3.923  -0.125   0.616   3.980
 90 339 00 59 30  -3.769  -0.022   1.071   3.925
 90 339 01 00 30  -3.464  -0.018   1.771   3.898
 90 339 01 01 30  -3.089  -0.036   2.259   3.849
 90 339 01 02 30  -1.408   0.238   3.072   3.441
 90 339 01 03 30  -1.197   0.322   3.797   4.001
 90 339 01 04 30  -0.655   0.138   3.938   4.009
 90 339 01 05 30  -0.556   0.107   3.944   4.010
 90 339 01 06 30  -0.957  -0.245   3.871   4.011
 90 339 01 07 30  -0.913   0.002   3.854   3.990
 90 339 01 08 30  -0.210   0.362   3.927   3.956
 90 339 01 09 30  -0.217  -0.268   3.910   3.976
 90 339 01 10 30  -0.365  -0.266   3.960   4.008
 90 339 01 11 30  -0.339  -0.399   4.000   4.046
 90 339 01 12 30  -0.337  -0.532   3.972   4.058
 90 339 01 13 30  -0.337   0.412   4.026   4.071
 90 339 01 14 30  -0.258   0.431   3.985   4.019
 90 339 01 15 30  -0.189   0.485   3.958   3.997
 90 339 01 16 30  -0.123   0.559   3.948   4.003
 90 339 01 17 30   0.065  -0.001   3.999   4.020
 90 339 01 18 30   0.154   0.060   4.008   4.078
 90 339 01 19 30   0.129   0.400   3.887   4.086
 90 339 01 20 30   0.277   1.045   3.670   4.123
 90 339 01 21 30   0.145   1.991   3.595   4.139
 90 339 01 22 30   0.083   0.016   4.094   4.229
 90 339 01 23 30   0.640   2.134   3.924   4.523
 90 339 01 24 30   0.448   1.570   4.177   4.489
 90 339 01 25 30   0.425   1.239   4.251   4.453
 90 339 01 26 30   0.364   2.027   3.708   4.339
 90 339 01 27 30   0.361   2.796   3.093   4.238
 90 339 01 28 30   0.361   2.532   3.426   4.281
 90 339 01 29 30  -0.332   2.531   3.545   4.383
 90 339 01 30 30   0.142   2.567   3.281   4.290
 90 339 01 31 30   0.852   2.322   3.386   4.221
 90 339 01 32 30   0.540   2.600   3.323   4.259
 90 339 01 33 30   0.299   3.066   2.892   4.248
 90 339 01 34 30   0.139   3.169   2.724   4.193
 90 339 01 35 30  -0.065   3.092   2.833   4.201
 90 339 01 36 30  -0.288   3.077   2.776   4.269
 90 339 01 37 30   0.869   2.699   3.297   4.351
 90 339 01 38 30   0.843   2.593   3.411   4.369
 90 339 01 39 30   0.801   2.499   3.523   4.395
 90 339 01 40 30   0.749   2.380   3.602   4.383
 90 339 01 41 30   0.565   2.368   3.633   4.376
 90 339 01 42 30   0.550   2.275   3.619   4.324
 90 339 01 43 30   0.633   1.851   3.830   4.309
 90 339 01 44 30   0.528   1.852   3.836   4.312
 90 339 01 45 30   0.348   2.822   3.199   4.344
 90 339 01 46 30   0.473   2.644   3.372   4.323
 90 339 01 47 30   0.456   2.017   3.841   4.402
 90 339 01 48 30   0.214   1.543   4.150   4.438
 90 339 01 49 30   0.222   1.348   4.209   4.433
 90 339 01 50 30   0.305   1.737   3.979   4.403
 90 339 01 51 30   0.275   2.003   4.006   4.489
 90 339 01 52 30   0.694   1.823   3.949   4.420
 90 339 01 53 30   0.544   1.736   4.070   4.462
 90 339 01 54 30   0.418   1.901   4.004   4.466
 90 339 01 55 30  -0.116   2.498   3.726   4.496
 90 339 01 56 30  -0.143   2.574   3.600   4.439
 90 339 01 57 30  -0.191   2.568   3.626   4.452
 90 339 01 58 30  -0.040   2.328   3.833   4.488
 90 339 01 59 30  -0.017   2.272   3.929   4.546
 90 339 02 00 30  -0.103   2.191   3.999   4.569
 90 339 02 01 30   0.026   2.185   4.005   4.568
 90 339 02 02 30  -0.026   2.089   4.009   4.524
 90 339 02 03 30  -0.180   2.177   3.948   4.520
 90 339 02 04 30  -0.066   1.882   4.028   4.451
 90 339 02 05 30   0.084   1.893   4.045   4.472
 90 339 02 06 30   0.156   2.074   3.972   4.496
 90 339 02 07 30   0.378   2.010   3.963   4.466
 90 339 02 08 30   0.282   1.953   4.041   4.501
 90 339 02 09 30   0.428   2.089   3.929   4.476
 90 339 02 10 30   0.547   2.153   3.887   4.482
 90 339 02 11 30   0.897   1.946   3.900   4.462
 90 339 02 12 30   0.776   2.690   3.352   4.398
 90 339 02 13 30   0.640   1.981   3.992   4.510
 90 339 02 14 30   0.428   2.402   3.683   4.435
 90 339 02 15 30   0.316   2.228   3.834   4.453
 90 339 02 16 30   0.609   2.373   3.768   4.503
 90 339 02 17 30   0.494   2.027   4.061   4.571
 90 339 02 18 30   0.547   1.700   4.188   4.562
 90 339 02 19 30   0.466   2.028   4.024   4.537
 90 339 02 20 30   0.553   1.909   4.073   4.535
 90 339 02 21 30   0.676   2.278   3.916   4.590
 90 339 02 22 30   0.722   2.196   3.973   4.601
 90 339 02 23 30   0.767   2.302   3.926   4.618
 90 339 02 24 30   0.875   2.359   3.868   4.621
 90 339 02 25 30   0.077   1.527   4.083   4.597
 90 339 02 26 30  -1.252   1.071   4.303   4.630
 90 339 02 27 30  -0.779   1.265   4.420   4.674
 90 339 02 28 30  -0.424   1.009   4.525   4.678
 90 339 02 29 30  -0.006   1.051   4.501   4.633
 90 339 02 30 30   0.351   1.409   4.351   4.607
 90 339 02 31 30   0.818   1.934   3.973   4.579
 90 339 02 32 30   0.963   2.318   3.871   4.625
 90 339 02 33 30   0.220   0.886   4.479   4.660
 90 339 02 34 30  -0.508   0.004   4.400   4.659
 90 339 02 35 30  -1.258  -1.970   3.928   4.636
 90 339 02 36 30  -0.807  -1.465   4.310   4.684
 90 339 02 37 30  -1.236  -1.159   4.416   4.756
 90 339 02 38 30  -2.076  -0.086   4.085   4.681
 90 339 02 39 30  -3.291   0.909   3.015   4.608
 90 339 02 40 30  -1.540   0.154   4.424   4.711
 90 339 02 41 30  -1.336  -0.220   4.531   4.738
 90 339 02 42 30  -0.971  -0.764   4.587   4.761
 90 339 02 43 30  -0.753  -1.234   4.518   4.757
 90 339 02 44 30  -0.784  -1.036   4.603   4.796
 90 339 02 45 30  -0.430  -1.506   4.486   4.760
 90 339 02 46 30  -0.398  -1.632   4.440   4.764
 90 339 02 47 30  -0.380  -1.032   4.617   4.755
 90 339 02 48 30  -0.329  -1.587   4.449   4.775
 90 339 02 49 30  -0.349  -1.747   4.428   4.784
 90 339 02 50 30  -0.668  -1.179   4.555   4.759
 90 339 02 51 30  -0.664  -1.029   4.576   4.741
 90 339 02 52 30  -0.897  -0.918   4.574   4.758
 90 339 02 53 30  -0.945  -1.097   4.534   4.776
 90 339 02 54 30  -0.828  -0.737   4.599   4.784
 90 339 02 55 30   0.015   0.061   4.645   4.802
 90 339 02 56 30  -0.352  -0.175   4.827   4.917
 90 339 02 57 30  -0.072   0.712   4.815   4.873
 90 339 02 58 30  -0.064   0.727   4.777   4.837
 90 339 02 59 30  -0.092   0.899   4.756   4.846
 90 339 03 00 30  -0.385   0.783   4.769   4.868
 90 339 03 01 30  -0.927   0.529   4.785   4.909
 90 339 03 02 30  -0.576   0.778   4.767   4.879
 90 339 03 03 30  -0.023   1.608   4.618   4.899
 90 339 03 04 30  -0.472   1.480   4.634   4.897
 90 339 03 05 30  -0.206   1.453   4.569   4.815
 90 339 03 06 30  -0.050   1.260   4.551   4.828
 90 339 03 07 30   0.244   1.075   4.744   4.890
 90 339 03 08 30   0.282   1.815   4.492   4.873
 90 339 03 09 30   0.565   1.894   4.345   4.809
 90 339 03 10 30   0.837   2.442   3.987   4.771
 90 339 03 11 30   0.897   2.806   3.806   4.823
 90 339 03 12 30   0.513   2.423   4.081   4.795
 90 339 03 13 30   0.121   2.265   4.213   4.789
 90 339 03 14 30   0.023   2.103   4.274   4.773
 90 339 03 15 30  -0.379   2.338   4.126   4.763
 90 339 03 16 30  -0.451   2.010   4.243   4.727
 90 339 03 17 30  -0.662   1.218   4.570   4.789
 90 339 03 18 30  -0.468   1.632   4.457   4.776
 90 339 03 19 30  -0.128   1.807   4.447   4.805
 90 339 03 20 30  -0.302   2.255   4.117   4.724
 90 339 03 21 30  -0.248   2.249   4.137   4.728
 90 339 03 22 30  -0.161   2.453   4.011   4.714
 90 339 03 23 30  -0.054   2.157   4.183   4.721
 90 339 03 24 30   0.264   2.149   4.100   4.707
 90 339 03 25 30  -0.299   0.900   4.574   4.676
 90 339 03 26 30  -0.292   1.094   4.543   4.689
 90 339 03 27 30  -0.091   2.056   3.990   4.670
 90 339 03 28 30  -0.085   4.278   2.131   4.787
 90 339 03 29 30  -0.259   4.231   2.273   4.812
 90 339 03 30 30  -0.216   4.013   2.702   4.852
 90 339 03 31 30  -0.056   4.153   2.499   4.863
 90 339 03 32 30   0.083   3.862   2.950   4.872
 90 339 03 33 30  -0.514   4.061   2.575   4.859
 90 339 03 34 30   0.144   4.022   2.644   4.835
 90 339 03 35 30  -0.063   4.113   2.473   4.817
 90 339 03 36 30   0.602   3.993   2.421   4.759
 90 339 03 37 30   0.493   4.016   2.234   4.723
 90 339 03 38 30   0.903   4.174   1.923   4.721
 90 339 03 39 30  -0.124   3.798   2.464   4.691
 90 339 03 40 30  -0.400   3.713   2.873   4.723
 90 339 03 41 30  -0.503   3.682   2.892   4.720
 90 339 03 42 30  -0.393   3.943   2.600   4.757
 90 339 03 43 30  -0.194   3.995   2.487   4.724
 90 339 03 44 30  -0.157   4.175   2.151   4.726
 90 339 03 45 30   0.000   4.657   0.875   4.749
 90 339 03 46 30  -0.577   4.039   2.312   4.770
 90 339 03 47 30  -0.726   4.374   1.870   4.830
 90 339 03 48 30  -0.278   4.562   1.543   4.835
 90 339 03 49 30  -0.375   4.467   1.822   4.847
 90 339 03 50 30  -0.492   4.446   1.880   4.857
 90 339 03 51 30  -0.618   4.383   1.964   4.854
 90 339 03 52 30  -0.586   4.204   2.384   4.871
 90 339 03 53 30  -0.530   4.280   2.265   4.874
 90 339 03 54 30  -0.406   4.241   2.366   4.877
 90 339 03 55 30  -0.561   4.308   2.256   4.898
 90 339 03 56 30  -0.542   4.227   2.450   4.919
 90 339 03 57 30  -0.488   4.128   2.625   4.920
 90 339 03 58 30  -0.259   4.400   2.217   4.946
 90 339 04 06 30  -0.114   4.483   2.135   4.971
 90 339 04 07 30  -0.185   4.162   2.605   4.976
 90 339 04 08 30  -0.265   3.471   3.440   4.901
 90 339 04 09 30  -0.072   3.888   2.936   4.881
 90 339 04 10 30  -0.231   3.715   3.127   4.874
 90 339 04 11 30  -0.134   3.504   3.356   4.863
 90 339 04 12 30  -0.210   3.237   3.599   4.850
 90 339 04 13 30  -0.337   3.349   3.450   4.843
 90 339 04 14 30  -0.341   3.253   3.552   4.847
 90 339 04 15 30  -0.282   3.721   3.007   4.828
 90 339 04 16 30  -0.039   3.586   3.159   4.813
 90 339 04 17 30  -0.284   3.118   3.639   4.832
 90 339 04 18 30  -0.562   3.750   3.042   4.866
 90 339 04 19 30  -0.512   3.805   2.927   4.836
 90 339 04 20 30  -0.426   3.663   3.112   4.827
 90 339 04 21 30  -0.324   3.666   3.097   4.812
 90 339 04 22 30  -0.107   3.601   3.198   4.824
 90 339 04 23 30  -0.048   3.603   3.160   4.801
 90 339 04 24 30  -0.115   3.557   3.216   4.801
 90 339 04 25 30   0.059   3.218   3.661   4.877
 90 339 04 26 30   0.072   3.511   3.330   4.842
 90 339 04 27 30  -0.013   3.560   3.254   4.832
 90 339 04 28 30   0.034   3.786   3.000   4.844
 90 339 04 29 30   0.042   3.766   3.066   4.862
 90 339 04 30 30   0.198   3.790   3.022   4.854
 90 339 04 31 30  -0.022   3.899   2.864   4.842
 90 339 04 32 30   0.117   3.869   2.906   4.844
 90 339 04 33 30   0.055   3.831   2.941   4.839
 90 339 04 34 30  -0.057   3.821   2.965   4.844
 90 339 04 35 30   0.250   3.815   2.962   4.841
 90 339 04 36 30   0.061   3.892   2.849   4.826
 90 339 04 37 30   0.174   3.784   2.951   4.809
 90 339 04 38 30   0.293   3.795   2.961   4.829
 90 339 04 39 30   0.042   3.828   2.921   4.821
 90 339 04 40 30  -0.321   3.860   2.792   4.781
 90 339 04 41 30  -0.696   3.985   2.657   4.856
 90 339 04 42 30  -0.217   3.947   2.700   4.790
 90 339 04 43 30  -0.180   4.030   2.580   4.792
 90 339 04 44 30  -0.169   4.055   2.515   4.780
 90 339 04 45 30  -0.213   4.060   2.554   4.803
 90 339 04 46 30  -0.242   4.024   2.630   4.823
 90 339 04 47 30  -0.123   3.898   2.789   4.803
 90 339 04 48 30  -0.603   3.926   2.693   4.803
 90 339 04 49 30  -0.594   3.813   2.848   4.802
 90 339 04 50 30  -0.854   3.925   2.598   4.817
 90 339 04 51 30  -1.115   4.137   2.229   4.834
 90 339 04 52 30  -0.666   3.813   2.738   4.798
 90 339 04 53 30  -0.007   3.498   3.276   4.803
 90 339 04 54 30   0.080   3.473   3.229   4.746
 90 339 04 55 30  -0.123   3.333   3.359   4.740
 90 339 04 56 30  -0.027   3.314   3.368   4.731
 90 339 04 57 30   0.057   3.047   3.607   4.736
 90 339 04 58 30   0.182   3.184   3.507   4.746
 90 339 04 59 30   0.171   3.168   3.533   4.751
 90 339 05 00 30   0.252   3.008   3.636   4.734
 90 339 05 01 30   0.160   3.122   3.549   4.734
 90 339 05 02 30   0.026   3.217   3.474   4.738
 90 339 05 03 30  -0.113   3.276   3.431   4.748
 90 339 05 04 30  -0.099   3.375   3.333   4.748
 90 339 05 05 30   0.183   3.283   3.311   4.742
 90 339 05 06 30   0.354   2.919   3.648   4.722
 90 339 05 07 30  -0.397   3.515   3.165   4.754
 90 339 05 08 30  -0.722   3.538   3.084   4.754
 90 339 05 09 30  -0.790   3.610   3.071   4.810
 90 339 05 10 30  -1.418   3.801   2.673   4.864
 90 339 05 11 30  -0.874   3.633   3.006   4.834
 90 339 05 12 30  -0.076   3.457   3.325   4.803
 90 339 05 13 30   0.240   3.258   3.454   4.759
 90 339 05 14 30   0.154   3.222   3.473   4.744
 90 339 05 15 30   0.297   3.211   3.476   4.751
 90 339 05 16 30   0.418   3.138   3.546   4.756
 90 339 05 17 30   0.436   3.125   3.554   4.760
 90 339 05 18 30   0.429   3.095   3.583   4.757
 90 339 05 19 30   0.476   3.110   3.552   4.750
 90 339 05 20 30   1.291   2.723   3.585   4.733
 90 339 05 21 30   2.034   2.532   3.372   4.690
 90 339 05 22 30   2.074   2.431   3.408   4.689
 90 339 05 23 30   2.177   2.205   3.527   4.699
 90 339 05 24 30   2.203   2.161   3.578   4.729
 90 339 05 25 30   2.320   2.207   3.462   4.718
 90 339 05 26 30   2.408   2.047   3.469   4.699
 90 339 05 27 30   2.613   2.341   3.022   4.639
 90 339 05 28 30   2.531   2.322   3.094   4.625
 90 339 05 29 30   2.510   2.412   3.004   4.601
 90 339 05 30 30   2.512   2.529   2.880   4.585
 90 339 05 31 30   2.632   2.562   2.728   4.578
 90 339 05 32 30   2.758   2.591   2.566   4.592
 90 339 05 33 30   2.593   2.527   2.777   4.578
 90 339 05 34 30   2.657   2.501   2.773   4.608
 90 339 05 35 30   2.403   2.603   2.931   4.613
 90 339 05 36 30   2.627   2.543   2.669   4.567
 90 339 05 37 30   1.978   2.684   3.096   4.581
 90 339 05 38 30   1.923   2.839   2.955   4.578
 90 339 05 39 30   1.680   2.996   3.104   4.643
 90 339 05 40 30   0.729   2.974   3.530   4.681
 90 339 05 41 30  -0.130   2.830   3.787   4.745
 90 339 05 42 30   0.682   3.032   3.456   4.711
 90 339 05 43 30   1.295   2.986   3.262   4.612
 90 339 05 44 30   1.153   2.839   3.440   4.615
 90 339 05 45 30   0.885   3.025   3.358   4.614
 90 339 05 46 30   1.069   2.660   3.601   4.623
 90 339 05 47 30   0.637   2.710   3.653   4.612
 90 339 05 48 30   0.707   3.029   3.433   4.640
 90 339 05 49 30   0.692   3.015   3.442   4.634
 90 339 05 50 30   0.751   3.123   3.323   4.634
 90 339 05 51 30   0.575   3.078   3.406   4.648
 90 339 05 52 30   0.467   2.369   3.877   4.570
 90 339 05 53 30   0.575   2.799   3.541   4.560
 90 339 05 54 30   0.621   2.429   3.776   4.567
 90 339 05 55 30   0.321   2.897   3.564   4.615
 90 339 05 56 30  -0.116   2.949   3.511   4.598
 90 339 05 57 30   0.271   3.061   3.405   4.596
 90 339 05 58 30   0.321   2.852   3.643   4.639
 90 339 05 59 30   0.218   2.849   3.638   4.634
 90 339 06 00 30  -0.061   3.317   3.103   4.553
 90 339 06 01 30  -0.025   3.291   3.177   4.593
 90 339 06 02 30   0.365   3.198   3.256   4.599
 90 339 06 03 30   0.479   3.104   3.377   4.618
 90 339 06 04 30   0.425   2.922   3.588   4.650
 90 339 06 05 30   0.337   3.153   3.349   4.622
 90 339 06 06 30   0.328   3.219   3.281   4.617
 90 339 06 07 30   0.105   3.284   3.249   4.623
 90 339 06 08 30   0.122   3.395   3.130   4.621
 90 339 06 09 30   0.188   3.330   3.195   4.622
 90 339 06 10 30   0.157   3.338   3.171   4.610
 90 339 06 11 30   0.025   3.249   3.261   4.607
 90 339 06 12 30  -0.116   3.170   3.384   4.647
 90 339 06 13 30  -0.041   3.528   2.954   4.604
 90 339 06 14 30  -0.038   3.457   3.035   4.604
 90 339 06 15 30   0.025   3.591   2.918   4.628
 90 339 06 16 30  -0.095   3.599   2.881   4.622
 90 339 06 17 30  -0.090   3.476   3.050   4.632
 90 339 06 18 30   0.028   3.542   2.913   4.589
 90 339 06 19 30  -0.036   3.325   3.211   4.627
 90 339 06 20 30   0.110   3.569   2.962   4.650
 90 339 06 21 30  -0.029   3.379   3.281   4.714
 90 339 06 22 30  -0.213   3.301   3.376   4.728
 90 339 06 23 30  -0.151   3.530   3.110   4.711
 90 339 06 24 30  -0.274   3.408   3.234   4.709
 90 339 06 25 30  -0.225   3.436   3.251   4.737
 90 339 06 26 30  -0.297   3.544   3.154   4.755
 90 339 06 27 30  -0.244   3.460   3.237   4.747
 90 339 06 28 30  -0.097   3.682   2.803   4.631
 90 339 06 29 30   0.142   3.832   2.587   4.627
 90 339 06 30 30  -0.039   3.777   2.667   4.638
 90 339 06 31 30  -0.553   3.558   3.035   4.712
 90 339 06 32 30  -0.502   3.480   3.165   4.734
 90 339 06 33 30  -0.428   3.559   3.113   4.762
 90 339 06 34 30  -0.335   3.551   3.152   4.763
 90 339 06 35 30  -0.124   3.614   2.996   4.698
 90 339 06 36 30  -0.248   3.476   3.107   4.671
 90 339 06 37 30  -0.271   3.330   3.292   4.696
 90 339 06 38 30  -0.267   3.494   3.220   4.761
 90 339 06 39 30  -0.317   3.350   3.371   4.768
 90 339 06 40 30  -0.304   3.089   3.609   4.765
 90 339 06 41 30  -0.528   3.312   3.159   4.618
 90 339 06 42 30  -0.421   3.509   2.804   4.549
 90 339 06 43 30  -0.299   4.079   2.177   4.640
 90 339 06 44 30  -0.262   4.079   2.183   4.640
 90 339 06 45 30   0.094   3.886   2.525   4.640
 90 339 06 46 30  -0.237   4.025   2.390   4.695
 90 339 06 47 30  -0.027   3.962   2.565   4.725
 90 339 06 48 30  -0.207   4.018   2.517   4.760
 90 339 06 49 30  -0.113   3.968   2.626   4.765
 90 339 06 50 30   0.015   3.898   2.712   4.753
 90 339 06 51 30  -0.068   3.949   2.642   4.759
 90 339 06 52 30   0.383   3.866   2.859   4.834
 90 339 06 53 30   0.349   3.882   2.848   4.836
 90 339 06 54 30   0.598   3.778   2.958   4.841
 90 339 06 55 30   0.761   3.616   3.159   4.869
 90 339 06 56 30   0.461   3.573   3.296   4.888
 90 339 06 57 30   0.909   3.259   3.479   4.865
 90 339 06 58 30   0.701   3.103   3.597   4.839
 90 339 06 59 30  -0.625   3.033   3.691   4.838
 90 339 07 00 30  -0.574   2.791   3.869   4.842
 90 339 07 01 30  -1.670   2.536   3.753   4.926
 90 339 07 02 30  -1.777   2.114   4.013   4.878
 90 339 07 03 30  -1.417   2.190   4.053   4.839
 90 339 07 04 30  -1.320   2.280   4.055   4.854
 90 339 07 05 30  -1.493   2.535   3.753   4.795
 90 339 07 06 30  -1.501   2.687   3.492   4.842
 90 339 07 07 30  -0.212   3.281   3.570   4.860
 90 339 07 08 30  -0.788   2.544   3.764   4.872
 90 339 07 09 30  -2.170   1.092   4.205   4.860
 90 339 07 10 30  -1.985   1.084   4.247   4.814
 90 339 07 11 30  -1.683   1.335   4.282   4.795
 90 339 07 12 30  -1.486   1.452   4.281   4.761
 90 339 07 13 30  -1.450   1.353   4.309   4.745
 90 339 07 14 30  -1.294   1.675   4.237   4.739
 90 339 07 15 30  -1.214   1.638   4.290   4.751
 90 339 07 16 30  -1.183   1.785   4.365   4.864
 90 339 07 17 30  -1.136   1.943   4.290   4.847
 90 339 07 18 30  -0.838   1.756   4.327   4.750
 90 339 07 19 30  -0.750   2.026   4.185   4.712
 90 339 07 20 30  -1.040   1.850   4.272   4.776
 90 339 07 21 30  -1.177   1.972   4.216   4.805
 90 339 07 22 30  -1.155   1.806   4.289   4.805
 90 339 07 23 30  -1.319   1.665   4.298   4.798
 90 339 07 24 30  -1.540   1.601   4.242   4.792
 90 339 07 25 30  -1.445   1.543   4.288   4.785
 90 339 07 26 30  -1.360   1.573   4.272   4.753
 90 339 07 27 30  -1.304   1.627   4.266   4.750
 90 339 07 28 30  -1.443   1.586   4.219   4.741
 90 339 07 29 30  -1.224   1.770   4.228   4.751
 90 339 07 30 30  -0.946   2.000   4.194   4.745
 90 339 07 31 30  -0.834   2.127   4.163   4.756
 90 339 07 32 30  -0.900   2.118   4.146   4.744
 90 339 07 33 30  -0.797   2.076   4.182   4.739
 90 339 07 34 30  -1.198   1.748   4.271   4.771
 90 339 07 35 30  -1.311   1.507   4.327   4.772
 90 339 07 36 30  -1.242   1.674   4.294   4.778
 90 339 07 37 30  -1.296   1.732   4.238   4.760
 90 339 07 38 30  -1.212   1.641   4.292   4.754
 90 339 07 39 30  -0.813   2.183   4.040   4.669
 90 339 07 40 30  -0.702   2.475   3.839   4.623
 90 339 07 41 30  -0.658   2.787   3.605   4.607
 90 339 07 42 30  -0.529   2.813   3.531   4.547
 90 339 07 43 30  -0.496   2.650   3.659   4.548
 90 339 07 44 30  -0.580   2.687   3.704   4.621
 90 339 07 45 30  -0.347   3.139   3.433   4.667
 90 339 07 46 30  -0.252   3.171   3.316   4.602
 90 339 07 47 30  -0.170   3.172   3.271   4.602
 90 339 07 48 30  -0.189   3.175   3.161   4.575
 90 339 07 49 30   0.380   3.566   2.749   4.522
 90 339 07 50 30   0.474   3.443   2.804   4.471
 90 339 07 51 30   0.424   3.336   2.781   4.369
 90 339 07 52 30   0.986   3.370   2.626   4.403
 90 339 07 53 30   0.467   2.938   3.140   4.330
 90 339 07 54 30   0.401   2.922   3.154   4.322
 90 339 07 55 30   0.218   2.835   3.268   4.336
 90 339 07 56 30   0.101   2.786   3.285   4.310
 90 339 07 57 30   0.086   2.766   3.316   4.323
 90 339 07 58 30   0.316   2.602   3.452   4.338
 90 339 07 59 30   0.086   2.994   3.401   4.540
 90 339 08 00 30  -0.113   3.136   3.166   4.461
 90 339 08 01 30  -0.067   3.089   3.091   4.375
 90 339 08 02 30  -0.368   3.103   3.288   4.539
 90 339 08 03 30  -0.273   3.070   3.348   4.553
 90 339 08 04 30  -0.296   2.967   3.355   4.491
 90 339 08 05 30  -0.191   2.933   3.322   4.454
 90 339 08 06 30  -0.056   2.993   3.258   4.431
 90 339 08 07 30  -0.438   3.044   3.184   4.431
 90 339 08 08 30  -0.117   3.070   3.196   4.436
 90 339 08 09 30   0.141   2.738   3.520   4.465
 90 339 08 10 30  -0.300   3.211   2.997   4.426
 90 339 08 11 30  -0.172   2.944   3.357   4.472
 90 339 08 12 30  -0.231   2.881   3.402   4.470
 90 339 08 13 30  -0.209   2.245   4.114   4.709
 90 339 08 14 30  -0.057   1.925   4.267   4.685
 90 339 08 15 30  -0.071   1.982   4.246   4.691
 90 339 08 16 30   0.039   1.688   4.361   4.678
 90 339 08 17 30  -0.014   1.683   4.355   4.671
 90 339 08 18 30   0.017   1.490   4.427   4.675
 90 339 08 19 30   0.014   1.429   4.438   4.664
 90 339 08 20 30  -0.205   1.658   4.364   4.676
 90 339 08 21 30  -0.032   1.422   4.455   4.680
 90 339 08 22 30  -0.165   1.520   4.429   4.688
 90 339 08 23 30  -0.325   1.689   4.360   4.688
 90 339 08 24 30  -0.298   1.677   4.379   4.701
 90 339 08 25 30  -0.221   1.799   4.306   4.676
 90 339 08 26 30  -0.218   1.715   4.339   4.672
 90 339 08 27 30  -0.320   1.808   4.298   4.675
 90 339 08 28 30  -0.213   1.794   4.267   4.635
 90 339 08 29 30  -0.115   1.562   4.069   4.373
 90 339 08 30 30  -1.458   2.341   2.510   3.753
 90 339 08 31 30  -1.587   2.413   2.450   3.792
 90 339 08 32 30  -1.093   1.855   2.879   3.670
 90 339 08 33 30  -0.697   1.403   3.207   3.608
 90 339 08 34 30  -0.502   1.261   3.286   3.559
 90 339 08 35 30  -0.496   1.502   3.285   3.655
 90 339 08 36 30  -0.546   1.704   3.302   3.757
 90 339 08 37 30  -0.299   1.677   3.355   3.770
 90 339 08 38 30  -0.883   1.766   3.115   3.691
 90 339 08 39 30  -0.709   1.421   3.377   3.739
 90 339 08 40 30  -0.721   1.705   3.402   3.880
 90 339 08 41 30  -0.677   1.777   3.461   3.956
 90 339 08 42 30  -0.667   1.559   3.726   4.100
 90 339 08 43 30  -0.501   1.527   3.731   4.068
 90 339 08 44 30  -0.522   1.284   3.827   4.074
 90 339 08 45 30  -0.631   1.337   3.989   4.255
 90 339 08 46 30  -0.516   1.227   3.965   4.184
 90 339 08 47 30  -0.636   1.231   4.036   4.269
 90 339 08 48 30  -0.677   1.113   3.951   4.162
 90 339 08 49 30  -0.714   1.029   3.654   3.866
 90 339 08 50 30  -0.542   1.097   3.468   3.686
 90 339 08 51 30  -0.462   1.305   3.312   3.591
 90 339 08 52 30  -0.309   1.249   3.293   3.540
 90 339 08 53 30  -0.143   1.417   3.145   3.454
 90 339 08 54 30  -0.176   1.258   3.201   3.445
 90 339 08 55 30  -0.208   1.203   3.225   3.450
 90 339 08 56 30  -0.207   1.184   3.228   3.446
 90 339 08 57 30  -0.179   1.124   3.268   3.463
 90 339 08 58 30  -0.618   1.060   3.383   3.615
 90 339 08 59 30  -0.884   0.891   3.517   3.736
 90 339 09 00 30  -0.862   0.919   3.483   3.706
 90 339 09 01 30  -0.739   0.819   3.448   3.624
 90 339 09 02 30  -0.771   0.632   3.555   3.695
 90 339 09 03 30  -0.664   0.491   3.469   3.570
 90 339 09 04 30  -0.512   0.692   3.570   3.674
 90 339 09 05 30  -0.517   0.772   3.583   3.704
 90 339 09 06 30  -0.497   0.950   3.548   3.707
 90 339 10 47 30  -1.486   2.515   2.256   3.693
 90 339 10 48 30  -1.642   2.463   2.203   3.695
 90 339 10 49 30  -1.592   2.220   2.466   3.699
 90 339 10 50 30  -1.827   2.198   2.358   3.711
 90 339 10 51 30  -1.922   2.101   2.376   3.711
 90 339 10 52 30  -1.963   2.102   2.362   3.724
 90 339 10 53 30  -1.798   2.258   2.286   3.706
 90 339 10 54 30  -1.816   2.360   2.193   3.700
 90 339 10 55 30  -1.810   2.323   2.225   3.693
 90 339 10 56 30  -1.733   2.261   2.369   3.707
 90 339 10 57 30  -1.745   2.380   2.238   3.711
 90 339 10 58 30  -1.754   2.577   2.010   3.720
 90 339 10 59 30  -1.755   2.554   2.016   3.709
 90 339 11 00 30  -1.880   2.401   2.170   3.745
 90 339 11 01 30  -1.602   2.442   2.289   3.725
 90 339 11 02 30  -1.272   2.671   2.231   3.721
 90 339 11 03 30  -1.183   2.841   2.163   3.764
 90 339 11 04 30  -1.099   2.771   2.284   3.758
 90 339 11 05 30  -1.105   2.914   2.118   3.770
 90 339 11 06 30  -1.029   2.937   2.100   3.756
 90 339 11 07 30  -0.919   2.989   1.989   3.708
 90 339 11 08 30  -0.675   3.021   2.004   3.689
 90 339 11 09 30  -0.892   2.989   2.000   3.709
 90 339 11 16 30  -1.245   2.754   1.986   3.618
 90 339 11 17 30  -1.164   2.847   1.869   3.602
 90 339 11 18 30  -1.299   2.956   1.583   3.598
 90 339 11 19 30  -1.269   2.923   1.647   3.590
 90 339 11 20 30  -1.371   2.889   1.596   3.576
 90 339 11 21 30  -1.290   2.909   1.648   3.587
 90 339 11 22 30  -1.415   2.864   1.697   3.619
 90 339 11 23 30  -1.356   2.939   1.611   3.617
 90 339 11 24 30  -1.439   2.876   1.664   3.624
 90 339 11 25 30  -1.543   2.797   1.673   3.610
 90 339 11 26 30  -1.521   2.744   1.581   3.524
 90 339 11 27 30  -1.245   2.951   1.366   3.505
 90 339 11 28 30  -1.261   2.994   1.236   3.487
 90 339 11 29 30  -1.158   3.102   0.983   3.465
 90 339 11 30 30  -1.095   3.175   0.852   3.470
 90 339 11 31 30  -1.141   3.150   0.794   3.457
 90 339 11 32 30  -1.571   2.687   1.474   3.531
 90 339 11 33 30  -2.283   1.777   2.099   3.580
 90 339 11 34 30  -2.207   1.941   2.081   3.605
 90 339 11 35 30  -2.168   1.964   2.097   3.601
 90 339 11 36 30  -2.248   1.968   2.017   3.606
 90 339 11 37 30  -2.139   2.042   2.038   3.594
 90 339 11 38 30  -1.937   2.291   1.966   3.596
 90 339 11 39 30  -1.815   2.361   1.950   3.582
 90 339 11 40 30  -1.956   2.202   2.045   3.588
 90 339 11 41 30  -1.917   2.312   1.962   3.590
 90 339 11 42 30  -1.914   2.361   1.891   3.583
 90 339 11 43 30  -1.994   2.328   1.829   3.579
 90 339 11 44 30  -2.026   2.317   1.899   3.618
 90 339 11 45 30  -2.008   2.366   1.816   3.600
 90 339 11 46 30  -1.939   2.620   1.562   3.616
 90 339 11 47 30  -1.619   2.663   1.761   3.583
 90 339 11 48 30  -1.717   2.639   1.680   3.574
 90 339 11 49 30  -1.840   2.528   1.701   3.564
 90 339 11 50 30  -1.830   2.416   1.791   3.550
 90 339 11 51 30  -1.848   2.549   1.526   3.513
 90 339 11 52 30  -1.897   2.012   2.076   3.478
 90 339 11 53 30  -1.891   2.253   1.841   3.479
 90 339 11 54 30  -1.914   2.333   1.717   3.477
 90 339 11 55 30  -1.918   2.431   1.481   3.437
 90 339 11 56 30  -1.965   2.591   1.017   3.420
 90 339 11 57 30  -1.785   2.778   1.063   3.470
 90 339 11 58 30  -1.770   2.861   0.812   3.472
 90 339 11 59 30  -1.387   3.083   0.237   3.401
 90 339 12 00 30  -1.463   3.055   0.609   3.448
 90 339 12 01 30  -1.455   2.815   1.173   3.403
 90 339 12 02 30  -1.341   2.743   1.494   3.413
 90 339 12 03 30  -1.256   2.826   1.404   3.413
 90 339 12 04 30  -1.610   2.605   1.471   3.417
 90 339 12 05 30  -1.836   2.469   1.514   3.439
 90 339 12 06 30  -1.913   2.555   1.240   3.451
 90 339 12 07 30  -1.710   2.741   1.286   3.492
 90 339 12 08 30  -2.049   2.353   1.509   3.474
 90 339 12 09 30  -2.214   2.223   1.487   3.490
 90 339 12 10 30  -2.273   1.682   2.021   3.479
 90 339 12 11 30  -2.150   2.199   1.548   3.461
 90 339 12 12 30  -2.097   2.368   1.375   3.452
 90 339 12 13 30  -2.010   2.429   1.423   3.462
 90 339 12 14 30  -2.116   2.358   1.384   3.460
 90 339 12 21 30  -2.131   2.217   1.593   3.468
 90 339 12 22 30  -2.256   2.127   1.532   3.469
 90 339 12 23 30  -2.216   2.314   1.333   3.475
 90 339 12 24 30  -2.321   2.311   1.106   3.462
 90 339 12 25 30  -2.362   2.156   1.318   3.460
 90 339 12 26 30  -2.366   2.157   1.332   3.472
 90 339 12 27 30  -2.437   2.046   1.340   3.458
 90 339 12 28 30  -2.448   2.093   1.218   3.448
 90 339 12 29 30  -2.169   2.336   1.277   3.468
 90 339 12 30 30  -1.729   2.761   1.168   3.465
 90 339 12 31 30  -1.956   2.480   1.336   3.444
 90 339 12 32 30  -2.116   2.422   1.223   3.445
 90 339 12 33 30  -2.154   2.290   1.431   3.463
 90 339 12 34 30  -2.289   2.209   1.312   3.463
 90 339 12 35 30  -2.503   1.951   1.282   3.435
 90 339 12 36 30  -2.547   1.768   1.459   3.455
 90 339 12 37 30  -2.565   1.755   1.559   3.485
 90 339 12 38 30  -2.416   1.886   1.667   3.493
 90 339 12 39 30  -2.409   1.939   1.610   3.488
 90 339 12 40 30  -2.520   1.938   1.441   3.492
 90 339 12 41 30  -2.671   1.893   1.195   3.487
 90 339 12 42 30  -2.671   1.900   1.186   3.489
 90 339 12 43 30  -2.682   1.828   1.273   3.490
 90 339 12 44 30  -2.743   1.722   1.328   3.503
 90 339 12 45 30  -2.696   1.649   1.569   3.531
 90 339 12 46 30  -2.774   2.069   0.625   3.520
 90 339 12 47 30  -2.792   2.033   0.710   3.530
 90 339 12 48 30  -2.817   2.005   0.710   3.531
 90 339 12 49 30  -2.782   2.004   0.916   3.550
 90 339 12 50 30  -2.768   1.927   1.070   3.545
 90 339 12 51 30  -2.864   1.526   1.286   3.521
 90 339 12 52 30  -3.006   1.113   1.445   3.519
 90 339 12 53 30  -2.960   1.189   1.439   3.501
 90 339 12 54 30  -2.972   1.294   1.220   3.465
 90 339 12 55 30  -2.905   1.265   1.382   3.463
 90 339 12 56 30  -2.804   1.408   1.440   3.456
 90 339 12 57 30  -2.768   1.278   1.625   3.455
 90 339 12 58 30  -2.696   1.485   1.563   3.465
 90 339 12 59 30  -2.780   1.729   1.111   3.460
 90 339 13 00 30  -2.817   1.657   1.073   3.443
 90 339 13 01 30  -2.653   1.785   1.251   3.436
 90 339 13 02 30  -2.512   1.998   1.243   3.449
 90 339 13 03 30  -2.343   2.200   1.299   3.467
 90 339 13 04 30  -2.395   2.219   1.180   3.474
 90 339 13 05 30  -2.431   2.291   1.007   3.497
 90 339 13 06 30  -2.406   2.288   0.907   3.463
 90 339 13 07 30  -2.646   1.825   1.198   3.455
 90 339 13 08 30  -2.672   1.719   1.370   3.479
 90 339 13 09 30  -2.922   1.754   0.641   3.473
 90 339 13 10 30  -2.947   1.658   0.756   3.470
 90 339 13 11 30  -3.041   1.478   0.703   3.466
 90 339 13 12 30  -2.906   1.624   0.919   3.475
 90 339 13 13 30  -2.823   1.507   1.360   3.483
 90 339 13 14 30  -2.833   1.588   1.251   3.484
 90 339 13 15 30  -2.785   1.829   1.009   3.490
 90 339 13 16 30  -2.709   1.740   1.319   3.483
 90 339 13 17 30  -2.759   1.805   1.127   3.498
 90 339 13 18 30  -2.682   1.988   1.005   3.493
 90 339 13 19 30  -2.652   2.071   0.906   3.488
 90 339 13 20 30  -2.635   2.047   0.983   3.483
 90 339 13 21 30  -2.581   1.988   1.227   3.490
 90 339 13 22 30  -2.404   1.751   1.818   3.490
 90 339 13 23 30  -2.466   1.885   1.591   3.495
 90 339 13 24 30  -2.327   1.742   1.863   3.492
 90 339 13 25 30  -2.248   1.695   2.066   3.496
 90 339 13 26 30  -2.075   1.641   2.236   3.482
 90 339 13 27 30  -1.947   1.692   2.266   3.446
 90 339 13 28 30  -1.822   1.771   2.305   3.438
 90 339 13 29 30  -2.142   1.847   1.922   3.433
 90 339 13 30 30  -2.440   2.065   1.140   3.416
 90 339 13 31 30  -2.433   1.932   1.129   3.388
 90 339 13 32 30  -2.415   2.163   0.977   3.395
 90 339 13 33 30  -2.110   2.040   1.592   3.408
 90 339 13 34 30  -1.998   1.794   2.112   3.426
 90 339 13 35 30  -2.317   1.990   1.536   3.425
 90 339 13 36 30  -2.373   2.123   1.100   3.393
 90 339 13 37 30  -2.606   2.069   0.460   3.362
 90 339 13 38 30  -2.510   2.063   0.892   3.373
 90 339 13 39 30  -2.324   2.163   1.132   3.377
 90 339 13 40 30  -2.439   2.101   1.095   3.402
 90 339 13 41 30  -2.488   2.112   0.378   3.306
 90 339 13 42 30  -2.485   2.095   0.335   3.268
 90 339 13 43 30  -2.504   2.096   0.212   3.273
 90 339 13 44 30  -2.516   2.059   0.375   3.275
 90 339 13 45 30  -2.507   2.085   0.321   3.277
 90 339 13 46 30  -2.491   2.085   0.299   3.264
 90 339 13 47 30  -2.507   2.048   0.324   3.256
 90 339 13 48 30  -2.512   2.065   0.092   3.257
 90 339 13 49 30  -2.480   2.083   0.088   3.241
 90 339 13 50 30  -2.484   2.092   0.060   3.250
 90 339 13 51 30  -2.552   1.986   0.198   3.252
 90 339 13 52 30  -2.580   1.962   0.139   3.247
 90 339 13 53 30  -2.536   1.983   0.220   3.228
 90 339 13 54 30  -2.490   1.949   0.275   3.175
 90 339 13 55 30  -2.484   1.950   0.222   3.167
 90 339 13 56 30  -2.455   2.009   0.333   3.192
 90 339 13 57 30  -2.515   1.949   0.230   3.193
 90 339 13 58 30  -2.505   1.988   0.202   3.207
 90 339 13 59 30  -2.520   2.003   0.443   3.251
 90 339 14 00 30  -2.492   2.054   0.546   3.276
 90 339 14 01 30  -2.504   2.048   0.494   3.273
 90 339 14 02 30  -2.460   2.090   0.634   3.291
 90 339 14 03 30  -2.480   2.091   0.547   3.291
 90 339 14 04 30  -2.509   2.020   0.626   3.284
 90 339 14 05 30  -2.576   1.834   0.866   3.284
 90 339 14 06 30  -2.459   1.927   0.987   3.289
 90 339 14 07 30  -2.399   2.100   0.823   3.294
 90 339 14 08 30  -2.406   2.060   0.861   3.284
 90 339 14 09 30  -2.425   2.039   0.837   3.282
 90 339 14 10 30  -2.370   1.968   1.126   3.282
 90 339 14 11 30  -2.435   1.918   1.027   3.269
 90 339 14 12 30  -2.414   2.025   0.938   3.290
 90 339 14 13 30  -2.504   2.030   0.767   3.315
 90 339 14 14 30  -2.478   2.033   0.725   3.292
 90 339 14 15 30  -2.497   1.985   0.617   3.250
 90 339 14 16 30  -2.471   2.010   0.647   3.252
 90 339 14 17 30  -2.493   1.947   0.651   3.231
 90 339 14 18 30  -2.537   1.954   0.509   3.246
 90 339 14 19 30  -2.489   1.963   0.632   3.245
 90 339 14 20 30  -2.437   1.991   0.868   3.266
 90 339 14 21 30  -2.420   2.039   0.915   3.295
 90 339 14 22 30  -2.442   2.033   0.915   3.308
 90 339 14 23 30  -2.455   2.048   0.936   3.333
 90 339 14 24 30  -2.429   2.079   0.939   3.334
 90 339 14 25 30  -2.382   2.050   1.117   3.337
 90 339 14 26 30  -2.360   2.074   1.137   3.342
 90 339 14 27 30  -2.319   2.092   1.257   3.367
 90 339 14 28 30  -2.366   2.147   1.275   3.442
 90 339 14 29 30  -2.390   2.193   1.306   3.499
 90 339 14 30 30  -2.306   2.128   1.478   3.469
 90 339 14 31 30  -2.324   2.172   1.269   3.426
 90 339 14 32 30  -2.317   2.162   1.409   3.470
 90 339 14 33 30  -2.358   2.103   1.301   3.419
 90 339 14 34 30  -2.327   2.143   1.407   3.464
 90 339 14 35 30  -2.292   2.121   1.421   3.432
 90 339 14 36 30  -2.330   2.110   1.381   3.434
 90 339 14 37 30  -2.282   2.091   1.432   3.411
 90 339 14 38 30  -2.347   2.134   1.456   3.491
 90 339 14 39 30  -2.355   2.155   1.398   3.487
 90 339 14 40 30  -2.357   2.149   1.385   3.478
 90 339 14 41 30  -2.371   2.146   1.277   3.444
 90 339 14 42 30  -2.367   2.163   1.317   3.468
 90 339 14 43 30  -2.324   2.146   1.393   3.457
 90 339 14 44 30  -2.193   2.210   1.430   3.427
 90 339 14 45 30  -2.137   2.167   1.534   3.409
 90 339 14 46 30  -2.117   2.215   1.543   3.432
 90 339 14 47 30  -2.189   2.159   1.478   3.412
 90 339 14 48 30  -2.182   2.133   1.521   3.410
 90 339 14 49 30  -2.186   2.182   1.427   3.404
 90 339 14 50 30  -2.157   2.149   1.509   3.399
 90 339 14 51 30  -2.113   2.234   1.444   3.398
 90 339 14 52 30  -2.108   2.135   1.559   3.383
 90 339 14 53 30  -2.055   2.174   1.582   3.384
 90 339 14 54 30  -2.218   1.766   0.645   3.307
 90 339 14 55 30  -2.687   0.502  -1.451   3.101
 90 339 14 56 30  -2.717   0.956  -0.949   3.048
 90 339 14 57 30  -2.747   0.692  -1.104   3.045
 90 339 14 58 30  -2.872   0.690  -1.015   3.125
 90 339 14 59 30  -2.844   0.628  -1.060   3.101
 90 339 15 00 30  -2.901   0.781  -0.998   3.168
 90 339 15 01 30  -2.962   0.803  -0.876   3.192
 90 339 15 02 30  -2.957   0.753  -0.933   3.192
 90 339 15 03 30  -2.958   0.765  -0.911   3.189
 90 339 15 04 30  -2.875   0.800  -0.979   3.141
 90 339 15 05 30  -2.890   0.783  -0.969   3.148
 90 339 15 06 30  -2.944   0.757  -0.965   3.190
 90 339 15 07 30  -2.946   0.771  -0.978   3.199
 90 339 15 08 30  -2.927   0.849  -0.935   3.192
 90 339 15 09 30  -2.917   0.825  -0.963   3.183
 90 339 15 10 30  -2.940   0.766  -0.913   3.174
 90 339 15 11 30  -2.930   0.703  -0.971   3.168
 90 339 15 12 30  -2.900   0.760  -0.639   3.089
 90 339 15 13 30  -2.875   1.042  -0.052   3.059
 90 339 15 14 30  -2.826   1.149  -0.126   3.055
 90 339 15 15 30  -2.870   1.009  -0.128   3.049
 90 339 15 16 30  -2.813   1.097   0.201   3.028
 90 339 15 17 30  -2.843   1.023   0.088   3.024
 90 339 15 18 30  -2.855   0.959   0.176   3.018
 90 339 15 19 30  -2.826   0.997   0.277   3.013
 90 339 15 20 30  -2.845   0.983   0.180   3.018
 90 339 15 21 30  -2.807   1.075   0.048   3.008
 90 339 15 22 30  -2.792   1.099   0.098   3.005
 90 339 15 23 30  -2.750   1.115   0.274   2.983
 90 339 15 24 30  -2.726   1.188   0.253   2.988
 90 339 15 25 30  -2.758   1.172   0.207   3.005
 90 339 15 26 30  -2.745   1.170   0.201   2.993
 90 339 15 27 30  -2.797   1.082   0.251   3.013
 90 339 15 28 30  -2.853   1.011   0.320   3.046
 90 339 15 29 30  -2.754   1.208   0.181   3.013
 90 339 15 30 30  -2.790   1.141   0.035   3.016
 90 339 15 31 30  -2.791   1.141   0.117   3.020
 90 339 15 32 30  -2.765   1.194   0.128   3.017
 90 339 15 33 30  -2.786   1.161   0.028   3.019
 90 339 15 34 30  -2.772   1.169   0.039   3.009
 90 339 15 35 30  -2.774   1.162   0.014   3.011
 90 339 15 36 30  -2.817   1.052   0.165   3.016
 90 339 15 37 30  -2.806   1.079   0.214   3.017
 90 339 15 38 30  -2.875   0.914   0.167   3.025
 90 339 15 39 30  -2.811   1.040   0.277   3.014
 90 339 15 40 30  -2.773   1.111   0.237   2.998
 90 339 15 41 30  -2.759   1.185   0.447   3.038
 90 339 15 42 30  -2.710   1.259   0.407   3.020
 90 339 15 43 30  -2.677   1.332   0.421   3.024
 90 339 15 44 30  -2.740   1.189   0.427   3.024
 90 339 15 45 30  -2.803   1.077   0.439   3.038
 90 339 15 46 30  -2.776   1.138   0.389   3.027
 90 339 15 47 30  -2.798   1.067   0.380   3.020
 90 339 15 48 30  -2.819   1.021   0.299   3.014
 90 339 15 49 30  -2.833   0.940   0.340   3.005
 90 339 15 50 30  -2.767   1.031   0.390   2.981
 90 339 15 51 30  -2.598   0.981   0.999   2.953
 90 339 15 52 30  -2.507   1.057   1.090   2.933
 90 339 15 53 30  -2.497   1.076   1.065   2.922
 90 339 15 54 30  -2.497   1.118   1.070   2.941
 90 339 15 55 30  -2.408   1.209   1.199   2.951
 90 339 15 56 30  -2.394   1.189   1.207   2.934
 90 339 15 57 30  -2.537   1.166   0.953   2.956
 90 339 15 58 30  -2.519   1.115   0.973   2.927
 90 339 15 59 30  -2.437   1.136   1.115   2.913
 90 339 16 00 30  -2.495   1.057   1.070   2.916
 90 339 16 01 30  -2.535   0.992   1.007   2.904
 90 339 16 02 30  -2.585   0.941   0.902   2.896
 90 339 16 03 30  -2.549   1.008   0.952   2.904
 90 339 16 04 30  -2.516   1.023   1.021   2.905
 90 339 16 05 30  -2.569   0.947   0.951   2.900
 90 339 16 06 30  -2.666   1.074   0.703   2.973
 90 339 16 07 30  -2.724   1.047   0.701   3.003
 90 339 16 08 30  -2.655   1.005   0.913   2.984
 90 339 16 09 30  -2.688   0.726   1.077   2.992
 90 339 16 10 30  -2.641   0.860   1.035   2.971
 90 339 16 11 30  -2.657   0.829   1.047   2.974
 90 339 16 12 30  -2.699   0.731   0.997   2.971
 90 339 16 13 30  -2.758   0.668   0.880   2.972
 90 339 16 14 30  -2.720   0.585   0.974   2.949
 90 339 16 15 30  -2.674   0.549   1.002   2.910
 90 339 16 16 30  -2.668   0.484   1.010   2.895
 90 339 16 17 30  -2.675   0.299   1.180   2.940
 90 339 16 18 30  -2.723   0.327   1.185   2.988
 90 339 16 19 30  -2.731   0.492   1.008   2.961
 90 339 16 20 30  -2.741   0.478   0.806   2.901
 90 339 16 21 30  -2.742   0.365   0.963   2.940
 90 339 16 22 30  -2.740   0.292   1.118   2.976
 90 339 16 23 30  -2.799   0.369   1.011   3.004
 90 339 16 24 30  -2.749   0.432   0.962   2.946
 90 339 16 25 30  -2.782   0.429   0.864   2.948
 90 339 16 26 30  -2.772   0.569   0.818   2.947
 90 339 16 27 30  -2.728   0.566   0.971   2.953
 90 339 16 28 30  -2.731   0.467   1.047   2.964
 90 339 16 29 30  -2.830   0.410   1.120   3.074
 90 339 16 30 30  -2.794   0.363   1.146   3.046
 90 339 16 31 30  -2.898   0.339   1.187   3.153
 90 339 16 32 30  -2.751  -0.113   0.880   2.914
 90 339 16 33 30  -2.619  -0.816   0.659   2.828
 90 339 16 34 30  -2.634  -0.835   0.551   2.820
 90 339 16 35 30  -2.677  -0.534   0.704   2.840
 90 339 16 36 30  -2.697   0.542   1.196   3.017
 90 339 16 37 30  -2.639   0.644   1.363   3.041
 90 339 16 38 30  -2.612   0.729   1.338   3.025
 90 339 16 39 30  -2.637   0.801   1.261   3.031
 90 339 16 40 30  -2.618   0.851   1.225   3.015
 90 339 16 41 30  -2.587   1.050   1.144   3.019
 90 339 16 42 30  -2.572   0.839   1.261   2.993
 90 339 16 43 30  -2.537   0.873   1.258   2.970
 90 339 16 44 30  -2.443   0.547   1.413   2.876
 90 339 16 45 30  -2.416   0.768   1.185   2.811
 90 339 16 46 30  -2.519   0.470   1.104   2.802
 90 339 16 47 30  -2.464   0.318   1.242   2.796
 90 339 16 48 30  -2.566   0.567   1.039   2.836
 90 339 16 49 30  -2.541   0.816   0.889   2.819
 90 339 16 50 30  -2.334   0.865   1.152   2.784
 90 339 16 51 30  -2.122   1.500   1.069   2.833
 90 339 16 52 30  -2.104   1.486   1.157   2.841
 90 339 16 53 30  -1.941   1.910   0.865   2.864
 90 339 16 54 30  -1.882   2.024   0.691   2.851
 90 339 16 55 30  -1.755   2.073   0.663   2.799
 90 339 16 56 30  -1.770   2.044   0.565   2.765
 90 339 16 57 30  -1.675   2.114   0.600   2.765
 90 339 16 58 30  -1.486   2.201   0.473   2.701
 90 339 16 59 30  -1.170   2.389   0.102   2.673
 90 339 17 00 30  -1.366   2.263   0.343   2.676
 90 339 17 01 30  -1.281   2.314   0.349   2.670
 90 339 17 02 30  -1.409   2.221   0.410   2.682
 90 339 17 03 30  -1.596   2.055   0.483   2.649
 90 339 17 04 30  -1.889   1.825   0.547   2.687
 90 339 17 05 30  -2.096   1.590   0.771   2.748
 90 339 17 06 30  -2.037   1.804   0.541   2.780
 90 339 17 07 30  -2.134   1.569   0.749   2.757
 90 339 17 08 30  -2.187   1.492   0.747   2.756
 90 339 17 09 30  -2.020   1.627   0.878   2.757
 90 339 17 10 30  -1.893   1.722   1.003   2.753
 90 339 17 11 30  -2.261   1.350   0.888   2.780
 90 339 17 12 30  -2.326   1.309   0.797   2.787
 90 339 17 13 30  -2.274   1.304   0.948   2.789
 90 339 17 14 30  -2.267   1.359   0.888   2.789
 90 339 17 15 30  -2.248   1.339   0.977   2.795
 90 339 17 16 30  -2.285   1.331   0.889   2.792
 90 339 17 17 30  -2.243   1.394   0.814   2.766
 90 339 17 18 30  -2.141   1.520   0.836   2.759
 90 339 17 19 30  -2.102   1.586   0.784   2.750
 90 339 17 20 30  -2.206   1.446   0.785   2.754
 90 339 17 21 30  -2.228   1.435   0.821   2.775
 90 339 17 22 30  -2.192   1.493   0.818   2.778
 90 339 17 23 30  -2.365   1.251   0.848   2.812
 90 339 17 24 30  -2.446   1.212   0.683   2.816
 90 339 17 25 30  -2.462   1.199   0.616   2.807
 90 339 17 26 30  -2.494   1.108   0.643   2.806
 90 339 17 27 30  -2.213   1.369   0.992   2.796
 90 339 17 28 30  -2.224   1.253   1.133   2.801
 90 339 17 29 30  -2.271   1.269   1.007   2.793
 90 339 17 30 30  -2.303   1.137   1.082   2.788
 90 339 17 31 30  -2.263   1.246   1.054   2.792
 90 339 17 32 30  -2.243   1.202   1.072   2.764
 90 339 17 33 30  -2.220   1.276   1.047   2.770
 90 339 17 34 30  -2.272   1.320   0.919   2.786
 90 339 17 35 30  -2.145   1.613   0.759   2.792
 90 339 17 36 30  -2.093   1.685   0.691   2.776
 90 339 17 37 30  -2.102   1.577   0.782   2.742
 90 339 17 38 30  -1.971   1.807   0.634   2.753
 90 339 17 39 30  -2.059   1.630   0.750   2.749
 90 339 17 40 30  -2.291   1.310   0.841   2.771
 90 339 17 41 30  -2.230   1.349   0.921   2.766
 90 339 17 42 30  -2.176   1.488   0.758   2.749
 90 339 17 43 30  -2.164   1.514   0.753   2.748
 90 339 17 44 30  -2.249   1.401   0.761   2.760
 90 339 17 45 30  -2.236   1.428   0.661   2.738
 90 339 17 46 30  -2.291   1.375   0.533   2.731
 90 339 17 47 30  -2.346   1.358   0.427   2.747
 90 339 17 48 30  -2.348   1.315   0.553   2.749
 90 339 17 49 30  -2.322   1.251   0.778   2.752
 90 339 17 50 30  -2.370   1.144   0.828   2.760
 90 339 17 51 30  -2.421   1.064   0.802   2.765
 90 339 17 52 30  -2.466   0.985   0.738   2.758
 90 339 17 53 30  -2.333   1.344   0.577   2.797
 90 339 17 54 30  -2.195   1.630   0.630   2.807
 90 339 17 55 30  -2.341   1.439   0.552   2.806
 90 339 17 56 30  -2.432   1.278   0.605   2.814
 90 339 17 57 30  -2.438   1.257   0.608   2.811
 90 339 17 58 30  -2.485   1.164   0.615   2.813
 90 339 17 59 30  -2.491   1.131   0.637   2.810
 90 339 18 00 30  -2.498   1.138   0.587   2.808
 90 339 18 01 30  -2.471   1.140   0.673   2.805
 90 339 18 02 30  -2.446   1.206   0.659   2.806
 90 339 18 03 30  -2.477   1.145   0.634   2.804
 90 339 18 04 30  -2.465   1.169   0.655   2.807
 90 339 18 05 30  -2.467   1.206   0.546   2.801
 90 339 18 06 30  -2.473   1.137   0.570   2.784
 90 339 18 07 30  -2.591   0.902   0.482   2.787
 90 339 18 08 30  -2.579   0.924   0.527   2.791
 90 339 18 09 30  -2.450   1.065   0.741   2.783
 90 339 18 10 30  -2.320   1.367   0.701   2.783
 90 339 18 11 30  -2.288   1.442   0.641   2.781
 90 339 18 12 30  -2.315   1.296   0.764   2.762
 90 339 18 13 30  -2.345   1.310   0.769   2.795
 90 339 18 14 30  -2.377   1.316   0.736   2.817
 90 339 18 15 30  -2.474   1.292   0.741   2.889
 90 339 18 16 30  -2.505   1.291   0.749   2.917
 90 339 18 17 30  -2.428   1.310   0.710   2.849
 90 339 18 18 30  -2.354   1.341   0.741   2.810
 90 339 18 19 30  -2.366   1.254   0.845   2.815
 90 339 18 20 30  -2.291   1.295   0.845   2.767
 90 339 18 21 30  -2.261   1.330   0.902   2.775
 90 339 18 22 30  -2.270   1.266   0.896   2.751
 90 339 18 23 30  -2.288   1.290   0.871   2.769
 90 339 18 24 30  -2.247   1.351   0.842   2.755
 90 339 18 25 30  -2.296   1.135   1.001   2.764
 90 339 18 26 30  -2.242   1.051   1.138   2.731
 90 339 18 27 30  -2.214   1.061   1.128   2.704
 90 339 18 28 30  -2.349   0.887   1.170   2.775
 90 339 18 29 30  -2.225   1.011   1.282   2.763
 90 339 18 30 30  -2.267   1.087   1.178   2.779
 90 339 18 31 30  -2.212   1.265   1.080   2.771
 90 339 18 32 30  -2.083   1.077   1.419   2.762
 90 339 18 33 30  -2.423   1.405   0.697   2.890
 90 339 18 34 30  -2.454   1.347   0.868   2.939
 90 339 18 35 30  -2.411   1.086   1.133   2.890
 90 339 18 36 30  -2.540   1.132   1.354   3.098
 90 339 18 37 30  -2.597   1.252   1.098   3.088
 90 339 18 38 30  -2.545   1.341   1.100   3.082
 90 339 18 39 30  -2.662   1.308   1.004   3.134
 90 339 18 40 30  -2.595   1.417   0.901   3.094
 90 339 18 41 30  -2.584   1.530   0.885   3.133
 90 339 18 42 30  -2.386   1.540   1.107   3.050
 90 339 18 43 30  -2.325   1.444   1.238   3.008
 90 339 18 44 30  -2.473   1.379   1.081   3.039
 90 339 18 45 30  -2.413   1.424   0.930   2.955
 90 339 18 46 30  -2.406   1.375   0.860   2.903
 90 339 18 47 30  -2.382   1.323   0.952   2.888
 90 339 18 48 30  -2.516   1.240   0.705   2.895
 90 339 18 49 30  -2.495   1.273   0.697   2.889
 90 339 18 50 30  -2.162   1.338   1.153   2.813
 90 339 18 51 30  -1.663   1.600   1.461   2.734
 90 339 18 52 30  -1.480   1.575   1.600   2.692
 90 339 18 53 30  -1.435   1.617   1.594   2.693
 90 339 18 54 30  -1.524   1.544   1.575   2.686
 90 339 18 55 30  -2.015   1.288   1.269   2.720
 90 339 18 56 30  -1.812   1.347   1.487   2.706
 90 339 18 57 30  -1.807   1.352   1.388   2.651
 90 339 18 58 30  -1.765   1.225   1.534   2.642
 90 339 18 59 30  -1.776   1.236   1.588   2.685
 90 339 19 00 30  -1.651   1.273   1.671   2.673
 90 339 19 01 30  -1.648   1.324   1.662   2.691
 90 339 19 02 30  -1.572   1.336   1.773   2.722
 90 339 19 03 30  -1.589   1.293   1.763   2.704
 90 339 19 04 30  -1.514   1.361   1.743   2.681
 90 339 19 05 30  -1.316   1.332   1.889   2.662
 90 339 19 06 30  -1.389   1.339   1.861   2.685
 90 339 19 07 30  -1.384   1.258   1.975   2.722
 90 339 19 08 30  -1.411   1.237   2.008   2.750
 90 339 19 09 30  -1.427   1.165   2.025   2.739
 90 339 19 10 30  -1.314   1.181   2.022   2.692
 90 339 19 11 30  -1.123   1.424   2.049   2.738
 90 339 19 12 30  -1.175   1.449   2.004   2.741
 90 339 19 13 30  -1.181   1.443   2.000   2.737
 90 339 19 14 30  -1.107   1.586   1.898   2.713
 90 339 19 15 30  -1.131   1.517   1.933   2.706
 90 339 19 16 30  -1.222   1.613   1.805   2.713
 90 339 19 17 30  -1.321   1.562   1.796   2.728
 90 339 19 18 30  -0.984   1.556   2.011   2.732
 90 339 19 19 30  -1.128   1.576   1.933   2.739
 90 339 19 20 30  -1.134   1.452   2.032   2.744
 90 339 19 21 30  -1.184   1.466   1.983   2.737
 90 339 19 22 30  -1.172   1.489   1.989   2.749
 90 339 19 23 30  -1.212   1.406   2.039   2.760
 90 339 19 24 30  -1.102   1.527   2.086   2.812
 90 339 19 25 30  -1.150   1.467   2.112   2.818
 90 339 19 26 30  -1.125   1.538   2.111   2.846
 90 339 19 27 30  -1.126   1.332   2.215   2.834
 90 339 19 28 30  -1.008   1.269   2.326   2.838
 90 339 19 29 30  -1.040   1.241   2.326   2.836
 90 339 19 30 30  -0.997   1.317   2.333   2.864
 90 339 19 31 30  -0.885   1.440   2.371   2.914
 90 339 19 32 30  -0.839   1.472   2.389   2.931
 90 339 19 33 30  -0.699   1.335   2.513   2.933
 90 339 19 34 30  -0.555   1.352   2.510   2.928
 90 339 19 35 30  -0.622   1.283   2.549   2.922
 90 339 19 36 30  -0.593   1.238   2.555   2.903
 90 339 19 37 30  -0.625   1.178   2.611   2.935
 90 339 19 38 30  -0.548   0.935   2.695   2.906
 90 339 19 39 30  -0.653   0.947   2.603   2.847
 90 339 19 40 30  -0.562   0.857   2.657   2.850
 90 339 19 41 30  -0.736   1.010   2.583   2.873
 90 339 19 42 30  -0.779   1.013   2.594   2.893
 90 339 19 43 30  -0.727   0.986   2.621   2.895
 90 339 19 44 30  -0.636   0.957   2.640   2.881
 90 339 19 45 30  -0.609   0.979   2.624   2.867
 90 339 19 46 30  -0.692   0.899   2.608   2.846
 90 339 19 47 30  -0.810   0.978   2.521   2.824
 90 339 19 48 30  -0.850   0.717   2.602   2.832
 90 339 19 49 30  -0.879   0.774   2.592   2.852
 90 339 19 50 30  -0.915   0.612   2.632   2.857
 90 339 19 51 30  -1.120   0.125   2.643   2.882
 90 339 19 52 30  -1.108   0.454   2.600   2.868
 90 339 19 53 30  -0.977   0.497   2.622   2.844
 90 339 19 54 30  -0.847   0.515   2.662   2.842
 90 339 19 55 30  -0.961   0.337   2.603   2.800
 90 339 19 56 30  -0.814   0.396   2.615   2.776
 90 339 19 57 30  -0.468   0.895   2.511   2.709
 90 339 19 58 30  -0.427   0.922   2.522   2.721
 90 339 19 59 30  -0.357   0.888   2.615   2.789
 90 339 20 00 30  -0.128   0.848   2.669   2.806
 90 339 20 01 30  -0.281   0.772   2.619   2.748
 90 339 20 02 30  -0.257   0.813   2.648   2.786
 90 339 20 03 30  -0.141   0.728   2.616   2.720
 90 339 20 04 30  -0.322   0.823   2.648   2.798
 90 339 20 05 30  -0.350   0.906   2.589   2.769
 90 339 20 06 30  -0.461   0.684   2.558   2.690
 90 339 20 07 30  -0.561   0.724   2.563   2.723
 90 339 20 08 30  -0.592   0.649   2.624   2.769
 90 339 20 09 30  -0.545   0.809   2.631   2.810
 90 339 20 10 30  -0.319   0.695   2.648   2.765
 90 339 20 11 30  -0.021   0.363   2.732   2.763
 90 339 20 12 30  -0.021   0.419   2.708   2.753
 90 339 20 13 30  -0.384   0.616   2.706   2.804
 90 339 20 14 30  -0.064   0.307   2.700   2.719
 90 339 20 15 30   0.027   0.310   2.671   2.694
 90 339 20 16 30  -0.131   0.580   2.604   2.711
 90 339 20 17 30  -0.442   0.774   2.647   2.798
 90 339 20 18 30  -0.586   0.778   2.619   2.799
 90 339 20 19 30  -0.472   0.639   2.717   2.832
 90 339 20 20 30  -0.611   0.784   2.598   2.784
 90 339 20 21 30  -0.378   0.565   2.536   2.706
 90 339 20 22 30   0.716  -1.026   2.202   2.597
 90 339 20 23 30  -0.114   0.244   2.636   2.722
 90 339 20 24 30  -0.266   0.441   2.817   2.865
 90 339 20 25 30  -0.275   0.520   2.795   2.857
 90 339 20 26 30  -0.238   0.499   2.779   2.834
 90 339 20 27 30  -0.398   0.603   2.765   2.859
 90 339 20 28 30  -0.318   0.524   2.758   2.827
 90 339 20 29 30  -0.410   0.652   2.703   2.812
 90 339 20 30 30  -0.385   0.584   2.796   2.886
 90 339 20 31 30  -0.386   0.340   2.871   2.921
 90 339 20 32 30  -0.301   0.303   2.854   2.887
 90 339 20 33 30  -0.255   0.430   2.959   3.002
 90 339 20 34 30  -0.193   0.400   3.092   3.126
 90 339 20 35 30  -0.186   0.478   3.060   3.104
 90 339 20 36 30  -0.242   0.365   2.920   2.955
 90 339 20 37 30  -0.307   0.325   2.842   2.879
 90 339 20 38 30  -0.290   0.350   2.601   2.645
 90 339 20 39 30  -0.341   0.294   2.563   2.607
 90 339 20 40 30  -0.091   0.579   2.358   2.457
 90 339 20 41 30   0.124   0.701   2.262   2.385
 90 339 20 42 30   0.012   0.633   2.375   2.466
 90 339 20 43 30   0.035   0.981   2.354   2.554
 90 339 20 44 30   0.095   0.907   2.415   2.583
 90 339 20 45 30  -0.003   0.677   2.506   2.600
 90 339 20 46 30  -0.004   1.006   2.354   2.563
 90 339 20 47 30  -0.072   0.995   2.338   2.545
 90 339 20 48 30   0.006   1.115   2.294   2.559
 90 339 20 49 30  -0.014   1.208   1.992   2.348
 90 339 20 50 30   0.423   1.927   1.231   2.336
 90 339 20 51 30   0.377   1.957   1.226   2.340
 90 339 20 52 30   0.428   1.941   1.273   2.362
 90 339 20 53 30   0.257   1.915   1.387   2.386
 90 339 20 54 30   0.182   1.789   1.582   2.396
 90 339 20 55 30   0.337   1.851   1.449   2.380
 90 339 20 56 30   0.421   1.905   1.363   2.384
 90 339 20 57 30   0.447   2.200   1.138   2.539
 90 339 20 58 30   0.973   2.201   0.802   2.545
 90 339 20 59 30   1.061   2.179   0.835   2.564
 90 339 21 00 30   1.023   2.319   0.748   2.643
 90 339 21 01 30   1.018   2.283   0.852   2.643
 90 339 21 02 30   1.029   2.326   0.972   2.724
 90 339 21 03 30   1.064   2.414   0.810   2.762
 90 339 21 04 30   1.029   2.414   0.851   2.766
 90 339 21 05 30   0.953   2.419   1.002   2.788
 90 339 21 06 30   0.966   2.449   0.938   2.797
 90 339 21 07 30   1.014   2.421   1.075   2.838
 90 339 21 08 30   1.042   2.445   0.931   2.818
 90 339 21 09 30   0.917   2.204   1.345   2.753
 90 339 21 10 30   1.109   2.416   1.067   2.867
 90 339 21 11 30   1.035   2.587   1.202   3.040
 90 339 21 12 30   1.199   2.602   1.240   3.124
 90 339 21 13 30   1.422   2.787   0.995   3.289
 90 339 21 14 30   1.168   2.534   1.522   3.347
 90 339 21 15 30  -0.727   0.922   3.821   4.136
 90 339 21 16 30  -1.057   0.503   4.186   4.347
 90 339 21 17 30  -1.012   0.407   4.179   4.320
 90 339 21 18 30  -0.975   0.473   4.111   4.254
 90 339 21 19 30  -0.679   0.640   4.088   4.195
 90 339 21 20 30  -0.721   0.577   4.077   4.184
 90 339 21 22 30  -0.741   0.400   4.098   4.185
 90 339 21 23 30  -0.857   0.306   4.107   4.208
 90 339 21 24 30  -0.959   0.326   4.011   4.139
 90 339 21 25 30  -0.929   0.156   4.083   4.192
 90 339 21 26 30  -0.914   0.329   4.028   4.145
 90 339 21 27 30  -0.835   0.241   4.024   4.119
 90 339 21 28 30  -0.782   0.399   4.077   4.172
 90 339 21 29 30  -1.051   0.237   3.950   4.098
 90 339 21 30 30  -0.818   0.177   3.954   4.043
 90 339 21 31 30  -0.984   0.148   3.738   3.871
 90 339 21 32 30  -0.827   0.083   3.710   3.804
 90 339 21 33 30  -0.705   0.153   3.703   3.774
 90 339 21 34 30  -0.668   0.260   3.675   3.746
 90 339 21 35 30  -0.429   0.273   3.626   3.669
 90 339 21 36 30  -0.240   0.282   3.624   3.644
 90 339 21 37 30  -0.194   0.221   3.613   3.626
 90 339 21 38 30  -0.242   0.192   3.587   3.602
 90 339 21 39 30  -0.202   0.237   3.613   3.627
 90 339 21 40 30  -0.122   0.175   3.569   3.577
 90 339 21 41 30  -0.154   0.259   3.564   3.579
 90 339 21 42 30  -0.057   0.195   3.572   3.579
 90 339 21 43 30   0.027   0.223   3.642   3.650
 90 339 21 44 30   0.026   0.215   3.560   3.568
 90 339 21 45 30   0.189   0.053   3.573   3.579
 90 339 21 46 30   0.357   0.106   3.509   3.531
 90 339 21 47 30   0.392   0.300   3.569   3.605
 90 339 21 48 30   0.207   0.326   3.673   3.694
 90 339 21 49 30   0.199   0.301   3.691   3.710
 90 339 21 50 30   0.217   0.291   3.576   3.596
 90 339 21 51 30   0.263   0.365   3.565   3.595
 90 339 21 52 30   0.298   0.364   3.534   3.568
 90 339 21 53 30   0.051   0.183   3.603   3.610
 90 339 21 54 30  -0.025   0.232   3.644   3.653
 90 339 21 55 30   0.115   0.142   3.705   3.711
 90 339 21 56 30   0.113   0.055   3.734   3.736
 90 339 21 57 30   0.084   0.153   3.722   3.727
 90 339 21 58 30   0.077   0.020   3.718   3.720
 90 339 21 59 30   0.034   0.116   3.679   3.682
 90 339 22 00 30  -0.035   0.043   3.651   3.653
 90 339 22 01 30  -0.032   0.111   3.649   3.653
 90 339 22 02 30  -0.055   0.015   3.636   3.638
 90 339 22 03 30  -0.041  -0.076   3.630   3.632
 90 339 22 04 30  -0.107  -0.049   3.587   3.590
 90 339 22 05 30  -0.085  -0.178   3.550   3.559
 90 339 22 06 30  -0.018  -0.172   3.525   3.530
 90 339 22 07 30  -0.023  -0.114   3.522   3.525
 90 339 22 08 30  -0.036  -0.086   3.488   3.491
 90 339 22 09 30  -0.024   0.031   3.489   3.491
 90 339 22 10 30  -0.065  -0.367   3.513   3.550
 90 339 22 11 30  -0.069  -0.637   3.547   3.606
 90 339 22 12 30  -0.029  -0.392   3.511   3.537
 90 339 22 13 30   0.029  -0.506   3.401   3.439
 90 339 22 14 30  -0.118  -0.492   3.428   3.466
 90 339 22 15 30   0.040  -0.490   3.373   3.410
 90 339 22 16 30   0.065  -0.472   3.352   3.387
 90 339 22 17 30  -0.040  -0.452   3.346   3.378
 90 339 22 18 30  -0.030  -0.517   3.280   3.322
 90 339 22 19 30   0.009  -0.472   3.272   3.307
 90 339 22 20 30   0.043  -0.492   3.251   3.289
 90 339 22 21 30   0.034  -0.274   3.325   3.343
 90 339 22 22 30   0.029  -0.005   3.357   3.359
 90 339 22 23 30  -0.031  -0.256   3.315   3.326
 90 339 22 24 30  -0.186  -0.544   3.421   3.484
 90 339 22 25 30  -0.105  -0.730   3.472   3.553
 90 339 22 26 30  -0.065  -0.615   3.456   3.514
 90 339 22 27 30  -0.196  -0.430   3.330   3.368
 90 339 22 28 30  -0.051  -0.159   3.313   3.321
 90 339 22 29 30  -0.183  -0.093   3.358   3.368
 90 339 22 30 30  -0.008  -0.361   3.411   3.435
 90 339 22 31 30   0.123  -0.511   3.373   3.415
 90 339 22 32 30   0.023  -0.422   3.486   3.514
 90 339 22 33 30   0.066  -0.492   3.511   3.548
 90 339 22 34 30   0.102  -0.629   3.501   3.559
 90 339 22 35 30  -0.011  -0.494   3.473   3.514
 90 339 22 36 30   0.004  -0.310   3.451   3.466
 90 339 22 37 30   0.003  -0.265   3.462   3.473
 90 339 22 38 30   0.084  -0.418   3.375   3.404
 90 339 22 39 30   0.103  -0.514   3.328   3.373
 90 339 22 40 30   0.168  -0.530   3.197   3.256
 90 339 22 41 30  -0.717   0.382   2.853   2.997
 90 339 22 42 30  -0.833   0.568   2.763   2.943
 90 339 22 43 30  -0.885   0.481   2.756   2.937
 90 339 22 44 30  -0.813   0.396   2.789   2.934
 90 339 22 45 30  -0.852   0.333   2.801   2.950
 90 339 22 46 30  -0.843   0.065   2.833   2.959
 90 339 22 47 30  -0.781   0.066   2.835   2.945
 90 339 22 48 30  -0.479  -0.082   2.917   2.962
 90 339 22 49 30  -0.560   0.101   2.872   2.931
 90 339 22 50 30  -0.452   0.044   2.901   2.938
 90 339 22 51 30  -0.395  -0.093   2.913   2.946
 90 339 22 52 30  -0.518   1.091   2.857   3.121
 90 339 22 53 30  -0.972   1.128   2.914   3.287
 90 339 22 54 30  -0.744   0.550   3.182   3.318
 90 339 22 55 30  -0.837   0.380   3.172   3.307
 90 339 22 56 30  -0.810   0.379   3.172   3.298
 90 339 22 57 30  -0.766   0.252   3.177   3.280
 90 339 22 58 30  -0.770   0.269   3.164   3.269
 90 339 22 59 30  -0.729   0.181   3.228   3.316
 90 339 23 00 30  -0.714   0.277   3.099   3.195
 90 339 23 01 30  -0.856   0.027   3.005   3.128
 90 339 23 02 30  -1.323  -0.341   2.831   3.148
 90 339 23 03 30  -1.315  -0.389   2.816   3.134
 90 339 23 04 30  -1.200  -0.453   2.873   3.148
 90 339 23 05 30  -1.463  -0.108   2.738   3.122
 90 339 23 06 30  -1.392  -0.097   2.879   3.202
 90 339 23 07 30  -1.343  -0.080   2.904   3.202
 90 339 23 08 30  -1.256  -0.213   2.864   3.137
 90 339 23 09 30  -1.302  -0.114   2.916   3.196
 90 339 23 10 30  -1.222   0.108   2.991   3.235
 90 339 23 11 30  -1.200   0.116   3.045   3.276
 90 339 23 12 30  -1.175   0.210   3.059   3.286
 90 339 23 13 30  -1.217   0.301   3.028   3.278
 90 339 23 14 30  -1.176   0.280   3.028   3.263
 90 339 23 15 30  -1.199   0.367   2.866   3.130
 90 339 23 16 30  -1.111   0.412   2.769   3.014
 90 339 23 17 30  -1.246   0.549   2.674   3.005
 90 339 23 18 30  -1.140   0.591   2.802   3.085
 90 339 23 19 30  -0.984   0.467   2.856   3.062
 90 339 23 20 30  -1.131   0.363   2.913   3.147
 90 339 23 21 30  -1.252   0.366   2.848   3.138
 90 339 23 22 30  -1.150   0.327   2.999   3.230
 90 339 23 23 30  -1.226   0.270   2.978   3.233
 90 339 23 24 30  -1.253   0.139   2.969   3.227
 90 339 23 25 30  -1.221   0.070   2.974   3.217
 90 339 23 26 30  -1.070   0.063   2.952   3.145
 90 339 23 27 30  -0.789   0.064   3.012   3.119
 90 339 23 28 30  -0.722   0.228   2.994   3.089
 90 339 23 29 30  -0.706   0.204   3.018   3.108
 90 339 23 30 30  -0.657   0.436   2.996   3.102
 90 339 23 31 30  -0.687   0.290   3.055   3.148
 90 339 23 32 30  -0.613   0.019   3.151   3.213
 90 339 23 33 30  -0.695   0.112   3.153   3.232
 90 339 23 34 30  -0.697   0.085   3.163   3.241
 90 339 23 35 30  -0.720   0.234   3.140   3.231
 90 339 23 36 30  -0.667   0.291   3.107   3.193
 90 339 23 37 30  -0.594   0.320   3.096   3.174
 90 339 23 38 30  -0.783   0.299   3.061   3.176
 90 339 23 39 30  -0.948   0.044   3.216   3.355
 90 339 23 40 30  -1.034   0.092   3.184   3.351
 90 339 23 41 30  -1.135   0.008   3.042   3.249
 90 339 23 42 30  -1.178   0.022   2.991   3.216
 90 339 23 43 30  -1.237   0.149   2.958   3.212
 90 339 23 44 30  -1.127   0.098   3.075   3.277
 90 339 23 45 30  -0.993   0.432   3.018   3.212
 90 339 23 46 30  -0.990   0.560   2.973   3.185
 90 339 23 47 30  -0.974   0.442   3.017   3.202
 90 339 23 48 30  -1.028   0.592   2.962   3.193
 90 339 23 49 30  -0.926   0.637   2.961   3.169
 90 339 23 50 30  -0.964   0.716   2.913   3.152
 90 339 23 51 30  -0.566   0.043   2.914   3.015
 90 339 23 52 30  -0.312  -0.273   2.922   2.952
 90 339 23 53 30  -0.318  -0.211   2.937   2.963
 90 339 23 54 30  -0.299  -0.227   2.950   2.975
 90 339 23 56 30  -0.335  -0.204   2.972   2.998
 90 339 23 57 30  -0.346  -0.590   2.969   3.053
 90 339 23 58 30  -0.476  -0.424   3.014   3.082
 90 339 23 59 30  -0.482  -0.519   3.007   3.092
