 90 340 00 00 30  -0.469  -0.521   2.968   3.053
 90 340 00 01 30  -0.478  -0.502   2.953   3.035
 90 340 00 02 30  -0.408  -0.508   3.035   3.106
 90 340 00 03 30  -0.419  -0.411   3.078   3.134
 90 340 00 04 30  -0.350  -0.461   3.046   3.102
 90 340 00 05 30  -0.430  -0.641   3.003   3.107
 90 340 00 06 30  -0.682  -0.681   2.973   3.128
 90 340 00 07 30  -0.244  -0.513   3.093   3.146
 90 340 00 08 30  -0.292  -0.535   3.091   3.166
 90 340 00 09 30  -0.673  -1.033   2.923   3.173
 90 340 00 10 30  -0.698  -1.197   2.822   3.145
 90 340 00 11 30  -0.755  -1.270   2.762   3.134
 90 340 00 12 30  -0.748  -1.495   2.643   3.129
 90 340 00 13 30  -0.629  -1.281   2.716   3.100
 90 340 00 14 30  -0.570  -1.079   2.899   3.150
 90 340 00 15 30  -0.729  -1.190   2.842   3.169
 90 340 00 16 30  -0.649  -1.037   2.798   3.061
 90 340 00 17 30  -0.457  -1.248   2.735   3.067
 90 340 00 18 30  -0.339  -1.145   2.804   3.076
 90 340 00 19 30  -0.283  -0.801   2.953   3.078
 90 340 00 20 30  -0.231  -0.867   3.125   3.256
 90 340 00 21 30  -0.285  -0.615   3.211   3.283
 90 340 00 22 30  -0.287  -0.576   3.190   3.255
 90 340 00 23 30  -0.358  -0.624   3.181   3.264
 90 340 00 24 30  -0.187  -0.755   3.025   3.205
 90 340 00 25 30  -0.033  -1.461   2.959   3.302
 90 340 00 26 30  -0.208  -1.239   3.041   3.292
 90 340 00 27 30  -0.175  -1.309   3.008   3.287
 90 340 00 28 30  -0.105  -1.225   3.042   3.282
 90 340 00 29 30  -0.038  -1.175   3.028   3.250
 90 340 00 30 30   0.047  -1.204   3.021   3.256
 90 340 00 31 30   0.043  -1.301   3.018   3.288
 90 340 00 32 30   0.068  -1.279   3.026   3.286
 90 340 00 33 30   0.233  -1.308   3.020   3.301
 90 340 00 34 30   0.074  -1.293   3.031   3.297
 90 340 00 35 30   0.066  -1.290   3.030   3.295
 90 340 00 36 30  -0.076  -1.216   3.004   3.244
 90 340 00 37 30   0.007  -1.300   2.893   3.180
 90 340 00 38 30   0.004  -1.291   2.869   3.160
 90 340 00 39 30  -0.139  -1.130   2.870   3.091
 90 340 00 40 30  -0.260  -1.228   2.920   3.181
 90 340 00 41 30  -0.305  -1.015   2.905   3.095
 90 340 00 42 30  -0.524  -0.764   2.882   3.053
 90 340 00 43 30  -1.080  -0.295   2.760   3.021
 90 340 00 44 30  -1.629   1.706   1.761   2.965
 90 340 00 45 30  -1.824   1.685   1.474   2.901
 90 340 00 46 30  -1.937   1.775   1.250   2.912
 90 340 00 47 30  -1.761   1.748   0.989   2.676
 90 340 00 48 30  -1.728   1.781   0.875   2.633
 90 340 00 49 30  -1.759   2.058   0.751   2.810
 90 340 00 50 30  -1.762   1.966   0.743   2.745
 90 340 00 51 30  -1.657   1.718   0.860   2.539
 90 340 00 52 30  -1.755   1.981   1.279   2.943
 90 340 00 53 30  -1.836   2.081   1.166   3.013
 90 340 00 54 30  -1.744   2.172   1.054   2.979
 90 340 00 55 30  -1.843   2.172   1.013   3.025
 90 340 00 56 30  -1.824   2.172   0.925   2.985
 90 340 00 57 30  -1.757   2.148   0.695   2.862
 90 340 00 58 30  -1.667   2.048   0.751   2.747
 90 340 00 59 30  -1.660   2.198   0.674   2.837
 90 340 01 00 30  -1.659   2.371   0.676   2.972
 90 340 01 01 30  -1.716   2.421   0.606   3.030
 90 340 01 02 30  -1.686   2.458   0.548   3.032
 90 340 01 03 30  -1.745   2.400   0.670   3.045
 90 340 01 04 30  -1.736   2.416   0.602   3.039
 90 340 01 05 30  -1.647   2.475   0.506   3.018
 90 340 01 06 30  -1.645   2.476   0.532   3.029
 90 340 01 07 30  -1.763   2.431   0.545   3.054
 90 340 01 08 30  -1.683   2.382   0.649   2.993
 90 340 01 09 30  -1.692   2.284   0.997   3.017
 90 340 01 10 30  -1.566   2.342   1.191   3.062
 90 340 01 11 30  -1.692   2.133   1.359   3.060
 90 340 01 12 30  -1.671   1.867   1.609   2.992
 90 340 01 13 30  -1.926   1.899   1.265   3.085
 90 340 01 14 30  -1.779   2.480  -0.002   3.054
 90 340 01 15 30  -1.720   2.548   0.151   3.081
 90 340 01 16 30  -1.656   2.569   0.059   3.063
 90 340 01 17 30  -1.755   2.510   0.340   3.085
 90 340 01 18 30  -1.741   2.593   0.236   3.133
 90 340 01 19 30  -1.723   2.608   0.370   3.162
 90 340 01 20 30  -1.683   2.695   0.349   3.199
 90 340 01 21 30  -1.711   2.661   0.255   3.176
 90 340 01 22 30  -1.695   2.649   0.087   3.148
 90 340 01 23 30  -1.686   2.659  -0.059   3.155
 90 340 01 24 30  -1.657   2.631   0.096   3.117
 90 340 01 25 30  -1.663   2.643  -0.318   3.142
 90 340 01 26 30  -1.620   2.681  -0.193   3.142
 90 340 01 27 30  -1.615   2.687  -0.158   3.144
 90 340 01 28 30  -1.551   2.735  -0.057   3.152
 90 340 01 29 30  -1.373   2.819  -0.489   3.177
 90 340 01 30 30  -1.309   2.827  -0.875   3.242
 90 340 01 31 30  -2.000   2.298   0.376   3.393
 90 340 01 32 30  -3.074   1.337   2.094   3.960
 90 340 01 33 30  -3.176   1.103   2.290   4.070
 90 340 01 34 30  -3.176   0.918   2.382   4.077
 90 340 01 35 30  -3.172   0.943   2.351   4.062
 90 340 01 36 30  -3.142   0.940   2.395   4.062
 90 340 01 37 30  -3.069   0.702   2.583   4.074
 90 340 01 38 30  -3.029   0.812   2.604   4.077
 90 340 01 39 30  -3.014   0.758   2.616   4.066
 90 340 01 40 30  -3.039   0.743   2.588   4.064
 90 340 01 41 30  -2.966   0.763   2.694   4.082
 90 340 01 42 30  -2.980   0.666   2.719   4.091
 90 340 01 43 30  -3.059   0.667   2.621   4.084
 90 340 01 44 30  -3.013   0.560   2.679   4.072
 90 340 01 45 30  -2.963   0.977   2.550   4.047
 90 340 01 46 30  -3.021   0.626   2.698   4.099
 90 340 01 47 30  -3.093   0.837   2.563   4.107
 90 340 01 48 30  -3.095   1.000   2.469   4.090
 90 340 01 49 30  -2.930   0.679   2.734   4.066
 90 340 01 50 30  -2.883   0.525   2.789   4.051
 90 340 01 51 30  -2.821   0.687   2.817   4.055
 90 340 01 52 30  -2.834   0.334   2.865   4.046
 90 340 01 53 30  -2.835   0.335   2.859   4.043
 90 340 01 54 30  -2.800   0.589   2.832   4.029
 90 340 01 55 30  -2.749   0.878   2.751   3.989
 90 340 01 56 30  -2.804   0.773   2.751   4.007
 90 340 01 57 30  -2.787   0.517   2.843   4.017
 90 340 01 58 30  -2.869   0.458   2.767   4.015
 90 340 01 59 30  -3.026   1.393   2.021   3.964
 90 340 02 00 30  -2.971   1.324   2.320   4.005
 90 340 02 01 30  -3.027   1.090   2.474   4.066
 90 340 02 02 30  -3.066   0.910   2.542   4.090
 90 340 02 03 30  -2.923   0.955   2.719   4.111
 90 340 02 04 30  -2.835   0.861   2.849   4.112
 90 340 02 05 30  -2.900   0.871   2.780   4.112
 90 340 02 06 30  -2.869   0.863   2.821   4.117
 90 340 02 07 30  -2.804   0.907   2.882   4.123
 90 340 02 08 30  -2.780   0.765   2.934   4.116
 90 340 02 09 30  -2.771   0.801   2.940   4.122
 90 340 02 10 30  -2.744   0.842   2.935   4.110
 90 340 02 11 30  -2.807   0.971   2.839   4.112
 90 340 02 12 30  -2.795   0.804   2.892   4.104
 90 340 02 13 30  -2.916   0.956   2.727   4.108
 90 340 02 14 30  -2.932   1.056   2.661   4.099
 90 340 02 15 30  -2.931   0.999   2.675   4.095
 90 340 02 16 30  -2.864   1.119   2.700   4.099
 90 340 02 17 30  -2.995   0.801   2.672   4.095
 90 340 02 18 30  -2.955   0.928   2.665   4.087
 90 340 02 19 30  -3.030   0.955   2.594   4.104
 90 340 02 20 30  -3.040   0.916   2.581   4.095
 90 340 02 21 30  -3.041   1.003   2.541   4.090
 90 340 02 22 30  -2.877   0.918   2.749   4.087
 90 340 02 23 30  -2.858   0.854   2.802   4.095
 90 340 02 24 30  -2.926   0.972   2.689   4.093
 90 340 02 25 30  -3.024   1.027   2.515   4.071
 90 340 02 26 30  -2.896   1.132   2.644   4.087
 90 340 02 27 30  -2.833   1.134   2.733   4.106
 90 340 02 28 30  -2.881   1.197   2.670   4.117
 90 340 02 29 30  -2.866   1.222   2.691   4.123
 90 340 02 30 30  -2.757   1.036   2.906   4.138
 90 340 02 31 30  -2.757   1.071   2.897   4.140
 90 340 02 32 30  -2.711   1.029   2.942   4.132
 90 340 02 33 30  -2.684   1.046   2.941   4.120
 90 340 02 34 30  -2.416   0.992   3.146   4.091
 90 340 02 35 30  -2.166   0.901   3.339   4.083
 90 340 02 36 30  -2.167   0.929   3.330   4.082
 90 340 02 37 30  -2.128   0.916   3.368   4.089
 90 340 02 38 30  -2.188   0.860   3.364   4.105
 90 340 02 39 30  -2.213   0.913   3.315   4.090
 90 340 02 40 30  -2.178   0.923   3.361   4.111
 90 340 02 41 30  -2.164   0.960   3.354   4.112
 90 340 02 42 30  -2.394   0.919   3.182   4.095
 90 340 02 43 30  -2.608   0.712   3.053   4.087
 90 340 02 44 30  -2.695   0.719   2.986   4.095
 90 340 02 45 30  -2.597   0.725   3.083   4.097
 90 340 02 46 30  -2.597   0.705   3.054   4.072
 90 340 02 47 30  -2.696   0.541   3.014   4.082
 90 340 02 48 30  -2.910   0.422   2.923   4.148
 90 340 02 49 30  -2.893   0.798   2.819   4.124
 90 340 02 50 30  -2.908   0.855   2.793   4.124
 90 340 02 51 30  -3.060   0.727   2.652   4.116
 90 340 02 52 30  -3.157   0.642   2.686   4.197
 90 340 02 53 30  -3.033   0.598   2.908   4.248
 90 340 02 54 30  -3.336   0.511   2.586   4.266
 90 340 02 55 30  -3.444   0.294   2.523   4.281
 90 340 02 56 30  -3.477   0.247   2.475   4.278
 90 340 02 57 30  -3.336   0.478   2.525   4.270
 90 340 02 58 30  -2.644   1.363   2.928   4.174
 90 340 02 59 30  -2.599   1.590   2.816   4.171
 90 340 03 00 30  -2.762   0.973   2.876   4.107
 90 340 03 01 30  -2.642   0.897   3.020   4.113
 90 340 03 02 30  -2.608   0.893   3.057   4.118
 90 340 03 03 30  -2.540   0.798   3.117   4.101
 90 340 03 04 30  -2.520   0.787   3.143   4.105
 90 340 03 05 30  -2.577   0.662   3.120   4.101
 90 340 03 06 30  -2.534   0.692   3.155   4.109
 90 340 03 07 30  -2.568   0.687   3.147   4.120
 90 340 03 08 30  -2.585   0.426   3.205   4.140
 90 340 03 09 30  -2.928   0.517   2.978   4.216
 90 340 03 10 30  -3.079   0.336   2.882   4.234
 90 340 03 11 30  -3.145   0.234   2.916   4.296
 90 340 03 12 30  -3.136   0.235   2.983   4.335
 90 340 03 13 30  -3.131   0.221   2.973   4.324
 90 340 03 14 30  -3.169   0.249   2.920   4.319
 90 340 03 15 30  -3.225   0.275   2.855   4.319
 90 340 03 16 30  -3.187   0.014   2.974   4.360
 90 340 03 17 30  -3.275   0.108   2.879   4.363
 90 340 03 18 30  -3.267   0.058   2.895   4.366
 90 340 03 19 30  -3.192  -0.083   3.009   4.388
 90 340 03 20 30  -3.185  -0.145   3.020   4.392
 90 340 03 21 30  -3.124  -0.233   3.085   4.398
 90 340 03 22 30  -3.147  -0.113   3.057   4.391
 90 340 03 23 30  -2.984  -0.362   3.178   4.378
 90 340 03 24 30  -2.970  -0.297   3.191   4.371
 90 340 03 25 30  -3.024  -0.206   3.144   4.370
 90 340 03 26 30  -3.052  -0.246   3.133   4.382
 90 340 03 27 30  -3.046  -0.212   3.168   4.402
 90 340 03 28 30  -3.054  -0.270   3.161   4.405
 90 340 03 29 30  -3.075  -0.294   3.160   4.423
 90 340 03 30 30  -3.035  -0.447   3.195   4.432
 90 340 03 31 30  -3.018  -0.572   3.214   4.448
 90 340 03 32 30  -3.098  -0.682   3.096   4.435
 90 340 03 33 30  -3.035  -0.779   3.152   4.448
 90 340 03 34 30  -2.987  -0.843   3.155   4.432
 90 340 03 35 30  -2.943  -0.615   3.212   4.401
 90 340 03 36 30  -2.869  -0.888   3.210   4.399
 90 340 03 37 30  -2.856  -1.038   3.193   4.415
 90 340 03 38 30  -2.820  -0.569   3.240   4.335
 90 340 03 39 30  -2.669  -0.869   3.112   4.198
 90 340 03 40 30  -2.661  -1.016   3.095   4.234
 90 340 03 41 30  -2.719  -1.230   3.062   4.279
 90 340 03 42 30  -2.241  -1.891   2.656   4.007
 90 340 03 43 30  -2.111  -2.129   2.401   3.856
 90 340 03 44 30  -1.959  -2.378   2.185   3.842
 90 340 03 45 30  -1.706  -2.883   2.017   3.921
 90 340 03 46 30  -2.029  -2.577   2.502   4.141
 90 340 03 47 30  -2.313  -2.358   2.411   4.109
 90 340 03 48 30  -2.058  -1.856   3.012   4.103
 90 340 03 49 30  -2.108  -1.734   2.907   3.992
 90 340 03 50 30  -2.618  -1.808   2.972   4.356
 90 340 03 51 30  -2.611  -1.900   2.932   4.366
 90 340 03 52 30  -2.536  -1.967   2.941   4.355
 90 340 03 53 30  -2.156  -1.746   3.010   4.099
 90 340 03 54 30  -2.273  -2.021   2.817   4.157
 90 340 03 55 30  -2.127  -1.664   2.951   4.017
 90 340 03 56 30  -2.527  -1.733   2.922   4.250
 90 340 03 57 30  -2.522  -1.923   2.722   4.259
 90 340 03 58 30  -2.601  -0.658   2.963   4.042
 90 340 03 59 30  -2.695  -0.712   2.961   4.147
 90 340 04 00 30  -2.435  -1.187   3.330   4.296
 90 340 04 01 30  -2.504  -0.868   3.336   4.263
 90 340 04 02 30  -2.526  -0.946   3.235   4.220
 90 340 04 03 30  -2.701  -0.803   3.011   4.130
 90 340 04 04 30  -2.435  -1.003   3.358   4.278
 90 340 04 05 30  -2.514  -1.234   3.208   4.263
 90 340 04 06 30  -2.419  -1.281   3.153   4.178
 90 340 04 07 30  -2.241  -1.228   3.197   4.097
 90 340 04 08 30  -2.099  -1.152   3.285   4.079
 90 340 04 09 30  -2.154  -1.097   3.126   3.972
 90 340 04 10 30  -2.307  -0.500   3.247   4.018
 90 340 04 11 30  -2.290  -1.983   2.475   3.952
 90 340 04 12 30  -2.343  -2.068   2.475   3.990
 90 340 04 13 30  -2.469  -1.878   2.422   3.948
 90 340 04 14 30  -2.410  -1.847   2.382   3.863
 90 340 04 15 30  -2.487  -1.850   2.284   3.863
 90 340 04 16 30  -2.641  -1.800   2.263   3.960
 90 340 04 18 30  -2.424  -1.640   2.736   4.014
 90 340 04 19 30  -2.640  -1.716   2.435   3.988
 90 340 04 20 30  -2.782  -1.458   2.543   4.044
 90 340 04 21 30  -2.824  -1.344   2.533   4.028
 90 340 04 22 30  -2.758  -1.373   2.602   4.035
 90 340 04 23 30  -2.878  -1.149   2.556   4.019
 90 340 04 24 30  -2.649  -1.311   2.630   3.959
 90 340 04 25 30  -2.723  -0.999   2.619   3.930
 90 340 04 26 30  -3.130  -0.221   2.339   3.932
 90 340 04 27 30  -2.668  -0.835   2.714   3.910
 90 340 04 28 30  -2.733  -0.640   2.713   3.913
 90 340 04 29 30  -2.682  -0.514   2.831   3.950
 90 340 04 30 30  -2.947  -0.489   2.540   3.931
 90 340 04 31 30  -3.096  -0.381   2.329   3.911
 90 340 04 32 30  -2.948  -0.251   2.504   3.897
 90 340 04 33 30  -2.572  -0.403   2.536   3.662
 90 340 04 34 30  -2.543   1.146   1.620   3.521
 90 340 04 35 30  -1.187   3.338  -0.602   3.600
 90 340 04 36 30  -1.314   3.308  -0.752   3.644
 90 340 04 37 30  -1.069   3.365  -0.922   3.659
 90 340 04 38 30  -0.452   3.276  -1.588   3.716
 90 340 04 39 30   0.359   2.456  -2.789   3.754
 90 340 04 40 30  -1.377   2.858  -0.362   3.637
 90 340 04 41 30  -1.457   3.142  -0.098   3.512
 90 340 04 42 30  -1.938   2.827   0.668   3.502
 90 340 04 43 30  -2.205   2.494   0.836   3.465
 90 340 04 44 30  -2.138   2.349   1.400   3.476
 90 340 04 45 30  -2.232   2.423   0.816   3.423
 90 340 04 46 30  -2.332   2.416   0.597   3.422
 90 340 04 47 30  -2.481   2.297   0.728   3.469
 90 340 04 48 30  -3.136   1.143   0.771   3.576
 90 340 04 49 30  -2.317   2.575   0.533   3.564
 90 340 04 50 30  -2.068   2.825   0.374   3.565
 90 340 04 51 30  -2.840   1.801  -0.371   3.555
 90 340 04 52 30  -2.409   2.259   0.233   3.468
 90 340 04 53 30  -1.821   2.869   0.197   3.416
 90 340 04 54 30  -1.099   2.483   2.051   3.491
 90 340 04 55 30  -1.318   2.578   1.771   3.498
 90 340 04 56 30  -1.167   2.527   2.195   3.562
 90 340 04 57 30  -1.629   2.636   0.115   3.577
 90 340 04 58 30  -1.950   3.006  -0.770   3.687
 90 340 04 59 30  -1.840   2.854   0.078   3.608
 90 340 05 00 30  -1.588   3.068   0.864   3.627
 90 340 05 01 30  -0.888   3.412   0.102   3.606
 90 340 05 02 30  -0.796   3.430  -0.851   3.672
 90 340 05 03 30  -1.276   3.304   1.111   3.774
 90 340 05 04 30  -1.515   3.544   0.253   3.885
 90 340 05 05 30  -1.353   3.693  -0.134   3.977
 90 340 05 06 30  -1.872   3.547   0.306   4.042
 90 340 05 07 30  -1.787   3.619   0.062   4.051
 90 340 05 08 30  -2.118   3.313   0.738   4.039
 90 340 05 09 30  -1.860   3.577   0.152   4.049
 90 340 05 10 30  -1.864   3.491   0.181   3.983
 90 340 05 11 30  -1.677   3.415   0.002   3.827
 90 340 05 12 30  -1.471   3.480  -0.186   3.795
 90 340 05 13 30  -1.545   3.512   0.297   3.863
 90 340 05 14 30  -1.647   3.482   0.406   3.886
 90 340 05 15 30  -1.601   3.556   0.355   3.920
 90 340 05 16 30  -2.173   3.097   0.567   3.841
 90 340 05 17 30  -2.159   3.105   0.588   3.831
 90 340 05 18 30  -2.026   3.210   0.688   3.868
 90 340 05 19 30  -1.988   3.208   0.705   3.849
 90 340 05 20 30  -2.374   2.797   0.582   3.830
 90 340 05 21 30  -2.786   1.425   1.888   3.660
 90 340 05 22 30  -2.808   1.240   1.987   3.667
 90 340 05 23 30  -2.496   1.089   2.313   3.586
 90 340 05 24 30  -2.452   1.200   2.205   3.582
 90 340 05 25 30  -1.968   2.995   0.567   3.743
 90 340 05 27 30  -1.892   3.334   0.284   3.846
 90 340 05 28 30  -2.158   2.695   1.102   3.809
 90 340 05 29 30  -2.299   2.493   1.142   3.656
 90 340 05 30 30  -2.118   2.700   1.005   3.608
 90 340 05 31 30  -1.975   2.988   0.820   3.702
 90 340 05 32 30  -2.422   2.855   0.323   3.768
 90 340 05 33 30  -2.513   2.706   0.390   3.737
 90 340 05 34 30  -2.334   2.590   0.196   3.516
 90 340 05 35 30  -2.219   2.431   1.154   3.531
 90 340 05 36 30  -2.228   2.571   0.828   3.520
 90 340 05 37 30  -1.998   2.714   0.663   3.457
 90 340 05 38 30  -2.081   2.720   0.070   3.447
 90 340 05 39 30  -2.059   2.759  -0.205   3.464
 90 340 05 40 30  -1.853   2.760   0.067   3.343
 90 340 05 41 30  -1.902   2.772   0.207   3.380
 90 340 05 42 30  -1.949   2.792   0.134   3.420
 90 340 05 43 30  -1.695   2.913   0.293   3.393
 90 340 05 44 30  -1.801   2.849   0.308   3.395
 90 340 05 45 30  -2.031   2.757   0.162   3.433
 90 340 05 46 30  -2.117   2.674   0.266   3.429
 90 340 05 47 30  -2.096   2.682   0.089   3.425
 90 340 05 48 30  -1.742   2.788   0.349   3.316
 90 340 05 49 30  -1.835   2.759   0.392   3.354
 90 340 05 50 30  -1.781   2.819   0.108   3.351
 90 340 05 51 30  -1.795   2.975  -0.049   3.492
 90 340 05 52 30  -2.158   2.669   0.574   3.541
 90 340 05 53 30  -1.808   2.605   0.558   3.334
 90 340 05 54 30  -2.341   1.354   0.954   2.904
 90 340 05 55 30  -2.461   1.311   0.815   2.928
 90 340 05 56 30  -2.169   1.058   1.123   2.752
 90 340 05 57 30  -1.992   1.222   1.135   2.923
 90 340 05 58 30  -1.789   1.626   1.718   3.202
 90 340 05 59 30  -1.991   2.108   1.392   3.263
 90 340 06 00 30  -2.184   2.572   0.687   3.493
 90 340 06 01 30  -2.417   2.040   0.916   3.389
 90 340 06 02 30  -2.389   1.644   1.320   3.312
 90 340 06 03 30  -2.372   0.645   2.132   3.404
 90 340 06 04 30  -2.877   0.129   1.803   3.439
 90 340 06 05 30  -2.466   0.094   2.295   3.398
 90 340 06 06 30  -2.733   0.066   2.029   3.416
 90 340 06 07 30  -2.505   0.235   2.079   3.404
 90 340 06 08 30  -2.170  -2.593   0.937   3.658
 90 340 06 09 30  -2.047  -2.509   1.391   3.765
 90 340 06 10 30  -2.181  -2.871   1.008   3.811
 90 340 06 11 30  -2.302  -2.064   1.513   3.673
 90 340 06 12 30  -2.394  -0.065   2.395   3.742
 90 340 06 13 30  -2.788  -1.060   2.327   3.796
 90 340 06 14 30  -2.929  -0.794   2.320   3.849
 90 340 06 15 30  -2.902  -0.657   2.290   3.786
 90 340 06 16 30  -3.002  -0.115   2.169   3.735
 90 340 06 17 30  -2.574  -1.115   2.143   3.685
 90 340 06 18 30  -2.110  -1.308   2.676   3.680
 90 340 06 19 30  -1.976  -1.921   2.305   3.612
 90 340 06 20 30  -2.187  -1.872   2.209   3.632
 90 340 06 21 30  -2.337  -1.770   2.150   3.637
 90 340 06 22 30  -2.412  -1.667   2.244   3.696
 90 340 06 23 30  -2.458  -1.761   2.221   3.753
 90 340 06 24 30  -2.408  -1.866   2.105   3.710
 90 340 06 25 30  -2.373  -1.717   2.076   3.602
 90 340 06 26 30  -1.923  -0.099   2.389   3.436
 90 340 06 27 30  -0.462   2.268   2.592   3.617
 90 340 06 28 30  -0.018   3.369   2.697   4.319
 90 340 06 29 30  -0.485   3.165   2.964   4.369
 90 340 06 30 30  -0.399   3.230   2.947   4.394
 90 340 06 31 30  -0.360   3.351   2.816   4.394
 90 340 06 32 30  -0.325   3.257   2.938   4.400
 90 340 06 33 30  -0.348   3.247   2.821   4.323
 90 340 06 34 30  -0.335   2.711   2.919   4.002
 90 340 06 35 30  -0.411   2.389   3.020   3.876
 90 340 06 36 30  -0.381   2.230   3.079   3.826
 90 340 06 37 30  -0.116   1.221   3.715   3.923
 90 340 06 38 30   0.037   1.507   3.554   3.868
 90 340 06 39 30   0.099   1.745   3.605   4.007
 90 340 06 40 30  -0.054   1.868   3.546   4.013
 90 340 06 41 30  -0.017   2.209   3.421   4.078
 90 340 06 42 30  -0.015   2.477   3.412   4.218
 90 340 06 43 30   0.011   2.597   3.290   4.200
 90 340 06 44 30   0.369   2.116   3.350   4.024
 90 340 06 45 30  -0.146   2.471   3.192   4.161
 90 340 06 46 30  -0.073   2.492   3.336   4.186
 90 340 06 47 30   0.239   2.273   3.446   4.139
 90 340 06 48 30   0.388   2.135   3.380   4.020
 90 340 06 49 30   0.455   1.936   3.487   4.021
 90 340 06 50 30   0.756   1.685   3.661   4.109
 90 340 06 51 30   0.518   3.229   2.787   4.310
 90 340 06 52 30   0.615   3.243   2.874   4.382
 90 340 06 53 30   0.487   3.290   2.758   4.323
 90 340 06 54 30   0.418   3.308   2.795   4.360
 90 340 06 55 30  -0.043   3.394   2.372   4.147
 90 340 06 56 30   0.302   3.270   2.488   4.128
 90 340 06 57 30   0.835   3.512   2.187   4.223
 90 340 06 58 30  -0.125   3.559   2.048   4.127
 90 340 06 59 30  -0.282   3.736   1.633   4.096
 90 340 07 00 30  -0.411   3.812   1.541   4.155
 90 340 07 01 30  -0.544   3.920   1.210   4.144
 90 340 07 02 30  -0.624   3.901   1.440   4.208
 90 340 07 03 30  -0.597   3.992   1.327   4.254
 90 340 07 04 30  -0.424   4.021   0.910   4.146
 90 340 07 05 30  -0.496   3.862   1.327   4.124
 90 340 07 06 30  -0.463   3.894   1.089   4.081
 90 340 07 07 30  -0.523   3.799   1.355   4.093
 90 340 07 08 30  -0.436   3.796   1.323   4.046
 90 340 07 09 30  -0.335   3.752   1.349   4.002
 90 340 07 10 30  -0.048   3.397   1.660   3.790
 90 340 07 11 30  -0.297   3.736   0.943   3.890
 90 340 07 12 30  -0.566   3.705   0.720   3.821
 90 340 07 13 30  -0.623   3.656   0.744   3.795
 90 340 07 14 30  -0.926   3.559   0.479   3.716
 90 340 07 15 30  -0.901   3.459   0.681   3.657
 90 340 07 16 30  -0.753   3.420   0.905   3.619
 90 340 07 17 30  -0.862   3.417   0.828   3.622
 90 340 07 18 30  -1.055   3.340   0.899   3.636
 90 340 07 19 30  -0.561   3.579   0.334   3.651
 90 340 07 20 30  -0.086   3.640   0.336   3.658
 90 340 07 21 30  -0.243   3.576   0.308   3.600
 90 340 07 22 30  -0.291   3.576   0.169   3.593
 90 340 07 23 30  -0.236   3.608   0.049   3.618
 90 340 07 24 30  -0.150   3.578  -0.178   3.598
 90 340 07 25 30  -0.038   3.580  -0.259   3.605
 90 340 07 26 30  -0.744   3.607   0.459   3.716
 90 340 07 27 30  -0.545   3.722   0.068   3.769
 90 340 15 02 30   1.634  -2.868  -6.229   7.053
 90 340 15 03 30   1.275  -2.177  -6.041   6.597
 90 340 15 04 30   1.087  -1.600  -6.321   6.615
 90 340 15 05 30   1.393  -1.905  -6.320   6.748
 90 340 15 06 30   1.271  -1.576  -6.413   6.727
 90 340 15 07 30   1.181  -1.151  -6.348   6.564
 90 340 15 08 30   0.996  -1.218  -6.449   6.641
 90 340 15 09 30   1.059  -1.131  -6.634   6.824
 90 340 15 10 30   1.045  -1.342  -6.923   7.135
 90 340 15 11 30   0.957  -1.310  -6.447   6.656
 90 340 15 12 30   1.078  -1.315  -6.728   6.948
 90 340 15 13 30   0.990  -1.273  -6.699   6.897
 90 340 15 14 30   0.899  -0.922  -6.729   6.864
 90 340 15 15 30   1.233  -1.964  -6.349   6.783
 90 340 15 16 30   0.915  -1.804  -7.096   7.427
 90 340 15 17 30   0.768  -1.459  -7.423   7.607
 90 340 15 18 30   1.351  -2.110  -6.987   7.439
 90 340 15 19 30   0.680  -2.381  -8.184   8.584
 90 340 15 20 30   0.776  -4.015  -6.709   7.885
 90 340 15 21 30   1.357  -4.297  -6.406   7.839
 90 340 15 22 30   1.307  -3.878  -6.310   7.528
 90 340 15 23 30   1.026  -3.387  -6.923   7.779
 90 340 15 24 30   0.647  -3.349  -6.939   7.774
 90 340 15 25 30   0.025  -4.056  -6.841   7.964
 90 340 15 26 30   0.532  -4.326  -6.769   8.056
 90 340 15 27 30   0.303  -4.374  -6.896   8.174
 90 340 15 28 30   0.626  -3.909  -6.868   7.947
 90 340 15 29 30   0.667  -3.659  -6.894   7.836
 90 340 15 30 30   0.581  -3.612  -6.958   7.864
 90 340 15 31 30   0.674  -3.744  -6.944   7.922
 90 340 15 32 30   0.485  -4.383  -6.679   8.063
 90 340 15 33 30   0.752  -5.226  -5.891   7.920
 90 340 15 34 30   0.778  -4.921  -6.100   7.894
 90 340 15 35 30   0.013  -4.917  -6.159   7.906
 90 340 15 36 30   1.154  -3.634  -6.939   7.921
 90 340 15 37 30   1.480  -3.980  -6.708   7.952
 90 340 15 38 30   1.786  -4.071  -6.366   7.769
 90 340 15 39 30   1.471  -3.995  -6.626   7.880
 90 340 15 40 30   1.103  -4.267  -6.844   8.145
 90 340 15 41 30   1.139  -4.152  -6.938   8.169
 90 340 15 42 30   1.077  -3.952  -7.078   8.180
 90 340 15 43 30   1.212  -3.900  -7.046   8.146
 90 340 15 44 30   1.616  -3.503  -7.001   8.030
 90 340 15 45 30   2.174  -2.818  -6.982   7.868
 90 340 15 46 30   1.485  -4.099  -6.713   8.011
 90 340 15 47 30   1.696  -3.589  -6.757   7.859
 90 340 15 48 30   1.556  -4.014  -6.595   7.885
 90 340 15 49 30   1.624  -4.016  -6.565   7.871
 90 340 15 50 30   1.258  -4.062  -6.695   7.937
 90 340 15 51 30   1.117  -4.475  -6.521   7.996
 90 340 15 52 30   0.867  -4.363  -6.593   7.960
 90 340 15 53 30   1.257  -3.467  -6.711   7.730
 90 340 15 54 30   1.798  -2.798  -6.921   7.684
 90 340 15 55 30   1.300  -4.756  -6.376   8.082
 90 340 15 56 30   1.424  -4.864  -6.259   8.057
 90 340 15 57 30   1.977  -4.265  -6.183   7.774
 90 340 15 58 30   2.714  -3.802  -5.818   7.477
 90 340 15 59 30   2.854  -3.944  -5.559   7.400
 90 340 16 00 30   2.806  -4.196  -5.529   7.499
 90 340 16 01 30   2.135  -4.591  -5.813   7.733
 90 340 16 02 30   1.479  -4.527  -6.287   7.896
 90 340 16 03 30   1.107  -4.501  -6.504   7.988
 90 340 16 05 30   1.343  -4.254  -6.486   7.875
 90 340 16 06 30   1.502  -4.185  -6.389   7.787
 90 340 16 07 30   1.413  -4.207  -6.404   7.797
 90 340 16 08 30   1.646  -4.556  -5.980   7.710
 90 340 16 09 30   1.570  -4.990  -5.674   7.722
 90 340 16 10 30   1.477  -4.668  -6.007   7.760
 90 340 16 11 30   1.422  -4.648  -6.026   7.754
 90 340 16 12 30   1.370  -4.610  -6.016   7.706
 90 340 16 13 30   1.845  -4.110  -6.056   7.557
 90 340 16 14 30   1.807  -4.315  -6.180   7.764
 90 340 16 15 30   1.863  -4.601  -5.890   7.711
 90 340 16 16 30   2.184  -5.333  -5.102   7.715
 90 340 16 17 30   2.297  -5.716  -4.728   7.779
 90 340 16 18 30   2.198  -5.427  -5.079   7.757
 90 340 16 19 30   2.274  -5.863  -4.528   7.775
 90 340 16 20 30   1.993  -4.635  -5.869   7.746
 90 340 16 21 30   2.298  -4.839  -5.609   7.767
 90 340 16 22 30   0.926  -3.884  -6.874   7.983
 90 340 16 23 30   0.469  -3.994  -6.958   8.047
 90 340 16 24 30   2.205  -3.898  -6.180   7.703
 90 340 16 25 30   1.780  -3.671  -6.679   7.830
 90 340 16 26 30   1.552  -4.055  -6.591   7.902
 90 340 16 27 30   1.474  -3.736  -6.724   7.842
 90 340 16 28 30   1.351  -3.457  -6.861   7.806
 90 340 16 29 30   0.959  -4.550  -6.663   8.139
 90 340 16 30 30   0.539  -5.506  -5.636   8.120
 90 340 16 31 30  -0.027  -6.617  -3.139   7.406
 90 340 16 32 30  -0.422  -7.334  -1.627   7.544
 90 340 16 33 30  -0.640  -7.501  -1.068   7.636
 90 340 16 34 30  -0.509  -7.384  -1.825   7.643
 90 340 16 35 30  -1.483  -7.429   1.124   7.881
 90 340 16 36 30  -1.733  -7.389   2.354   7.956
 90 340 16 37 30  -1.583  -7.446   2.158   7.923
 90 340 16 38 30  -1.455  -7.407   1.764   7.757
 90 340 16 39 30  -1.476  -7.330   1.539   7.674
 90 340 16 40 30  -1.201  -7.583   0.799   7.726
 90 340 16 41 30  -1.393  -7.550   1.109   7.769
 90 340 16 42 30  -1.237  -7.698   0.481   7.826
 90 340 16 43 30  -0.597  -7.622  -0.500   7.689
 90 340 16 44 30  -0.173  -7.646  -0.509   7.684
 90 340 16 45 30  -0.264  -7.513  -1.408   7.653
 90 340 16 46 30  -0.176  -7.102  -2.115   7.564
 90 340 16 47 30   0.952  -4.926  -4.952   7.067
 90 340 16 48 30   1.016  -4.751  -5.046   7.007
 90 340 16 49 30   0.881  -4.488  -5.487   7.152
 90 340 16 50 30   1.325  -4.712  -6.075   7.826
 90 340 16 51 30   1.518  -3.555  -6.934   7.943
 90 340 16 52 30   1.563  -3.351  -6.967   7.912
 90 340 16 53 30   1.526  -2.216  -7.423   7.906
 90 340 16 54 30   1.341  -2.694  -7.336   7.933
 90 340 17 02 30   2.233  -3.624  -6.595   7.857
 90 340 17 03 30   2.177  -3.288  -6.779   7.855
 90 340 17 04 30   2.118  -2.937  -6.972   7.868
 90 340 17 05 30   1.908  -3.195  -7.031   7.965
 90 340 17 06 30   1.903  -3.010  -7.088   7.949
 90 340 17 07 30   2.183  -3.500  -6.764   7.929
 90 340 17 08 30   2.157  -3.517  -6.752   7.916
 90 340 17 09 30   2.197  -3.890  -6.597   7.977
 90 340 17 10 30   2.548  -4.361  -6.090   7.931
 90 340 17 11 30   2.321  -3.726  -6.466   7.839
 90 340 17 12 30   2.249  -3.755  -6.317   7.694
 90 340 17 13 30   2.187  -3.431  -6.454   7.636
 90 340 17 14 30   2.069  -3.155  -6.624   7.656
 90 340 17 15 30   2.155  -4.336  -6.020   7.731
 90 340 17 16 30   2.155  -4.251  -6.004   7.667
 90 340 17 17 30   2.227  -4.230  -5.984   7.663
 90 340 17 18 30   2.119  -4.071  -6.126   7.661
 90 340 17 19 30   1.913  -4.219  -6.216   7.756
 90 340 17 20 30   2.065  -3.970  -6.157   7.618
 90 340 17 21 30   1.980  -3.737  -6.172   7.489
 90 340 17 22 30   1.989  -3.616  -6.390   7.622
 90 340 17 23 30   2.101  -3.633  -6.291   7.567
 90 340 17 24 30   1.856  -3.119  -6.620   7.553
 90 340 17 25 30   1.819  -3.346  -6.488   7.530
 90 340 17 26 30   1.633  -3.560  -6.368   7.482
 90 340 17 27 30   1.589  -3.119  -6.477   7.370
 90 340 17 28 30   1.959  -3.262  -6.131   7.224
 90 340 17 29 30   2.061  -3.104  -6.075   7.145
 90 340 17 30 30   2.481  -3.594  -5.647   7.148
 90 340 17 31 30   2.271  -3.480  -5.719   7.074
 90 340 17 32 30   2.422  -3.611  -5.579   7.104
 90 340 17 33 30   2.765  -4.002  -5.012   6.996
 90 340 17 34 30   2.090  -3.803  -5.779   7.230
 90 340 17 35 30   2.297  -3.862  -5.561   7.154
 90 340 17 36 30   2.362  -3.822  -5.524   7.127
 90 340 17 37 30   2.263  -4.042  -5.406   7.138
 90 340 17 38 30   2.146  -4.629  -5.096   7.218
 90 340 17 39 30   2.378  -4.529  -5.072   7.207
 90 340 17 40 30   2.299  -5.209  -4.523   7.276
 90 340 17 41 30   2.295  -5.004  -4.731   7.263
 90 340 17 42 30   2.370  -5.182  -4.565   7.305
 90 340 17 43 30   2.552  -5.436  -4.128   7.290
 90 340 17 44 30   2.560  -5.213  -4.420   7.302
 90 340 17 45 30   2.508  -5.417  -4.268   7.346
 90 340 17 46 30   2.209  -5.276  -3.869   6.921
 90 340 17 47 30   2.247  -5.287  -3.107   6.540
 90 340 17 48 30   2.084  -5.695  -2.103   6.439
 90 340 17 49 30   2.586  -5.147  -3.571   6.809
 90 340 17 50 30   2.302  -5.987  -3.194   7.189
 90 340 17 51 30   3.727  -3.342  -4.079   6.894
 90 340 17 52 30   5.290  -1.091  -4.833   7.251
 90 340 17 53 30   5.242  -1.861  -4.608   7.232
 90 340 17 54 30   5.169  -2.121  -4.486   7.169
 90 340 17 55 30   5.224  -2.547  -4.062   7.095
 90 340 17 56 30   5.377  -2.362  -4.119   7.178
 90 340 17 57 30   5.286  -2.320  -4.252   7.173
 90 340 17 58 30   5.251  -2.495  -4.095   7.118
 90 340 17 59 30   5.365  -2.418  -3.889   7.059
 90 340 18 00 30   5.422  -2.265  -3.960   7.088
 90 340 18 01 30   5.575  -2.239  -3.663   7.038
 90 340 18 02 30   5.477  -2.550  -3.579   7.049
 90 340 18 03 30   5.290  -3.781  -2.856   7.127
 90 340 18 04 30   5.243  -3.961  -2.783   7.141
 90 340 18 05 30   5.281  -4.090  -2.535   7.156
 90 340 18 06 30   5.369  -3.889  -2.808   7.207
 90 340 18 07 30   5.411  -3.713  -2.983   7.212
 90 340 18 08 30   5.514  -3.934  -2.501   7.230
 90 340 18 09 30   5.495  -4.197  -2.056   7.224
 90 340 18 10 30   5.563  -4.037  -2.163   7.210
 90 340 18 11 30   5.751  -3.725  -2.160   7.193
 90 340 18 12 30   5.719  -2.956  -2.960   7.152
 90 340 18 13 30   5.858  -2.659  -3.147   7.169
 90 340 18 14 30   5.765  -3.217  -2.684   7.132
 90 340 18 15 30   5.700  -3.219  -2.797   7.132
 90 340 18 16 30   5.726  -3.408  -2.512   7.128
 90 340 18 17 30   5.835  -3.360  -2.344   7.136
 90 340 18 18 30   5.891  -3.264  -2.385   7.151
 90 340 18 19 30   5.820  -3.286  -2.656   7.193
 90 340 18 20 30   5.861  -3.359  -2.404   7.182
 90 340 18 21 30   5.749  -3.922  -1.697   7.174
 90 340 18 22 30   5.605  -3.961  -1.700   7.090
 90 340 18 23 30   5.838  -3.483  -1.963   7.078
 90 340 18 24 30   5.866  -3.459  -1.976   7.093
 90 340 18 25 30   5.846  -3.436  -2.093   7.101
 90 340 18 26 30   5.659  -3.996  -1.854   7.182
 90 340 18 27 30   5.858  -3.769  -1.874   7.219
 90 340 18 28 30   5.693  -3.994  -1.826   7.207
 90 340 18 29 30   5.334  -4.548  -1.727   7.224
 90 340 18 30 30   5.712  -4.061  -1.805   7.247
 90 340 18 31 30   5.780  -4.091  -1.505   7.244
 90 340 18 32 30   5.982  -3.745  -1.519   7.222
 90 340 18 33 30   5.952  -3.767  -1.479   7.200
 90 340 18 34 30   5.964  -3.802  -1.161   7.171
 90 340 18 35 30   5.837  -4.111  -1.069   7.228
 90 340 18 36 30   5.844  -3.848  -1.108   7.211
 90 340 18 37 30   6.252  -1.407  -2.450   6.866
 90 340 18 38 30   6.372  -1.123  -2.367   6.892
 90 340 18 39 30   6.675  -1.241  -2.069   7.107
 90 340 18 40 30   7.054  -1.683  -1.507   7.410
 90 340 18 41 30   7.033  -1.812  -1.400   7.399
 90 340 18 42 30   7.074  -1.909  -1.082   7.407
 90 340 19 58 30   4.752  -4.451   2.559   6.999
 90 340 19 59 30   4.852  -4.542   2.724   7.188
 90 340 20 06 30   4.317  -3.337   4.016   6.777
 90 340 20 07 30   4.245  -3.204   4.147   6.752
 90 340 20 08 30   4.020  -3.088   4.334   6.672
 90 340 20 09 30   4.049  -3.185   4.298   6.712
 90 340 20 10 30   4.113  -3.116   4.378   6.771
 90 340 20 11 30   4.228  -3.177   4.309   6.824
 90 340 20 12 30   4.161  -3.190   4.261   6.757
 90 340 20 13 30   4.078  -3.013   4.381   6.703
 90 340 20 14 30   4.224  -3.289   3.960   6.674
 90 340 20 15 30   4.335  -3.562   3.630   6.684
 90 340 20 16 30   4.270  -3.582   3.618   6.648
 90 340 20 18 30   4.204  -3.449   3.766   6.617
 90 340 20 19 30   4.204  -3.365   3.864   6.632
 90 340 20 20 30   4.402  -3.722   3.544   6.768
 90 340 20 21 30   4.481  -3.733   3.621   6.867
 90 340 20 22 30   4.502  -3.845   3.583   6.921
 90 340 20 23 30   4.507  -3.855   3.546   6.912
 90 340 20 24 30   4.248  -3.671   3.803   6.786
 90 340 20 25 30   4.117  -3.602   3.970   6.762
 90 340 20 26 30   3.975  -3.470   4.287   6.802
 90 340 20 27 30   4.209  -3.553   4.125   6.888
 90 340 20 28 30   4.245  -3.613   4.082   6.919
 90 340 20 29 30   4.243  -4.194   3.119   6.752
 90 340 20 30 30   4.071  -3.836   3.869   6.805
 90 340 20 31 30   3.659  -4.053   3.941   6.745
 90 340 20 32 30   3.629  -3.809   4.007   6.618
 90 340 20 33 30   3.739  -4.060   3.998   6.822
 90 340 20 34 30   3.611  -3.703   4.473   6.840
 90 340 20 35 30   3.517  -3.754   4.679   6.958
 90 340 20 36 30   3.443  -3.702   4.790   6.976
 90 340 20 37 30   3.412  -3.819   4.673   6.941
 90 340 20 38 30   3.740  -3.748   4.773   7.130
 90 340 20 39 30   3.714  -3.619   4.958   7.176
 90 340 20 40 30   3.765  -3.572   4.870   7.122
 90 340 20 41 30   3.669  -3.428   4.590   6.818
 90 340 20 42 30   2.774  -2.552   5.236   6.537
 90 340 20 43 30   2.678  -2.888   5.067   6.451
 90 340 20 44 30   2.351  -1.986   5.533   6.408
 90 340 20 45 30   1.192  -1.690   5.418   6.395
 90 340 20 46 30   4.738  -3.704   2.401   6.553
 90 340 20 47 30   5.143  -3.990   0.363   6.526
 90 340 20 48 30   5.075  -4.169  -0.070   6.588
 90 340 20 49 30   4.836  -3.701  -0.420   6.352
 90 340 20 50 30   4.509  -3.116  -2.898   6.256
 90 340 20 51 30   3.031  -1.565  -5.433   6.447
 90 340 20 52 30   2.430  -1.242  -5.568   6.217
 90 340 20 53 30   1.103  -0.285  -5.674   5.800
 90 340 20 58 30   3.954  -2.459  -4.388   6.400
 90 340 20 59 30   3.923  -2.710  -4.304   6.426
 90 340 21 00 30   3.760  -2.804  -4.034   6.191
 90 340 21 01 30   3.351  -2.684  -3.866   5.786
 90 340 21 02 30   3.396  -2.573  -3.737   5.672
 90 340 21 03 30   3.727  -2.694  -3.783   5.960
 90 340 21 04 30   3.721  -2.394  -4.040   6.001
 90 340 21 05 30   3.887  -2.378  -3.873   6.035
 90 340 21 06 30   3.960  -2.473  -3.781   6.020
 90 340 21 07 30   3.762  -2.424  -3.718   5.836
 90 340 21 08 30   4.001  -3.178  -2.020   5.502
 90 340 21 09 30   4.198  -3.274  -1.914   5.661
 90 340 21 10 30   3.867  -3.056  -2.718   5.636
 90 340 21 11 30   3.871  -3.034  -2.723   5.627
 90 340 21 12 30   3.948  -3.138  -2.329   5.579
 90 340 21 13 30   3.789  -3.146  -2.440   5.575
 90 340 21 15 30   4.494  -3.368   1.340   5.777
 90 340 21 16 30   4.499  -3.330   1.071   5.707
 90 340 21 17 30   4.601  -3.164   0.866   5.658
 90 340 21 18 30   4.567  -2.951   1.182   5.583
 90 340 21 19 30   4.515  -2.897   1.077   5.485
 90 340 21 20 30   4.117  -3.290   0.670   5.325
 90 340 21 21 30   4.024  -3.401   0.353   5.295
 90 340 21 22 30   3.902  -3.585  -0.042   5.303
 90 340 21 23 30   3.862  -3.583   0.237   5.329
 90 340 21 24 30   3.020  -3.906   0.347   4.996
 90 340 21 25 30   2.565  -4.133   0.452   4.903
 90 340 21 26 30   2.754  -3.981   0.542   4.880
 90 340 21 27 30   2.912  -3.613   0.671   4.753
 90 340 21 28 30   2.913  -2.441  -0.135   4.064
 90 340 21 29 30   3.060  -1.075  -1.755   3.857
 90 340 21 30 30   3.168  -2.086  -1.272   4.126
 90 340 21 31 30   3.145  -1.839  -1.476   3.965
 90 340 21 32 30   1.775  -3.339   0.684   4.380
 90 340 21 33 30   2.106  -3.597   0.114   4.266
 90 340 21 34 30   2.867  -2.503  -1.443   4.400
 90 340 21 35 30   3.328  -1.749  -2.846   4.740
 90 340 21 36 30   3.404  -2.077  -3.204   5.124
 90 340 21 37 30   3.244  -2.546  -2.825   5.003
 90 340 21 38 30   3.334  -2.539  -2.584   4.933
 90 340 21 39 30   3.233  -2.549  -2.719   4.953
 90 340 21 40 30   3.345  -2.523  -2.545   4.907
 90 340 21 41 30   3.037  -2.718  -2.695   4.904
 90 340 21 42 30   2.941  -2.882  -2.720   4.937
 90 340 21 43 30   2.186  -1.177  -2.932   4.652
 90 340 21 44 30  -1.072   3.245  -4.015   5.276
 90 340 21 45 30  -0.175   2.236  -4.476   5.009
 90 340 21 46 30   0.213   2.005  -4.609   5.038
 90 340 21 47 30   0.508   1.519  -4.653   4.936
 90 340 21 48 30   0.648   1.720  -4.553   4.913
 90 340 21 49 30   1.052   1.854  -4.305   4.807
 90 340 21 50 30   0.413   0.833  -5.638   5.727
 90 340 21 51 30   0.788   0.946  -5.459   5.600
 90 340 21 52 30   1.210   0.621  -5.298   5.483
 90 340 21 53 30   1.917  -0.222  -5.153   5.527
 90 340 21 54 30   2.308  -0.596  -4.740   5.334
 90 340 21 55 30   2.596  -0.633  -4.552   5.284
 90 340 21 56 30   2.442  -0.555  -4.537   5.187
 90 340 21 57 30   2.467  -0.157  -4.584   5.218
 90 340 21 58 30   3.109  -0.789  -4.052   5.197
 90 340 21 59 30   3.366  -0.974  -3.850   5.208
 90 340 22 00 30   3.553  -1.499  -3.563   5.256
 90 340 22 01 30   3.752  -1.644  -3.414   5.334
 90 340 22 02 30   3.495  -1.736  -3.597   5.311
 90 340 22 03 30   3.295  -2.208  -3.453   5.266
 90 340 22 04 30   2.733  -1.587  -4.126   5.201
 90 340 22 05 30   2.894  -1.948  -4.043   5.365
 90 340 22 06 30   2.619  -1.638  -4.253   5.275
 90 340 22 07 30   2.587  -1.593  -4.335   5.297
 90 340 22 08 30   2.429  -1.236  -4.485   5.258
 90 340 22 09 30   2.334  -0.898  -4.574   5.221
 90 340 22 10 30   2.202  -0.779  -4.683   5.247
 90 340 22 11 30   2.321  -1.234  -4.447   5.175
 90 340 22 12 30   2.504  -0.790  -4.535   5.253
 90 340 22 13 30   3.438  -0.961  -3.903   5.308
 90 340 22 14 30   2.944  -1.586  -3.997   5.230
 90 340 22 15 30   2.701  -1.430  -4.294   5.281
 90 340 22 16 30   2.463   0.528  -4.378   5.093
 90 340 22 17 30   2.313   0.717  -4.453   5.082
 90 340 22 18 30   2.178  -0.175  -4.485   5.081
 90 340 22 19 30   1.795   0.856  -4.437   4.997
 90 340 22 20 30   1.947   0.729  -4.475   5.035
 90 340 22 21 30   2.217  -0.166  -4.510   5.090
 90 340 22 22 30   3.107  -0.791  -4.343   5.405
 90 340 22 23 30   3.067  -1.142  -4.279   5.391
 90 340 22 24 30   2.625  -1.115  -4.591   5.417
 90 340 22 25 30   2.515  -1.044  -4.745   5.477
 90 340 22 26 30   2.621  -1.042  -4.784   5.561
 90 340 22 27 30   2.515  -0.644  -4.703   5.396
 90 340 22 28 30   2.223  -0.963  -4.820   5.418
 90 340 22 29 30   2.462  -2.591  -3.914   5.389
 90 340 22 30 30   2.122  -2.695  -4.200   5.458
 90 340 22 31 30   2.057  -2.441  -4.238   5.327
 90 340 22 32 30   1.972  -1.994  -4.538   5.355
 90 340 22 33 30   2.397  -1.797  -4.376   5.309
 90 340 22 34 30   2.766  -1.679  -4.257   5.355
 90 340 22 35 30   2.587  -1.290  -4.442   5.310
 90 340 22 36 30   2.877  -1.281  -4.221   5.301
 90 340 22 37 30   2.835  -1.424  -4.295   5.359
 90 340 22 38 30   3.411  -1.472  -3.958   5.432
 90 340 22 39 30   3.243  -1.154  -4.215   5.469
 90 340 22 40 30   3.295  -1.380  -4.096   5.461
 90 340 22 41 30   3.465  -1.376  -3.971   5.461
 90 340 22 42 30   3.470  -1.419  -3.994   5.495
 90 340 22 43 30   3.565  -1.191  -3.886   5.435
 90 340 22 44 30   4.089  -1.752  -3.088   5.445
 90 340 22 45 30   4.258  -2.281  -2.337   5.397
 90 340 22 46 30   4.001  -3.084  -1.882   5.445
 90 340 22 47 30   3.989  -2.806  -2.478   5.501
 90 340 22 48 30   4.105  -2.634  -2.462   5.483
 90 340 22 49 30   3.882  -2.793  -2.557   5.441
 90 340 22 50 30   3.938  -2.547  -2.720   5.443
 90 340 22 51 30   3.763  -2.562  -2.891   5.444
 90 340 22 52 30   3.949  -2.156  -2.916   5.504
 90 340 22 53 30   3.609  -2.671  -3.125   5.518
 90 340 22 54 30   4.464  -1.328  -2.884   5.497
 90 340 22 55 30   4.103  -2.326  -2.816   5.519
 90 340 22 56 30   3.976  -2.443  -2.929   5.538
 90 340 22 57 30   4.201  -2.248  -2.800   5.539
 90 340 22 58 30   4.278  -1.737  -2.997   5.510
 90 340 22 59 30   4.737  -1.395  -2.400   5.498
 90 340 23 00 30   4.633  -1.318  -2.542   5.456
 90 340 23 01 30   4.492  -1.243  -2.728   5.405
 90 340 23 02 30   4.563  -1.503  -2.552   5.444
 90 340 23 03 30   4.441  -1.513  -2.706   5.423
 90 340 23 04 30   4.380  -1.690  -2.697   5.416
 90 340 23 05 30   3.902  -1.919  -3.226   5.428
 90 340 23 06 30   3.994  -1.828  -3.150   5.422
 90 340 23 07 30   4.586  -2.573  -0.635   5.383
 90 340 23 08 30   4.144  -3.186  -0.503   5.342
 90 340 23 09 30   4.210  -2.635  -1.815   5.303
 90 340 23 10 30   4.127  -2.537  -2.087   5.288
 90 340 23 11 30   3.758  -2.426  -2.816   5.304
 90 340 23 12 30   2.912  -1.536  -3.977   5.214
 90 340 23 13 30   1.800  -0.918  -4.485   5.083
 90 340 23 14 30   2.364  -1.493  -4.051   4.962
 90 340 23 15 30   2.411  -1.189  -4.059   4.889
 90 340 23 16 30   1.934  -0.811  -4.392   5.006
 90 340 23 17 30   0.558   0.981  -4.798   4.968
 90 340 23 18 30   0.310   0.625  -5.149   5.219
 90 340 23 19 30   1.140  -0.661  -4.939   5.138
 90 340 23 20 30   1.118  -0.624  -4.982   5.173
 90 340 23 21 30   1.949  -1.184  -4.648   5.239
 90 340 23 22 30   0.929   0.144  -4.797   5.161
 90 340 23 23 30  -0.267   1.074  -4.928   5.072
 90 340 23 24 30  -1.123   0.906  -4.981   5.196
 90 340 23 25 30  -1.091   1.169  -5.037   5.294
 90 340 23 26 30  -1.450  -0.185  -4.967   5.284
 90 340 23 27 30  -1.474  -0.643  -4.871   5.195
 90 340 23 28 30   0.052  -0.460  -4.989   5.065
 90 340 23 29 30   0.368   0.179  -5.033   5.072
 90 340 23 30 30   0.301   0.190  -4.975   5.007
 90 340 23 31 30   0.852   0.367  -4.948   5.063
 90 340 23 32 30   0.693   0.519  -4.971   5.076
 90 340 23 33 30   0.954   1.065  -4.856   5.150
 90 340 23 34 30   0.176   0.455  -5.002   5.137
 90 340 23 35 30   0.223   0.298  -5.088   5.109
 90 340 23 36 30   0.242   0.481  -5.111   5.161
 90 340 23 37 30   0.433   0.426  -5.064   5.123
 90 340 23 38 30   0.612   0.372  -5.004   5.095
 90 340 23 39 30   0.435   1.368  -4.902   5.131
 90 340 23 40 30   0.599   2.031  -4.601   5.094
 90 340 23 41 30   0.503   2.148  -4.531   5.078
 90 340 23 42 30   0.009   1.092  -4.947   5.081
 90 340 23 43 30   0.248   0.599  -5.100   5.161
 90 340 23 44 30   0.155   0.496  -5.160   5.203
 90 340 23 45 30   0.192   0.889  -5.038   5.148
 90 340 23 46 30  -0.813   0.818  -4.777   5.007
 90 340 23 47 30  -2.035   1.261  -4.177   4.839
 90 340 23 48 30   0.447   0.073  -2.328   4.820
 90 340 23 49 30   4.034  -2.473  -1.405   4.968
 90 340 23 50 30   4.075  -1.789  -1.878   4.867
 90 340 23 51 30   3.612  -0.586  -2.530   4.664
 90 340 23 52 30   2.561   1.693  -3.110   4.674
 90 340 23 53 30   4.070  -1.606  -2.132   4.899
 90 340 23 54 30   4.182  -1.215  -2.462   5.017
 90 340 23 55 30   4.138  -1.317  -2.587   5.060
 90 340 23 56 30   4.038  -0.833  -2.878   5.036
 90 340 23 57 30   4.126  -2.054  -1.699   4.962
 90 340 23 58 30   3.689  -2.209  -2.054   4.937
 90 340 23 59 30   4.046  -0.297  -2.650   4.880
