 90 347 00 00 30  -3.720  -1.226  -1.403   4.162
 90 347 00 01 30  -3.711  -1.318  -1.327   4.157
 90 347 00 02 30  -3.711  -1.538  -0.945   4.131
 90 347 00 03 30  -3.594  -1.338  -1.536   4.141
 90 347 00 04 30  -3.558  -1.300  -1.647   4.143
 90 347 00 05 30  -3.422  -1.134  -2.005   4.129
 90 347 00 06 30  -3.518  -1.308  -1.710   4.129
 90 347 00 07 30  -3.529  -1.701  -1.169   4.111
 90 347 00 08 30  -3.591  -1.591  -1.195   4.108
 90 347 00 09 30  -3.490  -1.953  -0.899   4.112
 90 347 00 10 30  -3.459  -2.125  -0.698   4.123
 90 347 00 11 30  -3.377  -2.272  -0.623   4.122
 90 347 00 12 30  -3.349  -2.326  -0.661   4.136
 90 347 00 13 30  -3.451  -2.158  -0.639   4.124
 90 347 00 14 30  -3.159  -2.619  -0.265   4.120
 90 347 00 15 30  -3.279  -2.483  -0.229   4.121
 90 347 00 16 30  -3.290  -2.495  -0.055   4.133
 90 347 00 17 30  -3.373  -2.346  -0.446   4.136
 90 347 00 18 30  -3.337  -2.384  -0.397   4.125
 90 347 00 19 30  -3.435  -2.227  -0.583   4.137
 90 347 00 20 30  -3.432  -2.229  -0.650   4.145
 90 347 00 21 30  -3.296  -2.123  -1.211   4.139
 90 347 00 22 30  -3.348  -2.295  -0.665   4.140
 90 347 00 23 30  -3.390  -2.360  -0.239   4.142
 90 347 00 24 30  -3.430  -2.276  -0.275   4.130
 90 347 00 25 30  -3.268  -2.509  -0.204   4.135
 90 347 00 26 30  -3.344  -2.374  -0.443   4.128
 90 347 00 27 30  -3.390  -2.336  -0.303   4.130
 90 347 00 28 30  -3.442  -2.232  -0.571   4.148
 90 347 00 29 30  -3.461  -2.125  -0.698   4.128
 90 347 00 30 30  -3.388  -2.331  -0.288   4.138
 90 347 00 31 30  -3.141  -2.671  -0.109   4.142
 90 347 00 32 30  -3.020  -2.702   0.690   4.113
 90 347 00 33 30  -3.239  -2.420   0.110   4.098
 90 347 00 34 30  -3.483  -2.068  -0.110   4.075
 90 347 00 35 30  -3.295  -2.383  -0.333   4.094
 90 347 00 36 30  -3.535  -1.972  -0.390   4.083
 90 347 00 37 30  -3.648  -1.721  -0.576   4.083
 90 347 00 38 30  -3.513  -2.012  -0.490   4.097
 90 347 00 39 30  -3.580  -1.940  -0.416   4.096
 90 347 00 40 30  -3.531  -1.948  -0.682   4.099
 90 347 00 41 30  -3.550  -1.664  -1.203   4.108
 90 347 00 42 30  -3.613  -1.792  -0.720   4.100
 90 347 00 43 30  -3.570  -1.864  -0.635   4.100
 90 347 00 44 30  -3.393  -2.065  -1.016   4.105
 90 347 00 45 30  -3.396  -1.942  -1.224   4.103
 90 347 00 46 30  -3.198  -2.125  -1.469   4.118
 90 347 00 47 30  -3.326  -2.233  -0.868   4.109
 90 347 00 48 30  -3.353  -2.260  -0.676   4.109
 90 347 00 49 30  -3.361  -2.294  -0.504   4.104
 90 347 00 50 30  -3.069  -2.441  -1.026   4.116
 90 347 00 51 30  -3.158  -2.544  -0.628   4.120
 90 347 00 52 30  -3.187  -2.576  -0.449   4.126
 90 347 00 53 30  -3.208  -2.532  -0.395   4.110
 90 347 00 54 30  -3.146  -2.667  -0.230   4.135
 90 347 00 55 30  -3.158  -2.654  -0.284   4.137
 90 347 00 56 30  -3.186  -2.619  -0.313   4.137
 90 347 00 57 30  -3.133  -2.670  -0.429   4.140
 90 347 00 58 30  -3.265  -2.470  -0.578   4.137
 90 347 00 59 30  -3.181  -2.579  -0.442   4.129
 90 347 01 00 30  -3.051  -2.677  -0.669   4.118
 90 347 01 01 30  -3.205  -2.410  -0.550   4.088
 90 347 01 02 30  -3.341  -2.256  -0.003   4.066
 90 347 01 03 30  -3.478  -2.045   0.219   4.053
 90 347 01 04 30  -3.043  -2.713   0.052   4.084
 90 347 01 05 30  -2.852  -2.851  -0.175   4.079
 90 347 01 06 30  -2.809  -2.869  -0.129   4.089
 90 347 01 07 30  -3.145  -2.562   0.147   4.073
 90 347 01 08 30  -2.871  -2.864  -0.332   4.080
 90 347 01 09 30  -3.014  -2.709  -0.321   4.084
 90 347 01 10 30  -3.148  -2.529  -0.078   4.051
 90 347 01 11 30  -2.711  -2.979  -0.291   4.067
 90 347 01 12 30  -3.079  -2.616  -0.161   4.052
 90 347 01 13 30  -3.781  -0.899  -0.995   4.031
 90 347 01 14 30  -3.911  -0.556  -0.698   4.042
 90 347 01 15 30  -3.953  -0.413  -0.696   4.053
 90 347 01 16 30  -3.843  -1.011  -0.762   4.051
 90 347 01 17 30  -3.878  -0.892  -0.786   4.058
 90 347 01 18 30  -3.779  -1.301  -0.713   4.065
 90 347 01 19 30  -3.772  -1.389  -0.560   4.064
 90 347 01 20 30  -3.810  -1.258  -0.437   4.043
 90 347 01 21 30  -3.800  -1.280  -0.489   4.042
 90 347 01 22 30  -3.828  -1.242  -0.478   4.055
 90 347 01 23 30  -3.715  -1.576  -0.318   4.049
 90 347 01 24 30  -3.649  -1.719  -0.331   4.051
 90 347 01 25 30  -3.676  -1.636  -0.446   4.050
 90 347 01 26 30  -3.715  -1.568  -0.148   4.038
 90 347 01 27 30  -3.720  -1.525  -0.373   4.040
 90 347 01 28 30  -3.768  -1.436  -0.347   4.051
 90 347 01 29 30  -3.737  -1.517  -0.304   4.046
 90 347 01 30 30  -3.755  -1.494  -0.278   4.054
 90 347 01 31 30  -3.789  -1.313  -0.151   4.013
 90 347 01 32 30  -3.747  -1.435  -0.144   4.020
 90 347 01 33 30  -3.793  -1.268   0.055   4.002
 90 347 01 34 30  -3.719  -1.381   0.184   3.982
 90 347 01 35 30  -3.739  -1.230   0.306   3.958
 90 347 01 36 30  -3.704  -1.455  -0.070   3.994
 90 347 01 37 30  -3.650  -1.587  -0.158   3.984
 90 347 01 38 30  -3.618  -1.665  -0.146   3.987
 90 347 01 39 30  -3.600  -1.723  -0.143   3.995
 90 347 01 40 30  -3.501  -1.887  -0.184   3.984
 90 347 01 41 30  -3.632  -1.559  -0.261   3.971
 90 347 01 42 30  -3.727  -1.355  -0.117   3.973
 90 347 01 43 30  -3.701  -1.402  -0.274   3.972
 90 347 01 44 30  -3.511  -1.854  -0.241   3.986
 90 347 01 45 30  -3.577  -1.683  -0.300   3.968
 90 347 01 46 30  -3.500  -1.850  -0.123   3.965
 90 347 01 47 30  -3.522  -1.601  -0.202   3.897
 90 347 01 48 30  -3.640  -1.167  -0.642   3.880
 90 347 01 49 30  -3.420  -1.602  -0.914   3.906
 90 347 01 50 30  -3.182  -1.856  -1.333   3.943
 90 347 01 51 30  -3.335  -2.041  -0.119   3.922
 90 347 01 52 30  -3.111  -2.277  -0.587   3.950
 90 347 01 53 30  -2.687  -2.931  -0.441   4.002
 90 347 01 54 30  -2.673  -2.930  -0.459   3.994
 90 347 01 55 30  -2.664  -2.942  -0.403   3.996
 90 347 01 56 30  -2.826  -2.780  -0.170   3.978
 90 347 01 57 30  -2.942  -2.637  -0.447   3.997
 90 347 01 58 30  -2.665  -2.971  -0.308   4.006
 90 347 01 59 30  -2.805  -2.838  -0.270   4.001
 90 347 02 00 30  -2.793  -2.866  -0.219   4.013
 90 347 02 01 30  -2.780  -2.893  -0.115   4.022
 90 347 02 02 30  -2.939  -2.418  -0.515   4.045
 90 347 02 03 30  -3.432  -1.381  -1.547   4.022
 90 347 02 04 30  -3.450  -1.649  -1.343   4.056
 90 347 02 05 30  -3.332  -1.904  -1.293   4.054
 90 347 02 06 30  -3.238  -2.154  -1.070   4.038
 90 347 02 07 30  -3.345  -2.000  -1.089   4.052
 90 347 02 08 30  -3.236  -2.221  -0.945   4.049
 90 347 02 09 30  -3.186  -2.267  -1.071   4.057
 90 347 02 10 30  -3.363  -2.119  -0.829   4.064
 90 347 02 11 30  -3.301  -2.206  -0.824   4.057
 90 347 02 12 30  -3.261  -2.251  -0.778   4.040
 90 347 02 13 30  -3.289  -2.160  -0.888   4.038
 90 347 02 14 30  -3.276  -2.176  -0.899   4.038
 90 347 02 15 30  -3.636  -1.682  -0.103   4.030
 90 347 02 16 30  -3.494  -1.934  -0.474   4.034
 90 347 02 17 30  -2.775  -2.308  -1.576   4.039
 90 347 02 18 30  -2.500  -2.678  -1.643   4.034
 90 347 02 19 30  -2.781  -2.479  -1.445   4.022
 90 347 02 20 30  -2.622  -2.637  -1.488   4.024
 90 347 02 21 30  -2.449  -2.764  -1.696   4.070
 90 347 02 22 30  -2.350  -2.951  -1.490   4.061
 90 347 02 23 30  -2.433  -2.766  -1.647   4.040
 90 347 02 24 30  -2.311  -2.832  -1.661   4.020
 90 347 02 25 30  -2.795  -2.677  -1.098   4.035
 90 347 02 26 30  -3.162  -2.420  -0.674   4.042
 90 347 02 27 30  -3.108  -2.468  -0.738   4.039
 90 347 02 28 30  -3.194  -2.376  -0.634   4.034
 90 347 02 29 30  -2.804  -2.675  -1.071   4.038
 90 347 02 30 30  -2.936  -2.729  -0.525   4.060
 90 347 02 31 30  -3.113  -2.528  -0.127   4.028
 90 347 02 32 30  -2.776  -2.900  -0.235   4.037
 90 347 02 33 30  -2.926  -2.749  -0.253   4.031
 90 347 02 34 30  -2.838  -2.813  -0.364   4.025
 90 347 02 35 30  -2.819  -2.774  -0.795   4.041
 90 347 02 36 30  -2.749  -2.885  -0.686   4.051
 90 347 02 37 30  -2.907  -2.630  -1.023   4.066
 90 347 02 38 30  -2.989  -2.309  -1.556   4.088
 90 347 02 39 30  -2.943  -2.404  -1.441   4.072
 90 347 02 40 30  -2.960  -2.491  -1.299   4.085
 90 347 02 41 30  -3.019  -2.247  -1.534   4.072
 90 347 02 42 30  -2.966  -2.277  -1.580   4.064
 90 347 02 43 30  -2.841  -2.502  -1.439   4.055
 90 347 02 44 30  -2.872  -2.395  -1.539   4.056
 90 347 02 45 30  -2.796  -2.567  -1.243   4.019
 90 347 02 46 30  -2.973  -2.467  -1.093   4.022
 90 347 02 47 30  -2.876  -2.676  -0.830   4.026
 90 347 02 48 30  -2.769  -2.866  -0.742   4.058
 90 347 02 49 30  -2.834  -2.712  -0.980   4.053
 90 347 02 50 30  -2.551  -2.901  -1.128   4.038
 90 347 02 51 30  -2.778  -2.417  -1.618   4.034
 90 347 02 52 30  -2.732  -2.473  -1.634   4.052
 90 347 02 53 30  -2.856  -2.694  -1.033   4.063
 90 347 02 54 30  -2.664  -2.626  -1.610   4.076
 90 347 02 55 30  -2.703  -2.595  -1.590   4.075
 90 347 02 56 30  -2.707  -2.459  -1.716   4.051
 90 347 02 57 30  -2.711  -2.419  -1.795   4.057
 90 347 02 58 30  -2.676  -2.405  -1.844   4.047
 90 347 02 59 30  -2.686  -2.317  -1.903   4.056
 90 347 03 00 30  -2.391  -3.127  -0.882   4.039
 90 347 03 01 30  -2.447  -3.157  -0.686   4.055
 90 347 03 02 30  -2.435  -3.157  -0.755   4.062
 90 347 03 03 30  -2.512  -3.062  -0.959   4.076
 90 347 03 04 30  -2.491  -3.037  -1.107   4.085
 90 347 03 05 30  -2.575  -2.973  -1.064   4.081
 90 347 03 06 30  -2.301  -2.836  -1.803   4.096
 90 347 03 07 30  -2.197  -2.914  -1.812   4.092
 90 347 03 08 30  -2.138  -2.756  -2.077   4.076
 90 347 03 09 30  -2.116  -2.687  -2.257   4.101
 90 347 03 10 30  -2.159  -2.525  -2.297   4.042
 90 347 03 11 30  -2.299  -2.638  -1.918   4.004
 90 347 03 12 30  -2.949  -2.445  -0.969   4.005
 90 347 03 13 30  -2.775  -2.532  -1.335   3.996
 90 347 03 14 30  -3.074  -2.089  -1.464   4.005
 90 347 03 15 30  -3.118  -2.024  -1.434   3.993
 90 347 03 16 30  -3.008  -1.590  -2.157   4.037
 90 347 03 17 30  -2.706  -2.202  -1.979   4.034
 90 347 03 18 30  -2.718  -2.429  -1.713   4.037
 90 347 03 19 30  -2.698  -2.158  -2.010   4.021
 90 347 03 20 30  -2.704  -2.442  -1.740   4.047
 90 347 03 21 30  -2.677  -2.343  -1.818   4.013
 90 347 03 22 30  -2.380  -2.402  -2.150   4.009
 90 347 03 23 30  -2.499  -2.320  -2.078   3.996
 90 347 03 24 30  -2.564  -2.242  -2.099   4.004
 90 347 03 25 30  -2.432  -2.290  -2.235   4.023
 90 347 03 26 30  -2.142  -2.538  -2.253   4.024
 90 347 03 27 30  -2.208  -2.507  -2.204   4.011
 90 347 03 28 30  -2.405  -2.459  -2.056   4.010
 90 347 03 29 30  -2.505  -2.381  -2.018   4.007
 90 347 03 30 30  -2.566  -2.335  -2.006   4.012
 90 347 03 31 30  -2.599  -2.322  -2.000   4.021
 90 347 03 32 30  -2.513  -2.491  -1.912   4.028
 90 347 03 33 30  -2.499  -2.578  -1.847   4.040
 90 347 03 34 30  -2.228  -2.481  -2.165   4.004
 90 347 03 35 30  -2.057  -2.493  -2.352   4.000
 90 347 03 36 30  -2.155  -2.559  -2.179   3.994
 90 347 03 37 30  -2.222  -2.623  -2.007   3.985
 90 347 03 38 30  -2.170  -2.665  -2.018   3.988
 90 347 03 39 30  -2.183  -2.580  -2.005   3.940
 90 347 03 40 30  -2.211  -2.615  -1.763   3.864
 90 347 03 41 30  -2.531  -2.640  -1.166   3.846
 90 347 03 42 30  -1.754  -0.564  -3.158   3.847
 90 347 03 43 30  -2.467  -2.117  -1.994   3.854
 90 347 03 44 30  -2.452  -2.111  -2.143   3.886
 90 347 03 45 30  -2.542  -2.197  -1.935   3.880
 90 347 03 46 30  -2.403  -2.169  -2.127   3.878
 90 347 03 47 30  -2.401  -2.099  -2.224   3.891
 90 347 03 48 30  -2.431  -2.242  -2.061   3.903
 90 347 03 49 30  -2.400  -2.126  -2.180   3.896
 90 347 03 50 30  -2.382  -2.701  -1.503   3.915
 90 347 03 51 30  -2.521  -2.462  -1.687   3.915
 90 347 03 52 30  -2.354  -2.725  -1.538   3.925
 90 347 03 53 30  -2.561  -2.465  -1.557   3.890
 90 347 03 54 30  -2.380  -2.669  -1.538   3.896
 90 347 03 55 30  -2.263  -2.776  -1.515   3.897
 90 347 03 56 30  -2.444  -2.595  -1.573   3.912
 90 347 03 57 30  -2.311  -2.659  -1.700   3.915
 90 347 03 58 30  -2.427  -2.558  -1.680   3.909
 90 347 03 59 30  -2.488  -2.517  -1.615   3.894
 90 347 04 00 30  -2.215  -2.811  -1.559   3.908
 90 347 04 01 30  -2.089  -2.795  -1.757   3.912
 90 347 04 02 30  -2.055  -2.854  -1.637   3.882
 90 347 04 03 30  -2.207  -2.609  -1.797   3.864
 90 347 04 04 30  -2.086  -2.820  -1.556   3.848
 90 347 04 05 30  -1.931  -2.975  -1.458   3.839
 90 347 04 06 30  -1.923  -2.894  -1.752   3.896
 90 347 04 07 30  -2.189  -2.460  -2.003   3.861
 90 347 04 08 30  -2.262  -2.557  -1.771   3.849
 90 347 04 09 30  -2.021  -2.849  -1.657   3.869
 90 347 04 10 30  -1.873  -3.003  -1.577   3.878
 90 347 04 11 30  -2.063  -2.861  -1.538   3.856
 90 347 04 12 30  -2.424  -2.165  -1.853   3.755
 90 347 04 13 30  -2.398  -2.099  -1.986   3.779
 90 347 04 14 30  -2.135  -2.352  -2.158   3.846
 90 347 04 15 30  -2.244  -2.316  -2.111   3.855
 90 347 04 16 30  -2.415  -2.100  -1.867   3.712
 90 347 04 17 30  -2.047  -2.285  -2.005   3.693
 90 347 04 18 30  -2.966  -1.792  -0.554   3.555
 90 347 04 19 30  -2.412  -0.837   1.764   3.582
 90 347 04 20 30  -1.097  -0.775   3.125   3.604
 90 347 04 21 30  -0.954   0.772   3.403   3.667
 90 347 05 12 30  -2.659  -2.744  -0.169   3.829
 90 347 05 13 30  -2.656  -2.727  -0.322   3.838
 90 347 05 14 30  -2.667  -2.677  -0.277   3.824
 90 347 05 15 30  -2.802  -2.529  -0.539   3.821
 90 347 05 16 30  -2.520  -2.798  -0.629   3.830
 90 347 05 17 30  -2.220  -2.901  -1.105   3.828
 90 347 05 18 30  -2.233  -2.946  -0.923   3.817
 90 347 05 19 30  -2.066  -3.023  -1.041   3.822
 90 347 05 20 30  -1.992  -2.772  -1.775   3.862
 90 347 05 21 30  -2.130  -2.800  -1.592   3.866
 90 347 05 22 30  -2.012  -3.160  -0.878   3.865
 90 347 05 23 30  -2.150  -2.976  -0.875   3.842
 90 347 05 24 30  -1.879  -3.312  -0.107   3.819
 90 347 05 25 30  -2.051  -3.205  -0.168   3.814
 90 347 05 26 30  -2.212  -2.888  -1.065   3.815
 90 347 05 27 30  -2.109  -3.137  -0.527   3.822
 90 347 05 28 30  -2.062  -3.164  -0.537   3.817
 90 347 05 29 30  -1.961  -3.263  -0.275   3.822
 90 347 05 30 30  -2.248  -2.925  -0.726   3.811
 90 347 05 31 30  -2.109  -3.121  -0.661   3.843
 90 347 05 32 30  -2.064  -3.160  -0.702   3.845
 90 347 05 33 30  -2.517  -2.886  -0.605   3.879
 90 347 05 34 30  -2.498  -2.873  -0.764   3.885
 90 347 05 35 30  -2.278  -3.089  -0.633   3.893
 90 347 05 36 30  -2.431  -2.975  -0.649   3.897
 90 347 05 44 30  -2.248  -2.959  -1.017   3.855
 90 347 05 45 30  -2.228  -3.041  -0.915   3.881
 90 347 05 46 30  -2.215  -3.085  -0.754   3.875
 90 347 05 47 30  -2.295  -3.030  -0.752   3.877
 90 347 05 48 30  -2.357  -3.006  -0.684   3.882
 90 347 05 49 30  -2.362  -3.028  -0.553   3.882
 90 347 05 50 30  -2.223  -3.037  -0.897   3.877
 90 347 05 51 30  -2.283  -2.979  -0.850   3.862
 90 347 05 52 30  -2.221  -2.915  -1.123   3.849
 90 347 05 53 30  -2.827  -2.512   0.225   3.808
 90 347 05 54 30  -2.511  -2.831  -0.283   3.808
 90 347 05 55 30  -2.314  -2.854  -0.654   3.807
 90 347 05 56 30  -3.183  -2.039  -0.421   3.840
 90 347 05 57 30  -2.275  -3.026  -0.390   3.837
 90 347 05 58 30  -2.248  -3.061  -0.063   3.828
 90 347 05 59 30  -2.982  -2.031  -0.817   3.791
 90 347 06 00 30  -3.213  -1.902  -0.735   3.822
 90 347 06 01 30  -2.911  -2.045   0.281   3.778
 90 347 06 02 30  -3.285  -0.555  -1.662   3.746
 90 347 06 03 30  -3.332  -1.518  -0.696   3.800
 90 347 06 04 30  -2.975  -2.406  -0.247   3.841
 90 347 06 05 30  -2.738  -2.678   0.111   3.847
 90 347 06 06 30  -2.628  -2.775   0.066   3.836
 90 347 06 07 30  -2.297  -3.032   0.003   3.825
 90 347 06 08 30  -2.935  -2.311   0.292   3.791
 90 347 06 09 30  -2.950  -1.910   0.681   3.731
 90 347 06 10 30  -2.683  -2.577  -0.234   3.735
 90 347 06 11 30  -2.729  -2.538  -0.272   3.742
 90 347 06 12 30  -2.621  -2.589  -0.731   3.798
 90 347 06 13 30  -2.247  -2.812  -1.200   3.810
 90 347 06 14 30  -2.565  -2.707  -0.642   3.804
 90 347 06 15 30  -2.537  -2.662  -0.913   3.812
 90 347 06 16 30  -1.611  -3.351   0.328   3.799
 90 347 06 17 30  -2.111  -2.915  -0.442   3.783
 90 347 06 18 30  -2.639  -2.372  -1.306   3.788
 90 347 06 19 30  -2.683  -2.516  -0.857   3.793
 90 347 06 20 30  -2.779  -2.471  -0.676   3.782
 90 347 06 21 30  -2.888  -2.364  -0.646   3.792
 90 347 06 22 30  -3.061  -1.960  -1.013   3.783
 90 347 06 23 30  -2.902  -1.932  -1.501   3.799
 90 347 06 24 30  -2.571  -2.103  -1.849   3.819
 90 347 06 25 30  -2.495  -2.208  -1.872   3.825
 90 347 06 26 30  -2.508  -2.161  -1.905   3.821
 90 347 06 27 30  -2.486  -2.219  -1.851   3.814
 90 347 06 28 30  -2.481  -2.157  -1.914   3.811
 90 347 06 29 30  -2.533  -1.999  -2.022   3.814
 90 347 06 30 30  -2.306  -2.800  -1.028   3.819
 90 347 06 31 30  -2.189  -2.263  -2.090   3.820
 90 347 06 32 30  -2.272  -2.526  -1.702   3.812
 90 347 06 33 30  -2.035  -3.208   0.326   3.854
 90 347 06 34 30  -2.086  -3.233   0.139   3.862
 90 347 06 35 30  -1.949  -3.322   0.256   3.871
 90 347 06 36 30  -1.983  -3.299   0.060   3.866
 90 347 06 37 30  -2.034  -3.245  -0.282   3.860
 90 347 06 38 30  -2.015  -3.281  -0.140   3.860
 90 347 06 39 30  -2.007  -3.183  -0.675   3.867
 90 347 06 40 30  -2.203  -2.928  -1.160   3.852
 90 347 06 41 30  -2.092  -2.995  -1.194   3.852
 90 347 06 42 30  -2.275  -2.901  -1.133   3.858
 90 347 06 43 30  -2.096  -3.038  -1.067   3.846
 90 347 06 44 30  -2.180  -2.971  -1.108   3.851
 90 347 06 45 30  -2.138  -3.060  -0.982   3.866
 90 347 06 46 30  -1.977  -3.145  -1.063   3.877
 90 347 06 47 30  -1.925  -3.104  -1.259   3.878
 90 347 06 48 30  -2.224  -2.934  -1.166   3.865
 90 347 06 49 30  -2.157  -2.968  -1.191   3.860
 90 347 06 50 30  -2.218  -2.903  -1.237   3.860
 90 347 06 51 30  -2.253  -2.699  -1.550   3.853
 90 347 06 52 30  -2.347  -2.708  -1.366   3.838
 90 347 06 53 30  -2.423  -2.230  -1.945   3.835
 90 347 06 54 30  -2.372  -2.325  -1.903   3.831
 90 347 06 55 30  -2.109  -2.823  -1.479   3.826
 90 347 06 56 30  -2.234  -2.483  -1.748   3.802
 90 347 06 57 30  -2.336  -2.305  -1.894   3.800
 90 347 06 58 30  -2.266  -2.530  -1.686   3.798
 90 347 06 59 30  -2.264  -2.576  -1.612   3.795
 90 347 07 00 30  -2.266  -2.885  -0.844   3.774
 90 347 07 01 30  -2.284  -2.292  -1.907   3.768
 90 347 07 02 30  -2.213  -2.322  -1.963   3.763
 90 347 07 03 30  -2.374  -2.305  -1.782   3.767
 90 347 07 04 30  -2.139  -2.599  -1.705   3.775
 90 347 07 05 30  -2.030  -2.655  -1.714   3.759
 90 347 07 06 30  -2.138  -2.505  -1.796   3.767
 90 347 07 07 30  -2.357  -2.434  -1.658   3.775
 90 347 07 08 30  -2.198  -2.432  -1.866   3.774
 90 347 07 09 30  -2.284  -2.407  -1.786   3.769
 90 347 07 10 30  -2.294  -2.388  -1.775   3.763
 90 347 07 11 30  -2.338  -2.565  -1.463   3.773
 90 347 07 12 30  -2.322  -2.654  -1.322   3.772
 90 347 07 13 30  -2.252  -2.618  -1.509   3.770
 90 347 07 14 30  -2.375  -2.556  -1.432   3.777
 90 347 07 15 30  -2.490  -2.469  -1.339   3.758
 90 347 07 16 30  -2.560  -2.339  -1.075   3.717
 90 347 07 17 30  -3.004  -2.016  -0.015   3.724
 90 347 07 18 30  -2.797  -2.159   0.492   3.693
 90 347 07 19 30  -2.565  -2.594  -0.707   3.723
 90 347 07 20 30  -2.449  -2.613  -0.795   3.709
 90 347 07 21 30  -2.374  -2.722  -0.578   3.698
 90 347 07 22 30  -2.486  -2.565  -0.826   3.684
 90 347 07 23 30  -2.432  -2.517  -1.148   3.689
 90 347 07 24 30  -2.411  -2.568  -1.125   3.707
 90 347 07 25 30  -2.745  -2.251  -0.919   3.697
 90 347 07 26 30  -2.692  -2.315  -0.966   3.696
 90 347 07 27 30  -2.731  -2.189  -1.079   3.697
 90 347 07 28 30  -2.854  -1.980  -1.246   3.705
 90 347 07 29 30  -2.858  -1.901  -1.309   3.681
 90 347 07 30 30  -3.030  -1.358  -1.502   3.651
 90 347 07 31 30  -3.095  -1.114  -1.568   3.654
 90 347 07 32 30  -3.096  -0.707  -1.739   3.664
 90 347 07 33 30  -3.278   0.473  -1.377   3.718
 90 347 07 34 30  -3.403  -0.581  -1.262   3.695
 90 347 07 35 30  -3.379  -0.715  -1.249   3.680
 90 347 07 36 30  -3.254  -1.248  -1.152   3.700
 90 347 07 37 30  -3.263  -1.329  -1.059   3.687
 90 347 07 38 30  -3.290  -1.320  -0.890   3.673
 90 347 07 39 30  -3.324  -1.188  -0.965   3.680
 90 347 07 40 30  -3.404  -1.087  -0.985   3.711
 90 347 07 41 30  -3.385  -1.165  -0.913   3.698
 90 347 07 42 30  -3.381  -1.336  -0.655   3.701
 90 347 07 43 30  -3.188  -1.743  -0.586   3.685
 90 347 07 44 30  -3.026  -2.008  -0.621   3.689
 90 347 07 45 30  -2.884  -2.176  -0.743   3.694
 90 347 07 46 30  -3.055  -1.984  -0.682   3.711
 90 347 07 47 30  -3.087  -1.994  -0.502   3.727
 90 347 07 48 30  -3.228  -1.827  -0.086   3.713
 90 347 07 49 30  -2.900  -2.140  -0.562   3.694
 90 347 07 50 30  -2.544  -2.512  -0.915   3.698
 90 347 07 51 30  -2.291  -2.657  -1.090   3.676
 90 347 07 52 30  -2.767  -1.864   0.194   3.661
 90 347 07 53 30  -3.084  -1.108   1.415   3.602
 90 347 07 54 30  -3.284  -0.897   1.063   3.590
 90 347 07 55 30  -3.110  -1.499   0.451   3.509
 90 347 07 56 30  -3.216  -1.160   0.601   3.496
 90 347 07 57 30  -3.071  -1.561   0.494   3.526
 90 347 07 58 30  -3.059  -1.816   0.339   3.578
 90 347 07 59 30  -2.851  -1.955   0.014   3.579
 90 347 08 00 30  -2.740  -1.967  -0.966   3.547
 90 347 08 01 30  -0.758  -2.457  -2.516   3.616
 90 347 08 02 30  -0.953  -2.333  -2.601   3.632
 90 347 08 03 30  -0.797  -2.603  -2.391   3.635
 90 347 08 04 30  -1.153  -2.505  -2.451   3.712
 90 347 08 05 30  -1.593  -2.333  -2.290   3.648
 90 347 08 06 30  -1.416  -2.252  -2.560   3.696
 90 347 08 07 30  -0.990  -2.293  -2.734   3.712
 90 347 08 08 30  -1.271  -2.512  -2.464   3.759
 90 347 08 09 30  -1.146  -2.245  -2.703   3.709
 90 347 08 10 30  -1.259  -2.331  -2.525   3.680
 90 347 08 11 30  -1.267  -2.556  -2.379   3.718
 90 347 08 12 30  -1.195  -2.464  -2.501   3.711
 90 347 08 13 30  -1.203  -2.610  -2.288   3.677
 90 347 08 14 30  -1.322  -2.432  -2.353   3.636
 90 347 08 15 30  -1.395  -2.401  -2.309   3.616
 90 347 08 16 30  -1.492  -2.492  -2.173   3.630
 90 347 08 17 30  -1.635  -2.490  -2.005   3.593
 90 347 08 18 30  -1.378  -2.617  -1.967   3.576
 90 347 08 19 30  -1.844  -2.660  -1.530   3.598
 90 347 08 20 30  -1.675  -2.730  -1.605   3.586
 90 347 08 21 30  -1.728  -2.742  -1.496   3.575
 90 347 08 22 30  -2.010  -2.541  -1.221   3.497
 90 347 08 23 30  -2.150  -2.560  -0.612   3.473
 90 347 08 24 30  -1.945  -2.463  -1.284   3.476
 90 347 08 25 30  -0.883  -2.707  -2.171   3.597
 90 347 08 26 30  -0.790  -2.754  -2.209   3.624
 90 347 08 27 30  -0.599  -2.740  -2.398   3.691
 90 347 08 28 30  -0.794  -2.793  -2.353   3.738
 90 347 08 29 30  -0.806  -2.831  -2.341   3.763
 90 347 08 30 30  -0.800  -2.742  -2.420   3.749
 90 347 08 31 30  -0.761  -2.835  -2.313   3.738
 90 347 08 32 30  -0.748  -2.882  -2.255   3.737
 90 347 08 33 30  -1.060  -2.889  -2.149   3.756
 90 347 08 34 30  -0.976  -2.813  -2.249   3.740
 90 347 08 35 30  -0.985  -2.758  -2.222   3.693
 90 347 08 36 30  -0.945  -2.765  -2.262   3.718
 90 347 08 37 30  -0.924  -2.849  -2.161   3.703
 90 347 08 38 30  -0.874  -2.981  -1.958   3.676
 90 347 08 39 30  -0.699  -3.115  -1.820   3.704
 90 347 08 40 30  -0.913  -2.965  -1.959   3.704
 90 347 08 41 30  -0.937  -3.017  -1.824   3.657
 90 347 08 42 30  -1.181  -3.093  -1.420   3.637
 90 347 08 43 30  -0.792  -2.949  -2.032   3.670
 90 347 08 44 30  -0.497  -3.044  -1.990   3.681
 90 347 08 45 30  -0.499  -3.109  -1.948   3.709
 90 347 08 46 30  -0.382  -3.132  -2.092   3.789
 90 347 08 47 30  -0.627  -3.120  -2.015   3.770
 90 347 08 48 30  -0.607  -2.968  -2.184   3.737
 90 347 08 49 30  -0.552  -3.044  -2.098   3.740
 90 347 08 50 30  -0.586  -3.127  -1.976   3.746
 90 347 08 51 30  -0.535  -3.073  -2.080   3.751
 90 347 08 52 30  -0.565  -2.930  -2.171   3.714
 90 347 08 53 30  -0.694  -2.928  -2.171   3.725
 90 347 08 54 30  -1.370  -2.842  -1.965   3.739
 90 347 08 55 30  -0.479  -3.113  -2.028   3.762
 90 347 08 56 30  -0.035  -3.276  -1.822   3.770
 90 347 08 57 30   0.076  -3.438  -1.469   3.751
 90 347 08 58 30   0.119  -3.361  -1.609   3.741
 90 347 08 59 30   0.130  -3.435  -1.352   3.704
 90 347 09 00 30  -0.305  -3.317  -1.603   3.710
 90 347 09 01 30  -0.371  -3.175  -1.880   3.716
 90 347 09 02 30  -0.352  -3.005  -2.107   3.692
 90 347 09 03 30  -0.374  -3.046  -2.059   3.696
 90 347 09 05 30   0.106  -3.267  -1.247   3.614
 90 347 09 06 30  -1.647  -2.695  -1.760   3.646
 90 347 09 07 30  -1.550  -2.821  -1.710   3.666
 90 347 09 08 30  -1.700  -2.799  -1.564   3.647
 90 347 09 09 30  -1.836  -2.717  -1.538   3.633
 90 347 09 10 30  -1.464  -2.937  -1.518   3.645
 90 347 09 11 30  -1.576  -2.820  -1.662   3.646
 90 347 09 12 30  -1.349  -2.976  -1.576   3.633
 90 347 09 13 30  -0.819  -3.074  -1.751   3.639
 90 347 09 14 30  -1.265  -2.911  -1.765   3.642
 90 347 09 15 30  -1.672  -2.444  -1.833   3.606
 90 347 09 16 30  -1.708  -2.509  -1.821   3.597
 90 347 09 17 30  -1.468  -2.553  -2.042   3.596
 90 347 09 18 30  -2.033  -2.126  -1.870   3.506
 90 347 09 19 30  -2.557  -1.491  -1.736   3.502
 90 347 09 20 30  -1.659  -2.285  -2.090   3.577
 90 347 09 21 30  -2.937   0.201  -1.588   3.506
 90 347 09 22 30  -3.044   1.110  -1.311   3.506
 90 347 09 23 30  -3.222   0.743  -1.025   3.496
 90 347 09 24 30  -2.903   1.540  -1.176   3.524
 90 347 09 25 30  -2.679   1.755  -1.418   3.514
 90 347 09 26 30  -2.708   1.523  -1.611   3.509
 90 347 09 27 30  -2.773   1.624  -1.349   3.490
 90 347 09 28 30  -2.875   1.362  -1.358   3.469
 90 347 09 29 30  -2.431  -1.569  -1.727   3.473
 90 347 09 30 30  -2.553  -1.832  -1.460   3.486
 90 347 09 31 30  -2.753   0.288  -1.887   3.513
 90 347 09 32 30  -2.904  -0.047  -2.037   3.565
 90 347 09 33 30  -3.053  -0.310  -1.783   3.556
 90 347 09 34 30  -3.176  -0.770  -1.285   3.520
 90 347 09 35 30  -3.142  -0.764  -1.365   3.517
 90 347 09 36 30  -3.190  -0.796  -1.205   3.507
 90 347 09 37 30  -3.127  -0.966  -1.126   3.471
 90 347 09 38 30  -3.052  -1.168  -1.201   3.485
 90 347 09 39 30  -3.124  -0.995  -1.119   3.484
 90 347 09 40 30  -3.105  -1.203  -1.002   3.494
 90 347 09 41 30  -2.743  -1.967  -0.639   3.498
 90 347 09 42 30  -2.528   0.095  -2.334   3.473
 90 347 09 43 30  -2.411  -0.540  -2.360   3.475
 90 347 09 44 30  -1.998  -1.819  -1.985   3.429
 90 347 09 45 30  -1.698  -2.241  -1.876   3.405
 90 347 09 46 30  -1.643  -2.145  -1.946   3.446
 90 347 09 47 30  -1.418  -2.520  -1.844   3.442
 90 347 09 48 30  -1.207  -2.662  -1.712   3.425
 90 347 09 49 30  -0.692  -3.221  -1.397   3.589
 90 347 09 50 30  -0.716  -3.318  -1.256   3.643
 90 347 09 51 30  -1.435  -2.913  -1.643   3.648
 90 347 09 52 30  -1.179  -3.113  -1.561   3.679
 90 347 09 53 30  -1.032  -3.188  -1.549   3.695
 90 347 09 54 30  -1.161  -3.094  -1.590   3.671
 90 347 09 55 30  -0.951  -3.211  -1.462   3.660
 90 347 09 56 30  -0.837  -3.255  -1.408   3.646
 90 347 09 57 30  -0.961  -3.206  -1.437   3.646
 90 347 09 58 30  -0.846  -3.224  -1.509   3.662
 90 347 09 59 30  -0.717  -3.362  -1.295   3.677
 90 347 10 00 30  -0.827  -3.318  -1.311   3.668
 90 347 10 01 30  -0.750  -3.377  -1.133   3.649
 90 347 10 02 30  -0.601  -3.367  -1.246   3.653
 90 347 10 03 30  -0.783  -3.318  -1.282   3.649
 90 347 10 04 30  -0.887  -3.340  -1.333   3.706
 90 347 10 05 30  -1.075  -3.296  -1.389   3.738
 90 347 10 06 30  -0.694  -3.479  -1.209   3.752
 90 347 10 07 30  -0.688  -3.470  -1.230   3.749
 90 347 10 08 30  -0.773  -3.382  -1.425   3.752
 90 347 10 09 30  -0.692  -3.471  -1.267   3.761
 90 347 10 10 30  -0.789  -3.454  -1.262   3.765
 90 347 10 11 30  -0.668  -3.485  -1.229   3.761
 90 347 10 12 30  -0.778  -3.514  -1.054   3.757
 90 347 10 13 30  -0.803  -3.505  -1.085   3.757
 90 347 10 14 30  -0.851  -3.497  -1.085   3.761
 90 347 10 15 30  -0.882  -3.459  -1.179   3.762
 90 347 10 16 30  -0.914  -3.431  -1.251   3.767
 90 347 10 17 30  -0.906  -3.474  -1.182   3.781
 90 347 10 18 30  -1.239  -3.335  -0.998   3.730
 90 347 10 19 30  -1.172  -3.345  -0.927   3.674
 90 347 10 20 30  -0.562  -3.254  -1.566   3.678
 90 347 10 21 30  -0.254  -3.253  -1.733   3.698
 90 347 10 22 30  -0.253  -3.152  -1.927   3.715
 90 347 10 23 30  -0.710  -3.301  -1.491   3.699
 90 347 10 24 30  -0.417  -3.062  -2.026   3.701
 90 347 10 25 30  -0.345  -3.208  -1.780   3.689
 90 347 10 26 30  -0.256  -3.294  -1.655   3.698
 90 347 10 27 30  -0.172  -3.352  -1.574   3.713
 90 347 10 28 30  -0.015  -2.891  -2.200   3.639
 90 347 10 29 30   0.206  -2.704  -2.413   3.632
 90 347 10 30 30   0.252  -2.974  -2.058   3.634
 90 347 10 31 30   0.297  -3.110  -1.845   3.638
 90 347 10 32 30   0.122  -3.016  -1.988   3.632
 90 347 10 33 30   0.004  -3.162  -1.769   3.641
 90 347 10 34 30  -0.172  -3.054  -1.940   3.641
 90 347 10 35 30   0.157  -3.010  -2.070   3.659
 90 347 10 36 30   0.073  -3.186  -1.766   3.646
 90 347 10 37 30   0.093  -3.176  -1.775   3.641
 90 347 10 38 30   0.009  -3.261  -1.607   3.642
 90 347 10 39 30  -0.038  -3.205  -1.715   3.638
 90 347 10 40 30   0.012  -3.296  -1.627   3.682
 90 347 10 41 30   0.366  -3.268  -1.693   3.701
 90 347 10 42 30   0.292  -3.273  -1.645   3.676
 90 347 10 43 30   0.278  -3.359  -1.519   3.699
 90 347 10 44 30   0.062  -3.308  -1.693   3.721
 90 347 10 45 30  -0.113  -3.390  -1.550   3.731
 90 347 10 46 30  -0.281  -3.468  -1.361   3.739
 90 347 10 47 30  -0.548  -3.449  -1.266   3.725
 90 347 10 48 30  -0.089  -3.386  -1.530   3.719
 90 347 10 49 30   0.218  -3.137  -1.895   3.687
 90 347 10 50 30   0.292  -3.147  -1.872   3.679
 90 347 10 51 30   0.154  -3.268  -1.663   3.674
 90 347 10 52 30   0.247  -3.341  -1.491   3.674
 90 347 10 53 30   0.242  -3.414  -1.384   3.697
 90 347 10 54 30   0.124  -3.438  -1.398   3.716
 90 347 10 55 30   0.178  -3.396  -1.543   3.736
 90 347 10 56 30   0.304  -3.468  -1.403   3.754
 90 347 10 57 30   0.308  -3.463  -1.389   3.745
 90 347 10 58 30   0.371  -3.447  -1.415   3.748
 90 347 10 59 30   0.159  -3.486  -1.390   3.759
 90 347 11 00 30  -0.017  -3.522  -1.313   3.764
 90 347 11 01 30   0.357  -3.501  -1.315   3.764
 90 347 11 02 30   0.419  -3.466  -1.375   3.756
 90 347 11 03 30   0.516  -3.495  -1.280   3.763
 90 347 11 04 30   0.162  -3.587  -1.134   3.767
 90 347 11 05 30   0.222  -3.568  -1.210   3.775
 90 347 11 06 30   0.251  -3.590  -1.141   3.776
 90 347 11 07 30   0.209  -3.582  -1.161   3.773
 90 347 11 08 30   0.167  -3.618  -1.047   3.776
 90 347 11 09 30   0.191  -3.678  -0.926   3.801
 90 347 11 10 30   0.161  -3.608  -1.123   3.787
 90 347 11 11 30  -0.088  -3.522  -1.282   3.753
 90 347 11 12 30   0.077  -3.523  -1.266   3.751
 90 347 11 13 30   0.142  -3.506  -1.337   3.758
 90 347 11 14 30   0.350  -3.615  -0.974   3.772
 90 347 11 15 30   0.225  -3.507  -1.258   3.742
 90 347 11 16 30   0.182  -3.597  -0.838   3.731
 90 347 11 17 30   0.245  -3.634  -0.961   3.769
 90 347 11 18 30   0.368  -3.631  -0.945   3.774
 90 347 11 19 30   0.159  -3.548  -1.218   3.762
 90 347 11 20 30   0.066  -3.640  -0.971   3.770
 90 347 11 21 30   0.054  -3.564  -1.148   3.751
 90 347 11 22 30   0.088  -3.572  -1.084   3.735
 90 347 11 23 30   0.312  -3.553  -1.106   3.747
 90 347 11 24 30   0.216  -3.536  -1.158   3.739
 90 347 11 25 30   0.050  -3.478  -1.225   3.704
 90 347 11 26 30  -0.117  -3.493  -1.229   3.708
 90 347 11 27 30  -0.149  -3.472  -1.283   3.707
 90 347 11 28 30  -0.106  -3.524  -1.133   3.704
 90 347 11 29 30  -0.179  -3.516  -1.144   3.703
 90 347 11 30 30  -0.208  -3.549  -1.024   3.701
 90 347 11 31 30  -0.080  -3.525  -1.128   3.705
 90 347 11 32 30   0.001  -3.579  -0.896   3.691
 90 347 11 33 30  -0.035  -3.517  -1.023   3.681
 90 347 11 34 30  -0.276  -3.500  -1.194   3.711
 90 347 11 35 30  -0.316  -3.522  -1.089   3.702
 90 347 11 36 30  -0.291  -3.492  -1.181   3.700
 90 347 11 37 30  -0.242  -3.570  -0.885   3.687
 90 347 11 38 30  -0.136  -3.532  -1.064   3.693
 90 347 11 39 30  -0.053  -3.550  -0.997   3.690
 90 347 11 40 30  -0.105  -3.557  -0.964   3.688
 90 347 11 41 30  -0.052  -3.563  -0.952   3.690
 90 347 11 42 30  -0.068  -3.567  -0.950   3.695
 90 347 11 43 30  -0.009  -3.616  -0.693   3.684
 90 347 11 44 30  -0.045  -3.597  -0.771   3.683
 90 347 11 45 30   0.019  -3.595  -0.779   3.681
 90 347 11 46 30  -0.111  -3.555  -0.920   3.679
 90 347 11 47 30  -0.192  -3.573  -0.872   3.690
 90 347 11 48 30  -0.237  -3.577  -0.849   3.688
 90 347 11 49 30  -0.328  -3.572  -0.828   3.684
 90 347 11 50 30  -0.123  -3.637  -0.574   3.688
 90 347 11 51 30  -0.143  -3.603  -0.786   3.693
 90 347 11 52 30  -0.087  -3.595  -0.811   3.688
 90 347 11 53 30  -0.065  -3.591  -0.847   3.696
 90 347 11 54 30  -0.152  -3.627  -0.718   3.706
 90 347 11 55 30  -0.219  -3.616  -0.779   3.710
 90 347 11 56 30  -0.214  -3.557  -1.036   3.718
 90 347 11 57 30   0.043  -3.647  -0.732   3.730
 90 347 11 58 30   0.099  -3.748  -0.325   3.767
 90 347 11 59 30   0.160  -3.744  -0.437   3.775
 90 347 12 00 30  -0.018  -3.747  -0.441   3.783
 90 347 12 01 30  -0.092  -3.722  -0.639   3.783
 90 347 12 02 30  -0.185  -3.584  -1.071   3.758
 90 347 12 03 30  -0.202  -3.668  -0.704   3.743
 90 347 12 04 30   0.291  -3.644  -0.698   3.749
 90 347 12 05 30   0.630  -3.636  -0.625   3.747
 90 347 12 06 30   0.677  -3.596  -0.742   3.753
 90 347 12 07 30   0.656  -3.408  -1.268   3.724
 90 347 12 08 30   1.023  -3.478  -0.858   3.758
 90 347 12 09 30   1.427  -3.432  -0.359   3.744
 90 347 12 10 30   1.027  -3.527  -0.292   3.733
 90 347 12 11 30  -0.534  -3.247  -0.941   3.703
 90 347 12 12 30  -1.513  -3.018  -1.488   3.691
 90 347 12 13 30  -1.652  -3.005  -1.385   3.701
 90 347 12 14 30  -1.361  -3.143  -1.402   3.704
 90 347 12 15 30  -1.153  -3.230  -1.370   3.699
 90 347 12 16 30  -1.150  -3.284  -1.216   3.691
 90 347 12 17 30  -0.957  -3.398  -1.103   3.702
 90 347 12 18 30  -0.695  -3.553  -0.857   3.727
 90 347 12 19 30  -0.795  -3.514  -0.949   3.728
 90 347 12 20 30  -0.620  -3.472  -1.173   3.719
 90 347 12 21 30  -0.681  -3.529  -0.966   3.724
 90 347 12 22 30  -0.486  -3.578  -0.967   3.739
 90 347 12 23 30  -0.560  -3.576  -0.887   3.728
 90 347 12 24 30  -0.678  -3.547  -0.935   3.733
 90 347 12 25 30  -0.723  -3.578  -0.773   3.735
 90 347 12 26 30  -0.479  -3.557  -0.951   3.718
 90 347 12 27 30  -0.536  -3.599  -0.754   3.720
 90 347 12 28 30  -0.354  -3.658  -0.448   3.716
 90 347 12 29 30  -0.626  -3.621  -0.478   3.711
 90 347 12 30 30  -0.298  -3.683  -0.364   3.730
 90 347 12 31 30  -0.181  -3.744  -0.137   3.756
 90 347 12 32 30  -0.483  -3.734  -0.063   3.769
 90 347 12 33 30  -0.515  -3.719  -0.079   3.759
 90 347 12 34 30  -0.464  -3.690   0.164   3.732
 90 347 12 35 30  -0.730  -3.649  -0.129   3.728
 90 347 12 36 30  -0.583  -3.676   0.092   3.743
 90 347 12 37 30  -0.308  -3.689   0.422   3.743
 90 347 12 38 30  -0.295  -3.682   0.250   3.711
 90 347 12 39 30  -0.464  -3.654   0.175   3.698
 90 347 12 40 30  -0.623  -3.634  -0.062   3.695
 90 347 12 41 30  -0.413  -3.665  -0.406   3.721
 90 347 12 42 30  -0.480  -3.632  -0.402   3.691
 90 347 12 43 30  -0.341  -3.618  -0.326   3.668
 90 347 12 44 30  -0.438  -3.617   0.036   3.670
 90 347 12 45 30  -0.495  -3.639  -0.039   3.680
 90 347 12 46 30  -0.213  -3.632   0.078   3.658
 90 347 12 47 30  -0.061  -3.633   0.357   3.664
 90 347 12 48 30   0.021  -3.640   0.097   3.651
 90 347 12 49 30  -0.206  -3.619  -0.212   3.650
 90 347 12 50 30  -0.371  -3.617   0.199   3.653
 90 347 12 51 30  -0.600  -3.583   0.265   3.648
 90 347 12 52 30  -0.702  -3.562   0.424   3.663
 90 347 12 53 30  -0.601  -3.596   0.368   3.668
 90 347 12 54 30  -0.538  -3.569   0.380   3.631
 90 347 12 55 30  -0.451  -3.559   0.391   3.610
 90 347 12 56 30  -0.326  -3.586   0.394   3.624
 90 347 12 57 30  -0.330  -3.474   0.469   3.531
 90 347 12 58 30  -0.620  -3.425   0.708   3.557
 90 347 12 59 30  -0.476  -3.414   0.697   3.519
 90 347 13 00 30  -0.550  -3.367   0.763   3.499
 90 347 13 01 30  -0.595  -3.397   0.528   3.492
 90 347 13 02 30  -1.221  -2.206   0.840   3.298
 90 347 13 03 30  -2.816   0.748   1.362   3.253
 90 347 13 04 30  -2.530   1.581   1.209   3.261
 90 347 13 05 30  -2.943   0.668   1.281   3.317
 90 347 13 06 30  -2.784   1.379   0.921   3.384
 90 347 13 07 30  -2.725   1.458   0.713   3.338
 90 347 13 08 30  -3.299   0.696   0.596   3.430
 90 347 13 09 30  -3.342   0.645   0.536   3.455
 90 347 13 10 30  -3.371   0.023  -0.004   3.413
 90 347 13 11 30  -3.383  -0.214  -0.354   3.412
 90 347 13 12 30  -3.434   0.045  -0.435   3.476
 90 347 13 13 30  -3.152  -0.416  -1.223   3.443
 90 347 13 14 30  -2.941  -1.391  -1.034   3.440
 90 347 13 15 30  -2.949  -1.393  -1.226   3.497
 90 347 13 16 30  -3.015  -1.367  -1.268   3.565
 90 347 13 17 30  -2.936  -1.316  -1.666   3.628
 90 347 13 18 30  -2.957  -1.379  -1.605   3.638
 90 347 13 19 30  -2.969  -1.626  -1.236   3.609
 90 347 13 20 30  -2.944  -1.616  -1.296   3.611
 90 347 13 21 30  -2.926  -1.552  -1.478   3.630
 90 347 13 22 30  -3.054  -1.302  -1.462   3.630
 90 347 13 23 30  -3.016  -1.290  -1.534   3.628
 90 347 13 24 30  -2.999  -1.580  -1.294   3.634
 90 347 13 25 30  -3.018  -1.698  -1.133   3.645
 90 347 13 26 30  -2.869  -1.771  -1.328   3.655
 90 347 13 27 30  -3.140  -1.739  -0.732   3.668
 90 347 13 28 30  -3.113  -1.821  -0.602   3.657
 90 347 13 29 30  -2.967  -1.755  -0.523   3.488
 90 347 13 30 30  -2.929  -1.815  -0.689   3.526
 90 347 13 31 30  -2.846  -1.947  -1.288   3.682
 90 347 13 32 30  -2.714  -1.952  -1.512   3.672
 90 347 13 33 30  -2.647  -1.775  -1.797   3.661
 90 347 13 34 30  -2.611  -1.866  -1.786   3.675
 90 347 13 35 30  -2.689  -1.824  -1.744   3.690
 90 347 13 36 30  -2.690  -1.828  -1.722   3.681
 90 347 13 37 30  -2.634  -1.774  -1.869   3.687
 90 347 13 38 30  -2.560  -1.706  -2.052   3.700
 90 347 13 39 30  -2.695  -1.738  -1.826   3.695
 90 347 13 40 30  -2.835  -1.620  -1.712   3.688
 90 347 13 41 30  -3.101  -1.558  -1.097   3.648
 90 347 13 42 30  -3.046  -1.556  -1.360   3.686
 90 347 13 43 30  -2.974  -1.583  -1.500   3.690
 90 347 13 44 30  -2.966  -1.620  -1.534   3.714
 90 347 13 45 30  -2.950  -1.522  -1.642   3.705
 90 347 13 46 30  -2.798  -1.678  -1.737   3.698
 90 347 13 47 30  -2.823  -1.596  -1.787   3.709
 90 347 13 48 30  -2.882  -1.304  -1.893   3.691
 90 347 13 49 30  -2.878  -1.360  -1.819   3.668
 90 347 13 50 30  -2.880  -1.405  -1.808   3.681
 90 347 13 51 30  -2.820  -1.444  -1.917   3.707
 90 347 13 52 30  -2.678  -1.421  -2.132   3.712
 90 347 13 53 30  -2.736  -1.554  -1.980   3.720
 90 347 13 54 30  -2.629  -1.713  -2.004   3.724
 90 347 13 55 30  -2.594  -1.788  -1.981   3.723
 90 347 13 56 30  -2.609  -1.827  -1.933   3.727
 90 347 13 57 30  -2.469  -1.928  -1.836   3.656
 90 347 13 58 30  -0.971  -3.308   0.550   3.531
 90 347 13 59 30  -0.993  -3.366   0.583   3.559
 90 347 14 00 30  -1.172  -3.349   0.390   3.578
 90 347 14 01 30  -1.225  -3.315   0.306   3.558
 90 347 14 02 30  -1.492  -3.206   0.042   3.551
 90 347 14 03 30  -1.386  -3.269   0.100   3.564
 90 347 14 04 30  -1.395  -3.287   0.263   3.585
 90 347 14 05 30  -1.460  -3.219   0.309   3.560
 90 347 14 06 30  -1.576  -3.192   0.407   3.590
 90 347 14 07 30  -1.674  -3.074   0.641   3.566
 90 347 14 08 30  -1.688  -2.978   0.629   3.503
 90 347 14 09 30  -1.836  -2.907   0.637   3.506
 90 347 14 10 30  -1.671  -3.083   0.270   3.534
 90 347 14 11 30  -1.597  -3.092   0.032   3.502
 90 347 14 12 30  -1.909  -2.809  -0.810   3.547
 90 347 14 13 30  -2.025  -2.734  -1.036   3.561
 90 347 14 14 30  -2.016  -2.765  -1.053   3.585
 90 347 14 15 30  -2.017  -2.839  -0.878   3.596
 90 347 14 16 30  -2.042  -2.890  -0.667   3.604
 90 347 14 17 30  -2.013  -2.954  -0.451   3.605
 90 347 14 18 30  -2.191  -2.800  -0.512   3.604
 90 347 14 19 30  -2.214  -2.255  -1.643   3.603
 90 347 14 20 30  -2.141  -2.451  -1.564   3.617
 90 347 14 21 30  -2.213  -2.582  -1.195   3.610
 90 347 14 22 30  -2.289  -2.152  -1.725   3.612
 90 347 14 23 30  -2.307  -2.072  -1.864   3.625
 90 347 14 24 30  -2.118  -2.361  -1.708   3.630
 90 347 14 25 30  -2.234  -2.371  -1.548   3.615
 90 347 14 26 30  -2.254  -2.315  -1.624   3.624
 90 347 14 27 30  -2.036  -2.436  -1.748   3.637
 90 347 14 28 30  -2.011  -2.649  -1.404   3.629
 90 347 14 29 30  -1.685  -3.071  -0.937   3.635
 90 347 14 30 30  -1.793  -3.107  -0.663   3.651
 90 347 14 31 30  -1.834  -3.086  -0.651   3.650
 90 347 14 32 30  -1.838  -3.086  -0.610   3.646
 90 347 14 33 30  -1.732  -3.049  -0.782   3.618
 90 347 14 34 30  -1.320  -3.199  -1.205   3.667
 90 347 14 35 30  -1.303  -3.163  -1.121   3.605
 90 347 14 36 30  -1.643  -3.110  -0.640   3.594
 90 347 14 37 30  -1.844  -2.864  -1.187   3.627
 90 347 14 38 30  -1.933  -2.589  -1.613   3.618
 90 347 14 39 30  -1.863  -2.709  -1.573   3.648
 90 347 14 40 30  -1.832  -2.810  -1.390   3.654
 90 347 14 41 30  -1.825  -2.735  -1.566   3.648
 90 347 14 42 30  -1.746  -2.672  -1.818   3.678
 90 347 14 43 30  -1.952  -2.806  -1.226   3.647
 90 347 14 44 30  -1.981  -2.810  -1.319   3.684
 90 347 14 45 30  -2.019  -2.914  -1.074   3.707
 90 347 14 46 30  -1.943  -3.037  -0.862   3.709
 90 347 14 47 30  -1.982  -2.977  -0.886   3.690
 90 347 14 48 30  -1.991  -3.019  -0.326   3.640
 90 347 14 49 30  -1.950  -3.061  -0.244   3.645
 90 347 14 50 30  -1.961  -3.014  -0.460   3.634
 90 347 14 51 30  -1.866  -3.057  -0.885   3.692
 90 347 14 52 30  -1.794  -2.931  -1.280   3.671
 90 347 14 53 30  -1.781  -2.956  -1.219   3.686
 90 347 14 54 30  -1.797  -2.893  -1.342   3.670
 90 347 14 55 30  -1.822  -2.907  -1.251   3.653
 90 347 14 56 30  -1.725  -2.992  -1.271   3.681
 90 347 14 57 30  -1.655  -3.061  -1.228   3.692
 90 347 14 58 30  -1.748  -2.999  -1.258   3.693
 90 347 14 59 30  -1.719  -3.033  -1.209   3.691
 90 347 15 00 30  -1.645  -3.049  -1.298   3.701
 90 347 15 01 30  -1.658  -3.115  -1.112   3.701
 90 347 15 02 30  -1.624  -3.163  -1.088   3.719
 90 347 15 03 30  -1.579  -3.180  -1.140   3.730
 90 347 15 04 30  -1.521  -3.220  -1.087   3.724
 90 347 15 05 30  -1.498  -3.172  -1.235   3.719
 90 347 15 06 30  -1.518  -3.176  -1.229   3.729
 90 347 15 07 30  -1.436  -3.139  -1.349   3.708
 90 347 15 08 30  -1.474  -3.103  -1.405   3.712
 90 347 15 09 30  -1.756  -2.992  -1.238   3.702
 90 347 15 10 30  -1.818  -2.973  -1.111   3.667
 90 347 15 11 30  -1.725  -2.991  -1.182   3.653
 90 347 15 12 30  -1.483  -3.142  -1.298   3.711
 90 347 15 13 30  -1.573  -3.098  -1.315   3.718
 90 347 15 14 30  -1.553  -3.112  -1.317   3.720
 90 347 15 15 30  -1.464  -3.212  -1.165   3.720
 90 347 15 16 30  -1.544  -3.084  -1.350   3.706
 90 347 15 17 30  -1.535  -3.049  -1.354   3.676
 90 347 15 18 30  -1.567  -3.078  -1.135   3.641
 90 347 15 19 30  -1.576  -3.013  -1.216   3.621
 90 347 15 20 30  -1.467  -3.162  -0.998   3.634
 90 347 15 21 30  -1.750  -2.945  -1.184   3.630
 90 347 15 22 30  -1.550  -3.027  -1.263   3.637
 90 347 15 23 30  -1.448  -3.058  -1.297   3.631
 90 347 15 24 30  -1.526  -3.065  -1.065   3.594
 90 347 15 25 30  -1.939  -2.722  -1.092   3.585
 90 347 15 26 30  -2.117  -2.573  -1.303   3.591
 90 347 15 27 30  -2.706  -2.061  -1.052   3.579
 90 347 15 28 30  -2.683  -2.232  -0.876   3.606
 90 347 15 29 30  -2.718  -2.318  -0.404   3.604
 90 347 15 30 30  -2.657  -2.298  -0.292   3.584
 90 347 15 31 30  -2.348  -2.591  -0.584   3.558
 90 347 15 32 30  -1.329  -2.981  -1.266   3.579
 90 347 15 33 30  -0.534  -3.200  -1.391   3.601
 90 347 15 34 30  -2.096  -2.890  -0.037   3.582
 90 347 15 35 30  -2.027  -2.917  -0.044   3.557
 90 347 15 36 30  -2.124  -2.884   0.146   3.597
 90 347 15 37 30  -1.618  -3.258  -0.184   3.676
 90 347 15 38 30  -2.041  -3.004   0.358   3.679
 90 347 15 39 30  -2.542  -2.572   0.749   3.696
 90 347 15 40 30  -2.604  -2.521   0.707   3.695
 90 347 15 41 30  -2.630  -2.523   0.588   3.694
 90 347 15 42 30  -2.693  -2.336   0.786   3.654
 90 347 15 43 30  -2.962  -1.902   0.518   3.583
 90 347 15 44 30  -3.247  -1.372   0.324   3.554
 90 347 15 45 30  -2.995  -1.642   0.996   3.575
 90 347 15 46 30  -2.949  -1.630   1.180   3.582
 90 347 15 47 30  -2.920  -1.283   1.556   3.576
 90 347 15 48 30  -2.722  -1.356   2.023   3.662
 90 347 15 49 30  -2.274  -0.772   2.694   3.630
 90 347 15 50 30  -2.053  -0.136   2.932   3.633
 90 347 15 51 30  -2.536   1.259   2.113   3.704
 90 347 15 52 30  -3.094  -1.154  -0.481   3.690
 90 347 15 53 30  -2.477  -2.516  -0.763   3.628
 90 347 15 54 30  -1.921  -2.459  -1.892   3.679
 90 347 15 55 30  -1.988  -2.625  -1.682   3.709
 90 347 15 56 30  -1.926  -2.656  -1.666   3.683
 90 347 15 57 30  -1.979  -2.693  -1.539   3.683
 90 347 15 58 30  -1.870  -2.865  -1.347   3.683
 90 347 15 59 30  -1.662  -2.937  -1.514   3.703
 90 347 16 00 30  -1.531  -2.957  -1.628   3.707
 90 347 16 01 30  -1.438  -3.009  -1.658   3.726
 90 347 16 02 30  -1.401  -2.844  -1.911   3.718
 90 347 16 03 30  -1.523  -2.508  -2.225   3.714
 90 347 16 04 30  -1.613  -2.828  -1.766   3.706
 90 347 16 05 30  -1.526  -2.776  -1.972   3.734
 90 347 16 06 30  -1.430  -2.919  -1.850   3.743
 90 347 16 07 30  -1.510  -2.867  -1.852   3.733
 90 347 16 08 30  -1.519  -2.985  -1.636   3.729
 90 347 16 09 30  -1.586  -2.947  -1.646   3.732
 90 347 16 10 30  -1.401  -3.037  -1.649   3.732
 90 347 16 11 30  -1.590  -2.999  -1.542   3.730
 90 347 16 12 30  -1.581  -2.999  -1.554   3.730
 90 347 16 13 30  -1.543  -2.998  -1.598   3.739
 90 347 16 14 30  -1.613  -3.057  -1.422   3.740
 90 347 16 15 30  -1.296  -3.198  -1.445   3.744
 90 347 16 16 30  -1.116  -3.168  -1.652   3.757
 90 347 16 17 30  -1.661  -2.686  -2.014   3.751
 90 347 16 18 30  -1.765  -2.790  -1.731   3.744
 90 347 16 19 30  -1.726  -3.079  -1.223   3.746
 90 347 16 20 30  -1.753  -2.906  -1.523   3.722
 90 347 16 21 30  -1.682  -2.950  -1.451   3.695
 90 347 16 22 30  -1.630  -2.958  -1.547   3.734
 90 347 16 23 30  -1.571  -2.796  -1.946   3.756
 90 347 16 24 30  -1.761  -2.515  -2.183   3.770
 90 347 16 25 30  -1.616  -2.753  -1.991   3.769
 90 347 16 26 30  -2.485  -2.643  -0.235   3.713
 90 347 16 27 30  -2.546  -2.144  -1.695   3.736
 90 347 16 28 30  -2.410  -2.276  -1.743   3.751
 90 347 16 29 30  -2.279  -2.532  -1.543   3.752
 90 347 16 30 30  -1.974  -2.875  -1.309   3.734
 90 347 16 31 30  -1.830  -2.897  -1.554   3.767
 90 347 16 32 30  -1.763  -3.085  -1.254   3.774
 90 347 16 33 30  -1.661  -3.053  -1.486   3.784
 90 347 16 34 30  -1.830  -2.956  -1.417   3.781
 90 347 16 35 30  -1.688  -3.135  -1.257   3.779
 90 347 16 36 30  -1.833  -2.865  -1.617   3.771
 90 347 16 37 30  -1.942  -2.970  -1.188   3.774
 90 347 16 38 30  -1.590  -2.478  -2.334   3.783
 90 347 16 39 30  -2.025  -2.473  -1.983   3.769
 90 347 16 40 30  -2.071  -2.429  -1.995   3.767
 90 347 16 41 30  -1.950  -2.515  -2.019   3.771
 90 347 16 42 30  -1.861  -2.598  -2.004   3.777
 90 347 16 43 30  -1.865  -2.802  -1.712   3.778
 90 347 17 00 30  -2.524  -2.731  -0.779   3.799
 90 347 17 01 30  -2.624  -2.603  -0.753   3.779
 90 347 17 02 30  -2.888  -2.370  -0.482   3.768
 90 347 17 03 30  -2.922  -2.353  -0.317   3.771
 90 347 17 04 30  -2.802  -2.459  -0.608   3.781
 90 347 17 05 30  -2.757  -2.462  -0.761   3.776
 90 347 17 06 30  -2.734  -2.487  -0.781   3.779
 90 347 17 07 30  -2.691  -2.473  -0.885   3.763
 90 347 17 08 30  -2.139  -2.762  -1.310   3.762
 90 347 17 09 30  -1.965  -2.866  -1.463   3.776
 90 347 17 10 30  -1.978  -2.865  -1.456   3.776
 90 347 17 11 30  -2.141  -2.800  -1.373   3.787
 90 347 17 12 30  -2.193  -2.724  -1.449   3.787
 90 347 17 13 30  -2.188  -2.757  -1.364   3.776
 90 347 17 14 30  -2.203  -2.695  -1.403   3.759
 90 347 17 15 30  -2.147  -2.743  -1.474   3.788
 90 347 17 16 30  -2.215  -2.778  -1.326   3.794
 90 347 17 17 30  -2.226  -2.707  -1.414   3.780
 90 347 17 18 30  -2.212  -2.737  -1.361   3.775
 90 347 17 19 30  -2.292  -2.682  -1.387   3.792
 90 347 17 20 30  -2.374  -2.609  -1.389   3.794
 90 347 17 21 30  -2.342  -2.636  -1.392   3.792
 90 347 17 22 30  -2.283  -2.611  -1.452   3.787
 90 347 17 23 30  -2.360  -2.523   0.355   3.612
 90 347 17 24 30  -2.525  -2.527   0.113   3.591
 90 347 17 25 30  -2.527  -2.491  -0.144   3.632
 90 347 17 26 30  -2.488  -2.683   0.043   3.681
 90 347 17 27 30  -2.522  -2.764  -0.212   3.754
 90 347 17 28 30  -2.604  -2.697  -0.272   3.761
 90 347 17 29 30  -2.469  -2.807  -0.257   3.758
 90 347 17 30 30  -2.415  -2.865  -0.162   3.759
 90 347 17 31 30  -2.424  -2.849  -0.321   3.760
 90 347 17 32 30  -2.508  -2.752  -0.435   3.760
 90 347 17 33 30  -2.495  -2.655  -0.695   3.749
 90 347 17 34 30  -2.154  -2.816  -0.391   3.608
 90 347 17 35 30  -2.325  -2.586  -0.824   3.583
 90 347 17 36 30  -2.669  -1.958  -1.285   3.586
 90 347 17 37 30  -2.585  -2.017  -1.458   3.603
 90 347 17 38 30  -2.542  -2.065  -1.323   3.584
 90 347 17 39 30  -2.131  -2.713  -0.741   3.534
 90 347 17 40 30  -2.350  -2.492  -0.935   3.552
 90 347 17 41 30  -2.295  -2.526  -0.960   3.550
 90 347 17 42 30  -2.308  -2.407  -1.227   3.559
 90 347 17 43 30  -2.250  -2.483  -1.202   3.570
 90 347 17 44 30  -2.477  -2.306  -1.184   3.592
 90 347 17 45 30  -2.649  -1.759  -1.505   3.540
 90 347 17 46 30  -2.608  -1.327  -1.775   3.525
 90 347 17 47 30  -2.777  -1.165  -1.454   3.484
 90 347 17 48 30  -2.728  -1.418  -1.511   3.464
 90 347 17 49 30  -2.754  -1.373  -1.562   3.472
 90 347 17 50 30  -2.792  -1.600  -1.254   3.476
 90 347 17 51 30  -2.765  -1.739  -1.206   3.488
 90 347 17 52 30  -2.659  -2.146  -0.822   3.548
 90 347 17 53 30  -2.543  -2.456  -0.519   3.576
 90 347 17 54 30  -2.586  -2.372  -0.302   3.527
 90 347 17 55 30  -2.553  -2.417   0.081   3.521
 90 347 17 56 30  -2.398  -2.567  -0.213   3.536
 90 347 17 57 30  -2.285  -2.569  -0.799   3.537
 90 347 17 58 30  -2.229  -2.580  -1.008   3.560
 90 347 17 59 30  -2.328  -2.458  -1.019   3.558
 90 347 18 00 30  -2.346  -2.360  -1.316   3.589
 90 347 18 01 30  -2.530  -2.230  -1.138   3.562
 90 347 18 02 30  -2.428  -2.401  -0.976   3.557
 90 347 18 03 30  -2.409  -2.503  -0.676   3.551
 90 347 18 04 30  -2.415  -2.556  -0.718   3.593
 90 347 18 05 30  -2.343  -2.539  -0.962   3.594
 90 347 18 06 30  -2.236  -2.697  -0.230   3.561
 90 347 18 07 30  -2.456  -2.542  -0.462   3.587
 90 347 18 08 30  -2.137  -2.793  -0.216   3.552
 90 347 18 09 30  -2.278  -2.689  -0.251   3.548
 90 347 18 10 30  -2.715  -2.066  -0.719   3.512
 90 347 18 11 30  -2.117  -2.781   0.090   3.518
 90 347 18 12 30  -1.612  -3.040   0.628   3.509
 90 347 18 13 30  -2.230  -2.755   0.022   3.592
 90 347 18 14 30  -2.350  -2.636  -0.542   3.586
 90 347 18 15 30  -1.879  -3.019   0.219   3.579
 90 347 18 16 30  -2.214  -2.700  -0.374   3.526
 90 347 18 17 30  -2.390  -2.507  -0.288   3.486
 90 347 18 18 30  -2.549  -2.489   0.187   3.568
 90 347 18 19 30  -2.378  -2.692   0.002   3.595
 90 347 18 20 30  -2.164  -2.868  -0.009   3.595
 90 347 18 21 30  -2.242  -2.764  -0.073   3.567
 90 347 18 22 30  -2.438  -2.605  -0.080   3.575
 90 347 18 23 30  -2.465  -2.537  -0.315   3.561
 90 347 18 24 30  -2.632  -2.343  -0.457   3.614
 90 347 18 25 30  -2.983  -2.000  -0.362   3.637
 90 347 18 26 30  -2.817  -2.195  -0.735   3.669
 90 347 18 27 30  -2.704  -2.276  -0.800   3.677
 90 347 18 28 30  -1.882  -3.154  -0.108   3.682
 90 347 18 29 30  -2.082  -2.950  -0.148   3.714
 90 347 18 30 30  -2.798  -2.291  -0.990   3.754
 90 347 18 31 30  -2.617  -2.635  -0.536   3.761
 90 347 18 32 30  -2.427  -2.812   0.289   3.744
 90 347 18 33 30  -2.729  -2.528   0.215   3.741
 90 347 18 34 30  -2.495  -2.658   0.220   3.727
 90 347 18 35 30  -2.412  -2.668   0.868   3.710
 90 347 18 36 30  -2.268  -2.871   0.610   3.743
 90 347 18 37 30  -2.166  -3.088   0.346   3.798
 90 347 18 38 30  -2.311  -2.947   0.434   3.779
 90 347 18 39 30  -2.161  -2.921   1.083   3.809
 90 347 18 40 30  -2.452  -2.681   1.161   3.820
 90 347 18 41 30  -2.494  -2.705   1.134   3.852
 90 347 18 42 30  -2.480  -2.731   1.048   3.837
 90 347 18 43 30  -2.501  -2.802   0.791   3.840
 90 347 18 44 30  -2.684  -2.579   0.885   3.833
 90 347 18 45 30  -2.875  -2.480   0.573   3.844
 90 347 18 46 30  -2.663  -2.543   1.015   3.826
 90 347 18 47 30  -2.521  -2.597   1.146   3.803
 90 347 18 48 30  -2.563  -2.617   0.934   3.793
 90 347 18 49 30  -2.418  -2.706   1.104   3.812
 90 347 18 50 30  -2.632  -2.662   0.812   3.839
 90 347 18 51 30  -2.703  -2.609   0.741   3.834
 90 347 18 52 30  -2.454  -2.410   1.513   3.802
 90 347 18 53 30  -2.603  -2.522   1.182   3.830
 90 347 18 54 30  -2.676  -2.467   1.112   3.814
 90 347 18 55 30  -2.554  -2.528   1.284   3.832
 90 347 18 56 30  -2.422  -2.895   0.741   3.852
 90 347 18 57 30  -2.456  -2.831   0.876   3.857
 90 347 18 58 30  -2.307  -2.989   0.857   3.880
 90 347 18 59 30  -2.323  -2.933   0.844   3.841
 90 347 19 00 30  -2.235  -3.104   0.565   3.871
 90 347 19 01 30  -2.054  -3.207   0.139   3.842
 90 347 19 02 30  -1.667  -3.396   0.128   3.791
 90 347 19 03 30  -1.866  -3.232  -0.163   3.750
 90 347 19 04 30  -2.220  -3.010   0.306   3.764
 90 347 19 05 30  -1.818  -3.217   0.111   3.713
 90 347 19 06 30  -2.044  -3.126   0.406   3.781
 90 347 19 07 30  -2.364  -2.846   0.791   3.795
 90 347 19 08 30  -2.267  -2.870   1.094   3.825
 90 347 19 09 30  -2.689  -2.705   0.436   3.880
 90 347 19 10 30  -2.384  -2.824   1.114   3.872
 90 347 19 11 30  -2.327  -2.901   1.108   3.894
 90 347 19 16 30  -2.555  -2.487   1.183   3.761
 90 347 19 17 30  -2.476  -2.682   1.091   3.828
 90 347 19 18 30  -2.520  -2.739   0.951   3.855
 90 347 19 19 30  -2.282  -2.996   0.557   3.810
 90 347 19 20 30  -2.212  -3.043   0.591   3.813
 90 347 19 21 30  -2.155  -2.999   0.782   3.777
 90 347 19 22 30  -2.181  -2.993   0.895   3.811
 90 347 19 23 30  -1.959  -3.157   0.817   3.805
 90 347 19 24 30  -1.936  -3.162   0.779   3.790
 90 347 19 25 30  -1.906  -3.158   0.799   3.780
 90 347 19 26 30  -1.957  -3.137   0.777   3.780
 90 347 19 27 30  -2.029  -3.164   0.754   3.837
 90 347 19 28 30  -1.987  -3.157   0.814   3.821
 90 347 19 29 30  -1.776  -3.271   0.639   3.780
 90 347 19 30 30  -1.774  -3.278   0.585   3.774
 90 347 19 31 30  -1.713  -3.316   0.589   3.780
 90 347 19 32 30  -1.684  -3.336   0.559   3.780
 90 347 19 33 30  -1.703  -3.340   0.634   3.806
 90 347 19 34 30  -1.502  -3.462   0.439   3.802
 90 347 19 35 30  -1.520  -3.462   0.316   3.797
 90 347 19 40 30  -1.949  -3.229   0.717   3.842
 90 347 19 41 30  -2.006  -3.161   0.770   3.825
 90 347 19 42 30  -2.159  -3.026   0.917   3.831
 90 347 19 43 30  -1.912  -3.227   0.745   3.834
 90 347 19 44 30  -1.569  -3.445   0.585   3.844
 90 347 19 45 30  -1.671  -3.483   0.423   3.891
 90 347 19 46 30  -1.892  -3.249   0.781   3.846
 90 347 19 47 30  -1.725  -3.324   0.840   3.841
 90 347 19 48 30  -1.771  -3.360   0.873   3.903
 90 347 19 49 30  -1.549  -3.388   1.124   3.893
 90 347 19 50 30  -1.414  -3.499   1.066   3.925
 90 347 19 51 30  -1.430  -3.439   1.257   3.934
 90 347 19 52 30  -1.147  -3.641   0.728   3.902
 90 347 19 53 30  -1.037  -3.719   0.494   3.897
 90 347 19 54 30  -0.782  -3.727   0.681   3.927
 90 347 19 55 30  -0.582  -3.637   1.197   3.877
 90 347 19 56 30  -0.836  -3.677   0.857   3.872
 90 347 19 57 30  -0.899  -3.557   1.210   3.865
 90 347 19 58 30  -0.818  -3.574   1.183   3.856
 90 347 19 59 30  -0.984  -3.422   1.564   3.893
 90 347 20 00 30  -1.160  -3.440   1.380   3.891
 90 347 20 01 30  -1.568  -3.464   0.900   3.912
 90 347 20 02 30  -1.673  -3.385   0.923   3.892
 90 347 20 03 30  -1.544  -3.450   0.913   3.893
 90 347 20 04 30  -1.416  -3.462   1.022   3.878
 90 347 20 05 30  -1.269  -3.533   0.924   3.871
 90 347 20 06 30  -1.407  -3.454   0.824   3.822
 90 347 20 07 30  -1.449  -3.421   0.748   3.792
 90 347 20 08 30  -1.453  -3.434   0.763   3.818
 90 347 20 09 30  -1.589  -3.452   0.891   3.905
 90 347 20 10 30  -1.642  -3.345   1.127   3.896
 90 347 20 11 30  -1.647  -3.223   1.411   3.896
 90 347 20 12 30  -2.766  -1.259   2.265   3.883
 90 347 20 13 30  -2.956  -1.310   2.113   3.879
 90 347 20 14 30  -2.908  -1.213   2.200   3.846
 90 347 20 15 30  -2.732  -1.069   2.464   3.848
 90 347 20 16 30  -2.704  -0.771   2.618   3.847
 90 347 20 17 30  -2.715  -0.738   2.569   3.849
 90 347 20 18 30  -2.596  -2.051   1.116   3.843
 90 347 20 19 30  -2.616  -2.802  -0.572   3.879
 90 347 20 20 30  -2.727  -2.718  -0.563   3.892
 90 347 20 21 30  -2.652  -2.796  -0.594   3.901
 90 347 20 22 30  -2.575  -2.845  -0.658   3.896
 90 347 20 23 30  -2.479  -2.747  -1.068   3.867
 90 347 20 24 30  -2.419  -2.710  -1.245   3.856
 90 347 20 25 30  -2.251  -2.961  -0.965   3.845
 90 347 20 26 30  -2.329  -2.887  -0.914   3.837
 90 347 20 27 30  -2.001  -2.842  -1.425   3.769
 90 347 20 28 30  -2.279  -2.795  -0.777   3.744
 90 347 20 29 30  -2.300  -2.916  -0.644   3.776
 90 347 20 30 30  -2.396  -2.831  -0.157   3.720
 90 347 20 31 30  -2.203  -2.933   0.234   3.679
 90 347 20 32 30  -2.324  -2.842   0.355   3.712
 90 347 20 33 30  -2.522  -2.486   0.981   3.772
 90 347 20 34 30  -2.287  -2.574   1.672   3.834
 90 347 20 35 30  -1.980  -2.451   2.189   3.843
 90 347 20 36 30  -2.105  -2.230   2.321   3.852
 90 347 20 37 30  -2.242  -1.969   2.457   3.870
 90 347 20 38 30  -2.044  -1.821   2.657   3.832
 90 347 20 39 30  -1.815  -1.740   2.841   3.823
 90 347 20 40 30  -1.190  -1.136   3.470   3.877
 90 347 20 41 30  -1.015  -1.041   3.585   3.872
 90 347 20 42 30  -0.683  -0.860   3.719   3.892
 90 347 20 43 30  -0.946  -0.808   3.591   3.821
 90 347 20 44 30  -0.746  -0.524   3.795   3.907
 90 347 20 45 30  -0.584  -0.578   3.739   3.835
 90 347 20 46 30  -0.620  -0.571   3.703   3.801
 90 347 20 47 30  -0.793  -1.061   2.817   3.599
 90 347 20 48 30  -0.212  -1.160   2.068   3.365
 90 347 20 49 30  -1.574  -3.454  -1.124   3.960
 90 347 20 50 30  -1.568  -3.412  -1.329   3.984
 90 347 20 51 30  -1.526  -3.458  -1.262   3.985
 90 347 20 52 30  -1.612  -3.413  -1.267   3.983
 90 347 20 53 30  -1.642  -3.453  -1.100   3.980
 90 347 20 54 30  -1.556  -3.381  -1.280   3.941
 90 347 20 55 30  -1.479  -3.389  -1.267   3.910
 90 347 20 56 30  -1.444  -3.410  -1.350   3.944
 90 347 20 57 30  -1.480  -3.410  -1.280   3.936
 90 347 20 58 30  -1.368  -3.469  -1.371   3.980
 90 347 20 59 30  -1.544  -3.474  -1.143   3.974
 90 347 21 00 30  -1.489  -3.416  -1.096   3.910
 90 347 21 01 30  -1.651  -3.328  -1.056   3.869
 90 347 21 02 30  -1.817  -3.290  -0.885   3.870
 90 347 21 03 30  -1.637  -3.404  -0.582   3.829
 90 347 21 04 30  -1.447  -3.446  -0.774   3.822
 90 347 21 05 30  -1.516  -3.403  -0.896   3.837
 90 347 21 06 30  -1.557  -3.438  -0.747   3.850
 90 347 21 07 30  -1.621  -3.375  -0.800   3.831
 90 347 21 08 30  -1.606  -3.406  -0.673   3.828
 90 347 21 09 30  -1.670  -3.415  -0.347   3.819
 90 347 21 10 30  -1.673  -3.385  -0.399   3.801
 90 347 21 11 30  -1.627  -3.396  -0.362   3.793
 90 347 21 12 30  -1.458  -3.445  -0.259   3.755
 90 347 21 13 30  -1.680  -3.286  -0.631   3.752
 90 347 21 14 30  -1.721  -3.290  -0.545   3.764
 90 347 21 15 30  -1.724  -3.320   0.080   3.764
 90 347 21 16 30  -1.764  -3.295  -0.071   3.745
 90 347 21 17 30  -1.808  -3.259  -0.309   3.742
 90 347 21 18 30  -1.741  -3.237  -0.580   3.724
 90 347 21 19 30  -1.957  -3.132  -0.445   3.750
 90 347 21 20 30  -2.137  -2.876  -1.330   3.829
 90 347 21 21 30  -2.156  -2.908  -1.347   3.864
 90 347 21 22 30  -2.080  -2.609  -1.621   3.774
 90 347 21 23 30  -1.990  -0.931  -2.533   3.366
 90 347 21 24 30  -2.116  -1.769  -2.100   3.510
 90 347 21 25 30  -1.906  -2.476  -1.701   3.567
 90 347 21 26 30  -1.962  -2.313  -1.923   3.596
 90 347 21 27 30  -2.083  -2.366  -1.623   3.555
 90 347 21 28 30  -2.191  -2.355  -1.454   3.537
 90 347 21 29 30  -1.974  -2.435  -1.760   3.612
 90 347 21 30 30  -2.173  -2.149  -1.806   3.576
 90 347 21 31 30  -2.080  -2.362  -1.733   3.599
 90 347 21 32 30  -2.121  -2.585  -1.272   3.595
 90 347 21 33 30  -2.008  -2.617  -1.439   3.608
 90 347 21 34 30  -2.001  -2.556  -1.536   3.597
 90 347 21 35 30  -2.057  -2.052  -2.124   3.629
 90 347 21 36 30  -2.218  -1.787  -2.199   3.611
 90 347 21 37 30  -1.688  -2.888  -0.383   3.701
 90 347 21 38 30  -1.064  -3.495   1.109   3.823
 90 347 21 39 30  -0.919  -3.470   1.291   3.817
 90 347 21 40 30  -0.693  -3.389   1.571   3.814
 90 347 21 41 30  -0.209  -3.300   1.882   3.853
 90 347 21 42 30  -1.162  -3.657   0.585   3.905
 90 347 21 43 30  -0.941  -3.554   1.277   3.912
 90 347 21 44 30   0.021  -2.913   2.530   3.930
 90 347 21 45 30   0.451  -2.858   2.605   3.932
 90 347 21 46 30   1.105  -1.640   3.504   4.037
 90 347 21 47 30   0.829  -1.856   3.200   3.883
 90 347 21 48 30   0.267  -2.260   3.089   3.878
 90 347 21 49 30   0.543  -2.451   2.920   3.855
 90 347 21 50 30   0.456  -2.413   2.984   3.871
 90 347 21 51 30   0.337  -2.586   2.801   3.833
 90 347 21 52 30   0.401  -2.689   2.635   3.790
 90 347 21 53 30  -0.136  -2.774   2.690   3.880
 90 347 21 54 30   0.553  -2.662   2.549   3.823
 90 347 21 55 30   1.194  -2.471   2.540   3.745
 90 347 21 56 30   1.363  -2.532   2.437   3.777
 90 347 21 57 30   1.138  -2.599   2.470   3.770
 90 347 21 58 30   1.206  -2.467   2.587   3.780
 90 347 21 59 30   1.485  -2.141   2.653   3.784
 90 347 22 00 30   1.112  -1.847   3.153   3.825
 90 347 22 01 30   1.287  -1.980   3.009   3.829
 90 347 22 02 30   1.488  -2.183   2.803   3.854
 90 347 22 03 30   1.577  -2.265   2.689   3.858
 90 347 22 04 30   1.693  -2.331   2.535   3.845
 90 347 22 05 30   1.752  -2.333   2.468   3.830
 90 347 22 06 30   1.794  -2.048   2.673   3.822
 90 347 22 07 30   1.636  -2.159   2.703   3.832
 90 347 22 08 30   1.679  -2.059   2.764   3.849
 90 347 22 09 30   1.683  -2.098   2.664   3.818
 90 347 22 10 30   1.514  -2.053   2.823   3.824
 90 347 22 11 30   0.652  -2.141   3.044   3.812
 90 347 22 12 30   1.029  -2.272   2.777   3.813
 90 347 22 13 30   1.636  -1.742   3.035   3.865
 90 347 22 14 30   1.476  -1.768   3.028   3.805
 90 347 22 15 30   1.424  -2.095   2.958   3.900
 90 347 22 16 30   1.143  -2.284   2.662   3.825
 90 347 22 17 30   0.960  -2.541   2.712   3.844
 90 347 22 18 30   1.018  -2.227   2.930   3.822
 90 347 22 19 30   0.914  -2.339   2.859   3.808
 90 347 22 20 30   1.010  -2.323   2.807   3.783
 90 347 22 21 30   0.841  -2.311   2.856   3.775
 90 347 22 22 30   0.902  -2.307   2.838   3.769
 90 347 22 23 30   0.902  -2.389   2.745   3.751
 90 347 22 24 30   0.793  -2.267   2.908   3.777
 90 347 22 25 30   0.897  -2.379   2.816   3.799
 90 347 22 26 30   0.938  -2.381   2.727   3.741
 90 347 22 27 30   0.807  -2.483   2.664   3.734
 90 347 22 28 30   0.592  -2.550   2.667   3.745
 90 347 22 29 30   0.575  -2.509   2.679   3.744
 90 347 22 30 30   0.774  -2.373   2.815   3.769
 90 347 22 31 30   0.712  -2.378   2.799   3.745
 90 347 22 32 30   0.830  -2.031   3.015   3.734
 90 347 22 33 30   1.079  -1.632   3.212   3.796
 90 347 22 34 30   1.358  -1.375   3.319   3.848
 90 347 22 35 30   0.601  -2.226   1.575   3.689
 90 347 22 36 30  -0.335  -3.613  -0.173   3.635
 90 347 22 37 30  -0.373  -3.651  -0.226   3.684
 90 347 22 38 30  -0.295  -3.557   0.815   3.693
 90 347 22 39 30  -0.162  -3.364   1.372   3.683
 90 347 22 40 30  -0.101  -3.377   1.526   3.719
 90 347 22 41 30  -0.086  -3.262   1.866   3.767
 90 347 22 42 30  -0.197  -3.301   1.783   3.759
 90 347 22 43 30   0.055  -3.343   1.668   3.741
 90 347 22 44 30  -0.025  -3.183   1.767   3.648
 90 347 22 45 30  -0.013  -3.082   1.905   3.630
 90 347 22 46 30  -0.048  -3.011   2.046   3.644
 90 347 22 47 30  -0.128  -2.821   2.240   3.609
 90 347 22 48 30  -0.119  -2.751   2.284   3.579
 90 347 22 49 30  -0.152  -2.627   2.345   3.527
 90 347 22 50 30  -0.188  -2.857   2.133   3.580
 90 347 22 51 30  -0.323  -3.061   1.872   3.606
 90 347 22 52 30  -0.321  -3.081   1.769   3.571
 90 347 22 53 30  -0.427  -2.791   1.969   3.456
 90 347 22 54 30  -0.407  -1.410   2.673   3.141
 90 347 22 55 30  -0.787  -1.422   2.754   3.258
 90 347 22 56 30  -0.891  -1.516   2.800   3.323
 90 347 22 57 30  -1.123  -0.748   3.084   3.380
 90 347 22 58 30  -0.990  -0.785   3.179   3.427
 90 347 22 59 30  -0.818  -0.985   3.033   3.317
 90 347 23 00 30  -1.244  -1.088   2.805   3.285
 90 347 23 01 30  -1.400  -1.306   2.519   3.191
 90 347 23 02 30  -1.521  -1.634   2.408   3.285
 90 347 23 03 30  -1.457  -1.754   2.455   3.365
 90 347 23 04 30  -1.239  -1.820   2.602   3.426
 90 347 23 05 30  -1.382  -2.164   2.295   3.446
 90 347 23 06 30  -1.611  -2.497   1.734   3.478
 90 347 23 07 30  -1.431  -2.866   1.492   3.536
 90 347 23 08 30  -1.257  -2.615   1.119   3.113
 90 347 23 09 30  -1.694  -1.933   1.661   3.096
 90 347 23 10 30  -1.980  -1.686   1.746   3.135
 90 347 23 11 30  -1.887  -1.864   1.709   3.164
 90 347 23 12 30  -0.409  -2.932   1.335   3.305
 90 347 23 13 30  -0.613  -2.898   1.414   3.357
 90 347 23 14 30  -2.225  -1.562   1.401   3.282
 90 347 23 15 30  -3.392  -0.351   1.108   3.603
 90 347 23 16 30  -3.529  -0.260   1.154   3.727
 90 347 23 17 30  -3.560  -0.503   1.125   3.772
 90 347 23 18 30  -3.686   0.001   0.689   3.755
 90 347 23 19 30  -3.726   0.217   0.553   3.776
 90 347 23 20 30  -3.707   0.425   0.103   3.736
 90 347 23 21 30  -3.728   0.524   0.093   3.767
 90 347 23 22 30  -3.707   0.744  -0.012   3.785
 90 347 23 23 30  -3.749   0.301   0.000   3.767
 90 347 23 24 30  -3.616  -0.222  -0.117   3.644
 90 347 23 25 30  -3.431  -0.936   0.048   3.571
 90 347 23 26 30  -3.363  -1.140  -0.005   3.558
 90 347 23 27 30  -3.060  -1.547   0.016   3.482
 90 347 23 28 30  -2.705  -2.305   0.348   3.573
 90 347 23 29 30  -2.539  -2.448   0.399   3.551
 90 347 23 30 30  -2.393  -2.543   0.283   3.506
 90 347 23 31 30  -2.276  -2.630   0.365   3.500
 90 347 23 32 30  -2.278  -2.581   0.354   3.462
 90 347 23 33 30  -2.382  -2.489   0.371   3.488
 90 347 23 34 30  -2.153  -2.633   0.459   3.460
 90 347 23 35 30  -2.211  -2.609   0.138   3.447
 90 347 23 36 30  -2.186  -2.654   0.444   3.486
 90 347 23 37 30  -2.069  -2.864   0.455   3.567
 90 347 23 38 30  -2.044  -2.712   0.463   3.442
 90 347 23 39 30  -2.576  -2.137  -0.202   3.389
 90 347 23 40 30  -2.504  -2.312   0.102   3.422
 90 347 23 41 30  -2.504  -2.269   0.034   3.390
 90 347 23 42 30  -2.141  -2.554   0.256   3.351
 90 347 23 43 30  -2.408  -2.269   0.171   3.325
 90 347 23 44 30  -2.417  -2.251   0.201   3.314
 90 347 23 45 30  -2.437  -2.187   0.342   3.297
 90 347 23 46 30  -2.229  -2.332   0.278   3.243
 90 347 23 47 30  -2.290  -2.340   0.089   3.281
 90 347 23 48 30  -2.411  -1.975   0.356   3.155
 90 347 23 49 30  -2.336  -2.033   0.527   3.163
 90 347 23 50 30  -2.031  -2.457   0.623   3.256
 90 347 23 51 30  -2.126  -2.235   0.891   3.238
 90 347 23 52 30  -2.116  -1.896   1.361   3.168
 90 347 23 53 30  -2.161  -2.450   0.666   3.350
 90 347 23 54 30  -2.066  -2.553   0.478   3.335
 90 347 23 55 30  -1.822  -2.701   0.387   3.362
 90 347 23 56 30  -2.179  -1.971   1.165   3.212
 90 347 23 57 30  -1.462  -2.843   0.419   3.269
 90 347 23 58 30  -2.555  -0.058   1.940   3.330
 90 347 23 59 30  -1.965  -2.158   1.273   3.239
