 0.0  0.0  1.  0.998352408
  0.00999999978  0.  0.913954556  0.927981675
  0.0199999996  0.  0.738097727  0.780217946
  0.0299999993  0.  0.575844824  0.639974833
  0.0399999991  0.  0.455104798  0.529078662
  0.049999997  0.  0.369919777  0.444589645
  0.0599999949  0.  0.308912754  0.379446924
  0.0699999928  0.  0.263776064  0.328294486
  0.0799999908  0.  0.229073346  0.287174314
  0.0899999887  0.  0.201484025  0.25354588
  0.0999999866  0.  0.178960085  0.225601345
  0.109999985  0.  0.160195053  0.20207724
  0.119999982  0.  0.144316018  0.182060331
  0.12999998  0.  0.130726203  0.164882958
  0.139999986  0.  0.118988514  0.150031358
  0.149999991  0.  0.108775944  0.137109458
  0.159999996  0.  0.0998381972  0.125806212
  0.170000002  0.  0.0919731259  0.115863241
  0.180000007  0.  0.0850225762  0.107082635
  0.190000013  0.  0.0788521394  0.099295184
  0.200000018  0.  0.073353529  0.0923591256
  0.210000023  0.  0.0684377626  0.0861618221
  0.220000029  0.  0.0640279055  0.0806051642
  0.230000034  0.  0.0600586832  0.0756050721
  0.240000039  0.  0.0564751215  0.0710917711
  0.25000003  0.  0.0532304049  0.0670065582
  0.26000002  0.  0.0502840132  0.0632981136
  0.270000011  0.  0.0476015471  0.059922263
  0.280000001  0.  0.0451529659  0.0568411686
  0.289999992  0.  0.0429121815  0.0540216938
  0.299999982  0.  0.0408563577  0.0514352061
 0.0  0.00999999978  1.  1.
  0.00999999978  0.00999999978  0.916998625  0.930533826
  0.0199999996  0.00999999978  0.736420751  0.778855264
  0.0299999993  0.00999999978  0.573042631  0.637626112
  0.0399999991  0.00999999978  0.452778578  0.526955783
  0.049999997  0.00999999978  0.368056476  0.442753553
  0.0599999949  0.00999999978  0.307524055  0.377937913
  0.0699999928  0.00999999978  0.262727886  0.327041596
  0.0799999908  0.00999999978  0.228269219  0.286205173
  0.0899999887  0.00999999978  0.200862363  0.252791166
  0.0999999866  0.00999999978  0.178478613  0.225005761
  0.109999985  0.00999999978  0.159822255  0.201612681
  0.119999982  0.00999999978  0.144036204  0.181710705
  0.12999998  0.00999999978  0.130517155  0.164617777
  0.139999986  0.00999999978  0.118839242  0.149843246
  0.149999991  0.00999999978  0.108670026  0.136972964
  0.159999996  0.00999999978  0.0997642428  0.125712961
  0.170000002  0.00999999978  0.0919242874  0.115800053
  0.180000007  0.00999999978  0.0849896818  0.107040718
  0.190000013  0.00999999978  0.0788283646  0.0992655456
  0.200000018  0.00999999978  0.0733344108  0.0923346207
  0.210000023  0.00999999978  0.0684192255  0.0861382335
  0.220000029  0.00999999978  0.0640068054  0.0805786252
  0.230000034  0.00999999978  0.0600332357  0.0755731016
  0.240000039  0.00999999978  0.0564444885  0.0710532144
  0.25000003  0.00999999978  0.053194847  0.0669618845
  0.26000002  0.00999999978  0.0502440333  0.0632479042
  0.270000011  0.00999999978  0.0475593358  0.0598691925
  0.280000001  0.00999999978  0.0451114029  0.0567888469
  0.289999992  0.00999999978  0.0428738594  0.0539737344
  0.299999982  0.00999999978  0.0408263206  0.0513979495
 0.0  0.0199999996  1.  1.
  0.00999999978  0.0199999996  0.92045784  0.933380365
  0.0199999996  0.0199999996  0.731928825  0.775626481
  0.0299999993  0.0199999996  0.567050159  0.633317769
  0.0399999991  0.0199999996  0.448176086  0.523516178
  0.049999997  0.0199999996  0.364978164  0.440236688
  0.0599999949  0.0199999996  0.305561513  0.376198411
  0.0699999928  0.0199999996  0.261431575  0.325785905
  0.0799999908  0.0199999996  0.227374569  0.285259783
  0.0899999887  0.0199999996  0.200217992  0.252059042
  0.0999999866  0.0199999996  0.177994937  0.224432394
  0.109999985  0.0199999996  0.159446537  0.201153681
  0.119999982  0.0199999996  0.143736035  0.1813353
  0.12999998  0.0199999996  0.130270749  0.164308801
  0.139999986  0.0199999996  0.118634127  0.149583846
  0.149999991  0.0199999996  0.108497143  0.136754379
  0.159999996  0.0199999996  0.0996161103  0.125525549
  0.170000002  0.0199999996  0.0917987302  0.115639217
  0.180000007  0.0199999996  0.0848803595  0.106902428
  0.190000013  0.0199999996  0.0787336007  0.0991453081
  0.200000018  0.0199999996  0.0732510984  0.0922308266
  0.210000023  0.0199999996  0.0683463216  0.0860468
  0.220000029  0.0199999996  0.0639431402  0.0804969743
  0.230000034  0.0199999996  0.059977103  0.0755020753
  0.240000039  0.0199999996  0.0563943014  0.0709900185
  0.25000003  0.0199999996  0.0531500056  0.0669054464
  0.26000002  0.0199999996  0.0502044074  0.0631977618
  0.270000011  0.0199999996  0.0475237966  0.059824273
  0.280000001  0.0199999996  0.0450790897  0.0567480102
  0.289999992  0.0199999996  0.0428452715  0.053937465
  0.299999982  0.0199999996  0.0408001244  0.0513653606
 0.0  0.0299999993  1.  1.
  0.00999999978  0.0299999993  0.916655898  0.929877281
  0.0199999996  0.0299999993  0.72068119  0.767167568
  0.0299999993  0.0299999993  0.556253254  0.625489473
  0.0399999991  0.0299999993  0.440540373  0.517771244
  0.049999997  0.0299999993  0.360036075  0.436199754
  0.0599999949  0.0299999993  0.30235523  0.373311579
  0.0699999928  0.0299999993  0.259304583  0.323698342
  0.0799999908  0.0299999993  0.225905448  0.283691704
  0.0899999887  0.0299999993  0.199157625  0.25085181
  0.0999999866  0.0299999993  0.177197888  0.223485023
  0.109999985  0.0299999993  0.15882729  0.20039466
  0.119999982  0.0299999993  0.143234745  0.180710614
  0.12999998  0.0299999993  0.129862756  0.163794577
  0.139999986  0.0299999993  0.11829254  0.149151593
  0.149999991  0.0299999993  0.10821005  0.136390805
  0.159999996  0.0299999993  0.099372685  0.125214651
  0.170000002  0.0299999993  0.0915892124  0.115373619
  0.180000007  0.0299999993  0.0846989602  0.106672272
  0.190000013  0.0299999993  0.0785758197  0.0989450738
  0.200000018  0.0299999993  0.0731152296  0.0920574144
  0.210000023  0.0299999993  0.0682262406  0.0858946443
  0.220000029  0.0299999993  0.063837029  0.0803614482
  0.230000034  0.0299999993  0.0598830469  0.0753832608
  0.240000039  0.0299999993  0.0563114174  0.0708851367
  0.25000003  0.0299999993  0.0530759878  0.0668120682
  0.26000002  0.0299999993  0.0501382463  0.0631144345
  0.270000011  0.0299999993  0.0474643707  0.0597494394
  0.280000001  0.0299999993  0.0450257696  0.0566808581
  0.289999992  0.0299999993  0.0427971371  0.05387678
  0.299999982  0.0299999993  0.0407567397  0.0513104275
 0.0  0.0399999991  1.  1.
  0.00999999978  0.0399999991  0.898739457  0.914004683
  0.0199999996  0.0399999991  0.6994133  0.750965118
  0.0299999993  0.0399999991  0.539859772  0.613467157
  0.0399999991  0.0399999991  0.429703802  0.509452045
  0.049999997  0.0399999991  0.353182435  0.430481225
  0.0599999949  0.0399999991  0.297983736  0.369319886
  0.0699999928  0.0399999991  0.256398469  0.320792437
  0.0799999908  0.0399999991  0.2238933  0.281512976
  0.0899999887  0.0399999991  0.197697267  0.24917607
  0.0999999866  0.0399999991  0.176093265  0.222164333
  0.109999985  0.0399999991  0.157963276  0.199335232
  0.119999982  0.0399999991  0.142543584  0.179847181
  0.12999998  0.0399999991  0.129296303  0.163081601
  0.139999986  0.0399999991  0.117817543  0.148547351
  0.149999991  0.0399999991  0.107809857  0.135883629
  0.159999996  0.0399999991  0.0990330651  0.12477906
  0.170000002  0.0399999991  0.0912951976  0.115002319
  0.180000007  0.0399999991  0.0844434947  0.106349714
  0.190000013  0.0399999991  0.0783546865  0.0986656845
  0.200000018  0.0399999991  0.0729241669  0.0918155313
  0.210000023  0.0399999991  0.0680591464  0.0856829286
  0.220000029  0.0399999991  0.0636892319  0.0801750198
  0.230000034  0.0399999991  0.0597521551  0.0752176791
  0.240000039  0.0399999991  0.0561948866  0.0707380101
  0.25000003  0.0399999991  0.0529727265  0.0666813925
  0.26000002  0.0399999991  0.0500455871  0.0629977584
  0.270000011  0.0399999991  0.0473815389  0.0596450418
  0.280000001  0.0399999991  0.0449511856  0.0565869734
  0.289999992  0.0399999991  0.0427299403  0.0537923165
  0.299999982  0.0399999991  0.0406961851  0.0512335747
 0.0  0.049999997  0.976932764  0.977653325
  0.00999999978  0.049999997  0.859376371  0.879685104
  0.0199999996  0.049999997  0.666208446  0.725968778
  0.0299999993  0.049999997  0.517743886  0.597181618
  0.0399999991  0.049999997  0.415957212  0.498724431
  0.049999997  0.049999997  0.344666839  0.423210084
  0.0599999949  0.049999997  0.292539895  0.364142507
  0.0699999928  0.049999997  0.252793074  0.317060113
  0.0799999908  0.049999997  0.221381009  0.278745502
  0.0899999887  0.049999997  0.195863888  0.247049347
  0.0999999866  0.049999997  0.17470336  0.220490798
  0.109999985  0.049999997  0.156868473  0.197985128
  0.119999982  0.049999997  0.141663581  0.178746283
  0.12999998  0.049999997  0.128571391  0.162166268
  0.139999986  0.049999997  0.117213324  0.147782415
  0.149999991  0.049999997  0.107301287  0.135237589
  0.159999996  0.049999997  0.0985977948  0.124227636
  0.170000002  0.049999997  0.0909204483  0.114527784
  0.180000007  0.049999997  0.0841213614  0.105941176
  0.190000013  0.049999997  0.078074649  0.0983107015
  0.200000018  0.049999997  0.0726780742  0.0915052965
  0.210000023  0.049999997  0.0678439662  0.0854110569
  0.220000029  0.049999997  0.0634994581  0.0799355805
  0.230000034  0.049999997  0.0595841818  0.0750052854
  0.240000039  0.049999997  0.0560460165  0.0705502853
  0.25000003  0.049999997  0.0528399684  0.0665139332
  0.26000002  0.049999997  0.0499271564  0.0628484488
  0.270000011  0.049999997  0.0472751819  0.0595112294
  0.280000001  0.049999997  0.044855617  0.0564666688
  0.289999992  0.049999997  0.0426436923  0.0536838099
  0.299999982  0.049999997  0.0406183414  0.0511355549
 0.0  0.0599999949  0.913890719  0.915273607
  0.00999999978  0.0599999949  0.795557678  0.826928258
  0.0199999996  0.0599999949  0.62133193  0.69306159
  0.0299999993  0.0599999949  0.490546107  0.576962948
  0.0399999991  0.0599999949  0.399638593  0.485644937
  0.049999997  0.0599999949  0.334729522  0.414453268
  0.0599999949  0.0599999949  0.286238641  0.358104587
  0.0699999928  0.0599999949  0.248577178  0.312674791
  0.0799999908  0.0599999949  0.2184183  0.27543509
  0.0899999887  0.0599999949  0.193685278  0.244492665
  0.0999999866  0.0599999949  0.17303583  0.218468964
  0.109999985  0.0599999949  0.155556932  0.196358383
  0.119999982  0.0599999949  0.140599579  0.177409649
  0.12999998  0.0599999949  0.127695039  0.161056295
  0.139999986  0.0599999949  0.11648415  0.146856934
  0.149999991  0.0599999949  0.106680304  0.134449363
  0.159999996  0.0599999949  0.0980685204  0.123556763
  0.170000002  0.0599999949  0.090468511  0.113953575
  0.180000007  0.0599999949  0.0837308466  0.105445102
  0.190000013  0.0599999949  0.0777350217  0.0978794843
  0.200000018  0.0599999949  0.0723794699  0.0911260471
  0.210000023  0.0599999949  0.0675816089  0.0850792825
  0.220000029  0.0599999949  0.0632685348  0.079645291
  0.230000034  0.0599999949  0.0593800619  0.0747473389
  0.240000039  0.0599999949  0.0558645278  0.0703216419
  0.25000003  0.0599999949  0.0526782647  0.0663104206
  0.26000002  0.0599999949  0.0497827381  0.062666364
  0.270000011  0.0599999949  0.0471458472  0.0593481064
  0.280000001  0.0599999949  0.0447392091  0.0563201569
  0.289999992  0.0599999949  0.0425385386  0.0535516739
  0.299999982  0.0599999949  0.0405234173  0.0510160476
 0.0  0.0699999928  0.822420299  0.825670898
  0.00999999978  0.0699999928  0.709844768  0.763827622
  0.0199999996  0.0699999928  0.56776005  0.654950559
  0.0299999993  0.0699999928  0.459863424  0.553787947
  0.0399999991  0.0699999928  0.381825179  0.470913291
  0.049999997  0.0699999928  0.32382673  0.404483855
  0.0599999949  0.0699999928  0.2792449  0.351123631
  0.0699999928  0.0699999928  0.243853003  0.30758208
  0.0799999908  0.0699999928  0.215063632  0.271613359
  0.0899999887  0.0699999928  0.191195235  0.241534844
  0.0999999866  0.0699999928  0.171118006  0.216121405
  0.109999985  0.0699999928  0.154036641  0.194464132
  0.119999982  0.0699999928  0.139367133  0.17585735
  0.12999998  0.0699999928  0.126676574  0.159767747
  0.139999986  0.0699999928  0.11562746  0.145769536
  0.149999991  0.0699999928  0.105957136  0.133525878
  0.159999996  0.0699999928  0.0974520668  0.122773245
  0.170000002  0.0699999928  0.0899355412  0.113276735
  0.180000007  0.0699999928  0.0832695886  0.104860581
  0.190000013  0.0699999928  0.0773337409  0.0973712802
  0.200000018  0.0699999928  0.0720282495  0.0906811953
  0.210000023  0.0699999928  0.067272678  0.0846873447
  0.220000029  0.0699999928  0.0629972517  0.079303503
  0.230000034  0.0699999928  0.0591402277  0.0744447038
  0.240000039  0.0699999928  0.0556516647  0.0700529367
  0.25000003  0.0699999928  0.0524883643  0.0660713762
  0.26000002  0.0699999928  0.0496130772  0.0624526814
  0.270000011  0.0699999928  0.0469936319  0.0591565706
  0.280000001  0.0699999928  0.0446023643  0.0561477616
  0.289999992  0.0699999928  0.0424151085  0.0533963963
  0.299999982  0.0699999928  0.0404115766  0.0508753732
 0.0  0.0799999908  0.683240712  0.743094623
  0.00999999978  0.0799999908  0.61099267  0.700336337
  0.0199999996  0.0799999908  0.510659575  0.614793599
  0.0299999993  0.0799999908  0.427771747  0.528692663
  0.0399999991  0.0799999908  0.363121122  0.454691678
  0.049999997  0.0799999908  0.312348157  0.393525988
  0.0599999949  0.0799999908  0.271777064  0.343404889
  0.0699999928  0.0799999908  0.238730997  0.301913142
  0.0799999908  0.0799999908  0.21137704  0.267322272
  0.0899999887  0.0799999908  0.188430429  0.238200158
  0.0999999866  0.0799999908  0.168968379  0.2134673
  0.109999985  0.0799999908  0.152319625  0.192311242
  0.119999982  0.0799999908  0.137965679  0.174086019
  0.12999998  0.0799999908  0.125513852  0.158289999
  0.139999986  0.0799999908  0.114652157  0.144528449
  0.149999991  0.0799999908  0.105130821  0.132476851
  0.159999996  0.0799999908  0.0967434794  0.121873237
  0.170000002  0.0799999908  0.0893274918  0.112503402
  0.180000007  0.0799999908  0.0827416554  0.104190722
  0.190000013  0.0799999908  0.0768734962  0.0967887491
  0.200000018  0.0799999908  0.0716286451  0.0901752561
  0.210000023  0.0799999908  0.0669210553  0.0842433795
  0.220000029  0.0799999908  0.0626868457  0.0789105296
  0.230000034  0.0799999908  0.0588653088  0.0740981847
  0.240000039  0.0799999908  0.0554077178  0.0697449222
  0.25000003  0.0799999908  0.0522710159  0.0657967627
  0.26000002  0.0799999908  0.049418509  0.0622074232
  0.270000011  0.0799999908  0.0468190424  0.05893673
  0.280000001  0.0799999908  0.0444453247  0.0559498742
  0.289999992  0.0799999908  0.0422733948  0.0532178208
  0.299999982  0.0799999908  0.0402832851  0.0507139564
 0.0  0.0899999887  0.547505379  0.672694862
  0.00999999978  0.0899999887  0.515489459  0.64190191
  0.0199999996  0.0899999887  0.456287056  0.575245261
  0.0299999993  0.0899999887  0.396787822  0.503021836
  0.0399999991  0.0899999887  0.344612688  0.437628537
  0.049999997  0.0899999887  0.300706804  0.381842136
  0.0599999949  0.0899999887  0.264037788  0.335029274
  0.0699999928  0.0899999887  0.233320922  0.295735568
  0.0799999908  0.0899999887  0.207417801  0.262613624
  0.0899999887  0.0899999887  0.185420781  0.234516367
  0.0999999866  0.0899999887  0.166610777  0.210529923
  0.109999985  0.0899999887  0.150422215  0.189920247
  0.119999982  0.0899999887  0.136410445  0.172112525
  0.12999998  0.0899999887  0.124225348  0.156651154
  0.139999986  0.0899999887  0.113567188  0.143147081
  0.149999991  0.0899999887  0.104205877  0.131301165
  0.159999996  0.0899999887  0.095953159  0.120866075
  0.170000002  0.0899999887  0.0886455476  0.111636162
  0.180000007  0.0899999887  0.0821521953  0.10344144
  0.190000013  0.0899999887  0.0763611346  0.0961372927
  0.200000018  0.0899999887  0.071178019  0.0896052495
  0.210000023  0.0899999887  0.0665260628  0.0837448463
  0.220000029  0.0899999887  0.0623376332  0.0784678906
  0.230000034  0.0899999887  0.0585560352  0.0737076253
  0.240000039  0.0899999887  0.0551327616  0.0693983138
  0.25000003  0.0899999887  0.052025646  0.0654880404
  0.26000002  0.0899999887  0.0491994731  0.0619313568
  0.270000011  0.0899999887  0.0466224626  0.0586891025
  0.280000001  0.0899999887  0.0442684218  0.0557272211
  0.289999992  0.0899999887  0.0421140119  0.053016752
  0.299999982  0.0899999887  0.0401386842  0.05053211
 0.0  0.0999999866  0.443481207  0.61293298
  0.00999999978  0.0999999866  0.438110679  0.590117276
  0.0199999996  0.0999999866  0.409644127  0.537851572
  0.0299999993  0.0999999866  0.368676066  0.477527678
  0.0399999991  0.0999999866  0.327083856  0.420206338
  0.049999997  0.0999999866  0.289261997  0.369634569
  0.0599999949  0.0999999866  0.256207585  0.326189756
  0.0699999928  0.0999999866  0.227715552  0.28912887
  0.0799999908  0.0999999866  0.203243554  0.257539362
  0.0899999887  0.0999999866  0.182201549  0.230522871
  0.0999999866  0.0999999866  0.164062247  0.207326084
  0.109999985  0.0999999866  0.148358107  0.187306389
  0.119999982  0.0999999866  0.13471359  0.169956475
  0.12999998  0.0999999866  0.122804485  0.154840916
  0.139999986  0.0999999866  0.112369135  0.141619831
  0.149999991  0.0999999866  0.103188574  0.130003288
  0.159999996  0.0999999866  0.0950811505  0.119758368
  0.170000002  0.0999999866  0.0878935307  0.110682264
  0.180000007  0.0999999866  0.0814972669  0.102612145
  0.190000013  0.0999999866  0.0757884309  0.0954131857
  0.200000018  0.0999999866  0.070678167  0.0889727324
  0.210000023  0.0999999866  0.066087231  0.0831898823
  0.220000029  0.0999999866  0.0619507357  0.0779805928
  0.230000034  0.0999999866  0.0582134649  0.0732751563
  0.240000039  0.0999999866  0.0548282675  0.069014214
  0.25000003  0.0999999866  0.0517542064  0.0651456788
  0.26000002  0.0999999866  0.0489564724  0.0616250858
  0.270000011  0.0999999866  0.0464043655  0.0584143549
  0.280000001  0.0999999866  0.0440720841  0.0554800257
  0.289999992  0.0999999866  0.0419363976  0.0527937114
  0.299999982  0.0999999866  0.0399782322  0.0503301919
 0.0  0.109999985  0.372971565  0.562019408
  0.00999999978  0.109999985  0.385196447  0.544803202
  0.0199999996  0.109999985  0.373109549  0.503369093
  0.0299999993  0.109999985  0.344501257  0.452920794
  0.0399999991  0.109999985  0.311012745  0.402834266
  0.049999997  0.109999985  0.27828002  0.357179731
  0.0599999949  0.109999985  0.248427629  0.317000568
  0.0699999928  0.109999985  0.221997768  0.28218019
  0.0799999908  0.109999985  0.198901504  0.25215286
  0.0899999887  0.109999985  0.178806871  0.226252332
  0.0999999866  0.109999985  0.161343515  0.203879565
  0.109999985  0.109999985  0.146143958  0.184487179
  0.119999982  0.109999985  0.132880956  0.167619035
  0.12999998  0.109999985  0.121268764  0.152883127
  0.139999986  0.109999985  0.111069791  0.139964908
  0.149999991  0.109999985  0.102081731  0.128595904
  0.159999996  0.109999985  0.0941288769  0.118547298
  0.170000002  0.109999985  0.0870701894  0.109637782
  0.180000007  0.109999985  0.080785729  0.101710148
  0.190000013  0.109999985  0.0751694813  0.0946292505
  0.200000018  0.109999985  0.0701351836  0.0882860944
  0.210000023  0.109999985  0.065608345  0.0825833082
  0.220000029  0.109999985  0.0615277663  0.0774463117
  0.230000034  0.109999985  0.0578384772  0.0728022754
  0.240000039  0.109999985  0.0544948056  0.0685936958
  0.25000003  0.109999985  0.0514566638  0.0647707134
  0.26000002  0.109999985  0.0486900173  0.0612895712
  0.270000011  0.109999985  0.0461651385  0.0581133142
  0.280000001  0.109999985  0.0438566282  0.0552090257
  0.289999992  0.109999985  0.0417422876  0.0525488853
  0.299999982  0.109999985  0.0398020446  0.0501084626
 0.0  0.119999982  0.350701094  0.518566132
  0.00999999978  0.119999982  0.35415259  0.505214214
  0.0199999996  0.119999982  0.346099794  0.471928686
  0.0299999993  0.119999982  0.324373811  0.429537266
  0.0399999991  0.119999982  0.296595097  0.385781825
  0.049999997  0.119999982  0.267903119  0.344623804
  0.0599999949  0.119999982  0.240793929  0.307589471
  0.0699999928  0.119999982  0.216231957  0.274968147
  0.0799999908  0.119999982  0.194430292  0.24649629
  0.0899999887  0.119999982  0.175261229  0.221741676
  0.0999999866  0.119999982  0.158478707  0.200220183
  0.109999985  0.119999982  0.143791109  0.18147853
  0.119999982  0.119999982  0.130922586  0.165114358
  0.12999998  0.119999982  0.119623415  0.150781453
  0.139999986  0.119999982  0.1096735  0.138183221
  0.149999991  0.119999982  0.100888006  0.127073497
  0.159999996  0.119999982  0.09310323  0.11724256
  0.170000002  0.119999982  0.0861849934  0.10851185
  0.180000007  0.119999982  0.0800151005  0.100732282
  0.190000013  0.119999982  0.0744946748  0.0937746167
  0.200000018  0.119999982  0.0695436746  0.0875372291
  0.210000023  0.119999982  0.0650892854  0.0819301531
  0.220000029  0.119999982  0.0610692725  0.0768669546
  0.230000034  0.119999982  0.0574321076  0.0722892284
  0.240000039  0.119999982  0.0541331805  0.068137899
  0.25000003  0.119999982  0.0511338785  0.064364031
  0.26000002  0.119999982  0.0484010093  0.0609255582
  0.270000011  0.119999982  0.0459056273  0.0577863902
  0.280000001  0.119999982  0.0436229147  0.0549146533
  0.289999992  0.119999982  0.0415306427  0.0522832163
  0.299999982  0.119999982  0.0396107286  0.0498676933
 0.0  0.12999998  0.338030398  0.481132388
  0.00999999978  0.12999998  0.335248381  0.47059834
  0.0199999996  0.12999998  0.326169699  0.443465054
  0.0299999993  0.12999998  0.307751  0.407590806
  0.0399999991  0.12999998  0.283763707  0.36924687
  0.049999997  0.12999998  0.258172333  0.33215633
  0.0599999949  0.12999998  0.233358309  0.298063844
  0.0699999928  0.12999998  0.210457727  0.267554313
  0.0799999908  0.12999998  0.189864203  0.240631849
  0.0899999887  0.12999998  0.171589836  0.217022941
  0.0999999866  0.12999998  0.155478969  0.196368426
  0.109999985  0.12999998  0.141308799  0.178293854
  0.119999982  0.12999998  0.128848612  0.162458315
  0.12999998  0.12999998  0.117873907  0.14854461
  0.139999986  0.12999998  0.108185828  0.136283249
  0.149999991  0.12999998  0.0996153876  0.125455528
  0.159999996  0.12999998  0.0920062363  0.11585021
  0.170000002  0.12999998  0.085237056  0.107310444
  0.180000007  0.12999998  0.079188183  0.0996846259
  0.190000013  0.12999998  0.0737762377  0.0928656757
  0.200000018  0.12999998  0.0689128935  0.0867411271
  0.210000023  0.12999998  0.0645327494  0.0812240243
  0.220000029  0.12999998  0.0605769455  0.0762465298
  0.230000034  0.12999998  0.0569954291  0.0717387795
  0.240000039  0.12999998  0.0537443236  0.0676478297
  0.25000003  0.12999998  0.050786756  0.0639267415
  0.26000002  0.12999998  0.0480900332  0.0605340153
  0.270000011  0.12999998  0.0456262082  0.0574345216
  0.280000001  0.12999998  0.0433710441  0.0545976013
  0.289999992  0.12999998  0.0413029492  0.0519967005
  0.299999982  0.12999998  0.0394044295  0.0496080965
 0.0  0.139999986  0.325148046  0.448736101
  0.00999999978  0.139999986  0.32092464  0.440187305
  0.0199999996  0.139999986  0.310665369  0.417744577
  0.0299999993  0.139999986  0.29379639  0.387114733
  0.0399999991  0.139999986  0.272292644  0.353363842
  0.049999997  0.139999986  0.249040574  0.319880426
  0.0599999949  0.139999986  0.226132885  0.288496256
  0.0699999928  0.139999986  0.204699963  0.260005802
  0.0799999908  0.139999986  0.185221106  0.234588042
  0.0899999887  0.139999986  0.167804763  0.212119401
  0.0999999866  0.139999986  0.152360946  0.192344308
  0.109999985  0.139999986  0.138712838  0.174955711
  0.119999982  0.139999986  0.126667604  0.159661949
  0.12999998  0.139999986  0.116027728  0.146183699
  0.139999986  0.139999986  0.106613353  0.134280324
  0.149999991  0.139999986  0.0982658863  0.123736084
  0.159999996  0.139999986  0.0908438787  0.114371829
  0.170000002  0.139999986  0.0842297524  0.106029779
  0.180000007  0.139999986  0.0783132538  0.0985772908
  0.190000013  0.139999986  0.0730079338  0.0918938071
  0.200000018  0.139999986  0.0682387426  0.0858875588
  0.210000023  0.139999986  0.063939184  0.0804773271
  0.220000029  0.139999986  0.0600521713  0.0755838677
  0.230000034  0.139999986  0.0565296076  0.0711512938
  0.240000039  0.139999986  0.0533299297  0.0671250671
  0.25000003  0.139999986  0.0504161641  0.0634596646
  0.26000002  0.139999986  0.0477577485  0.060115613
  0.270000011  0.139999986  0.0453275889  0.0570584461
  0.280000001  0.139999986  0.0431016833  0.0542587303
  0.289999992  0.139999986  0.0410595462  0.0516902134
  0.299999982  0.139999986  0.0391836166  0.0493302643
 0.0  0.149999991  0.312571049  0.420361072
  0.00999999978  0.149999991  0.308279872  0.413320124
  0.0199999996  0.149999991  0.297684252  0.394497395
  0.0299999993  0.149999991  0.281714797  0.368081331
  0.0399999991  0.149999991  0.261893749  0.338192344
  0.049999997  0.149999991  0.240429252  0.307873785
  0.0599999949  0.149999991  0.219097912  0.27897203
  0.0699999928  0.149999991  0.198963583  0.252380818
  0.0799999908  0.149999991  0.180526122  0.228415281
  0.0899999887  0.149999991  0.163931787  0.20707342
  0.0999999866  0.149999991  0.149139822  0.188174754
  0.109999985  0.149999991  0.136015519  0.171482176
  0.119999982  0.149999991  0.124390967  0.156740516
  0.12999998  0.149999991  0.114094913  0.143712372
  0.139999986  0.149999991  0.104965053  0.132176563
  0.149999991  0.149999991  0.0968484655  0.121933512
  0.159999996  0.149999991  0.0896198303  0.112818524
  0.170000002  0.149999991  0.0831666216  0.10468474
  0.180000007  0.149999991  0.0773879215  0.0974040776
  0.190000013  0.149999991  0.0721988231  0.0908704773
  0.200000018  0.149999991  0.0675276369  0.0849912241
  0.210000023  0.149999991  0.0633115768  0.0796828717
  0.220000029  0.149999991  0.059496507  0.0748831406
  0.230000034  0.149999991  0.0560362339  0.0705291331
  0.240000039  0.149999991  0.052889917  0.0665708333
  0.25000003  0.149999991  0.0500229001  0.0629643127
  0.26000002  0.149999991  0.0474051125  0.0596716106
  0.270000011  0.149999991  0.0450103544  0.0566592291
  0.280000001  0.149999991  0.0428154692  0.0538987182
  0.289999992  0.149999991  0.0408010297  0.0513644964
  0.299999982  0.149999991  0.0389489047  0.0490349829
 0.0  0.159999996  0.30055213  0.395243764
  0.00999999978  0.159999996  0.296501458  0.389445096
  0.0199999996  0.159999996  0.286142349  0.373433292
  0.0299999993  0.159999996  0.270883799  0.350403041
  0.0399999991  0.159999996  0.252288461  0.323745191
  0.049999997  0.159999996  0.232224673  0.29619208
  0.0599999949  0.159999996  0.212225884  0.269526601
  0.0699999928  0.159999996  0.193249598  0.244708836
  0.0799999908  0.159999996  0.175778493  0.222145885
  0.0899999887  0.159999996  0.159975588  0.201906323
  0.0999999866  0.159999996  0.145827025  0.183882058
  0.109999985  0.159999996  0.133226246  0.167887658
  0.119999982  0.159999996  0.122027449  0.153709456
  0.12999998  0.159999996  0.112082668  0.141140312
  0.139999986  0.159999996  0.103240065  0.129978448
  0.149999991  0.159999996  0.0953664705  0.120049231
  0.159999996  0.159999996  0.0883383229  0.111190632
  0.170000002  0.159999996  0.0820528865  0.103272326
  0.180000007  0.159999996  0.0764159262  0.0961742997
  0.190000013  0.159999996  0.0713481009  0.0897947177
  0.200000018  0.159999996  0.0667792931  0.0840439051
  0.210000023  0.159999996  0.0626510009  0.0788503885
  0.220000029  0.159999996  0.0589113235  0.0741450787
  0.230000034  0.159999996  0.0555160716  0.0698733404
  0.240000039  0.159999996  0.0524258949  0.0659865066
  0.25000003  0.159999996  0.0496079475  0.0624420196
  0.26000002  0.159999996  0.0470329337  0.0592028499
  0.270000011  0.159999996  0.04467538  0.0562376678
  0.280000001  0.159999996  0.0425130948  0.0535182282
  0.289999992  0.159999996  0.0405272841  0.0510202758
  0.299999982  0.159999996  0.038700562  0.0487225577
 0.0  0.170000002  0.289027154  0.373014808
  0.00999999978  0.170000002  0.285381496  0.36810559
  0.0199999996  0.170000002  0.275494099  0.354296684
  0.0299999993  0.170000002  0.260873914  0.3339746
  0.0399999991  0.170000002  0.243240625  0.3100034
  0.049999997  0.170000002  0.224324703  0.284847081
  0.0599999949  0.170000002  0.205478057  0.26019758
  0.0699999928  0.170000002  0.187549502  0.237037137
  0.0799999908  0.170000002  0.170986295  0.215807766
  0.0899999887  0.170000002  0.155947417  0.196640924
  0.0999999866  0.170000002  0.142432839  0.179483131
  0.109999985  0.170000002  0.130352825  0.164186805
  0.119999982  0.170000002  0.119589478  0.150583953
  0.12999998  0.170000002  0.109999366  0.138479173
  0.139999986  0.170000002  0.101450101  0.12769872
  0.149999991  0.170000002  0.0938233212  0.11808759
  0.159999996  0.170000002  0.0870043263  0.109495938
  0.170000002  0.170000002  0.0808918104  0.101802051
  0.180000007  0.170000002  0.075399965  0.0948908329
  0.190000013  0.170000002  0.0704580173  0.0886700302
  0.200000018  0.170000002  0.0659962818  0.0830545947
  0.210000023  0.170000002  0.0619593635  0.0779774636
  0.220000029  0.170000002  0.0582983308  0.0733720437
  0.230000034  0.170000002  0.0549707673  0.0691863522
  0.240000039  0.170000002  0.0519394316  0.065373674
  0.25000003  0.170000002  0.0491725542  0.0618935302
  0.26000002  0.170000002  0.0466418043  0.0587107688
  0.270000011  0.170000002  0.0443232656  0.055794403
  0.280000001  0.170000002  0.0421954952  0.0531180389
  0.289999992  0.170000002  0.0402394459  0.050657969
  0.299999982  0.170000002  0.0384391844  0.0483937114
 0.0  0.180000007  0.278116226  0.353189319
  0.00999999978  0.180000007  0.274856627  0.34892866
  0.0199999996  0.180000007  0.265452683  0.336832166
  0.0299999993  0.180000007  0.251396686  0.318668008
  0.0399999991  0.180000007  0.234559223  0.296921939
  0.049999997  0.180000007  0.216627479  0.273841649
  0.0599999949  0.180000007  0.198810086  0.251012743
  0.0699999928  0.180000007  0.181858331  0.229385585
  0.0799999908  0.180000007  0.166155249  0.209426343
  0.0899999887  0.180000007  0.151858181  0.19130376
  0.0999999866  0.180000007  0.138964593  0.174994469
  0.109999985  0.180000007  0.127408534  0.160399497
  0.119999982  0.180000007  0.117076948  0.147365317
  0.12999998  0.180000007  0.107851371  0.135738492
  0.139999986  0.180000007  0.0996040776  0.12534833
  0.149999991  0.180000007  0.0922287852  0.116060786
  0.159999996  0.180000007  0.0856199265  0.10774447
  0.170000002  0.180000007  0.0796871409  0.100275651
  0.180000007  0.180000007  0.0743464231  0.0935578346
  0.190000013  0.180000007  0.0695327595  0.0875009894
  0.200000018  0.180000007  0.0651813671  0.082028687
  0.210000023  0.180000007  0.0612387434  0.077068463
  0.220000029  0.180000007  0.0576591492  0.07256639
  0.230000034  0.180000007  0.0544018708  0.0684695765
  0.240000039  0.180000007  0.0514312759  0.0647337586
  0.25000003  0.180000007  0.0487173907  0.0613205582
  0.26000002  0.180000007  0.0462331176  0.0581961349
  0.270000011  0.180000007  0.0439549163  0.0553308949
  0.280000001  0.180000007  0.0418624952  0.0526992306
  0.289999992  0.180000007  0.0399378911  0.0502786636
  0.299999982  0.180000007  0.0381652489  0.0480493456
 0.0  0.190000013  0.267880917  0.335256636
  0.00999999978  0.190000013  0.264892638  0.331606269
  0.0199999996  0.190000013  0.255851328  0.32082051
  0.0299999993  0.190000013  0.242243648  0.30434826
  0.0399999991  0.190000013  0.226100296  0.284442484
  0.049999997  0.190000013  0.209053442  0.263157189
  0.0599999949  0.190000013  0.19218801  0.241965085
  0.0699999928  0.190000013  0.176156282  0.221768305
  0.0799999908  0.190000013  0.16129002  0.203025028
  0.0899999887  0.190000013  0.147717461  0.185915768
  0.0999999866  0.190000013  0.135442406  0.17044723
  0.109999985  0.190000013  0.124405257  0.156545192
  0.119999982  0.190000013  0.114509508  0.14408499
  0.12999998  0.190000013  0.105644241  0.132927015
  0.139999986  0.190000013  0.0977043957  0.122933328
  0.149999991  0.190000013  0.09058474  0.113976464
  0.159999996  0.190000013  0.0841908455  0.105933912
  0.170000002  0.190000013  0.0784420073  0.0987025574
  0.180000007  0.190000013  0.0732565224  0.0921808481
  0.190000013  0.190000013  0.0685751066  0.0862909108
  0.200000018  0.190000013  0.0643365681  0.0809625164
  0.210000023  0.190000013  0.0604912974  0.0761261955
  0.220000029  0.190000013  0.0569953993  0.0717299506
  0.230000034  0.190000013  0.05381063  0.0677245706
  0.240000039  0.190000013  0.0509028994  0.0640685111
  0.25000003  0.190000013  0.0482437387  0.060724318
  0.26000002  0.190000013  0.0458073579  0.057660196
  0.270000011  0.190000013  0.0435710102  0.0548478067
  0.280000001  0.190000013  0.0415153727  0.052262675
  0.289999992  0.190000013  0.0396232232  0.0498830602
  0.299999982  0.190000013  0.0378792733  0.0476896353
 0.0  0.200000018  0.25836134  0.319060534
  0.00999999978  0.200000018  0.255433142  0.315879405
  0.0199999996  0.200000018  0.246553838  0.306052029
  0.0299999993  0.200000018  0.233268619  0.290882796
  0.0399999991  0.200000018  0.217748463  0.272489041
  0.049999997  0.200000018  0.201537177  0.252768695
  0.0599999949  0.200000018  0.185588628  0.233068809
  0.0699999928  0.200000018  0.170448184  0.214208469
  0.0799999908  0.200000018  0.156393424  0.196622133
  0.0899999887  0.200000018  0.143531799  0.180494279
  0.0999999866  0.200000018  0.131868422  0.165848106
  0.109999985  0.200000018  0.121348441  0.15263088
  0.119999982  0.200000018  0.11188668  0.140737087
  0.12999998  0.200000018  0.103389874  0.130056322
  0.139999986  0.200000018  0.0957572684  0.120462373
  0.149999991  0.200000018  0.0888973475  0.111839615
  0.159999996  0.200000018  0.0827255845  0.104077891
  0.170000002  0.200000018  0.077159971  0.0970811397
  0.180000007  0.200000018  0.0721345171  0.0907629877
  0.190000013  0.200000018  0.0675876066  0.0850439817
  0.200000018  0.200000018  0.0634646118  0.0798626319
  0.210000023  0.200000018  0.059718959  0.0751528814
  0.220000029  0.200000018  0.056309022  0.0708652213
  0.230000034  0.200000018  0.0531983934  0.0669539422
  0.240000039  0.200000018  0.0503555685  0.0633794069
  0.25000003  0.200000018  0.0477526933  0.0601062179
  0.26000002  0.200000018  0.0453654006  0.0571043044
  0.270000011  0.200000018  0.0431723297  0.0543464571
  0.280000001  0.200000018  0.0411549173  0.0518090539
  0.289999992  0.200000018  0.0392962135  0.0494715199
  0.299999982  0.200000018  0.0375819169  0.0473155119
 0.0  0.210000023  0.249234363  0.304486483
  0.00999999978  0.210000023  0.246405348  0.301515579
  0.0199999996  0.210000023  0.237404644  0.292329013
  0.0299999993  0.210000023  0.224330634  0.278125167
  0.0399999991  0.210000023  0.209414065  0.260980844
  0.049999997  0.210000023  0.194036216  0.242645845
  0.0599999949  0.210000023  0.178992003  0.224317759
  0.0699999928  0.210000023  0.16472663  0.20671396
  0.0799999908  0.210000023  0.151472077  0.190233618
  0.0899999887  0.210000023  0.139312238  0.175054371
  0.0999999866  0.210000023  0.128253862  0.161213368
  0.109999985  0.210000023  0.118249565  0.148673654
  0.119999982  0.210000023  0.109225474  0.137351438
  0.12999998  0.210000023  0.101094075  0.127142742
  0.139999986  0.210000023  0.0937716886  0.117945656
  0.149999991  0.210000023  0.0871747732  0.109659299
  0.159999996  0.210000023  0.0812222958  0.102179885
  0.170000002  0.210000023  0.075846374  0.0954229683
  0.180000007  0.210000023  0.0709827468  0.0893099308
  0.190000013  0.210000023  0.066572845  0.0837664455
  0.200000018  0.210000023  0.0625678822  0.078732349
  0.210000023  0.210000023  0.0589238182  0.0741508529
  0.220000029  0.210000023  0.0556015223  0.0699741393
  0.230000034  0.210000023  0.0525669456  0.0661591068
  0.240000039  0.210000023  0.0497903898  0.0626679659
  0.25000003  0.210000023  0.0472453684  0.0594677925
  0.26000002  0.210000023  0.0449086204  0.0565293953
  0.270000011  0.210000023  0.042760063  0.0538275093
  0.280000001  0.210000023  0.0407815874  0.05133944
  0.289999992  0.210000023  0.0389573872  0.0490453318
  0.299999982  0.210000023  0.0372735821  0.0469277576
 0.0  0.220000029  0.240711495  0.291062951
  0.00999999978  0.220000029  0.237652183  0.288311154
  0.0199999996  0.220000029  0.228193507  0.279431462
  0.0299999993  0.220000029  0.215295568  0.26591301
  0.0399999991  0.220000029  0.201032415  0.249832451
  0.049999997  0.220000029  0.186518431  0.232758224
  0.0599999949  0.220000029  0.172387928  0.215699673
  0.0699999928  0.220000029  0.158994853  0.199288294
  0.0799999908  0.220000029  0.146532491  0.183873639
  0.0899999887  0.220000029  0.135068104  0.169613719
  0.0999999866  0.220000029  0.124611452  0.156561971
  0.109999985  0.220000029  0.115119338  0.144687742
  0.119999982  0.220000029  0.10652785  0.133923814
  0.12999998  0.220000029  0.0987650082  0.124190703
  0.139999986  0.220000029  0.0917548537  0.11539273
  0.149999991  0.220000029  0.085420996  0.107441097
  0.159999996  0.220000029  0.0796930641  0.100247189
  0.170000002  0.220000029  0.0745069236  0.0937329233
  0.180000007  0.220000029  0.0698041916  0.0878247768
  0.190000013  0.220000029  0.0655337125  0.0824562833
  0.200000018  0.220000029  0.0616485476  0.0775739998
  0.210000023  0.220000029  0.0581076331  0.0731230751
  0.220000029  0.220000029  0.0548748225  0.0690592155
  0.230000034  0.220000029  0.0519178174  0.065342024
  0.240000039  0.220000029  0.0492087789  0.0619360879
  0.25000003  0.220000029  0.0467226803  0.0588102303
  0.26000002  0.220000029  0.0444377773  0.0559371226
  0.270000011  0.220000029  0.0423345938  0.0532925427
  0.280000001  0.220000029  0.0403961241  0.0508547649
  0.289999992  0.220000029  0.0386073776  0.0486050211
  0.299999982  0.220000029  0.0369548537  0.0465268567
 0.0  0.230000034  0.232715279  0.278886557
  0.00999999978  0.230000034  0.228811413  0.276050985
  0.0199999996  0.230000034  0.218654931  0.267124414
  0.0299999993  0.230000034  0.206062138  0.25409326
  0.0399999991  0.230000034  0.192567021  0.238972217
  0.049999997  0.230000034  0.178977847  0.223068893
  0.0599999949  0.230000034  0.165782958  0.207223594
  0.0699999928  0.230000034  0.153266937  0.191951007
  0.0799999908  0.230000034  0.141587734  0.177555531
  0.0899999887  0.230000034  0.130816817  0.164195061
  0.0999999866  0.230000034  0.12095394  0.151910529
  0.109999985  0.230000034  0.111967206  0.140685827
  0.119999982  0.230000034  0.103807472  0.130475283
  0.12999998  0.230000034  0.0964117721  0.12120977
  0.139999986  0.230000034  0.0897122771  0.112810537
  0.149999991  0.230000034  0.0836405754  0.105192974
  0.159999996  0.230000034  0.078136079  0.0982835442
  0.170000002  0.230000034  0.0731414706  0.0920078829
  0.180000007  0.230000034  0.0686036274  0.0863103718
  0.190000013  0.230000034  0.0644734576  0.0811206996
  0.200000018  0.230000034  0.0607092381  0.0763909221
  0.210000023  0.230000034  0.0572728813  0.0720721111
  0.220000029  0.230000034  0.0541304685  0.0681225136
  0.230000034  0.230000034  0.0512524545  0.0645047724
  0.240000039  0.230000034  0.0486120954  0.0611853749
  0.25000003  0.230000034  0.0461861491  0.0581351742
  0.26000002  0.230000034  0.0439538658  0.0553284585
  0.270000011  0.230000034  0.0418968163  0.0527422316
  0.280000001  0.230000034  0.0399994105  0.0503558852
  0.289999992  0.230000034  0.0382467806  0.0481516682
  0.299999982  0.230000034  0.0366263613  0.0461137593
 0.0  0.240000039  0.225259572  0.267521381
  0.00999999978  0.240000039  0.219036847  0.264434457
  0.0199999996  0.240000039  0.208524317  0.255116343
  0.0299999993  0.240000039  0.196570709  0.242509484
  0.0399999991  0.240000039  0.184016019  0.228325754
  0.049999997  0.240000039  0.171423435  0.213561118
  0.0599999949  0.240000039  0.15919134  0.198877156
  0.0699999928  0.240000039  0.147551566  0.184702709
  0.0799999908  0.240000039  0.136656955  0.171299711
  0.0899999887  0.240000039  0.126566261  0.158805475
  0.0999999866  0.240000039  0.117287591  0.147265494
  0.109999985  0.240000039  0.108804382  0.13668263
  0.119999982  0.240000039  0.101072624  0.127019435
  0.12999998  0.240000039  0.0940410495  0.118216053
  0.139999986  0.240000039  0.0876471028  0.110203803
  0.149999991  0.240000039  0.0818406492  0.102921322
  0.159999996  0.240000039  0.0765600726  0.0962937474
  0.170000002  0.240000039  0.0717576221  0.0902660266
  0.180000007  0.240000039  0.0673834234  0.0847718492
  0.190000013  0.240000039  0.0633946732  0.0797625482
  0.200000018  0.240000039  0.0597525351  0.0751863495
  0.210000023  0.240000039  0.0564217456  0.0710006878
  0.220000029  0.240000039  0.0533707291  0.0671664178
  0.230000034  0.240000039  0.0505724847  0.0636490583
  0.240000039  0.240000039  0.0480017178  0.0604172871
  0.25000003  0.240000039  0.0456366912  0.0574439168
  0.26000002  0.240000039  0.0434578545  0.0547046587
  0.270000011  0.240000039  0.0414479822  0.0521778613
  0.280000001  0.240000039  0.0395922586  0.0498436652
  0.289999992  0.240000039  0.0378764048  0.0476860777
  0.299999982  0.240000039  0.0362886153  0.0456891172
 0.0  0.25000003  0.213058546  0.257339567
  0.00999999978  0.25000003  0.207275599  0.252902925
  0.0199999996  0.25000003  0.197713867  0.24308607
  0.0299999993  0.25000003  0.186855346  0.231038839
  0.0399999991  0.25000003  0.175412774  0.21784462
  0.049999997  0.25000003  0.163890317  0.20422107
  0.0599999949  0.25000003  0.152633488  0.190675959
  0.0699999928  0.25000003  0.141876757  0.17756559
  0.0799999908  0.25000003  0.13175416  0.165118977
  0.0899999887  0.25000003  0.122331679  0.153459787
  0.0999999866  0.25000003  0.113632709  0.142650843
  0.109999985  0.25000003  0.105641961  0.132691607
  0.119999982  0.25000003  0.0983337834  0.123561971
  0.12999998  0.25000003  0.0916587263  0.115208603
  0.139999986  0.25000003  0.0855730772  0.107585825
  0.149999991  0.25000003  0.080026105  0.100633681
  0.159999996  0.25000003  0.0749687552  0.0942896456
  0.170000002  0.25000003  0.0703572333  0.0885013193
  0.180000007  0.25000003  0.0661477745  0.0832166597
  0.190000013  0.25000003  0.0623004586  0.0783849061
  0.200000018  0.25000003  0.05878051  0.0739629045
  0.210000023  0.25000003  0.0555556379  0.069911167
  0.220000029  0.25000003  0.0525971651  0.0661931336
  0.230000034  0.25000003  0.0498792231  0.0627768189
  0.240000039  0.25000003  0.0473787375  0.0596338734
  0.25000003  0.25000003  0.045075424  0.0567382202
  0.26000002  0.25000003  0.0429510027  0.0540669858
  0.270000011  0.25000003  0.0409890562  0.0516001359
  0.280000001  0.25000003  0.0391753316  0.0493192747
  0.289999992  0.25000003  0.0374967828  0.0472086817
  0.299999982  0.25000003  0.0359423161  0.0452536009
 0.0  0.26000002  0.1969852  0.247277752
  0.00999999978  0.26000002  0.194034338  0.240422234
  0.0199999996  0.26000002  0.186454028  0.230785906
  0.0299999993  0.26000002  0.177030966  0.21961306
  0.0399999991  0.26000002  0.166829392  0.207525104
  0.049999997  0.26000002  0.156415179  0.195057407
  0.0599999949  0.26000002  0.146147937  0.182629198
  0.0699999928  0.26000002  0.136261523  0.170550495
  0.0799999908  0.26000002  0.12689738  0.159026936
  0.0899999887  0.26000002  0.118132405  0.148181573
  0.0999999866  0.26000002  0.109997779  0.138076738
  0.109999985  0.26000002  0.10249237  0.128724754
  0.119999982  0.26000002  0.0955944806  0.120111987
  0.12999998  0.26000002  0.0892747045  0.112207994
  0.139999986  0.26000002  0.0834887326  0.104963049
  0.149999991  0.26000002  0.0782010034  0.0983346477
  0.159999996  0.26000002  0.0733666942  0.0922728404
  0.170000002  0.26000002  0.0689449161  0.0867247805
  0.180000007  0.26000002  0.0648990124  0.081645146
  0.190000013  0.26000002  0.0611933284  0.0769918263
  0.200000018  0.26000002  0.0577960499  0.0727242976
  0.210000023  0.26000002  0.0546777695  0.0688062161
  0.220000029  0.26000002  0.0518114455  0.0652047694
  0.230000034  0.26000002  0.0491743945  0.0618904233
  0.240000039  0.26000002  0.046744708  0.0588363968
  0.25000003  0.26000002  0.0445036329  0.0560188815
  0.26000002  0.26000002  0.0424340144  0.0534166209
  0.270000011  0.26000002  0.0405202433  0.0510106608
  0.280000001  0.26000002  0.0387492999  0.0487837233
  0.289999992  0.26000002  0.0371087864  0.0467207171
  0.299999982  0.26000002  0.0355879664  0.044807978
 0.0  0.270000011  0.18266505  0.230293483
  0.00999999978  0.270000011  0.180872574  0.226417363
  0.0199999996  0.270000011  0.175185382  0.2181997
  0.0299999993  0.270000011  0.167289406  0.208267063
  0.0399999991  0.270000011  0.158364147  0.197387427
  0.049999997  0.270000011  0.149058849  0.186086625
  0.0599999949  0.270000011  0.139764711  0.174753219
  0.0699999928  0.270000011  0.130729333  0.163672
  0.0799999908  0.270000011  0.122103438  0.153038502
  0.0899999887  0.270000011  0.113977663  0.142976508
  0.0999999866  0.270000011  0.10639444  0.133551329
  0.109999985  0.270000011  0.0993595421  0.124789
  0.119999982  0.270000011  0.0928667933  0.116682023
  0.12999998  0.270000011  0.0868944004  0.109212548
  0.139999986  0.270000011  0.0814068317  0.102345534
  0.149999991  0.270000011  0.0763733909  0.0960357487
  0.159999996  0.270000011  0.0717572421  0.0902484655
  0.170000002  0.270000011  0.0675243363  0.0849373043
  0.180000007  0.270000011  0.0636410043  0.0800627396
  0.190000013  0.270000011  0.0600761846  0.0755864978
  0.200000018  0.270000011  0.0568008609  0.0714727789
  0.210000023  0.270000011  0.0537886694  0.0676884651
  0.220000029  0.270000011  0.0510154665  0.0642037541
  0.230000034  0.270000011  0.0484594256  0.0609914511
  0.240000039  0.270000011  0.046100907  0.0580268614
  0.25000003  0.270000011  0.0439222455  0.0552880615
  0.26000002  0.270000011  0.0419073068  0.0527553298
  0.270000011  0.270000011  0.0400428064  0.0504103899
  0.280000001  0.270000011  0.0383150503  0.0482377633
  0.289999992  0.270000011  0.0367128365  0.0462228432
  0.299999982  0.270000011  0.0352262408  0.0443531536
 0.0  0.280000001  0.169849664  0.214137822
  0.00999999978  0.280000001  0.168600097  0.211956576
  0.0199999996  0.280000001  0.164311409  0.205601573
  0.0299999993  0.280000001  0.157808125  0.197097301
  0.0399999991  0.280000001  0.150112256  0.187485859
  0.049999997  0.280000001  0.141879663  0.177346155
  0.0599999949  0.280000001  0.133524075  0.167074859
  0.0699999928  0.280000001  0.125306398  0.156951547
  0.0799999908  0.280000001  0.117394403  0.147172168
  0.0899999887  0.280000001  0.109884813  0.137860611
  0.0999999866  0.280000001  0.102834046  0.129092336
  0.109999985  0.280000001  0.0962595865  0.120897517
  0.119999982  0.280000001  0.0901616961  0.113284051
  0.12999998  0.280000001  0.084525317  0.106238082
  0.139999986  0.280000001  0.0793297812  0.099732995
  0.149999991  0.280000001  0.0745463073  0.0937391743
  0.159999996  0.280000001  0.0701457039  0.0882220343
  0.170000002  0.280000001  0.0660989136  0.0831451267
  0.180000007  0.280000001  0.0623767599  0.0784730464
  0.190000013  0.280000001  0.0589514449  0.0741726011
  0.200000018  0.280000001  0.0557979718  0.0702113509
  0.210000023  0.280000001  0.0528914407  0.0665602759
  0.220000029  0.280000001  0.050210759  0.063191846
  0.230000034  0.280000001  0.0477356538  0.0600816347
  0.240000039  0.280000001  0.0454485342  0.0572066158
  0.25000003  0.280000001  0.0433324389  0.0545467548
  0.26000002  0.280000001  0.0413734429  0.0520834476
  0.270000011  0.280000001  0.0395575315  0.0498003587
  0.280000001  0.280000001  0.0378732756  0.0476823077
  0.289999992  0.280000001  0.0363097638  0.0457160473
  0.299999982  0.280000001  0.0348575003  0.0438895896
 0.0  0.289999992  0.158337876  0.199624538
  0.00999999978  0.289999992  0.157388762  0.198174521
  0.0199999996  0.289999992  0.154071346  0.193356037
  0.0299999993  0.289999992  0.148738474  0.186252162
  0.0399999991  0.289999992  0.142153561  0.177883059
  0.049999997  0.289999992  0.134924203  0.168868184
  0.0599999949  0.289999992  0.127455816  0.159615055
  0.0699999928  0.289999992  0.120018505  0.150407583
  0.0799999908  0.289999992  0.112786531  0.14144136
  0.0899999887  0.289999992  0.105871826  0.132853389
  0.0999999866  0.289999992  0.0993311554  0.124711752
  0.109999985  0.289999992  0.093198128  0.117064536
  0.119999982  0.289999992  0.0874829963  0.109924003
  0.12999998  0.289999992  0.0821754932  0.103287697
  0.139999986  0.289999992  0.077263549  0.0971369892
  0.149999991  0.289999992  0.0727249235  0.0914511904
  0.159999996  0.289999992  0.0685361922  0.0861991495
  0.170000002  0.289999992  0.0646724924  0.0813520327
  0.180000007  0.289999992  0.0611091927  0.0768797547
  0.190000013  0.289999992  0.0578220189  0.0727527887
  0.200000018  0.289999992  0.0547893494  0.0689429417
  0.210000023  0.289999992  0.051987581  0.0654240847
  0.220000029  0.289999992  0.0493990481  0.0621715114
  0.230000034  0.289999992  0.0470049083  0.0591627173
  0.240000039  0.289999992  0.0447887816  0.0563772097
  0.25000003  0.289999992  0.0427357405  0.0537963398
  0.26000002  0.289999992  0.0408320576  0.0514028072
  0.270000011  0.289999992  0.0390653461  0.0491815507
  0.280000001  0.289999992  0.037424732  0.0471185781
  0.289999992  0.289999992  0.0359002426  0.0452011302
  0.299999982  0.289999992  0.0344825909  0.04341821
 0.0  0.299999982  0.147958115  0.186537758
  0.00999999978  0.299999982  0.147199169  0.185463667
  0.0199999996  0.299999982  0.144563213  0.181742758
  0.0299999993  0.299999982  0.140171677  0.175868154
  0.0399999991  0.299999982  0.134559825  0.168652579
  0.049999997  0.299999982  0.128239721  0.160694748
  0.0599999949  0.299999982  0.1215927  0.152400911
  0.0699999928  0.299999982  0.114886254  0.144059032
  0.0799999908  0.299999982  0.108297214  0.135864303
  0.0899999887  0.299999982  0.101944074  0.127958179
  0.0999999866  0.299999982  0.095894672  0.120419323
  0.109999985  0.299999982  0.0901867524  0.113296494
  0.119999982  0.299999982  0.0848386288  0.106610507
  0.12999998  0.299999982  0.0798502564  0.100371391
  0.139999986  0.299999982  0.075213477  0.0945656076
  0.149999991  0.299999982  0.0709137842  0.0891774297
  0.159999996  0.299999982  0.0669320151  0.084184505
  0.170000002  0.299999982  0.063248083  0.079562813
  0.180000007  0.299999982  0.0598409474  0.0752865523
  0.190000013  0.299999982  0.056690447  0.071330741
  0.200000018  0.299999982  0.0537759513  0.0676702932
  0.210000023  0.299999982  0.051079005  0.0642822832
  0.220000029  0.299999982  0.0485818684  0.0611445755
  0.230000034  0.299999982  0.0462682657  0.0582368895
  0.240000039  0.299999982  0.0441230834  0.0555405393
  0.25000003  0.299999982  0.0421323515  0.0530384481
  0.26000002  0.299999982  0.0402844846  0.0507145375
  0.270000011  0.299999982  0.0385671109  0.0485550314
  0.280000001  0.299999982  0.0369702131  0.0465469956
  0.289999992  0.299999982  0.0354847498  0.0446787402
  0.299999982  0.299999982  0.0341019034  0.0429397225
