 91 107 00 00 30   0.507  -0.105   0.869   1.014
 91 107 00 01 30   0.522  -0.088   0.831   0.986
 91 107 00 02 30   0.514  -0.114   0.817   0.973
 91 107 00 03 30   0.513  -0.257   0.853   1.029
 91 107 00 04 30   0.527  -0.254   0.866   1.045
 91 107 00 05 30   0.522  -0.246   0.868   1.042
 91 107 00 06 30   0.530  -0.235   0.885   1.058
 91 107 00 07 30   0.534  -0.179   0.909   1.070
 91 107 00 08 30   0.527  -0.197   0.843   1.016
 91 107 00 09 30   0.417  -0.283   0.532   0.782
 91 107 00 10 30   0.434  -0.056   0.596   0.739
 91 107 00 15 30   0.367  -0.001   0.547   0.661
 91 107 00 16 30   0.260   0.103   0.499   0.576
 91 107 00 17 30   0.104   0.301   0.463   0.578
 91 107 00 18 30   0.110   0.146   0.234   0.348
 91 107 00 19 30  -0.108   0.430   0.175   0.494
 91 107 00 20 30  -0.088   0.545   0.173   0.591
 91 107 00 21 30  -0.199   0.535  -0.113   0.585
 91 107 00 22 30  -0.277   0.403  -0.268   0.565
 91 107 00 23 30   0.021   0.423  -0.032   0.497
 91 107 00 24 30   0.017   0.785  -0.213   0.814
 91 107 00 25 30   0.085   0.714  -0.042   0.723
 91 107 00 26 30   0.111   0.730   0.067   0.743
 91 107 00 27 30   0.151   0.802   0.114   0.824
 91 107 00 28 30   0.176   0.725   0.107   0.755
 91 107 00 29 30   0.204   0.722   0.101   0.758
 91 107 00 30 30   0.160   0.765   0.122   0.797
 91 107 00 31 30   0.149   0.786   0.139   0.813
 91 107 00 32 30   0.073   0.619   0.248   0.673
 91 107 00 33 30   0.130   0.541   0.204   0.594
 91 107 00 34 30   0.137   0.628   0.172   0.666
 91 107 00 35 30   0.086   0.598   0.165   0.626
 91 107 00 36 30   0.095   0.559   0.212   0.606
 91 107 00 37 30   0.085   0.554   0.233   0.608
 91 107 00 38 30   0.124   0.559   0.210   0.611
 91 107 00 39 30   0.125   0.574   0.239   0.637
 91 107 00 40 30   0.125   0.581   0.265   0.652
 91 107 00 41 30   0.148   0.486   0.094   0.520
 91 107 00 42 30   0.135   0.537   0.129   0.571
 91 107 00 43 30   0.096   0.578   0.152   0.606
 91 107 00 44 30   0.092   0.563   0.207   0.608
 91 107 00 45 30   0.058   0.570   0.227   0.620
 91 107 00 46 30   0.109   0.584   0.180   0.621
 91 107 00 47 30   0.149   0.553   0.194   0.611
 91 107 00 48 30   0.088   0.461   0.289   0.558
 91 107 00 49 30   0.025   0.561   0.217   0.606
 91 107 00 50 30   0.111   0.601   0.353   0.709
 91 107 00 51 30   0.144   0.591   0.438   0.751
 91 107 00 52 30   0.225   0.583   0.379   0.736
 91 107 00 53 30   0.226   0.539   0.553   0.806
 91 107 00 54 30   0.293   0.579   0.511   0.826
 91 107 00 55 30   0.285   0.611   0.537   0.862
 91 107 00 56 30   0.273   0.597   0.518   0.837
 91 107 00 57 30   0.265   0.570   0.484   0.794
 91 107 00 58 30   0.202   0.608   0.370   0.741
 91 107 00 59 30   0.089   0.701   0.233   0.752
 91 107 01 00 30  -0.012   0.878   0.250   0.913
 91 107 01 01 30   0.011   0.867   0.287   0.913
 91 107 01 02 30   0.037   0.869   0.310   0.924
 91 107 01 03 30   0.057   0.868   0.327   0.930
 91 107 01 04 30   0.101   0.844   0.383   0.933
 91 107 01 05 30   0.117   0.845   0.393   0.940
 91 107 01 06 30   0.230   0.767   0.532   0.971
 91 107 01 07 30   0.294   0.718   0.652   1.014
 91 107 01 08 30   0.277   0.730   0.678   1.034
 91 107 01 09 30   0.293   0.723   0.674   1.032
 91 107 01 10 30   0.289   0.752   0.680   1.055
 91 107 01 11 30   0.273   0.746   0.604   0.999
 91 107 01 12 30   0.275   0.737   0.611   0.998
 91 107 01 13 30   0.265   0.626   0.706   0.981
 91 107 01 14 30   0.249   0.690   0.554   0.921
 91 107 01 15 30   0.257   0.689   0.595   0.946
 91 107 01 16 30   0.267   0.663   0.608   0.939
 91 107 01 17 30   0.299   0.603   0.669   0.950
 91 107 01 18 30   0.255   0.788   0.475   0.967
 91 107 01 19 30   0.185   0.916   0.180   0.954
 91 107 01 20 30   0.199   0.914   0.184   0.954
 91 107 01 21 30   0.190   0.904   0.236   0.954
 91 107 01 22 30   0.197   0.882   0.255   0.939
 91 107 01 23 30   0.213   0.859   0.299   0.935
 91 107 01 24 30   0.240   0.853   0.302   0.937
 91 107 01 25 30   0.245   0.903   0.291   0.981
 91 107 01 26 30   0.246   0.919   0.424   1.043
 91 107 01 27 30   0.272   0.947   0.481   1.097
 91 107 01 28 30   0.286   0.891   0.489   1.057
 91 107 01 29 30   0.274   0.853   0.578   1.066
 91 107 01 30 30   0.284   0.843   0.587   1.066
 91 107 01 31 30   0.286   0.845   0.595   1.072
 91 107 01 32 30   0.293   0.890   0.586   1.105
 91 107 01 33 30   0.305   0.922   0.539   1.111
 91 107 01 34 30   0.318   0.941   0.539   1.131
 91 107 01 35 30   0.326   0.897   0.606   1.132
 91 107 01 36 30   0.316   0.877   0.620   1.120
 91 107 01 37 30   0.295   0.897   0.597   1.117
 91 107 01 38 30   0.272   0.912   0.580   1.115
 91 107 01 39 30   0.277   0.912   0.569   1.110
 91 107 01 40 30   0.260   0.921   0.562   1.110
 91 107 01 41 30   0.306   0.886   0.608   1.118
 91 107 01 42 30   0.306   0.878   0.596   1.105
 91 107 01 43 30   0.291   0.888   0.599   1.110
 91 107 01 44 30   0.291   0.899   0.584   1.111
 91 107 01 45 30   0.295   0.908   0.591   1.123
 91 107 01 46 30   0.310   0.862   0.632   1.113
 91 107 01 47 30   0.304   0.827   0.621   1.078
 91 107 01 48 30   0.320   0.831   0.622   1.087
 91 107 01 49 30   0.304   0.843   0.616   1.088
 91 107 01 50 30   0.308   0.845   0.623   1.094
 91 107 01 51 30   0.301   0.852   0.621   1.096
 91 107 01 52 30   0.330   0.835   0.627   1.095
 91 107 01 53 30   0.342   0.837   0.618   1.095
 91 107 01 54 30   0.342   0.832   0.609   1.087
 91 107 01 55 30   0.326   0.798   0.642   1.076
 91 107 01 56 30   0.344   0.812   0.621   1.084
 91 107 01 57 30   0.358   0.857   0.634   1.126
 91 107 01 58 30   0.332   0.832   0.690   1.131
 91 107 01 59 30   0.314   0.826   0.701   1.128
 91 107 02 00 30   0.345   0.837   0.677   1.131
 91 107 02 01 30   0.334   0.780   0.750   1.134
 91 107 02 02 30   0.337   0.757   0.763   1.126
 91 107 02 03 30   0.337   0.745   0.792   1.139
 91 107 02 04 30   0.361   0.682   0.832   1.135
 91 107 02 05 30   0.356   0.760   0.746   1.128
 91 107 02 06 30   0.354   0.853   0.684   1.150
 91 107 02 07 30   0.369   0.916   0.668   1.193
 91 107 02 08 30   0.371   0.939   0.600   1.176
 91 107 02 09 30   0.371   0.919   0.607   1.163
 91 107 02 10 30   0.386   0.871   0.697   1.181
 91 107 02 11 30   0.379   0.875   0.733   1.203
 91 107 02 12 30   0.393   0.908   0.741   1.236
 91 107 02 13 30   0.385   0.921   0.742   1.244
 91 107 02 14 30   0.371   0.901   0.730   1.218
 91 107 02 15 30   0.365   0.859   0.764   1.207
 91 107 02 16 30   0.344   0.857   0.767   1.201
 91 107 02 17 30   0.376   0.932   0.732   1.243
 91 107 02 18 30   0.383   0.917   0.727   1.232
 91 107 02 19 30   0.387   0.883   0.720   1.203
 91 107 02 20 30   0.404   0.912   0.718   1.229
 91 107 02 21 30   0.397   0.916   0.747   1.248
 91 107 02 22 30   0.375   0.904   0.766   1.244
 91 107 02 23 30   0.374   0.929   0.747   1.250
 91 107 02 24 30   0.390   0.923   0.741   1.246
 91 107 02 25 30   0.341   0.936   0.715   1.226
 91 107 02 26 30   0.339   0.940   0.710   1.226
 91 107 02 27 30   0.402   0.916   0.731   1.239
 91 107 02 28 30   0.415   0.923   0.708   1.235
 91 107 02 29 30   0.421   0.914   0.742   1.251
 91 107 02 30 30   0.413   0.964   0.722   1.273
 91 107 02 31 30   0.407   0.995   0.708   1.287
 91 107 02 32 30   0.385   1.022   0.716   1.307
 91 107 02 33 30   0.421   0.973   0.740   1.293
 91 107 02 34 30   0.404   0.997   0.720   1.295
 91 107 02 35 30   0.405   1.018   0.707   1.304
 91 107 02 36 30   0.400   1.028   0.711   1.312
 91 107 02 37 30   0.386   0.994   0.723   1.289
 91 107 02 38 30   0.383   0.950   0.732   1.259
 91 107 02 39 30   0.376   0.929   0.719   1.233
 91 107 02 40 30   0.397   0.935   0.733   1.253
 91 107 02 41 30   0.400   0.924   0.746   1.254
 91 107 02 42 30   0.377   0.922   0.732   1.237
 91 107 02 43 30   0.349   0.920   0.737   1.230
 91 107 02 44 30   0.284   0.953   0.752   1.248
 91 107 02 45 30   0.326   0.923   0.784   1.256
 91 107 02 46 30   0.372   0.917   0.793   1.269
 91 107 02 47 30   0.399   0.911   0.816   1.287
 91 107 02 48 30   0.430   0.898   0.809   1.284
 91 107 02 49 30   0.474   0.767   0.858   1.245
 91 107 02 50 30   0.447   0.752   0.826   1.203
 91 107 02 51 30   0.413   0.642   0.791   1.100
 91 107 02 52 30   0.342   0.471   0.830   1.024
 91 107 02 53 30   0.361   0.414   0.833   0.999
 91 107 02 54 30   0.261   0.175   0.880   0.962
 91 107 02 55 30   0.413   1.002   0.646   1.263
 91 107 02 56 30   0.407   1.042   0.600   1.269
 91 107 02 57 30   0.416   1.034   0.582   1.258
 91 107 02 58 30   0.426   1.040   0.586   1.268
 91 107 02 59 30   0.433   1.022   0.607   1.265
 91 107 03 00 30   0.445   0.951   0.621   1.220
 91 107 03 01 30   0.420   0.771   0.702   1.128
 91 107 03 02 30   0.381   0.662   0.774   1.093
 91 107 03 03 30   0.383   0.757   0.675   1.087
 91 107 03 04 30   0.382   0.912   0.506   1.114
 91 107 03 05 30   0.367   0.983   0.456   1.144
 91 107 03 06 30   0.396   0.930   0.580   1.171
 91 107 03 07 30   0.422   0.880   0.674   1.187
 91 107 03 08 30   0.440   0.864   0.721   1.208
 91 107 03 09 30   0.469   0.867   0.724   1.223
 91 107 03 10 30   0.454   0.843   0.773   1.231
 91 107 03 11 30   0.501   0.806   0.798   1.240
 91 107 03 12 30   0.522   0.762   0.822   1.237
 91 107 03 13 30   0.491   0.782   0.841   1.249
 91 107 03 14 30   0.506   0.717   0.882   1.248
 91 107 03 15 30   0.432   0.321   0.950   1.093
 91 107 03 16 30   0.424   0.387   0.907   1.074
 91 107 03 17 30   0.424   0.248   0.850   0.986
 91 107 03 18 30   0.400   0.197   0.854   0.965
 91 107 03 19 30   0.418   0.129   0.898   1.004
 91 107 03 20 30   0.461   0.222   0.893   1.030
 91 107 03 21 30   0.469   0.235   0.896   1.039
 91 107 03 22 30   0.524   0.178   0.918   1.073
 91 107 03 23 30   0.527   0.213   0.916   1.079
 91 107 03 24 30   0.546   0.276   0.883   1.075
 91 107 03 25 30   0.535   0.328   0.885   1.085
 91 107 03 26 30   0.505   0.360   0.885   1.081
 91 107 03 27 30   0.488   0.396   0.838   1.048
 91 107 03 28 30   0.493   0.438   0.870   1.092
 91 107 03 29 30   0.456   0.458   0.930   1.132
 91 107 03 30 30   0.449   0.540   0.899   1.141
 91 107 03 31 30   0.452   0.524   0.915   1.148
 91 107 03 32 30   0.446   0.504   0.917   1.138
 91 107 03 33 30   0.446   0.344   0.987   1.137
 91 107 03 34 30   0.449   0.323   1.020   1.160
 91 107 03 35 30   0.431   0.288   0.997   1.134
 91 107 03 36 30   0.415  -0.071   1.028   1.114
 91 107 03 37 30   0.402  -0.087   1.019   1.099
 91 107 03 38 30   0.406  -0.083   1.007   1.090
 91 107 03 39 30   0.397  -0.085   1.007   1.086
 91 107 03 40 30   0.400  -0.101   1.001   1.082
 91 107 03 41 30   0.391  -0.043   1.011   1.086
 91 107 03 42 30   0.449  -0.064   1.001   1.101
 91 107 03 43 30   0.466  -0.130   0.994   1.106
 91 107 03 44 30   0.488  -0.098   0.987   1.106
 91 107 03 45 30   0.540  -0.011   0.983   1.122
 91 107 03 46 30   0.527  -0.049   1.017   1.147
 91 107 03 47 30   0.537  -0.077   0.997   1.136
 91 107 03 48 30   0.522  -0.137   0.966   1.108
 91 107 03 49 30   0.503  -0.085   0.982   1.108
 91 107 03 50 30   0.476  -0.074   0.992   1.103
 91 107 03 51 30   0.455  -0.089   0.998   1.100
 91 107 03 52 30   0.444  -0.099   1.035   1.133
 91 107 03 53 30   0.548  -0.012   0.987   1.133
 91 107 03 54 30   0.637   0.053   0.952   1.147
 91 107 03 55 30   0.625   0.066   0.969   1.155
 91 107 03 56 30   0.627   0.054   0.969   1.155
 91 107 03 57 30   0.645   0.037   0.957   1.154
 91 107 03 58 30   0.676   0.025   0.932   1.152
 91 107 03 59 30   0.680   0.031   0.940   1.161
 91 107 04 00 30   0.709   0.043   0.923   1.165
 91 107 04 01 30   0.711   0.060   0.917   1.162
 91 107 04 02 30   0.715   0.067   0.915   1.165
 91 107 04 03 30   0.631   0.035   0.971   1.160
 91 107 04 04 30   0.707   0.105   0.906   1.155
 91 107 04 05 30   0.712   0.118   0.897   1.151
 91 107 04 06 30   0.719   0.149   0.883   1.149
 91 107 04 07 30   0.755   0.151   0.850   1.147
 91 107 04 08 30   0.769   0.180   0.836   1.151
 91 107 04 09 30   0.733   0.201   0.866   1.152
 91 107 04 10 30   0.694   0.188   0.895   1.148
 91 107 04 11 30   0.673   0.199   0.900   1.141
 91 107 04 12 30   0.709   0.204   0.869   1.140
 91 107 04 13 30   0.671   0.248   0.892   1.145
 91 107 04 14 30   0.718   0.320   0.832   1.145
 91 107 04 15 30   0.716   0.348   0.820   1.143
 91 107 04 16 30   0.722   0.356   0.808   1.140
 91 107 04 17 30   0.711   0.378   0.821   1.150
 91 107 04 18 30   0.654   0.315   0.878   1.142
 91 107 04 19 30   0.614   0.291   0.905   1.135
 91 107 04 20 30   0.403   0.038   1.021   1.102
 91 107 04 21 30   0.424   0.069   0.984   1.075
 91 107 04 22 30   0.411   0.063   0.990   1.074
 91 107 04 23 30   0.319  -0.008   1.024   1.073
 91 107 04 24 30   0.328  -0.031   1.026   1.078
 91 107 04 25 30   0.372  -0.098   1.011   1.084
 91 107 04 26 30   0.345  -0.156   1.008   1.077
 91 107 04 27 30   0.351  -0.118   1.033   1.098
 91 107 04 28 30   0.399  -0.044   1.029   1.105
 91 107 04 29 30   0.391  -0.025   1.019   1.092
 91 107 04 30 30   0.380  -0.028   1.036   1.104
 91 107 04 31 30   0.401   0.001   1.030   1.109
 91 107 04 32 30   0.303  -0.159   1.079   1.132
 91 107 04 33 30   0.320  -0.139   1.084   1.140
 91 107 04 34 30   0.350  -0.040   1.067   1.124
 91 107 04 35 30   0.386   0.044   1.057   1.127
 91 107 04 36 30   0.413   0.072   1.041   1.122
 91 107 04 37 30   0.421   0.147   1.027   1.122
 91 107 04 38 30   0.376  -0.138   0.999   1.080
 91 107 04 39 30   0.363  -0.076   1.002   1.071
 91 107 04 40 30   0.346  -0.094   1.008   1.072
 91 107 04 41 30   0.344  -0.169   1.004   1.076
 91 107 04 42 30   0.340  -0.148   1.003   1.072
 91 107 04 43 30   0.244  -0.315   0.907   0.993
 91 107 04 44 30   0.158  -0.343   0.816   0.900
 91 107 04 45 30   0.152  -0.299   0.816   0.883
 91 107 04 46 30   0.184  -0.224   0.818   0.871
 91 107 04 47 30   0.205  -0.206   0.830   0.880
 91 107 04 48 30   0.183  -0.220   0.816   0.866
 91 107 04 49 30   0.238  -0.214   0.801   0.865
 91 107 04 50 30   0.241  -0.229   0.797   0.865
 91 107 04 51 30   0.243  -0.266   0.769   0.851
 91 107 04 52 30   0.146  -0.367   0.734   0.860
 91 107 04 53 30   0.258  -0.339   0.761   0.899
 91 107 04 54 30   0.177  -0.476   0.834   0.980
 91 107 04 55 30   0.144  -0.543   0.837   1.014
 91 107 04 56 30   0.036  -0.577   0.832   1.021
 91 107 04 57 30   0.149  -0.528   0.875   1.034
 91 107 04 58 30   0.075  -0.492   0.892   1.023
 91 107 04 59 30   0.083  -0.521   0.897   1.042
 91 107 05 00 30   0.028  -0.585   0.854   1.037
 91 107 05 01 30   0.123  -0.547   0.899   1.062
 91 107 05 02 30   0.206  -0.467   0.931   1.062
 91 107 05 03 30   0.213  -0.436   0.944   1.062
 91 107 05 04 30   0.240  -0.381   0.978   1.077
 91 107 05 05 30   0.256  -0.196   1.020   1.076
 91 107 05 06 30   0.331  -0.056   1.033   1.087
 91 107 05 07 30   0.325  -0.097   1.035   1.089
 91 107 05 08 30   0.308  -0.035   0.960   1.009
 91 107 05 09 30   0.353  -0.034   0.962   1.026
 91 107 05 10 30   0.336  -0.057   0.972   1.031
 91 107 05 11 30   0.372  -0.031   0.951   1.026
 91 107 05 12 30   0.468   0.073   0.994   1.101
 91 107 05 13 30   0.435   0.174   0.941   1.053
 91 107 05 14 30   0.369   0.110   0.978   1.053
 91 107 05 15 30   0.356   0.050   0.954   1.020
 91 107 05 16 30   0.315  -0.069   0.961   1.016
 91 107 05 17 30   0.241  -0.170   0.940   0.986
 91 107 05 18 30   0.269  -0.180   0.936   0.990
 91 107 05 19 30   0.308  -0.175   0.942   1.007
 91 107 05 20 30   0.315  -0.119   0.935   0.994
 91 107 05 21 30   0.317  -0.199   0.903   0.979
 91 107 05 22 30   0.307  -0.307   0.889   0.990
 91 107 05 23 30   0.305  -0.325   0.873   0.981
 91 107 05 24 30   0.282  -0.351   0.841   0.954
 91 107 05 25 30   0.290  -0.394   0.832   0.965
 91 107 05 26 30   0.212  -0.444   0.823   0.960
 91 107 05 27 30   0.319  -0.448   0.805   0.976
 91 107 05 28 30   0.316  -0.452   0.791   0.965
 91 107 05 29 30   0.277  -0.479   0.752   0.935
 91 107 05 30 30   0.217  -0.553   0.713   0.929
 91 107 05 31 30   0.193  -0.580   0.710   0.937
 91 107 05 32 30   0.166  -0.602   0.678   0.926
 91 107 05 33 30   0.104  -0.691   0.583   0.911
 91 107 05 34 30   0.021  -0.608   0.428   0.748
 91 107 05 35 30   0.010  -0.647   0.383   0.753
 91 107 05 36 30   0.034  -0.658   0.414   0.780
 91 107 05 37 30   0.066  -0.616   0.574   0.846
 91 107 05 38 30   0.079  -0.606   0.613   0.866
 91 107 05 39 30   0.086  -0.594   0.625   0.867
 91 107 05 40 30   0.096  -0.583   0.646   0.876
 91 107 05 41 30  -0.049  -0.759   0.606   0.973
 91 107 05 42 30  -0.080  -0.786   0.581   0.985
 91 107 05 43 30  -0.123  -0.771   0.549   0.958
 91 107 05 44 30  -0.081  -0.812   0.577   1.001
 91 107 05 45 30  -0.163  -0.876   0.565   1.056
 91 107 05 46 30   0.040  -0.812   0.696   1.071
 91 107 05 47 30   0.070  -0.815   0.755   1.113
 91 107 05 48 30   0.109  -0.780   0.758   1.094
 91 107 05 49 30   0.093  -0.760   0.722   1.053
 91 107 05 50 30   0.090  -0.756   0.697   1.032
 91 107 05 51 30   0.067  -0.775   0.706   1.050
 91 107 05 52 30   0.035  -0.776   0.709   1.053
 91 107 05 53 30   0.051  -0.784   0.745   1.083
 91 107 05 54 30   0.055  -0.786   0.760   1.095
 91 107 05 55 30   0.101  -0.740   0.772   1.075
 91 107 05 56 30   0.153  -0.635   0.768   1.009
 91 107 05 57 30   0.123  -0.648   0.739   0.991
 91 107 05 58 30   0.106  -0.672   0.716   0.987
 91 107 05 59 30   0.092  -0.654   0.705   0.967
 91 107 06 00 30   0.080  -0.654   0.670   0.940
 91 107 06 01 30   0.085  -0.659   0.694   0.961
 91 107 06 02 30   0.075  -0.666   0.708   0.976
 91 107 06 03 30   0.041  -0.690   0.607   0.921
 91 107 06 04 30  -0.016  -0.777   0.465   0.907
 91 107 06 05 30  -0.018  -0.732   0.426   0.849
 91 107 06 06 30   0.002  -0.649   0.438   0.792
 91 107 06 07 30   0.048  -0.499   0.545   0.743
 91 107 06 08 30   0.026  -0.506   0.513   0.721
 91 107 06 09 30   0.078  -0.515   0.495   0.720
 91 107 06 10 30   0.018  -0.557   0.288   0.636
 91 107 06 11 30  -0.081  -0.522   0.237   0.580
 91 107 06 12 30  -0.080  -0.522   0.233   0.578
 91 107 06 13 30  -0.115  -0.437   0.183   0.489
 91 107 06 14 30  -0.021  -0.411   0.212   0.467
 91 107 06 15 30  -0.012  -0.387   0.257   0.466
 91 107 06 16 30   0.152  -0.098   0.365   0.411
 91 107 06 17 30   0.113  -0.116   0.299   0.341
 91 107 06 18 30   0.133  -0.138   0.306   0.362
 91 107 06 19 30   0.144  -0.180   0.302   0.381
 91 107 06 20 30   0.107  -0.206   0.310   0.387
 91 107 06 21 30   0.120  -0.211   0.294   0.382
 91 107 06 22 30   0.103  -0.203   0.275   0.358
 91 107 06 23 30   0.071  -0.188   0.256   0.326
 91 107 06 24 30   0.046  -0.179   0.285   0.342
 91 107 06 25 30   0.049  -0.191   0.308   0.367
 91 107 06 26 30   0.058  -0.221   0.306   0.385
 91 107 06 27 30   0.047  -0.230   0.253   0.350
 91 107 06 28 30   0.028  -0.272   0.298   0.417
 91 107 06 29 30  -0.032  -0.271   0.334   0.432
 91 107 06 30 30  -0.013  -0.282   0.324   0.431
 91 107 06 31 30  -0.009  -0.255   0.268   0.371
 91 107 06 32 30  -0.022  -0.272   0.296   0.403
 91 107 06 33 30  -0.030  -0.258   0.283   0.389
 91 107 06 34 30   0.024  -0.210   0.244   0.324
 91 107 06 35 30   0.031  -0.235   0.192   0.309
 91 107 06 36 30  -0.044  -0.226   0.234   0.332
 91 107 06 37 30   0.008  -0.128   0.058   0.305
 91 107 06 38 30   0.028  -0.048  -0.369   0.376
 91 107 06 39 30   0.100  -0.190  -0.090   0.334
 91 107 06 40 30   0.076  -0.250  -0.125   0.313
 91 107 06 41 30   0.072  -0.160  -0.213   0.294
 91 107 06 42 30   0.015  -0.143  -0.203   0.304
 91 107 06 43 30   0.000   0.018  -0.235   0.238
 91 107 06 44 30   0.012   0.023  -0.128   0.140
 91 107 06 45 30   0.024   0.017  -0.118   0.125
 91 107 06 46 30   0.005   0.002  -0.097   0.106
 91 107 06 47 30   0.022   0.019  -0.173   0.178
 91 107 06 48 30   0.046   0.039  -0.182   0.193
 91 107 06 49 30  -0.013   0.024  -0.252   0.255
 91 107 06 50 30  -0.029   0.029  -0.251   0.255
 91 107 06 51 30  -0.050   0.046  -0.254   0.263
 91 107 06 52 30   0.010   0.029  -0.185   0.194
 91 107 06 53 30  -0.014   0.055  -0.327   0.333
 91 107 06 54 30  -0.024   0.078  -0.375   0.384
 91 107 06 55 30  -0.098   0.156  -0.330   0.383
 91 107 06 56 30  -0.128   0.206  -0.330   0.410
 91 107 06 57 30  -0.125   0.228  -0.349   0.436
 91 107 06 58 30  -0.104   0.234  -0.371   0.451
 91 107 06 59 30  -0.119   0.254  -0.358   0.456
 91 107 07 00 30  -0.143   0.238  -0.350   0.448
 91 107 07 01 30  -0.108   0.270  -0.350   0.456
 91 107 07 02 30  -0.113   0.301  -0.330   0.461
 91 107 07 03 30  -0.121   0.117  -0.371   0.410
 91 107 07 04 30  -0.119   0.159  -0.353   0.408
 91 107 07 05 30  -0.116   0.204  -0.339   0.413
 91 107 07 06 30  -0.112   0.245  -0.304   0.412
 91 107 07 07 30  -0.126   0.354  -0.184   0.419
 91 107 07 08 30  -0.129   0.327  -0.261   0.442
 91 107 07 09 30  -0.124   0.350  -0.230   0.438
 91 107 07 10 30  -0.115   0.363  -0.114   0.401
 91 107 07 11 30  -0.054   0.365  -0.128   0.394
 91 107 07 12 30  -0.090   0.377  -0.070   0.394
 91 107 07 13 30  -0.065   0.367   0.001   0.377
 91 107 07 14 30  -0.040   0.345   0.074   0.355
 91 107 07 15 30   0.014   0.273   0.087   0.342
 91 107 07 16 30   0.005   0.255   0.164   0.348
 91 107 07 17 30   0.006   0.275   0.151   0.315
 91 107 07 18 30   0.126   0.113   0.286   0.353
 91 107 07 19 30   0.215   0.015   0.408   0.463
 91 107 07 20 30   0.167   0.033   0.401   0.437
 91 107 07 21 30   0.184   0.028   0.404   0.450
 91 107 07 22 30   0.130  -0.002   0.425   0.447
 91 107 07 23 30   0.131  -0.002   0.435   0.461
 91 107 07 24 30   0.187   0.257   0.210   0.393
 91 107 07 25 30   0.169   0.305   0.166   0.390
 91 107 07 26 30   0.188   0.282   0.130   0.372
 91 107 07 27 30   0.194   0.132   0.233   0.334
 91 107 07 28 30   0.195   0.075   0.299   0.366
 91 107 07 29 30   0.205   0.059   0.263   0.360
 91 107 07 30 30   0.006   0.196   0.277   0.341
 91 107 07 31 30   0.025   0.200   0.349   0.405
 91 107 07 32 30   0.086   0.193   0.380   0.435
 91 107 07 33 30   0.133   0.182   0.364   0.429
 91 107 07 34 30   0.205   0.176   0.279   0.399
 91 107 07 35 30   0.278   0.173   0.236   0.407
 91 107 07 36 30   0.273   0.176   0.270   0.423
 91 107 07 37 30   0.253   0.197   0.246   0.404
 91 107 07 40 30   0.264  -0.087   0.516   0.587
 91 107 07 41 30   0.166  -0.163   0.520   0.571
 91 107 07 42 30   0.130  -0.171   0.485   0.531
 91 107 07 43 30   0.179  -0.160   0.461   0.522
 91 107 07 44 30   0.148  -0.169   0.481   0.532
 91 107 07 45 30   0.225  -0.133   0.495   0.560
 91 107 07 46 30   0.196  -0.163   0.506   0.568
 91 107 07 47 30   0.173  -0.149   0.519   0.569
 91 107 07 48 30   0.168  -0.089   0.537   0.570
 91 107 07 49 30   0.215  -0.097   0.510   0.563
 91 107 07 50 30   0.275  -0.151   0.478   0.574
 91 107 07 51 30   0.251  -0.138   0.487   0.566
 91 107 07 52 30   0.294  -0.153   0.480   0.586
 91 107 07 53 30   0.330  -0.193   0.367   0.532
 91 107 07 54 30   0.346  -0.205   0.405   0.571
 91 107 07 55 30   0.337  -0.218   0.440   0.597
 91 107 07 56 30   0.389  -0.143   0.447   0.616
 91 107 07 57 30   0.380  -0.173   0.469   0.629
 91 107 07 58 30   0.377  -0.252   0.495   0.673
 91 107 07 59 30   0.392  -0.259   0.466   0.662
 91 107 08 00 30   0.377  -0.247   0.453   0.641
 91 107 08 01 30   0.339  -0.271   0.385   0.601
 91 107 08 02 30   0.276  -0.280   0.379   0.550
 91 107 08 03 30   0.196  -0.323   0.355   0.520
 91 107 08 04 30   0.193  -0.276   0.403   0.529
 91 107 08 05 30   0.190  -0.199   0.423   0.506
 91 107 08 06 30   0.207  -0.201   0.482   0.565
 91 107 08 07 30   0.189  -0.148   0.503   0.558
 91 107 08 08 30   0.123   0.109   0.410   0.476
 91 107 08 09 30   0.127   0.010   0.428   0.448
 91 107 08 10 30   0.162   0.108   0.386   0.439
 91 107 08 11 30   0.178   0.164   0.397   0.471
 91 107 08 12 30   0.220   0.213   0.303   0.447
 91 107 08 13 30   0.197   0.220   0.396   0.498
 91 107 08 14 30   0.220   0.262   0.305   0.463
 91 107 08 15 30   0.218   0.247   0.322   0.478
 91 107 08 16 30   0.296   0.255   0.294   0.490
 91 107 08 17 30   0.273   0.194   0.360   0.493
 91 107 08 18 30   0.253   0.124   0.407   0.497
 91 107 08 19 30   0.241   0.002   0.441   0.510
 91 107 08 20 30   0.270   0.052   0.441   0.522
 91 107 08 21 30   0.250  -0.001   0.468   0.533
 91 107 08 22 30   0.232  -0.068   0.466   0.526
 91 107 08 23 30   0.211  -0.091   0.471   0.525
 91 107 08 24 30   0.228  -0.036   0.436   0.494
 91 107 08 25 30   0.231  -0.041   0.422   0.483
 91 107 08 26 30   0.227  -0.081   0.414   0.480
 91 107 08 27 30   0.224  -0.097   0.421   0.487
 91 107 08 28 30   0.225  -0.131   0.415   0.491
 91 107 08 29 30   0.222  -0.221   0.399   0.510
 91 107 08 30 30   0.225  -0.269   0.407   0.541
 91 107 08 31 30   0.197  -0.231   0.394   0.510
 91 107 08 32 30   0.146   0.033   0.364   0.407
 91 107 08 33 30   0.216  -0.119   0.358   0.435
 91 107 08 34 30   0.177  -0.080   0.300   0.357
 91 107 08 35 30   0.191  -0.036   0.269   0.333
 91 107 08 36 30   0.095   0.069   0.230   0.272
 91 107 08 37 30   0.101   0.212   0.124   0.294
 91 107 08 38 30   0.128   0.006   0.230   0.314
 91 107 08 39 30   0.014   0.176  -0.127   0.237
 91 107 08 40 30  -0.033   0.217  -0.230   0.319
 91 107 08 41 30  -0.036   0.269  -0.287   0.396
 91 107 08 42 30  -0.062   0.261  -0.299   0.402
 91 107 08 43 30  -0.074   0.251  -0.301   0.400
 91 107 08 44 30  -0.091   0.251  -0.285   0.393
 91 107 08 45 30  -0.122   0.132  -0.304   0.357
 91 107 08 46 30  -0.135   0.033  -0.322   0.352
 91 107 08 47 30  -0.119   0.084  -0.300   0.334
 91 107 08 48 30  -0.107   0.122  -0.280   0.325
 91 107 08 49 30  -0.121   0.152  -0.262   0.332
 91 107 08 50 30  -0.126   0.203  -0.201   0.313
 91 107 08 51 30  -0.137   0.213  -0.202   0.326
 91 107 08 52 30  -0.151   0.200  -0.240   0.348
 91 107 08 53 30  -0.169   0.179  -0.256   0.356
 91 107 08 54 30  -0.153   0.168  -0.208   0.309
 91 107 08 55 30  -0.143   0.150  -0.178   0.274
 91 107 08 56 30  -0.137   0.144  -0.175   0.265
 91 107 08 57 30  -0.172   0.140  -0.172   0.282
 91 107 08 58 30  -0.175   0.144  -0.179   0.291
 91 107 08 59 30  -0.144   0.104  -0.192   0.263
 91 107 09 00 30  -0.168   0.094  -0.167   0.259
 91 107 09 01 30  -0.215   0.103  -0.078   0.255
 91 107 09 02 30  -0.147   0.107  -0.142   0.232
 91 107 09 03 30  -0.139   0.115  -0.135   0.226
 91 107 09 04 30  -0.114   0.059  -0.207   0.248
 91 107 09 05 30  -0.128   0.027  -0.210   0.249
 91 107 09 06 30  -0.124   0.028  -0.215   0.251
 91 107 09 07 30  -0.132   0.029  -0.226   0.264
 91 107 09 08 30  -0.145   0.035  -0.242   0.285
 91 107 09 09 30  -0.132  -0.043  -0.246   0.285
 91 107 09 10 30  -0.146  -0.052  -0.250   0.295
 91 107 09 11 30  -0.177  -0.038  -0.248   0.308
 91 107 09 12 30  -0.216  -0.023  -0.272   0.349
 91 107 09 13 30  -0.246  -0.016  -0.312   0.399
 91 107 09 14 30  -0.258   0.012  -0.316   0.409
 91 107 09 15 30  -0.244   0.010  -0.329   0.410
 91 107 09 16 30  -0.247   0.024  -0.321   0.407
 91 107 09 17 30  -0.249   0.009  -0.313   0.402
 91 107 09 18 30  -0.258   0.016  -0.293   0.392
 91 107 09 19 30  -0.257   0.011  -0.290   0.389
 91 107 09 20 30  -0.250   0.008  -0.299   0.392
 91 107 09 21 30  -0.254   0.013  -0.324   0.412
 91 107 09 22 30  -0.263   0.013  -0.308   0.405
 91 107 09 23 30  -0.267   0.006  -0.311   0.410
 91 107 09 24 30  -0.280   0.009  -0.313   0.420
 91 107 09 25 30  -0.321   0.007  -0.332   0.463
 91 107 09 26 30  -0.323   0.024  -0.359   0.484
 91 107 09 27 30  -0.311   0.042  -0.401   0.511
 91 107 09 28 30  -0.274   0.086  -0.451   0.535
 91 107 09 29 30  -0.224   0.102  -0.465   0.527
 91 107 09 30 30  -0.207   0.088  -0.475   0.526
 91 107 09 31 30  -0.231   0.083  -0.457   0.519
 91 107 09 32 30  -0.206   0.097  -0.461   0.515
 91 107 09 33 30  -0.213   0.026  -0.423   0.475
 91 107 09 34 30  -0.244   0.047  -0.462   0.525
 91 107 09 35 30  -0.300   0.082  -0.438   0.540
 91 107 09 36 30  -0.302   0.087  -0.457   0.555
 91 107 09 37 30  -0.289   0.052  -0.450   0.538
 91 107 09 38 30  -0.293   0.090  -0.454   0.548
 91 107 09 39 30  -0.276   0.102  -0.476   0.560
 91 107 09 40 30  -0.271   0.095  -0.479   0.559
 91 107 09 41 30  -0.267   0.089  -0.493   0.568
 91 107 09 42 30  -0.256   0.087  -0.485   0.556
 91 107 09 43 30  -0.238   0.087  -0.496   0.557
 91 107 09 44 30  -0.280   0.080  -0.482   0.564
 91 107 09 45 30  -0.275   0.066  -0.459   0.540
 91 107 09 46 30  -0.246   0.077  -0.475   0.541
 91 107 09 47 30  -0.241   0.058  -0.490   0.550
 91 107 09 48 30  -0.233   0.068  -0.500   0.557
 91 107 09 49 30  -0.226   0.069  -0.488   0.543
 91 107 09 50 30  -0.272   0.087  -0.457   0.540
 91 107 09 51 30  -0.264   0.096  -0.429   0.513
 91 107 09 52 30  -0.272   0.129  -0.415   0.513
 91 107 09 53 30  -0.273   0.127  -0.398   0.500
 91 107 09 54 30  -0.244   0.118  -0.415   0.496
 91 107 09 55 30  -0.261   0.113  -0.423   0.510
 91 107 09 56 30  -0.311   0.124  -0.377   0.505
 91 107 09 57 30  -0.360   0.148  -0.327   0.509
 91 107 09 58 30  -0.373   0.149  -0.306   0.507
 91 107 09 59 30  -0.339   0.123  -0.378   0.523
 91 107 10 00 30  -0.322   0.096  -0.389   0.515
 91 107 10 01 30  -0.335   0.106  -0.395   0.529
 91 107 10 02 30  -0.336   0.102  -0.397   0.530
 91 107 10 03 30  -0.333   0.094  -0.400   0.530
 91 107 10 04 30  -0.342   0.081  -0.390   0.525
 91 107 10 05 30  -0.336   0.048  -0.372   0.504
 91 107 10 06 30  -0.355   0.037  -0.399   0.535
 91 107 10 07 30  -0.345   0.069  -0.421   0.549
 91 107 10 08 30  -0.333   0.060  -0.421   0.540
 91 107 10 09 30  -0.277   0.074  -0.427   0.515
 91 107 10 10 30  -0.275   0.088  -0.459   0.542
 91 107 10 11 30  -0.293   0.085  -0.450   0.544
 91 107 10 12 30  -0.313   0.072  -0.436   0.542
 91 107 10 13 30  -0.336   0.051  -0.436   0.553
 91 107 10 14 30  -0.331   0.042  -0.445   0.556
 91 107 10 15 30  -0.287   0.047  -0.411   0.504
 91 107 10 16 30  -0.312   0.009  -0.378   0.494
 91 107 10 17 30  -0.362  -0.034  -0.340   0.499
 91 107 10 18 30  -0.336  -0.041  -0.309   0.464
 91 107 10 19 30  -0.232   0.086  -0.340   0.423
 91 107 10 20 30  -0.201   0.080  -0.325   0.394
 91 107 10 21 30  -0.211  -0.015  -0.329   0.393
 91 107 10 22 30  -0.241   0.029  -0.304   0.390
 91 107 10 23 30  -0.280   0.038  -0.301   0.414
 91 107 10 24 30  -0.276   0.016  -0.216   0.352
 91 107 10 25 30  -0.263   0.027  -0.296   0.399
 91 107 10 26 30  -0.257   0.058  -0.310   0.408
 91 107 10 27 30  -0.281   0.068  -0.342   0.449
 91 107 10 28 30  -0.332   0.069  -0.355   0.491
 91 107 10 29 30  -0.290   0.062  -0.352   0.464
 91 107 10 30 30  -0.258   0.058  -0.390   0.473
 91 107 10 31 30  -0.288   0.032  -0.296   0.419
 91 107 10 32 30  -0.325   0.016  -0.265   0.420
 91 107 10 33 30  -0.262  -0.027  -0.086   0.319
 91 107 10 34 30  -0.049  -0.062   0.166   0.187
 91 107 10 35 30   0.058  -0.069   0.304   0.319
 91 107 10 36 30   0.077  -0.104   0.464   0.482
 91 107 10 37 30   0.106  -0.090   0.402   0.427
 91 107 10 38 30   0.182  -0.062   0.337   0.389
 91 107 10 39 30   0.108  -0.072   0.316   0.342
 91 107 10 40 30   0.074  -0.054   0.321   0.335
 91 107 10 41 30   0.046  -0.023   0.156   0.167
 91 107 10 42 30   0.031  -0.015   0.149   0.156
 91 107 10 43 30   0.014   0.000   0.064   0.130
 91 107 10 44 30  -0.206   0.085  -0.289   0.367
 91 107 10 45 30  -0.161   0.132  -0.291   0.360
 91 107 10 46 30  -0.094   0.119  -0.279   0.318
 91 107 10 47 30  -0.084   0.084  -0.299   0.323
 91 107 10 48 30  -0.093   0.072  -0.299   0.321
 91 107 10 49 30  -0.150   0.091  -0.400   0.437
 91 107 10 50 30  -0.186   0.093  -0.468   0.512
 91 107 10 51 30  -0.191   0.061  -0.447   0.490
 91 107 10 52 30  -0.191   0.048  -0.390   0.438
 91 107 10 53 30  -0.158   0.025  -0.319   0.358
 91 107 10 54 30  -0.159   0.000  -0.286   0.328
 91 107 10 55 30  -0.147   0.035  -0.291   0.328
 91 107 10 56 30  -0.156   0.024  -0.277   0.324
 91 107 10 57 30  -0.158  -0.038  -0.245   0.299
 91 107 10 58 30  -0.122  -0.115  -0.204   0.276
 91 107 10 59 30  -0.146  -0.053  -0.251   0.300
 91 107 11 00 30  -0.145  -0.037  -0.264   0.304
 91 107 11 01 30  -0.143  -0.027  -0.275   0.312
 91 107 11 02 30  -0.127  -0.010  -0.249   0.280
 91 107 11 03 30  -0.046   0.041  -0.120   0.153
 91 107 11 04 30   0.093  -0.115   0.103   0.184
 91 107 11 05 30   0.131  -0.064   0.123   0.199
 91 107 11 06 30   0.193   0.041   0.157   0.257
 91 107 11 07 30   0.126  -0.156   0.274   0.347
 91 107 11 08 30   0.197  -0.103   0.329   0.400
 91 107 11 09 30   0.290  -0.074   0.427   0.522
 91 107 11 10 30   0.322  -0.080   0.412   0.530
 91 107 11 11 30   0.345  -0.097   0.425   0.557
 91 107 11 12 30   0.337  -0.130   0.438   0.570
 91 107 11 13 30   0.321  -0.137   0.466   0.584
 91 107 11 14 30   0.305  -0.141   0.454   0.566
 91 107 11 15 30   0.290  -0.169   0.437   0.552
 91 107 11 16 30   0.345  -0.164   0.439   0.583
 91 107 11 17 30   0.329  -0.136   0.467   0.588
 91 107 11 18 30   0.320  -0.132   0.483   0.594
 91 107 11 19 30   0.294  -0.117   0.428   0.533
 91 107 11 20 30   0.246  -0.116   0.340   0.437
 91 107 11 21 30   0.244   0.002   0.312   0.412
 91 107 11 22 30   0.267   0.031   0.348   0.441
 91 107 11 23 30   0.285   0.040   0.350   0.454
 91 107 11 24 30   0.265  -0.051   0.369   0.458
 91 107 11 25 30   0.240  -0.070   0.309   0.398
 91 107 11 26 30   0.215  -0.094   0.267   0.356
 91 107 11 27 30   0.194  -0.119   0.296   0.374
 91 107 11 28 30   0.205  -0.114   0.372   0.440
 91 107 11 29 30   0.176  -0.048   0.309   0.359
 91 107 11 30 30   0.164  -0.007   0.283   0.327
 91 107 11 31 30   0.192  -0.053   0.292   0.354
 91 107 11 32 30   0.195  -0.076   0.312   0.377
 91 107 11 33 30   0.180  -0.076   0.331   0.385
 91 107 11 34 30   0.184  -0.071   0.347   0.399
 91 107 11 35 30   0.170  -0.052   0.346   0.389
 91 107 11 36 30   0.149  -0.025   0.311   0.346
 91 107 11 37 30   0.191  -0.054   0.342   0.396
 91 107 11 38 30   0.241  -0.084   0.376   0.454
 91 107 11 39 30   0.238  -0.099   0.397   0.474
 91 107 11 40 30   0.242  -0.115   0.389   0.473
 91 107 11 41 30   0.230  -0.106   0.361   0.442
 91 107 11 42 30   0.203  -0.102   0.324   0.396
 91 107 11 43 30   0.186  -0.091   0.284   0.352
 91 107 11 44 30   0.146  -0.068   0.250   0.300
 91 107 11 45 30   0.072  -0.028   0.229   0.249
 91 107 11 46 30   0.016  -0.005   0.197   0.201
 91 107 11 47 30   0.024   0.022   0.213   0.217
 91 107 11 48 30   0.025   0.002   0.219   0.221
 91 107 11 49 30   0.040  -0.003   0.212   0.216
 91 107 11 50 30   0.052   0.003   0.227   0.233
 91 107 11 51 30   0.077   0.025   0.260   0.274
 91 107 11 52 30   0.075   0.055   0.257   0.274
 91 107 11 53 30   0.048   0.061   0.257   0.270
 91 107 11 54 30   0.058   0.067   0.250   0.267
 91 107 11 55 30  -0.033   0.057   0.151   0.212
 91 107 11 56 30  -0.239   0.085  -0.027   0.256
 91 107 11 57 30  -0.263   0.135  -0.057   0.301
 91 107 11 58 30  -0.256   0.138  -0.068   0.299
 91 107 11 59 30  -0.246   0.132  -0.093   0.295
 91 107 12 00 30  -0.232   0.126  -0.107   0.285
 91 107 12 01 30  -0.218   0.121  -0.141   0.289
 91 107 12 02 30  -0.003   0.034  -0.267   0.292
 91 107 12 03 30  -0.210   0.117  -0.148   0.284
 91 107 12 04 30  -0.210   0.123  -0.124   0.275
 91 107 12 05 30  -0.192   0.120  -0.120   0.257
 91 107 12 06 30  -0.190   0.124  -0.133   0.264
 91 107 12 07 30  -0.198   0.124  -0.140   0.273
 91 107 12 08 30  -0.203   0.119  -0.133   0.271
 91 107 12 09 30  -0.242   0.115  -0.114   0.292
 91 107 12 10 30  -0.249   0.111  -0.106   0.293
 91 107 12 11 30  -0.246   0.110  -0.120   0.295
 91 107 12 12 30  -0.243   0.096  -0.115   0.286
 91 107 12 13 30  -0.243   0.085  -0.130   0.289
 91 107 12 14 30  -0.236   0.078  -0.122   0.278
 91 107 12 15 30  -0.253   0.074  -0.111   0.286
 91 107 12 16 30  -0.246   0.091  -0.103   0.282
 91 107 12 17 30  -0.252   0.098  -0.102   0.289
 91 107 12 18 30  -0.240   0.092  -0.103   0.278
 91 107 12 19 30  -0.215   0.102  -0.101   0.259
 91 107 12 20 30  -0.219   0.103  -0.106   0.265
 91 107 12 21 30  -0.251   0.110  -0.105   0.294
 91 107 12 22 30  -0.256   0.118  -0.103   0.300
 91 107 12 23 30  -0.266   0.122  -0.105   0.311
 91 107 12 24 30  -0.270   0.125  -0.099   0.314
 91 107 12 25 30  -0.198   0.114  -0.106   0.256
 91 107 12 26 30  -0.199   0.115  -0.106   0.255
 91 107 12 27 30  -0.213   0.126  -0.090   0.264
 91 107 12 28 30  -0.227   0.123  -0.087   0.273
 91 107 12 29 30  -0.239   0.124  -0.071   0.279
 91 107 12 30 30  -0.256   0.124  -0.056   0.290
 91 107 12 31 30  -0.258   0.145  -0.051   0.301
 91 107 12 32 30  -0.249   0.142  -0.031   0.289
 91 107 12 33 30  -0.270   0.138  -0.031   0.305
 91 107 12 34 30  -0.275   0.134  -0.021   0.307
 91 107 12 35 30  -0.274   0.138  -0.006   0.307
 91 107 12 36 30  -0.261   0.113   0.023   0.286
 91 107 12 37 30  -0.247   0.114   0.028   0.274
 91 107 12 38 30  -0.233   0.117   0.007   0.261
 91 107 12 39 30  -0.210   0.087  -0.011   0.229
 91 107 12 40 30  -0.201   0.093  -0.006   0.223
 91 107 12 41 30  -0.157   0.049  -0.028   0.168
 91 107 12 42 30  -0.180   0.058  -0.045   0.195
 91 107 12 43 30  -0.200   0.075  -0.030   0.216
 91 107 12 44 30  -0.217   0.093  -0.020   0.238
 91 107 12 45 30  -0.230   0.096  -0.021   0.251
 91 107 12 46 30  -0.219   0.092   0.008   0.238
 91 107 12 47 30  -0.210   0.080   0.006   0.225
 91 107 12 48 30  -0.233   0.069  -0.009   0.244
 91 107 12 49 30  -0.237   0.083   0.006   0.252
 91 107 12 50 30  -0.226   0.060  -0.001   0.238
 91 107 12 51 30  -0.232   0.028  -0.019   0.235
 91 107 12 52 30  -0.225   0.039  -0.027   0.231
 91 107 12 53 30  -0.222   0.056  -0.010   0.230
 91 107 12 54 30  -0.212   0.085   0.018   0.230
 91 107 12 55 30  -0.205   0.108   0.033   0.235
 91 107 12 56 30  -0.212   0.063   0.054   0.228
 91 107 12 57 30  -0.203   0.033   0.077   0.222
 91 107 12 58 30  -0.254   0.023   0.070   0.266
 91 107 12 59 30  -0.245   0.057   0.037   0.256
 91 107 13 00 30  -0.247   0.086  -0.013   0.263
 91 107 13 01 30  -0.272   0.084  -0.016   0.289
 91 107 13 02 30  -0.310   0.074   0.047   0.323
 91 107 13 03 30  -0.329   0.100  -0.009   0.345
 91 107 13 04 30  -0.325   0.103   0.011   0.341
 91 107 13 05 30  -0.333   0.114   0.004   0.353
 91 107 13 06 30  -0.331   0.113   0.003   0.350
 91 107 13 07 30  -0.329   0.113   0.004   0.348
 91 107 13 08 30  -0.333   0.115   0.007   0.353
 91 107 13 09 30  -0.325   0.108   0.004   0.343
 91 107 13 10 30  -0.328   0.106   0.012   0.346
 91 107 13 11 30  -0.331   0.073   0.028   0.340
 91 107 13 12 30  -0.305   0.049   0.019   0.310
 91 107 13 13 30  -0.278   0.046   0.025   0.283
 91 107 13 14 30  -0.306   0.048   0.031   0.312
 91 107 13 15 30  -0.337   0.042   0.039   0.342
 91 107 13 16 30  -0.353   0.030   0.045   0.357
 91 107 13 17 30  -0.353   0.018   0.053   0.358
 91 107 13 18 30  -0.342   0.003   0.059   0.347
 91 107 13 19 30  -0.329  -0.013   0.060   0.335
 91 107 13 20 30  -0.316  -0.024   0.060   0.323
 91 107 13 21 30  -0.310  -0.023   0.057   0.317
 91 107 13 22 30  -0.340  -0.001   0.056   0.345
 91 107 13 23 30  -0.353   0.008   0.061   0.358
 91 107 13 24 30  -0.345   0.011   0.053   0.349
 91 107 13 25 30  -0.341   0.008   0.059   0.346
 91 107 13 26 30  -0.351   0.007   0.061   0.357
 91 107 13 27 30  -0.353   0.008   0.061   0.359
 91 107 13 28 30  -0.348   0.012   0.060   0.354
 91 107 13 29 30  -0.329   0.004   0.057   0.335
 91 107 13 30 30  -0.341  -0.006   0.047   0.345
 91 107 13 31 30  -0.343  -0.028   0.060   0.350
 91 107 13 32 30  -0.353  -0.032   0.072   0.361
 91 107 13 33 30  -0.349  -0.031   0.088   0.362
 91 107 13 34 30  -0.339  -0.028   0.098   0.355
 91 107 13 35 30  -0.345  -0.036   0.100   0.361
 91 107 13 36 30  -0.345  -0.027   0.091   0.359
 91 107 13 37 30  -0.347  -0.018   0.091   0.359
 91 107 13 38 30  -0.357  -0.033   0.115   0.377
 91 107 13 39 30  -0.345  -0.041   0.135   0.373
 91 107 13 40 30  -0.356  -0.048   0.123   0.380
 91 107 13 41 30  -0.359  -0.018   0.100   0.373
 91 107 13 42 30  -0.356   0.026   0.048   0.361
 91 107 13 43 30  -0.369   0.068   0.001   0.375
 91 107 13 44 30  -0.377   0.103  -0.033   0.393
 91 107 13 45 30  -0.393   0.104  -0.041   0.409
 91 107 13 46 30  -0.385   0.102  -0.045   0.401
 91 107 13 47 30  -0.380   0.101  -0.045   0.396
 91 107 13 48 30  -0.382   0.115  -0.043   0.401
 91 107 13 49 30  -0.379   0.104  -0.055   0.397
 91 107 13 50 30  -0.383   0.107  -0.052   0.401
 91 107 13 51 30  -0.390   0.102  -0.055   0.407
 91 107 13 52 30  -0.395   0.092  -0.060   0.410
 91 107 13 53 30  -0.389   0.090  -0.040   0.401
 91 107 13 54 30  -0.388   0.077  -0.033   0.397
 91 107 13 55 30  -0.388   0.079  -0.040   0.398
 91 107 13 56 30  -0.395   0.082  -0.026   0.405
 91 107 13 57 30  -0.395   0.103  -0.038   0.412
 91 107 13 58 30  -0.401   0.125  -0.024   0.422
 91 107 13 59 30  -0.412   0.068   0.064   0.423
 91 107 14 00 30  -0.405   0.062  -0.013   0.411
 91 107 14 01 30  -0.403   0.064   0.025   0.409
 91 107 14 02 30  -0.397   0.065   0.057   0.406
 91 107 14 03 30  -0.392   0.062   0.058   0.402
 91 107 14 04 30  -0.402   0.047   0.085   0.413
 91 107 14 05 30  -0.406   0.052   0.074   0.416
 91 107 14 06 30  -0.404   0.036   0.101   0.418
 91 107 14 07 30  -0.420   0.033   0.117   0.437
 91 107 14 08 30  -0.432   0.049   0.090   0.447
 91 107 14 09 30  -0.458   0.095   0.009   0.468
 91 107 14 10 30  -0.458   0.095   0.005   0.468
 91 107 14 11 30  -0.466   0.085   0.018   0.474
 91 107 14 12 30  -0.472   0.078   0.022   0.480
 91 107 14 13 30  -0.475   0.079   0.027   0.483
 91 107 14 14 30  -0.472   0.068   0.027   0.478
 91 107 14 15 30  -0.461   0.084  -0.017   0.471
 91 107 14 16 30  -0.448   0.129  -0.103   0.479
 91 107 14 17 30  -0.469   0.148  -0.106   0.503
 91 107 14 18 30  -0.472   0.155  -0.097   0.506
 91 107 14 19 30  -0.477   0.155  -0.094   0.511
 91 107 14 20 30  -0.485   0.151  -0.094   0.517
 91 107 14 21 30  -0.485   0.159  -0.102   0.521
 91 107 14 22 30  -0.482   0.156  -0.090   0.515
 91 107 14 23 30  -0.492   0.148  -0.080   0.520
 91 107 14 24 30  -0.501   0.133  -0.064   0.523
 91 107 14 25 30  -0.499   0.164  -0.042   0.528
 91 107 14 26 30  -0.507   0.156  -0.038   0.532
 91 107 14 27 30  -0.512   0.135  -0.038   0.531
 91 107 14 28 30  -0.517   0.147  -0.036   0.539
 91 107 14 29 30  -0.529   0.137  -0.054   0.549
 91 107 14 30 30  -0.532   0.125  -0.060   0.550
 91 107 14 31 30  -0.529   0.127  -0.042   0.546
 91 107 14 32 30  -0.526   0.138  -0.032   0.545
 91 107 14 33 30  -0.516   0.150  -0.023   0.538
 91 107 14 34 30  -0.517   0.115  -0.039   0.531
 91 107 14 35 30  -0.504   0.162  -0.020   0.530
 91 107 14 36 30  -0.513   0.141  -0.030   0.533
 91 107 14 37 30  -0.515   0.110  -0.033   0.528
 91 107 14 38 30  -0.519   0.113  -0.039   0.533
 91 107 14 39 30  -0.533   0.101  -0.011   0.544
 91 107 14 40 30  -0.529   0.093   0.011   0.537
 91 107 14 41 30  -0.527   0.054   0.034   0.531
 91 107 14 42 30  -0.541   0.058   0.054   0.547
 91 107 14 43 30  -0.525   0.043   0.083   0.533
 91 107 14 44 30  -0.515   0.041   0.086   0.524
 91 107 14 45 30  -0.518   0.038   0.087   0.527
 91 107 14 46 30  -0.522   0.038   0.076   0.529
 91 107 14 47 30  -0.510   0.029   0.076   0.517
 91 107 14 48 30  -0.507  -0.011   0.108   0.519
 91 107 14 49 30  -0.517   0.007   0.091   0.525
 91 107 14 50 30  -0.534  -0.003   0.087   0.542
 91 107 14 51 30  -0.542   0.010   0.084   0.549
 91 107 14 52 30  -0.541   0.017   0.080   0.547
 91 107 14 53 30  -0.539   0.015   0.071   0.544
 91 107 14 54 30  -0.542  -0.001   0.090   0.550
 91 107 14 55 30  -0.527   0.003   0.090   0.535
 91 107 14 56 30  -0.527   0.008   0.083   0.534
 91 107 14 57 30  -0.527   0.004   0.087   0.534
 91 107 14 58 30  -0.526  -0.003   0.076   0.532
 91 107 14 59 30  -0.526  -0.014   0.075   0.531
 91 107 15 00 30  -0.524  -0.011   0.081   0.530
 91 107 15 01 30  -0.525  -0.007   0.078   0.531
 91 107 15 02 30  -0.524  -0.008   0.089   0.532
 91 107 15 03 30  -0.528  -0.025   0.077   0.534
 91 107 15 04 30  -0.529  -0.029   0.077   0.536
 91 107 15 05 30  -0.521  -0.021   0.086   0.529
 91 107 15 06 30  -0.522  -0.026   0.106   0.533
 91 107 15 07 30  -0.526  -0.018   0.105   0.537
 91 107 15 08 30  -0.518  -0.025   0.108   0.530
 91 107 15 09 30  -0.521  -0.039   0.101   0.532
 91 107 15 10 30  -0.483  -0.045   0.106   0.497
 91 107 15 11 30  -0.466  -0.031   0.105   0.479
 91 107 15 12 30  -0.438  -0.028   0.099   0.450
 91 107 15 13 30  -0.438  -0.011   0.089   0.447
 91 107 15 15 30  -0.353  -0.169   0.197   0.439
 91 107 15 16 30  -0.333  -0.169   0.215   0.432
 91 107 15 17 30  -0.323  -0.173   0.245   0.442
 91 107 15 18 30  -0.349  -0.142   0.237   0.446
 91 107 15 19 30  -0.360  -0.122   0.226   0.443
 91 107 15 20 30  -0.399  -0.100   0.188   0.455
 91 107 15 21 30  -0.416  -0.093   0.164   0.457
 91 107 15 22 30  -0.416  -0.108   0.156   0.458
 91 107 15 23 30  -0.410  -0.124   0.165   0.459
 91 107 15 24 30  -0.410  -0.120   0.161   0.457
 91 107 15 25 30  -0.415  -0.116   0.163   0.461
 91 107 15 26 30  -0.423  -0.127   0.157   0.469
 91 107 15 27 30  -0.406  -0.135   0.169   0.461
 91 107 15 28 30  -0.391  -0.153   0.156   0.450
 91 107 15 29 30  -0.359  -0.196   0.178   0.448
 91 107 15 30 30  -0.366  -0.192   0.170   0.452
 91 107 15 31 30  -0.349  -0.177   0.239   0.459
 91 107 15 32 30  -0.382  -0.123   0.164   0.442
 91 107 15 33 30  -0.432  -0.042   0.101   0.447
 91 107 15 34 30  -0.424  -0.019   0.156   0.453
 91 107 15 35 30  -0.420  -0.062   0.166   0.457
 91 107 15 36 30  -0.411  -0.098   0.164   0.454
 91 107 15 37 30  -0.430  -0.057   0.111   0.449
 91 107 15 38 30  -0.447  -0.041   0.047   0.452
 91 107 15 39 30  -0.429  -0.103   0.112   0.457
 91 107 15 40 30  -0.403  -0.087   0.190   0.458
 91 107 15 41 30  -0.415  -0.084   0.150   0.450
 91 107 15 42 30  -0.415  -0.151   0.177   0.478
 91 107 15 43 30  -0.410  -0.160   0.210   0.488
 91 107 15 44 30  -0.415  -0.145   0.216   0.490
 91 107 15 45 30  -0.433  -0.066   0.198   0.482
 91 107 15 46 30  -0.397  -0.062   0.219   0.459
 91 107 15 47 30  -0.396  -0.108   0.216   0.464
 91 107 15 48 30  -0.403  -0.127   0.235   0.484
 91 107 15 49 30  -0.381  -0.112   0.263   0.477
 91 107 15 50 30  -0.351  -0.090   0.297   0.469
 91 107 15 51 30  -0.480  -0.203   0.073   0.544
 91 107 15 52 30  -0.519  -0.198   0.026   0.557
 91 107 15 53 30  -0.543  -0.191   0.053   0.578
 91 107 15 54 30  -0.534  -0.177   0.052   0.565
 91 107 15 55 30  -0.532  -0.171   0.049   0.561
 91 107 15 56 30  -0.533  -0.165   0.074   0.563
 91 107 15 57 30  -0.529  -0.158   0.077   0.558
 91 107 15 58 30  -0.515  -0.150   0.077   0.542
 91 107 15 59 30  -0.465  -0.137   0.076   0.491
 91 107 16 00 30  -0.479  -0.127   0.085   0.503
 91 107 16 03 30  -0.476  -0.059   0.068   0.485
 91 107 16 04 30  -0.470  -0.088   0.104   0.489
 91 107 16 05 30  -0.485  -0.101   0.085   0.503
 91 107 16 06 30  -0.481  -0.121   0.087   0.504
 91 107 16 07 30  -0.474  -0.115   0.083   0.495
 91 107 16 08 30  -0.456  -0.110   0.099   0.480
 91 107 16 09 30  -0.442  -0.104   0.088   0.463
 91 107 16 10 30  -0.435  -0.125   0.113   0.467
 91 107 16 11 30  -0.434  -0.151   0.106   0.472
 91 107 16 13 30  -0.393  -0.185   0.181   0.471
 91 107 16 14 30  -0.388  -0.185   0.197   0.474
 91 107 16 15 30  -0.428  -0.153   0.092   0.467
 91 107 16 16 30  -0.416  -0.154   0.160   0.471
 91 107 16 17 30  -0.396  -0.166   0.136   0.455
 91 107 16 18 30  -0.401  -0.131   0.111   0.438
 91 107 16 19 30  -0.389  -0.120   0.095   0.419
 91 107 16 20 30  -0.349  -0.154   0.049   0.387
 91 107 16 21 30  -0.375  -0.134   0.082   0.407
 91 107 16 22 30  -0.407  -0.154   0.117   0.451
 91 107 16 23 30  -0.381  -0.167   0.126   0.435
 91 107 16 24 30  -0.360  -0.163   0.148   0.422
 91 107 16 25 30  -0.383  -0.110   0.082   0.409
 91 107 16 26 30  -0.318  -0.101   0.106   0.351
 91 107 16 27 30  -0.346  -0.126   0.128   0.390
 91 107 16 28 30  -0.327  -0.126   0.121   0.372
 91 107 16 29 30  -0.327  -0.106   0.112   0.362
 91 107 16 30 30  -0.344  -0.082   0.106   0.369
 91 107 16 31 30  -0.318  -0.095   0.126   0.356
 91 107 16 32 30  -0.294  -0.107   0.122   0.338
 91 107 16 33 30  -0.246  -0.084   0.128   0.292
 91 107 16 34 30  -0.257  -0.128   0.170   0.335
 91 107 16 40 30   0.223  -0.064   0.198   0.305
 91 107 16 41 30   0.216  -0.084   0.190   0.301
 91 107 16 42 30   0.214  -0.091   0.175   0.292
 91 107 16 43 30   0.212  -0.068   0.163   0.276
 91 107 16 44 30   0.232  -0.061   0.170   0.295
 91 107 16 45 30   0.254  -0.042   0.157   0.304
 91 107 16 46 30   0.259  -0.058   0.148   0.306
 91 107 16 47 30   0.227  -0.090   0.148   0.286
 91 107 16 48 30   0.264  -0.114   0.155   0.328
 91 107 16 49 30   0.218  -0.204   0.218   0.371
 91 107 16 50 30   0.185  -0.227   0.212   0.362
 91 107 16 51 30   0.175  -0.227   0.206   0.354
 91 107 16 52 30   0.178  -0.214   0.207   0.348
 91 107 16 53 30   0.209  -0.164   0.208   0.340
 91 107 16 54 30   0.178  -0.188   0.206   0.333
 91 107 16 55 30   0.109  -0.209   0.236   0.334
 91 107 16 56 30   0.097  -0.211   0.238   0.333
 91 107 16 57 30   0.107  -0.194   0.252   0.337
 91 107 16 58 30   0.119  -0.190   0.261   0.345
 91 107 16 59 30   0.091  -0.225   0.265   0.360
 91 107 17 00 30   0.112  -0.236   0.274   0.380
 91 107 17 01 30   0.099  -0.297   0.213   0.380
 91 107 17 02 30   0.113  -0.287   0.223   0.381
 91 107 17 03 30   0.091  -0.284   0.224   0.374
 91 107 17 04 30   0.138  -0.287   0.211   0.383
 91 107 17 05 30   0.078  -0.328   0.173   0.379
 91 107 17 06 30   0.069  -0.302   0.208   0.374
 91 107 17 07 30   0.098  -0.282   0.196   0.358
 91 107 17 08 30   0.077  -0.209   0.221   0.315
 91 107 17 09 30   0.104  -0.220   0.160   0.298
 91 107 17 10 30   0.110  -0.241   0.157   0.310
 91 107 17 11 30   0.171  -0.238   0.129   0.321
 91 107 17 12 30   0.170  -0.226   0.135   0.321
 91 107 17 13 30   0.207  -0.205   0.089   0.305
 91 107 17 14 30   0.138  -0.188   0.131   0.282
 91 107 17 15 30  -0.145  -0.156   0.237   0.380
 91 107 17 16 30  -0.228  -0.131   0.213   0.340
 91 107 17 17 30  -0.242  -0.130   0.211   0.347
 91 107 17 18 30  -0.247  -0.131   0.210   0.352
 91 107 17 19 30  -0.239  -0.146   0.223   0.362
 91 107 17 20 30  -0.247  -0.153   0.198   0.356
 91 107 17 21 30  -0.301  -0.079   0.156   0.352
 91 107 17 22 30  -0.303  -0.113   0.149   0.357
 91 107 17 23 30  -0.286  -0.162   0.121   0.355
 91 107 17 24 30  -0.309  -0.116   0.106   0.348
 91 107 17 25 30  -0.297  -0.161   0.126   0.361
 91 107 17 26 30  -0.263  -0.180   0.157   0.360
 91 107 17 27 30  -0.206  -0.204   0.168   0.342
 91 107 17 28 30  -0.170  -0.215   0.185   0.332
 91 107 17 29 30  -0.176  -0.231   0.166   0.338
 91 107 17 30 30  -0.238  -0.169   0.143   0.329
 91 107 17 31 30  -0.163  -0.220   0.174   0.326
 91 107 17 32 30  -0.072  -0.218   0.198   0.309
 91 107 17 33 30  -0.130  -0.208   0.185   0.311
 91 107 17 34 30  -0.111  -0.255   0.133   0.312
 91 107 17 35 30  -0.053  -0.286   0.113   0.316
 91 107 17 36 30  -0.109  -0.245   0.181   0.330
 91 107 17 37 30  -0.157  -0.188   0.239   0.346
 91 107 17 38 30  -0.186  -0.166   0.205   0.331
 91 107 17 39 30  -0.185  -0.151   0.185   0.304
 91 107 17 40 30  -0.183  -0.202   0.162   0.318
 91 107 17 41 30  -0.146  -0.172   0.164   0.284
 91 107 17 42 30  -0.087  -0.176   0.213   0.292
 91 107 17 43 30  -0.141  -0.201   0.175   0.303
 91 107 17 44 30  -0.138  -0.202   0.164   0.296
 91 107 17 45 30  -0.080  -0.238   0.153   0.296
 91 107 17 46 30  -0.126  -0.234   0.148   0.310
 91 107 17 47 30  -0.021  -0.281   0.150   0.322
 91 107 17 48 30  -0.035  -0.266   0.130   0.303
 91 107 17 49 30  -0.199  -0.149   0.130   0.288
 91 107 17 50 30  -0.164  -0.212   0.131   0.302
 91 107 17 51 30  -0.123  -0.255   0.090   0.298
 91 107 17 52 30  -0.107  -0.258   0.099   0.303
 91 107 17 53 30  -0.027  -0.292   0.115   0.319
 91 107 17 54 30  -0.043  -0.291   0.077   0.314
 91 107 17 55 30  -0.022  -0.288   0.071   0.301
 91 107 17 56 30  -0.042  -0.296   0.043   0.304
 91 107 17 57 30   0.063  -0.251  -0.005   0.262
 91 107 17 58 30   0.101  -0.259  -0.040   0.282
 91 107 17 59 30   0.105  -0.242  -0.067   0.274
 91 107 18 00 30  -0.092  -0.208   0.102   0.299
 91 107 18 01 30  -0.162  -0.176   0.176   0.298
 91 107 18 02 30  -0.148  -0.171   0.214   0.311
 91 107 18 06 30  -0.054  -0.234   0.073   0.252
 91 107 18 07 30  -0.048  -0.252   0.059   0.264
 91 107 18 08 30  -0.067  -0.265   0.069   0.282
 91 107 18 09 30  -0.051  -0.240   0.060   0.253
 91 107 18 10 30  -0.030  -0.277   0.058   0.286
 91 107 18 11 30  -0.022  -0.265   0.080   0.281
 91 107 18 12 30  -0.024  -0.266   0.068   0.276
 91 107 18 13 30  -0.102  -0.250   0.126   0.300
 91 107 18 14 30  -0.136  -0.313   0.147   0.373
 91 107 18 15 30  -0.140  -0.314   0.134   0.370
 91 107 18 16 30  -0.057  -0.359   0.099   0.379
 91 107 18 17 30  -0.254  -0.207   0.189   0.382
 91 107 18 18 30  -0.245  -0.246   0.165   0.386
 91 107 18 19 30  -0.219  -0.274   0.157   0.386
 91 107 18 20 30  -0.169  -0.295   0.160   0.377
 91 107 18 21 30  -0.189  -0.277   0.179   0.382
 91 107 18 22 30  -0.180  -0.307   0.162   0.391
 91 107 18 23 30  -0.181  -0.326   0.177   0.413
 91 107 18 24 30  -0.366  -0.289   0.126   0.625
 91 107 18 25 30  -0.192  -0.374   0.153   0.448
 91 107 18 26 30  -0.188  -0.371   0.145   0.441
 91 107 18 27 30  -0.136  -0.351   0.112   0.394
 91 107 18 28 30  -0.126  -0.377   0.108   0.412
 91 107 18 29 30  -0.101  -0.368   0.065   0.391
 91 107 18 30 30  -0.045  -0.377  -0.028   0.383
 91 107 18 31 30  -0.056  -0.365   0.002   0.371
 91 107 18 32 30  -0.074  -0.361   0.029   0.370
 91 107 18 33 30  -0.043  -0.393   0.048   0.399
 91 107 18 34 30  -0.057  -0.396   0.142   0.426
 91 107 18 35 30  -0.069  -0.387   0.148   0.424
 91 107 18 36 30  -0.045  -0.412   0.082   0.423
 91 107 18 37 30  -0.080  -0.348   0.160   0.392
 91 107 18 38 30  -0.078  -0.333   0.159   0.379
 91 107 18 39 30  -0.103  -0.352   0.164   0.404
 91 107 18 40 30  -0.080  -0.414   0.180   0.459
 91 107 18 41 30  -0.050  -0.428   0.144   0.455
 91 107 18 42 30  -0.084  -0.408   0.187   0.457
 91 107 18 43 30  -0.097  -0.411   0.165   0.454
 91 107 18 44 30  -0.093  -0.406   0.165   0.450
 91 107 18 45 30  -0.070  -0.413   0.186   0.459
 91 107 18 46 30  -0.068  -0.406   0.201   0.458
 91 107 18 47 30  -0.071  -0.415   0.214   0.473
 91 107 18 48 30  -0.051  -0.439   0.138   0.463
 91 107 18 49 30  -0.052  -0.423   0.136   0.453
 91 107 18 50 30  -0.057  -0.382   0.266   0.469
 91 107 18 51 30  -0.052  -0.410   0.235   0.476
 91 107 18 52 30  -0.043  -0.429   0.154   0.459
 91 107 18 53 30  -0.031  -0.445   0.149   0.470
 91 107 18 54 30  -0.044  -0.455   0.121   0.474
 91 107 18 55 30  -0.040  -0.473   0.105   0.486
 91 107 18 56 30  -0.043  -0.483   0.069   0.490
 91 107 18 57 30  -0.063  -0.475   0.045   0.482
 91 107 18 58 30  -0.073  -0.452   0.098   0.471
 91 107 18 59 30  -0.061  -0.440   0.134   0.464
 91 107 19 00 30  -0.086  -0.435   0.147   0.467
 91 107 19 01 30  -0.055  -0.432   0.202   0.481
 91 107 19 02 30  -0.037  -0.372   0.149   0.404
 91 107 19 03 30  -0.052  -0.369   0.148   0.403
 91 107 19 04 30  -0.042  -0.350   0.163   0.389
 91 107 19 05 30  -0.003  -0.363   0.176   0.405
 91 107 19 06 30  -0.026  -0.389   0.149   0.420
 91 107 19 07 30  -0.088  -0.408   0.196   0.462
 91 107 19 08 30  -0.084  -0.397   0.197   0.451
 91 107 19 09 30  -0.009  -0.398   0.093   0.412
 91 107 19 10 30   0.008  -0.387   0.059   0.394
 91 107 19 11 30   0.008  -0.377   0.048   0.381
 91 107 19 12 30   0.050  -0.362   0.101   0.381
 91 107 19 13 30   0.033  -0.351   0.117   0.372
 91 107 19 14 30   0.006  -0.351   0.130   0.375
 91 107 19 15 30   0.019  -0.330   0.135   0.357
 91 107 19 16 30  -0.038  -0.330   0.137   0.360
 91 107 19 17 30  -0.028  -0.313   0.130   0.341
 91 107 19 18 30  -0.054  -0.300   0.139   0.336
 91 107 19 19 30  -0.062  -0.338   0.138   0.371
 91 107 19 20 30  -0.044  -0.358   0.172   0.400
 91 107 19 21 30  -0.051  -0.361   0.187   0.410
 91 107 19 22 30  -0.060  -0.353   0.191   0.406
 91 107 19 23 30  -0.110  -0.278   0.122   0.326
 91 107 19 24 30  -0.101  -0.325   0.175   0.383
 91 107 19 25 30  -0.097  -0.287   0.153   0.340
 91 107 19 26 30  -0.091  -0.302   0.118   0.338
 91 107 19 27 30  -0.092  -0.322   0.113   0.356
 91 107 19 28 30   0.110  -0.114   0.112   0.254
 91 107 19 29 30   0.025  -0.220   0.108   0.296
 91 107 19 30 30  -0.056  -0.274   0.109   0.301
 91 107 19 31 30  -0.064  -0.234   0.114   0.268
 91 107 19 32 30  -0.047  -0.282   0.105   0.307
 91 107 19 33 30   0.179  -0.103  -0.081   0.235
 91 107 19 34 30   0.141  -0.090  -0.125   0.212
 91 107 19 35 30   0.211  -0.074  -0.088   0.249
 91 107 19 36 30   0.271   0.009  -0.122   0.299
 91 107 19 37 30   0.264   0.070  -0.144   0.310
 91 107 19 38 30   0.261   0.092  -0.135   0.309
 91 107 19 39 30   0.288   0.086  -0.116   0.323
 91 107 19 40 30   0.272   0.149  -0.077   0.322
 91 107 19 41 30   0.266   0.143  -0.030   0.306
 91 107 19 42 30   0.260   0.145  -0.042   0.313
 91 107 19 43 30   0.264   0.126  -0.130   0.323
 91 107 19 44 30   0.286   0.110  -0.117   0.331
 91 107 19 45 30   0.295   0.044  -0.122   0.325
 91 107 19 46 30   0.324   0.045  -0.070   0.335
 91 107 19 47 30   0.332   0.060  -0.080   0.347
 91 107 19 48 30   0.313   0.031  -0.125   0.343
 91 107 19 49 30   0.203   0.033  -0.153   0.274
 91 107 19 50 30   0.258   0.021  -0.188   0.321
 91 107 19 51 30   0.268  -0.047  -0.166   0.320
 91 107 19 52 30   0.086  -0.308   0.055   0.344
 91 107 19 53 30   0.029  -0.339   0.117   0.360
 91 107 19 54 30  -0.027  -0.333   0.161   0.372
 91 107 19 55 30  -0.082  -0.323   0.206   0.396
 91 107 19 56 30  -0.108  -0.374   0.215   0.445
 91 107 19 57 30  -0.148  -0.371   0.252   0.473
 91 107 19 58 30  -0.182  -0.411   0.314   0.549
 91 107 19 59 30  -0.200  -0.431   0.330   0.578
 91 107 20 00 30  -0.174  -0.428   0.324   0.565
 91 107 20 01 30  -0.179  -0.434   0.344   0.582
 91 107 20 02 30  -0.207  -0.439   0.363   0.607
 91 107 20 03 30  -0.211  -0.413   0.356   0.585
 91 107 20 04 30  -0.166  -0.410   0.410   0.604
 91 107 20 05 30  -0.218  -0.357   0.440   0.608
 91 107 20 06 30  -0.208  -0.418   0.378   0.602
 91 107 20 07 30  -0.192  -0.421   0.442   0.640
 91 107 20 08 30  -0.185  -0.441   0.448   0.655
 91 107 20 09 30  -0.191  -0.460   0.445   0.668
 91 107 20 10 30  -0.199  -0.470   0.442   0.676
 91 107 20 11 30  -0.189  -0.475   0.422   0.663
 91 107 20 12 30  -0.158  -0.464   0.447   0.663
 91 107 20 13 30  -0.116  -0.497   0.390   0.643
 91 107 20 14 30  -0.112  -0.433   0.407   0.605
 91 107 20 15 30  -0.100  -0.508   0.399   0.654
 91 107 20 16 30  -0.084  -0.500   0.365   0.627
 91 107 20 17 30  -0.045  -0.448   0.424   0.620
 91 107 20 18 30  -0.048  -0.461   0.402   0.614
 91 107 20 19 30  -0.045  -0.459   0.404   0.614
 91 107 20 20 30  -0.045  -0.431   0.451   0.626
 91 107 20 21 30  -0.042  -0.422   0.507   0.662
 91 107 20 22 30  -0.121  -0.425   0.511   0.677
 91 107 20 23 30  -0.109  -0.420   0.503   0.665
 91 107 20 24 30  -0.127  -0.444   0.499   0.680
 91 107 20 25 30  -0.121  -0.441   0.520   0.693
 91 107 20 26 30  -0.086  -0.381   0.514   0.649
 91 107 20 27 30  -0.078  -0.359   0.515   0.640
 91 107 20 28 30  -0.166  -0.380   0.472   0.629
 91 107 20 29 30  -0.151  -0.358   0.500   0.634
 91 107 20 30 30  -0.174  -0.392   0.498   0.657
 91 107 20 31 30  -0.150  -0.392   0.507   0.658
 91 107 20 32 30  -0.146  -0.370   0.500   0.639
 91 107 20 33 30  -0.112  -0.334   0.458   0.582
 91 107 20 34 30   0.100  -0.229   0.529   0.585
 91 107 20 35 30   0.063  -0.281   0.511   0.588
 91 107 20 36 30   0.017  -0.359   0.483   0.602
 91 107 20 37 30  -0.051  -0.369   0.463   0.596
 91 107 20 38 30  -0.093  -0.371   0.453   0.593
 91 107 20 39 30  -0.066  -0.328   0.422   0.541
 91 107 20 40 30  -0.024  -0.260   0.482   0.555
 91 107 20 41 30   0.055  -0.149   0.518   0.543
 91 107 20 42 30  -0.008  -0.250   0.473   0.540
 91 107 20 43 30   0.004  -0.233   0.462   0.519
 91 107 20 44 30  -0.026  -0.294   0.470   0.556
 91 107 20 45 30  -0.021  -0.287   0.455   0.539
 91 107 20 46 30  -0.067  -0.333   0.438   0.556
 91 107 20 47 30  -0.059  -0.316   0.451   0.555
 91 107 20 48 30  -0.031  -0.257   0.478   0.546
 91 107 20 49 30   0.054  -0.144   0.439   0.488
 91 107 20 50 30   0.091  -0.080   0.411   0.431
 91 107 20 51 30   0.091  -0.093   0.430   0.455
 91 107 20 52 30   0.075  -0.071   0.425   0.444
 91 107 20 53 30   0.162  -0.118   0.387   0.442
 91 107 20 54 30   0.087  -0.141   0.375   0.420
 91 107 20 55 30   0.086  -0.223   0.392   0.473
 91 107 20 56 30   0.110  -0.200   0.384   0.460
 91 107 20 57 30   0.256  -0.029   0.321   0.428
 91 107 20 58 30   0.208  -0.157   0.372   0.455
 91 107 20 59 30   0.281  -0.177   0.340   0.479
 91 107 21 00 30   0.358  -0.074   0.295   0.476
 91 107 21 01 30   0.333  -0.052   0.319   0.472
 91 107 21 02 30   0.226  -0.071   0.315   0.408
 91 107 21 03 30   0.151  -0.112   0.338   0.388
 91 107 21 05 30   0.188  -0.085   0.338   0.396
 91 107 21 06 30   0.142  -0.112   0.360   0.404
 91 107 21 07 30   0.101  -0.133   0.368   0.406
 91 107 21 08 30   0.188  -0.128   0.333   0.409
 91 107 21 09 30   0.083  -0.170   0.356   0.404
 91 107 21 10 30   0.090  -0.209   0.325   0.398
 91 107 21 11 30   0.200  -0.268   0.213   0.399
 91 107 21 12 30   0.125  -0.290   0.249   0.407
 91 107 21 13 30   0.073  -0.296   0.250   0.399
 91 107 21 14 30   0.119  -0.312   0.221   0.401
 91 107 21 15 30   0.217  -0.301   0.121   0.400
 91 107 21 16 30   0.235  -0.320   0.044   0.400
 91 107 21 17 30   0.240  -0.326   0.009   0.407
 91 107 21 18 30   0.245  -0.311  -0.016   0.401
 91 107 21 19 30   0.253  -0.291   0.001   0.387
 91 107 21 20 30   0.248  -0.292  -0.047   0.387
 91 107 21 21 30   0.239  -0.288  -0.113   0.392
 91 107 21 22 30   0.308  -0.236   0.021   0.395
 91 107 21 23 30   0.356  -0.192   0.039   0.407
 91 107 21 24 30   0.348  -0.190   0.034   0.400
 91 107 21 25 30   0.378  -0.169   0.034   0.417
 91 107 21 26 30   0.389  -0.107  -0.069   0.420
 91 107 21 27 30   0.392  -0.037  -0.146   0.426
 91 107 21 28 30   0.390   0.027  -0.185   0.433
 91 107 21 29 30   0.405  -0.096  -0.048   0.447
 91 107 21 30 30   0.413  -0.236   0.071   0.482
 91 107 21 31 30   0.413  -0.241   0.066   0.483
 91 107 21 32 30   0.410  -0.233   0.060   0.475
 91 107 21 33 30   0.433  -0.182   0.063   0.474
 91 107 21 34 30   0.456  -0.158   0.064   0.488
 91 107 21 35 30   0.468  -0.156   0.063   0.498
 91 107 21 36 30   0.402  -0.211   0.002   0.456
 91 107 21 37 30   0.409  -0.209   0.064   0.471
 91 107 21 38 30   0.427  -0.184   0.133   0.484
 91 107 21 39 30   0.456  -0.193   0.115   0.509
 91 107 21 40 30   0.467  -0.198   0.112   0.520
 91 107 21 41 30   0.445  -0.207   0.149   0.513
 91 107 21 42 30   0.456  -0.209   0.136   0.520
 91 107 21 43 30   0.390  -0.280   0.093   0.499
 91 107 21 44 30   0.334  -0.363   0.123   0.509
 91 107 21 45 30   0.335  -0.355   0.147   0.511
 91 107 21 46 30   0.315  -0.360   0.128   0.499
 91 107 21 47 30   0.271  -0.429   0.158   0.534
 91 107 21 48 30   0.295  -0.420   0.138   0.534
 91 107 21 49 30   0.243  -0.453   0.169   0.549
 91 107 21 50 30   0.089  -0.472   0.216   0.529
 91 107 21 51 30   0.104  -0.469   0.256   0.545
 91 107 21 52 30   0.161  -0.469   0.269   0.566
 91 107 21 53 30   0.276  -0.428   0.226   0.560
 91 107 21 54 30   0.389  -0.373   0.168   0.566
 91 107 21 55 30   0.406  -0.400   0.216   0.611
 91 107 21 56 30   0.369  -0.392   0.232   0.590
 91 107 21 57 30   0.284  -0.465   0.228   0.594
 91 107 21 58 30   0.271  -0.489   0.207   0.596
 91 107 21 59 30   0.298  -0.525   0.217   0.643
 91 107 22 00 30   0.361  -0.456   0.168   0.623
 91 107 22 01 30   0.314  -0.363   0.048   0.515
 91 107 22 02 30   0.289  -0.352   0.178   0.490
 91 107 22 03 30   0.218  -0.232   0.159   0.362
 91 107 22 04 30   0.321  -0.402   0.249   0.574
 91 107 22 05 30   0.296  -0.393   0.244   0.558
 91 107 22 06 30  -0.015  -0.456   0.077   0.468
 91 107 22 07 30   0.040  -0.474   0.115   0.512
 91 107 22 08 30   0.310  -0.394   0.386   0.635
 91 107 22 09 30   0.311  -0.570   0.249   0.696
 91 107 22 10 30   0.378  -0.481   0.419   0.786
 91 107 22 11 30   0.486  -0.218   0.719   0.900
 91 107 22 12 30   0.517  -0.110   0.782   0.954
 91 107 22 13 30   0.477  -0.032   0.848   0.982
 91 107 22 14 30   0.460  -0.024   0.833   0.956
 91 107 22 15 30   0.458  -0.143   0.729   0.905
 91 107 22 16 30   0.438  -0.340   0.531   0.772
 91 107 22 17 30   0.388  -0.114   0.677   0.795
 91 107 22 18 30   0.371  -0.195   0.767   0.876
 91 107 22 19 30   0.395  -0.148   0.707   0.828
 91 107 22 20 30   0.499  -0.173   0.668   0.856
 91 107 22 21 30   0.472  -0.364   0.474   0.772
 91 107 22 22 30   0.483  -0.410   0.419   0.768
 91 107 22 23 30   0.549  -0.399   0.411   0.794
 91 107 22 24 30   0.574  -0.440   0.356   0.806
 91 107 22 25 30   0.570  -0.429   0.369   0.807
 91 107 22 26 30   0.426  -0.054   0.830   0.935
 91 107 22 27 30   0.438  -0.030   0.818   0.929
 91 107 22 28 30   0.427   0.016   0.883   0.981
 91 107 22 29 30   0.410   0.052   0.836   0.934
 91 107 22 30 30   0.457  -0.061   0.794   0.921
 91 107 22 31 30   0.409   0.130   0.902   0.999
 91 107 22 32 30   0.390   0.143   0.862   0.958
 91 107 22 33 30   0.353   0.140   0.808   0.895
 91 107 22 34 30   0.287   0.148   0.781   0.846
 91 107 22 35 30   0.269   0.179   0.789   0.854
 91 107 22 36 30   0.258   0.287   0.757   0.872
 91 107 22 37 30   0.294   0.167   0.713   0.801
 91 107 22 38 30   0.291  -0.063   0.721   0.790
 91 107 22 39 30   0.330   0.005   0.746   0.841
 91 107 22 40 30   0.309   0.333   0.756   0.883
 91 107 22 41 30   0.295   0.278   0.780   0.880
 91 107 22 42 30   0.342   0.294   0.770   0.893
 91 107 22 43 30   0.301   0.228   0.783   0.880
 91 107 22 44 30   0.168   0.029   0.838   0.856
 91 107 22 45 30   0.152   0.039   0.788   0.805
 91 107 22 46 30   0.153   0.018   0.796   0.812
 91 107 22 47 30   0.128   0.008   0.835   0.845
 91 107 22 48 30   0.137   0.043   0.811   0.828
 91 107 22 49 30   0.034   0.005   0.840   0.848
 91 107 22 50 30  -0.062  -0.049   0.818   0.823
 91 107 22 51 30  -0.033  -0.004   0.826   0.829
 91 107 22 52 30  -0.018  -0.061   0.892   0.897
 91 107 22 53 30   0.189   0.306   0.754   0.891
 91 107 22 54 30   0.318   0.407   0.755   0.915
 91 107 22 55 30   0.275   0.346   0.781   0.899
 91 107 22 56 30   0.281   0.316   0.812   0.917
 91 107 22 57 30   0.201   0.140   0.842   0.896
 91 107 22 58 30   0.027  -0.067   0.742   0.764
 91 107 22 59 30   0.070  -0.003   0.750   0.755
 91 107 23 00 30   0.074   0.191   0.776   0.804
 91 107 23 01 30   0.086   0.227   0.828   0.864
 91 107 23 02 30   0.146   0.246   0.897   0.945
 91 107 23 03 30   0.128   0.298   0.853   0.913
 91 107 23 04 30   0.163   0.232   0.867   0.913
 91 107 23 05 30   0.148   0.213   0.894   0.932
 91 107 23 06 30   0.145   0.159   0.924   0.950
 91 107 23 07 30   0.133   0.202   0.914   0.947
 91 107 23 08 30   0.152   0.168   0.892   0.922
 91 107 23 09 30   0.136   0.211   0.914   0.949
 91 107 23 10 30   0.143   0.225   0.885   0.926
 91 107 23 11 30   0.155   0.222   0.878   0.919
 91 107 23 12 30   0.149   0.257   0.840   0.893
 91 107 23 13 30   0.175   0.241   0.866   0.918
 91 107 23 14 30   0.121   0.305   0.842   0.906
 91 107 23 15 30   0.152   0.256   0.836   0.891
 91 107 23 16 30   0.178   0.265   0.823   0.884
 91 107 23 17 30   0.197   0.262   0.831   0.895
 91 107 23 18 30   0.104   0.216   0.837   0.877
 91 107 23 19 30   0.110   0.175   0.832   0.863
 91 107 23 20 30   0.106   0.202   0.816   0.853
 91 107 23 21 30   0.173   0.221   0.864   0.912
 91 107 23 22 30   0.286   0.217   0.925   0.997
 91 107 23 23 30   0.220   0.293   0.893   0.969
 91 107 23 24 30   0.115   0.369   0.865   0.948
 91 107 23 25 30   0.217   0.423   0.823   0.952
 91 107 23 26 30   0.220   0.417   0.883   1.004
 91 107 23 27 30   0.237   0.290   0.926   1.002
 91 107 23 28 30   0.246   0.239   0.812   0.895
 91 107 23 29 30   0.271   0.201   0.775   0.863
 91 107 23 30 30   0.266   0.260   0.855   0.934
 91 107 23 31 30   0.297   0.260   0.874   0.961
 91 107 23 32 30   0.365   0.173   0.834   0.930
 91 107 23 33 30   0.438   0.091   0.805   0.923
 91 107 23 34 30   0.498   0.189   0.774   0.941
 91 107 23 35 30   0.425   0.217   0.786   0.920
 91 107 23 36 30   0.471   0.202   0.771   0.929
 91 107 23 37 30   0.130   0.499   0.838   0.988
 91 107 23 38 30   0.032   0.569   0.854   1.027
 91 107 23 39 30   0.068   0.610   0.828   1.031
 91 107 23 40 30   0.088   0.622   0.838   1.048
 91 107 23 41 30   0.126   0.628   0.787   1.016
 91 107 23 42 30   0.101   0.680   0.779   1.040
 91 107 23 43 30   0.058   0.642   0.659   0.929
 91 107 23 44 30   0.275   0.701   0.416   0.865
 91 107 23 45 30   0.207   0.648   0.502   0.880
 91 107 23 46 30  -0.046   0.570   0.706   0.910
 91 107 23 47 30   0.016   0.523   0.667   0.856
 91 107 23 48 30   0.260   0.367   0.550   0.722
 91 107 23 49 30   0.173   0.337   0.594   0.718
 91 107 23 50 30   0.133   0.385   0.664   0.784
 91 107 23 51 30   0.075   0.361   0.724   0.820
 91 107 23 52 30   0.145   0.346   0.645   0.752
 91 107 23 53 30   0.149   0.272   0.724   0.802
 91 107 23 54 30   0.194   0.225   0.688   0.800
 91 107 23 55 30   0.069   0.294   0.753   0.818
 91 107 23 56 30   0.063   0.197   0.702   0.741
 91 107 23 57 30   0.094   0.143   0.584   0.619
 91 107 23 58 30   0.110   0.230   0.620   0.684
 91 107 23 59 30   0.002   0.316   0.738   0.805
