 91 115 00 00 30   0.760  -1.194  -0.546   1.519
 91 115 00 01 30   0.828  -1.179  -0.473   1.517
 91 115 00 02 30   0.855  -1.166  -0.452   1.515
 91 115 00 03 30   0.877  -1.136  -0.457   1.506
 91 115 00 04 30   0.879  -1.114  -0.432   1.486
 91 115 00 05 30   0.963  -1.057  -0.367   1.481
 91 115 00 06 30   0.945  -1.050  -0.172   1.458
 91 115 00 07 30   0.833  -1.021  -0.674   1.484
 91 115 00 08 30   0.789  -1.025  -0.621   1.490
 91 115 00 09 30   0.505  -1.119   0.773   1.476
 91 115 00 10 30   0.358  -1.034   0.989   1.479
 91 115 00 11 30   0.245  -1.133   0.906   1.474
 91 115 00 12 30   0.229  -1.099   0.954   1.474
 91 115 00 13 30   0.272  -1.077   0.945   1.462
 91 115 00 14 30   0.269  -1.067   0.951   1.458
 91 115 00 15 30   0.097  -1.033   1.030   1.466
 91 115 00 16 30  -0.005  -0.866   1.156   1.450
 91 115 00 17 30   0.102  -0.779   1.242   1.472
 91 115 00 18 30   0.145  -0.784   1.237   1.474
 91 115 00 19 30   0.166  -0.801   1.248   1.494
 91 115 00 20 30   0.241  -0.960   1.117   1.497
 91 115 00 21 30   0.183  -0.849   1.205   1.487
 91 115 00 22 30   0.241  -0.844   1.179   1.472
 91 115 00 23 30   0.212  -0.845   1.222   1.502
 91 115 00 24 30   0.206  -0.823   1.232   1.496
 91 115 00 25 30   0.220  -0.873   1.210   1.509
 91 115 00 26 30   0.278  -0.921   1.167   1.515
 91 115 00 27 30   0.263  -0.854   1.190   1.491
 91 115 00 28 30   0.409  -1.046   1.022   1.530
 91 115 00 29 30   0.606  -1.288   0.491   1.543
 91 115 00 30 30   0.690  -1.429  -0.163   1.598
 91 115 00 31 30   0.666  -1.443  -0.038   1.591
 91 115 00 32 30   0.698  -1.416  -0.011   1.581
 91 115 00 33 30   0.711  -1.387  -0.090   1.568
 91 115 00 34 30   0.662  -1.369  -0.039   1.533
 91 115 00 35 30   0.606  -1.386  -0.040   1.515
 91 115 00 36 30   0.612  -1.374  -0.005   1.507
 91 115 00 37 30   0.666  -1.345  -0.154   1.509
 91 115 00 38 30   0.731  -1.285  -0.206   1.494
 91 115 00 39 30   0.545  -1.384  -0.184   1.502
 91 115 00 40 30   0.692  -1.281  -0.380   1.506
 91 115 00 41 30   0.628  -1.337  -0.229   1.502
 91 115 00 42 30   0.713  -1.267  -0.347   1.504
 91 115 00 43 30   0.559  -1.345  -0.251   1.499
 91 115 00 44 30   0.566  -1.380  -0.136   1.498
 91 115 00 45 30   0.602  -1.358  -0.206   1.500
 91 115 00 46 30   0.586  -1.329  -0.334   1.496
 91 115 00 47 30   0.577  -1.301  -0.465   1.500
 91 115 00 48 30   0.648  -1.209  -0.625   1.509
 91 115 00 49 30   0.667  -1.127  -0.736   1.508
 91 115 00 50 30   0.652  -1.126  -0.738   1.500
 91 115 00 51 30   0.591  -1.110  -0.756   1.471
 91 115 00 52 30   0.615  -1.176  -0.710   1.509
 91 115 00 53 30   0.640  -1.125  -0.797   1.532
 91 115 00 54 30   0.729  -1.118  -0.779   1.550
 91 115 00 55 30   0.715  -1.120  -0.785   1.548
 91 115 00 56 30   0.676  -1.119  -0.811   1.539
 91 115 00 57 30   0.682  -1.152  -0.747   1.537
 91 115 00 58 30   0.682  -1.131  -0.766   1.532
 91 115 00 59 30   0.566  -1.208  -0.721   1.521
 91 115 01 00 30   0.651  -1.305  -0.417   1.528
 91 115 01 01 30   0.691  -1.189  -0.637   1.518
 91 115 01 02 30   0.708  -1.147  -0.671   1.509
 91 115 01 03 30   0.678  -1.134  -0.709   1.505
 91 115 01 04 30   0.530  -1.125  -0.811   1.491
 91 115 01 05 30   0.791  -1.140  -0.567   1.505
 91 115 01 06 30   0.552  -1.184  -0.724   1.497
 91 115 01 07 30   0.623  -1.164  -0.708   1.501
 91 115 01 08 30   0.521  -1.148  -0.767   1.482
 91 115 01 09 30   0.417  -1.156  -0.789   1.464
 91 115 01 10 30   0.529  -1.133  -0.766   1.469
 91 115 01 11 30   0.595  -1.083  -0.775   1.462
 91 115 01 12 30   0.626  -1.034  -0.804   1.453
 91 115 01 13 30   0.600  -0.958  -0.874   1.432
 91 115 01 14 30   0.649  -0.899  -0.888   1.422
 91 115 01 15 30   0.767  -0.863  -0.827   1.423
 91 115 01 16 30   0.795  -0.845  -0.822   1.425
 91 115 01 17 30   0.774  -0.806  -0.886   1.430
 91 115 01 18 30   0.681  -0.945  -0.820   1.427
 91 115 01 19 30   0.661  -1.097  -0.625   1.426
 91 115 01 20 30   0.551  -1.010  -0.760   1.405
 91 115 01 21 30   0.378  -0.984  -0.898   1.392
 91 115 01 22 30   0.404  -1.121  -0.695   1.385
 91 115 01 23 30   0.346  -1.213  -0.553   1.382
 91 115 01 24 30   0.501  -1.141  -0.609   1.389
 91 115 01 25 30   0.536  -1.141  -0.580   1.388
 91 115 01 26 30   0.479  -1.145  -0.615   1.386
 91 115 01 27 30   0.437  -1.144  -0.658   1.391
 91 115 01 28 30   0.463  -1.172  -0.587   1.391
 91 115 01 29 30   0.436  -1.172  -0.610   1.392
 91 115 01 30 30   0.419  -1.191  -0.578   1.389
 91 115 01 31 30   0.424  -1.198  -0.569   1.393
 91 115 01 32 30   0.423  -1.226  -0.520   1.399
 91 115 01 33 30   0.446  -1.245  -0.469   1.404
 91 115 01 34 30   0.409  -1.206  -0.596   1.407
 91 115 01 35 30   0.401  -1.199  -0.615   1.408
 91 115 01 36 30   0.450  -1.223  -0.505   1.401
 91 115 01 37 30   0.693  -1.213  -0.072   1.408
 91 115 01 38 30   0.708  -1.167  -0.368   1.416
 91 115 01 39 30   0.649  -1.184  -0.433   1.420
 91 115 01 40 30   0.521  -1.210  -0.507   1.413
 91 115 01 41 30   0.429  -1.186  -0.642   1.418
 91 115 01 42 30   0.413  -1.150  -0.711   1.416
 91 115 01 43 30   0.380  -1.103  -0.793   1.412
 91 115 01 44 30   0.413  -1.119  -0.752   1.419
 91 115 01 45 30   0.478  -1.185  -0.629   1.426
 91 115 01 46 30   0.499  -1.182  -0.629   1.430
 91 115 01 47 30   0.441  -1.171  -0.690   1.431
 91 115 01 48 30   0.415  -1.158  -0.737   1.435
 91 115 01 49 30   0.410  -1.140  -0.767   1.435
 91 115 01 50 30   0.458  -1.090  -0.804   1.433
 91 115 01 51 30   0.788  -0.998  -0.636   1.435
 91 115 01 52 30   0.631  -1.054  -0.746   1.439
 91 115 01 53 30   0.566  -1.083  -0.759   1.442
 91 115 01 54 30   0.560  -1.058  -0.795   1.442
 91 115 01 55 30   0.900  -1.082  -0.286   1.450
 91 115 01 56 30   0.443  -1.182  -0.521   1.453
 91 115 01 57 30   0.294  -1.301  -0.503   1.443
 91 115 01 58 30   0.654  -1.225  -0.406   1.452
 91 115 01 59 30   0.562  -1.276  -0.380   1.450
 91 115 02 00 30   0.682  -1.246  -0.265   1.452
 91 115 02 01 30   0.857  -1.114  -0.356   1.454
 91 115 02 02 30   0.880  -1.130  -0.251   1.456
 91 115 02 03 30   0.873  -1.148  -0.197   1.457
 91 115 02 04 30   0.684  -1.220  -0.363   1.451
 91 115 02 05 30   0.681  -1.225  -0.376   1.452
 91 115 02 06 30   0.668  -1.236  -0.373   1.453
 91 115 02 07 30   0.702  -1.203  -0.433   1.459
 91 115 02 08 30   0.696  -1.202  -0.447   1.459
 91 115 02 09 30   0.726  -1.205  -0.394   1.461
 91 115 02 10 30   0.716  -1.199  -0.382   1.453
 91 115 02 11 30   0.678  -1.176  -0.500   1.449
 91 115 02 12 30   0.679  -1.147  -0.592   1.459
 91 115 02 13 30   0.541  -1.236  -0.515   1.448
 91 115 02 14 30   0.473  -1.283  -0.483   1.451
 91 115 02 15 30   0.460  -1.247  -0.574   1.450
 91 115 02 16 30   0.479  -1.179  -0.686   1.447
 91 115 02 17 30   0.519  -1.183  -0.652   1.450
 91 115 02 18 30   0.607  -1.114  -0.694   1.447
 91 115 02 19 30   0.637  -1.163  -0.581   1.453
 91 115 02 20 30   0.702  -1.218  -0.396   1.461
 91 115 02 21 30   0.749  -1.210  -0.304   1.457
 91 115 02 22 30   0.732  -1.184  -0.399   1.450
 91 115 02 23 30   0.731  -1.194  -0.360   1.447
 91 115 02 24 30   0.736  -1.202  -0.350   1.453
 91 115 02 25 30   0.774  -1.178  -0.330   1.449
 91 115 02 26 30   0.840  -1.142  -0.300   1.451
 91 115 02 27 30   0.820  -1.145  -0.321   1.453
 91 115 02 28 30   0.738  -1.134  -0.497   1.442
 91 115 02 29 30   0.706  -1.108  -0.580   1.441
 91 115 02 30 30   0.606  -1.164  -0.577   1.436
 91 115 02 31 30   0.625  -1.043  -0.773   1.447
 91 115 02 32 30   0.614  -0.821  -0.975   1.447
 91 115 02 33 30   0.716  -0.968  -0.703   1.441
 91 115 02 34 30   0.762  -1.158  -0.407   1.445
 91 115 02 35 30   0.735  -1.177  -0.394   1.445
 91 115 02 36 30   0.775  -1.172  -0.353   1.450
 91 115 02 37 30   0.723  -1.179  -0.433   1.450
 91 115 02 38 30   0.686  -1.179  -0.474   1.446
 91 115 02 39 30   0.676  -1.172  -0.467   1.438
 91 115 02 40 30   0.643  -1.239  -0.271   1.432
 91 115 02 41 30   0.603  -1.201  -0.489   1.434
 91 115 02 42 30   0.633  -1.244  -0.340   1.439
 91 115 02 43 30   0.566  -1.233  -0.458   1.433
 91 115 02 44 30   0.710  -1.145  -0.015   1.414
 91 115 02 45 30   0.822  -1.121   0.152   1.408
 91 115 02 46 30   0.746  -1.186   0.019   1.407
 91 115 02 47 30   0.705  -1.183   0.048   1.397
 91 115 02 48 30   0.659  -1.175   0.353   1.394
 91 115 02 49 30   0.802  -1.123   0.209   1.400
 91 115 02 50 30   0.881  -1.110   0.091   1.422
 91 115 02 51 30   0.826  -1.124   0.248   1.420
 91 115 02 52 30   0.781  -1.153   0.234   1.413
 91 115 02 53 30   0.761  -1.160   0.226   1.407
 91 115 02 54 30   0.676  -1.165   0.327   1.388
 91 115 02 55 30   0.769  -1.141   0.283   1.411
 91 115 02 56 30   0.715  -1.215  -0.125   1.420
 91 115 02 57 30   0.691  -1.235  -0.107   1.426
 91 115 02 58 30   0.415  -1.202  -0.570   1.440
 91 115 02 59 30   0.120  -1.218  -0.750   1.439
 91 115 03 00 30   0.335  -1.264  -0.598   1.443
 91 115 03 01 30   0.291  -1.311  -0.508   1.438
 91 115 03 02 30   0.475  -1.203  -0.619   1.439
 91 115 03 03 30   0.641  -1.181  -0.516   1.442
 91 115 03 04 30   0.605  -1.173  -0.579   1.442
 91 115 03 05 30   0.583  -1.142  -0.655   1.440
 91 115 03 06 30   0.561  -1.163  -0.641   1.442
 91 115 03 07 30   0.554  -1.130  -0.689   1.440
 91 115 03 08 30   0.513  -1.121  -0.730   1.435
 91 115 03 09 30   0.441  -1.255  -0.518   1.429
 91 115 03 10 30   0.494  -1.236  -0.516   1.429
 91 115 03 11 30   0.547  -1.201  -0.560   1.434
 91 115 03 12 30   0.490  -1.172  -0.635   1.421
 91 115 03 13 30   0.366  -1.136  -0.765   1.420
 91 115 03 14 30   0.329  -1.128  -0.786   1.414
 91 115 03 16 30   0.355  -1.122  -0.792   1.419
 91 115 03 17 30   0.339  -1.097  -0.824   1.415
 91 115 03 18 30   0.420  -1.163  -0.685   1.419
 91 115 03 19 30   0.393  -1.211  -0.635   1.425
 91 115 03 20 30   0.490  -1.265  -0.475   1.439
 91 115 03 21 30   0.537  -1.281  -0.396   1.445
 91 115 03 22 30   0.496  -1.306  -0.363   1.444
 91 115 03 23 30   0.436  -1.295  -0.458   1.443
 91 115 03 25 30   0.381  -0.924  -0.973   1.425
 91 115 03 26 30   0.292  -0.930  -1.037   1.426
 91 115 03 27 30   0.316  -0.927  -1.048   1.435
 91 115 03 28 30   0.371  -0.887  -1.056   1.430
 91 115 03 29 30   0.447  -0.848  -1.058   1.428
 91 115 03 30 30   0.409  -0.827  -1.088   1.428
 91 115 03 31 30   0.302  -0.866  -1.088   1.423
 91 115 03 32 30   0.343  -0.859  -1.081   1.423
 91 115 03 33 30   0.289  -0.862  -1.086   1.419
 91 115 03 34 30   0.256  -0.856  -1.106   1.422
 91 115 03 35 30   0.196  -0.920  -1.074   1.428
 91 115 03 36 30   0.230  -0.909  -1.082   1.432
 91 115 03 37 30   0.190  -0.824  -1.154   1.431
 91 115 03 38 30   0.167  -0.801  -1.172   1.430
 91 115 03 39 30   0.264  -0.848  -1.121   1.431
 91 115 03 40 30   0.291  -0.898  -1.081   1.436
 91 115 03 41 30   0.249  -0.800  -1.158   1.432
 91 115 03 42 30   0.162  -0.676  -1.245   1.427
 91 115 03 43 30   0.059  -0.604  -1.285   1.422
 91 115 03 44 30   0.113  -0.609  -1.268   1.416
 91 115 03 45 30   0.045  -0.363  -1.362   1.412
 91 115 03 46 30   0.112  -0.508  -1.314   1.420
 91 115 03 47 30   0.126  -0.592  -1.283   1.426
 91 115 03 48 30   0.129  -0.544  -1.314   1.429
 91 115 03 49 30   0.135  -0.479  -1.340   1.430
 91 115 03 50 30   0.053  -0.354  -1.386   1.433
 91 115 03 51 30   0.030  -0.304  -1.399   1.432
 91 115 03 56 30   0.817  -1.154   0.264   1.441
 91 115 03 57 30   0.853  -1.143  -0.162   1.443
 91 115 03 58 30   0.772  -1.188  -0.244   1.442
 91 115 03 59 30   0.734  -1.158  -0.410   1.433
 91 115 04 00 30   0.669  -1.103  -0.609   1.429
 91 115 04 01 30   0.673  -1.088  -0.625   1.427
 91 115 04 02 30   0.578  -1.018  -0.776   1.407
 91 115 04 03 30   0.766  -1.015  -0.536   1.390
 91 115 04 04 30   0.678  -1.083  -0.564   1.413
 91 115 04 05 30   0.689  -1.073  -0.569   1.407
 91 115 04 06 30   0.704  -1.160  -0.367   1.419
 91 115 04 07 30   0.462  -1.162  -0.663   1.423
 91 115 04 08 30   0.386  -1.251  -0.546   1.420
 91 115 04 09 30   0.405  -1.271  -0.492   1.425
 91 115 04 10 30   0.406  -1.303  -0.369   1.418
 91 115 04 11 30   0.433  -1.292  -0.360   1.418
 91 115 04 12 30   0.444  -1.314  -0.251   1.417
 91 115 04 13 30   0.517  -1.260  -0.329   1.407
 91 115 04 14 30   0.469  -1.297  -0.114   1.398
 91 115 04 15 30   0.496  -1.292   0.009   1.398
 91 115 04 16 30   0.503  -1.301  -0.069   1.399
 91 115 04 17 30   0.500  -1.293  -0.130   1.395
 91 115 04 18 30   0.553  -1.277  -0.093   1.395
 91 115 04 19 30   0.463  -1.297  -0.193   1.396
 91 115 04 20 30   0.362  -1.279  -0.418   1.395
 91 115 04 21 30   0.494  -1.302  -0.205   1.409
 91 115 04 22 30   0.507  -1.303  -0.238   1.420
 91 115 04 23 30   0.428  -1.310  -0.334   1.422
 91 115 04 24 30   0.363  -1.283  -0.465   1.415
 91 115 04 25 30   0.395  -1.296  -0.416   1.419
 91 115 04 26 30   0.456  -1.287  -0.420   1.430
 91 115 04 27 30   0.339  -1.232  -0.553   1.398
 91 115 04 28 30  -0.213  -0.589  -1.070   1.320
 91 115 04 29 30  -0.454  -0.083  -1.268   1.351
 91 115 04 30 30  -0.421  -0.643  -1.096   1.365
 91 115 04 31 30  -0.402  -1.078  -0.605   1.303
 91 115 04 32 30  -0.375  -1.124  -0.506   1.291
 91 115 04 33 30  -0.295  -1.110  -0.606   1.301
 91 115 04 34 30  -0.233  -1.101  -0.661   1.307
 91 115 04 35 30  -0.242  -1.183  -0.533   1.330
 91 115 04 36 30  -0.372  -0.954  -0.834   1.339
 91 115 04 37 30  -0.391  -0.756  -1.043   1.355
 91 115 04 38 30  -0.323  -0.821  -1.028   1.357
 91 115 04 39 30  -0.286  -0.872  -1.026   1.378
 91 115 04 40 30  -0.190  -1.001  -0.942   1.391
 91 115 04 41 30  -0.279  -0.978  -0.934   1.387
 91 115 04 42 30  -0.187  -0.976  -0.949   1.386
 91 115 04 43 30  -0.013  -1.079  -0.856   1.379
 91 115 04 44 30   0.005  -1.130  -0.785   1.392
 91 115 04 45 30   0.015  -1.210  -0.650   1.398
 91 115 04 46 30   0.084  -1.258  -0.630   1.417
 91 115 04 47 30   0.181  -1.396  -0.283   1.444
 91 115 04 48 30   0.328  -1.412  -0.074   1.453
 91 115 04 49 30   0.276  -1.422  -0.132   1.458
 91 115 04 50 30   0.217  -1.433  -0.166   1.459
 91 115 04 51 30   0.260  -1.427  -0.165   1.461
 91 115 04 52 30   0.285  -1.415  -0.114   1.451
 91 115 04 53 30   0.171  -1.431  -0.049   1.452
 91 115 04 54 30   0.089  -1.468   0.167   1.481
 91 115 04 55 30   0.071  -1.461   0.111   1.467
 91 115 04 56 30   0.068  -1.458   0.060   1.461
 91 115 04 57 30   0.035  -1.454   0.061   1.456
 91 115 04 58 30   0.080  -1.447   0.069   1.452
 91 115 04 59 30   0.101  -1.457   0.023   1.461
 91 115 05 00 30   0.032  -1.455   0.032   1.462
 91 115 05 01 30  -0.149  -1.441   0.068   1.451
 91 115 05 02 30  -0.031  -1.447   0.036   1.458
 91 115 05 03 30   0.284  -1.441  -0.101   1.473
 91 115 05 04 30   0.244  -1.457  -0.032   1.481
 91 115 05 05 30   0.304  -1.437  -0.107   1.476
 91 115 05 06 30   0.337  -1.430  -0.099   1.475
 91 115 05 07 30   0.210  -1.459  -0.089   1.480
 91 115 05 08 30   0.283  -1.450  -0.124   1.487
 91 115 05 09 30   0.315  -1.425  -0.263   1.485
 91 115 05 10 30   0.312  -1.414  -0.240   1.473
 91 115 05 11 30   0.257  -1.437  -0.140   1.469
 91 115 05 12 30   0.323  -1.427  -0.143   1.472
 91 115 05 13 30   0.306  -1.428  -0.187   1.476
 91 115 05 14 30   0.356  -1.419  -0.121   1.476
 91 115 05 15 30   0.136  -1.462  -0.009   1.470
 91 115 05 16 30   0.147  -1.467   0.057   1.477
 91 115 05 17 30   0.047  -1.439   0.001   1.453
 91 115 05 18 30  -0.066  -1.419   0.206   1.441
 91 115 05 19 30  -0.102  -1.411   0.205   1.436
 91 115 05 20 30   0.021  -1.428   0.150   1.438
 91 115 05 21 30  -0.027  -1.428   0.156   1.440
 91 115 05 22 30   0.148  -1.423   0.038   1.440
 91 115 05 23 30  -0.022  -1.427   0.188   1.443
 91 115 05 24 30  -0.069  -1.410   0.296   1.446
 91 115 05 25 30   0.104  -1.423   0.190   1.446
 91 115 05 26 30   0.137  -1.421   0.175   1.444
 91 115 05 27 30   0.079  -1.436   0.083   1.447
 91 115 05 28 30   0.102  -1.441   0.094   1.448
 91 115 05 29 30  -0.040  -1.412   0.238   1.436
 91 115 05 30 30  -0.049  -1.409   0.274   1.438
 91 115 05 31 30  -0.026  -1.407   0.293   1.439
 91 115 05 32 30  -0.152  -1.337   0.433   1.426
 91 115 05 33 30  -0.310  -1.307   0.449   1.420
 91 115 05 34 30  -0.474  -1.222   0.468   1.406
 91 115 05 35 30  -0.297  -1.283   0.479   1.428
 91 115 05 36 30  -0.106  -1.355   0.453   1.435
 91 115 05 37 30  -0.179  -1.285   0.488   1.390
 91 115 05 38 30  -0.087  -1.293   0.525   1.401
 91 115 05 39 30  -0.130  -1.355   0.396   1.419
 91 115 05 44 30  -0.129  -1.278   0.669   1.448
 91 115 05 45 30  -0.099  -1.288   0.643   1.444
 91 115 05 46 30  -0.198  -1.327   0.065   1.418
 91 115 05 47 30   0.056  -1.408  -0.075   1.415
 91 115 05 48 30  -0.020  -1.441  -0.060   1.448
 91 115 05 49 30   0.149  -1.448   0.073   1.468
 91 115 05 50 30  -0.133  -1.430   0.285   1.478
 91 115 05 51 30  -0.085  -1.413   0.308   1.458
 91 115 05 52 30  -0.172  -1.410   0.341   1.462
 91 115 05 53 30  -0.110  -1.349   0.458   1.433
 91 115 05 54 30  -0.274  -1.307   0.458   1.429
 91 115 05 55 30  -0.031  -1.378  -0.097   1.389
 91 115 05 56 30  -0.099  -1.398  -0.061   1.404
 91 115 05 57 30  -0.008  -1.362  -0.358   1.416
 91 115 05 58 30  -0.266  -1.375  -0.092   1.410
 91 115 05 59 30  -0.186  -1.342  -0.334   1.416
 91 115 06 00 30  -0.227  -1.313  -0.407   1.398
 91 115 06 01 30  -0.182  -1.318  -0.404   1.394
 91 115 06 02 30  -0.258  -1.353  -0.154   1.414
 91 115 06 03 30  -0.421  -1.360  -0.012   1.451
 91 115 06 04 30  -0.483  -1.371  -0.102   1.463
 91 115 06 05 30  -0.589  -1.337   0.050   1.464
 91 115 06 06 30  -0.899  -1.161   0.293   1.499
 91 115 06 07 30  -0.847  -1.224   0.243   1.511
 91 115 06 08 30  -0.951  -1.178   0.126   1.521
 91 115 06 09 30  -1.043  -1.108   0.191   1.536
 91 115 06 10 30  -1.106  -1.062   0.287   1.561
 91 115 06 11 30  -1.121  -1.060   0.345   1.582
 91 115 06 12 30  -1.170  -1.034   0.379   1.607
 91 115 06 13 30  -1.179  -1.032   0.406   1.619
 91 115 06 14 30  -1.174  -1.024   0.454   1.624
 91 115 06 15 30  -1.193  -0.986   0.523   1.635
 91 115 06 16 30  -1.303  -0.859   0.537   1.654
 91 115 06 17 30  -1.231  -0.865   0.711   1.665
 91 115 06 18 30  -1.190  -0.834   0.786   1.654
 91 115 06 19 30  -1.192  -0.771   0.863   1.662
 91 115 06 20 30  -1.138  -0.897   0.810   1.662
 91 115 06 21 30  -1.115  -0.829   0.863   1.637
 91 115 06 22 30  -0.920  -1.162   0.470   1.626
 91 115 06 23 30  -0.468  -1.535  -0.240   1.626
 91 115 06 24 30  -0.579  -1.484   0.193   1.624
 91 115 06 25 30  -0.740  -1.394   0.377   1.626
 91 115 06 26 30  -0.744  -1.401   0.400   1.639
 91 115 06 27 30  -0.699  -1.457   0.285   1.643
 91 115 06 28 30  -0.533  -1.521   0.238   1.635
 91 115 06 29 30  -0.429  -1.585   0.132   1.649
 91 115 06 30 30  -0.477  -1.557   0.106   1.634
 91 115 06 31 30  -0.548  -1.490  -0.054   1.591
 91 115 06 32 30  -0.517  -1.486  -0.057   1.578
 91 115 06 33 30  -0.131  -1.502  -0.169   1.588
 91 115 06 34 30   0.000  -1.457  -0.520   1.565
 91 115 06 35 30  -0.158  -1.497  -0.443   1.574
 91 115 06 36 30  -0.205  -1.493  -0.424   1.568
 91 115 06 37 30  -0.146  -1.535  -0.337   1.587
 91 115 06 38 30   0.058  -1.552  -0.266   1.577
 91 115 06 39 30  -0.097  -1.574  -0.244   1.597
 91 115 06 40 30  -0.087  -1.580  -0.253   1.604
 91 115 06 41 30  -0.213  -1.551  -0.210   1.583
 91 115 06 42 30  -0.301  -1.570  -0.163   1.610
 91 115 06 43 30  -0.188  -1.634  -0.225   1.666
 91 115 06 44 30  -0.156  -1.604  -0.524   1.698
 91 115 06 45 30  -0.201  -1.620  -0.504   1.712
 91 115 06 46 30  -0.206  -1.583  -0.627   1.719
 91 115 06 47 30  -0.228  -1.599  -0.602   1.727
 91 115 06 48 30  -0.175  -1.642  -0.470   1.718
 91 115 06 49 30  -0.192  -1.617  -0.542   1.718
 91 115 06 50 30  -0.249  -1.632  -0.529   1.734
 91 115 06 51 30  -0.251  -1.614  -0.590   1.737
 91 115 06 52 30  -0.382  -1.568  -0.447   1.683
 91 115 06 53 30  -0.393  -1.584  -0.301   1.679
 91 115 06 54 30  -0.348  -1.569  -0.552   1.720
 91 115 06 55 30  -0.553  -1.533  -0.538   1.719
 91 115 06 56 30  -0.538  -1.533  -0.544   1.715
 91 115 06 57 30  -0.251  -1.669  -0.463   1.754
 91 115 06 58 30  -0.437  -1.569  -0.554   1.722
 91 115 06 59 30  -0.463  -1.615  -0.425   1.736
 91 115 07 00 30  -0.535  -1.531  -0.509   1.700
 91 115 07 01 30  -0.539  -1.580  -0.580   1.768
 91 115 07 02 30  -0.624  -1.594  -0.574   1.805
 91 115 07 03 30  -0.653  -1.584  -0.565   1.805
 91 115 07 04 30  -0.676  -1.605  -0.483   1.811
 91 115 07 05 30  -0.650  -1.626  -0.549   1.837
 91 115 07 06 30  -0.720  -1.583  -0.606   1.846
 91 115 07 07 30  -0.743  -1.555  -0.690   1.863
 91 115 07 08 30  -0.675  -1.520  -0.829   1.859
 91 115 07 09 30  -0.840  -1.466  -0.770   1.858
 91 115 07 10 30  -0.784  -1.449  -0.847   1.860
 91 115 07 11 30  -0.689  -1.257  -1.139   1.836
 91 115 07 12 30  -0.826  -1.466  -0.840   1.886
 91 115 07 13 30  -0.824  -1.547  -0.631   1.865
 91 115 07 14 30  -0.897  -1.585  -0.484   1.887
 91 115 07 15 30  -0.918  -1.601  -0.772   2.004
 91 115 07 16 30  -0.719  -1.350  -1.192   1.949
 91 115 07 17 30  -0.538  -1.359  -1.236   1.921
 91 115 07 18 30  -0.131  -1.235  -1.518   1.970
 91 115 07 19 30  -0.106  -1.232  -1.559   1.991
 91 115 07 20 30  -0.126  -1.231  -1.538   1.974
 91 115 07 21 30  -0.094  -1.247  -1.518   1.967
 91 115 07 22 30  -0.008  -1.251  -1.469   1.930
 91 115 07 23 30  -0.030  -1.203  -1.507   1.929
 91 115 07 24 30  -0.100  -1.250  -1.500   1.955
 91 115 07 25 30  -0.169  -1.298  -1.425   1.940
 91 115 07 26 30  -0.317  -1.330  -1.343   1.919
 91 115 07 27 30  -0.206  -1.319  -1.393   1.930
 91 115 07 28 30  -0.153  -1.384  -1.319   1.919
 91 115 07 29 30  -0.179  -1.351  -1.342   1.913
 91 115 07 30 30  -0.175  -1.348  -1.332   1.904
 91 115 07 31 30  -0.114  -1.369  -1.317   1.903
 91 115 07 32 30  -0.139  -1.333  -1.342   1.897
 91 115 07 33 30  -0.209  -1.279  -1.367   1.885
 91 115 07 34 30  -0.264  -1.236  -1.381   1.873
 91 115 07 35 30  -0.339  -1.163  -1.396   1.849
 91 115 07 36 30  -0.366  -1.186  -1.370   1.850
 91 115 07 37 30  -0.397  -1.189  -1.353   1.846
 91 115 07 38 30  -0.412  -1.202  -1.303   1.820
 91 115 07 39 30  -0.410  -1.185  -1.306   1.811
 91 115 07 40 30  -0.447  -1.145  -1.267   1.772
 91 115 07 41 30  -0.681  -0.939  -1.258   1.718
 91 115 07 42 30  -0.724  -0.948  -1.213   1.705
 91 115 07 43 30  -0.703  -0.973  -1.204   1.703
 91 115 07 44 30  -0.788  -0.794  -1.280   1.702
 91 115 07 45 30  -0.821  -0.741  -1.278   1.693
 91 115 07 46 30  -0.805  -0.741  -1.222   1.642
 91 115 07 47 30  -0.688  -0.630  -1.347   1.655
 91 115 07 48 30  -0.110  -1.371  -0.184   1.545
 91 115 07 49 30   0.472  -1.583   0.564   1.748
 91 115 07 50 30   0.705  -0.050   1.185   1.495
 91 115 07 51 30   0.584  -1.258   0.974   1.733
 91 115 07 52 30   0.517  -1.403   0.781   1.711
 91 115 07 53 30   0.567  -1.475   0.615   1.700
 91 115 07 54 30   0.682  -1.378   0.643   1.692
 91 115 07 55 30   0.945  -1.192   0.709   1.696
 91 115 07 56 30   1.145  -0.826   0.896   1.687
 91 115 07 57 30   1.115  -0.463   1.010   1.591
 91 115 07 58 30   1.065  -0.938   0.675   1.587
 91 115 07 59 30   0.991  -1.086   0.674   1.625
 91 115 08 00 30   0.900  -1.087   0.772   1.611
 91 115 08 01 30   0.943  -1.028   0.797   1.610
 91 115 08 02 30   0.659  -1.200   0.839   1.614
 91 115 08 03 30   0.606  -1.166   0.960   1.628
 91 115 08 04 30   0.572  -1.219   0.880   1.610
 91 115 08 05 30   0.676  -1.076   1.018   1.632
 91 115 08 06 30   0.685  -1.016   1.100   1.648
 91 115 08 07 30   0.702  -1.004   1.087   1.638
 91 115 08 08 30   0.692  -1.073   1.027   1.643
 91 115 08 09 30   0.744  -1.103   0.970   1.648
 91 115 08 10 30   0.724  -0.940   1.107   1.629
 91 115 08 11 30   0.718  -0.898   1.143   1.626
 91 115 08 12 30   0.828  -0.846   1.131   1.638
 91 115 08 13 30   0.859  -0.837   1.105   1.633
 91 115 08 14 30   0.875  -0.739   1.174   1.641
 91 115 08 15 30   0.951  -0.690   1.151   1.646
 91 115 08 16 30   0.956  -0.572   1.201   1.642
 91 115 08 17 30   0.915  -0.634   1.208   1.651
 91 115 08 18 30   0.950  -0.655   1.188   1.657
 91 115 08 19 30   0.999  -0.743   1.109   1.685
 91 115 08 20 30   1.001  -0.923   1.026   1.707
 91 115 08 21 30   1.082  -0.935   0.928   1.711
 91 115 08 22 30   0.938  -1.199   0.749   1.714
 91 115 08 23 30   1.155  -1.111   0.642   1.749
 91 115 08 24 30   1.212  -0.964   0.827   1.771
 91 115 08 25 30   1.026  -1.422   0.182   1.774
 91 115 08 26 30   1.119  -1.333   0.385   1.786
 91 115 08 27 30   1.130  -1.284   0.486   1.779
 91 115 08 28 30   1.108  -1.269   0.577   1.782
 91 115 08 29 30   1.200  -1.179   0.542   1.771
 91 115 08 30 30   1.250  -1.036   0.698   1.781
 91 115 08 31 30   1.456  -0.687   0.720   1.766
 91 115 08 32 30   1.433  -0.787   0.649   1.762
 91 115 08 33 30   1.438  -0.760   0.648   1.753
 91 115 08 34 30   1.405  -0.851   0.622   1.758
 91 115 08 35 30   1.316  -0.943   0.684   1.760
 91 115 08 36 30   1.264  -1.062   0.645   1.776
 91 115 08 37 30   1.306  -0.989   0.672   1.776
 91 115 08 38 30   1.243  -1.066   0.693   1.783
 91 115 08 39 30   1.208  -1.120   0.656   1.776
 91 115 08 40 30   1.209  -1.122   0.677   1.794
 91 115 08 41 30   1.283  -1.224   0.349   1.814
 91 115 08 42 30   1.335  -1.183   0.319   1.814
 91 115 08 43 30   1.340  -1.140   0.420   1.810
 91 115 08 44 30   1.291  -1.215   0.397   1.817
 91 115 08 45 30   1.287  -1.246   0.294   1.816
 91 115 08 46 30   1.349  -1.202   0.242   1.824
 91 115 08 47 30   1.311  -1.244   0.201   1.821
 91 115 08 48 30   1.357  -1.172   0.327   1.824
 91 115 08 49 30   1.358  -1.188   0.215   1.819
 91 115 08 50 30   1.406  -1.142   0.078   1.815
 91 115 08 51 30   1.380  -1.167   0.064   1.810
 91 115 08 52 30   1.347  -1.216   0.038   1.820
 91 115 08 53 30   1.357  -1.205   0.142   1.824
 91 115 08 54 30   1.362  -1.174   0.306   1.827
 91 115 08 55 30   1.298  -1.175   0.381   1.797
 91 115 08 56 30   1.378  -1.002   0.497   1.786
 91 115 08 57 30   1.312  -1.173  -0.004   1.768
 91 115 08 58 30   1.335  -1.098  -0.225   1.762
 91 115 08 59 30   1.350  -1.129   0.050   1.776
 91 115 09 00 30   1.233  -1.214  -0.344   1.770
 91 115 09 01 30   1.170  -1.193   0.120   1.770
 91 115 09 02 30   1.254  -1.185   0.448   1.783
 91 115 09 03 30   1.228  -1.206   0.502   1.796
 91 115 09 04 30   1.179  -1.332   0.267   1.801
 91 115 09 05 30   1.244  -1.278   0.215   1.801
 91 115 09 06 30   1.275  -1.243   0.288   1.807
 91 115 09 07 30   1.261  -1.252   0.285   1.805
 91 115 09 08 30   1.286  -1.236   0.117   1.799
 91 115 09 09 30   0.984  -1.136   0.899   1.768
 91 115 09 10 30   1.349  -1.131   0.320   1.792
 91 115 09 11 30   1.384  -1.106   0.261   1.793
 91 115 09 12 30   1.368  -1.123   0.276   1.792
 91 115 09 13 30   1.347  -1.145   0.278   1.792
 91 115 09 14 30   1.178  -1.178   0.571   1.763
 91 115 09 15 30   1.126  -1.190   0.615   1.754
 91 115 09 16 30   1.166  -1.175   0.580   1.755
 91 115 09 17 30   1.179  -1.144   0.616   1.755
 91 115 09 18 30   1.076  -1.201   0.663   1.745
 91 115 09 19 30   0.981  -1.158   0.884   1.761
 91 115 09 20 30   1.117  -1.241   0.552   1.765
 91 115 09 21 30   1.088  -1.223   0.624   1.766
 91 115 09 22 30   1.091  -1.203   0.684   1.766
 91 115 09 23 30   1.056  -1.165   0.784   1.759
 91 115 09 24 30   1.031  -1.189   0.791   1.762
 91 115 09 25 30   1.142  -1.159   0.655   1.756
 91 115 09 26 30   1.184  -1.120   0.638   1.751
 91 115 09 27 30   1.222  -1.098   0.616   1.755
 91 115 09 28 30   1.188  -1.123   0.666   1.768
 91 115 09 29 30   1.044  -1.235   0.691   1.762
 91 115 09 30 30   1.029  -1.257   0.683   1.763
 91 115 09 31 30   1.004  -1.279   0.656   1.756
 91 115 09 32 30   1.008  -1.259   0.693   1.760
 91 115 09 33 30   1.071  -0.868   1.057   1.743
 91 115 09 34 30   1.035  -0.888   1.067   1.746
 91 115 09 35 30   1.099  -1.150   0.692   1.756
 91 115 09 36 30   1.139  -1.151   0.660   1.752
 91 115 09 37 30   1.110  -1.177   0.706   1.768
 91 115 09 38 30   1.040  -1.191   0.752   1.753
 91 115 09 39 30   0.954  -1.201   0.791   1.731
 91 115 09 40 30   1.021  -1.177   0.777   1.742
 91 115 09 41 30   1.054  -1.103   0.864   1.757
 91 115 09 42 30   1.104  -1.045   0.894   1.763
 91 115 09 43 30   1.115  -1.048   0.822   1.738
 91 115 09 44 30   1.141  -1.083   0.725   1.733
 91 115 09 45 30   1.078  -1.052   0.841   1.726
 91 115 09 46 30   1.095  -1.029   0.842   1.723
 91 115 09 47 30   1.142  -1.003   0.811   1.723
 91 115 09 48 30   1.136  -1.010   0.794   1.716
 91 115 09 49 30   1.155  -0.984   0.794   1.725
 91 115 09 50 30   1.121  -1.077   0.747   1.728
 91 115 09 51 30   1.133  -0.927   0.887   1.715
 91 115 09 52 30   1.071  -0.919   0.930   1.702
 91 115 09 53 30   0.704  -0.858   1.270   1.687
 91 115 09 54 30   0.734  -0.938   1.198   1.692
 91 115 09 55 30   0.615  -1.056   1.150   1.679
 91 115 09 56 30   0.661  -1.088   1.107   1.688
 91 115 09 57 30   0.640  -1.088   1.085   1.669
 91 115 09 58 30   0.463  -1.155   1.093   1.659
 91 115 09 59 30   0.550  -1.074   1.148   1.668
 91 115 10 00 30   0.729  -1.126   0.976   1.665
 91 115 10 01 30   0.756  -1.066   1.016   1.658
 91 115 10 02 30   0.599  -1.076   1.103   1.654
 91 115 10 03 30   0.557  -1.077   1.120   1.652
 91 115 10 04 30   0.468  -1.117   1.085   1.631
 91 115 10 05 30   0.457  -1.124   1.081   1.626
 91 115 10 06 30   0.275  -1.186   1.043   1.616
 91 115 10 07 30   0.589  -0.985   1.113   1.610
 91 115 10 08 30   0.838  -0.966   0.931   1.595
 91 115 10 09 30   0.928  -0.736   1.105   1.627
 91 115 10 10 30   0.729  -1.030   0.996   1.617
 91 115 10 11 30   0.767  -0.978   1.025   1.613
 91 115 10 12 30   0.483  -1.177   0.965   1.618
 91 115 10 13 30   0.235  -1.339   0.897   1.631
 91 115 10 14 30   0.288  -1.301   0.944   1.635
 91 115 10 15 30   0.564  -1.200   0.917   1.623
 91 115 10 16 30   0.527  -1.196   0.894   1.625
 91 115 10 17 30   0.005  -1.476   0.750   1.662
 91 115 10 18 30   0.057  -1.489   0.746   1.672
 91 115 10 19 30   0.204  -1.468   0.796   1.683
 91 115 10 20 30   0.278  -1.481   0.782   1.700
 91 115 10 21 30   0.341  -1.448   0.908   1.747
 91 115 10 22 30  -0.049  -1.079   1.373   1.749
 91 115 10 23 30  -0.038  -1.153   1.333   1.764
 91 115 10 24 30   0.003  -1.101   1.387   1.771
 91 115 10 25 30  -0.008  -1.116   1.373   1.770
 91 115 10 26 30   0.032  -1.090   1.369   1.752
 91 115 10 27 30   0.134  -0.967   1.368   1.688
 91 115 10 28 30   0.069  -0.991   1.376   1.701
 91 115 10 29 30   0.091  -1.012   1.391   1.724
 91 115 10 30 30   0.057  -1.019   1.386   1.722
 91 115 10 31 30   0.077  -0.944   1.406   1.697
 91 115 10 32 30   0.104  -1.027   1.377   1.724
 91 115 10 33 30   0.147  -1.130   1.298   1.730
 91 115 10 34 30   0.105  -1.141   1.323   1.755
 91 115 10 35 30   0.134  -1.096   1.378   1.768
 91 115 10 36 30   0.105  -1.035   1.418   1.760
 91 115 10 37 30   0.130  -1.023   1.414   1.752
 91 115 10 38 30   0.214  -1.033   1.405   1.758
 91 115 10 39 30   0.168  -1.025   1.412   1.754
 91 115 10 40 30   0.195  -0.996   1.410   1.739
 91 115 10 41 30   0.216  -0.967   1.420   1.733
 91 115 10 42 30   0.241  -1.013   1.418   1.760
 91 115 10 43 30   0.261  -1.055   1.395   1.769
 91 115 10 44 30   0.220  -1.015   1.414   1.755
 91 115 10 45 30   0.198  -0.911   1.472   1.744
 91 115 10 46 30   0.235  -0.815   1.495   1.720
 91 115 10 47 30   0.247  -0.894   1.444   1.717
 91 115 10 48 30   0.454  -0.750   1.485   1.735
 91 115 10 49 30   0.477  -0.689   1.510   1.745
 91 115 10 50 30   0.545  -0.773   1.467   1.752
 91 115 10 51 30   0.595  -0.647   1.507   1.748
 91 115 10 52 30   0.387  -0.737   1.527   1.743
 91 115 10 53 30   0.382  -0.806   1.507   1.754
 91 115 10 54 30   0.467  -0.747   1.530   1.768
 91 115 10 55 30   0.480  -0.767   1.503   1.755
 91 115 10 56 30   0.218  -0.889   1.458   1.733
 91 115 10 57 30   0.004  -0.963   1.420   1.716
 91 115 10 58 30   0.063  -0.960   1.433   1.727
 91 115 10 59 30   0.023  -0.949   1.445   1.730
 91 115 11 00 30  -0.010  -0.914   1.460   1.723
 91 115 11 01 30  -0.048  -0.894   1.436   1.694
 91 115 11 02 30  -0.112  -0.877   1.448   1.696
 91 115 11 03 30  -0.041  -0.870   1.446   1.692
 91 115 11 04 30   0.006  -0.895   1.447   1.702
 91 115 11 05 30   0.068  -0.914   1.428   1.699
 91 115 11 06 30   0.104  -0.915   1.430   1.702
 91 115 11 07 30   0.073  -0.986   1.398   1.714
 91 115 11 08 30   0.028  -0.951   1.423   1.713
 91 115 11 09 30   0.044  -0.954   1.400   1.696
 91 115 11 10 30   0.014  -0.920   1.417   1.691
 91 115 11 11 30   0.004  -0.982   1.385   1.699
 91 115 11 12 30   0.084  -0.938   1.427   1.711
 91 115 11 13 30   0.188  -0.816   1.500   1.721
 91 115 11 14 30   0.282  -0.750   1.486   1.693
 91 115 11 15 30   0.325  -0.688   1.504   1.687
 91 115 11 16 30   0.304  -0.670   1.518   1.689
 91 115 11 17 30   0.249  -0.808   1.466   1.694
 91 115 11 18 30   0.261  -0.588   1.569   1.697
 91 115 11 19 30   0.284  -0.660   1.532   1.694
 91 115 11 20 30   0.285  -0.698   1.523   1.699
 91 115 11 21 30   0.279  -0.735   1.508   1.701
 91 115 11 22 30   0.330  -0.744   1.502   1.709
 91 115 11 23 30   0.299  -0.665   1.545   1.712
 91 115 11 24 30   0.300  -0.709   1.500   1.688
 91 115 11 25 30   0.172  -0.630   1.547   1.681
 91 115 11 26 30   0.098  -0.504   1.604   1.690
 91 115 11 27 30   0.315  -0.844   1.484   1.738
 91 115 11 28 30   0.126  -0.709   1.563   1.724
 91 115 11 29 30   0.040  -0.897   1.456   1.726
 91 115 11 30 30   0.237  -0.964   1.361   1.694
 91 115 11 31 30   0.264  -0.968   1.283   1.634
 91 115 11 32 30   0.481  -0.404   1.529   1.659
 91 115 11 33 30   0.506  -0.503   1.472   1.665
 91 115 11 34 30   0.590  -0.475   1.467   1.652
 91 115 11 35 30   0.545  -0.656   1.434   1.674
 91 115 11 36 30   0.542  -0.474   1.601   1.770
 91 115 11 37 30   0.547  -0.198   1.718   1.814
 91 115 11 38 30   0.509  -0.209   1.739   1.825
 91 115 11 39 30   0.494  -0.224   1.737   1.821
 91 115 11 40 30   0.528  -0.252   1.728   1.824
 91 115 11 41 30   0.500  -0.246   1.740   1.827
 91 115 11 42 30   0.528  -0.279   1.740   1.840
 91 115 11 43 30   0.536  -0.293   1.742   1.847
 91 115 11 44 30   0.554  -0.298   1.742   1.852
 91 115 11 45 30   0.561  -0.298   1.734   1.846
 91 115 11 46 30   0.524  -0.267   1.746   1.843
 91 115 11 47 30   0.537  -0.215   1.739   1.833
 91 115 11 48 30   0.510  -0.273   1.745   1.838
 91 115 11 49 30   0.518  -0.278   1.741   1.838
 91 115 11 50 30   0.561  -0.303   1.723   1.838
 91 115 11 51 30   0.568  -0.303   1.723   1.840
 91 115 11 52 30   0.526  -0.290   1.738   1.840
 91 115 11 53 30   0.585  -0.277   1.706   1.826
 91 115 11 54 30   0.642  -0.603   1.557   1.809
 91 115 11 55 30   0.714  -0.754   1.472   1.815
 91 115 11 56 30   0.498  -0.283   1.720   1.816
 91 115 11 57 30   0.524  -0.229   1.734   1.828
 91 115 11 58 30   0.514  -0.131   1.732   1.812
 91 115 11 59 30   0.485  -0.100   1.733   1.803
 91 115 12 00 30   0.471  -0.079   1.742   1.807
 91 115 12 01 30   0.442   0.009   1.744   1.801
 91 115 12 02 30   0.411   0.108   1.709   1.764
 91 115 12 03 30   0.170  -0.794   0.543   1.466
 91 115 12 04 30   0.083  -1.359  -0.251   1.386
 91 115 12 05 30   0.153  -1.356  -0.227   1.385
 91 115 12 08 30  -0.115  -1.467  -0.174   1.485
 91 115 12 09 30  -0.158  -1.481  -0.170   1.500
 91 115 12 10 30  -0.050  -1.511  -0.239   1.531
 91 115 12 11 30  -0.015  -1.536  -0.212   1.554
 91 115 12 12 30  -0.010  -1.548  -0.160   1.559
 91 115 12 13 30   0.021  -1.512  -0.348   1.558
 91 115 12 14 30   0.009  -1.492  -0.465   1.571
 91 115 12 15 30   0.167  -1.526  -0.355   1.578
 91 115 12 16 30  -0.127  -1.476  -0.471   1.569
 91 115 12 17 30  -0.220  -1.480  -0.441   1.568
 91 115 12 18 30  -0.028  -1.429  -0.587   1.559
 91 115 12 19 30  -0.297  -1.174  -0.955   1.553
 91 115 12 20 30  -0.355  -0.939  -1.158   1.555
 91 115 12 21 30   0.015  -1.232  -0.811   1.570
 91 115 12 22 30   0.020  -1.408  -0.676   1.585
 91 115 12 23 30   0.321  -1.525  -0.345   1.606
 91 115 12 24 30   0.123  -1.477  -0.631   1.630
 91 115 12 25 30  -0.248  -1.259  -0.978   1.620
 91 115 12 26 30  -0.088  -1.381  -0.774   1.589
 91 115 12 27 30  -0.113  -1.365  -0.770   1.577
 91 115 12 28 30  -0.139  -1.306  -0.864   1.573
 91 115 12 29 30  -0.292  -1.160  -1.106   1.648
 91 115 12 30 30  -0.362  -1.003  -1.307   1.687
 91 115 12 31 30  -0.393  -0.997  -1.302   1.687
 91 115 12 32 30  -0.410  -1.059  -1.272   1.705
 91 115 12 33 30  -0.439  -1.027  -1.278   1.698
 91 115 12 34 30  -0.451  -1.013  -1.291   1.702
 91 115 12 35 30  -0.455  -1.000  -1.295   1.699
 91 115 12 36 30  -0.466  -0.953  -1.297   1.676
 91 115 12 37 30  -0.521  -0.877  -1.303   1.655
 91 115 12 38 30  -0.526  -0.914  -1.265   1.647
 91 115 12 39 30  -0.464  -0.874  -1.290   1.627
 91 115 12 40 30  -0.439  -0.907  -1.293   1.640
 91 115 12 41 30  -0.431  -0.908  -1.293   1.638
 91 115 12 42 30  -0.397  -0.951  -1.294   1.654
 91 115 12 43 30  -0.394  -0.953  -1.312   1.669
 91 115 12 44 30  -0.392  -0.977  -1.303   1.675
 91 115 12 45 30  -0.380  -0.985  -1.291   1.669
 91 115 12 46 30  -0.334  -1.013  -1.300   1.684
 91 115 12 47 30  -0.304  -0.979  -1.338   1.686
 91 115 12 48 30  -0.339  -1.029  -1.287   1.683
 91 115 12 49 30  -0.333  -0.951  -1.347   1.683
 91 115 12 50 30  -0.193  -1.226  -1.096   1.687
 91 115 12 51 30  -0.166  -1.365  -0.993   1.698
 91 115 12 52 30  -0.202  -1.276  -1.086   1.689
 91 115 12 53 30  -0.241  -1.212  -1.156   1.695
 91 115 12 54 30  -0.421  -1.011  -1.306   1.708
 91 115 12 55 30  -0.408  -1.002  -1.326   1.714
 91 115 12 56 30  -0.388  -1.009  -1.329   1.714
 91 115 12 57 30  -0.373  -1.027  -1.322   1.716
 91 115 12 58 30  -0.359  -1.060  -1.296   1.713
 91 115 12 59 30  -0.374  -1.024  -1.319   1.712
 91 115 13 00 30  -0.274  -1.174  -1.182   1.706
 91 115 13 01 30  -0.123  -1.322  -1.061   1.709
 91 115 13 02 30  -0.253  -1.204  -1.183   1.709
 91 115 13 03 30  -0.206  -1.300  -1.099   1.716
 91 115 13 04 30  -0.098  -1.386  -1.025   1.729
 91 115 13 05 30   0.080  -1.346  -1.077   1.729
 91 115 13 06 30  -0.017  -1.393  -0.993   1.712
 91 115 13 07 30  -0.001  -1.484  -0.863   1.718
 91 115 13 08 30  -0.067  -1.412  -0.950   1.709
 91 115 13 09 30  -0.335  -1.158  -1.209   1.709
 91 115 13 10 30  -0.281  -1.187  -1.217   1.723
 91 115 13 11 30  -0.265  -1.197  -1.209   1.722
 91 115 13 12 30  -0.222  -1.199  -1.220   1.725
 91 115 13 13 30  -0.202  -1.153  -1.260   1.721
 91 115 13 14 30  -0.223  -1.133  -1.265   1.713
 91 115 13 15 30  -0.243  -1.103  -1.278   1.706
 91 115 13 16 30  -0.259  -1.010  -1.349   1.710
 91 115 13 17 30  -0.280  -0.774  -1.480   1.699
 91 115 13 18 30  -0.236  -1.060  -1.321   1.714
 91 115 13 19 30  -0.243  -1.174  -1.264   1.742
 91 115 13 20 30  -0.209  -1.176  -1.280   1.751
 91 115 13 21 30  -0.242  -1.154  -1.289   1.748
 91 115 13 22 30  -0.261  -1.284  -1.151   1.745
 91 115 13 23 30  -0.249  -1.224  -1.214   1.744
 91 115 13 24 30  -0.207  -1.088  -1.344   1.742
 91 115 13 25 30  -0.214  -1.083  -1.342   1.738
 91 115 13 26 30  -0.236  -1.088  -1.333   1.737
 91 115 13 27 30  -0.227  -1.110  -1.316   1.736
 91 115 13 28 30  -0.237  -1.103  -1.320   1.737
 91 115 13 29 30  -0.271  -1.085  -1.327   1.736
 91 115 13 30 30  -0.257  -1.094  -1.325   1.737
 91 115 13 31 30  -0.255  -1.117  -1.321   1.748
 91 115 13 32 30  -0.251  -1.138  -1.307   1.751
 91 115 13 33 30  -0.225  -1.142  -1.295   1.741
 91 115 13 34 30  -0.261  -1.133  -1.296   1.742
 91 115 13 35 30  -0.253  -1.138  -1.307   1.752
 91 115 13 36 30  -0.269  -1.126  -1.313   1.751
 91 115 13 37 30  -0.216  -0.987  -1.412   1.737
 91 115 13 38 30  -0.243  -1.036  -1.361   1.729
 91 115 13 39 30  -0.273  -1.049  -1.361   1.740
 91 115 13 40 30  -0.336  -1.049  -1.366   1.755
 91 115 13 41 30  -0.360  -1.040  -1.368   1.756
 91 115 13 42 30  -0.361  -1.030  -1.362   1.746
 91 115 13 43 30  -0.361  -1.044  -1.361   1.753
 91 115 13 44 30  -0.346  -1.037  -1.374   1.755
 91 115 13 45 30  -0.340  -1.009  -1.391   1.752
 91 115 13 46 30  -0.354  -1.009  -1.392   1.756
 91 115 13 47 30  -0.396  -1.012  -1.378   1.755
 91 115 13 48 30  -0.385  -0.989  -1.392   1.751
 91 115 13 49 30  -0.361  -0.937  -1.433   1.750
 91 115 13 50 30  -0.372  -0.945  -1.404   1.733
 91 115 13 51 30  -0.329  -0.980  -1.399   1.743
 91 115 13 52 30  -0.384  -1.011  -1.332   1.717
 91 115 13 53 30  -0.215  -1.129  -1.257   1.710
 91 115 13 54 30  -0.103  -1.183  -1.229   1.709
 91 115 13 55 30  -0.139  -1.294  -1.073   1.693
 91 115 13 56 30  -0.188  -1.235  -1.107   1.670
 91 115 13 57 30  -0.215  -1.165  -1.165   1.662
 91 115 13 58 30  -0.210  -1.162  -1.170   1.664
 91 115 13 59 30  -0.286  -1.209  -1.119   1.674
 91 115 14 00 30  -0.362  -1.271  -1.023   1.680
 91 115 14 01 30  -0.502  -1.398  -0.766   1.679
 91 115 14 02 30  -0.369  -1.298  -0.685   1.540
 91 115 14 03 30   0.006  -1.173   0.486   1.421
 91 115 14 04 30   0.245  -0.475   0.709   0.901
 91 115 14 05 30   0.382   0.556   0.893   1.137
 91 115 14 06 30   0.438   0.788   1.016   1.362
 91 115 14 07 30   0.713   0.579   1.371   1.652
 91 115 14 08 30   0.720   0.666   1.366   1.682
 91 115 14 09 30   0.748   0.379   1.412   1.659
 91 115 14 10 30   0.742  -0.412   1.221   1.506
 91 115 14 11 30   0.642  -0.757   0.889   1.334
 91 115 14 12 30   0.352  -1.148   0.391   1.436
 91 115 14 13 30  -0.155  -1.442  -0.127   1.484
 91 115 14 14 30  -0.092  -1.436  -0.261   1.472
 91 115 14 15 30  -0.034  -1.421  -0.144   1.474
 91 115 14 16 30   0.301  -1.403   0.043   1.469
 91 115 14 17 30   0.157  -1.384   0.362   1.448
 91 115 14 18 30   0.158  -1.441   0.205   1.473
 91 115 14 19 30   0.216  -1.470   0.204   1.502
 91 115 14 20 30   0.154  -1.535   0.068   1.548
 91 115 14 21 30   0.157  -1.584  -0.015   1.593
 91 115 14 22 30   0.115  -1.651  -0.115   1.660
 91 115 14 23 30   0.041  -1.698  -0.276   1.722
 91 115 14 24 30  -0.007  -1.685  -0.404   1.733
 91 115 14 25 30  -0.042  -1.629  -0.496   1.705
 91 115 14 26 30  -0.118  -1.576  -0.627   1.702
 91 115 14 27 30  -0.160  -1.562  -0.670   1.712
 91 115 14 28 30  -0.212  -1.587  -0.612   1.715
 91 115 14 29 30  -0.215  -1.582  -0.644   1.724
 91 115 14 30 30  -0.209  -1.502  -0.828   1.729
 91 115 14 31 30  -0.224  -1.391  -0.942   1.696
 91 115 14 32 30  -0.208  -1.351  -0.992   1.689
 91 115 14 33 30  -0.248  -1.317  -1.016   1.683
 91 115 14 34 30  -0.243  -1.299  -1.045   1.686
 91 115 14 35 30  -0.277  -1.373  -0.933   1.688
 91 115 14 36 30  -0.310  -1.404  -0.813   1.654
 91 115 14 37 30  -0.293  -1.380  -0.917   1.684
 91 115 14 38 30  -0.332  -1.315  -1.018   1.697
 91 115 14 39 30  -0.324  -1.277  -1.057   1.689
 91 115 14 40 30  -0.365  -1.189  -1.087   1.652
 91 115 14 41 30  -0.374  -1.153  -1.086   1.628
 91 115 14 42 30  -0.358  -1.167  -1.164   1.687
 91 115 14 43 30  -0.387  -1.219  -1.122   1.702
 91 115 14 44 30  -0.425  -1.064  -1.103   1.595
 91 115 14 45 30  -0.440  -1.074  -1.083   1.588
 91 115 14 46 30  -0.453  -1.127  -1.038   1.598
 91 115 14 47 30  -0.407  -1.154  -1.006   1.585
 91 115 14 48 30  -0.335  -1.136  -1.043   1.579
 91 115 14 49 30  -0.326  -1.145  -1.018   1.568
 91 115 14 50 30  -0.276  -1.123  -1.061   1.571
 91 115 14 51 30  -0.203  -1.081  -1.116   1.568
 91 115 14 52 30  -0.245  -1.129  -1.080   1.583
 91 115 14 53 30  -0.234  -1.226  -0.977   1.587
 91 115 14 54 30  -0.249  -1.290  -0.869   1.581
 91 115 14 55 30  -0.507  -0.833  -1.175   1.536
 91 115 14 56 30  -0.578  -0.580  -1.197   1.451
 91 115 14 57 30  -0.587  -0.583  -1.190   1.451
 91 115 14 58 30  -0.620  -0.650  -1.145   1.456
 91 115 14 59 30  -0.550  -0.610  -1.227   1.480
 91 115 15 00 30  -0.559  -0.504  -1.246   1.457
 91 115 15 01 30  -0.743  -0.549  -1.086   1.427
 91 115 15 02 30  -0.740  -0.515  -1.108   1.431
 91 115 15 03 30  -0.690  -0.423  -1.209   1.456
 91 115 15 04 30  -0.700  -0.396  -1.197   1.443
 91 115 15 05 30  -0.670  -0.433  -1.198   1.440
 91 115 15 06 30  -0.682  -0.438  -1.192   1.443
 91 115 15 07 30  -0.712  -0.334  -1.211   1.446
 91 115 15 08 30  -0.724  -0.241  -1.264   1.479
 91 115 15 09 30  -0.707  -0.182  -1.282   1.477
 91 115 15 10 30  -0.716  -0.149  -1.279   1.475
 91 115 15 11 30  -0.737  -0.005  -1.360   1.548
 91 115 15 12 30  -0.727   0.011  -1.358   1.541
 91 115 15 13 30  -0.704   0.051  -1.296   1.485
 91 115 15 14 30  -0.642   0.492  -1.256   1.509
 91 115 15 15 30  -0.684   0.560  -1.239   1.525
 91 115 15 16 30  -0.698   0.633  -1.194   1.522
 91 115 15 17 30  -0.709   0.689  -1.156   1.521
 91 115 15 18 30  -0.712   0.667  -1.134   1.502
 91 115 15 19 30  -0.711   0.474  -1.171   1.455
 91 115 15 20 30  -0.798   0.655  -1.061   1.484
 91 115 15 21 30  -0.801   0.766  -1.019   1.509
 91 115 15 22 30  -0.639   0.670  -1.122   1.471
 91 115 15 23 30  -0.551   0.659  -1.185   1.466
 91 115 15 24 30  -0.612   0.686  -1.142   1.468
 91 115 15 25 30  -0.545   0.796  -1.099   1.463
 91 115 15 26 30  -0.602   0.841  -1.006   1.455
 91 115 15 27 30  -0.664   0.874  -0.984   1.481
 91 115 15 28 30  -0.623   1.019  -0.907   1.500
 91 115 15 29 30  -0.639   0.906  -1.008   1.499
 91 115 15 30 30  -0.627   1.120  -0.810   1.520
 91 115 15 31 30  -0.607   1.180  -0.743   1.521
 91 115 15 32 30  -0.562   1.220  -0.656   1.497
 91 115 15 33 30  -0.531   1.237  -0.731   1.533
 91 115 15 34 30  -0.540   1.237  -0.692   1.517
 91 115 15 35 30  -0.550   1.244  -0.669   1.516
 91 115 15 36 30  -0.572   1.232  -0.662   1.512
 91 115 15 37 30  -0.575   1.264  -0.589   1.509
 91 115 15 38 30  -0.597   1.252  -0.582   1.505
 91 115 15 39 30  -0.542   1.233  -0.656   1.499
 91 115 15 40 30  -0.562   1.256  -0.590   1.499
 91 115 15 41 30  -0.552   1.326  -0.481   1.515
 91 115 15 42 30  -0.516   1.313  -0.553   1.516
 91 115 15 43 30  -0.533   1.298  -0.552   1.508
 91 115 15 44 30  -0.567   1.260  -0.618   1.515
 91 115 15 45 30  -0.572   1.242  -0.617   1.502
 91 115 15 46 30  -0.585   1.248  -0.586   1.500
 91 115 15 47 30  -0.562   1.251  -0.578   1.489
 91 115 15 48 30  -0.581   1.258  -0.554   1.492
 91 115 15 49 30  -0.578   1.257  -0.579   1.500
 91 115 15 50 30  -0.602   1.250  -0.549   1.492
 91 115 15 51 30  -0.626   1.249  -0.534   1.497
 91 115 15 52 30  -0.610   1.268  -0.512   1.497
 91 115 15 53 30  -0.566   1.278  -0.526   1.494
 91 115 15 54 30  -0.516   1.297  -0.535   1.495
 91 115 15 55 30  -0.523   1.242  -0.528   1.450
 91 115 15 56 30  -0.376   1.171  -0.668   1.404
 91 115 15 57 30  -0.392   1.202  -0.627   1.413
 91 115 15 58 30  -0.423   1.235  -0.482   1.396
 91 115 15 59 30  -0.439   1.174  -0.484   1.397
 91 115 16 00 30  -0.398   1.228  -0.534   1.397
 91 115 16 01 30  -0.321   1.229  -0.614   1.410
 91 115 16 02 30  -0.376   1.229  -0.621   1.428
 91 115 16 03 30  -0.336   1.263  -0.568   1.426
 91 115 16 04 30  -0.328   1.247  -0.617   1.430
 91 115 16 05 30  -0.366   1.260  -0.539   1.419
 91 115 16 06 30  -0.405   1.284  -0.456   1.422
 91 115 16 09 30  -0.337   1.285  -0.691   1.497
 91 115 16 10 30  -0.353   1.287  -0.693   1.504
 91 115 16 11 30  -0.397   1.305  -0.697   1.533
 91 115 16 12 30  -0.424   1.262  -0.687   1.504
 91 115 16 13 30  -0.152   1.426  -0.073   1.444
 91 115 16 14 30  -0.152   1.423  -0.089   1.435
 91 115 16 15 30  -0.107   1.382  -0.054   1.388
 91 115 16 16 30  -0.081   1.392  -0.021   1.395
 91 115 16 17 30  -0.055   1.412  -0.009   1.414
 91 115 16 18 30  -0.064   1.400  -0.122   1.409
 91 115 16 19 30  -0.044   1.318  -0.413   1.400
 91 115 16 20 30   0.084   1.394  -0.328   1.444
 91 115 16 21 30  -0.013   1.409  -0.375   1.464
 91 115 16 22 30   0.071   1.418  -0.363   1.468
 91 115 16 23 30   0.124   1.455  -0.345   1.502
 91 115 16 24 30   0.056   1.461  -0.416   1.521
 91 115 16 25 30   0.114   1.440  -0.471   1.521
 91 115 16 26 30   0.136   1.449  -0.456   1.526
 91 115 16 27 30   0.179   1.466  -0.393   1.529
 91 115 16 28 30   0.241   1.456  -0.407   1.532
 91 115 16 29 30   0.301   1.444  -0.455   1.547
 91 115 16 30 30   0.236   1.464  -0.394   1.537
 91 115 16 31 30   0.258   1.481  -0.345   1.543
 91 115 16 32 30   0.238   1.506  -0.333   1.565
 91 115 16 33 30   0.217   1.477  -0.491   1.574
 91 115 16 34 30   0.147   1.422  -0.567   1.543
 91 115 16 35 30   0.104   1.445  -0.559   1.559
 91 115 16 42 30   0.051   1.508  -0.213   1.531
 91 115 16 43 30   0.018   1.478  -0.255   1.503
 91 115 16 44 30  -0.093   1.432  -0.440   1.504
 91 115 16 45 30  -0.016   1.419  -0.489   1.504
 91 115 16 46 30  -0.060   1.406  -0.453   1.480
 91 115 16 47 30  -0.076   1.223  -0.778   1.462
 91 115 16 48 30  -0.142   1.294  -0.618   1.457
 91 115 16 49 30  -0.227   1.000  -0.652   1.390
 91 115 16 50 30  -0.853  -0.120  -1.076   1.443
 91 115 16 51 30  -0.464  -0.261  -1.343   1.458
 91 115 16 52 30  -0.314  -0.248  -1.378   1.442
 91 115 16 53 30  -0.012  -0.411  -1.369   1.435
 91 115 16 54 30  -0.018  -0.343  -1.354   1.421
 91 115 16 55 30  -0.246  -0.452  -1.334   1.438
 91 115 16 56 30  -0.462  -0.368  -1.345   1.494
 91 115 16 57 30  -0.377  -0.401  -1.342   1.455
 91 115 16 58 30  -0.268  -0.619  -1.320   1.494
 91 115 16 59 30  -0.201  -0.589  -1.394   1.535
 91 115 17 00 30  -0.303  -0.610  -1.329   1.506
 91 115 17 01 30  -0.549  -0.669  -1.307   1.580
 91 115 17 02 30  -0.447  -1.185  -1.208   1.754
 91 115 17 03 30  -0.470  -1.128  -1.218   1.728
 91 115 17 04 30  -0.507  -1.111  -1.183   1.705
 91 115 17 05 30  -0.613  -1.110  -1.161   1.719
 91 115 17 06 30  -0.593  -1.044  -1.183   1.688
 91 115 17 07 30  -0.642  -0.962  -1.198   1.668
 91 115 17 08 30  -0.588  -1.013  -1.207   1.683
 91 115 17 09 30  -0.618  -0.905  -1.247   1.662
 91 115 17 10 30  -0.655  -1.014  -1.266   1.755
 91 115 17 11 30  -0.786  -0.786  -1.402   1.792
 91 115 17 12 30  -0.823  -0.774  -1.333   1.753
 91 115 17 13 30  -0.801  -0.729  -1.355   1.736
 91 115 17 14 30  -0.838  -0.645  -1.362   1.727
 91 115 17 15 30  -0.862  -0.439  -1.364   1.693
 91 115 17 16 30  -0.926   0.231  -1.341   1.662
 91 115 17 17 30  -0.984   0.305  -1.315   1.675
 91 115 17 18 30  -1.028   0.282  -1.315   1.698
 91 115 17 19 30  -1.035  -0.203  -1.329   1.698
 91 115 17 20 30  -1.027  -0.230  -1.329   1.695
 91 115 17 21 30  -1.021  -0.221  -1.335   1.695
 91 115 17 22 30  -1.046  -0.246  -1.322   1.704
 91 115 17 23 30  -1.072  -0.273  -1.309   1.715
 91 115 17 24 30  -1.074  -0.250  -1.311   1.714
 91 115 17 25 30  -1.118  -0.187  -1.279   1.710
 91 115 17 26 30  -1.091  -0.085  -1.319   1.715
 91 115 17 27 30  -1.086  -0.041  -1.341   1.727
 91 115 17 28 30  -1.104  -0.040  -1.316   1.719
 91 115 17 29 30  -1.061  -0.012  -1.314   1.690
 91 115 17 30 30  -1.075   0.217  -1.297   1.701
 91 115 17 31 30  -0.955   0.754  -1.060   1.615
 91 115 17 32 30  -0.953   0.666  -1.118   1.614
 91 115 17 33 30  -0.935   0.521  -1.195   1.608
 91 115 17 34 30  -0.884   0.062  -1.338   1.613
 91 115 17 35 30  -1.018   0.573  -1.084   1.599
 91 115 17 36 30  -0.959   0.485  -1.164   1.592
 91 115 17 37 30  -0.841   0.243  -1.317   1.592
 91 115 17 38 30  -0.862   0.322  -1.288   1.591
 91 115 17 39 30  -0.861   0.143  -1.329   1.590
 91 115 17 40 30  -0.843   0.049  -1.336   1.582
 91 115 17 41 30  -0.823   0.065  -1.336   1.572
 91 115 17 42 30  -0.783  -0.251  -1.309   1.559
 91 115 17 43 30  -0.753  -0.453  -1.284   1.559
 91 115 17 44 30  -0.662  -0.096  -1.386   1.540
 91 115 17 45 30  -0.638  -0.062  -1.292   1.446
 91 115 17 46 30  -0.622   0.010  -1.234   1.383
 91 115 17 47 30  -0.624   0.016  -1.217   1.370
 91 115 17 48 30  -0.693  -0.032  -1.177   1.367
 91 115 17 49 30  -0.702  -0.058  -1.182   1.378
 91 115 17 50 30  -0.735  -0.176  -1.157   1.383
 91 115 17 51 30  -0.699  -0.035  -1.213   1.406
 91 115 17 52 30  -0.712   0.005  -1.237   1.430
 91 115 17 53 30  -0.727   0.065  -1.273   1.472
 91 115 17 54 30  -0.672   0.055  -1.280   1.453
 91 115 17 55 30  -0.794  -0.087  -1.274   1.508
 91 115 17 56 30  -0.816  -0.026  -1.265   1.506
 91 115 17 57 30  -0.787   0.062  -1.283   1.507
 91 115 17 58 30  -0.763   0.040  -1.271   1.484
 91 115 17 59 30  -0.803  -0.049  -1.248   1.489
 91 115 18 00 30  -0.855  -0.005  -1.193   1.472
 91 115 18 01 30  -0.764  -0.008  -1.208   1.436
 91 115 18 02 30  -0.761  -0.196  -1.190   1.427
 91 115 18 03 30  -0.784  -0.369  -1.147   1.438
 91 115 18 04 30  -0.789  -0.335  -1.183   1.463
 91 115 18 05 30  -0.788  -0.316  -1.214   1.482
 91 115 18 06 30  -0.782  -0.409  -1.211   1.499
 91 115 18 07 30  -0.746  -0.375  -1.231   1.488
 91 115 18 08 30  -0.783  -0.726  -1.049   1.508
 91 115 18 09 30  -0.775  -0.966  -0.868   1.514
 91 115 18 10 30  -0.615  -0.935  -1.038   1.534
 91 115 18 11 30  -0.837  -0.665  -1.087   1.531
 91 115 18 12 30  -0.892  -0.540  -1.135   1.544
 91 115 18 13 30  -0.867  -0.347  -1.230   1.548
 91 115 18 14 30  -0.818  -0.188  -1.263   1.518
 91 115 18 15 30  -0.775  -0.076  -1.231   1.462
 91 115 18 16 30  -0.727  -0.125  -1.244   1.448
 91 115 18 17 30  -0.737  -0.198  -1.212   1.432
 91 115 18 18 30  -0.689  -0.105  -1.224   1.411
 91 115 18 19 30  -0.678  -0.126  -1.216   1.400
 91 115 18 20 30  -0.698  -0.555  -1.011   1.370
 91 115 18 21 30  -0.755  -0.599  -1.020   1.407
 91 115 18 22 30  -0.897  -0.426  -1.021   1.443
 91 115 18 23 30  -0.875   0.089  -1.165   1.467
 91 115 18 24 30  -0.912   0.097  -1.169   1.487
 91 115 18 25 30  -0.899   0.447  -1.054   1.476
 91 115 18 26 30  -0.898   0.587  -1.028   1.487
 91 115 18 27 30  -0.923   0.025  -1.187   1.510
 91 115 18 28 30  -0.937  -0.003  -1.180   1.508
 91 115 18 29 30  -0.900  -0.100  -1.195   1.500
 91 115 18 30 30  -0.928   0.033  -1.179   1.506
 91 115 18 31 30  -0.936   0.202  -1.169   1.513
 91 115 18 32 30  -0.904   0.206  -1.194   1.512
 91 115 18 33 30  -0.947   0.250  -1.143   1.506
 91 115 18 34 30  -0.955   0.293  -1.126   1.506
 91 115 18 35 30  -0.972   0.307  -1.103   1.502
 91 115 18 36 30  -0.964   0.415  -1.036   1.477
 91 115 18 37 30  -0.963   0.500  -1.007   1.482
 91 115 18 38 30  -0.963   0.481  -1.027   1.490
 91 115 18 39 30  -0.890   0.659  -0.961   1.483
 91 115 18 40 30  -0.763   0.889  -0.808   1.424
 91 115 18 41 30  -0.777   0.919  -0.832   1.464
 91 115 18 42 30  -0.793   0.933  -0.778   1.451
 91 115 18 43 30  -0.767   0.901  -0.836   1.449
 91 115 18 44 30  -0.738   0.927  -0.803   1.432
 91 115 18 47 30  -0.852   0.790  -0.886   1.461
 91 115 18 48 30  -0.857   0.718  -0.925   1.452
 91 115 18 49 30  -0.836   0.797  -0.887   1.457
 91 115 18 50 30  -0.905   0.659  -0.896   1.442
 91 115 18 51 30  -0.902   0.435  -1.012   1.433
 91 115 18 52 30  -0.852   0.523  -1.012   1.423
 91 115 18 53 30  -0.853   0.501  -1.021   1.422
 91 115 18 54 30  -0.854   0.467  -1.036   1.422
 91 115 18 55 30  -0.856   0.463  -1.034   1.420
 91 115 18 56 30  -0.847   0.440  -1.053   1.421
 91 115 18 57 30  -0.869   0.382  -1.053   1.418
 91 115 18 58 30  -0.889   0.434  -1.019   1.421
 91 115 18 59 30  -0.893   0.322  -1.059   1.423
 91 115 19 00 30  -0.897   0.311  -1.058   1.422
 91 115 19 01 30  -0.909   0.226  -1.095   1.443
 91 115 19 02 30  -0.867   0.226  -1.134   1.446
 91 115 19 03 30  -0.882   0.279  -1.102   1.440
 91 115 19 04 30  -0.904   0.314  -1.055   1.425
 91 115 19 05 30  -0.889   0.261  -1.091   1.432
 91 115 19 06 30  -0.899   0.307  -1.068   1.429
 91 115 19 07 30  -0.867   0.323  -1.089   1.430
 91 115 19 08 30  -0.874   0.334  -1.062   1.416
 91 115 19 09 30  -0.903   0.308  -1.063   1.430
 91 115 19 10 30  -0.926   0.276  -1.068   1.440
 91 115 19 11 30  -0.877   0.342  -1.053   1.413
 91 115 19 12 30  -0.907   0.345  -1.026   1.413
 91 115 19 13 30  -0.900   0.359  -1.023   1.410
 91 115 19 14 30  -0.904   0.361  -1.022   1.413
 91 115 19 15 30  -0.861   0.159  -1.163   1.459
 91 115 19 16 30  -0.901   0.237  -1.135   1.469
 91 115 19 17 30  -0.895   0.356  -1.070   1.441
 91 115 19 18 30  -0.885   0.384  -1.053   1.429
 91 115 19 19 30  -0.885   0.400  -1.051   1.431
 91 115 19 20 30  -0.901   0.363  -1.051   1.431
 91 115 19 21 30  -0.930   0.337  -1.026   1.428
 91 115 19 22 30  -0.934   0.316  -1.034   1.429
 91 115 19 23 30  -0.935   0.307  -1.032   1.426
 91 115 19 24 30  -0.920   0.346  -1.027   1.421
 91 115 19 25 30  -0.919   0.344  -1.026   1.420
 91 115 19 26 30  -0.907   0.333  -1.032   1.414
 91 115 19 27 30  -0.900   0.471  -0.945   1.393
 91 115 19 28 30  -0.895   0.385  -1.021   1.411
 91 115 19 29 30  -0.901   0.354  -1.050   1.429
 91 115 19 30 30  -0.861   0.437  -1.002   1.392
 91 115 19 31 30  -0.853   0.577  -0.900   1.368
 91 115 19 32 30  -0.831   0.623  -0.857   1.348
 91 115 19 33 30  -0.821   0.739  -0.747   1.335
 91 115 19 34 30  -0.795   0.841  -0.631   1.320
 91 115 19 35 30  -0.816   0.824  -0.624   1.318
 91 115 19 36 30  -0.819   0.770  -0.648   1.300
 91 115 19 37 30  -0.787   0.639  -0.774   1.279
 91 115 19 38 30  -0.771   0.501  -0.828   1.239
 91 115 19 39 30  -0.769   0.435  -0.847   1.227
 91 115 19 40 30  -0.762   0.363  -0.890   1.229
 91 115 19 41 30  -0.774   0.382  -0.884   1.236
 91 115 19 42 30  -0.778   0.345  -0.911   1.252
 91 115 19 43 30  -0.727   0.450  -0.888   1.237
 91 115 19 44 30  -0.747   0.230  -0.928   1.222
 91 115 19 45 30  -0.691   0.672  -0.645   1.172
 91 115 19 46 30  -0.731   0.460  -0.682   1.128
 91 115 19 47 30  -0.715   0.707  -0.536   1.151
 91 115 19 48 30  -0.593   0.915  -0.366   1.158
 91 115 19 49 30  -0.677   0.870  -0.401   1.173
 91 115 19 50 30  -0.744   0.824  -0.418   1.187
 91 115 19 51 30  -0.798   0.817  -0.441   1.225
 91 115 19 52 30  -0.786   0.821  -0.446   1.221
 91 115 19 53 30  -0.794   0.805  -0.444   1.215
 91 115 19 54 30  -0.820   0.796  -0.468   1.235
 91 115 19 55 30  -0.837   0.773  -0.465   1.231
 91 115 19 56 30  -0.835   0.768  -0.465   1.227
 91 115 19 57 30  -0.851   0.758  -0.487   1.239
 91 115 19 58 30  -0.822   0.772  -0.509   1.239
 91 115 19 59 30  -0.836   0.419  -0.692   1.181
 91 115 20 00 30  -0.832   0.282  -0.698   1.128
 91 115 20 01 30  -0.804   0.607  -0.532   1.141
 91 115 20 02 30  -0.803   0.595  -0.576   1.161
 91 115 20 03 30  -0.693   0.332  -0.795   1.112
 91 115 20 04 30  -0.596   0.149  -0.856   1.056
 91 115 20 05 30  -0.666   0.153  -0.842   1.093
 91 115 20 06 30  -0.616   0.044  -0.928   1.115
 91 115 20 07 30  -0.638   0.036  -0.955   1.150
 91 115 20 08 30  -0.653   0.157  -0.899   1.124
 91 115 20 09 30  -0.686   0.240  -0.823   1.099
 91 115 20 10 30  -0.728   0.295  -0.792   1.116
 91 115 20 11 30  -0.735   0.271  -0.766   1.096
 91 115 20 12 30  -0.767   0.201  -0.818   1.142
 91 115 20 13 30  -0.788   0.226  -0.807   1.151
 91 115 20 14 30  -0.768   0.306  -0.770   1.135
 91 115 20 15 30  -0.861   0.235  -0.697   1.139
 91 115 20 16 30  -0.828   0.310  -0.731   1.150
 91 115 20 18 30  -0.798   0.064  -0.809   1.139
 91 115 20 19 30  -0.769   0.172  -0.786   1.114
 91 115 20 20 30  -0.772   0.273  -0.730   1.098
 91 115 20 21 30  -0.799   0.264  -0.704   1.099
 91 115 20 22 30  -0.721   0.230  -0.792   1.097
 91 115 20 23 30  -0.642   0.140  -0.848   1.074
 91 115 20 24 30  -0.652   0.060  -0.867   1.089
 91 115 20 25 30  -0.780   0.185  -0.707   1.078
 91 115 20 26 30  -0.786   0.197  -0.680   1.059
 91 115 20 27 30  -0.816   0.267  -0.665   1.086
 91 115 20 28 30  -0.792   0.229  -0.698   1.082
 91 115 20 29 30  -0.684   0.266  -0.784   1.086
 91 115 20 30 30  -0.773   0.269  -0.672   1.077
 91 115 20 31 30  -0.884   0.291  -0.630   1.126
 91 115 20 32 30  -0.905   0.237  -0.692   1.165
 91 115 20 33 30  -0.867   0.357  -0.598   1.115
 91 115 20 34 30  -0.867   0.500  -0.452   1.098
 91 115 20 35 30  -0.824   0.535  -0.478   1.094
 91 115 20 36 30  -0.772   0.673  -0.417   1.107
 91 115 20 37 30  -0.767   0.692  -0.363   1.097
 91 115 20 38 30  -0.793   0.674  -0.366   1.104
 91 115 20 39 30  -0.868   0.586  -0.422   1.129
 91 115 20 40 30  -0.895   0.439  -0.452   1.097
 91 115 20 41 30  -0.920   0.439  -0.411   1.101
 91 115 20 42 30  -0.908   0.375  -0.393   1.059
 91 115 20 43 30  -0.916   0.419  -0.319   1.057
 91 115 20 44 30  -0.915   0.366  -0.383   1.058
 91 115 20 45 30  -0.915   0.342  -0.359   1.041
 91 115 20 46 30  -1.010   0.390  -0.364   1.143
 91 115 20 47 30  -1.019   0.421  -0.373   1.165
 91 115 20 48 30  -0.996   0.419  -0.415   1.159
 91 115 20 49 30  -0.977   0.395  -0.471   1.155
 91 115 20 50 30  -0.998   0.428  -0.353   1.148
 91 115 20 51 30  -0.971   0.505  -0.419   1.174
 91 115 20 52 30  -0.974   0.510  -0.366   1.160
 91 115 20 53 30  -0.882   0.559  -0.500   1.159
 91 115 20 54 30  -0.898   0.519  -0.485   1.148
 91 115 20 55 30  -0.910   0.589  -0.377   1.148
 91 115 20 56 30  -0.930   0.510  -0.407   1.137
 91 115 20 57 30  -0.943   0.506  -0.396   1.141
 91 115 20 58 30  -0.911   0.549  -0.409   1.140
 91 115 20 59 30  -0.935   0.535  -0.420   1.157
 91 115 21 00 30  -0.945   0.535  -0.403   1.159
 91 115 21 01 30  -0.952   0.521  -0.391   1.154
 91 115 21 02 30  -0.947   0.517  -0.415   1.157
 91 115 21 03 30  -0.951   0.536  -0.397   1.161
 91 115 21 04 30  -0.967   0.540  -0.401   1.178
 91 115 21 05 30  -0.948   0.569  -0.395   1.174
 91 115 21 06 30  -0.891   0.641  -0.392   1.166
 91 115 21 07 30  -0.954   0.554  -0.424   1.183
 91 115 21 08 30  -0.988   0.496  -0.439   1.189
 91 115 21 09 30  -1.019   0.437  -0.397   1.179
 91 115 21 10 30  -0.996   0.385  -0.377   1.133
 91 115 21 11 30  -0.819   0.570  -0.303   1.058
 91 115 21 12 30  -0.017   0.524  -0.042   0.541
 91 115 21 13 30   0.070   0.601  -0.041   0.611
 91 115 21 14 30   0.400   0.333   0.356   0.692
 91 115 21 15 30   0.296   0.209   0.307   0.486
 91 115 21 16 30   0.257   0.414   0.140   0.517
 91 115 21 17 30   0.347   0.403   0.152   0.558
 91 115 21 18 30   0.263   0.367   0.133   0.472
 91 115 21 19 30   0.352   0.389   0.152   0.548
 91 115 21 20 30   0.367   0.365   0.115   0.532
 91 115 21 21 30   0.419   0.299   0.155   0.541
 91 115 21 22 30   0.599   0.289   0.187   0.692
 91 115 21 23 30   0.626   0.229   0.168   0.690
 91 115 21 24 30   0.666   0.181   0.124   0.702
 91 115 21 25 30   0.567   0.353   0.058   0.680
 91 115 21 26 30   0.476   0.406   0.122   0.646
 91 115 21 27 30   0.241   0.349  -0.008   0.427
 91 115 21 28 30   0.245   0.371   0.090   0.460
 91 115 21 29 30   0.280   0.346  -0.011   0.450
 91 115 21 30 30   0.347   0.387   0.019   0.523
 91 115 21 31 30   0.286   0.352   0.028   0.455
 91 115 21 32 30   0.335   0.370   0.098   0.509
 91 115 21 33 30   0.329   0.337   0.103   0.483
 91 115 21 34 30   0.238   0.224   0.044   0.333
 91 115 21 35 30   0.223   0.241  -0.001   0.334
 91 115 21 36 30   0.199   0.157  -0.004   0.257
 91 115 21 37 30   0.243   0.167  -0.018   0.297
 91 115 21 38 30   0.255   0.137  -0.014   0.292
 91 115 21 39 30   0.291   0.173  -0.027   0.341
 91 115 21 40 30   0.331   0.207  -0.016   0.391
 91 115 21 41 30   0.383   0.222  -0.018   0.443
 91 115 21 42 30   0.248   0.128  -0.005   0.281
 91 115 21 43 30   0.174   0.042  -0.002   0.180
 91 115 21 44 30   0.216   0.034  -0.008   0.219
 91 115 21 45 30   0.244   0.022   0.029   0.247
 91 115 21 46 30   0.323   0.145   0.058   0.366
 91 115 21 47 30   0.473   0.239  -0.035   0.537
 91 115 21 48 30   0.447   0.329  -0.060   0.559
 91 115 21 49 30   0.457   0.348  -0.049   0.577
 91 115 21 50 30   0.450   0.304  -0.064   0.548
 91 115 21 51 30   0.409   0.288  -0.062   0.505
 91 115 21 52 30   0.455   0.317  -0.025   0.557
 91 115 21 53 30   0.320   0.203  -0.023   0.382
 91 115 21 54 30   0.357   0.256  -0.047   0.443
 91 115 21 55 30   0.364   0.280  -0.042   0.463
 91 115 21 56 30   0.350   0.351  -0.043   0.499
 91 115 21 57 30   0.312   0.332  -0.034   0.458
 91 115 21 58 30   0.424   0.460  -0.080   0.634
 91 115 21 59 30   0.288   0.499  -0.096   0.587
 91 115 22 00 30   0.327   0.444  -0.043   0.555
 91 115 22 01 30   0.322   0.355  -0.072   0.487
 91 115 22 02 30   0.430   0.280  -0.079   0.522
 91 115 22 03 30   0.463   0.246  -0.096   0.537
 91 115 22 04 30   0.282   0.227  -0.047   0.367
 91 115 22 05 30   0.426   0.302  -0.043   0.526
 91 115 22 06 30   0.461   0.326  -0.108   0.581
 91 115 22 07 30   0.463   0.320  -0.099   0.574
 91 115 22 08 30   0.558   0.282  -0.083   0.632
 91 115 22 09 30   0.609   0.249  -0.100   0.669
 91 115 22 10 30   0.747   0.157  -0.092   0.771
 91 115 22 11 30   0.704   0.134  -0.089   0.723
 91 115 22 12 30   0.743   0.215  -0.040   0.776
 91 115 22 13 30   0.744   0.190  -0.053   0.770
 91 115 22 14 30   0.728   0.185  -0.041   0.755
 91 115 22 15 30   0.717   0.189  -0.036   0.745
 91 115 22 16 30   0.706   0.231  -0.097   0.751
 91 115 22 17 30   0.670   0.292  -0.076   0.739
 91 115 22 18 30   0.589   0.296  -0.144   0.679
 91 115 22 19 30   0.541   0.305  -0.152   0.641
 91 115 22 20 30   0.507   0.323  -0.164   0.624
 91 115 22 21 30   0.486   0.291  -0.154   0.587
 91 115 22 22 30   0.506   0.215  -0.162   0.574
 91 115 22 23 30   0.432   0.235  -0.145   0.514
 91 115 22 24 30   0.485   0.290  -0.170   0.591
 91 115 22 25 30   0.451   0.242  -0.137   0.532
 91 115 22 26 30   0.399   0.219  -0.065   0.462
 91 115 22 27 30   0.459   0.180  -0.145   0.515
 91 115 22 28 30   0.528   0.227  -0.134   0.593
 91 115 22 29 30   0.527   0.336  -0.119   0.642
 91 115 22 30 30   0.505   0.408  -0.103   0.658
 91 115 22 31 30   0.526   0.440  -0.098   0.693
 91 115 22 32 30   0.526   0.461  -0.097   0.706
 91 115 22 33 30   0.517   0.481  -0.110   0.715
 91 115 22 34 30   0.526   0.453  -0.068   0.698
 91 115 22 35 30   0.520   0.429  -0.044   0.678
 91 115 22 36 30   0.550   0.434  -0.064   0.704
 91 115 22 37 30   0.591   0.443  -0.083   0.744
 91 115 22 38 30   0.590   0.434  -0.059   0.735
 91 115 22 39 30   0.573   0.455  -0.084   0.738
 91 115 22 40 30   0.549   0.445  -0.042   0.709
 91 115 22 41 30   0.594   0.496  -0.048   0.776
 91 115 22 42 30   0.590   0.524  -0.059   0.791
 91 115 22 43 30   0.596   0.561  -0.055   0.820
 91 115 22 44 30   0.581   0.526  -0.045   0.786
 91 115 22 45 30   0.536   0.416  -0.009   0.679
 91 115 22 46 30   0.580   0.364   0.081   0.694
 91 115 22 47 30   0.580   0.137   0.181   0.632
 91 115 22 48 30   0.587   0.176   0.144   0.633
 91 115 22 49 30   0.509   0.409  -0.025   0.663
 91 115 22 50 30   0.393   0.489  -0.188   0.659
 91 115 22 51 30   0.381   0.549  -0.135   0.683
 91 115 22 52 30   0.414   0.499  -0.165   0.672
 91 115 22 53 30   0.450   0.497  -0.229   0.709
 91 115 22 54 30   0.333   0.569  -0.228   0.698
 91 115 22 55 30   0.295   0.562  -0.255   0.686
 91 115 22 56 30   0.259   0.549  -0.226   0.652
 91 115 22 57 30  -0.038   0.662  -0.328   0.741
 91 115 22 58 30  -0.044   0.677  -0.257   0.735
 91 115 22 59 30   0.076   0.698  -0.270   0.754
 91 115 23 00 30   0.142   0.678  -0.268   0.746
 91 115 23 01 30   0.202   0.667  -0.264   0.747
 91 115 23 02 30  -0.041   0.658  -0.302   0.730
 91 115 23 03 30   0.191   0.614  -0.241   0.698
 91 115 23 04 30   0.218   0.556  -0.248   0.649
 91 115 23 05 30   0.196   0.587  -0.275   0.678
 91 115 23 06 30   0.187   0.576  -0.296   0.677
 91 115 23 07 30   0.213   0.605  -0.272   0.697
 91 115 23 08 30   0.187   0.588  -0.249   0.666
 91 115 23 09 30   0.268   0.648  -0.182   0.727
 91 115 23 10 30   0.289   0.616  -0.213   0.721
 91 115 23 11 30   0.255   0.676  -0.248   0.769
 91 115 23 12 30   0.247   0.680  -0.299   0.785
 91 115 23 13 30   0.161   0.695  -0.276   0.767
 91 115 23 14 30   0.200   0.708  -0.247   0.778
 91 115 23 15 30   0.180   0.724  -0.264   0.794
 91 115 23 16 30   0.179   0.749  -0.231   0.805
 91 115 23 17 30   0.144   0.720  -0.251   0.776
 91 115 23 18 30   0.216   0.706  -0.246   0.779
 91 115 23 19 30   0.105   0.640  -0.284   0.713
 91 115 23 20 30  -0.019   0.557  -0.315   0.643
 91 115 23 21 30   0.236   0.548  -0.172   0.628
 91 115 23 22 30   0.298   0.518  -0.014   0.598
 91 115 23 23 30   0.087   0.567  -0.122   0.591
 91 115 23 24 30   0.160   0.551  -0.158   0.598
 91 115 23 25 30   0.244   0.490  -0.081   0.559
 91 115 23 26 30   0.365   0.431   0.010   0.566
 91 115 23 27 30   0.405   0.381   0.036   0.558
 91 115 23 28 30   0.469   0.351   0.110   0.596
 91 115 23 29 30   0.301   0.117   0.070   0.334
 91 115 23 30 30   0.205   0.080   0.041   0.225
 91 115 23 31 30   0.482   0.255   0.156   0.568
 91 115 23 32 30   0.460   0.188   0.170   0.526
 91 115 23 33 30   0.499   0.179   0.152   0.552
 91 115 23 34 30   0.442   0.144   0.129   0.484
 91 115 23 35 30   0.409   0.117   0.107   0.440
 91 115 23 36 30   0.416   0.107   0.126   0.448
 91 115 23 37 30   0.507   0.139   0.129   0.542
 91 115 23 38 30   0.524   0.160   0.096   0.556
 91 115 23 39 30   0.566   0.148   0.094   0.592
 91 115 23 40 30   0.575   0.137   0.091   0.598
 91 115 23 41 30   0.566   0.152   0.084   0.593
 91 115 23 42 30   0.531   0.137   0.070   0.553
 91 115 23 43 30   0.552   0.176   0.074   0.584
 91 115 23 45 30   0.504   0.156   0.089   0.536
 91 115 23 46 30   0.529   0.152   0.113   0.562
 91 115 23 47 30   0.509   0.201   0.133   0.568
 91 115 23 48 30   0.517   0.293   0.081   0.601
 91 115 23 50 30   0.569   0.345   0.063   0.669
 91 115 23 51 30   0.582   0.330   0.071   0.677
 91 115 23 52 30   0.554   0.348   0.066   0.659
 91 115 23 53 30   0.513   0.368   0.032   0.635
 91 115 23 54 30   0.508   0.374  -0.016   0.632
 91 115 23 55 30   0.507   0.380   0.015   0.636
 91 115 23 56 30   0.479   0.508  -0.039   0.701
 91 115 23 57 30   0.441   0.535  -0.065   0.697
 91 115 23 58 30   0.408   0.508  -0.087   0.658
 91 115 23 59 30   0.404   0.488  -0.097   0.644
