 91 123 00 00 30  -0.021  -0.047  -0.676   0.681
 91 123 00 01 30  -0.095  -0.037  -0.643   0.658
 91 123 00 02 30  -0.048  -0.006  -0.632   0.636
 91 123 00 03 30  -0.020   0.037  -0.645   0.649
 91 123 00 04 30  -0.048   0.049  -0.661   0.665
 91 123 00 05 30  -0.019   0.041  -0.648   0.650
 91 123 00 06 30  -0.031   0.056  -0.614   0.618
 91 123 00 07 30  -0.055   0.049  -0.639   0.644
 91 123 00 08 30  -0.143  -0.008  -0.604   0.624
 91 123 00 09 30  -0.156   0.016  -0.551   0.585
 91 123 00 10 30   0.193   0.271  -0.465   0.599
 91 123 00 11 30   0.252   0.401  -0.336   0.607
 91 123 00 12 30   0.170   0.286  -0.422   0.602
 91 123 00 13 30  -0.038   0.047  -0.557   0.572
 91 123 00 14 30   0.036   0.071  -0.566   0.575
 91 123 00 15 30   0.045   0.051  -0.513   0.520
 91 123 00 16 30   0.063   0.017  -0.543   0.549
 91 123 00 17 30   0.045   0.137  -0.524   0.545
 91 123 00 18 30   0.028   0.179  -0.524   0.555
 91 123 00 19 30  -0.039   0.199  -0.478   0.523
 91 123 00 20 30  -0.023   0.217  -0.501   0.548
 91 123 00 21 30  -0.001   0.241  -0.516   0.572
 91 123 00 22 30   0.246   0.227  -0.517   0.620
 91 123 00 23 30   0.135   0.278  -0.533   0.620
 91 123 00 24 30   0.098   0.193  -0.580   0.624
 91 123 00 25 30   0.114   0.224  -0.566   0.625
 91 123 00 26 30   0.080   0.214  -0.528   0.588
 91 123 00 27 30   0.074   0.217  -0.509   0.563
 91 123 00 28 30   0.069   0.152  -0.536   0.566
 91 123 00 29 30  -0.031   0.023  -0.564   0.581
 91 123 00 30 30   0.002  -0.006  -0.563   0.572
 91 123 00 31 30   0.025  -0.037  -0.591   0.597
 91 123 00 32 30   0.007  -0.049  -0.599   0.612
 91 123 00 33 30  -0.045  -0.083  -0.573   0.585
 91 123 00 34 30   0.004  -0.075  -0.564   0.575
 91 123 00 35 30  -0.028  -0.039  -0.533   0.543
 91 123 00 36 30  -0.020   0.002  -0.464   0.472
 91 123 00 37 30  -0.159  -0.138  -0.398   0.484
 91 123 00 38 30  -0.204  -0.227  -0.341   0.491
 91 123 00 39 30  -0.073  -0.021  -0.479   0.491
 91 123 00 40 30   0.024   0.099  -0.512   0.527
 91 123 00 41 30   0.057   0.196  -0.437   0.484
 91 123 00 42 30   0.043   0.249  -0.296   0.398
 91 123 00 43 30   0.034   0.222  -0.311   0.385
 91 123 00 44 30   0.046   0.213  -0.371   0.432
 91 123 00 45 30   0.070   0.201  -0.277   0.368
 91 123 00 46 30   0.112   0.120  -0.379   0.419
 91 123 00 47 30  -0.070   0.103  -0.010   0.306
 91 123 00 48 30  -0.102   0.076   0.369   0.397
 91 123 00 49 30  -0.068  -0.041   0.400   0.411
 91 123 00 50 30  -0.108  -0.016   0.400   0.416
 91 123 00 51 30  -0.178   0.080   0.341   0.398
 91 123 00 52 30  -0.219   0.026   0.338   0.412
 91 123 00 53 30  -0.271  -0.030   0.341   0.438
 91 123 00 54 30  -0.287   0.017   0.310   0.427
 91 123 00 55 30  -0.218  -0.123   0.272   0.401
 91 123 00 56 30  -0.264  -0.196   0.293   0.444
 91 123 00 57 30  -0.256  -0.201   0.335   0.470
 91 123 00 58 30  -0.220  -0.232   0.282   0.430
 91 123 00 59 30  -0.233  -0.080   0.287   0.387
 91 123 01 00 30  -0.234  -0.132   0.177   0.328
 91 123 01 01 30  -0.260  -0.172   0.153   0.351
 91 123 01 02 30  -0.270  -0.202   0.098   0.361
 91 123 01 03 30  -0.303  -0.245   0.021   0.411
 91 123 01 04 30  -0.145  -0.309   0.308   0.466
 91 123 01 05 30   0.009  -0.005   0.303   0.399
 91 123 01 06 30  -0.116   0.126   0.162   0.302
 91 123 01 07 30   0.109   0.151   0.137   0.297
 91 123 01 08 30   0.016   0.250   0.039   0.265
 91 123 01 09 30   0.100   0.204  -0.199   0.306
 91 123 01 10 30   0.161   0.236  -0.135   0.328
 91 123 01 11 30   0.170   0.297  -0.077   0.372
 91 123 01 12 30   0.172   0.353  -0.021   0.395
 91 123 01 13 30   0.187   0.354  -0.104   0.416
 91 123 01 14 30   0.253   0.298  -0.133   0.420
 91 123 01 15 30   0.409   0.274  -0.182   0.542
 91 123 01 17 30   0.310   0.087  -0.073   0.334
 91 123 01 18 30   0.412   0.185  -0.102   0.473
 91 123 01 19 30   0.444   0.194  -0.130   0.503
 91 123 01 20 30   0.403   0.154  -0.053   0.436
 91 123 01 21 30   0.399   0.187  -0.038   0.445
 91 123 01 22 30   0.368   0.230  -0.025   0.438
 91 123 01 23 30   0.335   0.281  -0.079   0.447
 91 123 01 24 30   0.364   0.288   0.031   0.478
 91 123 01 25 30   0.514   0.274   0.072   0.587
 91 123 01 26 30   0.500   0.291   0.063   0.583
 91 123 01 27 30   0.484   0.305   0.074   0.577
 91 123 01 28 30   0.459   0.284   0.081   0.546
 91 123 01 30 30   0.379   0.337  -0.015   0.509
 91 123 01 31 30   0.322   0.303  -0.101   0.455
 91 123 01 32 30   0.337   0.309  -0.115   0.475
 91 123 01 33 30   0.356   0.381   0.020   0.524
 91 123 01 34 30   0.278   0.428   0.118   0.528
 91 123 01 35 30   0.213   0.428   0.023   0.480
 91 123 01 36 30  -0.070   0.311   0.181   0.423
 91 123 01 37 30  -0.263   0.317   0.078   0.427
 91 123 01 38 30  -0.391   0.268  -0.038   0.480
 91 123 01 39 30  -0.450   0.109  -0.125   0.484
 91 123 01 40 30  -0.478  -0.077  -0.156   0.511
 91 123 01 41 30  -0.409  -0.216  -0.105   0.483
 91 123 01 42 30  -0.415  -0.288  -0.117   0.520
 91 123 01 43 30  -0.435  -0.272  -0.233   0.566
 91 123 01 44 30  -0.407  -0.263  -0.203   0.530
 91 123 01 45 30  -0.400  -0.210  -0.190   0.538
 91 123 01 46 30  -0.404  -0.221  -0.187   0.498
 91 123 01 47 30  -0.422  -0.257  -0.138   0.515
 91 123 01 48 30  -0.422  -0.246  -0.188   0.523
 91 123 01 49 30  -0.397  -0.224  -0.149   0.480
 91 123 01 50 30  -0.413  -0.229  -0.134   0.491
 91 123 01 51 30  -0.431  -0.201  -0.220   0.525
 91 123 01 52 30  -0.459  -0.199  -0.257   0.563
 91 123 01 53 30  -0.464  -0.178  -0.308   0.585
 91 123 01 54 30  -0.457  -0.241  -0.250   0.576
 91 123 01 55 30  -0.448  -0.311  -0.178   0.575
 91 123 01 56 30  -0.450  -0.276  -0.215   0.574
 91 123 01 57 30  -0.489  -0.210  -0.258   0.592
 91 123 01 58 30  -0.497  -0.169  -0.275   0.593
 91 123 01 59 30  -0.493  -0.164  -0.288   0.595
 91 123 02 00 30  -0.498  -0.200  -0.232   0.585
 91 123 02 01 30  -0.500  -0.226  -0.204   0.586
 91 123 02 02 30  -0.500  -0.209  -0.239   0.593
 91 123 02 03 30  -0.509  -0.182  -0.247   0.595
 91 123 02 04 30  -0.470  -0.151  -0.319   0.589
 91 123 02 05 30  -0.448  -0.148  -0.388   0.612
 91 123 02 06 30  -0.423  -0.147  -0.392   0.597
 91 123 02 07 30  -0.515  -0.147  -0.275   0.607
 91 123 02 08 30  -0.542  -0.132  -0.244   0.610
 91 123 02 09 30  -0.536  -0.097  -0.272   0.613
 91 123 02 10 30  -0.514  -0.088  -0.298   0.602
 91 123 02 11 30  -0.525  -0.119  -0.275   0.609
 91 123 02 12 30  -0.556  -0.153  -0.232   0.623
 91 123 02 13 30  -0.549  -0.161  -0.224   0.615
 91 123 02 14 30  -0.512  -0.164  -0.322   0.628
 91 123 02 15 30  -0.525  -0.152  -0.308   0.628
 91 123 02 16 30  -0.549  -0.129  -0.259   0.621
 91 123 02 17 30  -0.568  -0.150  -0.209   0.625
 91 123 02 18 30  -0.567  -0.170  -0.198   0.625
 91 123 02 19 30  -0.554  -0.216  -0.167   0.618
 91 123 02 20 30  -0.569  -0.119  -0.223   0.623
 91 123 02 21 30  -0.564  -0.095  -0.240   0.621
 91 123 02 22 30  -0.559  -0.135  -0.236   0.623
 91 123 02 23 30  -0.555  -0.158  -0.236   0.624
 91 123 02 24 30  -0.564  -0.141  -0.217   0.620
 91 123 02 25 30  -0.555  -0.111  -0.258   0.622
 91 123 02 26 30  -0.560  -0.101  -0.243   0.619
 91 123 02 27 30  -0.557  -0.115  -0.269   0.630
 91 123 02 28 30  -0.527  -0.032  -0.325   0.622
 91 123 02 29 30  -0.503   0.044  -0.372   0.628
 91 123 02 30 30  -0.498   0.019  -0.369   0.621
 91 123 02 31 30  -0.482   0.038  -0.371   0.612
 91 123 02 32 30  -0.479   0.067  -0.376   0.613
 91 123 02 33 30  -0.485   0.086  -0.351   0.606
 91 123 02 34 30  -0.486   0.075  -0.373   0.617
 91 123 02 35 30  -0.506   0.058  -0.350   0.622
 91 123 02 36 30  -0.484   0.065  -0.371   0.618
 91 123 02 37 30  -0.472   0.052  -0.416   0.632
 91 123 02 38 30  -0.432   0.005  -0.480   0.651
 91 123 02 39 30  -0.396  -0.040  -0.521   0.656
 91 123 02 40 30  -0.437  -0.031  -0.473   0.645
 91 123 02 41 30  -0.454  -0.016  -0.453   0.642
 91 123 02 42 30  -0.462  -0.012  -0.451   0.646
 91 123 02 43 30  -0.411  -0.073  -0.497   0.649
 91 123 02 44 30  -0.405  -0.104  -0.504   0.656
 91 123 02 45 30  -0.423  -0.088  -0.487   0.652
 91 123 02 46 30  -0.479  -0.053  -0.434   0.649
 91 123 02 47 30  -0.472  -0.058  -0.452   0.656
 91 123 02 48 30  -0.466  -0.002  -0.443   0.644
 91 123 02 49 30  -0.437  -0.046  -0.481   0.652
 91 123 02 50 30  -0.440  -0.061  -0.471   0.648
 91 123 02 51 30  -0.489  -0.034  -0.428   0.651
 91 123 02 52 30  -0.482  -0.042  -0.430   0.649
 91 123 02 53 30  -0.487  -0.033  -0.413   0.640
 91 123 02 54 30  -0.420  -0.120  -0.472   0.645
 91 123 02 55 30  -0.426  -0.190  -0.450   0.652
 91 123 02 56 30  -0.472  -0.081  -0.419   0.638
 91 123 02 57 30  -0.455   0.013  -0.455   0.645
 91 123 02 58 30  -0.480   0.042  -0.429   0.645
 91 123 02 59 30  -0.473   0.124  -0.415   0.644
 91 123 03 00 30  -0.481   0.173  -0.389   0.644
 91 123 03 01 30  -0.462  -0.055  -0.451   0.651
 91 123 03 02 30  -0.480  -0.052  -0.450   0.661
 91 123 03 03 30  -0.498  -0.046  -0.439   0.666
 91 123 03 04 30  -0.513  -0.048  -0.385   0.643
 91 123 03 05 30  -0.465  -0.125  -0.423   0.643
 91 123 03 06 30  -0.429  -0.185  -0.440   0.642
 91 123 03 07 30  -0.438  -0.092  -0.436   0.626
 91 123 03 08 30  -0.440  -0.060  -0.425   0.615
 91 123 03 09 30  -0.436  -0.148  -0.421   0.625
 91 123 03 10 30  -0.454  -0.116  -0.411   0.624
 91 123 03 11 30  -0.463  -0.089  -0.369   0.599
 91 123 03 12 30  -0.474  -0.115  -0.330   0.590
 91 123 03 13 30  -0.422  -0.096  -0.399   0.590
 91 123 03 14 30  -0.425  -0.142  -0.391   0.600
 91 123 03 15 30  -0.451  -0.117  -0.305   0.559
 91 123 03 16 30  -0.429  -0.144  -0.267   0.527
 91 123 03 17 30  -0.400  -0.151  -0.282   0.512
 91 123 03 18 30  -0.344  -0.142  -0.345   0.508
 91 123 03 19 30  -0.339  -0.127  -0.346   0.502
 91 123 03 20 30  -0.307  -0.198  -0.347   0.506
 91 123 03 21 30  -0.344  -0.179  -0.305   0.494
 91 123 03 22 30  -0.415  -0.097  -0.259   0.499
 91 123 03 23 30  -0.418  -0.104  -0.255   0.501
 91 123 03 24 30  -0.410  -0.122  -0.249   0.495
 91 123 03 25 30  -0.392  -0.161  -0.251   0.493
 91 123 03 26 30  -0.371  -0.176  -0.261   0.489
 91 123 03 27 30  -0.397  -0.084  -0.269   0.487
 91 123 03 28 30  -0.393  -0.047  -0.266   0.479
 91 123 03 29 30  -0.427  -0.087  -0.200   0.482
 91 123 03 30 30  -0.429  -0.055  -0.208   0.481
 91 123 03 31 30  -0.432  -0.025  -0.198   0.478
 91 123 03 32 30  -0.395  -0.058  -0.258   0.478
 91 123 03 33 30  -0.367   0.019  -0.305   0.478
 91 123 03 34 30  -0.382   0.024  -0.282   0.477
 91 123 03 35 30  -0.409  -0.015  -0.248   0.479
 91 123 03 36 30  -0.416  -0.007  -0.230   0.476
 91 123 03 37 30  -0.394   0.040  -0.260   0.474
 91 123 03 38 30  -0.382   0.062  -0.274   0.475
 91 123 03 39 30  -0.413   0.056  -0.213   0.468
 91 123 03 40 30  -0.406   0.043  -0.224   0.468
 91 123 03 41 30  -0.382   0.088  -0.258   0.470
 91 123 03 42 30  -0.381   0.065  -0.261   0.466
 91 123 03 43 30  -0.387   0.081  -0.239   0.462
 91 123 03 44 30  -0.425   0.029  -0.172   0.461
 91 123 03 45 30  -0.416   0.024  -0.196   0.463
 91 123 03 46 30  -0.399   0.002  -0.236   0.471
 91 123 03 47 30  -0.328   0.025  -0.291   0.465
 91 123 03 48 30  -0.410   0.091  -0.176   0.457
 91 123 03 49 30  -0.408   0.077  -0.202   0.465
 91 123 03 50 30  -0.394   0.121  -0.204   0.463
 91 123 03 51 30  -0.367   0.106  -0.274   0.470
 91 123 03 52 30  -0.381   0.147  -0.228   0.469
 91 123 03 53 30  -0.409   0.094  -0.199   0.465
 91 123 03 54 30  -0.410   0.090  -0.207   0.470
 91 123 03 55 30  -0.400   0.124  -0.216   0.472
 91 123 03 56 30  -0.407   0.144  -0.176   0.466
 91 123 03 57 30  -0.410   0.131  -0.185   0.469
 91 123 03 58 30  -0.387   0.149  -0.224   0.472
 91 123 03 59 30  -0.361   0.119  -0.257   0.472
 91 123 04 00 30  -0.384   0.068  -0.253   0.467
 91 123 04 01 30  -0.409   0.093  -0.181   0.458
 91 123 04 02 30  -0.410   0.078  -0.182   0.456
 91 123 04 03 30  -0.417   0.071  -0.189   0.464
 91 123 04 04 30  -0.423   0.040  -0.187   0.465
 91 123 04 05 30  -0.396   0.003  -0.243   0.468
 91 123 04 06 30  -0.366  -0.040  -0.284   0.470
 91 123 04 07 30  -0.355   0.014  -0.275   0.454
 91 123 04 08 30  -0.386  -0.044  -0.239   0.456
 91 123 04 09 30  -0.374  -0.054  -0.259   0.459
 91 123 04 10 30  -0.356  -0.068  -0.276   0.456
 91 123 04 11 30  -0.361  -0.117  -0.255   0.458
 91 123 04 12 30  -0.377  -0.139  -0.224   0.462
 91 123 04 13 30  -0.370  -0.096  -0.246   0.460
 91 123 04 14 30  -0.391   0.001  -0.232   0.458
 91 123 04 15 30  -0.339  -0.077  -0.306   0.463
 91 123 04 16 30  -0.350  -0.005  -0.295   0.458
 91 123 04 17 30  -0.344  -0.013  -0.309   0.463
 91 123 04 18 30  -0.354  -0.018  -0.295   0.461
 91 123 04 19 30  -0.363  -0.028  -0.288   0.465
 91 123 04 20 30  -0.368  -0.065  -0.274   0.464
 91 123 04 21 30  -0.366  -0.069  -0.285   0.470
 91 123 04 22 30  -0.348  -0.114  -0.294   0.470
 91 123 04 23 30  -0.339  -0.124  -0.294   0.467
 91 123 04 24 30  -0.351  -0.107  -0.275   0.460
 91 123 04 25 30  -0.364  -0.093  -0.251   0.455
 91 123 04 26 30  -0.396  -0.099  -0.206   0.457
 91 123 04 27 30  -0.363  -0.112  -0.249   0.463
 91 123 04 28 30  -0.311  -0.211  -0.269   0.466
 91 123 04 29 30  -0.325  -0.192  -0.288   0.476
 91 123 04 30 30  -0.358  -0.181  -0.253   0.475
 91 123 04 31 30  -0.348  -0.215  -0.234   0.471
 91 123 04 32 30  -0.324  -0.185  -0.283   0.469
 91 123 04 33 30  -0.313  -0.187  -0.293   0.469
 91 123 04 34 30  -0.316  -0.175  -0.291   0.465
 91 123 04 35 30  -0.325  -0.157  -0.297   0.468
 91 123 04 36 30  -0.375  -0.105  -0.253   0.465
 91 123 04 37 30  -0.398  -0.098  -0.210   0.461
 91 123 04 38 30  -0.393  -0.149  -0.194   0.464
 91 123 04 39 30  -0.400  -0.173  -0.151   0.463
 91 123 04 40 30  -0.304  -0.227  -0.236   0.454
 91 123 04 41 30  -0.300  -0.080  -0.333   0.458
 91 123 04 42 30  -0.342  -0.063  -0.306   0.464
 91 123 04 43 30  -0.331  -0.102  -0.307   0.463
 91 123 04 44 30  -0.350  -0.107  -0.275   0.461
 91 123 04 45 30  -0.384  -0.080  -0.216   0.448
 91 123 04 46 30  -0.409  -0.056  -0.185   0.452
 91 123 04 47 30  -0.386  -0.084  -0.220   0.452
 91 123 04 48 30  -0.385  -0.047  -0.234   0.454
 91 123 04 49 30  -0.384  -0.038  -0.250   0.460
 91 123 04 50 30  -0.384  -0.032  -0.243   0.457
 91 123 04 51 30  -0.374  -0.018  -0.249   0.450
 91 123 04 52 30  -0.378  -0.018  -0.245   0.451
 91 123 04 53 30  -0.368  -0.129  -0.232   0.457
 91 123 04 54 30  -0.373  -0.099  -0.241   0.456
 91 123 04 55 30  -0.374  -0.096  -0.241   0.455
 91 123 04 56 30  -0.364  -0.110  -0.255   0.458
 91 123 04 57 30  -0.376  -0.109  -0.238   0.459
 91 123 04 58 30  -0.373  -0.157  -0.213   0.459
 91 123 04 59 30  -0.378  -0.066  -0.233   0.450
 91 123 05 00 30  -0.370  -0.008  -0.260   0.453
 91 123 05 01 30  -0.372  -0.078  -0.229   0.447
 91 123 05 02 30  -0.365  -0.134  -0.226   0.450
 91 123 05 03 30  -0.387  -0.100  -0.211   0.453
 91 123 05 04 30  -0.391  -0.154  -0.166   0.452
 91 123 05 05 30  -0.389  -0.127  -0.190   0.452
 91 123 05 06 30  -0.390  -0.164  -0.168   0.456
 91 123 05 07 30  -0.397  -0.140  -0.151   0.448
 91 123 05 08 30  -0.376  -0.149  -0.190   0.448
 91 123 05 09 30  -0.377  -0.142  -0.202   0.451
 91 123 05 10 30  -0.380  -0.132  -0.203   0.451
 91 123 05 11 30  -0.381  -0.069  -0.234   0.453
 91 123 05 12 30  -0.372  -0.060  -0.244   0.450
 91 123 05 13 30  -0.378  -0.100  -0.221   0.450
 91 123 05 14 30  -0.382  -0.116  -0.209   0.451
 91 123 05 15 30  -0.364  -0.105  -0.247   0.453
 91 123 05 16 30  -0.366  -0.098  -0.242   0.450
 91 123 05 17 30  -0.378  -0.111  -0.211   0.447
 91 123 05 18 30  -0.365  -0.097  -0.241   0.449
 91 123 05 19 30  -0.365  -0.078  -0.248   0.449
 91 123 05 20 30  -0.382  -0.122  -0.202   0.449
 91 123 05 21 30  -0.362  -0.097  -0.247   0.449
 91 123 05 22 30  -0.384  -0.074  -0.211   0.446
 91 123 05 23 30  -0.386  -0.049  -0.206   0.441
 91 123 05 24 30  -0.376  -0.117  -0.216   0.450
 91 123 05 25 30  -0.384  -0.077  -0.210   0.445
 91 123 05 26 30  -0.367   0.000  -0.250   0.445
 91 123 05 27 30  -0.367  -0.004  -0.249   0.445
 91 123 05 28 30  -0.376   0.003  -0.236   0.445
 91 123 05 29 30  -0.387   0.023  -0.215   0.444
 91 123 05 30 30  -0.384  -0.061  -0.207   0.443
 91 123 05 31 30  -0.367  -0.117  -0.225   0.446
 91 123 05 32 30  -0.378  -0.097  -0.210   0.444
 91 123 05 33 30  -0.373  -0.130  -0.199   0.443
 91 123 05 34 30  -0.362  -0.136  -0.211   0.442
 91 123 05 35 30  -0.376  -0.104  -0.204   0.441
 91 123 05 36 30  -0.379  -0.079  -0.204   0.438
 91 123 05 37 30  -0.368  -0.119  -0.204   0.437
 91 123 05 38 30  -0.387  -0.137  -0.157   0.441
 91 123 05 39 30  -0.384  -0.127  -0.173   0.441
 91 123 05 40 30  -0.391  -0.070  -0.186   0.440
 91 123 05 41 30  -0.384  -0.069  -0.207   0.443
 91 123 05 42 30  -0.373  -0.101  -0.210   0.440
 91 123 05 43 30  -0.374  -0.139  -0.189   0.442
 91 123 05 44 30  -0.369  -0.134  -0.189   0.436
 91 123 05 45 30  -0.359  -0.077  -0.207   0.422
 91 123 05 46 30  -0.367  -0.090  -0.170   0.415
 91 123 05 47 30  -0.359  -0.079  -0.197   0.418
 91 123 05 48 30  -0.374  -0.073  -0.190   0.426
 91 123 05 49 30  -0.378   0.005  -0.191   0.425
 91 123 05 50 30  -0.392  -0.019  -0.169   0.428
 91 123 05 51 30  -0.388   0.012  -0.167   0.423
 91 123 05 52 30  -0.386   0.009  -0.172   0.423
 91 123 05 53 30  -0.391   0.052  -0.132   0.417
 91 123 05 54 30  -0.367  -0.035  -0.181   0.412
 91 123 05 55 30  -0.377   0.030  -0.122   0.398
 91 123 05 56 30  -0.383   0.041  -0.112   0.401
 91 123 05 57 30  -0.381   0.039  -0.129   0.404
 91 123 05 58 30  -0.388   0.043  -0.124   0.410
 91 123 05 59 30  -0.388   0.039  -0.129   0.411
 91 123 06 00 30  -0.387   0.030  -0.134   0.411
 91 123 06 01 30  -0.378   0.034  -0.141   0.405
 91 123 06 02 30  -0.377   0.026  -0.139   0.403
 91 123 06 03 30  -0.377   0.050  -0.137   0.405
 91 123 06 04 30  -0.382   0.070  -0.117   0.406
 91 123 06 05 30  -0.392   0.078  -0.108   0.414
 91 123 06 06 30  -0.387   0.097  -0.112   0.415
 91 123 06 07 30  -0.386   0.103  -0.107   0.414
 91 123 06 08 30  -0.391   0.093  -0.086   0.412
 91 123 06 09 30  -0.396   0.068  -0.084   0.411
 91 123 06 10 30  -0.383   0.062  -0.134   0.411
 91 123 06 11 30  -0.389   0.065  -0.107   0.411
 91 123 06 12 30  -0.388   0.082  -0.100   0.410
 91 123 06 13 30  -0.384   0.044  -0.138   0.411
 91 123 06 14 30  -0.374   0.088  -0.123   0.404
 91 123 06 15 30  -0.376   0.075  -0.095   0.397
 91 123 06 16 30  -0.375   0.095  -0.092   0.398
 91 123 06 17 30  -0.376   0.103  -0.077   0.398
 91 123 06 18 30  -0.375   0.112  -0.062   0.397
 91 123 06 19 30  -0.366   0.128  -0.085   0.397
 91 123 06 20 30  -0.363   0.121  -0.101   0.396
 91 123 06 21 30  -0.357   0.109  -0.096   0.386
 91 123 06 22 30  -0.351   0.114  -0.112   0.387
 91 123 06 23 30  -0.343   0.111  -0.117   0.381
 91 123 06 24 30  -0.344   0.113  -0.121   0.382
 91 123 06 25 30  -0.347   0.115  -0.109   0.382
 91 123 06 26 30  -0.344   0.127  -0.092   0.379
 91 123 06 27 30  -0.348   0.112  -0.098   0.379
 91 123 06 28 30  -0.343   0.141  -0.097   0.384
 91 123 06 29 30  -0.355   0.141  -0.095   0.394
 91 123 06 30 30  -0.362   0.122  -0.103   0.397
 91 123 06 31 30  -0.362   0.083  -0.142   0.398
 91 123 06 32 30  -0.347   0.024  -0.186   0.396
 91 123 06 33 30  -0.343   0.001  -0.168   0.382
 91 123 06 34 30  -0.329  -0.050  -0.177   0.378
 91 123 06 35 30  -0.314  -0.059  -0.194   0.377
 91 123 06 36 30  -0.293  -0.112  -0.189   0.368
 91 123 06 37 30  -0.302  -0.084  -0.185   0.367
 91 123 06 38 30  -0.323   0.023  -0.152   0.358
 91 123 06 39 30  -0.326   0.011  -0.138   0.355
 91 123 06 40 30  -0.320   0.053  -0.121   0.349
 91 123 06 41 30  -0.311   0.135  -0.074   0.348
 91 123 06 42 30  -0.317   0.082  -0.106   0.349
 91 123 06 43 30  -0.325   0.044  -0.127   0.353
 91 123 06 44 30  -0.318   0.034  -0.154   0.358
 91 123 06 45 30  -0.300   0.173  -0.027   0.357
 91 123 06 46 30  -0.266   0.235   0.011   0.361
 91 123 06 47 30  -0.320   0.231   0.049   0.399
 91 123 06 48 30  -0.343   0.127  -0.078   0.377
 91 123 06 49 30  -0.303   0.174  -0.098   0.364
 91 123 06 50 30  -0.287   0.199  -0.096   0.363
 91 123 06 51 30  -0.277   0.175  -0.119   0.350
 91 123 06 52 30  -0.270   0.175  -0.108   0.340
 91 123 06 53 30  -0.241   0.181  -0.128   0.329
 91 123 06 54 30  -0.245   0.176  -0.120   0.326
 91 123 06 55 30  -0.266   0.179  -0.092   0.336
 91 123 06 56 30  -0.200   0.253  -0.048   0.335
 91 123 06 57 30  -0.188   0.279  -0.086   0.349
 91 123 06 58 30  -0.176   0.289  -0.097   0.354
 91 123 06 59 30  -0.168   0.304  -0.099   0.362
 91 123 07 00 30  -0.150   0.319  -0.127   0.376
 91 123 07 01 30  -0.147   0.296  -0.140   0.361
 91 123 07 02 30  -0.161   0.291  -0.140   0.362
 91 123 07 03 30  -0.173   0.273  -0.133   0.357
 91 123 07 04 30  -0.265   0.153  -0.196   0.365
 91 123 07 05 30  -0.262   0.153  -0.200   0.365
 91 123 07 06 30  -0.287   0.124  -0.172   0.359
 91 123 07 07 30  -0.294   0.140  -0.156   0.362
 91 123 07 08 30  -0.311   0.126  -0.144   0.365
 91 123 07 09 30  -0.320   0.114  -0.157   0.374
 91 123 07 10 30  -0.326   0.094  -0.150   0.371
 91 123 07 11 30  -0.330   0.091  -0.135   0.369
 91 123 07 12 30  -0.324   0.112  -0.120   0.365
 91 123 07 13 30  -0.322   0.099  -0.162   0.375
 91 123 07 14 30  -0.329   0.110  -0.142   0.375
 91 123 07 15 30  -0.338   0.078  -0.142   0.375
 91 123 07 16 30  -0.333   0.100  -0.127   0.372
 91 123 07 17 30  -0.336  -0.062  -0.172   0.383
 91 123 07 18 30  -0.328  -0.040  -0.182   0.378
 91 123 07 19 30  -0.320  -0.048  -0.212   0.388
 91 123 07 20 30  -0.351  -0.015  -0.147   0.382
 91 123 07 21 30  -0.331  -0.030  -0.182   0.381
 91 123 07 22 30  -0.355   0.054  -0.139   0.385
 91 123 07 23 30  -0.325  -0.007  -0.212   0.394
 91 123 07 24 30  -0.319  -0.032  -0.216   0.387
 91 123 07 25 30  -0.335   0.049  -0.161   0.378
 91 123 07 26 30  -0.335   0.011  -0.181   0.381
 91 123 07 27 30  -0.337   0.012  -0.184   0.385
 91 123 07 28 30  -0.341   0.077  -0.164   0.387
 91 123 07 29 30  -0.324   0.070  -0.166   0.372
 91 123 07 30 30  -0.308   0.066  -0.183   0.366
 91 123 07 31 30  -0.317   0.119  -0.135   0.367
 91 123 07 32 30  -0.327   0.094  -0.101   0.356
 91 123 07 33 30  -0.324   0.101  -0.111   0.357
 91 123 07 34 30  -0.306   0.157  -0.108   0.362
 91 123 07 35 30  -0.300   0.149  -0.104   0.351
 91 123 07 36 30  -0.328   0.081  -0.139   0.368
 91 123 07 37 30  -0.311   0.075  -0.169   0.363
 91 123 07 38 30  -0.302   0.092  -0.175   0.361
 91 123 07 39 30  -0.303   0.088  -0.187   0.368
 91 123 07 40 30  -0.282   0.131  -0.183   0.361
 91 123 07 41 30  -0.298   0.065  -0.217   0.376
 91 123 07 42 30  -0.321   0.035  -0.190   0.374
 91 123 07 43 30  -0.328   0.006  -0.173   0.371
 91 123 07 44 30  -0.319   0.029  -0.183   0.369
 91 123 07 45 30  -0.320   0.040  -0.179   0.369
 91 123 07 46 30  -0.321   0.039  -0.193   0.378
 91 123 07 47 30  -0.322   0.004  -0.213   0.386
 91 123 07 48 30  -0.332  -0.008  -0.195   0.386
 91 123 07 49 30  -0.340  -0.012  -0.175   0.383
 91 123 07 50 30  -0.337   0.014  -0.172   0.379
 91 123 07 51 30  -0.328  -0.010  -0.162   0.366
 91 123 07 52 30  -0.320  -0.001  -0.175   0.365
 91 123 07 53 30  -0.318  -0.009  -0.163   0.358
 91 123 07 54 30  -0.305  -0.010  -0.158   0.344
 91 123 07 55 30  -0.297   0.028  -0.151   0.335
 91 123 07 56 30  -0.306  -0.002  -0.138   0.336
 91 123 07 57 30  -0.300  -0.004  -0.127   0.327
 91 123 07 58 30  -0.303  -0.008  -0.120   0.327
 91 123 07 59 30  -0.284  -0.026  -0.128   0.315
 91 123 08 00 30  -0.256  -0.041  -0.163   0.307
 91 123 08 01 30  -0.256  -0.076  -0.161   0.313
 91 123 08 02 30  -0.266  -0.057  -0.161   0.318
 91 123 08 03 30  -0.226  -0.025  -0.191   0.299
 91 123 08 04 30  -0.200  -0.019  -0.177   0.268
 91 123 08 05 30  -0.186  -0.001  -0.162   0.248
 91 123 08 06 30  -0.105   0.070  -0.093   0.172
 91 123 08 07 30  -0.063   0.051  -0.068   0.116
 91 123 08 08 30  -0.011   0.034  -0.029   0.085
 91 123 08 09 30   0.137   0.053   0.080   0.177
 91 123 08 10 30   0.152   0.070   0.074   0.185
 91 123 08 11 30   0.143   0.101   0.059   0.185
 91 123 08 12 30   0.168   0.023   0.112   0.206
 91 123 08 13 30   0.130   0.064   0.119   0.205
 91 123 08 14 30   0.120   0.190   0.124   0.259
 91 123 08 15 30   0.163   0.168   0.153   0.285
 91 123 08 16 30   0.210   0.149   0.153   0.301
 91 123 08 17 30   0.173   0.156   0.161   0.289
 91 123 08 18 30   0.145   0.169   0.196   0.303
 91 123 08 19 30   0.158   0.185   0.207   0.325
 91 123 08 20 30   0.167   0.199   0.206   0.334
 91 123 08 21 30   0.179   0.160   0.249   0.350
 91 123 08 22 30   0.202   0.184   0.237   0.365
 91 123 08 23 30   0.247   0.173   0.233   0.387
 91 123 08 24 30   0.302   0.126   0.212   0.392
 91 123 08 25 30   0.196   0.202   0.126   0.314
 91 123 08 26 30   0.146   0.174   0.118   0.264
 91 123 08 27 30   0.172   0.152   0.139   0.271
 91 123 08 28 30   0.160   0.171   0.111   0.261
 91 123 08 29 30   0.123   0.212   0.102   0.267
 91 123 08 30 30   0.131   0.208   0.105   0.269
 91 123 08 31 30   0.117   0.206   0.128   0.275
 91 123 08 32 30   0.227   0.165   0.233   0.367
 91 123 08 33 30   0.229   0.177   0.200   0.366
 91 123 08 34 30   0.225   0.163   0.218   0.363
 91 123 08 35 30   0.168   0.074   0.288   0.342
 91 123 08 36 30   0.198   0.082   0.326   0.392
 91 123 08 37 30   0.297   0.149   0.259   0.426
 91 123 08 38 30   0.284   0.129   0.289   0.426
 91 123 08 39 30   0.245   0.153   0.249   0.382
 91 123 08 40 30   0.279   0.158   0.275   0.423
 91 123 08 41 30   0.310   0.126   0.279   0.437
 91 123 08 42 30   0.301   0.128   0.264   0.425
 91 123 08 43 30   0.248   0.204   0.246   0.406
 91 123 08 44 30   0.204   0.209   0.231   0.375
 91 123 08 45 30   0.177   0.176   0.169   0.307
 91 123 08 46 30   0.120   0.198   0.176   0.293
 91 123 08 47 30   0.108   0.194   0.175   0.284
 91 123 08 48 30   0.070   0.188   0.169   0.263
 91 123 08 49 30   0.078   0.187   0.162   0.261
 91 123 08 50 30   0.091   0.168   0.160   0.252
 91 123 08 51 30   0.062   0.210   0.160   0.272
 91 123 08 52 30   0.041   0.221   0.154   0.274
 91 123 08 53 30   0.035   0.224   0.150   0.273
 91 123 08 54 30   0.025   0.240   0.180   0.306
 91 123 08 55 30   0.029   0.275   0.195   0.342
 91 123 08 56 30  -0.037   0.295   0.161   0.339
 91 123 08 57 30  -0.058   0.290   0.156   0.337
 91 123 08 58 30   0.022   0.293   0.177   0.344
 91 123 08 59 30   0.015   0.289   0.178   0.341
 91 123 09 00 30   0.086   0.299   0.178   0.359
 91 123 09 01 30   0.084   0.290   0.175   0.350
 91 123 09 02 30   0.085   0.298   0.157   0.348
 91 123 09 03 30   0.098   0.292   0.182   0.359
 91 123 09 04 30   0.172   0.268   0.191   0.374
 91 123 09 05 30   0.215   0.244   0.195   0.380
 91 123 09 06 30   0.174   0.244   0.210   0.368
 91 123 09 07 30   0.143   0.262   0.207   0.364
 91 123 09 08 30   0.136   0.273   0.183   0.357
 91 123 09 09 30   0.103   0.293   0.161   0.355
 91 123 09 10 30   0.221   0.252   0.148   0.371
 91 123 09 11 30   0.237   0.226   0.182   0.376
 91 123 09 12 30   0.228   0.219   0.198   0.374
 91 123 09 13 30   0.205   0.245   0.185   0.370
 91 123 09 14 30   0.180   0.229   0.217   0.366
 91 123 09 15 30   0.211   0.216   0.220   0.374
 91 123 09 16 30   0.220   0.235   0.203   0.382
 91 123 09 17 30   0.233   0.221   0.203   0.382
 91 123 09 18 30   0.254   0.214   0.178   0.379
 91 123 09 19 30   0.243   0.215   0.185   0.375
 91 123 09 20 30   0.240   0.218   0.197   0.381
 91 123 09 21 30   0.212   0.254   0.189   0.381
 91 123 09 22 30   0.210   0.241   0.201   0.378
 91 123 09 23 30   0.215   0.235   0.207   0.380
 91 123 09 24 30   0.221   0.234   0.197   0.382
 91 123 09 25 30   0.156   0.303   0.139   0.368
 91 123 09 26 30   0.176   0.291   0.151   0.373
 91 123 09 27 30   0.196   0.269   0.158   0.369
 91 123 09 28 30   0.174   0.275   0.154   0.361
 91 123 09 29 30   0.174   0.247   0.179   0.353
 91 123 09 30 30   0.002   0.260   0.119   0.318
 91 123 09 31 30   0.029   0.279   0.143   0.320
 91 123 09 32 30   0.117   0.268   0.159   0.336
 91 123 09 33 30   0.064   0.283   0.165   0.336
 91 123 09 34 30  -0.037   0.292   0.092   0.311
 91 123 09 35 30   0.009   0.294   0.125   0.325
 91 123 09 36 30   0.017   0.299   0.118   0.323
 91 123 09 37 30   0.031   0.301   0.103   0.321
 91 123 09 38 30  -0.009   0.285   0.129   0.314
 91 123 09 39 30   0.036   0.289   0.093   0.309
 91 123 09 40 30  -0.002   0.276   0.114   0.302
 91 123 09 41 30  -0.030   0.259   0.139   0.298
 91 123 09 42 30   0.006   0.255   0.158   0.303
 91 123 09 43 30  -0.026   0.281   0.119   0.310
 91 123 09 44 30  -0.051   0.288   0.086   0.307
 91 123 09 45 30  -0.061   0.287   0.094   0.309
 91 123 09 46 30  -0.073   0.288   0.100   0.314
 91 123 09 47 30  -0.087   0.291   0.094   0.321
 91 123 09 48 30  -0.117   0.287   0.065   0.318
 91 123 09 49 30  -0.099   0.298   0.046   0.319
 91 123 09 50 30  -0.099   0.303   0.033   0.323
 91 123 09 51 30  -0.161   0.227   0.081   0.306
 91 123 09 52 30  -0.159   0.227   0.089   0.297
 91 123 09 53 30  -0.160   0.273   0.078   0.327
 91 123 09 54 30  -0.127   0.275   0.122   0.329
 91 123 09 55 30  -0.138   0.272   0.106   0.325
 91 123 09 56 30  -0.173   0.260   0.069   0.321
 91 123 09 57 30  -0.153   0.248   0.035   0.296
 91 123 09 58 30  -0.199   0.203  -0.039   0.288
 91 123 09 59 30  -0.216   0.192  -0.041   0.293
 91 123 10 00 30  -0.233   0.188  -0.042   0.303
 91 123 10 01 30  -0.195   0.237  -0.024   0.309
 91 123 10 02 30  -0.203   0.225   0.001   0.304
 91 123 10 03 30  -0.210   0.227  -0.008   0.311
 91 123 10 04 30  -0.229   0.200  -0.020   0.306
 91 123 10 05 30  -0.240   0.200  -0.034   0.314
 91 123 10 06 30  -0.273   0.207  -0.052   0.348
 91 123 10 07 30  -0.295   0.194  -0.080   0.362
 91 123 10 08 30  -0.317   0.175  -0.080   0.371
 91 123 10 09 30  -0.317   0.159  -0.091   0.368
 91 123 10 10 30  -0.348   0.213  -0.108   0.422
 91 123 10 11 30  -0.358   0.173  -0.120   0.416
 91 123 10 12 30  -0.361   0.159  -0.132   0.416
 91 123 10 13 30  -0.354   0.156  -0.139   0.411
 91 123 10 14 30  -0.354   0.158  -0.136   0.411
 91 123 10 15 30  -0.366   0.167  -0.131   0.424
 91 123 10 16 30  -0.378   0.151  -0.128   0.426
 91 123 10 17 30  -0.373   0.150  -0.131   0.423
 91 123 10 18 30  -0.370   0.154  -0.136   0.424
 91 123 10 19 30  -0.355   0.170  -0.161   0.426
 91 123 10 20 30  -0.363   0.150  -0.153   0.422
 91 123 10 21 30  -0.380   0.136  -0.133   0.425
 91 123 10 22 30  -0.378   0.134  -0.131   0.422
 91 123 10 23 30  -0.375   0.126  -0.133   0.418
 91 123 10 24 30  -0.383   0.114  -0.135   0.422
 91 123 10 25 30  -0.396   0.114  -0.120   0.429
 91 123 10 26 30  -0.386   0.124  -0.116   0.422
 91 123 10 27 30  -0.378   0.119  -0.142   0.422
 91 123 10 28 30  -0.374   0.111  -0.158   0.421
 91 123 10 29 30  -0.366   0.103  -0.164   0.415
 91 123 10 30 30  -0.370   0.103  -0.169   0.420
 91 123 10 31 30  -0.381   0.096  -0.161   0.425
 91 123 10 32 30  -0.382   0.070  -0.184   0.429
 91 123 10 33 30  -0.369   0.073  -0.190   0.422
 91 123 10 34 30  -0.367   0.038  -0.212   0.427
 91 123 10 35 30  -0.360   0.024  -0.226   0.425
 91 123 10 36 30  -0.358   0.048  -0.234   0.430
 91 123 10 37 30  -0.361   0.043  -0.229   0.430
 91 123 10 38 30  -0.360   0.047  -0.216   0.423
 91 123 10 39 30  -0.366   0.019  -0.202   0.419
 91 123 10 40 30  -0.368  -0.005  -0.207   0.423
 91 123 10 41 30  -0.359  -0.027  -0.232   0.430
 91 123 10 42 30  -0.348  -0.029  -0.246   0.428
 91 123 10 43 30  -0.357  -0.016  -0.234   0.427
 91 123 10 44 30  -0.360   0.072  -0.196   0.421
 91 123 10 45 30  -0.363   0.024  -0.198   0.422
 91 123 10 46 30  -0.390   0.095  -0.085   0.421
 91 123 10 47 30  -0.401   0.127  -0.088   0.431
 91 123 10 48 30  -0.372   0.165  -0.159   0.438
 91 123 10 49 30  -0.374   0.182  -0.129   0.437
 91 123 10 50 30  -0.395   0.134  -0.138   0.439
 91 123 10 51 30  -0.406   0.118  -0.117   0.441
 91 123 10 52 30  -0.387   0.194  -0.075   0.440
 91 123 10 53 30  -0.405   0.158  -0.077   0.441
 91 123 10 54 30  -0.400   0.147  -0.108   0.442
 91 123 10 55 30  -0.401   0.148  -0.124   0.447
 91 123 10 56 30  -0.402   0.138  -0.112   0.440
 91 123 10 57 30  -0.397   0.151  -0.134   0.445
 91 123 10 58 30  -0.387   0.182  -0.121   0.445
 91 123 10 59 30  -0.391   0.172  -0.126   0.447
 91 123 11 00 30  -0.402   0.148  -0.126   0.449
 91 123 11 01 30  -0.417   0.154  -0.061   0.450
 91 123 11 02 30  -0.407   0.148  -0.113   0.449
 91 123 11 03 30  -0.398   0.166  -0.140   0.454
 91 123 11 04 30  -0.415   0.110  -0.131   0.451
 91 123 11 05 30  -0.400   0.171  -0.106   0.449
 91 123 11 06 30  -0.413   0.156  -0.110   0.457
 91 123 11 07 30  -0.423   0.137  -0.070   0.451
 91 123 11 08 30  -0.432   0.103  -0.099   0.455
 91 123 11 09 30  -0.407   0.160  -0.130   0.459
 91 123 11 10 30  -0.376   0.180  -0.196   0.462
 91 123 11 11 30  -0.353   0.261  -0.106   0.454
 91 123 11 12 30  -0.399   0.169  -0.061   0.441
 91 123 11 13 30  -0.398   0.164  -0.086   0.440
 91 123 11 14 30  -0.373   0.222  -0.078   0.443
 91 123 11 15 30  -0.397   0.127  -0.121   0.435
 91 123 11 16 30  -0.387   0.127  -0.153   0.436
 91 123 11 17 30  -0.375   0.091  -0.173   0.425
 91 123 11 18 30  -0.386   0.032  -0.134   0.415
 91 123 11 19 30  -0.391   0.064  -0.117   0.414
 91 123 11 20 30  -0.403   0.053  -0.110   0.422
 91 123 11 21 30  -0.395   0.033  -0.132   0.420
 91 123 11 22 30  -0.364   0.074  -0.156   0.411
 91 123 11 23 30  -0.359   0.111  -0.135   0.400
 91 123 11 24 30  -0.376   0.044  -0.126   0.401
 91 123 11 25 30  -0.359   0.070  -0.140   0.394
 91 123 11 26 30  -0.359   0.080  -0.133   0.395
 91 123 11 27 30  -0.360   0.121  -0.098   0.394
 91 123 11 28 30  -0.347   0.117  -0.149   0.398
 91 123 11 29 30  -0.363   0.106  -0.113   0.396
 91 123 11 30 30  -0.384   0.061  -0.108   0.404
 91 123 11 31 30  -0.381   0.086  -0.085   0.400
 91 123 11 32 30  -0.364   0.110  -0.113   0.398
 91 123 11 33 30  -0.362   0.107  -0.128   0.399
 91 123 11 34 30  -0.374   0.100  -0.099   0.400
 91 123 11 35 30  -0.377   0.107  -0.086   0.402
 91 123 11 36 30  -0.385   0.096  -0.096   0.409
 91 123 11 37 30  -0.377   0.126  -0.096   0.409
 91 123 11 38 30  -0.395   0.093  -0.043   0.409
 91 123 11 39 30  -0.385   0.070  -0.075   0.400
 91 123 11 40 30  -0.365   0.050  -0.127   0.390
 91 123 11 41 30  -0.361   0.014  -0.173   0.402
 91 123 11 42 30  -0.357   0.049  -0.166   0.399
 91 123 11 43 30  -0.361   0.096  -0.108   0.390
 91 123 11 44 30  -0.381   0.032  -0.100   0.397
 91 123 11 45 30  -0.385   0.031  -0.083   0.396
 91 123 11 46 30  -0.383   0.022  -0.093   0.395
 91 123 11 47 30  -0.397   0.017  -0.074   0.404
 91 123 11 48 30  -0.385   0.036  -0.092   0.398
 91 123 11 49 30  -0.358   0.078  -0.145   0.397
 91 123 11 50 30  -0.359   0.115  -0.122   0.398
 91 123 11 51 30  -0.367   0.079  -0.157   0.407
 91 123 11 52 30  -0.378   0.092  -0.108   0.404
 91 123 11 53 30  -0.386   0.083  -0.084   0.404
 91 123 11 54 30  -0.383   0.072  -0.092   0.401
 91 123 11 55 30  -0.378   0.076  -0.142   0.412
 91 123 11 56 30  -0.374   0.083  -0.151   0.412
 91 123 11 57 30  -0.381   0.028  -0.155   0.413
 91 123 11 58 30  -0.385   0.037  -0.155   0.418
 91 123 11 59 30  -0.363   0.113  -0.122   0.401
 91 123 12 00 30  -0.374   0.120  -0.104   0.407
 91 123 12 01 30  -0.386   0.086  -0.090   0.406
 91 123 12 02 30  -0.378   0.079  -0.118   0.404
 91 123 12 03 30  -0.389   0.067  -0.107   0.410
 91 123 12 04 30  -0.374   0.064  -0.136   0.404
 91 123 12 05 30  -0.397   0.064  -0.116   0.421
 91 123 12 06 30  -0.384   0.108  -0.120   0.417
 91 123 12 07 30  -0.390   0.116  -0.128   0.427
 91 123 12 08 30  -0.404   0.077  -0.152   0.439
 91 123 12 09 30  -0.418   0.064  -0.120   0.441
 91 123 12 10 30  -0.422   0.075  -0.095   0.441
 91 123 12 11 30  -0.403   0.104  -0.149   0.443
 91 123 12 12 30  -0.402   0.095  -0.148   0.439
 91 123 12 13 30  -0.407   0.064  -0.132   0.433
 91 123 12 14 30  -0.391   0.095  -0.112   0.418
 91 123 12 15 30  -0.388   0.110  -0.084   0.413
 91 123 12 16 30  -0.395   0.097  -0.150   0.435
 91 123 12 17 30  -0.398   0.130  -0.116   0.435
 91 123 12 18 30  -0.404   0.120  -0.118   0.440
 91 123 12 19 30  -0.401   0.117  -0.145   0.443
 91 123 12 20 30  -0.406   0.085  -0.119   0.435
 91 123 12 21 30  -0.406   0.059  -0.126   0.431
 91 123 12 22 30  -0.408   0.089  -0.118   0.435
 91 123 12 23 30  -0.387   0.153  -0.131   0.437
 91 123 12 24 30  -0.387   0.164  -0.126   0.440
 91 123 12 25 30  -0.400   0.103  -0.140   0.437
 91 123 12 26 30  -0.405   0.106  -0.130   0.439
 91 123 12 27 30  -0.419   0.042  -0.091   0.435
 91 123 12 28 30  -0.416   0.053  -0.121   0.437
 91 123 12 29 30  -0.406   0.073  -0.148   0.439
 91 123 12 30 30  -0.408   0.093  -0.146   0.444
 91 123 12 31 30  -0.405   0.139  -0.082   0.438
 91 123 12 32 30  -0.387   0.140  -0.140   0.435
 91 123 12 33 30  -0.402   0.146  -0.106   0.441
 91 123 12 34 30  -0.399   0.106  -0.118   0.431
 91 123 12 35 30  -0.415   0.069  -0.091   0.431
 91 123 12 36 30  -0.407   0.086  -0.118   0.433
 91 123 12 37 30  -0.414   0.096  -0.138   0.448
 91 123 12 38 30  -0.417   0.122  -0.105   0.447
 91 123 12 39 30  -0.403   0.104  -0.130   0.438
 91 123 12 40 30  -0.401   0.124  -0.135   0.442
 91 123 12 41 30  -0.409   0.084  -0.109   0.433
 91 123 12 42 30  -0.427   0.050  -0.116   0.446
 91 123 12 43 30  -0.419   0.060  -0.117   0.440
 91 123 12 44 30  -0.401   0.130  -0.115   0.440
 91 123 12 45 30  -0.410   0.117  -0.083   0.436
 91 123 12 46 30  -0.405   0.127  -0.110   0.440
 91 123 12 47 30  -0.387   0.187  -0.106   0.443
 91 123 12 48 30  -0.414   0.111  -0.094   0.445
 91 123 12 49 30  -0.416   0.059  -0.128   0.441
 91 123 12 50 30  -0.412   0.073  -0.117   0.435
 91 123 12 51 30  -0.419   0.055  -0.113   0.437
 91 123 12 52 30  -0.428   0.059  -0.089   0.442
 91 123 12 53 30  -0.417   0.087  -0.120   0.443
 91 123 12 54 30  -0.404   0.107  -0.132   0.438
 91 123 12 55 30  -0.411   0.084  -0.144   0.443
 91 123 12 56 30  -0.416   0.048  -0.144   0.443
 91 123 12 57 30  -0.420   0.066  -0.128   0.445
 91 123 12 58 30  -0.424   0.024  -0.113   0.440
 91 123 12 59 30  -0.417   0.032  -0.143   0.442
 91 123 13 00 30  -0.416   0.037  -0.144   0.442
 91 123 13 01 30  -0.415   0.054  -0.167   0.451
 91 123 13 02 30  -0.411   0.134  -0.109   0.447
 91 123 13 03 30  -0.412   0.086  -0.123   0.439
 91 123 13 04 30  -0.418   0.106  -0.086   0.441
 91 123 13 05 30  -0.409   0.084  -0.139   0.441
 91 123 13 06 30  -0.397   0.119  -0.117   0.432
 91 123 13 07 30  -0.394   0.126  -0.075   0.421
 91 123 13 08 30  -0.401   0.106  -0.099   0.427
 91 123 13 09 30  -0.399   0.076  -0.129   0.427
 91 123 13 10 30  -0.390   0.094  -0.146   0.427
 91 123 13 11 30  -0.409  -0.005  -0.152   0.438
 91 123 13 12 30  -0.397  -0.035  -0.182   0.439
 91 123 13 13 30  -0.398  -0.063  -0.170   0.438
 91 123 13 14 30  -0.389  -0.033  -0.164   0.425
 91 123 13 15 30  -0.396   0.046  -0.142   0.424
 91 123 13 16 30  -0.395   0.052  -0.148   0.425
 91 123 13 17 30  -0.395   0.041  -0.142   0.422
 91 123 13 18 30  -0.390   0.050  -0.167   0.429
 91 123 13 19 30  -0.385   0.031  -0.195   0.433
 91 123 13 20 30  -0.389   0.034  -0.188   0.434
 91 123 13 21 30  -0.368  -0.054  -0.232   0.441
 91 123 13 22 30  -0.364  -0.078  -0.250   0.449
 91 123 13 23 30  -0.368  -0.129  -0.230   0.453
 91 123 13 24 30  -0.347  -0.140  -0.251   0.452
 91 123 13 25 30  -0.339  -0.121  -0.281   0.457
 91 123 13 26 30  -0.322  -0.131  -0.319   0.472
 91 123 13 27 30  -0.314  -0.131  -0.323   0.469
 91 123 13 28 30  -0.312  -0.113  -0.327   0.466
 91 123 13 29 30  -0.329  -0.090  -0.305   0.458
 91 123 13 30 30  -0.333  -0.086  -0.293   0.452
 91 123 13 31 30  -0.308  -0.109  -0.312   0.453
 91 123 13 32 30  -0.273  -0.131  -0.337   0.454
 91 123 13 33 30  -0.298  -0.152  -0.303   0.453
 91 123 13 34 30  -0.311  -0.091  -0.315   0.452
 91 123 13 35 30  -0.293  -0.105  -0.323   0.450
 91 123 13 36 30  -0.294  -0.095  -0.332   0.455
 91 123 13 37 30  -0.326  -0.111  -0.285   0.448
 91 123 13 38 30  -0.326  -0.097  -0.288   0.446
 91 123 13 39 30  -0.352  -0.073  -0.254   0.441
 91 123 13 40 30  -0.306  -0.099  -0.305   0.444
 91 123 13 41 30  -0.324  -0.092  -0.299   0.452
 91 123 13 42 30  -0.369  -0.061  -0.254   0.452
 91 123 13 43 30  -0.358  -0.060  -0.272   0.454
 91 123 13 44 30  -0.357  -0.066  -0.287   0.464
 91 123 13 45 30  -0.360  -0.061  -0.289   0.466
 91 123 13 46 30  -0.354  -0.046  -0.286   0.458
 91 123 13 47 30  -0.343  -0.087  -0.295   0.461
 91 123 13 48 30  -0.344  -0.107  -0.300   0.469
 91 123 13 49 30  -0.344  -0.111  -0.304   0.473
 91 123 13 50 30  -0.354  -0.102  -0.290   0.469
 91 123 13 51 30  -0.351  -0.122  -0.287   0.470
 91 123 13 52 30  -0.360  -0.093  -0.292   0.473
 91 123 13 53 30  -0.352  -0.100  -0.302   0.475
 91 123 13 54 30  -0.335  -0.102  -0.307   0.466
 91 123 13 55 30  -0.355  -0.077  -0.293   0.467
 91 123 13 56 30  -0.355  -0.092  -0.277   0.460
 91 123 13 57 30  -0.344  -0.100  -0.288   0.460
 91 123 13 58 30  -0.328  -0.077  -0.299   0.450
 91 123 13 59 30  -0.321  -0.080  -0.298   0.446
 91 123 14 00 30  -0.328  -0.063  -0.295   0.447
 91 123 14 01 30  -0.335  -0.100  -0.283   0.450
 91 123 14 02 30  -0.335   0.014  -0.249   0.419
 91 123 14 03 30  -0.340  -0.029  -0.268   0.435
 91 123 14 04 30  -0.346   0.033  -0.262   0.436
 91 123 14 05 30  -0.343   0.024  -0.255   0.428
 91 123 14 06 30  -0.339   0.017  -0.269   0.433
 91 123 14 07 30  -0.334   0.004  -0.267   0.428
 91 123 14 08 30  -0.333  -0.041  -0.264   0.427
 91 123 14 09 30  -0.316  -0.039  -0.286   0.428
 91 123 14 10 30  -0.323  -0.022  -0.270   0.422
 91 123 14 11 30  -0.340  -0.018  -0.245   0.420
 91 123 14 12 30  -0.341  -0.055  -0.235   0.418
 91 123 14 13 30  -0.335  -0.084  -0.244   0.424
 91 123 14 14 30  -0.322  -0.057  -0.263   0.421
 91 123 14 15 30  -0.333  -0.060  -0.245   0.419
 91 123 14 16 30  -0.336  -0.068  -0.251   0.426
 91 123 14 17 30  -0.320  -0.050  -0.288   0.434
 91 123 14 18 30  -0.326  -0.089  -0.271   0.434
 91 123 14 19 30  -0.329  -0.092  -0.262   0.431
 91 123 14 20 30  -0.340  -0.034  -0.250   0.424
 91 123 14 21 30  -0.348  -0.064  -0.240   0.430
 91 123 14 22 30  -0.343  -0.063  -0.247   0.429
 91 123 14 23 30  -0.324  -0.051  -0.287   0.437
 91 123 14 24 30  -0.327  -0.015  -0.294   0.441
 91 123 14 25 30  -0.339  -0.020  -0.274   0.438
 91 123 14 26 30  -0.326  -0.124  -0.263   0.440
 91 123 14 27 30  -0.338  -0.082  -0.262   0.436
 91 123 14 28 30  -0.318  -0.062  -0.292   0.437
 91 123 14 29 30  -0.333  -0.115  -0.261   0.440
 91 123 14 30 30  -0.321  -0.131  -0.274   0.446
 91 123 14 31 30  -0.278  -0.075  -0.316   0.432
 91 123 14 32 30  -0.317  -0.060  -0.295   0.439
 91 123 14 33 30  -0.371  -0.108  -0.187   0.436
 91 123 14 34 30  -0.336  -0.211  -0.099   0.467
 91 123 14 35 30  -0.336  -0.006  -0.147   0.413
 91 123 14 36 30  -0.183  -0.095  -0.239   0.434
 91 123 14 37 30  -0.183  -0.069  -0.363   0.425
 91 123 14 38 30  -0.263  -0.112  -0.296   0.412
 91 123 14 39 30  -0.291  -0.132  -0.275   0.422
 91 123 14 40 30  -0.303  -0.075  -0.298   0.433
 91 123 14 41 30  -0.287  -0.090  -0.308   0.432
 91 123 14 42 30  -0.282  -0.100  -0.296   0.423
 91 123 14 43 30  -0.250  -0.137  -0.324   0.435
 91 123 14 44 30  -0.270  -0.096  -0.308   0.422
 91 123 14 45 30  -0.274  -0.090  -0.276   0.400
 91 123 14 46 30  -0.265  -0.136  -0.293   0.420
 91 123 14 47 30  -0.299  -0.120  -0.269   0.421
 91 123 14 48 30  -0.286  -0.104  -0.279   0.414
 91 123 14 49 30  -0.286  -0.007  -0.222   0.363
 91 123 14 50 30  -0.304  -0.005  -0.194   0.365
 91 123 14 51 30  -0.339   0.079  -0.149   0.379
 91 123 14 52 30  -0.324   0.089  -0.165   0.377
 91 123 14 53 30  -0.356   0.060  -0.144   0.389
 91 123 14 54 30  -0.344   0.034  -0.177   0.389
 91 123 14 55 30  -0.341   0.033  -0.207   0.401
 91 123 14 56 30  -0.336   0.076  -0.210   0.404
 91 123 14 57 30  -0.349   0.000  -0.179   0.392
 91 123 14 58 30  -0.360   0.005  -0.146   0.389
 91 123 14 59 30  -0.360   0.008  -0.134   0.386
 91 123 15 00 30  -0.358  -0.017  -0.166   0.397
 91 123 15 01 30  -0.350   0.006  -0.182   0.395
 91 123 15 02 30  -0.334   0.008  -0.202   0.392
 91 123 15 03 30  -0.334   0.015  -0.190   0.385
 91 123 15 04 30  -0.361  -0.030  -0.132   0.387
 91 123 15 05 30  -0.365  -0.042  -0.094   0.380
 91 123 15 06 30  -0.359  -0.065  -0.094   0.377
 91 123 15 07 30  -0.345  -0.027  -0.142   0.374
 91 123 15 08 30  -0.342  -0.026  -0.141   0.372
 91 123 15 09 30  -0.346  -0.087  -0.073   0.365
 91 123 15 10 30  -0.328  -0.049  -0.140   0.363
 91 123 15 11 30  -0.306  -0.047  -0.170   0.354
 91 123 15 12 30  -0.284  -0.107  -0.152   0.342
 91 123 15 13 30  -0.309  -0.066  -0.116   0.338
 91 123 15 14 30  -0.316  -0.052  -0.099   0.336
 91 123 15 15 30  -0.316   0.025  -0.119   0.339
 91 123 15 16 30  -0.304   0.026  -0.149   0.340
 91 123 15 17 30  -0.309  -0.029  -0.119   0.333
 91 123 15 18 30  -0.287  -0.081  -0.124   0.324
 91 123 15 19 30  -0.304  -0.046  -0.147   0.342
 91 123 15 20 30  -0.308  -0.031  -0.142   0.341
 91 123 15 21 30  -0.324  -0.012  -0.143   0.355
 91 123 15 22 30  -0.334  -0.013  -0.145   0.365
 91 123 15 23 30  -0.347  -0.068  -0.137   0.380
 91 123 15 24 30  -0.344  -0.051  -0.148   0.380
 91 123 15 25 30  -0.355   0.029  -0.116   0.375
 91 123 15 26 30  -0.353  -0.003  -0.141   0.381
 91 123 15 27 30  -0.358  -0.008  -0.145   0.387
 91 123 15 28 30  -0.350  -0.003  -0.145   0.380
 91 123 15 29 30  -0.350  -0.032  -0.143   0.380
 91 123 15 30 30  -0.339  -0.072  -0.161   0.383
 91 123 15 31 30  -0.346  -0.059  -0.159   0.385
 91 123 15 32 30  -0.360  -0.062  -0.134   0.389
 91 123 15 33 30  -0.364  -0.044  -0.112   0.384
 91 123 15 34 30  -0.346   0.008  -0.147   0.378
 91 123 15 35 30  -0.344  -0.013  -0.148   0.376
 91 123 15 36 30  -0.336   0.035  -0.137   0.370
 91 123 15 37 30  -0.347   0.050  -0.125   0.372
 91 123 15 44 30  -0.344   0.012  -0.146   0.374
 91 123 15 45 30  -0.343   0.015  -0.154   0.377
 91 123 15 46 30  -0.346   0.013  -0.133   0.372
 91 123 15 47 30  -0.356  -0.005  -0.117   0.375
 91 123 15 48 30  -0.327   0.065  -0.136   0.361
 91 123 15 49 30  -0.343   0.016  -0.100   0.358
 91 123 15 50 30  -0.320   0.037  -0.171   0.366
 91 123 15 51 30  -0.334   0.032  -0.171   0.377
 91 123 15 52 30  -0.338   0.009  -0.164   0.376
 91 123 15 53 30  -0.341  -0.013  -0.162   0.378
 91 123 15 54 30  -0.346  -0.009  -0.157   0.381
 91 123 15 55 30  -0.359  -0.034  -0.132   0.384
 91 123 15 56 30  -0.355  -0.009  -0.124   0.377
 91 123 15 57 30  -0.355  -0.035  -0.120   0.378
 91 123 15 58 30  -0.346   0.026  -0.125   0.369
 91 123 15 59 30  -0.290  -0.063  -0.228   0.375
 91 123 16 00 30  -0.274  -0.088  -0.247   0.381
 91 123 16 01 30  -0.327  -0.086  -0.176   0.381
 91 123 16 02 30  -0.346  -0.057  -0.136   0.377
 91 123 16 03 30  -0.349  -0.052  -0.133   0.378
 91 123 16 04 30  -0.341  -0.023  -0.157   0.377
 91 123 16 05 30  -0.332  -0.057  -0.187   0.386
 91 123 16 08 30  -0.309  -0.071  -0.193   0.372
 91 123 16 09 30  -0.286  -0.102  -0.185   0.356
 91 123 16 10 30  -0.285  -0.080  -0.168   0.341
 91 123 16 11 30  -0.265  -0.051  -0.157   0.313
 91 123 16 12 30  -0.241  -0.079  -0.173   0.308
 91 123 16 13 30  -0.253  -0.055  -0.175   0.315
 91 123 16 14 30  -0.239  -0.021  -0.143   0.281
 91 123 16 15 30  -0.257   0.016  -0.128   0.288
 91 123 16 16 30  -0.258  -0.040  -0.150   0.302
 91 123 16 17 30  -0.274  -0.038  -0.124   0.304
 91 123 16 18 30  -0.277  -0.051  -0.131   0.310
 91 123 16 19 30  -0.266  -0.055  -0.153   0.312
 91 123 16 20 30  -0.267  -0.046  -0.171   0.321
 91 123 16 21 30  -0.284  -0.027  -0.177   0.336
 91 123 16 22 30  -0.294  -0.034  -0.193   0.354
 91 123 16 23 30  -0.314  -0.033  -0.175   0.362
 91 123 16 24 30  -0.313  -0.044  -0.171   0.360
 91 123 16 25 30  -0.307  -0.034  -0.173   0.354
 91 123 16 26 30  -0.306  -0.031  -0.173   0.353
 91 123 16 27 30  -0.318  -0.028  -0.147   0.351
 91 123 16 32 30  -0.293  -0.088  -0.208   0.370
 91 123 16 33 30  -0.319  -0.060  -0.150   0.359
 91 123 16 34 30  -0.323  -0.019  -0.173   0.368
 91 123 16 35 30  -0.314   0.027  -0.177   0.362
 91 123 16 36 30  -0.348   0.003  -0.124   0.370
 91 123 16 37 30  -0.335  -0.029  -0.158   0.372
 91 123 16 38 30  -0.339   0.006  -0.127   0.363
 91 123 16 39 30  -0.335  -0.025  -0.153   0.370
 91 123 16 40 30  -0.324  -0.041  -0.179   0.373
 91 123 16 41 30  -0.330  -0.015  -0.155   0.366
 91 123 16 42 30  -0.326  -0.018  -0.164   0.366
 91 123 16 43 30  -0.319  -0.035  -0.192   0.375
 91 123 16 44 30  -0.332   0.013  -0.153   0.367
 91 123 16 45 30  -0.321   0.005  -0.157   0.358
 91 123 16 46 30  -0.350   0.042  -0.090   0.365
 91 123 16 47 30  -0.350   0.040  -0.096   0.369
 91 123 16 48 30  -0.359   0.047  -0.115   0.382
 91 123 16 49 30  -0.373   0.050  -0.109   0.392
 91 123 16 50 30  -0.362   0.050  -0.130   0.388
 91 123 16 51 30  -0.360   0.057  -0.113   0.382
 91 123 16 52 30  -0.365   0.069  -0.113   0.389
 91 123 16 53 30  -0.365   0.077  -0.126   0.394
 91 123 16 54 30  -0.366   0.068  -0.131   0.395
 91 123 16 55 30  -0.371   0.070  -0.108   0.393
 91 123 16 56 30  -0.375   0.075  -0.108   0.397
 91 123 16 57 30  -0.373   0.072  -0.118   0.398
 91 123 16 58 30  -0.373   0.049  -0.125   0.397
 91 123 16 59 30  -0.373   0.057  -0.130   0.399
 91 123 17 00 30  -0.364   0.065  -0.138   0.395
 91 123 17 01 30  -0.341   0.048  -0.143   0.373
 91 123 17 02 30  -0.358   0.045  -0.148   0.390
 91 123 17 03 30  -0.361   0.069  -0.124   0.388
 91 123 17 04 30  -0.364   0.075  -0.127   0.393
 91 123 17 05 30  -0.366   0.073  -0.124   0.393
 91 123 17 06 30  -0.368   0.056  -0.133   0.396
 91 123 17 07 30  -0.372   0.043  -0.119   0.394
 91 123 17 08 30  -0.309   0.071  -0.119   0.342
 91 123 17 09 30  -0.291   0.075  -0.123   0.325
 91 123 17 10 30  -0.306   0.073  -0.113   0.334
 91 123 17 11 30  -0.309   0.085  -0.093   0.334
 91 123 17 12 30  -0.318   0.097  -0.085   0.345
 91 123 17 13 30  -0.335   0.052  -0.108   0.356
 91 123 17 14 30  -0.321   0.059  -0.117   0.347
 91 123 17 15 30  -0.313   0.066  -0.144   0.352
 91 123 17 19 30  -0.339   0.003  -0.126   0.362
 91 123 17 20 30  -0.330   0.022  -0.145   0.362
 91 123 17 21 30  -0.330   0.023  -0.146   0.361
 91 123 17 22 30  -0.331   0.039  -0.140   0.361
 91 123 17 23 30  -0.326   0.053  -0.129   0.355
 91 123 17 24 30  -0.316   0.025  -0.141   0.347
 91 123 17 25 30  -0.319   0.009  -0.128   0.344
 91 123 17 26 30  -0.327   0.019  -0.124   0.351
 91 123 17 27 30  -0.319   0.027  -0.121   0.342
 91 123 17 28 30  -0.325   0.023  -0.093   0.339
 91 123 17 29 30  -0.334   0.008  -0.060   0.339
 91 123 17 30 30  -0.336   0.019  -0.068   0.344
 91 123 17 31 30  -0.327   0.022  -0.067   0.335
 91 123 17 32 30  -0.327   0.030  -0.065   0.335
 91 123 17 33 30  -0.325   0.043  -0.080   0.337
 91 123 17 34 30  -0.326   0.048  -0.083   0.340
 91 123 17 36 30  -0.307   0.009  -0.069   0.315
 91 123 17 37 30  -0.312   0.024  -0.066   0.320
 91 123 17 38 30  -0.316   0.019  -0.067   0.324
 91 123 17 39 30  -0.332  -0.008  -0.054   0.337
 91 123 17 40 30  -0.333  -0.014  -0.052   0.338
 91 123 17 41 30  -0.319   0.023  -0.062   0.327
 91 123 17 42 30  -0.312   0.049  -0.018   0.316
 91 123 17 43 30  -0.317   0.064  -0.031   0.325
 91 123 17 44 30  -0.310   0.088  -0.044   0.325
 91 123 17 45 30  -0.310   0.093  -0.015   0.325
 91 123 17 46 30  -0.306   0.094  -0.038   0.323
 91 123 17 47 30  -0.313   0.081  -0.037   0.325
 91 123 17 48 30  -0.311   0.078  -0.044   0.324
 91 123 17 49 30  -0.321   0.063  -0.018   0.328
 91 123 17 50 30  -0.329   0.083  -0.050   0.343
 91 123 17 51 30  -0.345   0.019   0.007   0.347
 91 123 17 52 30  -0.343  -0.016   0.008   0.344
 91 123 17 53 30  -0.342  -0.033  -0.031   0.346
 91 123 17 54 30  -0.351  -0.002  -0.086   0.362
 91 123 17 55 30  -0.344  -0.015  -0.118   0.364
 91 123 17 56 30  -0.339  -0.020  -0.129   0.364
 91 123 17 57 30  -0.340  -0.040  -0.133   0.367
 91 123 17 58 30  -0.344  -0.024  -0.108   0.362
 91 123 17 59 30  -0.341  -0.086  -0.071   0.361
 91 123 18 00 30  -0.336  -0.106  -0.059   0.357
 91 123 18 01 30  -0.358  -0.089  -0.064   0.375
 91 123 18 02 30  -0.350  -0.100  -0.085   0.376
 91 123 18 03 30  -0.356  -0.057  -0.107   0.377
 91 123 18 04 30  -0.349  -0.057  -0.099   0.369
 91 123 18 05 30  -0.339  -0.074  -0.112   0.365
 91 123 18 06 30  -0.342  -0.068  -0.105   0.364
 91 123 18 07 30  -0.343  -0.055  -0.093   0.360
 91 123 18 08 30  -0.348  -0.036  -0.087   0.361
 91 123 18 09 30  -0.363  -0.035  -0.089   0.376
 91 123 18 10 30  -0.369  -0.032  -0.079   0.379
 91 123 18 11 30  -0.371  -0.039  -0.090   0.384
 91 123 18 12 30  -0.369  -0.041  -0.097   0.384
 91 123 18 13 30  -0.372  -0.040  -0.107   0.389
 91 123 18 14 30  -0.359  -0.051  -0.112   0.380
 91 123 18 15 30  -0.375  -0.013  -0.101   0.389
 91 123 18 16 30  -0.392  -0.001  -0.080   0.401
 91 123 18 17 30  -0.396  -0.002  -0.066   0.402
 91 123 18 18 30  -0.390  -0.015  -0.089   0.400
 91 123 18 19 30  -0.392  -0.007  -0.088   0.402
 91 123 18 20 30  -0.390  -0.001  -0.084   0.400
 91 123 18 21 30  -0.376  -0.045  -0.132   0.402
 91 123 18 22 30  -0.368  -0.065  -0.133   0.397
 91 123 18 23 30  -0.371  -0.031  -0.113   0.390
 91 123 18 24 30  -0.369  -0.013  -0.076   0.377
 91 123 18 25 30  -0.367  -0.034  -0.077   0.376
 91 123 18 26 30  -0.360  -0.035  -0.090   0.373
 91 123 18 27 30  -0.350  -0.053  -0.100   0.368
 91 123 18 28 30  -0.353  -0.044  -0.105   0.372
 91 123 18 29 30  -0.345  -0.026  -0.127   0.370
 91 123 18 30 30  -0.348   0.005  -0.114   0.366
 91 123 18 31 30  -0.357  -0.009  -0.088   0.368
 91 123 18 32 30  -0.361  -0.018  -0.067   0.368
 91 123 18 33 30  -0.352  -0.004  -0.111   0.370
 91 123 18 34 30  -0.352   0.030  -0.106   0.370
 91 123 18 35 30  -0.348  -0.004  -0.140   0.376
 91 123 18 36 30  -0.357  -0.034  -0.102   0.373
 91 123 18 37 30  -0.353  -0.031  -0.113   0.372
 91 123 18 38 30  -0.349  -0.055  -0.126   0.375
 91 123 18 39 30  -0.357  -0.041  -0.095   0.371
 91 123 18 40 30  -0.350  -0.026  -0.090   0.362
 91 123 18 41 30  -0.349  -0.031  -0.103   0.366
 91 123 18 42 30  -0.346  -0.055  -0.120   0.370
 91 123 18 43 30  -0.340  -0.025  -0.113   0.360
 91 123 18 44 30  -0.335  -0.016  -0.131   0.361
 91 123 18 45 30  -0.337  -0.042  -0.133   0.365
 91 123 18 46 30  -0.347  -0.075  -0.089   0.367
 91 123 18 47 30  -0.346  -0.064  -0.097   0.365
 91 123 18 48 30  -0.347  -0.033  -0.106   0.366
 91 123 18 49 30  -0.336  -0.068  -0.112   0.361
 91 123 18 50 30  -0.341  -0.112  -0.099   0.373
 91 123 18 51 30  -0.343  -0.114  -0.096   0.374
 91 123 18 52 30  -0.328  -0.111  -0.122   0.368
 91 123 18 53 30  -0.337  -0.085  -0.116   0.367
 91 123 18 54 30  -0.349  -0.033  -0.083   0.361
 91 123 18 55 30  -0.353  -0.042  -0.066   0.361
 91 123 18 56 30  -0.357  -0.044  -0.066   0.366
 91 123 18 57 30  -0.356   0.003  -0.041   0.359
 91 123 18 58 30  -0.349  -0.007  -0.083   0.359
 91 123 18 59 30  -0.338  -0.022  -0.124   0.361
 91 123 19 00 30  -0.328   0.040  -0.138   0.359
 91 123 19 01 30  -0.330   0.072  -0.100   0.353
 91 123 19 02 30  -0.318   0.105  -0.099   0.351
 91 123 19 03 30  -0.353   0.014  -0.090   0.365
 91 123 19 04 30  -0.356  -0.014  -0.086   0.367
 91 123 19 05 30  -0.354   0.050  -0.061   0.363
 91 123 19 06 30  -0.355   0.038  -0.087   0.368
 91 123 19 07 30  -0.354   0.021  -0.113   0.372
 91 123 19 08 30  -0.357   0.014  -0.113   0.376
 91 123 19 09 30  -0.353   0.035  -0.100   0.369
 91 123 19 10 30  -0.358   0.025  -0.060   0.365
 91 123 19 11 30  -0.361   0.010  -0.074   0.369
 91 123 19 12 30  -0.358   0.037  -0.067   0.366
 91 123 19 13 30  -0.352   0.044  -0.081   0.364
 91 123 19 14 30  -0.351   0.018  -0.058   0.356
 91 123 19 15 30  -0.349   0.027  -0.083   0.360
 91 123 19 16 30  -0.343   0.031  -0.089   0.356
 91 123 19 17 30  -0.342   0.044  -0.086   0.356
 91 123 19 18 30  -0.328   0.072  -0.055   0.340
 91 123 19 19 30  -0.339   0.049  -0.070   0.350
 91 123 19 20 30  -0.351   0.049  -0.074   0.362
 91 123 19 21 30  -0.357   0.027  -0.054   0.364
 91 123 19 22 30  -0.365   0.041  -0.085   0.377
 91 123 19 23 30  -0.370   0.000  -0.074   0.379
 91 123 19 24 30  -0.367   0.005  -0.061   0.372
 91 123 19 25 30  -0.351   0.050  -0.059   0.360
 91 123 19 26 30  -0.338   0.077  -0.070   0.355
 91 123 19 27 30  -0.346   0.067  -0.083   0.363
 91 123 19 28 30  -0.333   0.052  -0.098   0.351
 91 123 19 29 30  -0.344   0.050  -0.057   0.354
 91 123 19 30 30  -0.341   0.055  -0.035   0.348
 91 123 19 31 30  -0.337   0.074  -0.009   0.345
 91 123 19 32 30  -0.338   0.046  -0.014   0.342
 91 123 19 33 30  -0.340   0.034  -0.039   0.344
 91 123 19 34 30  -0.333   0.033  -0.076   0.344
 91 123 19 35 30  -0.335   0.075  -0.083   0.354
 91 123 19 36 30  -0.343   0.059  -0.023   0.350
 91 123 19 37 30  -0.345   0.028  -0.016   0.347
 91 123 19 38 30  -0.346   0.008  -0.012   0.347
 91 123 19 39 30  -0.343   0.004   0.002   0.343
 91 123 19 40 30  -0.330   0.038  -0.061   0.339
 91 123 19 41 30  -0.316   0.082  -0.090   0.343
 91 123 19 42 30  -0.346   0.006  -0.048   0.351
 91 123 19 43 30  -0.323   0.040  -0.117   0.347
 91 123 19 44 30  -0.320   0.035  -0.145   0.354
 91 123 19 45 30  -0.330   0.073  -0.062   0.345
 91 123 19 46 30  -0.337   0.022   0.048   0.343
 91 123 19 47 30  -0.342   0.031   0.023   0.345
 91 123 19 48 30  -0.346   0.037   0.035   0.350
 91 123 19 49 30  -0.352  -0.003   0.032   0.354
 91 123 19 50 30  -0.341   0.025  -0.030   0.346
 91 123 19 51 30  -0.326   0.052  -0.108   0.351
 91 123 19 52 30  -0.321   0.102   0.063   0.346
 91 123 19 53 30  -0.327   0.046   0.106   0.350
 91 123 19 54 30  -0.344  -0.029   0.068   0.352
 91 123 19 55 30  -0.348  -0.009   0.000   0.350
 91 123 19 56 30  -0.345   0.047   0.021   0.350
 91 123 19 57 30  -0.331   0.019   0.090   0.345
 91 123 19 58 30  -0.334  -0.032   0.051   0.341
 91 123 19 59 30  -0.341  -0.062   0.007   0.347
 91 123 20 00 30  -0.336  -0.005   0.032   0.340
 91 123 20 01 30  -0.324   0.014   0.105   0.341
 91 123 20 02 30  -0.335   0.004   0.094   0.348
 91 123 20 03 30  -0.331   0.026   0.095   0.345
 91 123 20 04 30  -0.336   0.019   0.061   0.342
 91 123 20 05 30  -0.336   0.008   0.012   0.337
 91 123 20 06 30  -0.335   0.021   0.042   0.338
 91 123 20 07 30  -0.324   0.058   0.062   0.336
 91 123 20 08 30  -0.319   0.038   0.106   0.340
 91 123 20 09 30  -0.330   0.029   0.061   0.338
 91 123 20 10 30  -0.333   0.035   0.052   0.339
 91 123 20 11 30  -0.331   0.025   0.027   0.333
 91 123 20 12 30  -0.319   0.046   0.048   0.326
 91 123 20 13 30  -0.320   0.089   0.055   0.338
 91 123 20 14 30  -0.322   0.040   0.004   0.326
 91 123 20 15 30  -0.314   0.056   0.048   0.324
 91 123 20 16 30  -0.310   0.035   0.107   0.332
 91 123 20 17 30  -0.313   0.004   0.090   0.328
 91 123 20 18 30  -0.313  -0.013   0.099   0.329
 91 123 20 19 30  -0.316  -0.051   0.083   0.331
 91 123 20 20 30  -0.319  -0.040   0.084   0.333
 91 123 20 21 30  -0.313  -0.030   0.091   0.327
 91 123 20 22 30  -0.310  -0.044   0.096   0.328
 91 123 20 23 30  -0.297  -0.076   0.095   0.323
 91 123 20 24 30  -0.288  -0.052   0.137   0.324
 91 123 20 25 30  -0.281  -0.008   0.143   0.316
 91 123 20 26 30  -0.303   0.031   0.147   0.339
 91 123 20 27 30  -0.283   0.024   0.182   0.338
 91 123 20 28 30  -0.293   0.017   0.163   0.336
 91 123 20 29 30  -0.317   0.012   0.088   0.330
 91 123 20 30 30  -0.323   0.043   0.068   0.333
 91 123 20 31 30  -0.302   0.070   0.107   0.329
 91 123 20 32 30  -0.289   0.099   0.134   0.334
 91 123 20 33 30  -0.289   0.070   0.154   0.338
 91 123 20 34 30  -0.309   0.044   0.129   0.339
 91 123 20 35 30  -0.310   0.061   0.099   0.332
 91 123 20 36 30  -0.293   0.054   0.132   0.326
 91 123 20 37 30  -0.281   0.102   0.142   0.332
 91 123 20 38 30  -0.293   0.094   0.125   0.333
 91 123 20 39 30  -0.313   0.089   0.103   0.342
 91 123 20 40 30  -0.323   0.062   0.124   0.351
 91 123 20 41 30  -0.326   0.063   0.141   0.362
 91 123 20 42 30  -0.333   0.080   0.148   0.374
 91 123 20 43 30  -0.335   0.083   0.128   0.369
 91 123 20 44 30  -0.327   0.104   0.117   0.363
 91 123 20 45 30  -0.324   0.091   0.140   0.365
 91 123 20 46 30  -0.330   0.077   0.149   0.371
 91 123 20 47 30  -0.319   0.091   0.149   0.364
 91 123 20 48 30  -0.310   0.107   0.130   0.353
 91 123 20 49 30  -0.304   0.119   0.138   0.355
 91 123 20 50 30  -0.317   0.122   0.146   0.370
 91 123 20 51 30  -0.319   0.111   0.137   0.365
 91 123 20 52 30  -0.318   0.132   0.098   0.359
 91 123 20 53 30  -0.311   0.119   0.116   0.354
 91 123 20 54 30  -0.308   0.149   0.092   0.355
 91 123 20 55 30  -0.299   0.165   0.106   0.358
 91 123 20 56 30  -0.283   0.177   0.151   0.367
 91 123 20 57 30  -0.271   0.210   0.133   0.370
 91 123 20 58 30  -0.287   0.212   0.097   0.370
 91 123 20 59 30  -0.295   0.203   0.112   0.376
 91 123 21 00 30  -0.295   0.188   0.132   0.376
 91 123 21 01 30  -0.311   0.163   0.118   0.371
 91 123 21 02 30  -0.295   0.210   0.100   0.379
 91 123 21 03 30  -0.287   0.225   0.069   0.372
 91 123 21 04 30  -0.295   0.201   0.093   0.370
 91 123 21 05 30  -0.290   0.195   0.111   0.368
 91 123 21 06 30  -0.294   0.191   0.108   0.367
 91 123 21 07 30  -0.280   0.215   0.138   0.379
 91 123 21 08 30  -0.308   0.165   0.139   0.377
 91 123 21 09 30  -0.304   0.171   0.145   0.378
 91 123 21 10 30  -0.297   0.175   0.150   0.377
 91 123 21 11 30  -0.303   0.156   0.159   0.376
 91 123 21 12 30  -0.305   0.144   0.154   0.372
 91 123 21 13 30  -0.299   0.176   0.132   0.371
 91 123 21 14 30  -0.299   0.179   0.129   0.372
 91 123 21 15 30  -0.307   0.164   0.133   0.373
 91 123 21 16 30  -0.305   0.169   0.135   0.375
 91 123 21 17 30  -0.297   0.159   0.158   0.373
 91 123 21 18 30  -0.282   0.178   0.138   0.362
 91 123 21 19 30  -0.288   0.140   0.163   0.360
 91 123 21 20 30  -0.294   0.093   0.183   0.359
 91 123 21 21 30  -0.311   0.120   0.128   0.357
 91 123 21 22 30  -0.306   0.130   0.120   0.354
 91 123 21 23 30  -0.297   0.114   0.151   0.353
 91 123 21 24 30  -0.292   0.056   0.171   0.343
 91 123 21 25 30  -0.283   0.051   0.198   0.351
 91 123 21 26 30  -0.270   0.074   0.191   0.339
 91 123 21 27 30  -0.283   0.102   0.180   0.351
 91 123 21 28 30  -0.297   0.123   0.174   0.365
 91 123 21 29 30  -0.299   0.151   0.146   0.366
 91 123 21 30 30  -0.308   0.173   0.086   0.364
 91 123 21 31 30  -0.310   0.174   0.073   0.363
 91 123 21 32 30  -0.301   0.192   0.062   0.362
 91 123 21 33 30  -0.299   0.204   0.040   0.366
 91 123 21 34 30  -0.271   0.248   0.001   0.367
 91 123 21 35 30  -0.292   0.215   0.035   0.367
 91 123 21 36 30  -0.281   0.229   0.040   0.365
 91 123 21 37 30  -0.280   0.221   0.023   0.358
 91 123 21 38 30  -0.266   0.219   0.015   0.346
 91 123 21 39 30  -0.265   0.215   0.017   0.342
 91 123 21 40 30  -0.268   0.218  -0.004   0.346
 91 123 21 41 30  -0.309   0.162   0.051   0.358
 91 123 21 42 30  -0.313   0.157   0.075   0.359
 91 123 21 43 30  -0.302   0.185   0.045   0.357
 91 123 21 44 30  -0.294   0.207   0.020   0.362
 91 123 21 45 30  -0.302   0.185   0.052   0.359
 91 123 21 46 30  -0.307   0.173   0.051   0.357
 91 123 21 47 30  -0.307   0.186   0.033   0.361
 91 123 21 48 30  -0.319   0.144   0.054   0.355
 91 123 21 49 30  -0.312   0.164   0.063   0.358
 91 123 21 50 30  -0.315   0.161   0.060   0.359
 91 123 21 51 30  -0.315   0.152   0.073   0.357
 91 123 21 52 30  -0.316   0.166   0.056   0.361
 91 123 21 53 30  -0.313   0.171   0.053   0.362
 91 123 21 54 30  -0.315   0.172   0.032   0.361
 91 123 21 55 30  -0.321   0.162   0.032   0.362
 91 123 21 56 30  -0.301   0.183   0.064   0.359
 91 123 21 57 30  -0.282   0.192   0.061   0.348
 91 123 21 58 30  -0.292   0.183   0.047   0.348
 91 123 21 59 30  -0.298   0.183   0.063   0.356
 91 123 22 00 30  -0.291   0.201   0.053   0.359
 91 123 22 01 30  -0.290   0.197   0.064   0.358
 91 123 22 02 30  -0.300   0.181   0.060   0.356
 91 123 22 03 30  -0.295   0.173   0.070   0.350
 91 123 22 04 30  -0.317   0.109   0.100   0.350
 91 123 22 05 30  -0.313   0.142   0.084   0.355
 91 123 22 06 30  -0.298   0.172   0.089   0.356
 91 123 22 07 30  -0.259   0.218   0.082   0.351
 91 123 22 08 30  -0.129   0.322   0.070   0.355
 91 123 22 09 30  -0.181   0.289   0.086   0.354
 91 123 22 10 30  -0.231   0.243   0.104   0.353
 91 123 22 11 30  -0.252   0.220   0.122   0.356
 91 123 22 12 30  -0.268   0.210   0.098   0.354
 91 123 22 13 30  -0.259   0.215   0.104   0.353
 91 123 22 14 30  -0.250   0.216   0.104   0.348
 91 123 22 15 30  -0.250   0.226   0.095   0.351
 91 123 22 16 30  -0.238   0.237   0.120   0.357
 91 123 22 17 30  -0.228   0.250   0.118   0.359
 91 123 22 18 30  -0.215   0.273   0.091   0.359
 91 123 22 19 30  -0.196   0.292   0.092   0.364
 91 123 22 20 30  -0.203   0.273   0.094   0.354
 91 123 22 21 30  -0.215   0.264   0.095   0.356
 91 123 22 22 30  -0.244   0.242   0.093   0.357
 91 123 22 23 30  -0.233   0.254   0.112   0.366
 91 123 22 24 30  -0.201   0.267   0.126   0.358
 91 123 22 25 30  -0.154   0.302   0.102   0.358
 91 123 22 26 30  -0.151   0.289   0.134   0.354
 91 123 22 27 30  -0.127   0.297   0.155   0.359
 91 123 22 28 30  -0.120   0.298   0.166   0.362
 91 123 22 29 30  -0.126   0.281   0.176   0.356
 91 123 22 30 30  -0.166   0.250   0.169   0.345
 91 123 22 31 30  -0.179   0.230   0.180   0.343
 91 123 22 32 30  -0.173   0.251   0.171   0.350
 91 123 22 33 30  -0.183   0.244   0.155   0.343
 91 123 22 34 30  -0.231   0.225   0.113   0.344
 91 123 22 35 30  -0.262   0.200   0.097   0.344
 91 123 22 36 30  -0.264   0.204   0.088   0.346
 91 123 22 37 30  -0.239   0.234   0.060   0.344
 91 123 22 38 30  -0.293   0.144   0.096   0.341
 91 123 22 39 30  -0.292   0.155   0.063   0.337
 91 123 22 40 30  -0.310   0.134   0.047   0.341
 91 123 22 41 30  -0.311   0.133   0.048   0.342
 91 123 22 42 30  -0.308   0.128   0.053   0.338
 91 123 22 43 30  -0.311   0.120   0.057   0.339
 91 123 22 44 30  -0.318   0.092   0.059   0.337
 91 123 22 45 30  -0.316   0.101   0.040   0.335
 91 123 22 46 30  -0.304   0.121   0.028   0.329
 91 123 22 47 30  -0.319   0.085   0.042   0.333
 91 123 22 48 30  -0.322   0.100   0.031   0.339
 91 123 22 49 30  -0.325   0.103   0.027   0.342
 91 123 22 50 30  -0.332   0.097   0.011   0.347
 91 123 22 51 30  -0.321   0.095  -0.052   0.340
 91 123 22 52 30  -0.312   0.109  -0.021   0.333
 91 123 22 53 30  -0.316   0.114  -0.029   0.338
 91 123 22 54 30  -0.322   0.102  -0.040   0.340
 91 123 22 55 30  -0.323   0.087  -0.032   0.336
 91 123 22 56 30  -0.307   0.117  -0.017   0.330
 91 123 22 57 30  -0.293   0.153   0.005   0.331
 91 123 22 58 30  -0.296   0.153   0.014   0.334
 91 123 22 59 30  -0.294   0.157   0.027   0.335
 91 123 23 00 30  -0.300   0.162   0.008   0.341
 91 123 23 01 30  -0.316   0.124  -0.006   0.340
 91 123 23 02 30  -0.330   0.105  -0.020   0.348
 91 123 23 03 30  -0.334   0.081  -0.038   0.346
 91 123 23 04 30  -0.330   0.077  -0.059   0.344
 91 123 23 05 30  -0.321   0.095  -0.058   0.340
 91 123 23 06 30  -0.310   0.100  -0.044   0.329
 91 123 23 07 30  -0.321   0.052  -0.038   0.328
 91 123 23 08 30  -0.324   0.037  -0.056   0.331
 91 123 23 09 30  -0.319   0.068  -0.042   0.330
 91 123 23 10 30  -0.312   0.088  -0.040   0.330
 91 123 23 11 30  -0.304   0.068  -0.093   0.327
 91 123 23 12 30  -0.307  -0.005  -0.096   0.323
 91 123 23 13 30  -0.283  -0.086  -0.092   0.315
 91 123 23 14 30  -0.261  -0.144  -0.111   0.320
 91 123 23 15 30  -0.272  -0.124  -0.110   0.320
 91 123 23 16 30  -0.257  -0.161  -0.113   0.325
 91 123 23 17 30  -0.272  -0.119  -0.100   0.314
 91 123 23 18 30  -0.272  -0.095  -0.109   0.308
 91 123 23 22 30  -0.259  -0.169  -0.094   0.324
 91 123 23 23 30  -0.253  -0.179  -0.098   0.326
 91 123 23 24 30  -0.263  -0.154  -0.082   0.317
 91 123 23 25 30  -0.274  -0.136  -0.089   0.319
 91 123 23 26 30  -0.285  -0.122  -0.066   0.318
 91 123 23 27 30  -0.291  -0.114  -0.040   0.316
 91 123 23 28 30  -0.287  -0.133  -0.067   0.326
 91 123 23 29 30  -0.256  -0.170  -0.114   0.329
 91 123 23 30 30  -0.276  -0.079  -0.138   0.321
 91 123 23 31 30  -0.282  -0.013  -0.117   0.308
 91 123 23 32 30  -0.306  -0.020  -0.060   0.313
 91 123 23 33 30  -0.306  -0.008  -0.062   0.314
 91 123 23 34 30  -0.308   0.007  -0.042   0.312
 91 123 23 35 30  -0.295  -0.089  -0.043   0.312
 91 123 23 36 30  -0.293  -0.097  -0.074   0.318
 91 123 23 37 30  -0.286  -0.078  -0.081   0.309
 91 123 23 38 30  -0.205   0.192  -0.009   0.295
 91 123 23 39 30  -0.193   0.167  -0.059   0.276
 91 123 23 40 30  -0.225   0.162  -0.011   0.280
 91 123 23 41 30  -0.239   0.159   0.023   0.289
 91 123 23 42 30  -0.233   0.151   0.054   0.284
 91 123 23 43 30  -0.233   0.192   0.080   0.314
 91 123 23 44 30  -0.225   0.224   0.082   0.329
 91 123 23 45 30  -0.221   0.250   0.055   0.340
 91 123 23 46 30  -0.180   0.255   0.046   0.317
 91 123 23 47 30  -0.184   0.254   0.096   0.329
 91 123 23 48 30  -0.201   0.238   0.105   0.329
 91 123 23 49 30  -0.215   0.226   0.094   0.327
 91 123 23 50 30  -0.158   0.264   0.089   0.321
 91 123 23 51 30  -0.138   0.297   0.075   0.336
 91 123 23 52 30  -0.160   0.285   0.080   0.336
 91 123 23 53 30  -0.154   0.286   0.087   0.336
 91 123 23 54 30  -0.166   0.267   0.104   0.332
 91 123 23 55 30  -0.176   0.252   0.084   0.319
 91 123 23 56 30  -0.166   0.259   0.100   0.324
 91 123 23 57 30  -0.158   0.272   0.105   0.332
 91 123 23 58 30  -0.210   0.243   0.056   0.328
 91 123 23 59 30  -0.233   0.215   0.028   0.319
