 91 126 00 00 30   0.065   0.357   0.344   0.503
 91 126 00 01 30   0.090   0.438   0.282   0.530
 91 126 00 02 30   0.115   0.421   0.294   0.528
 91 126 00 03 30   0.109   0.424   0.294   0.527
 91 126 00 04 30   0.126   0.430   0.281   0.530
 91 126 00 05 30   0.188   0.429   0.241   0.528
 91 126 00 06 30   0.175   0.429   0.235   0.520
 91 126 00 07 30   0.187   0.420   0.257   0.527
 91 126 00 08 30   0.209   0.407   0.266   0.530
 91 126 00 09 30   0.219   0.407   0.251   0.526
 91 126 00 10 30   0.217   0.414   0.238   0.525
 91 126 00 11 30   0.172   0.427   0.250   0.525
 91 126 00 12 30   0.144   0.416   0.256   0.510
 91 126 00 13 30   0.161   0.416   0.234   0.505
 91 126 00 14 30   0.161   0.405   0.251   0.505
 91 126 00 15 30   0.165   0.395   0.243   0.496
 91 126 00 16 30   0.233   0.398   0.224   0.514
 91 126 00 17 30   0.190   0.393   0.208   0.484
 91 126 00 18 30   0.182   0.371   0.198   0.459
 91 126 00 19 30   0.180   0.376   0.209   0.467
 91 126 00 20 30   0.175   0.399   0.212   0.485
 91 126 00 21 30   0.193   0.371   0.198   0.464
 91 126 00 22 30   0.181   0.347   0.210   0.445
 91 126 00 23 30   0.184   0.351   0.177   0.435
 91 126 00 24 30   0.209   0.349   0.128   0.427
 91 126 00 25 30   0.275   0.314   0.145   0.442
 91 126 00 26 30   0.264   0.313   0.157   0.439
 91 126 00 27 30   0.235   0.345   0.149   0.444
 91 126 00 28 30   0.231   0.334   0.152   0.434
 91 126 00 29 30   0.244   0.293   0.155   0.413
 91 126 00 30 30   0.228   0.302   0.169   0.415
 91 126 00 31 30   0.199   0.332   0.177   0.426
 91 126 00 32 30   0.214   0.357   0.181   0.454
 91 126 00 33 30   0.252   0.393   0.208   0.512
 91 126 00 34 30   0.240   0.369   0.339   0.557
 91 126 00 35 30   0.250   0.364   0.345   0.560
 91 126 00 36 30   0.256   0.371   0.333   0.561
 91 126 00 37 30   0.284   0.371   0.308   0.560
 91 126 00 38 30   0.327   0.319   0.321   0.559
 91 126 00 39 30   0.305   0.299   0.272   0.508
 91 126 00 40 30   0.212   0.277   0.219   0.413
 91 126 00 41 30   0.160   0.333   0.247   0.452
 91 126 00 42 30   0.139   0.360   0.285   0.484
 91 126 00 43 30   0.111   0.460   0.255   0.544
 91 126 00 44 30   0.058   0.442   0.253   0.515
 91 126 00 45 30   0.067   0.440   0.288   0.531
 91 126 00 46 30   0.027   0.472   0.293   0.558
 91 126 00 47 30   0.069   0.437   0.333   0.555
 91 126 00 48 30   0.127   0.390   0.370   0.557
 91 126 00 49 30   0.122   0.444   0.299   0.550
 91 126 00 50 30   0.144   0.416   0.322   0.546
 91 126 00 51 30   0.184   0.400   0.336   0.554
 91 126 00 52 30   0.195   0.411   0.327   0.561
 91 126 00 53 30   0.210   0.398   0.334   0.560
 91 126 00 54 30   0.204   0.401   0.335   0.562
 91 126 00 55 30   0.166   0.417   0.332   0.559
 91 126 00 56 30   0.198   0.417   0.327   0.569
 91 126 00 57 30   0.233   0.438   0.267   0.565
 91 126 00 58 30   0.146   0.456   0.312   0.572
 91 126 00 59 30   0.177   0.401   0.358   0.584
 91 126 01 00 30   0.178   0.282   0.496   0.600
 91 126 01 01 30   0.185   0.354   0.452   0.604
 91 126 01 02 30   0.233   0.315   0.454   0.600
 91 126 01 03 30   0.221   0.311   0.461   0.600
 91 126 01 04 30   0.196   0.303   0.478   0.600
 91 126 01 05 30   0.198   0.318   0.467   0.599
 91 126 01 06 30   0.186   0.324   0.456   0.592
 91 126 01 07 30   0.189   0.320   0.446   0.582
 91 126 01 08 30   0.184   0.225   0.511   0.589
 91 126 01 09 30   0.172   0.200   0.527   0.590
 91 126 01 10 30   0.164   0.180   0.536   0.589
 91 126 01 11 30   0.164   0.179   0.540   0.592
 91 126 01 12 30   0.144   0.183   0.548   0.596
 91 126 01 13 30   0.137   0.188   0.543   0.591
 91 126 01 14 30   0.138   0.193   0.542   0.592
 91 126 01 15 30   0.130   0.188   0.543   0.589
 91 126 01 16 30   0.129   0.195   0.542   0.590
 91 126 01 17 30   0.128   0.209   0.537   0.591
 91 126 01 18 30   0.137   0.208   0.541   0.596
 91 126 01 19 30   0.142   0.196   0.545   0.596
 91 126 01 20 30   0.145   0.196   0.542   0.594
 91 126 01 21 30   0.139   0.187   0.543   0.592
 91 126 01 22 30   0.133   0.183   0.544   0.590
 91 126 01 23 30   0.136   0.220   0.533   0.593
 91 126 01 24 30   0.127   0.192   0.542   0.589
 91 126 01 25 30   0.121   0.196   0.541   0.589
 91 126 01 26 30   0.141   0.183   0.525   0.590
 91 126 01 27 30   0.154   0.017   0.585   0.606
 91 126 01 28 30   0.152   0.006   0.590   0.610
 91 126 01 29 30   0.136   0.055   0.586   0.604
 91 126 01 30 30   0.127   0.066   0.584   0.601
 91 126 01 31 30   0.137   0.059   0.590   0.609
 91 126 01 32 30   0.116   0.160   0.571   0.607
 91 126 01 33 30   0.138   0.107   0.585   0.611
 91 126 01 34 30   0.120   0.170   0.562   0.606
 91 126 01 35 30   0.137   0.075   0.572   0.593
 91 126 01 36 30   0.109   0.145   0.566   0.596
 91 126 01 37 30   0.089   0.142   0.569   0.594
 91 126 01 38 30   0.068   0.108   0.564   0.580
 91 126 01 39 30   0.073   0.124   0.562   0.581
 91 126 01 40 30   0.065   0.135   0.558   0.580
 91 126 01 41 30   0.090   0.172   0.542   0.577
 91 126 01 42 30   0.116   0.106   0.555   0.592
 91 126 01 43 30   0.142   0.018   0.586   0.603
 91 126 01 44 30   0.153   0.005   0.575   0.596
 91 126 01 45 30   0.066   0.415   0.319   0.565
 91 126 01 46 30   0.043   0.542   0.165   0.569
 91 126 01 47 30   0.054   0.541   0.154   0.567
 91 126 01 48 30   0.010   0.360   0.435   0.570
 91 126 01 49 30   0.040   0.321   0.468   0.570
 91 126 01 50 30   0.066   0.203   0.507   0.566
 91 126 01 51 30   0.118   0.353   0.403   0.560
 91 126 01 52 30   0.071   0.357   0.356   0.516
 91 126 01 53 30   0.008   0.501  -0.114   0.556
 91 126 01 54 30   0.017   0.516  -0.216   0.560
 91 126 01 55 30   0.021   0.516  -0.189   0.552
 91 126 01 56 30   0.009   0.514  -0.221   0.564
 91 126 01 57 30  -0.005   0.505  -0.258   0.568
 91 126 01 58 30   0.005   0.504  -0.250   0.563
 91 126 01 59 30   0.016   0.499  -0.247   0.559
 91 126 02 00 30   0.008   0.531  -0.109   0.542
 91 126 02 01 30   0.008   0.530  -0.108   0.541
 91 126 02 02 30   0.021   0.525  -0.142   0.546
 91 126 02 03 30   0.038   0.547  -0.065   0.553
 91 126 02 04 30   0.015   0.552  -0.069   0.557
 91 126 02 05 30   0.086   0.551  -0.001   0.559
 91 126 02 06 30   0.067   0.540   0.091   0.568
 91 126 02 07 30   0.085   0.505   0.235   0.565
 91 126 02 08 30   0.064   0.534   0.171   0.565
 91 126 02 09 30   0.075   0.517   0.199   0.559
 91 126 02 10 30   0.078   0.523   0.189   0.562
 91 126 02 11 30   0.076   0.526   0.139   0.551
 91 126 02 12 30   0.073   0.511  -0.179   0.548
 91 126 02 13 30   0.052   0.495  -0.209   0.542
 91 126 02 14 30   0.068   0.519  -0.092   0.537
 91 126 02 15 30   0.086   0.524  -0.014   0.531
 91 126 02 16 30   0.071   0.524  -0.001   0.529
 91 126 02 17 30   0.069   0.520  -0.014   0.525
 91 126 02 18 30   0.057   0.518  -0.067   0.528
 91 126 02 19 30  -0.020   0.508  -0.160   0.534
 91 126 02 20 30  -0.015   0.512  -0.155   0.535
 91 126 02 21 30   0.004   0.519  -0.119   0.535
 91 126 02 22 30   0.027   0.530  -0.010   0.532
 91 126 02 23 30   0.053   0.538   0.023   0.542
 91 126 02 24 30   0.074   0.537   0.027   0.543
 91 126 02 25 30   0.006   0.544  -0.042   0.547
 91 126 02 26 30   0.016   0.541  -0.075   0.547
 91 126 02 27 30   0.045   0.538  -0.079   0.546
 91 126 02 28 30   0.032   0.530  -0.125   0.546
 91 126 02 29 30   0.062   0.526  -0.119   0.545
 91 126 02 30 30   0.037   0.515  -0.158   0.542
 91 126 02 31 30  -0.011   0.526  -0.141   0.547
 91 126 02 32 30  -0.021   0.502  -0.173   0.533
 91 126 02 33 30   0.018   0.505   0.008   0.516
 91 126 02 34 30   0.067   0.511   0.078   0.522
 91 126 02 35 30   0.043   0.515   0.067   0.522
 91 126 02 36 30   0.026   0.512   0.086   0.522
 91 126 02 37 30  -0.026   0.502   0.142   0.523
 91 126 02 38 30   0.016   0.514   0.127   0.530
 91 126 02 39 30   0.028   0.512   0.119   0.527
 91 126 02 40 30  -0.019   0.499  -0.079   0.539
 91 126 02 41 30  -0.159   0.300  -0.449   0.574
 91 126 02 42 30  -0.200   0.257  -0.485   0.584
 91 126 02 43 30  -0.180   0.267  -0.484   0.582
 91 126 02 44 30  -0.122   0.330  -0.454   0.577
 91 126 02 45 30  -0.076   0.385  -0.441   0.591
 91 126 02 46 30  -0.056   0.421  -0.418   0.597
 91 126 02 47 30  -0.033   0.418  -0.415   0.591
 91 126 02 48 30   0.007   0.448  -0.401   0.602
 91 126 02 49 30  -0.022   0.441  -0.383   0.586
 91 126 02 50 30  -0.031   0.475  -0.356   0.596
 91 126 02 51 30  -0.062   0.448  -0.399   0.603
 91 126 02 52 30  -0.054   0.449  -0.406   0.608
 91 126 02 53 30  -0.080   0.427  -0.433   0.613
 91 126 02 54 30  -0.099   0.410  -0.440   0.610
 91 126 02 55 30  -0.114   0.395  -0.450   0.610
 91 126 02 56 30  -0.167   0.303  -0.478   0.592
 91 126 02 57 30  -0.167   0.276  -0.487   0.585
 91 126 02 58 30  -0.172   0.238  -0.489   0.571
 91 126 02 59 30  -0.161   0.279  -0.462   0.563
 91 126 03 00 30  -0.150   0.229  -0.530   0.598
 91 126 03 01 30  -0.165   0.272  -0.508   0.600
 91 126 03 02 30  -0.163   0.313  -0.478   0.594
 91 126 03 03 30  -0.162   0.260  -0.503   0.596
 91 126 03 04 30  -0.143   0.232  -0.452   0.569
 91 126 03 05 30  -0.063   0.492  -0.199   0.570
 91 126 03 06 30  -0.058   0.565  -0.061   0.572
 91 126 03 07 30  -0.058   0.562  -0.065   0.570
 91 126 03 08 30  -0.036   0.552  -0.132   0.570
 91 126 03 09 30  -0.029   0.550  -0.141   0.569
 91 126 03 10 30  -0.027   0.548  -0.134   0.565
 91 126 03 11 30  -0.037   0.556  -0.124   0.571
 91 126 03 12 30  -0.105   0.562  -0.074   0.578
 91 126 03 13 30  -0.186   0.547  -0.124   0.593
 91 126 03 14 30  -0.220   0.488  -0.275   0.605
 91 126 03 15 30  -0.227   0.455  -0.328   0.606
 91 126 03 16 30  -0.208   0.436  -0.347   0.597
 91 126 03 17 30  -0.201   0.432  -0.345   0.593
 91 126 03 18 30  -0.387   0.351  -0.276   0.592
 91 126 03 19 30  -0.178   0.460  -0.319   0.597
 91 126 03 20 30  -0.074   0.515  -0.302   0.603
 91 126 03 21 30  -0.087   0.496  -0.311   0.601
 91 126 03 22 30  -0.084   0.431  -0.404   0.598
 91 126 03 23 30  -0.083   0.490  -0.338   0.601
 91 126 03 24 30  -0.096   0.481  -0.343   0.599
 91 126 03 25 30  -0.089   0.478  -0.339   0.593
 91 126 03 26 30  -0.071   0.477  -0.345   0.593
 91 126 03 27 30  -0.078   0.479  -0.336   0.592
 91 126 03 28 30  -0.013   0.509  -0.280   0.582
 91 126 03 29 30   0.054   0.518  -0.251   0.582
 91 126 03 30 30  -0.013   0.507  -0.305   0.593
 91 126 03 31 30  -0.075   0.481  -0.340   0.596
 91 126 03 32 30  -0.128   0.436  -0.354   0.577
 91 126 03 33 30  -0.104   0.486  -0.269   0.566
 91 126 03 34 30  -0.078   0.492  -0.256   0.561
 91 126 03 35 30  -0.052   0.535  -0.163   0.562
 91 126 03 36 30  -0.070   0.498  -0.245   0.560
 91 126 03 37 30  -0.057   0.504  -0.248   0.567
 91 126 03 38 30  -0.083   0.466  -0.311   0.569
 91 126 03 39 30  -0.100   0.530  -0.140   0.563
 91 126 03 40 30  -0.093   0.533  -0.152   0.563
 91 126 03 41 30  -0.063   0.548  -0.101   0.561
 91 126 03 42 30  -0.044   0.553  -0.080   0.561
 91 126 03 43 30  -0.055   0.546  -0.104   0.559
 91 126 03 44 30  -0.009   0.529   0.025   0.540
 91 126 03 45 30   0.034   0.430   0.248   0.532
 91 126 03 46 30   0.080   0.333   0.410   0.538
 91 126 03 47 30   0.025   0.286   0.439   0.533
 91 126 03 48 30   0.006   0.312   0.424   0.528
 91 126 03 49 30   0.056   0.262   0.453   0.527
 91 126 03 50 30   0.071   0.230   0.489   0.547
 91 126 03 51 30   0.091   0.168   0.510   0.545
 91 126 03 52 30   0.084   0.171   0.521   0.558
 91 126 03 53 30   0.082   0.289   0.459   0.570
 91 126 03 54 30  -0.008   0.447   0.353   0.572
 91 126 03 55 30   0.007   0.499   0.259   0.565
 91 126 03 56 30   0.028   0.500   0.264   0.567
 91 126 03 57 30  -0.027   0.487   0.288   0.571
 91 126 03 58 30   0.087   0.493   0.269   0.571
 91 126 03 59 30   0.120   0.479   0.238   0.555
 91 126 04 00 30   0.318   0.429   0.007   0.535
 91 126 04 01 30   0.262   0.448   0.080   0.527
 91 126 04 02 30   0.238   0.453   0.153   0.535
 91 126 04 03 30   0.216   0.443   0.184   0.528
 91 126 04 04 30   0.243   0.423   0.182   0.522
 91 126 04 05 30   0.213   0.434   0.193   0.521
 91 126 04 06 30   0.192   0.448   0.174   0.518
 91 126 04 07 30   0.193   0.462   0.130   0.518
 91 126 04 08 30   0.181   0.461   0.112   0.508
 91 126 04 09 30   0.064   0.489   0.041   0.519
 91 126 04 10 30   0.044   0.445   0.182   0.523
 91 126 04 11 30   0.081   0.408   0.344   0.540
 91 126 04 12 30   0.088   0.408   0.340   0.542
 91 126 04 13 30   0.196   0.325   0.370   0.533
 91 126 04 14 30   0.189   0.309   0.383   0.527
 91 126 04 15 30   0.111   0.359   0.367   0.530
 91 126 04 16 30   0.050   0.388   0.328   0.512
 91 126 04 17 30   0.031   0.382   0.316   0.498
 91 126 04 18 30   0.010   0.401   0.294   0.499
 91 126 04 19 30   0.012   0.432   0.241   0.500
 91 126 04 20 30   0.035   0.447   0.244   0.513
 91 126 04 21 30  -0.041   0.491   0.111   0.517
 91 126 04 22 30  -0.074   0.516   0.007   0.525
 91 126 04 23 30  -0.135   0.521  -0.038   0.544
 91 126 04 24 30  -0.220   0.456  -0.157   0.531
 91 126 04 25 30  -0.294   0.374  -0.162   0.508
 91 126 04 26 30  -0.270   0.306  -0.284   0.512
 91 126 04 27 30  -0.251   0.216  -0.386   0.511
 91 126 04 28 30  -0.264   0.291  -0.350   0.529
 91 126 04 29 30  -0.242   0.354  -0.323   0.538
 91 126 04 30 30  -0.285   0.359  -0.275   0.536
 91 126 04 31 30  -0.313   0.354  -0.233   0.530
 91 126 04 32 30  -0.313   0.375  -0.225   0.538
 91 126 04 33 30  -0.312   0.382  -0.205   0.534
 91 126 04 34 30  -0.317   0.376  -0.210   0.535
 91 126 04 35 30  -0.313   0.398  -0.158   0.534
 91 126 04 36 30  -0.314   0.347  -0.248   0.535
 91 126 04 37 30  -0.327   0.375  -0.198   0.540
 91 126 04 38 30  -0.371   0.310  -0.230   0.538
 91 126 04 39 30  -0.381   0.245  -0.255   0.527
 91 126 04 40 30  -0.385   0.281  -0.185   0.526
 91 126 04 41 30  -0.316   0.396  -0.062   0.520
 91 126 04 42 30  -0.260   0.428  -0.014   0.507
 91 126 04 43 30  -0.157   0.440   0.173   0.506
 91 126 04 44 30  -0.162   0.439  -0.023   0.522
 91 126 04 45 30  -0.220   0.446  -0.166   0.525
 91 126 04 46 30  -0.201   0.460  -0.127   0.521
 91 126 04 47 30  -0.186   0.467  -0.111   0.516
 91 126 04 48 30  -0.206   0.460  -0.142   0.524
 91 126 04 49 30  -0.178   0.472  -0.133   0.523
 91 126 04 50 30  -0.185   0.481  -0.115   0.530
 91 126 04 51 30  -0.180   0.490  -0.084   0.529
 91 126 04 52 30  -0.200   0.484  -0.073   0.530
 91 126 04 53 30  -0.204   0.472  -0.084   0.523
 91 126 04 54 30  -0.093   0.495  -0.104   0.518
 91 126 04 55 30  -0.080   0.493   0.006   0.518
 91 126 04 56 30  -0.123   0.479  -0.045   0.499
 91 126 04 57 30  -0.021   0.469   0.050   0.488
 91 126 04 58 30  -0.137   0.467   0.013   0.499
 91 126 04 59 30  -0.205   0.440  -0.079   0.493
 91 126 05 00 30  -0.217   0.430  -0.117   0.497
 91 126 05 01 30  -0.301   0.333  -0.153   0.489
 91 126 05 02 30  -0.381   0.181  -0.206   0.474
 91 126 05 03 30  -0.320   0.304  -0.134   0.462
 91 126 05 04 30  -0.287   0.345  -0.093   0.459
 91 126 05 05 30  -0.289   0.338  -0.115   0.462
 91 126 05 06 30  -0.278   0.318  -0.119   0.455
 91 126 05 07 30  -0.175   0.426   0.076   0.469
 91 126 05 08 30  -0.254   0.384   0.006   0.463
 91 126 05 09 30  -0.141   0.444   0.128   0.487
 91 126 05 10 30  -0.090   0.465   0.135   0.494
 91 126 05 11 30  -0.121   0.450   0.149   0.494
 91 126 05 12 30  -0.136   0.460   0.088   0.491
 91 126 05 13 30  -0.094   0.482   0.070   0.498
 91 126 05 14 30  -0.048   0.490   0.067   0.498
 91 126 05 15 30  -0.122   0.474   0.055   0.505
 91 126 05 16 30  -0.194   0.469  -0.086   0.517
 91 126 05 17 30  -0.226   0.480  -0.041   0.533
 91 126 05 18 30  -0.244   0.469  -0.068   0.533
 91 126 05 19 30  -0.255   0.457  -0.090   0.531
 91 126 05 20 30  -0.274   0.448  -0.140   0.544
 91 126 05 21 30  -0.262   0.454  -0.138   0.543
 91 126 05 22 30  -0.248   0.466  -0.130   0.544
 91 126 05 23 30  -0.261   0.470  -0.136   0.555
 91 126 05 24 30  -0.268   0.466  -0.137   0.555
 91 126 05 25 30  -0.295   0.439  -0.098   0.540
 91 126 05 26 30  -0.266   0.387  -0.194   0.513
 91 126 05 27 30  -0.222   0.278  -0.334   0.498
 91 126 05 28 30  -0.191   0.275  -0.340   0.480
 91 126 05 29 30  -0.174   0.289  -0.354   0.496
 91 126 05 30 30  -0.104   0.385  -0.313   0.507
 91 126 05 31 30  -0.119   0.370  -0.316   0.501
 91 126 05 32 30  -0.051   0.455  -0.217   0.510
 91 126 05 33 30  -0.051   0.459  -0.202   0.508
 91 126 05 34 30  -0.155   0.392  -0.288   0.523
 91 126 05 35 30  -0.149   0.517  -0.134   0.555
 91 126 05 36 30  -0.160   0.467  -0.233   0.553
 91 126 05 37 30  -0.111   0.419  -0.324   0.542
 91 126 05 38 30  -0.104   0.466  -0.232   0.533
 91 126 05 39 30  -0.114   0.489  -0.184   0.536
 91 126 05 40 30  -0.098   0.495  -0.167   0.532
 91 126 05 41 30   0.037   0.359   0.025   0.487
 91 126 05 42 30   0.207   0.308   0.316   0.489
 91 126 05 43 30   0.204   0.342   0.266   0.489
 91 126 05 44 30   0.218   0.310   0.297   0.488
 91 126 05 45 30   0.298   0.302   0.242   0.491
 91 126 05 46 30   0.284   0.336   0.193   0.485
 91 126 05 47 30   0.358   0.250   0.204   0.485
 91 126 05 48 30   0.382   0.207   0.198   0.480
 91 126 05 49 30   0.384   0.188   0.208   0.477
 91 126 05 50 30   0.360   0.226   0.222   0.480
 91 126 05 51 30   0.375   0.229   0.201   0.484
 91 126 05 52 30   0.394   0.206   0.190   0.486
 91 126 05 53 30   0.378   0.194   0.226   0.489
 91 126 05 54 30   0.340   0.276   0.170   0.471
 91 126 05 55 30   0.339   0.240   0.201   0.462
 91 126 05 56 30   0.308   0.256   0.213   0.455
 91 126 05 57 30   0.316   0.271   0.188   0.458
 91 126 05 58 30   0.289   0.253   0.213   0.440
 91 126 05 59 30   0.291   0.228   0.222   0.432
 91 126 06 00 30   0.278   0.221   0.232   0.425
 91 126 06 01 30   0.246   0.209   0.275   0.426
 91 126 06 02 30   0.240   0.197   0.295   0.429
 91 126 06 03 30   0.217   0.184   0.312   0.423
 91 126 06 04 30   0.175   0.203   0.319   0.417
 91 126 06 05 30   0.175   0.228   0.310   0.423
 91 126 06 06 30   0.168   0.197   0.286   0.387
 91 126 06 07 30   0.161   0.215   0.317   0.416
 91 126 06 08 30   0.135   0.178   0.324   0.395
 91 126 06 09 30   0.162   0.183   0.299   0.387
 91 126 06 10 30   0.183   0.167   0.289   0.384
 91 126 06 11 30   0.130   0.259   0.271   0.397
 91 126 06 12 30   0.122   0.284   0.253   0.403
 91 126 06 13 30  -0.035   0.312   0.238   0.409
 91 126 06 14 30  -0.025   0.420   0.082   0.438
 91 126 06 15 30  -0.061   0.394   0.116   0.421
 91 126 06 16 30   0.059   0.352   0.269   0.451
 91 126 06 17 30   0.079   0.362   0.313   0.486
 91 126 06 18 30   0.046   0.431   0.227   0.492
 91 126 06 19 30   0.083   0.381   0.291   0.487
 91 126 06 20 30   0.110   0.375   0.308   0.498
 91 126 06 21 30   0.098   0.384   0.303   0.500
 91 126 06 22 30   0.054   0.426   0.241   0.495
 91 126 06 23 30   0.117   0.361   0.294   0.497
 91 126 06 24 30  -0.031   0.461   0.153   0.487
 91 126 06 25 30   0.058   0.429   0.230   0.494
 91 126 06 26 30   0.104   0.335   0.346   0.501
 91 126 06 27 30   0.122   0.381   0.315   0.511
 91 126 06 28 30   0.190   0.397   0.251   0.510
 91 126 06 29 30   0.182   0.392   0.271   0.511
 91 126 06 30 30   0.122   0.389   0.284   0.500
 91 126 06 31 30   0.078   0.450   0.221   0.509
 91 126 06 32 30   0.153   0.400   0.279   0.512
 91 126 06 33 30   0.145   0.428   0.243   0.515
 91 126 06 34 30   0.057   0.443   0.246   0.513
 91 126 06 35 30   0.049   0.482   0.183   0.518
 91 126 06 36 30   0.022   0.492   0.052   0.500
 91 126 06 37 30  -0.027   0.502   0.029   0.504
 91 126 06 38 30   0.034   0.492   0.053   0.497
 91 126 06 39 30   0.033   0.488   0.041   0.492
 91 126 06 40 30   0.040   0.478   0.106   0.492
 91 126 06 41 30   0.076   0.488   0.101   0.506
 91 126 06 42 30   0.143   0.452   0.130   0.492
 91 126 06 43 30   0.163   0.433   0.081   0.471
 91 126 06 44 30   0.180   0.433   0.049   0.471
 91 126 06 45 30   0.179   0.441   0.023   0.478
 91 126 06 46 30   0.141   0.464  -0.013   0.489
 91 126 06 47 30   0.129   0.455  -0.026   0.475
 91 126 06 48 30   0.030   0.492   0.030   0.495
 91 126 06 49 30   0.008   0.495   0.018   0.497
 91 126 06 50 30   0.038   0.500   0.013   0.503
 91 126 06 51 30   0.047   0.498   0.021   0.502
 91 126 06 52 30   0.087   0.495   0.000   0.504
 91 126 06 53 30   0.050   0.492   0.044   0.498
 91 126 06 54 30   0.054   0.493   0.069   0.502
 91 126 06 55 30   0.073   0.483   0.106   0.502
 91 126 06 56 30   0.033   0.486   0.110   0.502
 91 126 06 57 30   0.058   0.479   0.129   0.503
 91 126 06 58 30   0.018   0.491   0.037   0.503
 91 126 06 59 30  -0.132   0.506  -0.028   0.533
 91 126 07 00 30  -0.230   0.517  -0.080   0.572
 91 126 07 01 30  -0.206   0.520  -0.081   0.565
 91 126 07 02 30  -0.203   0.517  -0.081   0.561
 91 126 07 03 30  -0.191   0.528  -0.062   0.565
 91 126 07 04 30  -0.169   0.535  -0.069   0.565
 91 126 07 05 30  -0.166   0.528  -0.055   0.556
 91 126 07 06 30  -0.150   0.531  -0.061   0.556
 91 126 07 07 30  -0.126   0.537  -0.044   0.554
 91 126 07 08 30  -0.113   0.566   0.006   0.578
 91 126 07 09 30  -0.106   0.572   0.016   0.582
 91 126 07 10 30  -0.122   0.566   0.002   0.580
 91 126 07 11 30  -0.164   0.548  -0.035   0.574
 91 126 07 12 30  -0.133   0.549  -0.014   0.565
 91 126 07 13 30  -0.149   0.538  -0.024   0.559
 91 126 07 14 30  -0.161   0.529  -0.035   0.555
 91 126 07 15 30  -0.094   0.515   0.005   0.524
 91 126 07 16 30  -0.111   0.513  -0.013   0.525
 91 126 07 17 30  -0.106   0.512  -0.004   0.523
 91 126 07 18 30  -0.127   0.508  -0.014   0.524
 91 126 07 19 30  -0.068   0.505   0.038   0.512
 91 126 07 20 30  -0.065   0.513   0.050   0.520
 91 126 07 21 30  -0.056   0.503   0.061   0.513
 91 126 07 22 30  -0.061   0.518   0.042   0.527
 91 126 07 23 30  -0.184   0.505  -0.068   0.542
 91 126 07 24 30  -0.224   0.512  -0.090   0.571
 91 126 07 25 30  -0.243   0.519  -0.078   0.579
 91 126 07 26 30  -0.240   0.530  -0.101   0.591
 91 126 07 27 30  -0.231   0.520  -0.120   0.582
 91 126 07 28 30  -0.225   0.518  -0.149   0.584
 91 126 07 29 30  -0.239   0.516  -0.159   0.590
 91 126 07 30 30  -0.238   0.513  -0.169   0.591
 91 126 07 31 30  -0.238   0.521  -0.179   0.600
 91 126 07 32 30  -0.247   0.532  -0.183   0.614
 91 126 07 33 30  -0.247   0.516  -0.186   0.602
 91 126 07 34 30  -0.264   0.503  -0.157   0.590
 91 126 07 35 30  -0.278   0.510  -0.143   0.599
 91 126 07 36 30  -0.272   0.522  -0.130   0.605
 91 126 07 37 30  -0.278   0.520  -0.155   0.613
 91 126 07 38 30  -0.280   0.482  -0.230   0.605
 91 126 07 39 30  -0.277   0.487  -0.225   0.604
 91 126 07 40 30  -0.259   0.501  -0.195   0.597
 91 126 07 41 30  -0.240   0.494  -0.212   0.589
 91 126 07 42 30  -0.215   0.494  -0.155   0.563
 91 126 07 43 30  -0.229   0.501  -0.117   0.565
 91 126 07 44 30  -0.263   0.473  -0.147   0.561
 91 126 07 45 30  -0.217   0.499  -0.103   0.558
 91 126 07 46 30  -0.173   0.527  -0.047   0.558
 91 126 07 47 30  -0.146   0.539  -0.020   0.562
 91 126 07 48 30  -0.108   0.564   0.035   0.576
 91 126 07 49 30  -0.077   0.552   0.127   0.574
 91 126 07 50 30  -0.089   0.530   0.176   0.568
 91 126 07 51 30  -0.141   0.545  -0.070   0.575
 91 126 07 52 30  -0.115   0.560  -0.055   0.575
 91 126 07 53 30  -0.155   0.552  -0.095   0.584
 91 126 07 54 30  -0.166   0.524  -0.184   0.582
 91 126 07 55 30  -0.173   0.523  -0.186   0.582
 91 126 07 56 30  -0.179   0.518  -0.191   0.581
 91 126 07 57 30  -0.180   0.537  -0.196   0.601
 91 126 07 58 30  -0.177   0.546  -0.185   0.604
 91 126 07 59 30  -0.205   0.542  -0.203   0.617
 91 126 08 00 30  -0.246   0.489  -0.268   0.610
 91 126 08 01 30  -0.261   0.479  -0.274   0.611
 91 126 08 02 30  -0.249   0.400  -0.389   0.612
 91 126 08 03 30  -0.259   0.430  -0.354   0.615
 91 126 08 04 30  -0.226   0.468  -0.329   0.615
 91 126 08 05 30  -0.204   0.500  -0.300   0.618
 91 126 08 06 30  -0.191   0.503  -0.293   0.613
 91 126 08 07 30  -0.195   0.509  -0.274   0.611
 91 126 08 08 30  -0.123   0.511  -0.309   0.613
 91 126 08 09 30  -0.084   0.538  -0.278   0.612
 91 126 08 10 30  -0.123   0.567  -0.190   0.613
 91 126 08 11 30  -0.109   0.585  -0.140   0.611
 91 126 08 12 30  -0.100   0.587  -0.123   0.609
 91 126 08 13 30  -0.206   0.542  -0.196   0.614
 91 126 08 14 30  -0.186   0.552  -0.201   0.617
 91 126 08 15 30  -0.189   0.553  -0.207   0.621
 91 126 08 16 30  -0.209   0.562  -0.166   0.623
 91 126 08 17 30  -0.230   0.544  -0.183   0.619
 91 126 08 18 30  -0.236   0.540  -0.188   0.619
 91 126 08 19 30  -0.228   0.528  -0.224   0.618
 91 126 08 20 30  -0.194   0.530  -0.256   0.621
 91 126 08 21 30  -0.205   0.506  -0.291   0.619
 91 126 08 22 30  -0.180   0.533  -0.268   0.623
 91 126 08 23 30  -0.179   0.527  -0.279   0.622
 91 126 08 24 30  -0.195   0.529  -0.283   0.631
 91 126 08 25 30  -0.184   0.534  -0.283   0.632
 91 126 08 26 30  -0.177   0.541  -0.264   0.628
 91 126 08 27 30  -0.175   0.533  -0.278   0.626
 91 126 08 28 30  -0.190   0.518  -0.269   0.616
 91 126 08 29 30  -0.092   0.552  -0.211   0.599
 91 126 08 30 30  -0.092   0.555  -0.237   0.610
 91 126 08 31 30  -0.109   0.575  -0.222   0.626
 91 126 08 32 30  -0.123   0.585  -0.185   0.626
 91 126 08 33 30  -0.109   0.577  -0.192   0.618
 91 126 08 34 30  -0.082   0.555  -0.244   0.612
 91 126 08 35 30  -0.094   0.540  -0.247   0.602
 91 126 08 36 30  -0.075   0.549  -0.235   0.603
 91 126 08 37 30  -0.070   0.548  -0.248   0.606
 91 126 08 38 30  -0.068   0.554  -0.246   0.610
 91 126 08 39 30  -0.078   0.551  -0.253   0.611
 91 126 08 40 30  -0.084   0.548  -0.265   0.615
 91 126 08 41 30  -0.102   0.535  -0.287   0.616
 91 126 08 42 30  -0.110   0.536  -0.275   0.614
 91 126 08 43 30  -0.110   0.529  -0.292   0.615
 91 126 08 44 30  -0.108   0.537  -0.290   0.620
 91 126 08 45 30  -0.100   0.520  -0.326   0.622
 91 126 08 46 30  -0.098   0.520  -0.320   0.619
 91 126 08 47 30  -0.093   0.534  -0.296   0.619
 91 126 08 48 30  -0.082   0.542  -0.303   0.626
 91 126 08 49 30  -0.092   0.539  -0.303   0.626
 91 126 08 50 30  -0.061   0.549  -0.296   0.627
 91 126 08 51 30  -0.051   0.551  -0.284   0.622
 91 126 08 52 30  -0.033   0.556  -0.275   0.622
 91 126 08 53 30   0.008   0.565  -0.254   0.620
 91 126 08 54 30  -0.001   0.570  -0.250   0.622
 91 126 08 55 30   0.002   0.579  -0.229   0.623
 91 126 08 56 30  -0.049   0.560  -0.282   0.631
 91 126 08 57 30  -0.078   0.547  -0.291   0.633
 91 126 08 58 30  -0.155   0.514  -0.345   0.643
 91 126 08 59 30  -0.306   0.427  -0.384   0.653
 91 126 09 00 30  -0.336   0.355  -0.440   0.658
 91 126 09 01 30  -0.325   0.383  -0.423   0.658
 91 126 09 02 30  -0.329   0.413  -0.384   0.653
 91 126 09 03 30  -0.315   0.409  -0.379   0.641
 91 126 09 04 30  -0.287   0.391  -0.403   0.632
 91 126 09 05 30  -0.300   0.426  -0.371   0.640
 91 126 09 06 30  -0.295   0.402  -0.407   0.647
 91 126 09 07 30  -0.276   0.395  -0.418   0.640
 91 126 09 08 30  -0.243   0.451  -0.383   0.640
 91 126 09 09 30  -0.262   0.454  -0.372   0.643
 91 126 09 10 30  -0.268   0.436  -0.386   0.642
 91 126 09 11 30  -0.338   0.350  -0.408   0.635
 91 126 09 12 30  -0.310   0.368  -0.404   0.629
 91 126 09 13 30  -0.304   0.364  -0.412   0.629
 91 126 09 14 30  -0.281   0.392  -0.410   0.636
 91 126 09 15 30  -0.309   0.334  -0.442   0.634
 91 126 09 16 30  -0.301   0.314  -0.446   0.624
 91 126 09 17 30  -0.218   0.444  -0.366   0.623
 91 126 09 18 30  -0.193   0.477  -0.344   0.620
 91 126 09 19 30  -0.190   0.474  -0.356   0.623
 91 126 09 20 30  -0.236   0.435  -0.386   0.628
 91 126 09 21 30  -0.237   0.397  -0.431   0.634
 91 126 09 22 30  -0.233   0.379  -0.452   0.635
 91 126 09 23 30  -0.234   0.412  -0.426   0.638
 91 126 09 24 30  -0.197   0.344  -0.500   0.638
 91 126 09 25 30  -0.214   0.352  -0.481   0.634
 91 126 09 26 30  -0.243   0.371  -0.458   0.638
 91 126 09 27 30  -0.236   0.438  -0.404   0.642
 91 126 09 28 30  -0.257   0.425  -0.410   0.644
 91 126 09 29 30  -0.255   0.410  -0.419   0.640
 91 126 09 30 30  -0.223   0.481  -0.359   0.641
 91 126 09 31 30  -0.228   0.470  -0.379   0.645
 91 126 09 32 30  -0.231   0.480  -0.361   0.644
 91 126 09 33 30  -0.247   0.472  -0.358   0.643
 91 126 09 34 30  -0.238   0.464  -0.375   0.643
 91 126 09 35 30  -0.247   0.472  -0.355   0.641
 91 126 09 36 30  -0.310   0.390  -0.399   0.641
 91 126 09 37 30  -0.246   0.467  -0.349   0.633
 91 126 09 38 30  -0.234   0.479  -0.345   0.635
 91 126 09 39 30  -0.205   0.479  -0.357   0.631
 91 126 09 40 30  -0.207   0.474  -0.366   0.634
 91 126 09 41 30  -0.193   0.480  -0.373   0.638
 91 126 09 42 30  -0.206   0.493  -0.348   0.638
 91 126 09 43 30  -0.208   0.477  -0.364   0.636
 91 126 09 44 30  -0.232   0.469  -0.345   0.628
 91 126 09 45 30  -0.188   0.510  -0.309   0.626
 91 126 09 46 30  -0.194   0.522  -0.287   0.627
 91 126 09 47 30  -0.161   0.517  -0.325   0.633
 91 126 09 48 30  -0.154   0.528  -0.310   0.632
 91 126 09 49 30  -0.165   0.547  -0.263   0.631
 91 126 09 50 30  -0.165   0.539  -0.272   0.626
 91 126 09 51 30  -0.187   0.536  -0.254   0.623
 91 126 09 52 30  -0.202   0.480  -0.335   0.619
 91 126 09 53 30  -0.211   0.497  -0.289   0.613
 91 126 09 54 30  -0.237   0.400  -0.432   0.640
 91 126 09 55 30  -0.239   0.375  -0.466   0.645
 91 126 09 56 30  -0.184   0.407  -0.452   0.636
 91 126 09 57 30  -0.196   0.435  -0.413   0.635
 91 126 09 58 30  -0.209   0.460  -0.388   0.639
 91 126 09 59 30  -0.256   0.427  -0.391   0.634
 91 126 10 00 30  -0.234   0.440  -0.378   0.626
 91 126 10 01 30  -0.182   0.493  -0.341   0.628
 91 126 10 02 30  -0.208   0.483  -0.342   0.628
 91 126 10 03 30  -0.183   0.486  -0.352   0.628
 91 126 10 04 30  -0.198   0.478  -0.360   0.631
 91 126 10 05 30  -0.202   0.474  -0.354   0.625
 91 126 10 06 30  -0.181   0.493  -0.349   0.631
 91 126 10 07 30  -0.163   0.490  -0.367   0.634
 91 126 10 08 30  -0.136   0.493  -0.367   0.630
 91 126 10 09 30  -0.127   0.498  -0.361   0.628
 91 126 10 10 30  -0.092   0.480  -0.364   0.611
 91 126 10 11 30  -0.066   0.487  -0.324   0.589
 91 126 10 12 30  -0.073   0.501  -0.285   0.583
 91 126 10 13 30  -0.076   0.519  -0.264   0.588
 91 126 10 14 30  -0.067   0.513  -0.244   0.573
 91 126 10 15 30  -0.018   0.508  -0.253   0.570
 91 126 10 16 30   0.026   0.491  -0.298   0.575
 91 126 10 17 30   0.052   0.480  -0.327   0.583
 91 126 10 18 30   0.066   0.473  -0.360   0.599
 91 126 10 19 30   0.068   0.477  -0.347   0.596
 91 126 10 20 30   0.069   0.486  -0.320   0.587
 91 126 10 21 30   0.095   0.491  -0.323   0.595
 91 126 10 22 30   0.125   0.500  -0.299   0.596
 91 126 10 23 30   0.152   0.518  -0.249   0.596
 91 126 10 24 30   0.153   0.532  -0.229   0.599
 91 126 10 25 30   0.166   0.548  -0.179   0.600
 91 126 10 26 30   0.190   0.552  -0.144   0.602
 91 126 10 27 30   0.183   0.563  -0.042   0.598
 91 126 10 28 30   0.187   0.546   0.133   0.597
 91 126 10 29 30  -0.186   0.469  -0.299   0.641
 91 126 10 30 30  -0.248   0.439  -0.407   0.648
 91 126 10 31 30  -0.222   0.466  -0.393   0.649
 91 126 10 32 30  -0.234   0.461  -0.380   0.642
 91 126 10 33 30  -0.246   0.471  -0.361   0.643
 91 126 10 34 30  -0.241   0.451  -0.389   0.643
 91 126 10 35 30  -0.060   0.502  -0.296   0.629
 91 126 10 36 30   0.152   0.566  -0.206   0.626
 91 126 10 37 30   0.037   0.564  -0.273   0.629
 91 126 10 38 30  -0.036   0.555  -0.301   0.634
 91 126 10 39 30  -0.094   0.535  -0.318   0.632
 91 126 10 40 30  -0.045   0.545  -0.322   0.636
 91 126 10 41 30  -0.115   0.534  -0.341   0.647
 91 126 10 42 30  -0.072   0.521  -0.382   0.651
 91 126 10 43 30  -0.050   0.533  -0.360   0.645
 91 126 10 44 30  -0.066   0.535  -0.367   0.653
 91 126 10 45 30   0.027   0.512  -0.397   0.656
 91 126 10 46 30   0.303   0.389  -0.403   0.639
 91 126 10 47 30   0.310   0.361  -0.428   0.641
 91 126 10 48 30   0.248   0.380  -0.444   0.637
 91 126 10 49 30   0.216   0.400  -0.440   0.634
 91 126 10 50 30   0.221   0.352  -0.478   0.635
 91 126 10 51 30   0.252   0.305  -0.490   0.631
 91 126 10 52 30   0.002   0.428  -0.471   0.641
 91 126 10 53 30   0.053   0.425  -0.496   0.656
 91 126 10 54 30   0.033   0.427  -0.494   0.654
 91 126 10 55 30  -0.032   0.431  -0.475   0.649
 91 126 10 56 30  -0.115   0.457  -0.455   0.655
 91 126 10 57 30  -0.056   0.417  -0.487   0.644
 91 126 10 58 30  -0.016   0.435  -0.473   0.643
 91 126 10 59 30  -0.016   0.436  -0.474   0.644
 91 126 11 00 30  -0.038   0.436  -0.482   0.652
 91 126 11 01 30  -0.052   0.400  -0.515   0.654
 91 126 11 02 30  -0.054   0.410  -0.506   0.653
 91 126 11 03 30  -0.080   0.423  -0.495   0.656
 91 126 11 04 30  -0.077   0.418  -0.495   0.653
 91 126 11 05 30  -0.054   0.392  -0.514   0.649
 91 126 11 06 30  -0.079   0.405  -0.489   0.641
 91 126 11 07 30  -0.167   0.442  -0.403   0.624
 91 126 11 08 30  -0.187   0.443  -0.389   0.619
 91 126 11 09 30  -0.174   0.461  -0.385   0.627
 91 126 11 10 30  -0.124   0.438  -0.421   0.622
 91 126 11 11 30  -0.320   0.483  -0.255   0.637
 91 126 11 12 30  -0.294   0.486  -0.286   0.637
 91 126 11 13 30  -0.329   0.470  -0.248   0.626
 91 126 11 14 30  -0.316   0.483  -0.247   0.628
 91 126 11 15 30  -0.331   0.449  -0.295   0.634
 91 126 11 16 30  -0.345   0.402  -0.343   0.632
 91 126 11 17 30  -0.358   0.438  -0.297   0.639
 91 126 11 18 30  -0.357   0.433  -0.309   0.641
 91 126 11 19 30  -0.386   0.421  -0.277   0.636
 91 126 11 20 30  -0.356   0.445  -0.275   0.633
 91 126 11 21 30  -0.371   0.450  -0.260   0.640
 91 126 11 22 30  -0.312   0.446  -0.336   0.640
 91 126 11 23 30  -0.312   0.435  -0.359   0.645
 91 126 11 24 30  -0.318   0.447  -0.350   0.651
 91 126 11 25 30  -0.301   0.467  -0.312   0.639
 91 126 11 26 30  -0.281   0.503  -0.271   0.637
 91 126 11 27 30  -0.267   0.502  -0.304   0.646
 91 126 11 28 30  -0.274   0.504  -0.289   0.642
 91 126 11 29 30  -0.296   0.495  -0.266   0.635
 91 126 11 30 30  -0.293   0.483  -0.276   0.630
 91 126 11 31 30  -0.294   0.500  -0.279   0.645
 91 126 11 32 30  -0.314   0.371  -0.414   0.647
 91 126 11 33 30  -0.299   0.315  -0.467   0.638
 91 126 11 34 30  -0.304   0.296  -0.482   0.643
 91 126 11 35 30  -0.306   0.278  -0.490   0.642
 91 126 11 36 30  -0.310   0.282  -0.492   0.646
 91 126 11 37 30  -0.304   0.290  -0.499   0.653
 91 126 11 38 30  -0.325   0.273  -0.513   0.666
 91 126 11 39 30  -0.336   0.242  -0.518   0.663
 91 126 11 40 30  -0.339   0.233  -0.521   0.665
 91 126 11 41 30  -0.326   0.280  -0.486   0.652
 91 126 11 42 30  -0.315   0.316  -0.452   0.635
 91 126 11 43 30  -0.312   0.340  -0.431   0.633
 91 126 11 44 30  -0.294   0.372  -0.415   0.631
 91 126 11 45 30  -0.303   0.398  -0.398   0.640
 91 126 11 46 30  -0.301   0.393  -0.423   0.652
 91 126 11 47 30  -0.299   0.372  -0.456   0.661
 91 126 11 48 30  -0.287   0.397  -0.447   0.663
 91 126 11 49 30  -0.294   0.397  -0.439   0.661
 91 126 11 50 30  -0.306   0.367  -0.443   0.653
 91 126 11 51 30  -0.291   0.334  -0.461   0.641
 91 126 11 52 30  -0.277   0.308  -0.489   0.642
 91 126 11 53 30  -0.297   0.201  -0.552   0.660
 91 126 11 54 30  -0.276   0.220  -0.547   0.652
 91 126 11 55 30  -0.279   0.243  -0.545   0.659
 91 126 11 56 30  -0.285   0.215  -0.557   0.662
 91 126 11 57 30  -0.288   0.260  -0.548   0.671
 91 126 11 58 30  -0.305   0.298  -0.509   0.665
 91 126 11 59 30  -0.278   0.284  -0.546   0.676
 91 126 12 00 30  -0.292   0.319  -0.520   0.677
 91 126 12 01 30  -0.303   0.317  -0.500   0.665
 91 126 12 02 30  -0.310   0.305  -0.497   0.662
 91 126 12 03 30  -0.270   0.231  -0.545   0.654
 91 126 12 04 30  -0.259   0.206  -0.573   0.663
 91 126 12 05 30  -0.247   0.196  -0.590   0.669
 91 126 12 06 30  -0.244   0.132  -0.627   0.687
 91 126 12 07 30  -0.236   0.091  -0.632   0.683
 91 126 12 08 30  -0.278   0.169  -0.566   0.662
 91 126 12 09 30  -0.342   0.331  -0.431   0.644
 91 126 12 10 30  -0.353   0.415  -0.305   0.634
 91 126 12 11 30  -0.331   0.509   0.022   0.626
 91 126 12 12 30  -0.282   0.539   0.157   0.630
 91 126 12 13 30  -0.270   0.536   0.155   0.620
 91 126 12 14 30  -0.266   0.533   0.140   0.612
 91 126 12 15 30  -0.306   0.518   0.122   0.615
 91 126 12 16 30  -0.291   0.529   0.138   0.620
 91 126 12 17 30  -0.280   0.528   0.156   0.618
 91 126 12 18 30  -0.270   0.547   0.128   0.625
 91 126 12 19 30  -0.250   0.560   0.121   0.625
 91 126 12 20 30  -0.274   0.557   0.080   0.626
 91 126 12 21 30  -0.263   0.564   0.087   0.629
 91 126 12 22 30  -0.276   0.561   0.087   0.631
 91 126 12 23 30  -0.298   0.538   0.126   0.628
 91 126 12 24 30  -0.287   0.541   0.125   0.626
 91 126 12 25 30  -0.269   0.553   0.107   0.625
 91 126 12 26 30  -0.260   0.560   0.114   0.629
 91 126 12 27 30  -0.264   0.565   0.079   0.628
 91 126 12 28 30  -0.299   0.548   0.059   0.628
 91 126 12 29 30  -0.318   0.547   0.038   0.634
 91 126 12 30 30  -0.251   0.551   0.114   0.626
 91 126 12 31 30  -0.187   0.553   0.190   0.614
 91 126 12 32 30  -0.285   0.544   0.097   0.623
 91 126 12 33 30  -0.322   0.551   0.053   0.641
 91 126 12 34 30  -0.326   0.542   0.055   0.637
 91 126 12 35 30  -0.369   0.520   0.022   0.638
 91 126 12 36 30  -0.394   0.505  -0.023   0.641
 91 126 12 37 30  -0.353   0.549   0.065   0.658
 91 126 12 38 30  -0.301   0.565   0.130   0.656
 91 126 12 39 30  -0.328   0.556   0.088   0.657
 91 126 12 40 30  -0.345   0.550   0.109   0.659
 91 126 12 41 30  -0.319   0.560   0.107   0.655
 91 126 12 42 30  -0.330   0.543   0.156   0.655
 91 126 12 43 30  -0.323   0.554   0.135   0.655
 91 126 12 44 30  -0.310   0.561   0.148   0.658
 91 126 12 45 30  -0.286   0.565   0.161   0.654
 91 126 12 46 30  -0.274   0.564   0.173   0.651
 91 126 12 47 30  -0.315   0.558   0.116   0.652
 91 126 12 48 30  -0.309   0.559   0.134   0.654
 91 126 12 49 30  -0.346   0.552   0.070   0.659
 91 126 12 50 30  -0.343   0.561   0.037   0.660
 91 126 12 51 30  -0.362   0.546  -0.050   0.658
 91 126 12 52 30  -0.338   0.540  -0.082   0.644
 91 126 12 53 30  -0.269   0.568   0.058   0.638
 91 126 12 54 30  -0.260   0.576   0.109   0.641
 91 126 12 55 30  -0.263   0.552   0.071   0.617
 91 126 12 56 30  -0.256   0.552   0.096   0.616
 91 126 12 57 30  -0.231   0.574   0.081   0.625
 91 126 12 58 30  -0.244   0.562   0.081   0.619
 91 126 12 59 30  -0.245   0.559   0.102   0.623
 91 126 13 00 30  -0.273   0.569   0.025   0.634
 91 126 13 01 30  -0.241   0.573   0.007   0.625
 91 126 13 02 30  -0.232   0.551  -0.130   0.613
 91 126 13 03 30  -0.242   0.534  -0.158   0.609
 91 126 13 04 30  -0.266   0.535  -0.093   0.607
 91 126 13 05 30  -0.306   0.504  -0.124   0.603
 91 126 13 06 30  -0.304   0.506  -0.096   0.598
 91 126 13 07 30  -0.304   0.515  -0.080   0.604
 91 126 13 08 30  -0.277   0.529  -0.091   0.604
 91 126 13 09 30  -0.280   0.532  -0.095   0.609
 91 126 13 10 30  -0.279   0.527  -0.116   0.608
 91 126 13 11 30  -0.293   0.528  -0.076   0.613
 91 126 13 12 30  -0.339   0.521  -0.174   0.646
 91 126 13 13 30  -0.306   0.547  -0.151   0.645
 91 126 13 14 30  -0.335   0.528  -0.135   0.641
 91 126 13 15 30  -0.317   0.535  -0.112   0.632
 91 126 13 16 30  -0.300   0.546  -0.093   0.630
 91 126 13 17 30  -0.335   0.543  -0.101   0.647
 91 126 13 18 30  -0.308   0.546  -0.062   0.631
 91 126 13 19 30  -0.342   0.493  -0.200   0.640
 91 126 13 20 30  -0.303   0.472  -0.286   0.633
 91 126 13 21 30  -0.319   0.440  -0.318   0.635
 91 126 13 22 30  -0.324   0.455  -0.309   0.639
 91 126 13 23 30  -0.296   0.550  -0.193   0.655
 91 126 13 24 30  -0.316   0.543  -0.191   0.658
 91 126 13 25 30  -0.324   0.530  -0.218   0.658
 91 126 13 26 30  -0.329   0.530  -0.204   0.657
 91 126 13 27 30  -0.341   0.478  -0.292   0.657
 91 126 13 28 30  -0.349   0.417  -0.354   0.649
 91 126 13 29 30  -0.349   0.395  -0.375   0.647
 91 126 13 30 30  -0.352   0.392  -0.364   0.642
 91 126 13 31 30  -0.365   0.348  -0.401   0.645
 91 126 13 32 30  -0.385   0.422  -0.292   0.642
 91 126 13 33 30  -0.366   0.393  -0.384   0.663
 91 126 13 34 30  -0.380   0.378  -0.396   0.669
 91 126 13 35 30  -0.382   0.368  -0.389   0.660
 91 126 13 36 30  -0.366   0.366  -0.423   0.669
 91 126 13 37 30  -0.373   0.382  -0.381   0.663
 91 126 13 38 30  -0.358   0.507  -0.195   0.652
 91 126 13 39 30  -0.371   0.498  -0.189   0.650
 91 126 13 40 30  -0.384   0.499  -0.153   0.649
 91 126 13 41 30  -0.383   0.500  -0.167   0.652
 91 126 13 42 30  -0.375   0.515  -0.166   0.659
 91 126 13 43 30  -0.359   0.515  -0.183   0.654
 91 126 13 44 30  -0.349   0.533  -0.171   0.659
 91 126 13 45 30  -0.347   0.533  -0.166   0.658
 91 126 13 46 30  -0.335   0.531  -0.184   0.655
 91 126 13 47 30  -0.345   0.523  -0.177   0.651
 91 126 13 48 30  -0.361   0.522  -0.157   0.654
 91 126 13 49 30  -0.380   0.519  -0.122   0.655
 91 126 13 50 30  -0.395   0.514  -0.053   0.656
 91 126 13 51 30  -0.375   0.531  -0.039   0.652
 91 126 13 52 30  -0.363   0.542  -0.023   0.654
 91 126 13 53 30  -0.336   0.562   0.002   0.655
 91 126 13 54 30  -0.309   0.575   0.008   0.654
 91 126 13 55 30  -0.282   0.585  -0.003   0.650
 91 126 13 56 30  -0.330   0.559   0.091   0.656
 91 126 13 57 30  -0.312   0.570   0.098   0.658
 91 126 13 58 30  -0.330   0.568   0.077   0.663
 91 126 13 59 30  -0.342   0.549   0.092   0.654
 91 126 14 00 30  -0.324   0.556   0.106   0.654
 91 126 14 01 30  -0.342   0.538   0.154   0.656
 91 126 14 02 30  -0.383   0.524   0.112   0.662
 91 126 14 03 30  -0.379   0.524   0.118   0.659
 91 126 14 04 30  -0.312   0.554   0.177   0.662
 91 126 14 05 30  -0.294   0.538   0.220   0.654
 91 126 14 06 30  -0.315   0.511   0.233   0.645
 91 126 14 07 30  -0.297   0.448   0.338   0.638
 91 126 14 08 30  -0.379   0.469   0.206   0.638
 91 126 14 09 30  -0.317   0.531   0.116   0.633
 91 126 14 10 30  -0.289   0.502   0.197   0.615
 91 126 14 11 30  -0.275   0.480   0.264   0.614
 91 126 14 12 30  -0.172   0.426   0.372   0.595
 91 126 14 13 30  -0.130   0.389   0.430   0.598
 91 126 14 14 30  -0.107   0.362   0.459   0.595
 91 126 14 15 30  -0.099   0.403   0.429   0.598
 91 126 14 16 30  -0.090   0.388   0.436   0.591
 91 126 14 17 30  -0.107   0.397   0.420   0.588
 91 126 14 18 30  -0.033   0.374   0.471   0.605
 91 126 14 19 30  -0.003   0.355   0.501   0.616
 91 126 14 20 30  -0.009   0.376   0.478   0.610
 91 126 14 21 30  -0.013   0.385   0.449   0.592
 91 126 14 22 30  -0.042   0.408   0.469   0.625
 91 126 14 23 30  -0.013   0.377   0.519   0.642
 91 126 14 24 30  -0.019   0.363   0.537   0.649
 91 126 14 25 30  -0.049   0.384   0.526   0.654
 91 126 14 26 30  -0.044   0.328   0.559   0.651
 91 126 14 27 30  -0.075   0.337   0.556   0.655
 91 126 14 28 30  -0.070   0.306   0.574   0.656
 91 126 14 29 30  -0.107   0.385   0.473   0.646
 91 126 14 30 30  -0.220   0.468   0.382   0.646
 91 126 14 31 30  -0.167   0.476   0.411   0.651
 91 126 14 32 30  -0.138   0.469   0.425   0.648
 91 126 14 33 30  -0.184   0.475   0.410   0.655
 91 126 14 34 30  -0.227   0.475   0.389   0.656
 91 126 14 35 30  -0.209   0.470   0.406   0.660
 91 126 14 36 30  -0.156   0.473   0.441   0.665
 91 126 14 37 30  -0.169   0.467   0.433   0.660
 91 126 14 38 30  -0.166   0.462   0.442   0.661
 91 126 14 39 30  -0.194   0.388   0.496   0.662
 91 126 14 40 30  -0.215   0.389   0.491   0.663
 91 126 14 41 30  -0.202   0.321   0.542   0.663
 91 126 14 42 30  -0.190   0.270   0.572   0.661
 91 126 14 43 30  -0.229   0.241   0.583   0.671
 91 126 14 44 30  -0.272   0.259   0.557   0.673
 91 126 14 45 30  -0.299   0.217   0.561   0.672
 91 126 14 46 30  -0.239   0.187   0.573   0.661
 91 126 14 47 30  -0.071   0.317   0.554   0.644
 91 126 14 48 30  -0.090   0.346   0.536   0.645
 91 126 14 49 30  -0.121   0.312   0.544   0.640
 91 126 14 50 30  -0.140   0.253   0.579   0.650
 91 126 14 51 30  -0.091   0.290   0.574   0.650
 91 126 14 52 30  -0.081   0.289   0.578   0.651
 91 126 14 53 30  -0.075   0.305   0.579   0.659
 91 126 14 54 30  -0.060   0.328   0.563   0.655
 91 126 14 55 30  -0.050   0.322   0.561   0.650
 91 126 14 56 30  -0.044   0.320   0.553   0.641
 91 126 14 57 30  -0.009   0.362   0.532   0.644
 91 126 14 58 30  -0.036   0.250   0.579   0.640
 91 126 14 59 30  -0.031   0.236   0.600   0.647
 91 126 15 00 30  -0.017   0.163   0.583   0.614
 91 126 15 01 30  -0.002   0.090   0.605   0.613
 91 126 15 02 30   0.017   0.247   0.589   0.641
 91 126 15 03 30  -0.012   0.283   0.529   0.601
 91 126 15 04 30  -0.091   0.388   0.473   0.620
 91 126 15 05 30  -0.105   0.366   0.507   0.636
 91 126 15 06 30  -0.174   0.521   0.309   0.646
 91 126 15 07 30  -0.165   0.587   0.212   0.646
 91 126 15 08 30  -0.151   0.599   0.208   0.653
 91 126 15 09 30  -0.162   0.598   0.190   0.650
 91 126 15 10 30  -0.159   0.587   0.211   0.646
 91 126 15 11 30  -0.031   0.570   0.268   0.636
 91 126 15 12 30  -0.069   0.508   0.369   0.633
 91 126 15 13 30  -0.025   0.480   0.414   0.639
 91 126 15 14 30   0.013   0.345   0.536   0.646
 91 126 15 15 30  -0.239   0.534   0.227   0.628
 91 126 15 16 30  -0.241   0.496   0.270   0.615
 91 126 15 17 30  -0.188   0.476   0.306   0.600
 91 126 15 18 30  -0.135   0.460   0.359   0.600
 91 126 15 19 30  -0.148   0.441   0.382   0.603
 91 126 15 20 30  -0.165   0.488   0.323   0.608
 91 126 15 22 30  -0.206   0.569   0.180   0.636
 91 126 15 23 30  -0.223   0.601   0.182   0.668
 91 126 15 24 30  -0.243   0.614   0.129   0.679
 91 126 15 25 30  -0.231   0.618   0.204   0.691
 91 126 15 26 30  -0.249   0.625   0.158   0.692
 91 126 15 27 30  -0.290   0.620   0.130   0.698
 91 126 15 28 30  -0.295   0.626  -0.015   0.694
 91 126 15 29 30  -0.263   0.635   0.064   0.692
 91 126 15 30 30  -0.302   0.624   0.008   0.694
 91 126 15 31 30  -0.326   0.611  -0.003   0.694
 91 126 15 32 30  -0.325   0.615   0.017   0.696
 91 126 15 33 30  -0.331   0.615   0.030   0.699
 91 126 15 34 30  -0.322   0.623   0.042   0.702
 91 126 15 35 30  -0.304   0.626   0.046   0.698
 91 126 15 36 30  -0.329   0.617   0.053   0.702
 91 126 15 37 30  -0.330   0.614   0.042   0.699
 91 126 15 39 30  -0.305   0.618   0.084   0.694
 91 126 15 40 30  -0.297   0.624   0.086   0.696
 91 126 15 41 30  -0.290   0.636   0.064   0.702
 91 126 15 42 30  -0.311   0.631   0.066   0.707
 91 126 15 43 30  -0.330   0.620   0.080   0.707
 91 126 15 44 30  -0.319   0.618   0.080   0.701
 91 126 15 45 30  -0.289   0.632   0.083   0.700
 91 126 15 46 30  -0.274   0.640   0.076   0.700
 91 126 15 47 30  -0.309   0.626   0.080   0.703
 91 126 15 48 30  -0.316   0.615   0.090   0.698
 91 126 15 49 30  -0.309   0.625   0.076   0.701
 91 126 15 50 30  -0.294   0.631   0.074   0.700
 91 126 15 54 30  -0.298   0.615   0.124   0.694
 91 126 15 55 30  -0.304   0.619   0.094   0.697
 91 126 15 56 30  -0.280   0.613   0.149   0.692
 91 126 15 57 30  -0.281   0.614   0.150   0.692
 91 126 15 58 30  -0.296   0.609   0.139   0.692
 91 126 15 59 30  -0.305   0.616   0.104   0.696
 91 126 16 00 30  -0.298   0.628   0.050   0.697
 91 126 16 01 30  -0.314   0.621   0.058   0.698
 91 126 16 02 30  -0.306   0.626   0.061   0.700
 91 126 16 03 30  -0.322   0.621   0.062   0.702
 91 126 16 04 30  -0.311   0.629   0.080   0.707
 91 126 16 05 30  -0.308   0.637   0.067   0.711
 91 126 16 06 30  -0.293   0.645   0.033   0.709
 91 126 16 07 30  -0.337   0.624   0.027   0.710
 91 126 16 08 30  -0.354   0.620   0.016   0.714
 91 126 16 09 30  -0.347   0.618  -0.002   0.709
 91 126 16 10 30  -0.365   0.613  -0.009   0.714
 91 126 16 11 30  -0.352   0.636  -0.019   0.727
 91 126 16 12 30  -0.340   0.632  -0.020   0.720
 91 126 16 13 30  -0.305   0.638   0.086   0.713
 91 126 16 14 30  -0.312   0.622   0.046   0.698
 91 126 16 15 30  -0.238   0.599   0.192   0.674
 91 126 16 16 30  -0.260   0.573   0.186   0.657
 91 126 16 17 30  -0.242   0.586   0.135   0.649
 91 126 16 18 30  -0.240   0.598   0.087   0.651
 91 126 16 19 30  -0.227   0.474   0.376   0.658
 91 126 16 20 30  -0.180   0.418   0.431   0.645
 91 126 16 21 30  -0.247   0.515  -0.378   0.688
 91 126 16 22 30  -0.259   0.483  -0.409   0.685
 91 126 16 29 30  -0.186   0.578  -0.331   0.692
 91 126 16 30 30  -0.220   0.575  -0.310   0.695
 91 126 16 31 30  -0.196   0.574  -0.336   0.695
 91 126 16 32 30  -0.191   0.514  -0.409   0.692
 91 126 16 33 30  -0.219   0.491  -0.420   0.683
 91 126 16 34 30  -0.202   0.497  -0.414   0.678
 91 126 16 35 30  -0.227   0.535  -0.352   0.680
 91 126 16 36 30  -0.248   0.542  -0.326   0.680
 91 126 16 37 30  -0.278   0.566  -0.250   0.679
 91 126 16 38 30  -0.292   0.577  -0.203   0.680
 91 126 16 39 30  -0.279   0.589  -0.200   0.683
 91 126 16 40 30  -0.244   0.601  -0.213   0.683
 91 126 16 41 30  -0.252   0.591  -0.238   0.685
 91 126 16 42 30  -0.274   0.588  -0.235   0.690
 91 126 16 43 30  -0.282   0.597  -0.212   0.694
 91 126 16 44 30  -0.298   0.610  -0.163   0.698
 91 126 16 45 30  -0.219   0.643   0.026   0.700
 91 126 16 46 30  -0.237   0.648  -0.098   0.704
 91 126 16 47 30  -0.282   0.637  -0.128   0.711
 91 126 16 48 30  -0.250   0.584  -0.309   0.708
 91 126 16 49 30  -0.243   0.646  -0.134   0.705
 91 126 16 50 30  -0.262   0.615  -0.221   0.706
 91 126 16 51 30  -0.267   0.594  -0.285   0.711
 91 126 16 52 30  -0.259   0.547  -0.365   0.709
 91 126 16 53 30  -0.221   0.557  -0.376   0.708
 91 126 16 54 30  -0.232   0.521  -0.414   0.705
 91 126 16 55 30  -0.255   0.537  -0.383   0.708
 91 126 16 56 30  -0.219   0.528  -0.409   0.703
 91 126 16 57 30  -0.210   0.524  -0.416   0.701
 91 126 16 58 30  -0.208   0.568  -0.366   0.707
 91 126 16 59 30  -0.191   0.557  -0.394   0.708
 91 126 17 00 30  -0.219   0.556  -0.379   0.708
 91 126 17 01 30  -0.232   0.554  -0.376   0.709
 91 126 17 02 30  -0.245   0.559  -0.365   0.711
 91 126 17 03 30  -0.247   0.549  -0.379   0.712
 91 126 17 04 30  -0.276   0.464  -0.442   0.701
 91 126 17 05 30  -0.348   0.436  -0.429   0.705
 91 126 17 06 30  -0.252   0.416  -0.479   0.697
 91 126 17 07 30  -0.166   0.355  -0.564   0.687
 91 126 17 08 30  -0.147   0.370  -0.564   0.691
 91 126 17 09 30  -0.127   0.445  -0.526   0.701
 91 126 17 12 30  -0.076   0.374  -0.601   0.712
 91 126 17 13 30  -0.084   0.386  -0.598   0.717
 91 126 17 14 30  -0.132   0.394  -0.586   0.719
 91 126 17 15 30  -0.130   0.381  -0.585   0.710
 91 126 17 16 30  -0.130   0.373  -0.596   0.715
 91 126 17 17 30  -0.125   0.369  -0.601   0.717
 91 126 17 18 30  -0.107   0.360  -0.612   0.718
 91 126 17 19 30  -0.046   0.363  -0.598   0.702
 91 126 17 20 30  -0.041   0.342  -0.610   0.700
 91 126 17 21 30  -0.056   0.319  -0.617   0.697
 91 126 17 22 30  -0.190   0.378  -0.561   0.705
 91 126 17 23 30  -0.164   0.317  -0.635   0.730
 91 126 17 24 30  -0.115   0.258  -0.676   0.733
 91 126 17 25 30  -0.097   0.231  -0.684   0.729
 91 126 17 26 30  -0.192   0.306  -0.639   0.735
 91 126 17 27 30  -0.196   0.315  -0.631   0.733
 91 126 17 28 30  -0.207   0.330  -0.608   0.722
 91 126 17 29 30  -0.216   0.322  -0.615   0.729
 91 126 17 30 30  -0.206   0.291  -0.633   0.727
 91 126 17 31 30  -0.240   0.377  -0.559   0.716
 91 126 17 32 30  -0.253   0.443  -0.513   0.724
 91 126 17 33 30  -0.260   0.445  -0.507   0.725
 91 126 17 34 30  -0.217   0.516  -0.445   0.716
 91 126 17 35 30  -0.205   0.545  -0.421   0.719
 91 126 17 36 30  -0.188   0.550  -0.417   0.716
 91 126 17 37 30  -0.211   0.513  -0.453   0.718
 91 126 17 38 30  -0.240   0.514  -0.438   0.718
 91 126 17 39 30  -0.240   0.521  -0.426   0.715
 91 126 17 40 30  -0.259   0.514  -0.423   0.716
 91 126 17 41 30  -0.225   0.574  -0.363   0.720
 91 126 17 42 30  -0.204   0.580  -0.367   0.718
 91 126 17 43 30  -0.199   0.569  -0.395   0.723
 91 126 17 44 30  -0.149   0.523  -0.482   0.729
 91 126 17 45 30  -0.192   0.520  -0.475   0.731
 91 126 17 46 30  -0.215   0.519  -0.465   0.738
 91 126 17 47 30  -0.239   0.512  -0.485   0.745
 91 126 17 48 30  -0.231   0.536  -0.449   0.737
 91 126 17 49 30  -0.240   0.521  -0.465   0.738
 91 126 17 50 30  -0.242   0.505  -0.481   0.739
 91 126 17 51 30  -0.228   0.496  -0.498   0.741
 91 126 17 52 30  -0.167   0.560  -0.477   0.756
 91 126 17 53 30  -0.180   0.527  -0.524   0.765
 91 126 17 54 30  -0.270   0.353  -0.589   0.755
 91 126 17 55 30  -0.313   0.302  -0.608   0.749
 91 126 17 56 30  -0.197   0.378  -0.610   0.747
 91 126 17 57 30  -0.160   0.411  -0.605   0.749
 91 126 17 58 30  -0.167   0.418  -0.595   0.747
 91 126 17 59 30  -0.211   0.471  -0.544   0.751
 91 126 18 00 30  -0.221   0.486  -0.505   0.740
 91 126 18 01 30  -0.324   0.323  -0.585   0.749
 91 126 18 02 30  -0.419   0.228  -0.564   0.741
 91 126 18 03 30  -0.453   0.151  -0.560   0.739
 91 126 18 04 30  -0.447   0.143  -0.574   0.742
 91 126 18 05 30  -0.420   0.130  -0.588   0.736
 91 126 18 06 30  -0.432   0.064  -0.598   0.742
 91 126 18 07 30  -0.454   0.094  -0.581   0.745
 91 126 18 08 30  -0.432   0.071  -0.602   0.748
 91 126 18 09 30  -0.409   0.022  -0.611   0.737
 91 126 18 10 30  -0.392  -0.038  -0.630   0.745
 91 126 18 11 30  -0.360  -0.077  -0.638   0.738
 91 126 18 12 30  -0.362  -0.138  -0.640   0.750
 91 126 18 13 30  -0.385  -0.164  -0.625   0.753
 91 126 18 14 30  -0.403  -0.180  -0.609   0.754
 91 126 18 15 30  -0.419  -0.191  -0.599   0.757
 91 126 18 16 30  -0.438  -0.169  -0.596   0.761
 91 126 18 17 30  -0.453  -0.115  -0.604   0.767
 91 126 18 18 30  -0.461  -0.020  -0.567   0.768
 91 126 18 19 30  -0.268   0.685  -0.296   0.794
 91 126 18 20 30  -0.262   0.688  -0.285   0.791
 91 126 18 21 30  -0.241   0.706  -0.268   0.793
 91 126 18 22 30  -0.235   0.720  -0.244   0.796
 91 126 18 23 30  -0.273   0.713  -0.264   0.808
 91 126 18 24 30  -0.260   0.692  -0.275   0.789
 91 126 18 25 30  -0.274   0.680  -0.284   0.788
 91 126 18 26 30  -0.231   0.679  -0.310   0.783
 91 126 18 27 30  -0.204   0.680  -0.329   0.783
 91 126 18 28 30  -0.210   0.683  -0.334   0.789
 91 126 18 29 30  -0.211   0.695  -0.315   0.791
 91 126 18 30 30  -0.182   0.698  -0.320   0.790
 91 126 18 31 30  -0.187   0.683  -0.333   0.783
 91 126 18 32 30  -0.226   0.671  -0.333   0.783
 91 126 18 33 30  -0.174   0.680  -0.349   0.785
 91 126 18 34 30  -0.142   0.685  -0.352   0.783
 91 126 18 35 30  -0.169   0.700  -0.345   0.798
 91 126 18 36 30  -0.157   0.698  -0.344   0.794
 91 126 18 37 30  -0.135   0.701  -0.347   0.794
 91 126 18 38 30  -0.091   0.722  -0.325   0.798
 91 126 18 39 30  -0.174   0.701  -0.349   0.803
 91 126 18 40 30  -0.151   0.715  -0.335   0.804
 91 126 18 41 30  -0.122   0.702  -0.350   0.795
 91 126 18 42 30  -0.088   0.733  -0.290   0.794
 91 126 18 43 30  -0.131   0.734  -0.295   0.803
 91 126 18 44 30  -0.190   0.713  -0.273   0.789
 91 126 18 45 30  -0.354   0.643  -0.302   0.796
 91 126 18 46 30  -0.454   0.577  -0.307   0.797
 91 126 18 47 30  -0.499   0.547  -0.280   0.796
 91 126 18 48 30  -0.514   0.533  -0.274   0.790
 91 126 18 49 30  -0.612   0.407  -0.270   0.789
 91 126 18 50 30  -0.403   0.633  -0.229   0.785
 91 126 18 51 30  -0.406   0.629  -0.251   0.791
 91 126 18 52 30  -0.491   0.544  -0.275   0.785
 91 126 18 53 30  -0.560   0.435  -0.333   0.784
 91 126 18 54 30  -0.543   0.424  -0.380   0.788
 91 126 18 55 30  -0.486   0.512  -0.357   0.791
 91 126 18 56 30  -0.484   0.531  -0.330   0.791
 91 126 18 57 30  -0.509   0.504  -0.336   0.792
 91 126 18 58 30  -0.477   0.519  -0.337   0.782
 91 126 18 59 30  -0.459   0.545  -0.335   0.788
 91 126 19 00 30  -0.413   0.580  -0.349   0.795
 91 126 19 01 30  -0.458   0.530  -0.375   0.801
 91 126 19 02 30  -0.482   0.526  -0.348   0.796
 91 126 19 03 30  -0.569   0.388  -0.397   0.796
 91 126 19 04 30  -0.574   0.383  -0.379   0.789
 91 126 19 05 30  -0.507   0.461  -0.366   0.781
 91 126 19 06 30  -0.603   0.311  -0.406   0.792
 91 126 19 07 30  -0.502   0.491  -0.373   0.798
 91 126 19 08 30  -0.446   0.573  -0.343   0.804
 91 126 19 09 30  -0.494   0.543  -0.347   0.813
 91 126 19 10 30  -0.517   0.512  -0.367   0.815
 91 126 19 11 30  -0.546   0.484  -0.371   0.819
 91 126 19 12 30  -0.549   0.482  -0.375   0.821
 91 126 19 13 30  -0.522   0.497  -0.369   0.810
 91 126 19 14 30  -0.528   0.500  -0.381   0.821
 91 126 19 15 30  -0.519   0.474  -0.381   0.799
 91 126 19 16 30  -0.525   0.484  -0.397   0.817
 91 126 19 17 30  -0.528   0.480  -0.368   0.804
 91 126 19 18 30  -0.553   0.491  -0.353   0.820
 91 126 19 19 30  -0.577   0.434  -0.381   0.817
 91 126 19 20 30  -0.558   0.436  -0.409   0.821
 91 126 19 21 30  -0.529   0.518  -0.403   0.844
 91 126 19 22 30  -0.504   0.533  -0.395   0.834
 91 126 19 23 30  -0.488   0.530  -0.419   0.834
 91 126 19 24 30  -0.493   0.528  -0.400   0.826
 91 126 19 25 30  -0.493   0.538  -0.405   0.835
 91 126 19 26 30  -0.492   0.522  -0.390   0.817
 91 126 19 27 30  -0.502   0.522  -0.372   0.814
 91 126 19 28 30  -0.515   0.507  -0.385   0.819
 91 126 19 29 30  -0.507   0.503  -0.397   0.817
 91 126 19 30 30  -0.494   0.517  -0.395   0.817
 91 126 19 31 30  -0.498   0.509  -0.384   0.809
 91 126 19 32 30  -0.503   0.503  -0.386   0.809
 91 126 19 33 30  -0.515   0.478  -0.355   0.788
 91 126 19 34 30  -0.494   0.513  -0.356   0.797
 91 126 19 35 30  -0.484   0.567  -0.306   0.806
 91 126 19 36 30  -0.470   0.567  -0.309   0.799
 91 126 19 37 30  -0.469   0.534  -0.367   0.801
 91 126 19 38 30  -0.453   0.532  -0.417   0.814
 91 126 19 39 30  -0.452   0.534  -0.412   0.813
 91 126 19 40 30  -0.481   0.535  -0.380   0.814
 91 126 19 41 30  -0.493   0.594  -0.301   0.830
 91 126 19 42 30  -0.501   0.610  -0.310   0.849
 91 126 19 43 30  -0.523   0.585  -0.307   0.843
 91 126 19 44 30  -0.539   0.579  -0.285   0.841
 91 126 19 45 30  -0.563   0.569  -0.301   0.856
 91 126 19 46 30  -0.511   0.673  -0.179   0.865
 91 126 19 47 30  -0.481   0.688  -0.174   0.858
 91 126 19 48 30  -0.419   0.739  -0.138   0.862
 91 126 19 49 30  -0.395   0.755  -0.078   0.856
 91 126 19 50 30  -0.436   0.727  -0.128   0.859
 91 126 19 51 30  -0.468   0.711  -0.164   0.867
 91 126 19 52 30  -0.465   0.699  -0.150   0.853
 91 126 19 53 30  -0.445   0.704  -0.134   0.844
 91 126 19 54 30  -0.421   0.717  -0.126   0.841
 91 126 19 55 30  -0.428   0.717  -0.105   0.842
 91 126 19 56 30  -0.398   0.704  -0.080   0.813
 91 126 19 57 30  -0.427   0.716  -0.128   0.844
 91 126 19 58 30  -0.426   0.727  -0.114   0.851
 91 126 19 59 30  -0.411   0.720  -0.097   0.835
 91 126 20 00 30  -0.381   0.715  -0.083   0.815
 91 126 20 01 30  -0.366   0.719  -0.066   0.810
 91 126 20 02 30  -0.348   0.745  -0.035   0.823
 91 126 20 03 30  -0.333   0.749  -0.028   0.821
 91 126 20 04 30  -0.306   0.750  -0.088   0.815
 91 126 20 05 30  -0.318   0.762  -0.066   0.829
 91 126 20 06 30  -0.324   0.756  -0.119   0.832
 91 126 20 07 30  -0.328   0.747  -0.143   0.829
 91 126 20 08 30  -0.370   0.722  -0.057   0.817
 91 126 20 09 30  -0.329   0.745  -0.057   0.818
 91 126 20 10 30  -0.299   0.740   0.163   0.819
 91 126 20 11 30  -0.233   0.739   0.238   0.810
 91 126 20 12 30  -0.215   0.741   0.260   0.815
 91 126 20 13 30  -0.123   0.717   0.337   0.804
 91 126 20 14 30  -0.147   0.729   0.303   0.806
 91 126 20 15 30  -0.248   0.757   0.185   0.819
 91 126 20 16 30  -0.288   0.757   0.155   0.825
 91 126 20 17 30  -0.241   0.790   0.057   0.831
 91 126 20 18 30  -0.199   0.803   0.012   0.830
 91 126 20 19 30  -0.195   0.753   0.182   0.811
 91 126 20 20 30  -0.205   0.714   0.295   0.806
 91 126 20 21 30  -0.330   0.609   0.429   0.818
 91 126 20 22 30  -0.332   0.582   0.469   0.825
 91 126 20 23 30  -0.356   0.633   0.374   0.819
 91 126 20 24 30  -0.353   0.651  -0.073   0.811
 91 126 20 25 30  -0.358   0.617  -0.446   0.842
 91 126 20 26 30  -0.395   0.693  -0.324   0.862
 91 126 20 27 30  -0.391   0.735  -0.275   0.877
 91 126 20 28 30  -0.369   0.727  -0.300   0.869
 91 126 20 29 30  -0.359   0.709  -0.280   0.844
 91 126 20 30 30  -0.367   0.664  -0.354   0.838
 91 126 20 31 30  -0.356   0.677  -0.369   0.849
 91 126 20 32 30  -0.346   0.631  -0.425   0.836
 91 126 20 33 30  -0.335   0.648  -0.380   0.823
 91 126 20 34 30  -0.326   0.659  -0.400   0.837
 91 126 20 35 30  -0.319   0.690  -0.327   0.828
 91 126 20 36 30  -0.307   0.712  -0.319   0.840
 91 126 20 37 30  -0.380   0.653  -0.342   0.835
 91 126 20 38 30  -0.396   0.619  -0.395   0.834
 91 126 20 39 30  -0.411   0.641  -0.322   0.828
 91 126 20 40 30  -0.392   0.669  -0.305   0.834
 91 126 20 41 30  -0.392   0.697  -0.233   0.834
 91 126 20 42 30  -0.399   0.709  -0.200   0.838
 91 126 20 43 30  -0.407   0.712  -0.167   0.838
 91 126 20 44 30  -0.402   0.711  -0.157   0.832
 91 126 20 45 30  -0.423   0.679  -0.233   0.835
 91 126 20 46 30  -0.408   0.623  -0.343   0.822
 91 126 20 47 30  -0.405   0.714  -0.228   0.853
 91 126 20 48 30  -0.402   0.717  -0.205   0.847
 91 126 20 49 30  -0.375   0.718  -0.197   0.835
 91 126 20 50 30  -0.378   0.735  -0.137   0.838
 91 126 20 51 30  -0.389   0.733  -0.108   0.837
 91 126 20 52 30  -0.367   0.746  -0.080   0.836
 91 126 20 53 30  -0.355   0.752  -0.081   0.837
 91 126 20 54 30  -0.388   0.735  -0.101   0.839
 91 126 20 55 30  -0.399   0.727  -0.063   0.833
 91 126 20 56 30  -0.407   0.719  -0.080   0.830
 91 126 20 57 30  -0.380   0.741  -0.107   0.840
 91 126 20 58 30  -0.362   0.755  -0.150   0.851
 91 126 20 59 30  -0.369   0.764  -0.086   0.853
 91 126 21 00 30  -0.317   0.798  -0.052   0.860
 91 126 21 01 30  -0.298   0.806  -0.032   0.861
 91 126 21 02 30  -0.283   0.814  -0.055   0.864
 91 126 21 03 30  -0.270   0.821  -0.050   0.866
 91 126 21 04 30  -0.108   0.820  -0.262   0.876
 91 126 21 05 30  -0.122   0.821  -0.288   0.880
 91 126 21 06 30  -0.212   0.821  -0.249   0.884
 91 126 21 07 30  -0.175   0.819  -0.284   0.885
 91 126 21 08 30  -0.175   0.825  -0.253   0.882
 91 126 21 09 30  -0.194   0.848  -0.178   0.889
 91 126 21 10 30  -0.210   0.848  -0.168   0.890
 91 126 21 11 30  -0.247   0.847  -0.129   0.892
 91 126 21 12 30  -0.261   0.851   0.028   0.892
 91 126 21 13 30  -0.292   0.834   0.057   0.886
 91 126 21 14 30  -0.310   0.825   0.046   0.882
 91 126 21 15 30  -0.309   0.828   0.036   0.885
 91 126 21 16 30  -0.318   0.822   0.085   0.887
 91 126 21 17 30  -0.343   0.818   0.104   0.893
 91 126 21 18 30  -0.378   0.795  -0.096   0.889
 91 126 21 19 30  -0.392   0.789  -0.022   0.882
 91 126 21 20 30  -0.385   0.810   0.002   0.897
 91 126 21 21 30  -0.384   0.820  -0.020   0.906
 91 126 21 22 30  -0.384   0.826  -0.031   0.912
 91 126 21 23 30  -0.373   0.836  -0.053   0.917
 91 126 21 24 30  -0.395   0.826  -0.095   0.920
 91 126 21 25 30  -0.381   0.816  -0.131   0.910
 91 126 21 26 30  -0.368   0.824  -0.108   0.909
 91 126 21 27 30  -0.366   0.831  -0.111   0.915
 91 126 21 28 30  -0.364   0.830  -0.127   0.915
 91 126 21 29 30  -0.349   0.856  -0.054   0.926
 91 126 21 30 30  -0.329   0.880  -0.056   0.941
 91 126 21 31 30  -0.356   0.851  -0.045   0.925
 91 126 21 32 30  -0.435   0.767   0.080   0.886
 91 126 21 33 30  -0.422   0.788   0.037   0.896
 91 126 21 34 30  -0.397   0.813  -0.012   0.905
 91 126 21 35 30  -0.406   0.820  -0.020   0.915
 91 126 21 36 30  -0.423   0.823  -0.025   0.926
 91 126 21 37 30  -0.408   0.833  -0.006   0.928
 91 126 21 38 30  -0.410   0.830  -0.010   0.926
 91 126 21 39 30  -0.406   0.820  -0.001   0.915
 91 126 21 40 30  -0.380   0.845  -0.004   0.927
 91 126 21 41 30  -0.345   0.864   0.024   0.931
 91 126 21 42 30  -0.354   0.855   0.022   0.925
 91 126 21 43 30  -0.356   0.870   0.025   0.940
 91 126 21 44 30  -0.356   0.869   0.035   0.940
 91 126 21 45 30  -0.337   0.881   0.032   0.944
 91 126 21 46 30  -0.351   0.876   0.019   0.944
 91 126 21 47 30  -0.346   0.866   0.038   0.935
 91 126 21 48 30  -0.387   0.875  -0.033   0.958
 91 126 21 49 30  -0.429   0.842  -0.003   0.954
 91 126 21 50 30  -0.382   0.874   0.011   0.956
 91 126 21 51 30  -0.382   0.882  -0.012   0.962
 91 126 21 52 30  -0.382   0.881   0.008   0.962
 91 126 21 53 30  -0.372   0.885   0.027   0.961
 91 126 21 54 30  -0.370   0.890   0.038   0.965
 91 126 21 55 30  -0.361   0.896   0.022   0.966
 91 126 21 56 30  -0.375   0.886   0.035   0.964
 91 126 21 57 30  -0.380   0.888   0.038   0.967
 91 126 21 58 30  -0.407   0.884   0.087   0.977
 91 126 21 59 30  -0.382   0.855   0.237   0.972
 91 126 22 00 30  -0.248   0.832   0.391   0.964
 91 126 22 01 30  -0.247   0.793   0.464   0.956
 91 126 22 02 30  -0.290   0.844   0.407   0.982
 91 126 22 03 30  -0.268   0.830   0.382   0.952
 91 126 22 04 30  -0.257   0.812   0.398   0.940
 91 126 22 05 30  -0.278   0.798   0.417   0.943
 91 126 22 06 30  -0.313   0.759   0.444   0.934
 91 126 22 07 30  -0.254   0.768   0.430   0.917
 91 126 22 08 30  -0.232   0.746   0.477   0.918
 91 126 22 09 30  -0.298   0.735   0.457   0.920
 91 126 22 10 30  -0.258   0.765   0.399   0.907
 91 126 22 11 30  -0.192   0.845   0.265   0.910
 91 126 22 12 30  -0.201   0.826   0.303   0.915
 91 126 22 13 30  -0.215   0.846   0.316   0.930
 91 126 22 14 30  -0.244   0.823   0.358   0.931
 91 126 22 15 30  -0.213   0.840   0.292   0.916
 91 126 22 16 30  -0.201   0.845   0.293   0.917
 91 126 22 17 30  -0.174   0.849   0.300   0.917
 91 126 22 18 30  -0.205   0.861   0.256   0.922
 91 126 22 19 30  -0.179   0.874   0.251   0.929
 91 126 22 20 30  -0.232   0.852   0.286   0.930
 91 126 22 21 30  -0.256   0.835   0.308   0.927
 91 126 22 22 30  -0.288   0.832   0.308   0.933
 91 126 22 23 30  -0.329   0.810   0.348   0.941
 91 126 22 24 30  -0.311   0.812   0.349   0.938
 91 126 22 25 30  -0.276   0.811   0.351   0.927
 91 126 22 26 30  -0.326   0.783   0.392   0.935
 91 126 22 27 30  -0.349   0.770   0.389   0.931
 91 126 22 28 30  -0.461   0.700   0.411   0.935
 91 126 22 29 30  -0.540   0.621   0.454   0.940
 91 126 22 30 30  -0.545   0.632   0.441   0.945
 91 126 22 31 30  -0.551   0.597   0.498   0.955
 91 126 22 32 30  -0.538   0.573   0.531   0.949
 91 126 22 33 30  -0.561   0.559   0.520   0.948
 91 126 22 34 30  -0.532   0.554   0.550   0.945
 91 126 22 35 30  -0.528   0.565   0.528   0.938
 91 126 22 36 30  -0.514   0.611   0.469   0.926
 91 126 22 37 30  -0.498   0.611   0.486   0.926
 91 126 22 38 30  -0.531   0.616   0.469   0.939
 91 126 22 39 30  -0.546   0.623   0.456   0.946
 91 126 22 40 30  -0.521   0.629   0.457   0.936
 91 126 22 41 30  -0.510   0.644   0.451   0.938
 91 126 22 42 30  -0.451   0.692   0.428   0.931
 91 126 22 43 30  -0.420   0.713   0.415   0.926
 91 126 22 44 30  -0.422   0.693   0.456   0.931
 91 126 22 45 30  -0.414   0.694   0.452   0.927
 91 126 22 46 30  -0.461   0.659   0.481   0.939
 91 126 22 47 30  -0.423   0.702   0.449   0.935
 91 126 22 48 30  -0.406   0.689   0.469   0.929
 91 126 22 49 30  -0.438   0.703   0.439   0.942
 91 126 22 50 30  -0.368   0.747   0.421   0.935
 91 126 22 51 30  -0.361   0.766   0.378   0.929
 91 126 22 52 30  -0.365   0.764   0.369   0.924
 91 126 22 53 30  -0.362   0.737   0.435   0.930
 91 126 22 54 30  -0.400   0.697   0.456   0.925
 91 126 22 55 30  -0.382   0.699   0.461   0.920
 91 126 22 56 30  -0.359   0.694   0.484   0.919
 91 126 22 57 30  -0.344   0.702   0.483   0.920
 91 126 22 58 30  -0.355   0.688   0.502   0.923
 91 126 22 59 30  -0.344   0.702   0.488   0.922
 91 126 23 00 30  -0.351   0.685   0.505   0.921
 91 126 23 01 30  -0.382   0.721   0.425   0.924
 91 126 23 02 30  -0.374   0.728   0.437   0.931
 91 126 23 03 30  -0.365   0.782   0.358   0.935
 91 126 23 04 30  -0.367   0.776   0.346   0.926
 91 126 23 05 30  -0.373   0.742   0.393   0.920
 91 126 23 06 30  -0.349   0.757   0.408   0.929
 91 126 23 07 30  -0.330   0.769   0.424   0.938
 91 126 23 08 30  -0.322   0.772   0.416   0.934
 91 126 23 09 30  -0.324   0.763   0.408   0.924
 91 126 23 10 30  -0.308   0.737   0.442   0.913
 91 126 23 16 30  -0.312   0.745   0.495   0.948
 91 126 23 17 30  -0.346   0.730   0.467   0.934
 91 126 23 18 30  -0.339   0.730   0.466   0.931
 91 126 23 19 30  -0.404   0.536   0.603   0.914
 91 126 23 20 30  -0.417   0.432   0.664   0.896
 91 126 23 21 30  -0.392   0.467   0.648   0.890
 91 126 23 22 30  -0.390   0.460   0.651   0.888
 91 126 23 23 30  -0.374   0.457   0.664   0.890
 91 126 23 24 30  -0.340   0.512   0.640   0.888
 91 126 23 25 30  -0.317   0.493   0.662   0.885
 91 126 23 26 30  -0.340   0.477   0.666   0.887
 91 126 23 27 30  -0.328   0.489   0.645   0.874
 91 126 23 28 30  -0.335   0.499   0.638   0.877
 91 126 23 29 30  -0.280   0.436   0.696   0.874
 91 126 23 30 30  -0.308   0.459   0.672   0.871
 91 126 23 31 30  -0.312   0.481   0.644   0.863
 91 126 23 32 30  -0.282   0.567   0.602   0.874
 91 126 23 33 30  -0.294   0.552   0.609   0.873
 91 126 23 34 30  -0.268   0.543   0.622   0.868
 91 126 23 35 30  -0.244   0.559   0.613   0.865
 91 126 23 36 30  -0.250   0.561   0.624   0.875
 91 126 23 37 30  -0.210   0.563   0.631   0.871
 91 126 23 38 30  -0.211   0.545   0.638   0.865
 91 126 23 39 30  -0.186   0.565   0.631   0.867
 91 126 23 40 30  -0.171   0.558   0.644   0.870
 91 126 23 41 30  -0.186   0.537   0.658   0.870
 91 126 23 42 30  -0.175   0.556   0.643   0.868
 91 126 23 43 30  -0.159   0.535   0.651   0.858
 91 126 23 44 30  -0.143   0.514   0.667   0.855
 91 126 23 45 30  -0.092   0.493   0.679   0.845
 91 126 23 46 30  -0.031   0.396   0.738   0.847
 91 126 23 47 30   0.055   0.285   0.780   0.835
 91 126 23 48 30   0.143   0.366   0.721   0.824
 91 126 23 49 30   0.148   0.372   0.725   0.829
 91 126 23 50 30   0.090   0.392   0.731   0.838
 91 126 23 51 30   0.019   0.397   0.748   0.849
 91 126 23 52 30   0.105   0.366   0.761   0.859
 91 126 23 53 30   0.226   0.337   0.754   0.862
 91 126 23 54 30   0.368   0.266   0.727   0.863
 91 126 23 55 30   0.287   0.218   0.749   0.844
 91 126 23 56 30   0.098   0.356   0.750   0.842
 91 126 23 57 30  -0.013   0.460   0.722   0.857
 91 126 23 58 30   0.076   0.363   0.770   0.856
 91 126 23 59 30  -0.030   0.459   0.708   0.846
