 91 128 00 00 30  -0.244   0.255  -1.053   1.112
 91 128 00 01 30  -0.173   0.303  -1.050   1.108
 91 128 00 02 30  -0.163   0.339  -1.038   1.104
 91 128 00 03 30  -0.177   0.326  -1.040   1.105
 91 128 00 04 30  -0.219   0.235  -1.055   1.104
 91 128 00 05 30  -0.237   0.096  -1.068   1.100
 91 128 00 06 30  -0.272  -0.003  -1.059   1.095
 91 128 00 07 30  -0.268   0.032  -1.063   1.099
 91 128 00 08 30  -0.233   0.193  -1.050   1.094
 91 128 00 09 30  -0.211  -0.037  -1.056   1.096
 91 128 00 10 30  -0.322   0.328  -0.796   1.069
 91 128 00 11 30  -0.405   0.749  -0.606   1.048
 91 128 00 12 30  -0.388   0.660  -0.714   1.053
 91 128 00 13 30  -0.326   0.517  -0.850   1.054
 91 128 00 14 30  -0.326   0.436  -0.908   1.059
 91 128 00 15 30  -0.340   0.499  -0.876   1.064
 91 128 00 16 30  -0.296   0.528  -0.879   1.068
 91 128 00 17 30  -0.299   0.534  -0.860   1.057
 91 128 00 18 30  -0.288   0.620  -0.804   1.057
 91 128 00 19 30  -0.267   0.637  -0.797   1.058
 91 128 00 20 30  -0.378   0.597  -0.792   1.066
 91 128 00 21 30  -0.634   0.336  -0.781   1.072
 91 128 00 22 30  -0.755   0.199  -0.716   1.064
 91 128 00 23 30  -0.809   0.119  -0.673   1.080
 91 128 00 24 30  -0.974  -0.162  -0.476   1.097
 91 128 00 25 30  -0.952  -0.154  -0.517   1.096
 91 128 00 26 30  -0.962  -0.120  -0.528   1.107
 91 128 00 27 30  -0.993  -0.255  -0.410   1.108
 91 128 00 28 30  -0.965  -0.342  -0.438   1.119
 91 128 00 29 30  -1.021  -0.185  -0.377   1.108
 91 128 00 30 30  -0.967  -0.063  -0.499   1.096
 91 128 00 31 30  -0.934  -0.020  -0.577   1.103
 91 128 00 32 30  -1.039   0.066  -0.357   1.106
 91 128 00 33 30  -0.992   0.055  -0.464   1.101
 91 128 00 34 30  -1.002   0.107  -0.455   1.109
 91 128 00 35 30  -0.959   0.167  -0.490   1.098
 91 128 00 36 30  -0.885   0.334  -0.534   1.095
 91 128 00 37 30  -0.977   0.283  -0.387   1.090
 91 128 00 38 30  -1.011   0.257  -0.272   1.082
 91 128 00 39 30  -0.984   0.337  -0.267   1.079
 91 128 00 40 30  -0.912   0.473  -0.289   1.072
 91 128 00 41 30  -0.983   0.357  -0.213   1.076
 91 128 00 42 30  -0.970   0.402  -0.253   1.083
 91 128 00 43 30  -0.944   0.389  -0.311   1.069
 91 128 00 44 30  -0.991   0.287  -0.327   1.087
 91 128 00 45 30  -0.899   0.634  -0.142   1.112
 91 128 00 46 30  -1.018   0.352   0.009   1.082
 91 128 00 47 30  -1.034   0.198   0.242   1.088
 91 128 00 48 30  -1.004   0.363   0.254   1.099
 91 128 00 49 30  -1.044   0.310   0.127   1.105
 91 128 00 50 30  -0.867   0.537  -0.269   1.092
 91 128 00 51 30  -0.842   0.636  -0.226   1.084
 91 128 00 52 30  -0.841   0.644  -0.158   1.075
 91 128 00 53 30  -0.722   0.735  -0.225   1.056
 91 128 00 54 30  -0.785   0.647  -0.250   1.051
 91 128 00 55 30  -0.703   0.702  -0.295   1.044
 91 128 00 56 30  -0.972   0.394  -0.011   1.060
 91 128 00 57 30  -1.035   0.277  -0.066   1.076
 91 128 00 58 30  -1.019   0.317  -0.141   1.081
 91 128 00 59 30  -0.989   0.400  -0.154   1.080
 91 128 01 00 30  -0.998   0.393  -0.032   1.076
 91 128 01 01 30  -1.046   0.196   0.160   1.080
 91 128 01 02 30  -0.995   0.266   0.318   1.081
 91 128 01 03 30  -0.053   0.729  -0.538   1.017
 91 128 01 04 30  -0.147   0.789  -0.614   1.017
 91 128 01 05 30  -0.218   0.690  -0.690   1.017
 91 128 01 06 30  -0.161   0.877  -0.468   1.020
 91 128 01 07 30  -0.326   0.908  -0.267   1.009
 91 128 01 08 30  -0.267   0.844  -0.469   1.021
 91 128 01 09 30  -0.049   0.874  -0.499   1.018
 91 128 01 10 30   0.207   0.763  -0.645   1.024
 91 128 01 11 30   0.106   0.788  -0.555   1.017
 91 128 01 12 30   0.041   0.731  -0.646   1.016
 91 128 01 13 30  -0.004   0.688  -0.759   1.026
 91 128 01 14 30  -0.063   0.708  -0.738   1.027
 91 128 01 15 30  -0.064   0.703  -0.735   1.024
 91 128 01 16 30  -0.070   0.667  -0.761   1.016
 91 128 01 17 30  -0.126   0.689  -0.736   1.018
 91 128 01 18 30  -0.112   0.640  -0.772   1.012
 91 128 01 19 30  -0.100   0.585  -0.821   1.014
 91 128 01 20 30  -0.170   0.453  -0.892   1.016
 91 128 01 21 30  -0.142   0.411  -0.912   1.011
 91 128 01 22 30  -0.149   0.784  -0.503   1.001
 91 128 01 23 30  -0.115   0.915  -0.425   1.019
 91 128 01 24 30  -0.087   0.891  -0.495   1.025
 91 128 01 25 30  -0.039   0.699  -0.674   1.009
 91 128 01 26 30  -0.077   0.436  -0.885   0.993
 91 128 01 27 30  -0.114   0.524  -0.835   0.993
 91 128 01 28 30  -0.100   0.481  -0.865   0.996
 91 128 01 29 30  -0.212   0.453  -0.864   1.001
 91 128 01 30 30  -0.176   0.433  -0.881   1.000
 91 128 01 31 30  -0.169   0.427  -0.887   1.000
 91 128 01 32 30  -0.173   0.454  -0.882   1.007
 91 128 01 33 30  -0.415   0.569  -0.728   1.014
 91 128 01 34 30  -0.380   0.534  -0.776   1.017
 91 128 01 35 30  -0.348   0.556  -0.775   1.018
 91 128 01 36 30  -0.391   0.533  -0.775   1.020
 91 128 01 37 30  -0.412   0.524  -0.774   1.022
 91 128 01 38 30  -0.436   0.541  -0.742   1.017
 91 128 01 39 30  -0.376   0.564  -0.761   1.019
 91 128 01 40 30  -0.301   0.558  -0.796   1.019
 91 128 01 41 30  -0.253   0.571  -0.812   1.024
 91 128 01 42 30  -0.273   0.570  -0.807   1.025
 91 128 01 43 30  -0.287   0.589  -0.793   1.029
 91 128 01 44 30  -0.345   0.556  -0.784   1.022
 91 128 01 45 30  -0.321   0.578  -0.779   1.022
 91 128 01 46 30  -0.317   0.634  -0.735   1.023
 91 128 01 47 30  -0.262   0.663  -0.741   1.029
 91 128 01 48 30  -0.273   0.630  -0.776   1.037
 91 128 01 49 30  -0.289   0.669  -0.735   1.036
 91 128 01 50 30   0.012   0.487  -0.916   1.042
 91 128 01 51 30  -0.090   0.564  -0.867   1.040
 91 128 01 52 30  -0.187   0.545  -0.869   1.043
 91 128 01 53 30  -0.172   0.615  -0.824   1.043
 91 128 01 54 30  -0.099   0.686  -0.787   1.050
 91 128 01 55 30  -0.148   0.699  -0.765   1.047
 91 128 01 56 30  -0.214   0.662  -0.781   1.048
 91 128 01 57 30  -0.175   0.708  -0.762   1.058
 91 128 01 58 30  -0.218   0.678  -0.785   1.061
 91 128 01 59 30  -0.243   0.636  -0.810   1.059
 91 128 02 00 30  -0.285   0.604  -0.811   1.052
 91 128 02 01 30  -0.264   0.644  -0.783   1.049
 91 128 02 02 30  -0.250   0.639  -0.799   1.054
 91 128 02 03 30  -0.315   0.627  -0.794   1.061
 91 128 02 04 30  -0.334   0.600  -0.795   1.051
 91 128 02 05 30  -0.311   0.608  -0.798   1.051
 91 128 02 06 30  -0.382   0.558  -0.792   1.066
 91 128 02 07 30  -0.622   0.386  -0.774   1.067
 91 128 02 08 30  -0.409   0.622  -0.741   1.054
 91 128 02 09 30  -0.440   0.603  -0.731   1.046
 91 128 02 10 30  -0.007   0.955  -0.317   1.027
 91 128 02 11 30   0.175   0.960  -0.347   1.037
 91 128 02 12 30   0.178   0.954  -0.365   1.037
 91 128 02 13 30   0.080   0.937  -0.429   1.036
 91 128 02 14 30   0.076   0.944  -0.418   1.037
 91 128 02 15 30   0.054   0.927  -0.457   1.037
 91 128 02 16 30   0.060   0.920  -0.464   1.035
 91 128 02 17 30   0.114   0.936  -0.412   1.033
 91 128 02 18 30  -0.011   0.945  -0.419   1.040
 91 128 02 19 30   0.015   0.872  -0.535   1.033
 91 128 02 20 30   0.007   0.897  -0.484   1.025
 91 128 02 21 30   0.037   0.903  -0.497   1.035
 91 128 02 22 30   0.139   0.882  -0.510   1.033
 91 128 02 23 30   0.171   0.905  -0.447   1.025
 91 128 02 24 30   0.149   0.944  -0.394   1.036
 91 128 02 25 30   0.094   0.942  -0.434   1.043
 91 128 02 26 30   0.101   0.957  -0.404   1.044
 91 128 02 27 30   0.143   0.969  -0.374   1.049
 91 128 02 28 30   0.142   0.984  -0.334   1.049
 91 128 02 29 30   0.122   1.000  -0.300   1.052
 91 128 02 30 30   0.072   1.010  -0.283   1.052
 91 128 02 31 30   0.090   1.023  -0.235   1.054
 91 128 02 32 30   0.130   1.031  -0.176   1.055
 91 128 02 33 30   0.134   1.022  -0.205   1.051
 91 128 02 34 30   0.205   1.018  -0.125   1.049
 91 128 02 35 30   0.255   1.016  -0.047   1.050
 91 128 02 36 30   0.035   0.971  -0.258   1.036
 91 128 02 37 30  -0.144   0.905  -0.479   1.037
 91 128 02 38 30  -0.188   0.856  -0.499   1.022
 91 128 02 39 30  -0.152   0.862  -0.477   1.000
 91 128 02 40 30  -0.228   0.812  -0.544   1.005
 91 128 02 41 30   0.063   0.905  -0.301   1.021
 91 128 02 42 30   0.588   0.850   0.210   1.057
 91 128 02 43 30   0.168   1.015  -0.125   1.075
 91 128 02 44 30  -0.051   1.041  -0.278   1.081
 91 128 02 45 30  -0.046   1.040  -0.308   1.086
 91 128 02 46 30   0.073   1.002  -0.316   1.055
 91 128 02 47 30   0.047   0.974  -0.377   1.055
 91 128 02 48 30  -0.231   0.899  -0.521   1.065
 91 128 02 49 30   0.087   0.958  -0.378   1.043
 91 128 02 50 30   0.077   0.951  -0.402   1.036
 91 128 02 51 30  -0.066   0.935  -0.426   1.038
 91 128 02 52 30   0.106   0.985  -0.236   1.025
 91 128 02 53 30  -0.167   0.802  -0.473   1.031
 91 128 02 54 30  -0.358   0.593  -0.764   1.034
 91 128 02 55 30  -0.455   0.673  -0.616   1.026
 91 128 02 56 30  -0.361   0.642  -0.695   1.026
 91 128 02 57 30  -0.324   0.611  -0.757   1.029
 91 128 02 58 30  -0.386   0.676  -0.655   1.025
 91 128 02 59 30  -0.421   0.672  -0.653   1.030
 91 128 03 00 30  -0.430   0.592  -0.723   1.031
 91 128 03 01 30  -0.407   0.626  -0.697   1.026
 91 128 03 02 30  -0.372   0.601  -0.744   1.028
 91 128 03 03 30  -0.346   0.598  -0.761   1.029
 91 128 03 04 30  -0.379   0.590  -0.753   1.030
 91 128 03 05 30  -0.417   0.618  -0.706   1.028
 91 128 03 06 30  -0.432   0.569  -0.743   1.031
 91 128 03 07 30  -0.419   0.570  -0.757   1.037
 91 128 03 08 30  -0.414   0.673  -0.664   1.033
 91 128 03 09 30  -0.374   0.671  -0.705   1.043
 91 128 03 10 30  -0.334   0.719  -0.672   1.040
 91 128 03 11 30  -0.347   0.637  -0.744   1.041
 91 128 03 12 30  -0.354   0.711  -0.682   1.047
 91 128 03 13 30  -0.347   0.493  -0.845   1.044
 91 128 03 14 30  -0.446   0.631  -0.710   1.052
 91 128 03 15 30  -0.362   0.502  -0.848   1.052
 91 128 03 16 30  -0.244   0.414  -0.935   1.053
 91 128 03 17 30  -0.261   0.361  -0.952   1.055
 91 128 03 18 30  -0.345   0.670  -0.711   1.054
 91 128 03 19 30  -0.312   0.710  -0.716   1.057
 91 128 03 20 30  -0.313   0.703  -0.721   1.055
 91 128 03 21 30  -0.356   0.670  -0.729   1.054
 91 128 03 22 30  -0.397   0.626  -0.751   1.057
 91 128 03 23 30  -0.464   0.622  -0.720   1.060
 91 128 03 24 30  -0.403   0.597  -0.770   1.061
 91 128 03 25 30  -0.249   0.677  -0.758   1.048
 91 128 03 26 30  -0.242   0.726  -0.727   1.057
 91 128 03 27 30  -0.290   0.671  -0.761   1.057
 91 128 03 28 30  -0.355   0.603  -0.782   1.052
 91 128 03 29 30  -0.412   0.667  -0.707   1.057
 91 128 03 30 30  -0.383   0.612  -0.759   1.051
 91 128 03 31 30  -0.430   0.698  -0.649   1.051
 91 128 03 32 30  -0.459   0.653  -0.689   1.059
 91 128 03 33 30  -0.455   0.645  -0.703   1.059
 91 128 03 34 30  -0.472   0.646  -0.703   1.067
 91 128 03 35 30  -0.466   0.605  -0.746   1.068
 91 128 03 36 30  -0.590   0.484  -0.756   1.085
 91 128 03 37 30  -0.506   0.498  -0.791   1.075
 91 128 03 38 30  -0.389   0.644  -0.755   1.067
 91 128 03 39 30  -0.411   0.616  -0.774   1.075
 91 128 03 40 30  -0.367   0.686  -0.736   1.072
 91 128 03 41 30  -0.338   0.711  -0.726   1.072
 91 128 03 42 30  -0.342   0.752  -0.681   1.074
 91 128 03 43 30  -0.339   0.707  -0.729   1.073
 91 128 03 44 30  -0.309   0.739  -0.717   1.075
 91 128 03 45 30  -0.341   0.757  -0.683   1.077
 91 128 03 46 30  -0.353   0.793  -0.632   1.074
 91 128 03 47 30  -0.366   0.740  -0.681   1.071
 91 128 03 48 30  -0.397   0.713  -0.688   1.068
 91 128 03 49 30  -0.383   0.757  -0.644   1.066
 91 128 03 50 30  -0.391   0.721  -0.671   1.061
 91 128 03 51 30  -0.349   0.769  -0.648   1.064
 91 128 03 52 30  -0.339   0.818  -0.598   1.069
 91 128 03 53 30  -0.336   0.816  -0.599   1.067
 91 128 03 54 30  -0.319   0.838  -0.589   1.074
 91 128 03 55 30  -0.314   0.825  -0.623   1.080
 91 128 03 56 30  -0.284   0.842  -0.605   1.076
 91 128 03 57 30  -0.304   0.828  -0.626   1.082
 91 128 03 58 30  -0.389   0.807  -0.601   1.078
 91 128 03 59 30  -0.431   0.798  -0.583   1.080
 91 128 04 00 30  -0.445   0.804  -0.559   1.077
 91 128 04 01 30  -0.432   0.814  -0.568   1.083
 91 128 04 02 30  -0.454   0.754  -0.627   1.081
 91 128 04 03 30  -0.510   0.724  -0.620   1.082
 91 128 04 04 30  -0.466   0.770  -0.593   1.080
 91 128 04 05 30  -0.437   0.820  -0.551   1.081
 91 128 04 06 30  -0.432   0.800  -0.575   1.076
 91 128 04 07 30  -0.473   0.771  -0.584   1.078
 91 128 04 08 30  -0.451   0.790  -0.581   1.080
 91 128 04 09 30  -0.483   0.751  -0.613   1.086
 91 128 04 10 30  -0.437   0.744  -0.678   1.098
 91 128 04 11 30  -0.485   0.729  -0.659   1.098
 91 128 04 12 30  -0.497   0.703  -0.674   1.094
 91 128 04 13 30  -0.399   0.758  -0.655   1.092
 91 128 04 14 30  -0.275   0.830  -0.650   1.094
 91 128 04 15 30  -0.388   0.776  -0.656   1.089
 91 128 04 16 30  -0.432   0.747  -0.669   1.097
 91 128 04 17 30  -0.233   0.861  -0.626   1.094
 91 128 04 18 30  -0.222   0.858  -0.648   1.098
 91 128 04 19 30  -0.386   0.813  -0.639   1.106
 91 128 04 20 30  -0.410   0.797  -0.638   1.101
 91 128 04 21 30  -0.422   0.789  -0.632   1.098
 91 128 04 22 30  -0.395   0.834  -0.616   1.110
 91 128 04 23 30  -0.304   0.817  -0.685   1.109
 91 128 04 24 30  -0.283   0.836  -0.674   1.111
 91 128 04 25 30  -0.255   0.832  -0.692   1.113
 91 128 04 26 30  -0.267   0.819  -0.694   1.109
 91 128 04 27 30  -0.327   0.858  -0.620   1.109
 91 128 04 28 30  -0.325   0.876  -0.594   1.108
 91 128 04 29 30  -0.341   0.873  -0.599   1.112
 91 128 04 30 30  -0.342   0.878  -0.594   1.114
 91 128 04 31 30  -0.341   0.881  -0.590   1.115
 91 128 04 32 30  -0.355   0.895  -0.565   1.118
 91 128 04 33 30  -0.482   0.783  -0.607   1.110
 91 128 04 34 30  -0.275   0.926  -0.556   1.115
 91 128 04 35 30  -0.253   0.945  -0.536   1.117
 91 128 04 36 30  -0.461   0.743  -0.654   1.105
 91 128 04 37 30  -0.493   0.702  -0.694   1.106
 91 128 04 38 30  -0.580   0.620  -0.710   1.108
 91 128 04 39 30  -0.612   0.564  -0.740   1.114
 91 128 04 40 30  -0.645   0.525  -0.752   1.122
 91 128 04 41 30  -0.616   0.530  -0.772   1.123
 91 128 04 42 30  -0.658   0.410  -0.801   1.116
 91 128 04 43 30  -0.503   0.630  -0.691   1.100
 91 128 04 44 30  -0.275   0.916  -0.194   1.104
 91 128 04 45 30  -0.289   0.934   0.521   1.109
 91 128 04 46 30  -0.292   0.930   0.345   1.113
 91 128 04 47 30  -0.275   0.955  -0.491   1.108
 91 128 04 48 30  -0.251   0.954  -0.506   1.109
 91 128 04 49 30  -0.248   0.939  -0.526   1.105
 91 128 04 50 30  -0.249   0.952  -0.515   1.111
 91 128 04 51 30  -0.291   0.958  -0.495   1.117
 91 128 04 54 30  -0.271   0.889  -0.589   1.101
 91 128 04 55 30  -0.278   0.869  -0.611   1.103
 91 128 04 56 30  -0.240   0.906  -0.603   1.115
 91 128 04 57 30  -0.219   0.925  -0.594   1.122
 91 128 04 58 30  -0.245   0.947  -0.516   1.106
 91 128 04 59 30  -0.260   0.957  -0.486   1.104
 91 128 05 02 30  -0.283   0.942  -0.524   1.114
 91 128 05 03 30  -0.222   0.975  -0.480   1.110
 91 128 05 04 30  -0.208   0.986  -0.461   1.108
 91 128 05 05 30  -0.193   0.985  -0.469   1.109
 91 128 05 06 30  -0.177   1.007  -0.435   1.111
 91 128 05 07 30  -0.221   0.995  -0.444   1.112
 91 128 05 08 30  -0.214   1.008  -0.391   1.103
 91 128 05 09 30  -0.197   1.008  -0.394   1.100
 91 128 05 10 30  -0.182   1.037  -0.320   1.101
 91 128 05 11 30  -0.265   1.011  -0.358   1.107
 91 128 05 12 30  -0.123   1.037  -0.342   1.103
 91 128 05 14 30  -0.145   1.046  -0.301   1.099
 91 128 05 15 30  -0.140   1.062  -0.234   1.098
 91 128 05 16 30  -0.144   1.081  -0.192   1.107
 91 128 05 17 30  -0.148   1.080  -0.196   1.109
 91 128 05 18 30  -0.176   1.063  -0.240   1.105
 91 128 05 19 30  -0.179   1.060  -0.229   1.100
 91 128 05 20 30  -0.202   1.056  -0.256   1.106
 91 128 05 21 30  -0.203   1.051  -0.284   1.108
 91 128 05 22 30  -0.240   1.043  -0.286   1.109
 91 128 05 23 30  -0.213   1.038  -0.294   1.100
 91 128 05 26 30  -0.151   1.097  -0.150   1.117
 91 128 05 27 30  -0.234   1.074  -0.179   1.114
 91 128 05 28 30  -0.056   1.114  -0.144   1.128
 91 128 05 29 30  -0.027   1.131  -0.140   1.141
 91 128 05 30 30   0.018   1.157  -0.177   1.170
 91 128 05 31 30   0.066   1.146  -0.182   1.164
 91 128 05 32 30   0.091   1.142  -0.143   1.155
 91 128 05 33 30   0.118   1.170  -0.140   1.185
 91 128 05 34 30   0.130   1.180  -0.136   1.196
 91 128 05 35 30  -0.075   1.205  -0.071   1.216
 91 128 05 36 30  -0.244   1.199  -0.080   1.227
 91 128 05 37 30  -0.112   1.176  -0.132   1.226
 91 128 05 38 30   0.106   1.073  -0.441   1.166
 91 128 05 39 30   0.001   1.093  -0.375   1.158
 91 128 05 40 30  -0.055   1.121  -0.319   1.169
 91 128 05 41 30   0.154   1.137  -0.365   1.209
 91 128 05 42 30   0.177   1.142  -0.366   1.214
 91 128 05 43 30   0.055   1.159  -0.337   1.211
 91 128 05 44 30  -0.060   1.100  -0.424   1.182
 91 128 05 45 30  -0.099   1.037  -0.506   1.162
 91 128 05 46 30   0.009   1.207  -0.171   1.221
 91 128 05 47 30   0.080   1.224  -0.061   1.233
 91 128 05 48 30   0.094   1.226   0.011   1.231
 91 128 05 49 30   0.044   1.225   0.013   1.227
 91 128 05 50 30   0.007   1.213  -0.034   1.224
 91 128 05 51 30   0.147   1.208   0.066   1.221
 91 128 05 52 30   0.092   1.208   0.084   1.231
 91 128 05 53 30  -0.019   1.230  -0.024   1.233
 91 128 05 54 30   0.055   1.227  -0.175   1.243
 91 128 05 55 30   0.042   1.225  -0.196   1.242
 91 128 05 56 30   0.026   1.235  -0.182   1.249
 91 128 05 57 30   0.007   1.244  -0.168   1.256
 91 128 05 58 30   0.057   1.250  -0.070   1.254
 91 128 05 59 30   0.070   1.250  -0.038   1.253
 91 128 06 00 30   0.095   1.242   0.029   1.246
 91 128 06 01 30   0.129   1.244   0.014   1.251
 91 128 06 02 30   0.053   1.263  -0.032   1.265
 91 128 06 03 30   0.112   1.256  -0.015   1.262
 91 128 06 04 30   0.060   1.256  -0.081   1.262
 91 128 06 05 30   0.024   1.254  -0.136   1.262
 91 128 06 06 30  -0.020   1.260  -0.073   1.262
 91 128 06 07 30   0.043   1.257  -0.009   1.258
 91 128 06 08 30   0.099   1.256   0.044   1.261
 91 128 06 09 30   0.111   1.252   0.039   1.259
 91 128 06 10 30  -0.052   1.259  -0.028   1.261
 91 128 06 11 30   0.057   1.258   0.065   1.262
 91 128 06 12 30   0.002   1.263   0.031   1.264
 91 128 06 13 30  -0.024   1.263  -0.029   1.263
 91 128 06 14 30  -0.025   1.262  -0.039   1.264
 91 128 06 15 30  -0.024   1.259  -0.035   1.260
 91 128 06 16 30  -0.064   1.264  -0.052   1.267
 91 128 06 17 30  -0.090   1.258  -0.034   1.262
 91 128 06 18 30  -0.130   1.260  -0.033   1.268
 91 128 06 19 30  -0.106   1.260  -0.033   1.266
 91 128 06 20 30  -0.098   1.259  -0.031   1.264
 91 128 06 21 30  -0.058   1.258   0.008   1.260
 91 128 06 22 30  -0.010   1.258   0.038   1.260
 91 128 06 23 30  -0.053   1.261  -0.002   1.263
 91 128 06 24 30  -0.092   1.263   0.066   1.270
 91 128 06 25 30  -0.095   1.247   0.184   1.266
 91 128 06 26 30  -0.075   1.235   0.264   1.266
 91 128 06 27 30  -0.037   1.246   0.231   1.268
 91 128 06 28 30  -0.015   1.246   0.256   1.273
 91 128 06 29 30  -0.041   1.255   0.218   1.275
 91 128 06 30 30  -0.028   1.258   0.225   1.279
 91 128 06 31 30  -0.127   1.265   0.113   1.284
 91 128 06 32 30  -0.141   1.264   0.019   1.278
 91 128 06 33 30  -0.043   1.274   0.062   1.278
 91 128 06 34 30  -0.045   1.272  -0.041   1.278
 91 128 06 35 30  -0.104   1.259   0.155   1.275
 91 128 06 36 30  -0.100   1.260   0.142   1.272
 91 128 06 37 30  -0.086   1.258   0.220   1.280
 91 128 06 38 30  -0.080   1.263   0.215   1.284
 91 128 06 39 30  -0.066   1.262   0.220   1.283
 91 128 06 40 30  -0.079   1.255   0.259   1.284
 91 128 06 41 30  -0.065   1.255   0.285   1.288
 91 128 06 42 30  -0.054   1.260   0.252   1.287
 91 128 06 43 30  -0.086   1.250   0.292   1.287
 91 128 06 44 30  -0.079   1.266   0.227   1.290
 91 128 06 45 30  -0.116   1.265   0.279   1.301
 91 128 06 46 30  -0.131   1.270   0.209   1.297
 91 128 06 47 30  -0.213   1.263   0.118   1.289
 91 128 06 48 30  -0.231   1.262   0.053   1.285
 91 128 06 49 30  -0.270   1.249  -0.103   1.283
 91 128 06 50 30  -0.278   1.239  -0.137   1.278
 91 128 06 51 30  -0.307   1.215  -0.175   1.267
 91 128 06 52 30  -0.287   1.218  -0.216   1.270
 91 128 06 53 30  -0.294   1.209  -0.197   1.260
 91 128 06 54 30  -0.301   1.193  -0.157   1.241
 91 128 06 55 30  -0.321   1.193  -0.138   1.244
 91 128 06 56 30  -0.332   1.192  -0.127   1.245
 91 128 06 57 30  -0.382   0.968  -0.280   1.145
 91 128 06 58 30  -0.309   0.268  -0.956   1.121
 91 128 06 59 30  -0.335  -0.062  -1.028   1.084
 91 128 07 00 30  -0.324  -0.086  -0.996   1.054
 91 128 07 01 30  -0.374   0.042  -0.985   1.059
 91 128 07 02 30  -0.395   0.274  -0.946   1.062
 91 128 07 03 30  -0.381   0.446  -0.869   1.050
 91 128 07 04 30  -0.407   0.554  -0.801   1.058
 91 128 07 05 30  -0.372   0.644  -0.741   1.054
 91 128 07 06 30  -0.391   0.719  -0.627   1.032
 91 128 07 07 30  -0.334   0.957  -0.034   1.039
 91 128 07 08 30  -0.343   0.996   0.094   1.059
 91 128 07 09 30  -0.376   0.973   0.196   1.063
 91 128 07 10 30  -0.460   0.939  -0.085   1.073
 91 128 07 11 30  -0.423   0.692  -0.672   1.069
 91 128 07 12 30  -0.392   0.438  -0.908   1.085
 91 128 07 13 30  -0.388   0.501  -0.858   1.076
 91 128 07 14 30  -0.377   0.764  -0.643   1.071
 91 128 07 15 30  -0.345   0.662  -0.752   1.061
 91 128 07 16 30  -0.308   0.650  -0.781   1.067
 91 128 07 17 30  -0.277   0.676  -0.772   1.067
 91 128 07 18 30  -0.250   0.711  -0.758   1.070
 91 128 07 19 30  -0.200   0.767  -0.706   1.062
 91 128 07 20 30  -0.168   0.714  -0.749   1.051
 91 128 07 21 30  -0.194   0.751  -0.707   1.053
 91 128 07 22 30  -0.238   0.666  -0.759   1.059
 91 128 07 23 30  -0.214   0.775  -0.671   1.050
 91 128 07 24 30  -0.324   0.809  -0.593   1.057
 91 128 07 25 30  -0.316   0.810  -0.606   1.061
 91 128 07 26 30  -0.124   0.907  -0.492   1.053
 91 128 07 27 30  -0.162   0.912  -0.494   1.055
 91 128 07 28 30  -0.149   0.994  -0.269   1.049
 91 128 07 29 30  -0.098   1.042  -0.182   1.070
 91 128 07 30 30  -0.102   1.004  -0.313   1.057
 91 128 07 31 30  -0.112   1.015  -0.277   1.058
 91 128 07 36 30  -0.389   0.792  -0.668   1.106
 91 128 07 37 30  -0.409   0.771  -0.715   1.129
 91 128 07 38 30  -0.416   0.747  -0.865   1.217
 91 128 07 39 30  -0.397   0.815  -0.763   1.201
 91 128 07 40 30  -0.386   1.019  -0.431   1.177
 91 128 07 41 30  -0.403   1.067  -0.360   1.196
 91 128 07 42 30  -0.413   1.065  -0.399   1.210
 91 128 07 43 30  -0.406   1.055  -0.398   1.198
 91 128 07 44 30  -0.409   1.031  -0.403   1.181
 91 128 07 45 30  -0.423   1.054  -0.378   1.198
 91 128 07 46 30  -0.439   1.043  -0.350   1.184
 91 128 07 47 30  -0.349   0.983  -0.490   1.152
 91 128 07 48 30  -0.357   0.965  -0.507   1.148
 91 128 07 49 30  -0.358   0.976  -0.535   1.169
 91 128 07 50 30  -0.352   1.006  -0.502   1.179
 91 128 07 51 30  -0.369   1.018  -0.462   1.178
 91 128 07 52 30  -0.378   1.012  -0.465   1.176
 91 128 07 53 30  -0.388   1.015  -0.468   1.183
 91 128 07 54 30  -0.391   0.993  -0.500   1.179
 91 128 07 57 30  -0.367   0.927  -0.697   1.217
 91 128 07 58 30  -0.360   0.926  -0.691   1.211
 91 128 07 59 30  -0.411   0.989  -0.583   1.220
 91 128 08 00 30  -0.381   0.952  -0.668   1.225
 91 128 08 01 30  -0.352   0.976  -0.677   1.239
 91 128 08 02 30  -0.378   0.989  -0.657   1.247
 91 128 08 03 30  -0.381   0.982  -0.665   1.246
 91 128 08 04 30  -0.341   0.972  -0.708   1.251
 91 128 08 05 30  -0.324   0.988  -0.697   1.252
 91 128 08 06 30  -0.310   1.001  -0.687   1.253
 91 128 08 07 30  -0.293   0.978  -0.702   1.240
 91 128 08 08 30  -0.252   0.987  -0.672   1.221
 91 128 08 09 30  -0.236   0.961  -0.717   1.223
 91 128 08 10 30  -0.314   0.928  -0.755   1.237
 91 128 08 11 30  -0.294   0.986  -0.689   1.242
 91 128 08 12 30  -0.288   0.989  -0.664   1.226
 91 128 08 13 30  -0.323   1.008  -0.609   1.222
 91 128 08 14 30  -0.366   1.007  -0.565   1.211
 91 128 08 15 30  -0.394   0.990  -0.587   1.217
 91 128 08 16 30  -0.404   0.976  -0.603   1.217
 91 128 08 17 30  -0.390   0.996  -0.585   1.219
 91 128 08 18 30  -0.351   1.011  -0.580   1.218
 91 128 08 19 30  -0.364   1.024  -0.580   1.233
 91 128 08 20 30  -0.382   0.997  -0.632   1.241
 91 128 08 21 30  -0.391   1.000  -0.650   1.255
 91 128 08 22 30  -0.424   1.009  -0.612   1.254
 91 128 08 23 30  -0.448   1.023  -0.560   1.250
 91 128 08 24 30  -0.447   1.026  -0.534   1.240
 91 128 08 25 30  -0.426   1.032  -0.538   1.239
 91 128 08 26 30  -0.321   1.035  -0.647   1.264
 91 128 08 27 30  -0.351   1.002  -0.679   1.260
 91 128 08 28 30  -0.339   1.006  -0.669   1.256
 91 128 08 29 30  -0.380   1.002  -0.649   1.254
 91 128 08 30 30  -0.393   1.032  -0.607   1.260
 91 128 08 31 30  -0.403   1.024  -0.636   1.272
 91 128 08 32 30  -0.418   1.006  -0.624   1.256
 91 128 08 33 30  -0.424   0.999  -0.636   1.258
 91 128 08 34 30  -0.398   1.018  -0.624   1.259
 91 128 08 35 30  -0.358   1.025  -0.587   1.234
 91 128 08 36 30  -0.411   1.023  -0.592   1.251
 91 128 08 37 30  -0.374   1.051  -0.602   1.268
 91 128 08 38 30  -0.350   1.081  -0.586   1.278
 91 128 08 42 30  -0.363   1.083  -0.593   1.287
 91 128 08 43 30  -0.376   1.098  -0.585   1.300
 91 128 08 44 30  -0.382   1.112  -0.549   1.298
 91 128 08 45 30  -0.363   1.119  -0.536   1.292
 91 128 08 46 30  -0.392   1.130  -0.493   1.294
 91 128 08 47 30  -0.388   1.134  -0.507   1.301
 91 128 08 48 30  -0.404   1.137  -0.498   1.306
 91 128 08 49 30  -0.495   1.230  -0.509   1.420
 91 128 08 50 30  -0.512   1.181  -0.534   1.394
 91 128 08 51 30  -0.530   1.121  -0.546   1.355
 91 128 08 52 30  -0.542   1.049  -0.596   1.324
 91 128 08 53 30  -0.435   1.074  -0.542   1.281
 91 128 08 54 30  -0.430   0.996  -0.574   1.229
 91 128 08 55 30  -0.566   0.955  -0.611   1.269
 91 128 08 56 30  -0.636   0.921  -0.675   1.307
 91 128 08 57 30  -0.690   0.957  -0.674   1.359
 91 128 08 58 30  -0.700   0.914  -0.662   1.329
 91 128 08 59 30  -0.678   0.944  -0.594   1.306
 91 128 09 00 30  -0.711   0.905  -0.572   1.285
 91 128 09 01 30  -0.624   0.923  -0.618   1.275
 91 128 09 02 30  -0.672   0.882  -0.635   1.279
 91 128 09 03 30  -0.627   0.965  -0.612   1.304
 91 128 09 04 30  -0.674   0.999  -0.604   1.349
 91 128 09 05 30  -0.660   0.974  -0.519   1.287
 91 128 09 06 30  -0.648   0.942  -0.598   1.292
 91 128 09 07 30  -0.680   0.977  -0.564   1.317
 91 128 09 08 30  -0.715   0.952  -0.623   1.345
 91 128 09 09 30  -0.680   1.003  -0.581   1.345
 91 128 09 10 30  -0.692   1.021  -0.583   1.364
 91 128 09 11 30  -0.720   0.956  -0.574   1.328
 91 128 09 12 30  -0.765   0.956  -0.546   1.342
 91 128 09 13 30  -0.735   0.973  -0.513   1.324
 91 128 09 14 30  -0.752   0.953  -0.586   1.349
 91 128 09 15 30  -0.707   0.913  -0.693   1.350
 91 128 09 16 30  -0.723   0.896  -0.755   1.377
 91 128 09 17 30  -0.706   0.905  -0.712   1.352
 91 128 09 18 30  -0.705   0.931  -0.614   1.321
 91 128 09 19 30  -0.701   0.944  -0.647   1.345
 91 128 09 20 30  -0.740   0.941  -0.607   1.343
 91 128 09 21 30  -0.760   0.919  -0.537   1.311
 91 128 09 22 30  -0.683   1.034  -0.324   1.282
 91 128 09 23 30  -0.673   1.052  -0.335   1.293
 91 128 09 24 30  -0.712   1.005  -0.430   1.307
 91 128 09 25 30  -0.749   1.022  -0.292   1.302
 91 128 09 26 30  -0.666   1.067  -0.206   1.277
 91 128 09 27 30  -0.630   1.096  -0.199   1.289
 91 128 09 28 30  -0.617   1.056  -0.417   1.295
 91 128 09 29 30  -0.608   0.976  -0.548   1.278
 91 128 09 30 30  -0.705   0.933  -0.471   1.262
 91 128 09 31 30  -0.658   0.978  -0.446   1.261
 91 128 09 32 30  -0.648   1.005  -0.410   1.265
 91 128 09 33 30  -0.688   0.989  -0.385   1.265
 91 128 09 34 30  -0.659   1.004  -0.373   1.258
 91 128 09 35 30  -0.651   0.995  -0.414   1.259
 91 128 09 36 30  -0.644   0.974  -0.382   1.228
 91 128 09 37 30  -0.640   0.994  -0.338   1.230
 91 128 09 38 30  -0.675   1.019  -0.261   1.251
 91 128 09 39 30  -0.672   1.019  -0.287   1.255
 91 128 09 40 30  -0.641   1.054  -0.275   1.265
 91 128 09 41 30  -0.607   1.106  -0.255   1.290
 91 128 09 42 30  -0.702   1.054  -0.205   1.285
 91 128 09 43 30  -0.687   1.103  -0.117   1.305
 91 128 09 44 30  -0.664   1.131  -0.145   1.320
 91 128 09 45 30  -0.640   1.147  -0.187   1.329
 91 128 09 46 30  -0.659   1.149  -0.107   1.330
 91 128 09 47 30  -0.617   1.142  -0.125   1.305
 91 128 09 48 30  -0.623   1.127  -0.088   1.291
 91 128 09 49 30  -0.614   1.147  -0.047   1.303
 91 128 09 50 30  -0.640   1.135  -0.082   1.307
 91 128 09 51 30  -0.653   1.169  -0.045   1.340
 91 128 09 52 30  -0.657   1.140  -0.028   1.317
 91 128 09 53 30  -0.643   1.110  -0.043   1.284
 91 128 09 54 30  -0.620   1.123  -0.030   1.283
 91 128 09 55 30  -0.693   1.030   0.040   1.244
 91 128 09 56 30  -0.704   1.029   0.050   1.249
 91 128 09 57 30  -0.717   1.028   0.109   1.258
 91 128 09 58 30  -0.676   1.057   0.094   1.259
 91 128 09 59 30  -0.678   1.074   0.022   1.274
 91 128 10 00 30  -0.626   1.097   0.066   1.267
 91 128 10 01 30  -0.652   1.070   0.179   1.270
 91 128 10 02 30  -0.594   1.135   0.121   1.302
 91 128 10 03 30  -0.390   1.251  -0.208   1.334
 91 128 10 04 30  -0.313   1.284  -0.327   1.362
 91 128 10 05 30  -0.236   1.257  -0.377   1.335
 91 128 10 06 30  -0.178   1.289  -0.372   1.355
 91 128 10 07 30  -0.172   1.325  -0.449   1.411
 91 128 10 08 30  -0.299   1.314  -0.444   1.420
 91 128 10 09 30  -0.160   1.334  -0.365   1.396
 91 128 10 10 30  -0.304   1.435  -0.199   1.481
 91 128 10 11 30  -0.287   1.461  -0.299   1.520
 91 128 10 12 30  -0.400   1.690  -0.283   1.768
 91 128 10 13 30  -0.689   2.633  -0.079   2.729
 91 128 10 14 30  -0.794   2.607  -0.365   2.753
 91 128 10 15 30  -0.761   2.582  -0.292   2.714
 91 128 10 16 30  -0.739   2.644  -0.260   2.759
 91 128 10 17 30  -0.700   2.626  -0.144   2.730
 91 128 10 18 30  -0.734   2.570  -0.035   2.678
 91 128 10 21 30   0.793   1.603   1.929   2.647
 91 128 10 22 30   0.224   2.255   1.261   2.661
 91 128 10 23 30  -0.038   2.567   0.932   2.733
 91 128 10 26 30  -0.086   2.560   0.886   2.712
 91 128 10 27 30   0.030   2.530   0.793   2.653
 91 128 10 28 30   0.122   2.473   0.905   2.638
 91 128 10 29 30   0.196   2.490   0.969   2.681
 91 128 10 30 30   0.150   2.473   1.063   2.698
 91 128 10 31 30   0.201   2.433   1.046   2.665
 91 128 10 32 30   0.273   2.434   1.030   2.659
 91 128 10 33 30   0.149   2.440   0.891   2.604
 91 128 10 34 30   0.373   2.366   1.056   2.626
 91 128 10 35 30   0.353   2.403   1.014   2.635
 91 128 10 36 30   0.229   2.530   0.941   2.711
 91 128 10 37 30   0.345   2.590   1.053   2.819
 91 128 10 38 30   0.345   2.611   1.075   2.846
 91 128 10 39 30   0.221   2.589   0.826   2.729
 91 128 10 40 30   0.136   2.579   0.732   2.685
 91 128 10 41 30   0.323   2.603   0.903   2.797
 91 128 10 42 30   0.579   2.494   1.220   2.840
 91 128 10 43 30   0.697   2.347   1.380   2.815
 91 128 10 44 30   0.584   2.534   1.229   2.884
 91 128 10 45 30   0.437   2.637   1.233   2.947
 91 128 10 46 30   0.394   2.594   1.222   2.896
 91 128 10 47 30   0.406   2.618   1.239   2.928
 91 128 10 48 30   0.606   2.566   1.377   2.980
 91 128 10 49 30   0.749   2.326   1.477   2.874
 91 128 10 50 30   0.627   2.530   1.300   2.913
 91 128 10 51 30   0.607   2.546   1.297   2.927
 91 128 10 52 30   0.779   2.324   1.447   2.849
 91 128 10 53 30   0.878   2.292   1.555   2.908
 91 128 10 54 30   1.037   2.155   1.748   2.972
 91 128 10 55 30   1.091   2.072   1.847   2.985
 91 128 10 56 30   0.999   2.196   1.755   2.987
 91 128 10 57 30   1.102   2.021   1.821   2.940
 91 128 10 58 30   1.326   1.779   1.931   2.943
 91 128 10 59 30   1.183   1.890   1.936   2.957
 91 128 11 00 30   1.106   2.002   1.913   2.985
 91 128 11 01 30   1.222   1.974   1.870   2.983
 91 128 11 02 30   1.190   1.974   1.879   2.978
 91 128 11 03 30   1.224   1.837   1.988   2.971
 91 128 11 04 30   1.217   1.973   1.805   2.943
 91 128 11 05 30   1.195   2.006   1.753   2.925
 91 128 11 06 30   1.218   1.957   1.862   2.965
 91 128 11 07 30   1.236   1.861   1.943   2.963
 91 128 11 08 30   1.293   1.823   1.934   2.962
 91 128 11 09 30   1.314   1.722   2.045   2.980
 91 128 11 10 30   1.320   1.710   2.019   2.959
 91 128 11 11 30   1.343   1.759   1.888   2.912
 91 128 11 12 30   1.395   1.510   2.104   2.945
 91 128 11 13 30   1.462   1.497   2.163   3.011
 91 128 11 14 30   1.438   1.630   2.084   3.014
 91 128 11 15 30   1.493   1.457   2.231   3.059
 91 128 11 16 30   1.476   1.268   2.402   3.092
 91 128 11 17 30   1.409   1.214   2.504   3.124
 91 128 11 18 30   1.420   1.002   2.627   3.150
 91 128 11 19 30   1.324   0.861   2.704   3.134
 91 128 11 20 30   1.490   0.504   2.734   3.166
 91 128 11 21 30   1.394   0.437   2.777   3.158
 91 128 11 22 30   1.320   0.389   2.880   3.195
 91 128 11 23 30   1.204   0.468   2.938   3.213
 91 128 11 24 30   1.200   0.394   2.960   3.219
 91 128 11 25 30   1.260   0.253   2.976   3.245
 91 128 11 26 30   1.192   0.285   2.982   3.228
 91 128 11 27 30   1.179   0.190   3.046   3.275
 91 128 11 28 30   1.241   0.471   3.010   3.291
 91 128 11 29 30   1.211   0.697   3.002   3.313
 91 128 11 30 30   1.229   0.706   3.013   3.330
 91 128 11 31 30   1.254   0.842   2.969   3.334
 91 128 11 32 30   1.342   0.852   2.903   3.312
 91 128 11 33 30   1.304   0.892   2.879   3.286
 91 128 11 34 30   1.102   0.908   2.962   3.290
 91 128 11 35 30   1.087   0.918   2.978   3.302
 91 128 11 36 30   1.150   0.955   2.942   3.302
 91 128 11 37 30   1.078   0.920   3.014   3.331
 91 128 11 38 30   1.046   0.974   2.967   3.297
 91 128 11 39 30   1.158   1.303   2.697   3.212
 91 128 11 40 30   1.164   1.346   2.638   3.184
 91 128 11 41 30   1.160   1.446   2.545   3.151
 91 128 11 42 30   1.195   1.450   2.456   3.096
 91 128 11 43 30   1.141   1.409   2.461   3.058
 91 128 11 44 30   1.160   1.481   2.459   3.098
 91 128 11 45 30   1.200   1.430   2.525   3.141
 91 128 11 46 30   1.164   1.405   2.539   3.127
 91 128 11 47 30   1.161   1.609   2.392   3.112
 91 128 11 48 30   1.183   1.460   2.527   3.151
 91 128 11 49 30   1.168   1.469   2.511   3.136
 91 128 11 50 30   1.210   1.433   2.504   3.130
 91 128 11 51 30   1.202   1.444   2.505   3.131
 91 128 11 52 30   1.211   1.430   2.492   3.118
 91 128 11 53 30   1.228   1.452   2.435   3.090
 91 128 11 54 30   1.236   1.497   2.447   3.123
 91 128 11 55 30   1.285   1.428   2.426   3.095
 91 128 11 56 30   1.267   1.394   2.439   3.085
 91 128 11 57 30   1.387   1.352   2.468   3.138
 91 128 11 58 30   1.357   1.379   2.471   3.139
 91 128 11 59 30   1.325   1.366   2.442   3.096
 91 128 12 00 30   1.325   1.251   2.486   3.083
 91 128 12 01 30   1.330   1.272   2.491   3.099
 91 128 12 02 30   1.302   1.441   2.449   3.126
 91 128 12 03 30   1.338   1.385   2.475   3.137
 91 128 12 04 30   1.415   1.205   2.537   3.149
 91 128 12 05 30   1.418   1.464   2.383   3.136
 91 128 12 06 30   1.409   1.468   2.364   3.120
 91 128 12 07 30   1.332   1.613   2.257   3.081
 91 128 12 08 30   1.300   1.633   2.251   3.071
 91 128 12 09 30   1.345   1.590   2.207   3.035
 91 128 12 10 30   1.253   1.867   2.050   3.044
 91 128 12 11 30   1.239   1.885   2.023   3.031
 91 128 12 12 30   1.143   1.956   1.960   2.996
 91 128 12 13 30   1.158   1.957   1.972   3.010
 91 128 12 14 30   1.203   1.929   1.989   3.023
 91 128 12 15 30   1.295   1.811   2.070   3.040
 91 128 12 16 30   1.192   1.904   2.080   3.062
 91 128 12 17 30   1.200   1.804   2.167   3.065
 91 128 12 18 30   1.186   1.876   2.107   3.061
 91 128 12 19 30   1.078   2.183   1.714   2.982
 91 128 12 20 30   1.121   2.077   1.885   3.044
 91 128 12 21 30   1.353   1.451   2.461   3.162
 91 128 12 22 30   1.474   1.181   2.569   3.190
 91 128 12 23 30   1.486   1.106   2.587   3.184
 91 128 12 24 30   1.219   1.691   2.141   3.000
 91 128 12 25 30   1.096   1.825   2.134   3.017
 91 128 12 26 30   1.402   1.635   2.128   3.031
 91 128 12 27 30   1.418   1.677   2.075   3.022
 91 128 12 28 30   1.074   1.629   2.290   3.018
 91 128 12 29 30   0.966   1.532   2.381   2.993
 91 128 12 30 30   1.039   1.724   2.219   2.998
 91 128 12 31 30   1.093   1.698   2.235   3.014
 91 128 12 32 30   1.245   1.735   2.181   3.054
 91 128 12 33 30   1.266   1.643   2.235   3.051
 91 128 12 34 30   1.338   1.330   2.284   2.966
 91 128 12 35 30   1.349   1.387   2.278   2.993
 91 128 12 36 30   1.382   1.344   2.254   2.970
 91 128 12 37 30   1.422   1.404   2.223   2.997
 91 128 12 38 30   1.244   1.705   2.019   2.927
 91 128 12 39 30   1.289   1.648   2.052   2.935
 91 128 12 40 30   1.263   1.765   1.935   2.911
 91 128 12 41 30   1.173   1.843   2.016   2.974
 91 128 12 42 30   1.181   1.899   1.994   2.997
 91 128 12 43 30   1.155   1.931   2.026   3.029
 91 128 12 44 30   1.073   2.034   1.959   3.021
 91 128 12 45 30   1.101   2.035   1.917   3.005
 91 128 12 46 30   1.188   1.991   1.921   3.014
 91 128 12 47 30   1.237   1.850   1.973   2.976
 91 128 12 48 30   0.898   2.076   1.937   2.981
 91 128 12 49 30   0.861   2.112   1.902   2.973
 91 128 12 50 30   0.889   2.064   1.916   2.954
 91 128 12 51 30   0.906   2.017   2.014   2.992
 91 128 12 52 30   0.903   2.066   1.946   2.982
 91 128 12 53 30   1.056   2.167   1.706   2.960
 91 128 12 54 30   1.201   2.279   1.483   2.974
 91 128 12 55 30   1.096   2.420   1.221   2.928
 91 128 12 56 30   0.945   2.580   0.835   2.874
 91 128 12 57 30   0.966   2.592   0.838   2.891
 91 128 12 58 30   0.981   2.541   1.028   2.917
 91 128 12 59 30   0.966   2.449   1.284   2.933
 91 128 13 00 30   0.899   2.300   1.564   2.925
 91 128 13 01 30   1.003   2.224   1.616   2.927
 91 128 13 02 30   1.076   2.217   1.581   2.929
 91 128 13 03 30   1.035   2.197   1.536   2.889
 91 128 13 06 30   0.868   2.266   1.652   2.941
 91 128 13 07 30   0.805   2.345   1.547   2.923
 91 128 13 08 30   0.845   2.315   1.540   2.906
 91 128 13 10 30   1.138   2.140   1.666   2.959
 91 128 13 11 30   1.074   2.214   1.662   2.971
 91 128 13 12 30   0.965   2.313   1.616   2.985
 91 128 13 13 30   0.817   2.387   1.402   2.893
 91 128 13 14 30   0.836   2.254   1.502   2.837
 91 128 13 15 30   0.885   2.259   1.505   2.860
 91 128 13 16 30   0.917   2.366   1.394   2.897
 91 128 13 17 30   0.900   2.323   1.447   2.882
 91 128 13 18 30   0.833   2.367   1.391   2.869
 91 128 13 19 30   0.837   2.402   1.368   2.889
 91 128 13 20 30   0.846   2.398   1.408   2.907
 91 128 13 21 30   0.771   2.489   1.328   2.927
 91 128 13 22 30   0.812   2.531   1.248   2.938
 91 128 13 23 30   0.875   2.422   1.371   2.918
 91 128 13 24 30   0.854   2.474   1.258   2.907
 91 128 13 25 30   0.874   2.454   1.367   2.946
 91 128 13 26 30   0.781   2.484   1.479   2.995
 91 128 13 27 30   0.784   2.494   1.448   2.989
 91 128 13 29 30   0.771   2.548   1.434   3.024
 91 128 13 30 30   0.696   2.556   1.425   3.008
 91 128 13 31 30   0.758   2.505   1.391   2.966
 91 128 13 32 30   0.713   2.531   1.472   3.017
 91 128 13 33 30   0.689   2.413   1.644   3.002
 91 128 13 34 30   0.612   2.419   1.333   2.882
 91 128 13 35 30   0.444   2.302   1.202   2.749
 91 128 13 36 30  -0.548   2.484   0.069   2.583
 91 128 13 37 30  -0.734   2.674  -0.006   2.788
 91 128 13 38 30  -1.337   2.211  -0.919   2.757
 91 128 13 39 30  -1.650   1.607  -1.564   2.798
 91 128 13 40 30  -1.701   1.499  -1.545   2.743
 91 128 13 41 30  -1.722   1.583  -1.519   2.790
 91 128 13 42 30  -1.755   1.439  -1.699   2.836
 91 128 13 43 30  -1.701   1.498  -1.625   2.792
 91 128 13 44 30  -1.758   1.493  -1.735   2.886
 91 128 13 47 30  -1.942   1.269  -1.913   3.008
 91 128 13 48 30  -1.934   1.238  -1.914   2.991
 91 128 13 49 30  -1.965   1.356  -1.889   3.046
 91 128 13 50 30  -2.088   1.209  -2.041   3.165
 91 128 13 51 30  -2.101   1.244  -2.015   3.167
 91 128 13 52 30  -2.114   1.090  -2.066   3.153
 91 128 13 53 30  -2.171   1.058  -2.070   3.182
 91 128 13 54 30  -2.079   1.103  -2.101   3.158
 91 128 13 55 30  -2.116   1.015  -2.177   3.203
 91 128 13 56 30  -2.141   1.065  -2.140   3.209
 91 128 13 57 30  -2.178   0.980  -2.162   3.222
 91 128 13 58 30  -2.168   0.778  -2.032   3.215
 91 128 13 59 30  -2.066   0.970  -2.239   3.198
 91 128 14 06 30  -2.138   0.800  -2.243   3.201
 91 128 14 07 30  -2.117   0.815  -2.264   3.207
 91 128 14 08 30  -2.087   0.862  -2.259   3.195
 91 128 14 09 30  -2.052   0.931  -2.271   3.200
 91 128 14 10 30  -2.078   0.995  -2.237   3.212
 91 128 14 11 30  -2.070   0.994  -2.209   3.187
 91 128 14 12 30  -2.060   1.007  -2.192   3.173
 91 128 14 13 30  -2.036   0.933  -2.229   3.162
 91 128 14 14 30  -2.108   1.266  -1.906   3.130
 91 128 14 15 30  -2.069   1.268  -1.959   3.148
 91 128 14 16 30  -2.106   1.075  -2.121   3.180
 91 128 14 17 30  -2.115   0.961  -2.169   3.179
 91 128 14 18 30  -2.139   1.189  -2.066   3.204
 91 128 14 19 30  -2.086   1.081  -2.132   3.178
 91 128 14 20 30  -2.016   0.958  -2.263   3.180
 91 128 14 21 30  -2.017   0.986  -2.246   3.176
 91 128 14 22 30  -2.087   1.004  -2.182   3.182
 91 128 14 23 30  -2.094   1.031  -2.142   3.169
 91 128 14 24 30  -2.012   1.151  -2.153   3.164
 91 128 14 25 30  -2.041   1.174  -2.102   3.157
 91 128 14 26 30  -2.020   1.123  -2.093   3.119
 91 128 14 27 30  -2.013   1.441  -1.875   3.106
 91 128 14 28 30  -1.982   1.458  -1.830   3.068
 91 128 14 29 30  -1.850   1.529  -1.901   3.064
 91 128 14 30 30  -1.928   1.424  -1.835   3.022
 91 128 14 31 30  -1.726   1.826  -1.601   2.990
 91 128 14 32 30  -1.594   2.016  -1.525   2.989
 91 128 14 33 30  -1.490   2.080  -1.557   3.001
 91 128 14 34 30  -1.850   1.993  -1.261   3.000
 91 128 14 35 30  -1.775   1.972  -1.393   2.998
 91 128 14 36 30  -1.798   1.899  -1.552   3.042
 91 128 14 37 30  -1.793   1.943  -1.500   3.044
 91 128 14 38 30  -1.689   2.065  -1.437   3.034
 91 128 14 39 30  -1.723   1.998  -1.501   3.037
 91 128 14 40 30  -1.676   2.136  -1.334   3.026
 91 128 14 41 30  -1.652   2.222  -1.123   2.989
 91 128 14 42 30  -1.602   2.257  -1.120   2.986
 91 128 14 43 30  -1.535   2.376  -0.971   2.992
 91 128 14 44 30  -1.554   2.378  -0.954   2.998
 91 128 14 45 30  -1.380   2.508  -0.916   3.008
 91 128 14 46 30  -1.440   2.446  -0.867   2.969
 91 128 14 47 30  -1.418   2.500  -0.718   2.964
 91 128 14 48 30  -1.270   2.605  -0.551   2.953
 91 128 14 49 30  -1.177   2.657  -0.446   2.942
 91 128 14 50 30  -1.096   2.762  -0.245   2.984
 91 128 14 51 30  -1.155   2.735  -0.201   2.980
 91 128 14 52 30  -1.135   2.742  -0.178   2.974
 91 128 14 53 30  -1.128   2.728   0.013   2.954
 91 128 14 54 30  -1.100   2.746  -0.109   2.970
 91 128 14 55 30  -1.082   2.749  -0.316   2.972
 91 128 14 56 30  -1.065   2.744  -0.317   2.961
 91 128 14 57 30  -1.088   2.733  -0.318   2.960
 91 128 14 58 30  -1.234   2.648  -0.317   2.951
 91 128 14 59 30  -1.300   2.642  -0.349   2.970
 91 128 15 00 30  -1.294   2.650  -0.419   2.980
 91 128 15 01 30  -1.351   2.613  -0.419   2.972
 91 128 15 02 30  -1.126   2.725  -0.199   2.974
 91 128 15 03 30  -0.338   2.874   0.630   2.966
 91 128 15 04 30  -0.427   2.863   0.608   2.958
 91 128 15 05 30  -0.370   2.860   0.575   2.941
 91 128 15 06 30  -0.382   2.893   0.527   2.966
 91 128 15 07 30  -0.385   2.900   0.565   2.979
 91 128 15 08 30  -0.340   2.895   0.629   2.983
 91 128 15 09 30  -0.342   2.902   0.626   2.989
 91 128 15 10 30  -0.381   2.912   0.543   2.987
 91 128 15 11 30  -0.475   2.888   0.454   2.962
 91 128 15 12 30  -0.447   2.907   0.510   2.985
 91 128 15 13 30  -0.415   2.917   0.510   2.991
 91 128 15 14 30  -0.431   2.919   0.440   2.984
 91 128 15 15 30  -0.485   2.908   0.462   2.985
 91 128 15 16 30  -0.522   2.897   0.526   2.991
 91 128 15 17 30  -0.500   2.904   0.507   2.991
 91 128 15 18 30  -0.568   2.871   0.510   2.971
 91 128 15 19 30  -0.549   2.875   0.516   2.973
 91 128 15 20 30  -0.500   2.896   0.490   2.980
 91 128 15 21 30  -0.603   2.868   0.463   2.970
 91 128 15 22 30  -0.612   2.826   0.404   2.923
 91 128 15 23 30  -0.671   2.780   0.255   2.872
 91 128 15 24 30  -0.604   2.831   0.305   2.913
 91 128 15 25 30  -0.576   2.821   0.414   2.910
 91 128 15 26 30  -0.630   2.879   0.303   2.967
 91 128 15 27 30  -0.565   2.841   0.477   2.943
 91 128 15 28 30  -0.712   2.828   0.330   2.940
 91 128 15 29 30  -0.506   2.882   0.259   2.942
 91 128 15 30 30  -0.525   2.919   0.299   2.994
 91 128 15 31 30  -0.643   2.838   0.445   2.944
 91 128 15 33 30  -0.534   2.856   0.469   2.945
 91 128 15 34 30  -0.503   2.864   0.536   2.960
 91 128 15 35 30  -0.536   2.875   0.457   2.960
 91 128 15 36 30  -0.277   2.871   0.749   2.983
 91 128 15 37 30  -0.122   2.867   0.976   3.033
 91 128 15 38 30  -0.083   2.875   1.036   3.058
 91 128 15 39 30  -0.067   2.878   1.040   3.061
 91 128 15 40 30  -0.004   2.867   1.073   3.062
 91 128 15 41 30  -0.034   2.864   1.075   3.060
 91 128 15 42 30   0.028   2.863   1.081   3.061
 91 128 15 43 30   0.017   2.859   1.138   3.077
 91 128 15 44 30  -0.042   2.886   1.060   3.076
 91 128 15 45 30   0.048   2.834   1.102   3.042
 91 128 15 46 30   0.025   2.799   1.155   3.028
 91 128 15 47 30  -0.034   2.841   1.080   3.042
 91 128 15 48 30   0.111   2.807   1.131   3.029
 91 128 15 49 30   0.107   2.790   1.100   3.002
 91 128 15 50 30   0.096   2.752   1.055   2.950
 91 128 15 51 30   0.144   2.722   1.106   2.942
 91 128 15 52 30   0.182   2.707   1.138   2.943
 91 128 15 53 30   0.264   2.670   1.204   2.941
 91 128 15 54 30   0.256   2.643   1.274   2.947
 91 128 15 55 30   0.338   2.496   1.439   2.902
 91 128 15 56 30   0.417   2.416   1.521   2.886
 91 128 15 57 30   0.427   2.410   1.509   2.875
 91 128 15 58 30   0.419   2.412   1.506   2.875
 91 128 15 59 30   0.461   2.311   1.501   2.794
 91 128 16 00 30   0.521   2.224   1.547   2.760
 91 128 16 01 30   0.454   2.303   1.436   2.753
 91 128 16 02 30   0.385   2.322   1.415   2.746
 91 128 16 03 30   0.355   2.302   1.362   2.698
 91 128 16 04 30   0.572   2.079   1.628   2.707
 91 128 16 05 30   0.747   1.890   1.795   2.714
 91 128 16 06 30   0.831   1.793   1.899   2.742
 91 128 16 07 30   0.829   1.844   1.883   2.763
 91 128 16 08 30   0.819   1.905   1.884   2.803
 91 128 16 09 30   0.790   1.964   1.756   2.752
 91 128 16 10 30   0.789   2.009   1.637   2.709
 91 128 16 11 30   0.770   2.061   1.582   2.710
 91 128 16 12 30   0.735   2.092   1.633   2.758
 91 128 16 13 30   0.714   2.077   1.565   2.702
 91 128 16 14 30   0.666   1.966   1.644   2.649
 91 128 16 15 30   0.733   1.934   1.639   2.640
 91 128 16 16 30   0.646   1.987   1.470   2.559
 91 128 16 17 30   0.672   1.887   1.547   2.532
 91 128 16 18 30   0.649   1.775   1.453   2.388
 91 128 16 19 30   0.734   1.834   1.342   2.394
 91 128 16 20 30   0.199   2.043   1.063   2.337
 91 128 16 21 30   0.455   1.864   1.398   2.374
 91 128 16 22 30   0.613   1.798   1.521   2.435
 91 128 16 23 30   0.805   1.725   1.563   2.464
 91 128 16 29 30  -0.511   2.520   0.045   2.573
 91 128 16 30 30  -0.477   2.423   0.116   2.477
 91 128 16 31 30  -0.331   2.408   0.288   2.452
 91 128 16 32 30  -0.259   2.408   0.609   2.500
 91 128 16 33 30  -0.225   2.373   0.757   2.506
 91 128 16 34 30   0.018   2.215   0.898   2.406
 91 128 16 35 30   0.133   2.374   0.989   2.577
 91 128 16 36 30   0.017   2.068   1.283   2.479
 91 128 16 37 30  -0.177   1.900   1.334   2.345
 91 128 16 38 30   0.163   1.905   1.498   2.438
 91 128 16 39 30   0.229   1.805   1.500   2.374
 91 128 16 40 30  -0.228   1.676   1.501   2.278
 91 128 16 41 30   0.223   1.522   1.642   2.258
 91 128 16 42 30   0.457   1.738   1.718   2.492
 91 128 16 43 30   0.619   1.566   1.885   2.530
 91 128 16 44 30   0.756   1.550   1.986   2.634
 91 128 16 45 30   0.852   1.568   2.157   2.802
 91 128 16 46 30   0.917   1.376   2.128   2.699
 91 128 16 47 30   0.996   1.348   2.207   2.772
 91 128 16 48 30   0.975   1.381   2.185   2.764
 91 128 16 49 30   1.062   1.460   2.283   2.913
 91 128 16 50 30   1.259   1.485   2.329   3.036
 91 128 16 51 30   1.249   1.552   2.168   2.947
 91 128 16 52 30   1.224   1.420   2.298   2.966
 91 128 16 53 30   1.096   1.188   2.347   2.851
 91 128 16 54 30   1.294   1.401   2.264   2.976
 91 128 16 55 30   1.507   1.485   2.196   3.051
 91 128 16 56 30   1.679   1.383   2.165   3.071
 91 128 16 57 30   1.649   1.157   2.339   3.089
 91 128 16 58 30   1.797   1.252   2.185   3.094
 91 128 16 59 30   1.829   0.923   2.333   3.111
 91 128 17 00 30   1.965   0.696   2.249   3.081
 91 128 17 01 30   1.559   0.838   2.524   3.089
 91 128 17 02 30   1.852   0.617   2.416   3.108
 91 128 17 03 30   1.928   0.406   2.420   3.123
 91 128 17 04 30   1.931   0.288   2.450   3.133
 91 128 17 21 30   2.004  -0.111   2.314   3.063
 91 128 17 22 30   2.029  -0.124   2.296   3.068
 91 128 17 23 30   2.061  -0.103   2.252   3.055
 91 128 17 24 30   2.136  -0.093   2.188   3.060
 91 128 17 50 30   2.064  -0.290   2.564   3.304
 91 128 17 51 30   2.036  -0.254   2.582   3.298
 91 128 17 52 30   2.034  -0.226   2.577   3.293
 91 128 17 53 30   1.944  -0.171   2.653   3.294
 91 128 17 54 30   1.881  -0.158   2.701   3.296
 91 128 17 55 30   1.834  -0.123   2.739   3.299
 91 128 17 56 30   1.945  -0.149   2.662   3.302
 91 128 17 57 30   1.842  -0.218   2.738   3.308
 91 128 17 58 30   2.026  -0.215   2.601   3.306
 91 128 17 59 30   2.125  -0.290   2.502   3.296
 91 128 18 00 30   2.170  -0.237   2.467   3.296
 91 128 18 01 30   2.086  -0.245   2.539   3.301
 91 128 18 02 30   2.175  -0.381   2.410   3.272
 91 128 18 03 30   2.244  -0.538   2.329   3.279
 91 128 18 04 30   2.263  -0.629   2.283   3.276
 91 128 18 06 30   2.289  -0.478   2.432   3.374
 91 128 18 07 30   2.266  -0.556   2.435   3.372
 91 128 18 08 30   2.254  -0.608   2.436   3.375
 91 128 18 09 30   2.240  -0.524   2.479   3.382
 91 128 18 10 30   2.215  -0.459   2.511   3.380
 91 128 18 11 30   2.172  -0.402   2.561   3.383
 91 128 18 12 30   2.192  -0.342   2.549   3.384
 91 128 18 13 30   2.259  -0.600   2.444   3.384
 91 128 18 14 30   2.205  -0.462   2.514   3.378
 91 128 18 15 30   2.164  -0.363   2.564   3.376
 91 128 18 16 30   2.117  -0.297   2.611   3.375
 91 128 18 17 30   2.168  -0.478   2.462   3.316
 91 128 18 18 30   2.062  -0.313   2.443   3.213
 91 128 18 19 30   1.988  -0.270   2.443   3.162
 91 128 18 20 30   1.966  -0.314   2.424   3.137
 91 128 18 21 30   1.977  -0.336   2.404   3.131
 91 128 18 22 30   1.926  -0.272   2.463   3.140
 91 128 18 23 30   1.886  -0.153   2.494   3.132
 91 128 18 24 30   1.825  -0.105   2.527   3.120
 91 128 18 25 30   1.802  -0.014   2.535   3.111
 91 128 18 26 30   1.767  -0.033   2.582   3.130
 91 128 18 27 30   1.840  -0.043   2.625   3.206
 91 128 18 28 30   1.851   0.033   2.614   3.204
 91 128 18 29 30   1.770   0.065   2.665   3.200
 91 128 18 30 30   1.722   0.162   2.694   3.202
 91 128 18 31 30   1.707   0.198   2.696   3.198
 91 128 18 32 30   1.721   0.179   2.670   3.182
 91 128 18 33 30   1.737   0.102   2.663   3.182
 91 128 18 34 30   1.775   0.070   2.648   3.189
 91 128 18 35 30   1.722   0.143   2.702   3.208
 91 128 18 36 30   1.782   0.120   2.672   3.215
 91 128 18 37 30   1.798   0.108   2.678   3.228
 91 128 18 38 30   1.747   0.168   2.724   3.241
 91 128 18 39 30   1.685   0.121   2.680   3.168
 91 128 18 40 30   1.592  -0.029   2.464   2.942
 91 128 18 41 30   2.015  -0.412   2.240   3.044
 91 128 18 42 30   2.029  -0.704   1.922   2.905
 91 128 18 43 30   2.168  -1.119   1.563   2.901
 91 128 18 44 30   2.188  -1.241   1.384   2.872
 91 128 18 45 30   2.183  -1.261   1.352   2.861
 91 128 18 49 30   1.985  -1.739   1.226   2.922
 91 128 18 50 30   1.977  -1.802   1.308   2.978
 91 128 18 51 30   2.044  -1.623   1.398   2.963
 91 128 19 00 30   2.195  -0.726   2.310   3.269
 91 128 19 01 30   2.174  -0.723   2.306   3.251
 91 128 19 02 30   2.150  -0.720   2.288   3.221
 91 128 19 03 30   2.135  -0.715   2.304   3.222
 91 128 19 06 30   2.158  -0.668   2.332   3.246
 91 128 19 07 30   2.119  -0.677   2.362   3.244
 91 128 19 08 30   2.135  -0.634   2.354   3.241
 91 128 19 09 30   2.170  -0.615   2.336   3.248
 91 128 19 10 30   2.188  -0.610   2.321   3.247
 91 128 19 11 30   2.231  -0.661   2.290   3.265
 91 128 19 12 30   2.222  -0.764   2.286   3.278
 91 128 19 13 30   2.216  -0.722   2.305   3.279
 91 128 19 14 30   2.220  -0.768   2.277   3.272
 91 128 19 15 30   2.219  -0.824   2.266   3.277
 91 128 19 16 30   2.198  -0.866   2.270   3.277
 91 128 19 17 30   2.217  -0.843   2.237   3.261
 91 128 19 18 30   2.211  -0.825   2.238   3.252
 91 128 19 19 30   2.214  -0.903   2.209   3.256
 91 128 19 20 30   2.231  -0.974   2.174   3.264
 91 128 19 21 30   2.217  -1.025   2.153   3.256
 91 128 19 22 30   2.209  -1.104   2.122   3.257
 91 128 19 23 30   2.240  -1.191   2.075   3.278
 91 128 19 24 30   2.229  -1.236   2.047   3.269
 91 128 19 25 30   2.234  -1.240   2.047   3.274
 91 128 19 26 30   2.232  -1.253   2.032   3.269
 91 128 19 27 30   2.250  -1.229   2.036   3.274
 91 128 19 28 30   2.218  -1.264   2.072   3.288
 91 128 19 29 30   2.228  -1.269   2.055   3.286
 91 128 19 30 30   2.185  -1.258   2.054   3.252
 91 128 19 31 30   2.195  -1.266   2.039   3.253
 91 128 19 32 30   2.217  -1.251   2.011   3.245
 91 128 19 33 30   2.242  -1.259   1.976   3.244
 91 128 19 34 30   2.287  -1.280   1.909   3.244
 91 128 19 35 30   2.257  -1.347   1.912   3.251
 91 128 19 36 30   2.253  -1.328   1.929   3.251
 91 128 19 37 30   2.241  -1.416   1.863   3.241
 91 128 19 38 30   2.260  -1.468   1.784   3.234
 91 128 19 39 30   2.227  -1.506   1.788   3.229
 91 128 19 40 30   2.261  -1.413   1.820   3.229
 91 128 19 41 30   2.187  -1.364   1.940   3.227
 91 128 19 42 30   2.210  -1.234   2.017   3.238
 91 128 19 43 30   2.181  -1.037   2.161   3.245
 91 128 19 44 30   2.235  -0.870   2.225   3.272
 91 128 19 45 30   2.205  -0.913   2.263   3.289
 91 128 19 46 30   2.206  -0.876   2.276   3.289
 91 128 19 47 30   2.176  -0.765   2.339   3.285
 91 128 19 48 30   2.189  -0.671   2.356   3.286
 91 128 19 49 30   2.193  -0.630   2.379   3.296
 91 128 19 50 30   2.184  -0.616   2.388   3.295
 91 128 19 51 30   2.208  -0.709   2.324   3.283
 91 128 19 52 30   2.195  -0.708   2.333   3.281
 91 128 19 53 30   2.169  -0.765   2.324   3.270
 91 128 19 54 30   2.139  -0.861   2.319   3.271
 91 128 19 55 30   2.107  -0.986   2.294   3.268
 91 128 19 56 30   2.162  -1.074   2.210   3.273
 91 128 19 57 30   2.034  -1.281   2.108   3.203
 91 128 19 59 30   1.882  -1.179   2.230   3.149
 91 128 20 00 30   1.875  -1.345   2.143   3.150
 91 128 20 01 30   1.875  -1.359   2.154   3.163
 91 128 20 02 30   1.867  -1.313   2.175   3.155
 91 128 20 03 30   1.971  -1.280   2.187   3.211
 91 128 20 04 30   1.981  -1.319   2.159   3.214
 91 128 20 05 30   1.960  -1.370   2.132   3.214
 91 128 20 06 30   1.978  -1.342   2.120   3.200
 91 128 20 08 30   2.047  -0.757   2.309   3.178
 91 128 20 09 30   2.045  -0.806   2.308   3.187
 91 128 20 10 30   2.087  -0.813   2.286   3.202
 91 128 20 11 30   2.090  -0.934   2.242   3.208
 91 128 20 12 30   2.055  -1.052   2.240   3.217
 91 128 20 13 30   2.111  -0.908   2.259   3.224
 91 128 20 14 30   2.113  -0.842   2.257   3.207
 91 128 20 15 30   2.105  -0.940   2.254   3.225
 91 128 20 16 30   2.113  -0.875   2.283   3.232
 91 128 20 17 30   2.117  -0.834   2.317   3.247
 91 128 20 18 30   2.150  -0.825   2.286   3.246
 91 128 20 19 30   2.148  -0.859   2.288   3.256
 91 128 20 20 30   2.145  -0.814   2.313   3.258
 91 128 20 21 30   2.183  -0.886   2.251   3.260
 91 128 20 22 30   2.198  -0.843   2.261   3.265
 91 128 20 23 30   2.120  -0.527   2.416   3.262
 91 128 20 24 30   2.067  -0.147   2.498   3.253
 91 128 20 25 30   2.147   0.154   2.419   3.244
 91 128 20 26 30   2.242   0.418   2.329   3.261
 91 128 20 27 30   2.179   0.263   2.391   3.248
 91 128 20 28 30   2.204   0.142   2.372   3.245
 91 128 20 29 30   2.097  -0.295   2.447   3.243
 91 128 20 30 30   2.162  -0.255   2.393   3.238
 91 128 20 31 30   2.189  -0.315   2.344   3.223
 91 128 20 32 30   2.210  -0.427   2.311   3.227
 91 128 20 33 30   2.188  -0.512   2.293   3.211
 91 128 20 34 30   2.187  -0.568   2.273   3.206
 91 128 20 35 30   2.224  -0.628   2.205   3.197
 91 128 20 36 30   2.230  -1.386   1.687   3.131
 91 128 20 37 30   2.263  -1.445   1.569   3.111
 91 128 20 38 30   2.245  -1.382   1.680   3.128
 91 128 20 39 30   2.070  -1.652   1.598   3.110
 91 128 20 40 30   2.068  -1.371   1.843   3.097
 91 128 20 41 30   1.998  -1.779   1.546   3.105
 91 128 20 42 30   2.031  -1.610   1.712   3.108
 91 128 20 43 30   2.141  -1.570   1.605   3.105
 91 128 20 44 30   1.927  -1.765   1.702   3.120
 91 128 20 45 30   1.885  -1.828   1.705   3.131
 91 128 20 46 30   1.929  -1.819   1.709   3.155
 91 128 20 47 30   1.897  -1.935   1.595   3.145
 91 128 20 48 30   1.823  -1.949   1.532   3.080
 91 128 20 51 30   1.799  -1.849   1.683   3.082
 91 128 20 52 30   1.840  -1.871   1.575   3.061
 91 128 20 53 30   1.702  -1.969   1.587   3.050
 91 128 20 55 30   1.818  -1.892   1.600   3.074
 91 128 20 56 30   1.746  -1.901   1.682   3.081
 91 128 20 57 30   1.757  -1.908   1.669   3.085
 91 128 21 01 30   1.769  -1.777   1.768   3.068
 91 128 21 02 30   1.830  -1.760   1.760   3.091
 91 128 21 03 30   1.723  -1.853   1.780   3.100
 91 128 21 04 30   1.866  -1.719   1.745   3.086
 91 128 21 05 30   1.912  -1.679   1.713   3.069
 91 128 21 06 30   1.877  -1.842   1.608   3.084
 91 128 21 07 30   1.933  -2.083   1.174   3.102
 91 128 21 08 30   1.810  -2.385   0.744   3.102
 91 128 21 09 30   1.727  -2.434   0.795   3.101
 91 128 21 10 30   1.751  -2.444   0.615   3.078
 91 128 21 11 30   1.815  -2.346   0.856   3.088
 91 128 21 12 30   1.875  -2.353   0.775   3.108
 91 128 21 13 30   1.694  -2.498   0.648   3.090
 91 128 21 14 30   1.635  -2.538   0.579   3.074
 91 128 21 15 30   1.650  -2.511   0.598   3.064
 91 128 21 16 30   1.570  -2.565   0.651   3.077
 91 128 21 17 30   1.553  -2.567   0.672   3.074
 91 128 21 18 30   1.640  -2.510   0.540   3.052
 91 128 21 19 30   1.677  -2.511   0.517   3.064
 91 128 21 20 30   1.650  -2.516   0.495   3.050
 91 128 21 21 30   1.603  -2.544   0.546   3.058
 91 128 21 22 30   1.605  -2.563   0.426   3.054
 91 128 21 23 30   1.596  -2.552   0.277   3.026
 91 128 21 24 30   1.556  -2.627   0.022   3.054
 91 128 21 25 30   1.618  -2.569   0.012   3.040
 91 128 21 26 30   1.540  -2.583  -0.077   3.011
 91 128 21 27 30   1.531  -2.568  -0.030   2.991
 91 128 21 28 30   1.622  -2.291   0.361   2.845
 91 128 21 29 30   1.639  -2.184   0.478   2.773
 91 128 21 30 30   1.864  -1.784   0.987   2.822
 91 128 21 31 30   2.025  -1.502   1.450   2.909
 91 128 21 32 30   2.046  -1.461   1.460   2.908
 91 128 21 33 30   2.065  -1.401   1.495   2.909
 91 128 21 34 30   2.056  -1.388   1.535   2.917
 91 128 21 35 30   2.068  -1.409   1.482   2.909
 91 128 21 36 30   2.014  -1.453   1.470   2.886
 91 128 21 37 30   2.048  -1.319   1.520   2.874
 91 128 21 38 30   2.076  -1.384   1.419   2.873
 91 128 21 39 30   2.049  -1.391   1.389   2.840
 91 128 21 40 30   2.148  -1.332   1.554   2.967
 91 128 21 41 30   2.186  -1.375   1.580   3.028
 91 128 21 42 30   2.151  -1.389   1.576   3.007
 91 128 21 43 30   2.144  -1.404   1.629   3.037
 91 128 21 44 30   2.173  -1.411   1.614   3.053
 91 128 21 45 30   2.170  -1.417   1.622   3.058
 91 128 21 46 30   2.166  -1.408   1.616   3.048
 91 128 21 47 30   2.136  -1.455   1.561   3.021
 91 128 21 48 30   2.155  -1.197   1.595   2.939
 91 128 21 49 30   2.125  -1.126   1.599   2.888
 91 128 21 50 30   2.132  -1.205   1.586   2.919
 91 128 21 51 30   2.143  -1.235   1.571   2.932
 91 128 21 52 30   2.195  -1.192   1.588   2.960
 91 128 21 53 30   2.217  -1.125   1.617   2.966
 91 128 21 54 30   2.141  -1.147   1.595   2.906
 91 128 21 55 30   2.127  -1.290   1.573   2.945
 91 128 21 56 30   2.145  -1.323   1.571   2.970
 91 128 21 57 30   2.193  -1.352   1.539   3.001
 91 128 21 58 30   2.162  -1.310   1.542   2.962
 91 128 21 59 30   2.160  -1.346   1.591   3.002
 91 128 22 00 30   2.154  -1.340   1.599   3.001
 91 128 22 01 30   2.110  -1.727   1.365   3.051
 91 128 22 02 30   2.120  -1.746   1.341   3.057
 91 128 22 03 30   2.224  -1.693   1.214   3.052
 91 128 22 04 30   2.142  -1.751   1.328   3.073
 91 128 22 05 30   2.119  -1.773   1.381   3.090
 91 128 22 06 30   2.075  -1.746   1.481   3.091
 91 128 22 07 30   2.099  -1.734   1.415   3.072
 91 128 22 08 30   2.075  -2.017   1.068   3.085
 91 128 22 09 30   2.014  -2.076   1.037   3.074
 91 128 22 10 30   2.063  -2.102   1.115   3.150
 91 128 22 11 30   2.093  -2.112   1.155   3.191
 91 128 22 12 30   2.078  -2.260   1.162   3.284
 91 128 22 13 30   2.056  -2.330   1.042   3.278
 91 128 22 14 30   2.033  -2.336   1.079   3.280
 91 128 22 15 30   2.033  -2.352   1.014   3.271
 91 128 22 16 30   1.993  -2.409   0.968   3.274
 91 128 22 17 30   1.892  -2.483   0.970   3.271
 91 128 22 18 30   2.005  -2.381   0.983   3.264
 91 128 22 19 30   2.042  -2.289   1.028   3.236
 91 128 22 20 30   2.112  -2.158   1.052   3.199
 91 128 22 21 30   1.928  -2.327   0.900   3.158
 91 128 22 22 30   1.727  -2.496   0.793   3.140
 91 128 22 23 30   1.668  -2.520   0.860   3.149
 91 128 22 24 30   1.837  -2.352   1.029   3.158
 91 128 22 25 30   1.966  -2.178   1.094   3.133
 91 128 22 26 30   2.121  -1.914   1.252   3.120
 91 128 22 27 30   2.115  -1.890   1.312   3.129
 91 128 22 28 30   2.103  -1.988   1.191   3.137
 91 128 22 29 30   2.031  -2.143   1.010   3.123
 91 128 22 30 30   1.998  -2.203   1.014   3.148
 91 128 22 31 30   2.156  -1.810   1.484   3.185
 91 128 22 32 30   2.129  -1.904   1.380   3.172
 91 128 22 33 30   2.094  -2.004   1.304   3.179
 91 128 22 34 30   2.099  -2.042   1.299   3.204
 91 128 22 35 30   1.951  -2.192   1.296   3.209
 91 128 22 36 30   1.865  -2.308   1.212   3.206
 91 128 22 37 30   2.034  -2.167   1.132   3.183
 91 128 22 38 30   2.104  -2.112   1.120   3.186
 91 128 22 39 30   2.086  -2.077   1.147   3.161
 91 128 22 40 30   2.108  -2.052   1.173   3.173
 91 128 22 41 30   2.127  -2.092   1.172   3.206
 91 128 22 42 30   1.991  -2.325   0.945   3.206
 91 128 22 43 30   1.907  -2.389   0.872   3.179
 91 128 22 44 30   1.902  -2.422   0.833   3.190
 91 128 22 45 30   1.893  -2.403   0.803   3.163
 91 128 22 46 30   1.899  -2.373   0.798   3.142
 91 128 22 47 30   1.862  -2.431   0.723   3.149
 91 128 22 48 30   1.715  -2.597   0.280   3.140
 91 128 22 49 30   1.786  -2.519   0.573   3.141
 91 128 22 50 30   1.765  -2.503   0.622   3.126
 91 128 22 51 30   1.852  -2.481   0.635   3.160
 91 128 22 52 30   1.936  -2.432   0.646   3.175
 91 128 22 53 30   1.960  -2.369   0.704   3.155
 91 128 22 54 30   1.947  -2.366   0.731   3.152
 91 128 22 55 30   2.003  -2.353   0.666   3.161
 91 128 22 56 30   2.127  -2.229   0.632   3.148
 91 128 22 57 30   1.985  -2.369   0.612   3.159
 91 128 22 58 30   1.970  -2.328   0.863   3.172
 91 128 22 59 30   1.919  -2.406   0.900   3.212
 91 128 23 00 30   1.772  -2.532   0.670   3.168
 91 128 23 01 30   1.501  -2.701   0.352   3.117
 91 128 23 02 30   1.627  -2.639   0.289   3.118
 91 128 23 03 30   1.765  -2.475   0.687   3.117
 91 128 23 07 30   1.540  -2.857   0.239   3.255
 91 128 23 08 30   1.653  -2.803   0.348   3.274
 91 128 23 09 30   1.669  -2.813   0.319   3.287
 91 128 23 11 30   1.522  -2.889   0.152   3.269
 91 128 23 12 30   1.508  -2.905   0.141   3.276
 91 128 23 13 30   1.357  -2.976   0.023   3.272
 91 128 23 14 30   1.403  -2.938   0.049   3.256
 91 128 23 15 30   1.319  -2.959   0.051   3.241
 91 128 23 16 30   1.356  -2.941   0.181   3.251
 91 128 23 17 30   1.353  -2.948   0.085   3.245
 91 128 23 18 30   1.402  -2.929   0.186   3.254
 91 128 23 19 30   1.277  -2.979   0.036   3.242
 91 128 23 20 30   1.300  -2.991   0.077   3.262
 91 128 23 21 30   1.378  -2.956   0.116   3.264
 91 128 23 22 30   1.354  -2.961   0.127   3.259
 91 128 23 23 30   1.436  -2.916   0.215   3.258
 91 128 23 24 30   1.441  -2.891   0.220   3.238
 91 128 23 25 30   1.204  -3.004  -0.007   3.244
 91 128 23 26 30   1.145  -3.044  -0.068   3.256
 91 128 23 27 30   1.412  -2.949   0.201   3.277
 91 128 23 28 30   1.269  -3.014   0.137   3.275
 91 128 23 29 30   1.321  -2.965   0.008   3.248
 91 128 23 30 30   1.189  -3.015  -0.058   3.244
 91 128 23 31 30   1.077  -3.070  -0.102   3.256
 91 128 23 32 30   1.042  -3.069  -0.102   3.243
 91 128 23 33 30   1.022  -3.092  -0.098   3.258
 91 128 23 34 30   1.058  -3.081  -0.118   3.260
 91 128 23 35 30   1.105  -3.055  -0.162   3.254
 91 128 23 36 30   1.031  -3.095  -0.129   3.265
 91 128 23 37 30   1.082  -3.072  -0.074   3.259
 91 128 23 38 30   1.097  -3.065  -0.048   3.256
 91 128 23 39 30   1.049  -3.075  -0.073   3.250
 91 128 23 40 30   1.084  -3.049  -0.091   3.237
 91 128 23 41 30   1.085  -3.051  -0.060   3.239
 91 128 23 42 30   1.056  -3.066  -0.076   3.243
 91 128 23 43 30   1.062  -3.073  -0.075   3.252
 91 128 23 44 30   1.046  -3.071  -0.071   3.245
 91 128 23 45 30   0.998  -3.072  -0.110   3.233
 91 128 23 46 30   1.089  -3.045  -0.009   3.234
 91 128 23 47 30   1.096  -3.045  -0.109   3.238
 91 128 23 48 30   1.117  -3.040  -0.033   3.239
 91 128 23 49 30   1.135  -3.048   0.061   3.254
 91 128 23 50 30   1.028  -3.080  -0.030   3.249
 91 128 23 51 30   1.007  -3.079  -0.094   3.243
 91 128 23 52 30   0.992  -3.057  -0.137   3.218
 91 128 23 53 30   1.076  -3.019  -0.096   3.207
 91 128 23 54 30   1.043  -3.004  -0.051   3.180
 91 128 23 55 30   1.068  -2.994  -0.047   3.181
 91 128 23 56 30   1.014  -3.016  -0.082   3.183
 91 128 23 57 30   1.084  -3.000  -0.124   3.194
 91 128 23 58 30   1.024  -3.028  -0.102   3.199
 91 128 23 59 30   0.973  -3.036  -0.156   3.193
