 91 129 00 00 30   1.027  -3.038  -0.055   3.208
 91 129 00 01 30   1.017  -3.050  -0.145   3.218
 91 129 00 02 30   1.039  -3.047  -0.117   3.222
 91 129 00 03 30   1.051  -3.050  -0.117   3.229
 91 129 00 04 30   0.998  -3.067  -0.121   3.228
 91 129 00 05 30   1.012  -3.065  -0.101   3.230
 91 129 00 06 30   1.119  -3.032  -0.048   3.233
 91 129 00 07 30   1.061  -3.042  -0.073   3.223
 91 129 00 08 30   1.102  -3.029  -0.028   3.225
 91 129 00 09 30   0.966  -3.085  -0.092   3.235
 91 129 00 10 30   1.103  -3.042  -0.016   3.237
 91 129 00 11 30   1.216  -2.990   0.085   3.230
 91 129 00 12 30   1.135  -3.017   0.025   3.224
 91 129 00 13 30   0.894  -3.078  -0.352   3.228
 91 129 00 14 30   0.761  -3.105  -0.438   3.227
 91 129 00 15 30   0.739  -3.120  -0.445   3.237
 91 129 00 16 30   0.737  -3.104  -0.461   3.224
 91 129 00 17 30   0.716  -3.135  -0.362   3.236
 91 129 00 18 30   0.724  -3.159  -0.331   3.258
 91 129 00 19 30   0.725  -3.155  -0.307   3.252
 91 129 00 20 30   0.705  -3.173  -0.323   3.267
 91 129 00 21 30   0.709  -3.186  -0.323   3.281
 91 129 00 22 30   0.709  -3.175  -0.257   3.263
 91 129 00 23 30   0.722  -3.162  -0.228   3.252
 91 129 00 24 30   0.725  -3.163  -0.241   3.254
 91 129 00 25 30   0.733  -3.169  -0.264   3.263
 91 129 00 26 30   0.787  -3.166  -0.207   3.269
 91 129 00 27 30   0.801  -3.161  -0.184   3.267
 91 129 00 28 30   0.734  -3.148  -0.209   3.239
 91 129 00 29 30   0.752  -3.148  -0.244   3.245
 91 129 00 30 30   0.735  -3.154  -0.173   3.243
 91 129 00 31 30   0.705  -3.155  -0.153   3.237
 91 129 00 32 30   0.705  -3.150  -0.181   3.233
 91 129 00 33 30   0.753  -3.134  -0.187   3.229
 91 129 00 34 30   0.761  -3.141  -0.205   3.239
 91 129 00 35 30   1.144  -2.998   0.186   3.235
 91 129 00 36 30   1.416  -2.822   0.438   3.188
 91 129 00 37 30   1.423  -2.814   0.412   3.181
 91 129 00 38 30   1.426  -2.771   0.491   3.156
 91 129 00 39 30   1.407  -2.805   0.438   3.171
 91 129 00 40 30   1.425  -2.835   0.430   3.204
 91 129 00 41 30   1.456  -2.799   0.440   3.186
 91 129 00 42 30   1.452  -2.788   0.543   3.191
 91 129 00 43 30   1.505  -2.746   0.594   3.188
 91 129 00 44 30   1.549  -2.707   0.659   3.188
 91 129 00 45 30   1.571  -2.674   0.730   3.188
 91 129 00 46 30   1.690  -2.633   0.668   3.201
 91 129 00 47 30   1.729  -2.541   0.791   3.174
 91 129 00 48 30   1.664  -2.573   0.761   3.159
 91 129 00 49 30   1.671  -2.553   0.795   3.155
 91 129 00 50 30   1.748  -2.480   0.941   3.178
 91 129 00 51 30   1.768  -2.563   0.870   3.233
 91 129 00 52 30   1.777  -2.588   0.772   3.234
 91 129 00 53 30   1.774  -2.589   0.787   3.236
 91 129 00 54 30   1.805  -2.552   0.807   3.228
 91 129 00 55 30   1.832  -2.549   0.772   3.233
 91 129 00 56 30   1.836  -2.523   0.839   3.231
 91 129 00 57 30   1.793  -2.586   0.804   3.248
 91 129 00 58 30   1.776  -2.586   0.826   3.244
 91 129 00 59 30   1.761  -2.558   0.905   3.235
 91 129 01 00 30   1.736  -2.543   0.948   3.222
 91 129 01 01 30   1.729  -2.532   1.017   3.231
 91 129 01 02 30   1.791  -2.503   0.966   3.226
 91 129 01 03 30   1.773  -2.496   1.004   3.223
 91 129 01 04 30   1.793  -2.447   1.050   3.210
 91 129 01 05 30   1.768  -2.423   1.090   3.193
 91 129 01 06 30   1.883  -2.396   0.878   3.172
 91 129 01 07 30   1.896  -2.366   0.914   3.167
 91 129 01 08 30   1.913  -2.343   0.941   3.168
 91 129 01 09 30   1.835  -2.449   0.846   3.176
 91 129 01 10 30   1.860  -2.439   0.888   3.193
 91 129 01 11 30   1.871  -2.396   0.974   3.192
 91 129 01 12 30   1.826  -2.388   1.101   3.202
 91 129 01 13 30   1.901  -2.364   0.963   3.183
 91 129 01 14 30   1.888  -2.354   0.979   3.173
 91 129 01 15 30   1.916  -2.348   0.860   3.151
 91 129 01 16 30   1.932  -2.376   0.812   3.169
 91 129 01 17 30   1.958  -2.335   0.866   3.168
 91 129 01 18 30   1.985  -2.324   0.864   3.176
 91 129 01 19 30   2.008  -2.297   0.878   3.175
 91 129 01 20 30   2.007  -2.294   0.856   3.166
 91 129 01 21 30   2.043  -2.256   0.905   3.176
 91 129 01 22 30   2.025  -2.271   0.949   3.187
 91 129 01 23 30   1.994  -2.263   0.963   3.167
 91 129 01 24 30   2.052  -2.200   0.980   3.165
 91 129 01 25 30   2.091  -2.132   1.033   3.161
 91 129 01 26 30   2.112  -2.126   1.066   3.181
 91 129 01 27 30   2.128  -2.134   1.086   3.204
 91 129 01 28 30   2.123  -2.104   1.122   3.194
 91 129 01 29 30   2.214  -1.955   1.254   3.211
 91 129 01 30 30   2.052  -2.241   0.939   3.195
 91 129 01 31 30   1.907  -2.402   0.762   3.161
 91 129 01 32 30   1.924  -2.374   0.743   3.146
 91 129 01 33 30   1.985  -2.290   0.850   3.150
 91 129 01 34 30   1.924  -2.377   0.853   3.177
 91 129 01 35 30   1.843  -2.465   0.766   3.173
 91 129 01 36 30   1.771  -2.550   0.724   3.188
 91 129 01 37 30   1.760  -2.576   0.701   3.199
 91 129 01 38 30   1.687  -2.607   0.700   3.188
 91 129 01 39 30   1.241  -2.949   0.070   3.200
 91 129 01 40 30   1.249  -2.973   0.157   3.232
 91 129 01 41 30   1.343  -2.886   0.394   3.208
 91 129 01 42 30   1.362  -2.863   0.525   3.214
 91 129 01 43 30   1.435  -2.826   0.528   3.214
 91 129 01 44 30   1.542  -2.758   0.517   3.204
 91 129 01 45 30   1.667  -2.698   0.487   3.210
 91 129 01 46 30   1.789  -2.542   0.736   3.201
 91 129 01 47 30   1.770  -2.495   0.964   3.208
 91 129 01 48 30   1.739  -2.536   0.928   3.212
 91 129 01 49 30   1.805  -2.504   0.864   3.206
 91 129 01 50 30   1.801  -2.532   0.723   3.192
 91 129 01 51 30   1.769  -2.604   0.604   3.206
 91 129 01 52 30   1.786  -2.596   0.625   3.212
 91 129 01 53 30   1.747  -2.608   0.651   3.206
 91 129 01 54 30   1.753  -2.624   0.657   3.224
 91 129 01 55 30   1.715  -2.663   0.595   3.224
 91 129 01 56 30   1.692  -2.656   0.653   3.218
 91 129 01 57 30   1.665  -2.696   0.589   3.223
 91 129 01 58 30   1.581  -2.736   0.551   3.209
 91 129 01 59 30   1.587  -2.733   0.562   3.210
 91 129 02 00 30   1.649  -2.677   0.650   3.212
 91 129 02 01 30   1.731  -2.588   0.761   3.208
 91 129 02 02 30   1.686  -2.624   0.823   3.227
 91 129 02 03 30   1.651  -2.669   0.741   3.226
 91 129 02 04 30   1.637  -2.674   0.730   3.219
 91 129 02 05 30   1.646  -2.625   0.835   3.209
 91 129 02 06 30   1.669  -2.618   0.845   3.218
 91 129 02 07 30   1.662  -2.639   0.891   3.244
 91 129 02 08 30   1.526  -2.700   0.945   3.243
 91 129 02 09 30   1.648  -2.627   0.955   3.246
 91 129 02 10 30   1.751  -2.556   0.985   3.253
 91 129 02 11 30   1.869  -2.382   1.240   3.272
 91 129 02 12 30   1.900  -2.376   1.306   3.311
 91 129 02 13 30   1.912  -2.447   1.180   3.324
 91 129 02 14 30   1.952  -2.412   1.215   3.333
 91 129 02 15 30   1.945  -2.430   1.153   3.320
 91 129 02 16 30   1.901  -2.474   1.118   3.315
 91 129 02 17 30   1.889  -2.538   1.016   3.324
 91 129 02 18 30   1.943  -2.524   0.969   3.331
 91 129 02 19 30   1.959  -2.541   0.843   3.318
 91 129 02 20 30   1.765  -2.620   0.996   3.316
 91 129 02 21 30   1.823  -2.624   0.930   3.329
 91 129 02 22 30   1.812  -2.630   0.936   3.328
 91 129 02 23 30   1.772  -2.677   0.906   3.336
 91 129 02 24 30   1.770  -2.717   0.828   3.348
 91 129 02 25 30   1.786  -2.758   0.624   3.347
 91 129 02 26 30   1.768  -2.762   0.496   3.318
 91 129 02 27 30   1.853  -2.691   0.605   3.326
 91 129 02 28 30   1.778  -2.710   0.721   3.322
 91 129 02 29 30   1.807  -2.691   0.688   3.314
 91 129 02 30 30   1.782  -2.711   0.659   3.311
 91 129 02 31 30   1.758  -2.750   0.566   3.314
 91 129 02 32 30   1.714  -2.782   0.431   3.297
 91 129 02 33 30   1.010  -3.041  -0.375   3.246
 91 129 02 34 30   0.983  -3.051  -0.377   3.228
 91 129 02 35 30   1.000  -3.012  -0.312   3.189
 91 129 02 36 30   1.015  -3.051  -0.240   3.225
 91 129 02 37 30   1.100  -3.010  -0.106   3.208
 91 129 02 38 30   1.203  -2.971   0.105   3.212
 91 129 02 39 30   1.303  -2.912   0.259   3.201
 91 129 02 40 30   1.317  -2.908   0.182   3.198
 91 129 02 41 30   1.302  -2.863   0.262   3.159
 91 129 02 42 30   1.116  -2.955   0.049   3.165
 91 129 02 43 30   1.080  -2.958  -0.172   3.156
 91 129 02 44 30   1.006  -2.951  -0.051   3.118
 91 129 02 45 30   0.970  -2.952  -0.019   3.108
 91 129 02 46 30   1.024  -2.946   0.256   3.130
 91 129 02 47 30   1.049  -2.903   0.181   3.093
 91 129 02 48 30   0.975  -2.932   0.093   3.091
 91 129 02 49 30   1.011  -2.926   0.084   3.097
 91 129 02 50 30   1.026  -2.927   0.133   3.107
 91 129 02 51 30   1.023  -2.929   0.292   3.116
 91 129 02 52 30   1.039  -2.885   0.411   3.095
 91 129 02 53 30   1.081  -2.895   0.420   3.123
 91 129 02 54 30   1.048  -2.916   0.361   3.122
 91 129 02 55 30   1.131  -2.880   0.340   3.115
 91 129 02 56 30   1.240  -2.827   0.262   3.101
 91 129 02 57 30   1.221  -2.849   0.283   3.114
 91 129 02 58 30   1.136  -2.898   0.357   3.133
 91 129 02 59 30   1.089  -2.908   0.350   3.126
 91 129 03 00 30   1.120  -2.905   0.315   3.131
 91 129 03 01 30   1.084  -2.909   0.283   3.117
 91 129 03 02 30   1.086  -2.917   0.309   3.128
 91 129 03 03 30   1.089  -2.924   0.292   3.134
 91 129 03 04 30   1.069  -2.927   0.272   3.128
 91 129 03 05 30   1.149  -2.859   0.270   3.096
 91 129 03 06 30   1.170  -2.825   0.295   3.072
 91 129 03 07 30   1.152  -2.826   0.297   3.066
 91 129 03 08 30   1.234  -2.788   0.300   3.064
 91 129 03 09 30   1.150  -2.818   0.303   3.059
 91 129 03 10 30   1.012  -2.930   0.421   3.133
 91 129 03 11 30   0.710  -3.040   0.210   3.135
 91 129 03 12 30   0.618  -3.050   0.226   3.123
 91 129 03 13 30   0.602  -3.024   0.218   3.092
 91 129 03 14 30   0.616  -3.015   0.276   3.091
 91 129 03 15 30   0.807  -2.968   0.356   3.101
 91 129 03 16 30   0.955  -2.918   0.408   3.098
 91 129 03 17 30   0.996  -2.908   0.388   3.099
 91 129 03 18 30   1.022  -2.901   0.441   3.109
 91 129 03 19 30   0.811  -2.990   0.298   3.114
 91 129 03 20 30   0.826  -2.980   0.333   3.112
 91 129 03 21 30   0.852  -2.954   0.420   3.103
 91 129 03 22 30   0.816  -2.963   0.415   3.102
 91 129 03 23 30   0.763  -2.986   0.321   3.099
 91 129 03 24 30   0.898  -2.944   0.358   3.100
 91 129 03 25 30   0.905  -2.937   0.300   3.090
 91 129 03 26 30   0.987  -2.915   0.381   3.103
 91 129 03 27 30   0.978  -2.918   0.314   3.095
 91 129 03 28 30   1.009  -2.916   0.361   3.108
 91 129 03 29 30   0.979  -2.911   0.425   3.104
 91 129 03 30 30   0.995  -2.896   0.524   3.108
 91 129 03 31 30   1.052  -2.884   0.487   3.109
 91 129 03 32 30   0.993  -2.899   0.456   3.100
 91 129 03 33 30   0.938  -2.897   0.539   3.096
 91 129 03 34 30   0.973  -2.899   0.400   3.086
 91 129 03 35 30   0.972  -2.891   0.453   3.085
 91 129 03 36 30   0.947  -2.898   0.468   3.085
 91 129 03 37 30   0.973  -2.885   0.521   3.091
 91 129 03 38 30   0.993  -2.878   0.504   3.087
 91 129 03 39 30   1.021  -2.871   0.523   3.092
 91 129 03 40 30   0.954  -2.905   0.526   3.102
 91 129 03 41 30   0.950  -2.894   0.560   3.098
 91 129 03 42 30   0.822  -2.914   0.612   3.090
 91 129 03 43 30   0.849  -2.909   0.622   3.094
 91 129 03 44 30   0.994  -2.857   0.593   3.085
 91 129 03 45 30   1.256  -2.769   0.505   3.094
 91 129 03 46 30   1.393  -2.727   0.522   3.109
 91 129 03 47 30   1.693  -2.573   0.364   3.105
 91 129 03 48 30   1.656  -2.585   0.444   3.104
 91 129 03 49 30   1.627  -2.569   0.428   3.073
 91 129 03 50 30   1.639  -2.588   0.378   3.088
 91 129 03 51 30   1.639  -2.608   0.374   3.105
 91 129 03 52 30   1.576  -2.660   0.380   3.116
 91 129 03 53 30   1.611  -2.655   0.365   3.128
 91 129 03 54 30   1.677  -2.609   0.372   3.124
 91 129 03 55 30   1.733  -2.569   0.413   3.129
 91 129 03 56 30   1.651  -2.626   0.425   3.132
 91 129 03 57 30   1.510  -2.670   0.503   3.113
 91 129 03 58 30   1.275  -2.777   0.464   3.100
 91 129 03 59 30   0.887  -2.891   0.712   3.118
 91 129 04 00 30   0.901  -2.884   0.755   3.136
 91 129 04 01 30   1.012  -2.841   0.722   3.106
 91 129 04 02 30   0.959  -2.880   0.582   3.124
 91 129 04 03 30   0.608  -2.983   0.597   3.125
 91 129 04 04 30   0.631  -3.008   0.650   3.147
 91 129 04 05 30   0.803  -2.930   0.647   3.125
 91 129 04 06 30   0.636  -2.985   0.650   3.128
 91 129 04 07 30   1.037  -2.918   0.423   3.131
 91 129 04 08 30   1.229  -2.818   0.521   3.122
 91 129 04 09 30   1.255  -2.811   0.556   3.130
 91 129 04 10 30   1.306  -2.799   0.517   3.134
 91 129 04 11 30   1.133  -2.900   0.501   3.161
 91 129 04 12 30   1.188  -2.866   0.464   3.140
 91 129 04 13 30   1.034  -2.884   0.533   3.116
 91 129 04 14 30   1.303  -2.790   0.452   3.114
 91 129 04 15 30   1.386  -2.744   0.428   3.105
 91 129 04 16 30   1.460  -2.737   0.262   3.116
 91 129 04 17 30   1.426  -2.766   0.148   3.119
 91 129 04 18 30   1.459  -2.729   0.128   3.099
 91 129 04 19 30   1.217  -2.810   0.456   3.099
 91 129 04 20 30   1.263  -2.799   0.501   3.117
 91 129 04 21 30   1.100  -2.872   0.537   3.123
 91 129 04 22 30   1.297  -2.769   0.503   3.100
 91 129 04 23 30   1.393  -2.725   0.428   3.091
 91 129 04 24 30   1.520  -2.630   0.524   3.085
 91 129 04 25 30   1.341  -2.745   0.581   3.113
 91 129 04 26 30   1.265  -2.762   0.644   3.106
 91 129 04 27 30   1.235  -2.778   0.544   3.090
 91 129 04 28 30   1.077  -2.867   0.444   3.096
 91 129 04 29 30   1.184  -2.834   0.436   3.104
 91 129 04 30 30   1.236  -2.817   0.416   3.106
 91 129 04 31 30   1.248  -2.789   0.617   3.121
 91 129 04 32 30   1.331  -2.747   0.633   3.121
 91 129 04 33 30   1.539  -2.626   0.673   3.122
 91 129 04 34 30   1.256  -2.790   0.562   3.112
 91 129 04 35 30   1.203  -2.812   0.532   3.105
 91 129 04 36 30   1.397  -2.673   0.718   3.104
 91 129 04 37 30   1.350  -2.744   0.582   3.114
 91 129 04 38 30   1.317  -2.746   0.633   3.111
 91 129 04 39 30   1.251  -2.786   0.620   3.118
 91 129 04 40 30   1.265  -2.743   0.809   3.133
 91 129 04 41 30   1.281  -2.763   0.740   3.140
 91 129 04 42 30   1.075  -2.863   0.684   3.140
 91 129 04 43 30   1.422  -2.701   0.601   3.119
 91 129 04 44 30   1.599  -2.623   0.520   3.116
 91 129 04 45 30   1.484  -2.708   0.470   3.124
 91 129 04 46 30   1.498  -2.715   0.472   3.136
 91 129 04 47 30   1.535  -2.706   0.478   3.148
 91 129 04 48 30   1.478  -2.732   0.502   3.147
 91 129 04 49 30   1.394  -2.753   0.562   3.137
 91 129 04 50 30   1.378  -2.744   0.566   3.123
 91 129 04 51 30   1.316  -2.762   0.643   3.127
 91 129 04 52 30   1.196  -2.767   0.832   3.128
 91 129 04 53 30   1.240  -2.817   0.645   3.146
 91 129 04 54 30   1.380  -2.795   0.422   3.150
 91 129 04 55 30   1.365  -2.801   0.462   3.151
 91 129 04 56 30   1.272  -2.810   0.627   3.149
 91 129 04 57 30   1.271  -2.845   0.541   3.165
 91 129 04 58 30   1.188  -2.875   0.488   3.156
 91 129 04 59 30   1.510  -2.714   0.559   3.156
 91 129 05 00 30   1.545  -2.697   0.559   3.159
 91 129 05 01 30   1.623  -2.657   0.525   3.159
 91 129 05 02 30   1.394  -2.769   0.492   3.140
 91 129 05 03 30   1.428  -2.762   0.433   3.141
 91 129 05 04 30   1.395  -2.757   0.480   3.130
 91 129 05 05 30   1.457  -2.738   0.437   3.148
 91 129 05 06 30   1.659  -2.661   0.362   3.158
 91 129 05 07 30   1.540  -2.695   0.519   3.149
 91 129 05 08 30   1.653  -2.654   0.449   3.161
 91 129 05 09 30   1.566  -2.726   0.397   3.171
 91 129 05 10 30   1.485  -2.754   0.497   3.169
 91 129 05 11 30   1.480  -2.731   0.602   3.165
 91 129 05 12 30   1.502  -2.730   0.366   3.143
 91 129 05 13 30   1.616  -2.703   0.236   3.160
 91 129 05 14 30   1.609  -2.661   0.226   3.123
 91 129 05 15 30   1.578  -2.683   0.281   3.126
 91 129 05 16 30   1.583  -2.656   0.163   3.100
 91 129 05 17 30   1.586  -2.648   0.345   3.107
 91 129 05 18 30   1.591  -2.690   0.266   3.137
 91 129 05 19 30   1.587  -2.664   0.344   3.121
 91 129 05 20 30   1.640  -2.693   0.370   3.175
 91 129 05 21 30   1.624  -2.684   0.373   3.159
 91 129 05 22 30   1.666  -2.638   0.251   3.131
 91 129 05 23 30   1.598  -2.664   0.226   3.115
 91 129 05 24 30   1.642  -2.620   0.235   3.102
 91 129 05 25 30   1.663  -2.622   0.194   3.111
 91 129 05 26 30   1.570  -2.674   0.323   3.119
 91 129 05 27 30   1.655  -2.648   0.230   3.132
 91 129 05 28 30   1.580  -2.699   0.205   3.136
 91 129 05 29 30   1.557  -2.689   0.109   3.110
 91 129 05 30 30   1.546  -2.702   0.154   3.118
 91 129 05 31 30   1.592  -2.675   0.123   3.115
 91 129 05 32 30   1.594  -2.705   0.142   3.144
 91 129 05 33 30   1.729  -2.615   0.141   3.141
 91 129 05 34 30   1.630  -2.648   0.181   3.116
 91 129 05 35 30   1.659  -2.622   0.170   3.108
 91 129 05 36 30   1.707  -2.614   0.190   3.128
 91 129 05 37 30   1.676  -2.625   0.167   3.119
 91 129 05 38 30   1.781  -2.592   0.197   3.153
 91 129 05 39 30   1.931  -2.478   0.214   3.150
 91 129 05 40 30   1.773  -2.550   0.163   3.113
 91 129 05 41 30   1.615  -2.631   0.166   3.093
 91 129 05 42 30   1.594  -2.652   0.145   3.098
 91 129 05 43 30   1.531  -2.698   0.161   3.106
 91 129 05 44 30   1.653  -2.627   0.149   3.108
 91 129 05 45 30   1.671  -2.596   0.167   3.093
 91 129 05 46 30   1.652  -2.609   0.187   3.095
 91 129 05 47 30   1.559  -2.692   0.188   3.117
 91 129 05 48 30   1.651  -2.610   0.176   3.094
 91 129 05 49 30   1.668  -2.597   0.085   3.088
 91 129 05 50 30   1.684  -2.602   0.118   3.101
 91 129 05 51 30   1.789  -2.580   0.070   3.141
 91 129 05 52 30   1.765  -2.570   0.122   3.121
 91 129 05 53 30   1.767  -2.556   0.052   3.108
 91 129 05 54 30   1.730  -2.577   0.142   3.108
 91 129 05 55 30   1.799  -2.553   0.050   3.125
 91 129 05 56 30   1.980  -2.439  -0.005   3.142
 91 129 05 57 30   1.914  -2.475  -0.007   3.129
 91 129 05 58 30   1.922  -2.433  -0.014   3.102
 91 129 05 59 30   1.794  -2.526  -0.009   3.098
 91 129 06 00 30   1.826  -2.541  -0.095   3.131
 91 129 06 01 30   1.801  -2.512   0.037   3.093
 91 129 06 02 30   1.839  -2.496   0.077   3.102
 91 129 06 03 30   1.943  -2.462  -0.137   3.141
 91 129 06 04 30   1.844  -2.523  -0.019   3.126
 91 129 06 05 30   1.856  -2.507   0.086   3.121
 91 129 06 06 30   1.830  -2.501   0.146   3.107
 91 129 06 07 30   1.658  -2.633   0.182   3.119
 91 129 06 08 30   1.665  -2.631   0.175   3.119
 91 129 06 09 30   1.747  -2.552   0.110   3.095
 91 129 06 10 30   1.666  -2.617   0.149   3.107
 91 129 06 11 30   1.717  -2.605   0.042   3.123
 91 129 06 12 30   1.811  -2.582   0.160   3.160
 91 129 06 13 30   1.808  -2.532   0.068   3.114
 91 129 06 14 30   1.765  -2.541   0.134   3.100
 91 129 06 15 30   1.699  -2.524  -0.026   3.044
 91 129 06 16 30   1.789  -2.499  -0.013   3.078
 91 129 06 17 30   1.726  -2.543   0.068   3.078
 91 129 06 18 30   1.836  -2.469   0.117   3.080
 91 129 06 19 30   1.748  -2.545  -0.047   3.090
 91 129 06 20 30   1.769  -2.489   0.097   3.056
 91 129 06 21 30   1.794  -2.484   0.055   3.066
 91 129 06 22 30   1.789  -2.501   0.113   3.078
 91 129 06 23 30   1.805  -2.502   0.100   3.089
 91 129 06 24 30   1.721  -2.548   0.010   3.077
 91 129 06 25 30   1.709  -2.537   0.128   3.062
 91 129 06 26 30   1.800  -2.475  -0.007   3.063
 91 129 06 27 30   1.873  -2.437   0.029   3.076
 91 129 06 28 30   1.846  -2.438   0.001   3.060
 91 129 06 29 30   1.845  -2.434   0.018   3.057
 91 129 06 30 30   2.019  -2.306  -0.116   3.070
 91 129 06 31 30   1.947  -2.353  -0.116   3.060
 91 129 06 32 30   1.960  -2.349  -0.038   3.060
 91 129 06 33 30   2.030  -2.278  -0.124   3.055
 91 129 06 34 30   2.192  -2.105  -0.256   3.050
 91 129 06 35 30   2.182  -2.139  -0.157   3.062
 91 129 06 36 30   2.156  -2.176  -0.193   3.070
 91 129 06 37 30   2.126  -2.186  -0.153   3.055
 91 129 06 38 30   2.112  -2.185  -0.164   3.048
 91 129 06 39 30   2.038  -2.330  -0.020   3.097
 91 129 06 40 30   2.030  -2.307  -0.038   3.076
 91 129 06 41 30   2.107  -2.210  -0.128   3.063
 91 129 06 42 30   2.219  -2.100  -0.123   3.065
 91 129 06 43 30   2.128  -2.207  -0.110   3.083
 91 129 06 44 30   2.030  -2.236  -0.043   3.022
 91 129 06 45 30   2.202  -2.072  -0.149   3.031
 91 129 06 46 30   2.087  -2.213  -0.098   3.045
 91 129 06 47 30   2.064  -2.213  -0.065   3.044
 91 129 06 48 30   1.992  -2.284   0.029   3.039
 91 129 06 49 30   2.150  -2.089  -0.063   3.005
 91 129 06 50 30   1.965  -2.305  -0.017   3.032
 91 129 06 51 30   2.016  -2.278  -0.055   3.050
 91 129 06 52 30   2.164  -2.138  -0.084   3.048
 91 129 06 53 30   2.082  -2.190  -0.112   3.028
 91 129 06 54 30   2.058  -2.218  -0.203   3.038
 91 129 06 55 30   2.121  -2.227  -0.035   3.078
 91 129 06 56 30   2.055  -2.262  -0.270   3.070
 91 129 06 57 30   2.050  -2.221  -0.121   3.028
 91 129 06 58 30   2.133  -2.161  -0.135   3.045
 91 129 06 59 30   2.193  -2.148  -0.121   3.077
 91 129 07 00 30   2.207  -2.141  -0.129   3.080
 91 129 07 01 30   2.098  -2.224   0.011   3.060
 91 129 07 02 30   2.098  -2.246   0.029   3.078
 91 129 07 03 30   2.019  -2.264  -0.076   3.037
 91 129 07 04 30   2.119  -2.245   0.137   3.091
 91 129 07 05 30   2.053  -2.252   0.038   3.051
 91 129 07 06 30   2.095  -2.194  -0.081   3.039
 91 129 07 07 30   2.080  -2.244  -0.099   3.064
 91 129 07 08 30   1.951  -2.271  -0.062   3.001
 91 129 07 09 30   2.118  -2.182   0.054   3.048
 91 129 07 10 30   1.983  -2.267  -0.225   3.028
 91 129 07 11 30   2.041  -2.285  -0.097   3.067
 91 129 07 12 30   2.118  -2.244  -0.070   3.088
 91 129 07 13 30   2.263  -2.153  -0.055   3.125
 91 129 07 14 30   1.919  -2.400  -0.052   3.080
 91 129 07 15 30   1.786  -2.490  -0.253   3.076
 91 129 07 16 30   1.915  -2.389  -0.135   3.069
 91 129 07 17 30   1.910  -2.410  -0.044   3.077
 91 129 07 18 30   1.850  -2.411  -0.265   3.055
 91 129 07 19 30   1.988  -2.336  -0.068   3.072
 91 129 07 20 30   1.888  -2.384   0.022   3.046
 91 129 07 21 30   2.086  -2.202  -0.035   3.036
 91 129 07 22 30   2.027  -2.335   0.057   3.096
 91 129 07 23 30   1.973  -2.350   0.114   3.076
 91 129 07 24 30   1.892  -2.419   0.049   3.073
 91 129 07 25 30   2.013  -2.289   0.153   3.055
 91 129 07 26 30   2.034  -2.285   0.153   3.064
 91 129 07 27 30   2.055  -2.256   0.172   3.058
 91 129 07 28 30   2.180  -2.118   0.296   3.067
 91 129 07 29 30   2.228  -2.037   0.525   3.065
 91 129 07 30 30   1.993  -2.269   0.259   3.041
 91 129 07 31 30   1.763  -2.489   0.027   3.054
 91 129 07 32 30   1.762  -2.474  -0.134   3.043
 91 129 07 33 30   1.682  -2.529  -0.150   3.042
 91 129 07 34 30   1.712  -2.540  -0.064   3.065
 91 129 07 35 30   1.695  -2.520  -0.041   3.041
 91 129 07 36 30   1.729  -2.503   0.053   3.044
 91 129 07 37 30   1.667  -2.558  -0.016   3.054
 91 129 07 38 30   1.741  -2.571   0.205   3.114
 91 129 07 39 30   1.787  -2.524  -0.196   3.099
 91 129 07 40 30   1.749  -2.517  -0.105   3.067
 91 129 07 41 30   1.749  -2.538  -0.082   3.084
 91 129 07 42 30   1.756  -2.537  -0.021   3.086
 91 129 07 43 30   1.740  -2.495   0.035   3.043
 91 129 07 44 30   1.750  -2.501   0.067   3.054
 91 129 07 45 30   1.913  -2.382  -0.050   3.056
 91 129 07 46 30   1.926  -2.385  -0.020   3.067
 91 129 07 47 30   1.887  -2.405   0.062   3.058
 91 129 07 48 30   1.716  -2.535  -0.043   3.066
 91 129 07 49 30   1.743  -2.503  -0.031   3.050
 91 129 07 50 30   1.579  -2.609  -0.124   3.054
 91 129 07 51 30   1.545  -2.651  -0.134   3.072
 91 129 07 52 30   1.557  -2.623  -0.080   3.052
 91 129 07 53 30   1.583  -2.621  -0.062   3.064
 91 129 07 54 30   1.693  -2.525  -0.015   3.041
 91 129 07 55 30   1.736  -2.501  -0.283   3.059
 91 129 07 56 30   1.746  -2.486  -0.099   3.062
 91 129 07 57 30   1.786  -2.453   0.288   3.051
 91 129 07 58 30   1.765  -2.483   0.094   3.049
 91 129 07 59 30   1.693  -2.535  -0.015   3.049
 91 129 08 00 30   1.703  -2.529  -0.056   3.052
 91 129 08 01 30   1.750  -2.475   0.197   3.039
 91 129 08 02 30   1.842  -2.390   0.350   3.040
 91 129 08 03 30   1.728  -2.473   0.451   3.051
 91 129 08 04 30   1.758  -2.418   0.436   3.023
 91 129 08 05 30   1.846  -2.347   0.490   3.030
 91 129 08 06 30   1.821  -2.380   0.468   3.038
 91 129 08 07 30   1.762  -2.436   0.307   3.023
 91 129 08 08 30   1.852  -2.396   0.179   3.036
 91 129 08 09 30   1.742  -2.483   0.440   3.070
 91 129 08 10 30   1.870  -2.408  -0.078   3.050
 91 129 08 11 30   1.886  -2.379  -0.056   3.037
 91 129 08 12 30   1.892  -2.358   0.001   3.023
 91 129 08 13 30   1.889  -2.359   0.020   3.022
 91 129 08 14 30   1.928  -2.343   0.005   3.034
 91 129 08 15 30   1.910  -2.350   0.019   3.028
 91 129 08 16 30   1.866  -2.385  -0.023   3.029
 91 129 08 17 30   1.846  -2.386  -0.065   3.019
 91 129 08 18 30   1.788  -2.421  -0.074   3.011
 91 129 08 19 30   1.814  -2.411  -0.080   3.018
 91 129 08 20 30   1.724  -2.463  -0.066   3.008
 91 129 08 21 30   1.682  -2.502  -0.092   3.018
 91 129 08 22 30   1.735  -2.444  -0.168   3.003
 91 129 08 23 30   1.713  -2.418  -0.199   2.970
 91 129 08 24 30   1.735  -2.425  -0.280   2.996
 91 129 08 25 30   1.666  -2.534   0.091   3.037
 91 129 08 26 30   1.682  -2.520   0.105   3.032
 91 129 08 27 30   1.644  -2.540  -0.006   3.028
 91 129 08 28 30   1.801  -2.438  -0.177   3.043
 91 129 08 29 30   1.679  -2.479  -0.202   3.016
 91 129 08 30 30   1.620  -2.560  -0.023   3.030
 91 129 08 31 30   1.624  -2.555   0.031   3.028
 91 129 08 32 30   1.598  -2.564   0.037   3.022
 91 129 08 33 30   1.607  -2.575   0.068   3.037
 91 129 08 34 30   1.582  -2.546   0.011   2.998
 91 129 08 35 30   1.547  -2.592  -0.030   3.019
 91 129 08 36 30   1.511  -2.608  -0.010   3.015
 91 129 08 37 30   1.460  -2.643   0.029   3.020
 91 129 08 38 30   1.634  -2.552  -0.068   3.033
 91 129 08 39 30   1.692  -2.481  -0.112   3.007
 91 129 08 40 30   1.679  -2.503  -0.128   3.017
 91 129 08 41 30   1.654  -2.510  -0.011   3.007
 91 129 08 42 30   1.644  -2.518   0.049   3.010
 91 129 08 43 30   1.588  -2.563   0.101   3.018
 91 129 08 44 30   1.554  -2.629   0.092   3.055
 91 129 08 45 30   1.607  -2.571   0.026   3.032
 91 129 08 46 30   1.628  -2.580   0.035   3.051
 91 129 08 47 30   1.654  -2.566  -0.012   3.053
 91 129 08 48 30   1.648  -2.573  -0.036   3.056
 91 129 08 49 30   1.631  -2.584   0.019   3.056
 91 129 08 50 30   1.659  -2.569  -0.037   3.059
 91 129 08 51 30   1.637  -2.588  -0.015   3.062
 91 129 08 52 30   1.622  -2.595  -0.007   3.061
 91 129 08 53 30   1.603  -2.599   0.013   3.054
 91 129 08 54 30   1.580  -2.608   0.022   3.050
 91 129 08 55 30   1.648  -2.560   0.062   3.045
 91 129 08 56 30   1.652  -2.554   0.064   3.042
 91 129 08 57 30   1.607  -2.572   0.019   3.033
 91 129 08 58 30   1.611  -2.578   0.050   3.041
 91 129 08 59 30   1.642  -2.559   0.055   3.041
 91 129 09 00 30   1.631  -2.592  -0.036   3.063
 91 129 09 01 30   1.651  -2.594   0.079   3.076
 91 129 09 02 30   1.431  -2.662   0.311   3.045
 91 129 09 03 30   1.312  -2.706   0.418   3.039
 91 129 09 04 30   1.459  -2.636   0.256   3.025
 91 129 09 05 30   1.490  -2.647   0.178   3.044
 91 129 09 06 30   1.556  -2.606   0.146   3.039
 91 129 09 07 30   1.554  -2.613   0.175   3.045
 91 129 09 08 30   1.551  -2.612   0.189   3.044
 91 129 09 09 30   1.592  -2.580   0.204   3.039
 91 129 09 10 30   1.584  -2.613   0.104   3.058
 91 129 09 11 30   1.592  -2.614   0.115   3.063
 91 129 09 12 30   1.594  -2.591   0.105   3.044
 91 129 09 13 30   1.580  -2.593   0.149   3.040
 91 129 09 14 30   1.651  -2.544   0.138   3.036
 91 129 09 15 30   1.703  -2.512   0.128   3.040
 91 129 09 16 30   1.528  -2.595   0.238   3.023
 91 129 09 17 30   1.541  -2.577   0.248   3.016
 91 129 09 18 30   1.609  -2.547   0.210   3.021
 91 129 09 19 30   1.596  -2.561   0.217   3.027
 91 129 09 20 30   1.547  -2.562   0.247   3.006
 91 129 09 21 30   1.456  -2.622   0.275   3.014
 91 129 09 22 30   1.600  -2.555   0.311   3.033
 91 129 09 23 30   1.533  -2.595   0.214   3.023
 91 129 09 24 30   1.499  -2.600   0.277   3.015
 91 129 09 25 30   1.391  -2.649   0.345   3.015
 91 129 09 26 30   1.466  -2.624   0.272   3.020
 91 129 09 27 30   1.397  -2.645   0.349   3.013
 91 129 09 28 30   1.512  -2.583   0.329   3.011
 91 129 09 29 30   1.523  -2.581   0.345   3.018
 91 129 09 30 30   1.489  -2.601   0.306   3.014
 91 129 09 31 30   1.651  -2.499   0.188   3.004
 91 129 09 32 30   1.624  -2.518   0.181   3.003
 91 129 09 33 30   1.655  -2.498   0.208   3.004
 91 129 09 34 30   1.689  -2.456   0.183   2.986
 91 129 09 35 30   1.659  -2.483   0.139   2.990
 91 129 09 36 30   1.648  -2.500   0.164   3.000
 91 129 09 37 30   1.667  -2.469   0.113   2.981
 91 129 09 38 30   1.641  -2.494   0.088   2.988
 91 129 09 39 30   1.649  -2.475   0.094   2.977
 91 129 09 40 30   1.680  -2.450   0.209   2.979
 91 129 09 41 30   1.672  -2.456   0.151   2.975
 91 129 09 42 30   1.643  -2.485   0.146   2.983
 91 129 09 43 30   1.582  -2.547   0.208   3.006
 91 129 09 44 30   1.551  -2.578   0.283   3.022
 91 129 09 45 30   1.524  -2.592   0.388   3.032
 91 129 09 46 30   1.533  -2.592   0.344   3.031
 91 129 09 47 30   1.574  -2.540   0.316   3.005
 91 129 09 48 30   1.562  -2.548   0.266   3.001
 91 129 09 49 30   1.565  -2.548   0.250   3.002
 91 129 09 50 30   1.506  -2.581   0.328   3.007
 91 129 09 51 30   1.445  -2.617   0.401   3.016
 91 129 09 52 30   1.476  -2.597   0.385   3.012
 91 129 09 53 30   1.481  -2.585   0.383   3.004
 91 129 09 54 30   1.475  -2.569   0.416   2.992
 91 129 09 55 30   1.478  -2.568   0.425   2.994
 91 129 09 56 30   1.497  -2.545   0.444   2.987
 91 129 09 57 30   1.403  -2.596   0.585   3.011
 91 129 09 58 30   1.339  -2.617   0.448   2.981
 91 129 09 59 30   1.460  -2.595   0.341   2.999
 91 129 10 00 30   1.465  -2.545   0.390   2.969
 91 129 10 01 30   1.425  -2.565   0.424   2.969
 91 129 10 02 30   1.489  -2.549   0.085   2.961
 91 129 10 03 30   1.448  -2.547  -0.089   2.938
 91 129 10 04 30   1.627  -2.373   0.661   2.959
 91 129 10 05 30   1.587  -2.406   0.809   2.995
 91 129 10 06 30   1.591  -2.390   0.877   3.003
 91 129 10 07 30   1.503  -2.460   0.843   3.006
 91 129 10 08 30   1.574  -2.413   0.891   3.016
 91 129 10 09 30   1.593  -2.369   0.984   3.021
 91 129 10 10 30   1.552  -2.395   0.917   2.998
 91 129 10 11 30   1.530  -2.416   0.814   2.978
 91 129 10 12 30   1.447  -2.505   0.645   2.965
 91 129 10 13 30   1.458  -2.532   0.537   2.971
 91 129 10 14 30   1.458  -2.536   0.541   2.975
 91 129 10 15 30   1.413  -2.547   0.663   2.988
 91 129 10 16 30   1.399  -2.515   0.808   2.989
 91 129 10 17 30   1.466  -2.447   0.815   2.968
 91 129 10 18 30   1.444  -2.453   0.777   2.951
 91 129 10 19 30   1.365  -2.459   0.886   2.950
 91 129 10 20 30   1.361  -2.423   1.005   2.956
 91 129 10 21 30   1.363  -2.407   1.018   2.948
 91 129 10 22 30   1.361  -2.397   1.050   2.950
 91 129 10 23 30   1.361  -2.399   1.055   2.954
 91 129 10 24 30   1.331  -2.413   1.070   2.957
 91 129 10 25 30   1.306  -2.419   1.103   2.962
 91 129 10 26 30   1.306  -2.431   1.029   2.946
 91 129 10 27 30   1.365  -2.425   0.971   2.947
 91 129 10 28 30   1.384  -2.412   0.997   2.955
 91 129 10 29 30   1.400  -2.426   0.967   2.964
 91 129 10 30 30   1.405  -2.415   0.954   2.953
 91 129 10 31 30   1.430  -2.413   0.972   2.968
 91 129 10 32 30   1.380  -2.425   0.975   2.956
 91 129 10 33 30   1.412  -2.427   0.954   2.966
 91 129 10 34 30   1.413  -2.425   0.933   2.958
 91 129 10 35 30   1.411  -2.442   0.937   2.972
 91 129 10 36 30   1.427  -2.422   0.905   2.953
 91 129 10 37 30   1.398  -2.442   0.918   2.960
 91 129 10 38 30   1.392  -2.458   0.924   2.972
 91 129 10 39 30   1.346  -2.482   0.900   2.963
 91 129 10 40 30   1.297  -2.502   0.924   2.966
 91 129 10 41 30   1.285  -2.514   0.923   2.970
 91 129 10 42 30   1.337  -2.502   0.904   2.978
 91 129 10 43 30   1.373  -2.499   0.878   2.983
 91 129 10 44 30   1.383  -2.484   0.873   2.974
 91 129 10 45 30   1.365  -2.507   0.828   2.973
 91 129 10 46 30   1.360  -2.498   0.819   2.960
 91 129 10 47 30   1.384  -2.488   0.831   2.966
 91 129 10 48 30   1.345  -2.494   0.874   2.966
 91 129 10 49 30   1.398  -2.461   0.875   2.963
 91 129 10 50 30   1.411  -2.450   0.900   2.967
 91 129 10 51 30   1.438  -2.429   0.914   2.968
 91 129 10 52 30   1.460  -2.458   0.844   2.981
 91 129 10 53 30   1.476  -2.455   0.808   2.977
 91 129 10 54 30   1.465  -2.442   0.855   2.974
 91 129 10 55 30   1.478  -2.464   0.847   2.996
 91 129 10 56 30   1.519  -2.468   0.784   3.002
 91 129 10 57 30   1.511  -2.443   0.732   2.964
 91 129 10 58 30   1.445  -2.442   0.764   2.939
 91 129 10 59 30   1.450  -2.449   0.747   2.943
 91 129 11 00 30   1.437  -2.463   0.717   2.941
 91 129 11 01 30   1.404  -2.493   0.664   2.938
 91 129 11 02 30   1.426  -2.513   0.630   2.957
 91 129 11 03 30   1.450  -2.482   0.645   2.946
 91 129 11 04 30   1.463  -2.463   0.649   2.938
 91 129 11 05 30   1.476  -2.467   0.624   2.942
 91 129 11 06 30   1.490  -2.463   0.634   2.948
 91 129 11 07 30   1.458  -2.478   0.655   2.949
 91 129 11 08 30   1.459  -2.485   0.674   2.960
 91 129 11 09 30   1.478  -2.474   0.643   2.953
 91 129 11 10 30   1.431  -2.499   0.601   2.942
 91 129 11 11 30   1.519  -2.443   0.606   2.941
 91 129 11 12 30   1.514  -2.447   0.601   2.939
 91 129 11 13 30   1.514  -2.444   0.578   2.933
 91 129 11 14 30   1.508  -2.444   0.546   2.923
 91 129 11 15 30   1.492  -2.451   0.529   2.917
 91 129 11 16 30   1.526  -2.409   0.586   2.912
 91 129 11 17 30   1.494  -2.456   0.500   2.918
 91 129 11 18 30   1.473  -2.475   0.415   2.910
 91 129 11 19 30   1.516  -2.418   0.506   2.904
 91 129 11 20 30   1.474  -2.468   0.491   2.916
 91 129 11 21 30   1.474  -2.464   0.536   2.922
 91 129 11 22 30   1.458  -2.492   0.462   2.926
 91 129 11 23 30   1.488  -2.439   0.544   2.911
 91 129 11 24 30   1.535  -2.343   0.743   2.899
 91 129 11 25 30   1.460  -2.454   0.493   2.906
 91 129 11 26 30   1.449  -2.471   0.475   2.905
 91 129 11 27 30   1.442  -2.479   0.348   2.890
 91 129 11 28 30   1.500  -2.457   0.246   2.890
 91 129 11 29 30   1.452  -2.500   0.325   2.909
 91 129 11 30 30   1.558  -2.433   0.345   2.912
 91 129 11 31 30   1.451  -2.528   0.271   2.930
 91 129 11 32 30   1.413  -2.557   0.238   2.932
 91 129 11 33 30   1.392  -2.554   0.290   2.930
 91 129 11 34 30   1.453  -2.415   0.946   2.988
 91 129 11 35 30   1.429  -2.277   1.280   2.978
 91 129 11 36 30   1.421  -2.213   1.364   2.963
 91 129 11 37 30   1.500  -2.296   1.119   2.963
 91 129 11 38 30   1.489  -2.325   1.115   2.978
 91 129 11 39 30   1.500  -2.292   1.154   2.973
 91 129 11 40 30   1.513  -2.286   1.155   2.975
 91 129 11 41 30   1.499  -2.315   1.156   2.990
 91 129 11 42 30   1.501  -2.312   1.143   2.984
 91 129 11 43 30   1.484  -2.330   1.147   2.991
 91 129 11 44 30   1.507  -2.322   1.103   2.981
 91 129 11 45 30   1.536  -2.295   1.049   2.956
 91 129 11 46 30   1.457  -2.372   0.980   2.952
 91 129 11 47 30   1.544  -2.307   1.067   2.974
 91 129 11 48 30   1.547  -2.313   1.046   2.973
 91 129 11 49 30   1.374  -2.499   0.912   3.002
 91 129 11 50 30   1.686  -2.242   1.061   3.000
 91 129 11 51 30   1.634  -2.165   1.281   3.001
 91 129 11 52 30   1.614  -2.157   1.296   2.990
 91 129 11 53 30   1.563  -2.224   1.245   2.990
 91 129 11 54 30   1.524  -2.223   1.284   2.988
 91 129 11 55 30   1.438  -2.316   1.200   2.981
 91 129 11 56 30   1.575  -2.231   1.264   3.015
 91 129 11 57 30   1.707  -2.124   1.331   3.033
 91 129 11 58 30   1.670  -2.187   1.245   3.021
 91 129 11 59 30   1.845  -2.181   0.852   2.987
 91 129 12 00 30   1.743  -2.222   0.956   2.986
 91 129 12 01 30   1.793  -2.058   1.211   2.988
 91 129 12 02 30   1.678  -2.048   1.326   2.972
 91 129 12 03 30   1.552  -2.089   1.429   2.972
 91 129 12 04 30   1.614  -1.890   1.591   2.965
 91 129 12 05 30   1.556  -1.997   1.499   2.949
 91 129 12 06 30   1.482  -2.220   1.103   2.894
 91 129 12 07 30   1.406  -2.360   0.651   2.846
 91 129 12 08 30   1.463  -2.359   0.710   2.870
 91 129 12 09 30   1.339  -2.490   0.534   2.880
 91 129 12 10 30   1.432  -2.395   0.627   2.863
 91 129 12 11 30   1.469  -2.377   0.658   2.873
 91 129 12 12 30   1.516  -2.307   0.738   2.862
 91 129 12 13 30   1.498  -2.306   0.680   2.833
 91 129 12 14 30   1.461  -2.340   0.704   2.847
 91 129 12 15 30   1.511  -2.317   0.675   2.849
 91 129 12 16 30   1.461  -2.327   0.703   2.836
 91 129 12 17 30   1.448  -2.342   0.642   2.828
 91 129 12 18 30   1.440  -2.333   0.661   2.821
 91 129 12 19 30   1.429  -2.345   0.618   2.815
 91 129 12 20 30   1.388  -2.368   0.661   2.823
 91 129 12 21 30   1.434  -2.356   0.635   2.831
 91 129 12 22 30   1.396  -2.369   0.678   2.834
 91 129 12 23 30   1.344  -2.378   0.750   2.833
 91 129 12 24 30   1.349  -2.374   0.770   2.838
 91 129 12 25 30   1.348  -2.409   0.694   2.846
 91 129 12 26 30   1.356  -2.387   0.716   2.837
 91 129 12 27 30   1.384  -2.370   0.703   2.833
 91 129 12 28 30   1.381  -2.376   0.711   2.839
 91 129 12 29 30   1.367  -2.390   0.651   2.830
 91 129 12 30 30   1.395  -2.379   0.657   2.835
 91 129 12 31 30   1.373  -2.404   0.597   2.832
 91 129 12 32 30   1.321  -2.433   0.574   2.827
 91 129 12 33 30   1.268  -2.478   0.532   2.835
 91 129 12 34 30   1.225  -2.503   0.479   2.828
 91 129 12 35 30   1.189  -2.508   0.470   2.816
 91 129 12 36 30   1.182  -2.519   0.476   2.824
 91 129 12 37 30   1.190  -2.535   0.405   2.829
 91 129 12 38 30   1.231  -2.512   0.426   2.831
 91 129 12 39 30   1.297  -2.463   0.511   2.831
 91 129 12 40 30   1.339  -2.446   0.523   2.837
 91 129 12 41 30   1.419  -2.380   0.639   2.845
 91 129 12 42 30   1.448  -2.333   0.752   2.847
 91 129 12 43 30   1.353  -2.425   0.532   2.836
 91 129 12 44 30   1.259  -2.511   0.271   2.822
 91 129 12 45 30   1.253  -2.511   0.293   2.822
 91 129 12 46 30   1.224  -2.538   0.279   2.831
 91 129 12 47 30   1.215  -2.525   0.320   2.820
 91 129 12 48 30   1.218  -2.522   0.335   2.822
 91 129 12 49 30   1.242  -2.489   0.589   2.850
 91 129 12 50 30   1.403  -1.995   1.480   2.862
 91 129 12 51 30   1.479  -1.882   1.603   2.882
 91 129 12 52 30   1.533  -2.062   1.307   2.889
 91 129 12 53 30   1.575  -2.137   1.159   2.897
 91 129 12 54 30   1.607  -2.100   1.213   2.909
 91 129 12 55 30   1.607  -1.942   1.418   2.897
 91 129 12 56 30   1.672  -1.909   1.397   2.897
 91 129 12 57 30   1.620  -1.899   1.452   2.890
 91 129 12 58 30   1.555  -2.047   1.297   2.886
 91 129 12 59 30   1.128  -2.513   0.568   2.863
 91 129 13 00 30   1.096  -2.589   0.500   2.859
 91 129 13 01 30   1.184  -2.570   0.516   2.880
 91 129 13 02 30   1.370  -2.459   0.676   2.898
 91 129 13 03 30   1.389  -2.439   0.686   2.893
 91 129 13 04 30   1.316  -2.507   0.561   2.889
 91 129 13 05 30   1.324  -2.498   0.569   2.886
 91 129 13 06 30   1.416  -2.403   0.712   2.879
 91 129 13 07 30   1.735  -2.031   1.047   2.901
 91 129 13 08 30   1.919  -1.733   1.391   2.937
 91 129 13 09 30   1.950  -1.740   1.392   2.964
 91 129 13 10 30   1.923  -1.883   1.363   3.022
 91 129 13 11 30   1.943  -1.856   1.350   3.013
 91 129 13 12 30   1.854  -2.060   1.129   2.996
 91 129 13 13 30   1.764  -2.163   1.012   2.969
 91 129 13 14 30   1.814  -2.125   0.951   2.952
 91 129 13 15 30   1.882  -2.120   0.832   2.956
 91 129 13 16 30   1.722  -2.295   0.652   2.946
 91 129 13 17 30   1.629  -2.393   0.495   2.937
 91 129 13 18 30   1.569  -2.457   0.396   2.943
 91 129 13 19 30   1.483  -2.531   0.273   2.947
 91 129 13 20 30   1.392  -2.556   0.341   2.935
 91 129 13 21 30   1.513  -2.286   1.095   2.957
 91 129 13 22 30   1.489  -2.236   1.253   2.967
 91 129 13 23 30   1.508  -2.207   1.324   2.983
 91 129 13 24 30   1.556  -2.401   0.906   3.009
 91 129 13 25 30   1.291  -2.680   0.055   3.030
 91 129 13 26 30   1.099  -2.735  -0.448   2.991
 91 129 13 27 30   1.156  -2.774  -0.063   3.007
 91 129 13 28 30   1.163  -2.780   0.048   3.015
 91 129 13 29 30   1.323  -2.689   0.197   3.009
 91 129 13 30 30   1.366  -2.651   0.458   3.020
 91 129 13 31 30   1.399  -2.651   0.341   3.023
 91 129 13 32 30   1.518  -2.543   0.695   3.045
 91 129 13 33 30   1.524  -2.573   0.644   3.062
 91 129 13 34 30   1.390  -2.703   0.441   3.073
 91 129 13 35 30   1.398  -2.719   0.272   3.070
 91 129 13 36 30   1.517  -2.660   0.335   3.081
 91 129 13 37 30   1.498  -2.648   0.284   3.057
 91 129 13 38 30   1.327  -2.736   0.097   3.045
 91 129 13 39 30   1.322  -2.726   0.021   3.036
 91 129 13 40 30   0.848  -2.758  -0.832   3.009
 91 129 13 41 30   0.704  -2.785  -0.894   3.013
 91 129 13 42 30   0.587  -2.708  -1.110   2.986
 91 129 13 43 30   0.357  -2.624  -1.381   2.990
 91 129 13 44 30   0.283  -2.636  -1.374   2.991
 91 129 13 45 30   0.358  -2.692  -1.229   2.984
 91 129 13 46 30   0.499  -2.743  -1.083   2.994
 91 129 13 47 30   0.546  -2.735  -0.994   2.963
 91 129 13 48 30   0.351  -2.799  -0.916   2.969
 91 129 13 49 30   0.285  -2.772  -1.016   2.969
 91 129 13 50 30   0.538  -2.754  -0.997   2.986
 91 129 13 51 30   0.649  -2.744  -0.921   2.973
 91 129 13 52 30   0.575  -2.768  -0.866   2.958
 91 129 13 53 30   0.605  -2.696  -1.014   2.949
 91 129 13 54 30   0.681  -2.754  -0.821   2.956
 91 129 13 55 30   0.945  -2.781  -0.435   2.984
 91 129 13 56 30   1.157  -2.759  -0.256   3.004
 91 129 13 57 30   1.228  -2.743  -0.082   3.010
 91 129 13 58 30   1.307  -2.673  -0.046   3.004
 91 129 13 59 30   1.130  -2.773  -0.234   3.021
 91 129 14 00 30   1.306  -2.732  -0.002   3.031
 91 129 14 01 30   1.343  -2.683  -0.024   3.001
 91 129 14 02 30   1.307  -2.678  -0.119   2.985
 91 129 14 03 30   0.953  -2.782  -0.603   3.010
 91 129 14 04 30   1.043  -2.818  -0.130   3.017
 91 129 14 05 30   1.163  -2.784  -0.089   3.024
 91 129 14 06 30   1.133  -2.767  -0.162   2.995
 91 129 14 07 30   1.065  -2.781  -0.124   2.981
 91 129 14 08 30   1.123  -2.768  -0.228   2.999
 91 129 14 09 30   1.151  -2.723  -0.373   2.980
 91 129 14 10 30   1.038  -2.765  -0.529   3.003
 91 129 14 11 30   0.919  -2.732  -0.829   3.006
 91 129 14 12 30   1.079  -2.762  -0.501   3.013
 91 129 14 13 30   1.103  -2.794  -0.370   3.028
 91 129 14 14 30   1.200  -2.745  -0.510   3.040
 91 129 14 15 30   1.258  -2.644  -0.684   3.008
 91 129 14 16 30   1.112  -2.694  -0.742   3.008
 91 129 14 17 30   1.113  -2.708  -0.692   3.010
 91 129 14 18 30   1.169  -2.725  -0.593   3.025
 91 129 14 19 30   1.153  -2.743  -0.418   3.005
 91 129 14 20 30   1.177  -2.762  -0.456   3.039
 91 129 14 21 30   1.229  -2.724  -0.535   3.037
 91 129 14 22 30   1.295  -2.702  -0.540   3.046
 91 129 14 23 30   0.945  -2.873  -0.362   3.051
 91 129 14 24 30   1.117  -2.786  -0.425   3.035
 91 129 14 25 30   1.159  -2.786  -0.290   3.035
 91 129 14 26 30   1.095  -2.820  -0.155   3.030
 91 129 14 27 30   1.069  -2.839  -0.292   3.050
 91 129 14 28 30   1.104  -2.814  -0.389   3.049
 91 129 14 29 30   0.963  -2.808  -0.530   3.021
 91 129 14 30 30   0.718  -2.809  -0.681   2.980
 91 129 14 31 30   0.761  -2.790  -0.684   2.973
 91 129 14 32 30   0.759  -2.821  -0.635   2.990
 91 129 14 33 30   0.906  -2.771  -0.617   2.981
 91 129 14 34 30   0.955  -2.743  -0.606   2.968
 91 129 14 35 30   1.111  -2.720  -0.363   2.967
 91 129 14 36 30   1.063  -2.700  -0.450   2.939
 91 129 14 37 30   0.883  -2.752  -0.554   2.947
 91 129 14 38 30   0.960  -2.751  -0.548   2.966
 91 129 14 39 30   1.008  -2.744  -0.420   2.958
 91 129 14 40 30   0.953  -2.746  -0.577   2.967
 91 129 14 41 30   1.003  -2.751  -0.540   2.979
 91 129 14 42 30   0.668  -2.837  -0.661   2.992
 91 129 14 43 30   0.665  -2.866  -0.609   3.005
 91 129 14 44 30   0.807  -2.801  -0.644   2.987
 91 129 14 45 30   0.879  -2.789  -0.610   2.988
 91 129 14 46 30   0.874  -2.791  -0.603   2.986
 91 129 14 47 30   0.933  -2.780  -0.479   2.972
 91 129 14 48 30   0.949  -2.756  -0.517   2.962
 91 129 14 49 30   0.755  -2.842  -0.393   2.969
 91 129 14 50 30   0.773  -2.818  -0.431   2.966
 91 129 14 51 30   0.800  -2.779  -0.564   2.951
 91 129 14 52 30   0.595  -2.883  -0.460   2.984
 91 129 14 53 30   0.596  -2.898  -0.393   2.986
 91 129 14 54 30   0.612  -2.879  -0.374   2.969
 91 129 14 55 30   0.654  -2.865  -0.312   2.957
 91 129 14 56 30   0.606  -2.886  -0.287   2.965
 91 129 15 00 30   0.817  -2.832  -0.398   2.975
 91 129 15 01 30   0.789  -2.832  -0.422   2.971
 91 129 15 02 30   0.754  -2.821  -0.616   2.986
 91 129 15 03 30   0.674  -2.816  -0.692   2.979
 91 129 15 04 30   1.028  -2.784  -0.419   3.007
 91 129 15 05 30   0.981  -2.779  -0.580   3.009
 91 129 15 06 30   0.757  -2.794  -0.826   3.013
 91 129 15 07 30   0.726  -2.719  -1.050   3.008
 91 129 15 10 30   0.751  -2.787  -0.874   3.021
 91 129 15 11 30   0.806  -2.785  -0.801   3.016
 91 129 15 12 30   0.856  -2.828  -0.464   3.009
 91 129 15 13 30   0.899  -2.864  -0.319   3.028
 91 129 15 14 30   0.735  -2.578  -1.000   3.018
 91 129 15 15 30   0.813  -2.526  -1.377   3.004
 91 129 15 16 30   0.698  -2.744  -0.965   3.002
 91 129 15 17 30   0.659  -2.765  -0.974   3.012
 91 129 15 18 30   0.631  -2.733  -1.065   3.010
 91 129 15 19 30   0.287  -2.931  -0.516   3.020
 91 129 15 20 30   0.515  -2.886  -0.640   3.004
 91 129 15 21 30   0.770  -2.819  -0.550   2.986
 91 129 15 22 30   0.562  -2.756  -1.067   3.028
 91 129 15 23 30   0.928  -2.692  -0.767   3.021
 91 129 15 24 30   1.434  -2.625  -0.175   3.003
 91 129 15 25 30   1.322  -2.686   0.184   3.001
 91 129 15 26 30   1.340  -2.665   0.052   2.986
 91 129 15 27 30   1.550  -2.528   0.128   2.971
 91 129 15 28 30   1.604  -2.515   0.073   2.985
 91 129 15 29 30   1.572  -2.558   0.063   3.004
 91 129 15 30 30   1.621  -2.522   0.144   3.003
 91 129 15 31 30   1.291  -2.724   0.078   3.019
 91 129 15 32 30   1.239  -2.709  -0.151   2.986
 91 129 15 33 30   1.185  -2.734  -0.130   2.988
 91 129 15 34 30   1.114  -2.772  -0.167   2.994
 91 129 15 35 30   1.197  -2.757  -0.039   3.011
 91 129 15 36 30   1.042  -2.778  -0.068   2.974
 91 129 15 37 30   0.924  -2.827  -0.005   2.978
 91 129 15 38 30   1.004  -2.769  -0.188   2.952
 91 129 15 45 30   1.063  -2.804  -0.031   3.004
 91 129 15 46 30   1.050  -2.801  -0.165   3.001
 91 129 15 47 30   0.990  -2.819  -0.182   2.999
 91 129 15 48 30   1.142  -2.743   0.351   3.001
 91 129 15 49 30   1.080  -2.793  -0.066   3.000
 91 129 15 50 30   1.151  -2.792   0.049   3.023
 91 129 15 51 30   1.234  -2.723  -0.016   2.998
 91 129 15 52 30   1.341  -2.670  -0.012   2.993
 91 129 15 53 30   1.357  -2.685  -0.102   3.012
 91 129 15 54 30   1.207  -2.750  -0.229   3.014
 91 129 15 55 30   1.168  -2.737  -0.328   2.997
 91 129 15 56 30   1.261  -2.726  -0.128   3.011
 91 129 15 57 30   1.178  -2.725  -0.342   2.991
 91 129 15 58 30   0.966  -2.792  -0.455   2.992
 91 129 15 59 30   0.854  -2.826  -0.389   2.980
 91 129 16 00 30   0.978  -2.790  -0.281   2.973
 91 129 16 01 30   1.059  -2.757  -0.232   2.965
 91 129 16 02 30   1.030  -2.758  -0.401   2.973
 91 129 16 03 30   1.041  -2.741  -0.448   2.968
 91 129 16 04 30   1.207  -2.687  -0.316   2.966
 91 129 16 05 30   1.163  -2.683  -0.291   2.944
 91 129 16 06 30   1.120  -2.704  -0.376   2.953
 91 129 16 07 30   1.082  -2.670  -0.626   2.949
 91 129 16 08 30   1.006  -2.682  -0.627   2.933
 91 129 16 09 30   1.175  -2.618  -0.549   2.934
 91 129 16 10 30   1.462  -2.525   0.256   2.943
 91 129 16 11 30   1.604  -2.431   0.405   2.943
 91 129 16 12 30   1.570  -2.384   0.725   2.948
 91 129 16 13 30   1.509  -2.446   0.595   2.939
 91 129 16 14 30   1.505  -2.440   0.655   2.942
 91 129 16 15 30   1.511  -2.468   0.427   2.927
 91 129 16 16 30   1.081  -2.692  -0.268   2.928
 91 129 16 17 30   0.912  -2.717  -0.516   2.919
 91 129 16 18 30   1.218  -2.645  -0.284   2.927
 91 129 16 19 30   1.197  -2.638  -0.400   2.925
 91 129 16 20 30   1.153  -2.633  -0.500   2.918
 91 129 16 21 30   1.044  -2.675  -0.557   2.926
 91 129 16 22 30   1.148  -2.614  -0.591   2.917
 91 129 16 23 30   1.119  -2.616  -0.653   2.920
 91 129 16 24 30   1.034  -2.656  -0.621   2.918
 91 129 16 25 30   1.014  -2.667  -0.593   2.914
 91 129 16 26 30   1.029  -2.642  -0.574   2.893
 91 129 16 27 30   1.011  -2.674  -0.544   2.911
 91 129 16 28 30   1.009  -2.687  -0.493   2.915
 91 129 16 29 30   1.044  -2.643  -0.645   2.914
 91 129 16 30 30   1.042  -2.638  -0.661   2.913
 91 129 16 31 30   1.072  -2.619  -0.596   2.892
 91 129 16 32 30   1.111  -2.603  -0.620   2.898
 91 129 16 33 30   1.082  -2.608  -0.630   2.894
 91 129 16 34 30   1.094  -2.588  -0.650   2.884
 91 129 16 35 30   1.072  -2.597  -0.609   2.875
 91 129 16 36 30   0.994  -2.626  -0.637   2.880
 91 129 16 37 30   0.976  -2.637  -0.610   2.878
 91 129 16 38 30   0.978  -2.632  -0.616   2.875
 91 129 16 39 30   0.952  -2.630  -0.626   2.866
 91 129 16 40 30   0.902  -2.684  -0.572   2.889
 91 129 16 41 30   1.034  -2.662  -0.548   2.908
 91 129 16 42 30   0.909  -2.673  -0.586   2.884
 91 129 16 43 30   0.979  -2.632  -0.539   2.861
 91 129 16 44 30   0.959  -2.635  -0.534   2.855
 91 129 16 45 30   0.956  -2.602  -0.595   2.836
 91 129 16 46 30   0.897  -2.649  -0.598   2.860
 91 129 16 47 30   0.911  -2.616  -0.609   2.836
 91 129 16 48 30   0.894  -2.632  -0.539   2.832
 91 129 16 49 30   0.870  -2.647  -0.580   2.847
 91 129 16 50 30   0.831  -2.662  -0.631   2.860
 91 129 16 51 30   0.837  -2.661  -0.646   2.864
 91 129 16 52 30   0.928  -2.572  -0.668   2.815
 91 129 16 53 30   0.927  -2.597  -0.644   2.832
 91 129 16 54 30   0.905  -2.621  -0.619   2.842
 91 129 16 55 30   0.938  -2.606  -0.606   2.836
 91 129 16 56 30   0.958  -2.584  -0.635   2.828
 91 129 16 57 30   0.845  -2.623  -0.651   2.832
 91 129 16 58 30   0.792  -2.657  -0.624   2.842
 91 129 17 02 30   0.856  -2.558  -0.773   2.806
 91 129 17 03 30   0.886  -2.595  -0.670   2.823
 91 129 17 04 30   0.913  -2.601  -0.626   2.827
 91 129 17 05 30   0.901  -2.620  -0.604   2.836
 91 129 17 06 30   0.989  -2.585  -0.597   2.833
 91 129 17 07 30   0.991  -2.567  -0.561   2.810
 91 129 17 08 30   0.914  -2.575  -0.641   2.807
 91 129 17 09 30   0.923  -2.563  -0.667   2.805
 91 129 17 10 30   0.995  -2.560  -0.597   2.811
 91 129 17 11 30   1.000  -2.541  -0.630   2.803
 91 129 17 12 30   1.004  -2.523  -0.669   2.797
 91 129 17 13 30   0.919  -2.546  -0.645   2.783
 91 129 17 14 30   0.941  -2.548  -0.584   2.778
 91 129 17 15 30   0.922  -2.537  -0.617   2.770
 91 129 17 16 30   0.932  -2.513  -0.614   2.750
 91 129 17 17 30   0.877  -2.545  -0.605   2.759
 91 129 17 18 30   0.865  -2.551  -0.620   2.765
 91 129 17 19 30   0.880  -2.548  -0.607   2.763
 91 129 17 20 30   0.844  -2.582  -0.590   2.780
 91 129 17 21 30   0.858  -2.552  -0.671   2.775
 91 129 17 22 30   0.899  -2.519  -0.727   2.772
 91 129 17 23 30   0.933  -2.506  -0.749   2.778
 91 129 17 24 30   0.944  -2.483  -0.795   2.773
 91 129 17 25 30   0.933  -2.497  -0.696   2.755
 91 129 17 26 30   0.944  -2.452  -0.781   2.741
 91 129 17 27 30   0.957  -2.455  -0.791   2.752
 91 129 17 28 30   0.980  -2.429  -0.839   2.751
 91 129 17 29 30   0.985  -2.442  -0.844   2.765
 91 129 17 30 30   1.025  -2.408  -0.880   2.761
 91 129 17 31 30   1.065  -2.365  -0.910   2.750
 91 129 17 32 30   1.028  -2.353  -0.919   2.728
 91 129 17 33 30   1.091  -2.323  -0.886   2.716
 91 129 17 34 30   0.900  -2.448  -0.755   2.724
 91 129 17 35 30   0.763  -2.580  -0.546   2.747
 91 129 17 36 30   0.819  -2.560  -0.586   2.752
 91 129 17 37 30   0.839  -2.545  -0.621   2.751
 91 129 17 38 30   0.870  -2.513  -0.635   2.734
 91 129 17 39 30   0.876  -2.517  -0.635   2.740
 91 129 17 40 30   0.881  -2.501  -0.599   2.719
 91 129 17 41 30   0.866  -2.465  -0.565   2.673
 91 129 17 42 30   0.896  -2.498  -0.576   2.716
 91 129 17 43 30   0.928  -2.464  -0.559   2.692
 91 129 17 44 30   0.923  -2.463  -0.617   2.702
 91 129 17 45 30   0.956  -2.478  -0.640   2.733
 91 129 17 46 30   0.986  -2.468  -0.629   2.731
 91 129 17 47 30   1.002  -2.439  -0.627   2.711
 91 129 17 48 30   1.006  -2.452  -0.540   2.706
 91 129 17 49 30   1.014  -2.352  -0.831   2.697
 91 129 17 50 30   1.099  -2.275  -0.923   2.691
 91 129 17 51 30   1.154  -2.246  -0.897   2.682
 91 129 17 52 30   1.095  -2.266  -0.916   2.684
 91 129 17 53 30   0.989  -2.382  -0.773   2.695
 91 129 17 54 30   0.885  -2.490  -0.523   2.696
 91 129 17 55 30   0.898  -2.494  -0.499   2.697
 91 129 17 56 30   0.884  -2.497  -0.423   2.683
 91 129 17 57 30   1.011  -2.423  -0.548   2.682
 91 129 17 58 30   0.930  -2.471  -0.458   2.680
 91 129 17 59 30   0.956  -2.446  -0.449   2.665
 91 129 18 00 30   0.964  -2.437  -0.417   2.654
 91 129 18 01 30   0.943  -2.383  -0.389   2.593
 91 129 18 02 30   0.949  -2.385  -0.421   2.602
 91 129 18 03 30   0.971  -2.393  -0.460   2.624
 91 129 18 04 30   0.965  -2.365  -0.496   2.603
 91 129 18 05 30   0.932  -2.408  -0.406   2.614
 91 129 18 06 30   1.008  -2.351  -0.341   2.582
 91 129 18 07 30   1.065  -2.349  -0.357   2.604
 91 129 18 08 30   1.004  -2.382  -0.410   2.617
 91 129 18 09 30   0.977  -2.391  -0.470   2.625
 91 129 18 10 30   0.985  -2.339  -0.549   2.597
 91 129 18 11 30   0.966  -2.354  -0.531   2.600
 91 129 18 12 30   0.882  -2.385  -0.509   2.594
 91 129 18 13 30   0.795  -2.339  -0.705   2.570
 91 129 18 14 30   0.740  -2.309  -0.780   2.547
 91 129 18 15 30   0.671  -2.328  -0.850   2.569
 91 129 18 16 30   0.718  -2.351  -0.764   2.576
 91 129 18 17 30   0.762  -2.288  -0.855   2.561
 91 129 18 18 30   0.730  -2.296  -0.743   2.523
 91 129 18 19 30   0.660  -2.313  -0.844   2.549
 91 129 18 20 30   0.621  -2.302  -0.830   2.525
 91 129 18 21 30   0.692  -2.284  -0.859   2.539
 91 129 18 22 30   0.687  -2.293  -0.842   2.538
 91 129 18 23 30   0.655  -2.301  -0.841   2.537
 91 129 18 24 30   0.707  -2.267  -0.918   2.549
 91 129 18 25 30   0.687  -2.238  -1.031   2.559
 91 129 18 26 30   0.659  -2.295  -0.871   2.543
 91 129 18 27 30   0.727  -2.220  -0.960   2.527
 91 129 18 28 30   0.661  -2.251  -0.992   2.548
 91 129 18 29 30   0.619  -2.199  -1.125   2.548
 91 129 18 30 30   0.649  -2.242  -1.002   2.541
 91 129 18 31 30   0.654  -2.319  -0.777   2.539
 91 129 18 32 30   0.730  -2.334  -0.637   2.527
 91 129 18 33 30   0.747  -2.357  -0.491   2.522
 91 129 18 34 30   0.706  -2.312  -0.666   2.512
 91 129 18 35 30   0.481  -2.267  -0.979   2.517
 91 129 18 36 30   0.482  -2.285  -0.914   2.511
 91 129 18 37 30   0.536  -2.296  -0.814   2.495
 91 129 18 38 30   0.868  -2.192   0.065   2.363
 91 129 18 39 30   0.885  -2.204  -0.023   2.376
 91 129 18 40 30   0.835  -2.240  -0.119   2.394
 91 129 18 41 30   0.842  -2.215  -0.225   2.380
 91 129 18 42 30   0.823  -2.228  -0.140   2.381
 91 129 18 43 30   0.857  -2.226  -0.158   2.392
 91 129 18 44 30   0.899  -2.224  -0.105   2.401
 91 129 18 45 30   0.860  -2.257  -0.199   2.426
 91 129 18 46 30   0.912  -2.229  -0.283   2.425
 91 129 18 47 30   0.807  -2.274  -0.406   2.447
 91 129 18 48 30   0.758  -2.293  -0.468   2.460
 91 129 18 49 30   0.753  -2.296  -0.554   2.479
 91 129 18 50 30   0.826  -2.256  -0.584   2.473
 91 129 18 51 30   0.812  -2.260  -0.578   2.470
 91 129 18 52 30   0.626  -2.414  -0.701   2.592
 91 129 18 53 30   0.640  -2.415  -0.694   2.594
 91 129 18 54 30   0.656  -2.391  -0.681   2.571
 91 129 18 55 30   0.661  -2.396  -0.721   2.588
 91 129 18 56 30   0.636  -2.325  -0.705   2.511
 91 129 18 57 30   0.588  -2.310  -0.705   2.486
 91 129 18 58 30   0.611  -2.289  -0.757   2.487
 91 129 18 59 30   0.558  -2.294  -0.780   2.487
 91 129 19 00 30   0.602  -2.291  -0.820   2.508
 91 129 19 01 30   0.649  -2.295  -0.697   2.487
 91 129 19 02 30   0.734  -2.287  -0.766   2.522
 91 129 19 03 30   1.024  -2.132  -0.750   2.484
 91 129 19 04 30   1.194  -1.975  -0.706   2.417
 91 129 19 05 30   1.103  -2.017  -0.695   2.404
 91 129 19 06 30   1.023  -2.144  -0.803   2.508
 91 129 19 07 30   1.029  -2.125  -0.794   2.503
 91 129 19 08 30   1.227  -1.835  -1.215   2.520
 91 129 19 09 30   1.236  -1.850  -1.178   2.518
 91 129 19 10 30   1.206  -1.842  -1.171   2.494
 91 129 19 11 30   1.178  -1.837  -1.226   2.503
 91 129 19 12 30   1.207  -1.830  -1.230   2.514
 91 129 19 13 30   0.916  -2.049  -0.938   2.442
 91 129 19 14 30   0.820  -2.068  -0.926   2.410
 91 129 19 15 30   0.849  -2.051  -0.950   2.414
 91 129 19 16 30   0.822  -2.086  -1.001   2.456
 91 129 19 17 30   0.854  -2.052  -1.056   2.462
 91 129 19 18 30   0.848  -2.070  -1.002   2.451
 91 129 19 19 30   0.861  -2.078  -1.050   2.482
 91 129 19 20 30   0.854  -2.065  -1.135   2.508
 91 129 19 21 30   0.862  -2.110  -1.063   2.515
 91 129 19 22 30   0.835  -2.111  -1.079   2.514
 91 129 19 23 30   0.837  -2.133  -1.026   2.512
 91 129 19 24 30   0.768  -2.186  -0.984   2.518
 91 129 19 25 30   0.800  -2.190  -0.948   2.518
 91 129 19 26 30   0.858  -2.187  -0.884   2.510
 91 129 19 27 30   0.860  -2.193  -0.886   2.517
 91 129 19 28 30   0.827  -2.202  -0.900   2.519
 91 129 19 29 30   0.824  -2.199  -0.925   2.525
 91 129 19 30 30   0.831  -2.190  -0.969   2.536
 91 129 19 31 30   0.827  -2.193  -0.975   2.538
 91 129 19 32 30   0.819  -2.201  -0.992   2.549
 91 129 19 33 30   0.767  -2.232  -0.982   2.556
 91 129 19 34 30   0.780  -2.223  -0.991   2.556
 91 129 19 35 30   0.778  -2.182  -1.056   2.547
 91 129 19 36 30   0.814  -2.157  -1.062   2.539
 91 129 19 37 30   0.790  -2.125  -1.096   2.519
 91 129 19 38 30   0.808  -2.077  -1.097   2.485
 91 129 19 39 30   0.828  -2.074  -1.083   2.483
 91 129 19 40 30   0.851  -2.053  -1.116   2.488
 91 129 19 41 30   0.797  -2.054  -1.136   2.479
 91 129 19 42 30   0.794  -2.093  -1.109   2.499
 91 129 19 43 30   0.817  -2.092  -1.101   2.502
 91 129 19 44 30   0.832  -2.108  -1.061   2.503
 91 129 19 45 30   0.820  -2.081  -1.128   2.505
 91 129 19 46 30   0.784  -2.135  -1.063   2.512
 91 129 19 47 30   0.859  -2.093  -1.053   2.496
 91 129 19 48 30   0.932  -2.127  -0.967   2.516
 91 129 19 49 30   0.979  -2.124  -0.947   2.524
 91 129 19 50 30   0.850  -2.109  -1.077   2.519
 91 129 19 51 30   0.674  -2.021  -1.233   2.462
 91 129 19 52 30   0.729  -1.997  -1.189   2.436
 91 129 19 53 30   0.660  -1.999  -1.248   2.448
 91 129 19 54 30   0.655  -2.001  -1.226   2.437
 91 129 19 55 30   0.819  -1.980  -1.076   2.400
 91 129 19 56 30   0.804  -1.968  -1.066   2.379
 91 129 19 57 30   0.895  -2.059  -0.810   2.388
 91 129 19 58 30   0.826  -1.967  -1.000   2.357
 91 129 19 59 30   0.747  -1.981  -0.997   2.342
 91 129 20 00 30   0.732  -1.971  -1.027   2.341
 91 129 20 01 30   0.782  -1.972  -0.962   2.330
 91 129 20 02 30   0.782  -1.950  -0.986   2.322
 91 129 20 03 30   0.767  -1.960  -0.996   2.328
 91 129 20 04 30   0.756  -1.905  -1.078   2.320
 91 129 20 05 30   0.765  -1.954  -0.956   2.306
 91 129 20 06 30   0.774  -1.894  -1.052   2.302
 91 129 20 07 30   0.813  -1.845  -1.089   2.292
 91 129 20 08 30   0.771  -1.809  -1.170   2.289
 91 129 20 09 30   0.866  -1.834  -1.104   2.313
 91 129 20 10 30   0.896  -1.881  -1.063   2.341
 91 129 20 11 30   0.845  -1.858  -1.148   2.343
 91 129 20 12 30   0.863  -1.855  -1.176   2.361
 91 129 20 13 30   0.834  -1.904  -1.108   2.357
 91 129 20 14 30   0.843  -1.878  -1.145   2.356
 91 129 20 15 30   0.819  -1.847  -1.205   2.354
 91 129 20 16 30   0.788  -1.851  -1.200   2.345
 91 129 20 17 30   0.834  -2.006  -0.520   2.263
 91 129 20 18 30   0.872  -2.053  -0.129   2.237
 91 129 20 19 30   0.801  -2.080  -0.145   2.237
 91 129 20 20 30   0.758  -2.111   0.142   2.256
 91 129 20 21 30   0.632  -2.081   0.512   2.251
 91 129 20 22 30   0.629  -2.044   0.669   2.242
 91 129 20 23 30   0.644  -1.901   0.936   2.222
 91 129 20 24 30   0.624  -1.835   1.107   2.233
 91 129 20 25 30   0.626  -1.873   1.034   2.231
 91 129 20 26 30   0.622  -1.827   1.102   2.223
 91 129 20 27 30   0.641  -1.976   0.798   2.235
 91 129 20 28 30   0.620  -2.095   0.358   2.216
 91 129 20 29 30   0.666  -2.076   0.292   2.206
 91 129 20 30 30   0.542  -2.072   0.334   2.173
 91 129 20 31 30   0.516  -2.068   0.312   2.155
 91 129 20 32 30   0.508  -2.015   0.188   2.102
 91 129 20 33 30   0.144  -1.662  -1.151   2.078
 91 129 20 34 30  -0.139  -1.342  -1.533   2.050
 91 129 20 35 30  -0.023  -1.367  -1.517   2.045
 91 129 20 36 30   0.080  -1.308  -1.556   2.039
 91 129 20 37 30   0.401  -1.664  -1.155   2.072
 91 129 20 38 30   0.491  -1.825  -0.776   2.052
 91 129 20 39 30   0.532  -1.706  -0.971   2.038
 91 129 20 40 30   0.561  -1.704  -0.989   2.056
 91 129 20 41 30   0.692  -1.443  -1.322   2.078
 91 129 20 42 30   0.697  -1.515  -1.272   2.099
 91 129 20 43 30   0.669  -1.543  -1.227   2.083
 91 129 20 44 30   0.624  -1.652  -1.114   2.091
 91 129 20 45 30   0.619  -1.677  -1.010   2.060
 91 129 20 46 30   0.769  -1.585  -1.064   2.062
 91 129 20 47 30   0.747  -1.694  -0.893   2.063
 91 129 20 48 30   0.656  -1.774  -0.820   2.077
 91 129 20 49 30   0.387  -1.308  -1.321   2.029
 91 129 20 50 30   0.065  -0.736  -1.890   2.039
 91 129 20 51 30   0.074  -0.803  -1.817   1.995
 91 129 20 52 30   0.098  -0.914  -1.770   1.999
 91 129 20 53 30   0.144  -1.038  -1.716   2.014
 91 129 20 54 30   0.049  -1.107  -1.687   2.020
 91 129 20 55 30   0.083  -1.131  -1.687   2.033
 91 129 20 56 30   0.144  -1.151  -1.676   2.038
 91 129 20 57 30   0.219  -1.145  -1.629   2.010
 91 129 20 58 30   0.529  -1.277  -1.428   1.992
 91 129 20 59 30   1.006  -1.357  -0.829   1.899
 91 129 21 00 30   1.097  -1.446  -0.667   1.936
 91 129 21 01 30   1.158  -1.423  -0.645   1.946
 91 129 21 02 30   1.198  -1.430  -0.602   1.961
 91 129 21 03 30   1.219  -1.435  -0.581   1.971
 91 129 21 04 30   1.293  -1.359  -0.581   1.964
 91 129 21 05 30   1.318  -1.341  -0.544   1.959
 91 129 21 06 30   1.326  -1.333  -0.518   1.951
 91 129 21 07 30   1.271  -1.360  -0.550   1.944
 91 129 21 08 30   1.192  -1.452  -0.527   1.952
 91 129 21 09 30   1.109  -1.471  -0.603   1.940
 91 129 21 10 30   1.099  -1.460  -0.498   1.909
 91 129 21 11 30   1.183  -1.327  -0.676   1.911
 91 129 21 12 30   1.039  -1.379  -0.806   1.921
 91 129 21 13 30   0.742  -1.591  -0.769   1.942
 91 129 21 14 30   0.885  -1.430  -0.933   1.929
 91 129 21 15 30   0.850  -1.494  -0.815   1.928
 91 129 21 16 30   0.699  -1.425  -1.213   2.003
 91 129 21 17 30   0.688  -1.544  -1.069   2.011
 91 129 21 18 30   0.067  -1.155  -1.563   1.956
 91 129 21 19 30   0.245  -1.391  -1.307   1.944
 91 129 21 20 30   0.241  -1.541  -1.185   1.962
 91 129 21 21 30   0.185  -1.593  -1.127   1.967
 91 129 21 22 30   0.398  -1.457  -1.236   1.969
 91 129 21 23 30   0.417  -1.415  -1.315   1.980
 91 129 21 24 30   0.402  -1.371  -1.298   1.934
 91 129 21 25 30   0.479  -1.443  -1.210   1.947
 91 129 21 26 30   0.371  -1.551  -1.038   1.911
 91 129 21 27 30   0.104  -1.668  -0.903   1.912
 91 129 21 28 30   0.218  -1.365  -1.165   1.895
 91 129 21 29 30  -0.014  -0.902  -1.659   1.890
 91 129 21 30 30  -0.057  -0.893  -1.671   1.896
 91 129 21 31 30  -0.044  -0.860  -1.687   1.894
 91 129 21 32 30   0.016  -0.891  -1.680   1.902
 91 129 21 33 30   0.009  -0.902  -1.665   1.894
 91 129 21 34 30   0.000  -0.846  -1.705   1.904
 91 129 21 35 30   0.104  -0.919  -1.615   1.865
 91 129 21 36 30   0.073  -0.907  -1.621   1.860
 91 129 21 37 30   0.051  -0.932  -1.666   1.911
 91 129 21 38 30   0.175  -1.080  -1.566   1.912
 91 129 21 39 30  -0.075  -0.858  -1.716   1.925
 91 129 21 40 30  -0.211  -0.753  -1.756   1.926
 91 129 21 41 30  -0.346  -0.596  -1.797   1.925
 91 129 21 42 30  -0.314  -0.576  -1.807   1.922
 91 129 21 43 30  -0.348  -0.530  -1.783   1.893
 91 129 21 44 30  -0.236  -0.643  -1.698   1.836
 91 129 21 45 30  -0.197  -0.698  -1.659   1.812
 91 129 21 46 30  -0.245  -0.623  -1.664   1.795
 91 129 21 47 30  -0.377  -0.183  -1.750   1.813
 91 129 21 48 30  -0.369  -0.325  -1.733   1.810
 91 129 21 49 30  -0.303  -0.445  -1.720   1.804
 91 129 21 50 30  -0.221  -0.626  -1.650   1.792
 91 129 21 51 30  -0.270  -0.722  -1.589   1.785
 91 129 21 52 30   0.132  -1.359  -1.138   1.803
 91 129 21 53 30   0.069  -1.336  -1.276   1.858
 91 129 21 54 30  -0.463  -1.186  -1.310   1.862
 91 129 21 55 30  -0.259  -0.738  -1.565   1.804
 91 129 21 56 30   0.057  -1.124  -1.298   1.819
 91 129 21 57 30   0.581  -1.561  -0.854   1.875
 91 129 21 58 30   0.665  -1.523  -0.716   1.818
 91 129 21 59 30   0.624  -1.531  -0.633   1.772
 91 129 22 00 30   0.585  -1.518  -0.665   1.758
 91 129 22 01 30   0.604  -1.571  -0.553   1.772
 91 129 22 02 30   0.560  -1.595  -0.563   1.782
 91 129 22 03 30   0.589  -1.627  -0.461   1.792
 91 129 22 04 30   0.561  -1.657  -0.296   1.776
 91 129 22 05 30   0.587  -1.679  -0.232   1.796
 91 129 22 06 30   0.472  -1.707  -0.387   1.816
 91 129 22 07 30   0.541  -1.720  -0.132   1.815
 91 129 22 08 30   0.607  -1.688  -0.002   1.795
 91 129 22 09 30   0.583  -1.676   0.168   1.783
 91 129 22 10 30   0.621  -1.616   0.548   1.827
 91 129 22 11 30   0.718  -1.641   0.091   1.832
 91 129 22 12 30   0.522  -1.610  -0.726   1.845
 91 129 22 13 30   0.468  -1.676  -0.520   1.820
 91 129 22 14 30   0.435  -1.645  -0.562   1.793
 91 129 22 15 30   0.587  -1.629  -0.433   1.789
 91 129 22 16 30   0.374  -1.604  -0.746   1.810
 91 129 22 17 30   0.656  -1.711  -0.242   1.855
 91 129 22 18 30   0.724  -1.699  -0.128   1.852
 91 129 22 19 30   0.716  -1.687   0.007   1.834
 91 129 22 20 30   0.695  -1.715  -0.029   1.853
 91 129 22 21 30   0.720  -1.734   0.198   1.891
 91 129 22 22 30   0.769  -1.736   0.100   1.903
 91 129 22 23 30   0.753  -1.742  -0.046   1.899
 91 129 22 24 30   0.765  -1.726  -0.069   1.896
 91 129 22 25 30   0.811  -1.662  -0.250   1.870
 91 129 22 26 30   0.721  -1.726  -0.040   1.871
 91 129 22 27 30   0.721  -1.744  -0.003   1.889
 91 129 22 28 30   0.891  -1.637   0.226   1.881
 91 129 22 29 30   0.835  -1.624   0.292   1.870
 91 129 22 30 30   0.977  -1.474   0.540   1.850
 91 129 22 31 30   0.949  -1.496   0.521   1.847
 91 129 22 32 30   1.024  -1.447   0.576   1.866
 91 129 22 33 30   0.978  -1.397  -0.431   1.805
 91 129 22 34 30   1.026  -1.422  -0.366   1.796
 91 129 22 35 30   1.087  -1.444  -0.145   1.816
 91 129 22 36 30   1.011  -1.487   0.078   1.810
 91 129 22 37 30   0.781  -1.505   0.579   1.829
 91 129 22 38 30   0.895  -1.510   0.486   1.822
 91 129 22 39 30   0.869  -1.505   0.585   1.834
 91 129 22 40 30   0.873  -1.526   0.511   1.832
 91 129 22 41 30   0.975  -1.468   0.383   1.804
 91 129 22 42 30   1.005  -1.432   0.443   1.806
 91 129 22 43 30   0.897  -1.511   0.469   1.826
 91 129 22 44 30   1.007  -1.402   0.535   1.809
 91 129 22 45 30   0.978  -1.426   0.547   1.814
 91 129 22 46 30   0.846  -1.516   0.415   1.804
 91 129 22 47 30   0.743  -1.628   0.094   1.794
 91 129 22 48 30   0.750  -1.613   0.011   1.781
 91 129 22 49 30   0.868  -1.535   0.215   1.778
 91 129 22 50 30   0.894  -1.513   0.279   1.780
 91 129 22 51 30   0.925  -1.496   0.285   1.783
 91 129 22 52 30   0.928  -1.500   0.304   1.790
 91 129 22 53 30   0.942  -1.492   0.251   1.783
 91 129 22 54 30   0.955  -1.490   0.213   1.783
 91 129 22 55 30   0.919  -1.508   0.225   1.781
 91 129 22 56 30   0.931  -1.494   0.055   1.769
 91 129 22 57 30   0.956  -1.479   0.182   1.771
 91 129 22 58 30   0.935  -1.488   0.104   1.763
 91 129 22 59 30   0.946  -1.483   0.054   1.772
 91 129 23 00 30   1.064  -1.346   0.422   1.770
 91 129 23 01 30   1.071  -1.403   0.334   1.797
 91 129 23 04 30   1.021  -1.443   0.237   1.783
 91 129 23 05 30   1.031  -1.419   0.255   1.774
 91 129 23 06 30   1.122  -1.320   0.177   1.743
 91 129 23 07 30   1.100  -1.356   0.188   1.758
 91 129 23 08 30   1.172  -1.299   0.153   1.757
 91 129 23 09 30   0.972  -1.441   0.144   1.751
 91 129 23 10 30   1.067  -1.368   0.171   1.749
 91 129 23 11 30   1.135  -1.288   0.235   1.734
 91 129 23 12 30   1.134  -1.293   0.184   1.730
 91 129 23 13 30   1.155  -1.274   0.126   1.727
 91 129 23 14 30   1.142  -1.281   0.212   1.730
 91 129 23 15 30   1.091  -1.337   0.232   1.742
 91 129 23 16 30   1.163  -1.255   0.311   1.751
 91 129 23 17 30   1.047  -1.399   0.188   1.758
 91 129 23 18 30   1.068  -1.372   0.272   1.763
 91 129 23 19 30   0.995  -1.414   0.182   1.750
 91 129 23 20 30   1.101  -1.336   0.202   1.747
 91 129 23 21 30   1.020  -1.392   0.090   1.729
 91 129 23 22 30   1.098  -1.316   0.218   1.730
 91 129 23 23 30   1.090  -1.341   0.184   1.739
 91 129 23 24 30   1.047  -1.378   0.358   1.777
 91 129 23 25 30   1.023  -1.416   0.483   1.814
 91 129 23 26 30   1.116  -1.351   0.447   1.811
 91 129 23 27 30   0.979  -1.452   0.510   1.828
 91 129 23 28 30   0.804  -1.548   0.589   1.842
 91 129 23 29 30   0.693  -1.553   0.704   1.842
 91 129 23 30 30   0.730  -1.575   0.646   1.859
 91 129 23 31 30   0.842  -1.579   0.478   1.854
 91 129 23 32 30   0.797  -1.552   0.571   1.841
 91 129 23 33 30   0.668  -1.490   0.842   1.842
 91 129 23 34 30   0.696  -1.425   0.924   1.836
 91 129 23 35 30   0.609  -1.599   0.735   1.895
 91 129 23 36 30   0.483  -1.800   0.585   1.955
 91 129 23 37 30   0.565  -1.737   0.633   1.933
 91 129 23 38 30   0.692  -1.681   0.427   1.891
 91 129 23 39 30   0.738  -1.656   0.276   1.836
 91 129 23 40 30   0.643  -1.698   0.416   1.867
 91 129 23 41 30   0.437  -1.763   0.398   1.864
 91 129 23 42 30   0.459  -1.743   0.261   1.828
 91 129 23 43 30   0.468  -1.751   0.361   1.849
 91 129 23 44 30   0.625  -1.715   0.119   1.836
 91 129 23 45 30   0.509  -1.769   0.101   1.848
 91 129 23 46 30   0.553  -1.744  -0.058   1.831
 91 129 23 47 30   0.540  -1.726   0.051   1.811
 91 129 23 48 30   0.558  -1.697  -0.001   1.789
 91 129 23 49 30   0.565  -1.682   0.021   1.775
 91 129 23 50 30   0.566  -1.673   0.092   1.774
 91 129 23 51 30   0.541  -1.676   0.239   1.778
 91 129 23 52 30   0.599  -1.651   0.224   1.773
 91 129 23 53 30   0.652  -1.615   0.306   1.771
 91 129 23 54 30   0.669  -1.619   0.340   1.785
 91 129 23 55 30   0.672  -1.609   0.273   1.765
 91 129 23 56 30   0.623  -1.585   0.345   1.741
 91 129 23 57 30   0.574  -1.610   0.282   1.734
 91 129 23 58 30   0.605  -1.626   0.199   1.747
 91 129 23 59 30   0.626  -1.614   0.192   1.742
