 91 131 00 00 30   0.922  -1.636   0.214   1.896
 91 131 00 01 30   0.818  -1.674   0.160   1.885
 91 131 00 02 30   0.920  -1.598   0.425   1.897
 91 131 00 03 30   0.882  -1.677   0.263   1.917
 91 131 00 04 30   0.933  -1.696   0.198   1.948
 91 131 00 05 30   0.883  -1.711   0.164   1.938
 91 131 00 06 30   0.796  -1.760  -0.044   1.935
 91 131 00 07 30   0.712  -1.783  -0.263   1.940
 91 131 00 08 30   0.783  -1.771   0.024   1.962
 91 131 00 09 30   0.708  -1.827  -0.146   1.969
 91 131 00 10 30   0.646  -1.847  -0.119   1.961
 91 131 00 11 30   0.747  -1.812  -0.053   1.962
 91 131 00 12 30   0.871  -1.759   0.013   1.966
 91 131 00 13 30   1.322  -1.197   0.714   1.960
 91 131 00 14 30   1.479  -1.131   0.691   1.993
 91 131 00 15 30   1.450  -1.086   0.640   1.974
 91 131 00 16 30   0.804  -1.798   0.013   1.976
 91 131 00 17 30   0.596  -1.890   0.007   1.984
 91 131 00 18 30   0.664  -1.863   0.006   1.981
 91 131 00 19 30   0.881  -1.764   0.149   1.979
 91 131 00 20 30   0.961  -1.705   0.243   1.973
 91 131 00 21 30   1.041  -1.663   0.181   1.971
 91 131 00 22 30   1.092  -1.633   0.134   1.970
 91 131 00 23 30   1.208  -1.533   0.252   1.974
 91 131 00 24 30   1.366  -1.354   0.430   1.982
 91 131 00 25 30   1.558  -1.148   0.421   1.983
 91 131 00 26 30   1.472  -0.922   0.847   1.968
 91 131 00 27 30   1.287  -1.336   0.401   1.964
 91 131 00 28 30   1.093  -1.505   0.350   1.940
 91 131 00 29 30   1.573  -0.749   0.854   1.948
 91 131 00 30 30   1.637  -0.662   0.850   1.965
 91 131 00 31 30   1.567  -0.823   0.832   1.957
 91 131 00 32 30   1.567  -0.761   0.891   1.957
 91 131 00 33 30   1.570  -0.663   0.975   1.966
 91 131 00 34 30   1.580  -0.521   1.031   1.959
 91 131 00 35 30   1.588  -0.633   0.973   1.968
 91 131 00 36 30   1.624  -0.507   0.988   1.972
 91 131 00 37 30   1.534  -0.436   1.156   1.972
 91 131 00 38 30   1.574  -0.443   1.050   1.949
 91 131 00 39 30   1.381  -1.016   0.422   1.935
 91 131 00 40 30   1.182  -1.478  -0.139   1.927
 91 131 00 41 30   0.978  -1.547  -0.527   1.917
 91 131 00 42 30   0.825  -1.707  -0.210   1.912
 91 131 00 43 30   0.990  -1.599  -0.284   1.908
 91 131 00 44 30   0.807  -1.755  -0.030   1.932
 91 131 00 45 30   0.985  -1.573  -0.340   1.910
 91 131 00 46 30   0.930  -1.491  -0.700   1.904
 91 131 00 47 30   0.936  -1.573  -0.468   1.893
 91 131 00 48 30   0.977  -1.612  -0.198   1.901
 91 131 00 49 30   0.946  -1.624  -0.298   1.908
 91 131 00 50 30   0.859  -1.677  -0.340   1.915
 91 131 00 51 30   0.873  -1.669  -0.320   1.912
 91 131 00 52 30   0.851  -1.704  -0.233   1.920
 91 131 00 53 30   0.848  -1.679  -0.352   1.914
 91 131 00 54 30   1.039  -1.589  -0.236   1.918
 91 131 00 55 30   1.088  -1.571  -0.182   1.920
 91 131 00 56 30   1.052  -1.578  -0.260   1.915
 91 131 00 57 30   1.041  -1.581  -0.303   1.918
 91 131 00 58 30   0.988  -1.610  -0.321   1.917
 91 131 00 59 30   0.959  -1.618  -0.345   1.914
 91 131 01 00 30   0.916  -1.637  -0.368   1.912
 91 131 01 01 30   0.958  -1.631  -0.294   1.916
 91 131 01 02 30   1.026  -1.601  -0.184   1.910
 91 131 01 03 30   1.062  -1.578  -0.173   1.910
 91 131 01 04 30   1.066  -1.574  -0.241   1.917
 91 131 01 05 30   1.089  -1.580  -0.112   1.923
 91 131 01 06 30   1.085  -1.579  -0.159   1.923
 91 131 01 07 30   1.156  -1.527  -0.205   1.926
 91 131 01 08 30   1.144  -1.518  -0.308   1.926
 91 131 01 09 30   1.144  -1.516  -0.338   1.930
 91 131 01 10 30   1.175  -1.464  -0.458   1.933
 91 131 01 11 30   1.111  -1.527  -0.423   1.935
 91 131 01 12 30   1.088  -1.519  -0.496   1.933
 91 131 01 13 30   1.075  -1.551  -0.368   1.923
 91 131 01 14 30   1.080  -1.553  -0.340   1.922
 91 131 01 15 30   1.107  -1.516  -0.433   1.928
 91 131 01 16 30   1.128  -1.505  -0.410   1.926
 91 131 01 17 30   1.144  -1.536  -0.213   1.928
 91 131 01 18 30   1.174  -1.529  -0.053   1.932
 91 131 01 19 30   1.208  -1.507  -0.203   1.943
 91 131 01 20 30   1.022  -1.604  -0.334   1.932
 91 131 01 21 30   1.118  -1.555  -0.230   1.932
 91 131 01 22 30   1.140  -1.543  -0.195   1.930
 91 131 01 23 30   0.934  -1.640  -0.382   1.934
 91 131 01 24 30   0.875  -1.644  -0.503   1.930
 91 131 01 25 30   0.948  -1.593  -0.517   1.924
 91 131 01 26 30   0.922  -1.563  -0.606   1.915
 91 131 01 27 30   0.830  -1.631  -0.503   1.903
 91 131 01 28 30   0.745  -1.714  -0.422   1.917
 91 131 01 29 30   0.808  -1.617  -0.621   1.919
 91 131 01 30 30   0.742  -1.604  -0.726   1.915
 91 131 01 31 30   0.875  -1.515  -0.748   1.929
 91 131 01 32 30   0.538  -1.635  -0.799   1.942
 91 131 01 33 30   0.392  -1.491  -1.167   1.939
 91 131 01 34 30   0.535  -1.675  -0.809   1.939
 91 131 01 35 30   0.602  -1.681  -0.737   1.937
 91 131 01 36 30   0.715  -1.704  -0.456   1.930
 91 131 01 37 30   0.569  -1.701  -0.685   1.935
 91 131 01 38 30   0.503  -1.741  -0.675   1.937
 91 131 01 39 30   0.389  -1.757  -0.733   1.946
 91 131 01 40 30   0.314  -1.771  -0.733   1.944
 91 131 01 41 30   0.286  -1.748  -0.760   1.928
 91 131 01 42 30   0.310  -1.731  -0.784   1.927
 91 131 01 43 30   0.264  -1.800  -0.686   1.948
 91 131 01 44 30   0.143  -1.829  -0.642   1.947
 91 131 01 45 30   0.282  -1.816  -0.639   1.947
 91 131 01 46 30   0.372  -1.779  -0.711   1.952
 91 131 01 47 30   0.393  -1.766  -0.748   1.957
 91 131 01 48 30   0.387  -1.784  -0.697   1.955
 91 131 01 49 30   0.335  -1.802  -0.680   1.955
 91 131 01 50 30   0.348  -1.797  -0.677   1.952
 91 131 01 51 30   0.380  -1.775  -0.718   1.952
 91 131 01 52 30   0.326  -1.779  -0.715   1.946
 91 131 01 53 30   0.377  -1.773  -0.706   1.946
 91 131 01 54 30   0.380  -1.774  -0.704   1.946
 91 131 01 55 30   0.390  -1.775  -0.702   1.949
 91 131 01 56 30   0.367  -1.775  -0.741   1.959
 91 131 01 57 30   0.367  -1.758  -0.791   1.963
 91 131 01 58 30   0.396  -1.771  -0.767   1.971
 91 131 01 59 30   0.421  -1.773  -0.710   1.956
 91 131 02 00 30   0.424  -1.794  -0.700   1.972
 91 131 02 01 30   0.492  -1.797  -0.654   1.975
 91 131 02 02 30   0.458  -1.796  -0.689   1.978
 91 131 02 03 30   0.461  -1.796  -0.672   1.972
 91 131 02 04 30   0.404  -1.787  -0.708   1.965
 91 131 02 05 30   0.359  -1.802  -0.693   1.964
 91 131 02 06 30   0.253  -1.829  -0.683   1.969
 91 131 02 07 30   0.316  -1.804  -0.734   1.974
 91 131 02 08 30   0.265  -1.799  -0.761   1.973
 91 131 02 09 30   0.177  -1.808  -0.768   1.976
 91 131 02 10 30   0.062  -1.808  -0.774   1.969
 91 131 02 11 30  -0.008  -1.818  -0.750   1.976
 91 131 02 12 30  -0.047  -1.751  -0.919   1.982
 91 131 02 13 30   0.220  -1.639  -1.125   2.007
 91 131 02 14 30   0.380  -1.688  -1.065   2.033
 91 131 02 15 30   0.269  -1.820  -0.831   2.028
 91 131 02 16 30   0.208  -1.863  -0.784   2.034
 91 131 02 17 30   0.253  -1.848  -0.829   2.042
 91 131 02 18 30   0.262  -1.817  -0.894   2.043
 91 131 02 19 30   0.241  -1.854  -0.815   2.042
 91 131 02 20 30   0.162  -1.826  -0.880   2.038
 91 131 02 21 30   0.082  -1.908  -0.696   2.036
 91 131 02 22 30   0.099  -1.920  -0.617   2.024
 91 131 02 23 30  -0.014  -1.906  -0.656   2.019
 91 131 02 24 30  -0.254  -1.947  -0.573   2.060
 91 131 02 25 30  -0.391  -1.664  -0.733   2.038
 91 131 02 26 30   0.775  -1.825  -0.300   2.022
 91 131 02 27 30   0.735  -1.818  -0.505   2.029
 91 131 02 28 30   0.697  -1.874  -0.423   2.048
 91 131 02 29 30   0.697  -1.865  -0.456   2.055
 91 131 02 30 30   1.029  -1.762  -0.251   2.061
 91 131 02 31 30   1.247  -1.652  -0.203   2.081
 91 131 02 32 30   1.231  -1.629  -0.204   2.053
 91 131 02 33 30   1.425  -1.497  -0.143   2.072
 91 131 02 34 30   1.401  -1.502  -0.168   2.061
 91 131 02 35 30   1.406  -1.525  -0.165   2.083
 91 131 02 36 30   1.478  -1.449  -0.107   2.073
 91 131 02 37 30   1.455  -1.476  -0.069   2.074
 91 131 02 38 30   1.392  -1.526   0.035   2.066
 91 131 02 39 30   1.342  -1.578   0.121   2.076
 91 131 02 40 30   1.331  -1.575   0.169   2.069
 91 131 02 41 30   1.346  -1.544   0.252   2.064
 91 131 02 42 30   1.338  -1.486   0.305   2.023
 91 131 02 43 30   1.149  -1.592   0.191   1.976
 91 131 02 44 30   1.267  -1.483   0.254   1.968
 91 131 02 45 30   1.284  -1.477   0.279   1.978
 91 131 02 46 30   1.323  -1.443   0.304   1.982
 91 131 02 47 30   1.342  -1.433   0.305   1.987
 91 131 02 48 30   1.322  -1.435   0.361   1.985
 91 131 02 49 30   1.302  -1.456   0.331   1.981
 91 131 02 50 30   1.266  -1.467   0.365   1.972
 91 131 02 51 30   1.245  -1.486   0.379   1.976
 91 131 02 52 30   1.280  -1.463   0.375   1.980
 91 131 02 53 30   1.287  -1.460   0.381   1.984
 91 131 02 54 30   1.286  -1.454   0.375   1.977
 91 131 02 55 30   1.286  -1.433   0.368   1.960
 91 131 02 56 30   1.268  -1.442   0.363   1.955
 91 131 02 57 30   1.249  -1.447   0.406   1.955
 91 131 02 58 30   1.202  -1.463   0.530   1.967
 91 131 02 59 30   1.145  -1.485   0.590   1.966
 91 131 03 00 30   1.149  -1.477   0.562   1.954
 91 131 03 01 30   1.186  -1.484   0.529   1.972
 91 131 03 02 30   1.185  -1.494   0.509   1.974
 91 131 03 03 30   1.235  -1.461   0.479   1.973
 91 131 03 04 30   1.278  -1.431   0.465   1.974
 91 131 03 05 30   1.347  -1.409   0.392   1.990
 91 131 03 06 30   1.396  -1.406   0.305   2.006
 91 131 03 07 30   1.423  -1.313   0.426   1.984
 91 131 03 08 30   1.465  -1.259   0.461   1.986
 91 131 03 09 30   1.535  -1.181   0.392   1.979
 91 131 03 10 30   1.570  -1.113   0.458   1.978
 91 131 03 11 30   1.501  -1.185   0.507   1.981
 91 131 03 12 30   1.468  -1.320   0.462   2.037
 91 131 03 13 30   1.608  -1.294   0.142   2.077
 91 131 03 14 30   1.576  -1.335  -0.084   2.068
 91 131 03 15 30   1.581  -1.340  -0.030   2.072
 91 131 03 16 30   1.556  -1.362   0.069   2.070
 91 131 03 17 30   1.591  -1.339  -0.053   2.081
 91 131 03 18 30   1.571  -1.351   0.102   2.076
 91 131 03 19 30   1.578  -1.345   0.258   2.091
 91 131 03 20 30   1.597  -1.394   0.129   2.126
 91 131 03 21 30   1.584  -1.416   0.040   2.126
 91 131 03 22 30   1.578  -1.420   0.079   2.124
 91 131 03 23 30   1.565  -1.423   0.165   2.122
 91 131 03 24 30   1.564  -1.417   0.211   2.121
 91 131 03 25 30   1.547  -1.428   0.210   2.116
 91 131 03 26 30   1.537  -1.439   0.283   2.125
 91 131 03 27 30   1.522  -1.459   0.246   2.123
 91 131 03 28 30   1.524  -1.443   0.273   2.117
 91 131 03 29 30   1.502  -1.468   0.254   2.116
 91 131 03 30 30   1.517  -1.469   0.253   2.128
 91 131 03 31 30   1.539  -1.436   0.287   2.124
 91 131 03 32 30   1.552  -1.415   0.309   2.123
 91 131 03 33 30   1.556  -1.411   0.291   2.121
 91 131 03 34 30   1.570  -1.396   0.300   2.123
 91 131 03 35 30   1.567  -1.398   0.287   2.120
 91 131 03 36 30   1.568  -1.405   0.285   2.125
 91 131 03 37 30   1.594  -1.371   0.327   2.127
 91 131 03 38 30   1.504  -1.412   0.466   2.116
 91 131 03 39 30   1.485  -1.432   0.468   2.116
 91 131 03 40 30   1.502  -1.446   0.382   2.120
 91 131 03 41 30   1.542  -1.418   0.341   2.123
 91 131 03 42 30   1.587  -1.375   0.329   2.126
 91 131 03 43 30   1.588  -1.374   0.342   2.128
 91 131 03 44 30   1.626  -1.337   0.318   2.129
 91 131 03 45 30   1.651  -1.302   0.315   2.126
 91 131 03 46 30   1.658  -1.279   0.347   2.123
 91 131 03 47 30   1.651  -1.276   0.414   2.128
 91 131 03 48 30   1.532  -1.389   0.327   2.101
 91 131 03 49 30   1.448  -1.455   0.255   2.069
 91 131 03 50 30   1.482  -1.402   0.318   2.065
 91 131 03 51 30   1.488  -1.396   0.322   2.065
 91 131 03 52 30   1.512  -1.371   0.340   2.069
 91 131 03 53 30   1.517  -1.345   0.367   2.061
 91 131 03 54 30   1.531  -1.337   0.364   2.065
 91 131 03 55 30   1.537  -1.343   0.318   2.065
 91 131 03 56 30   1.603  -1.275   0.281   2.069
 91 131 03 57 30   1.632  -1.194   0.414   2.066
 91 131 03 58 30   1.608  -1.183   0.505   2.059
 91 131 03 59 30   1.606  -1.162   0.570   2.063
 91 131 04 00 30   1.628  -1.163   0.468   2.056
 91 131 04 01 30   1.598  -1.229   0.440   2.064
 91 131 04 02 30   1.596  -1.213   0.496   2.065
 91 131 04 03 30   1.633  -1.174   0.481   2.069
 91 131 04 04 30   1.634  -1.149   0.520   2.065
 91 131 04 05 30   1.606  -1.160   0.494   2.042
 91 131 04 06 30   1.603  -1.145   0.505   2.037
 91 131 04 07 30   1.600  -1.132   0.466   2.015
 91 131 04 08 30   1.612  -1.141   0.491   2.035
 91 131 04 09 30   1.607  -1.133   0.445   2.017
 91 131 04 10 30   1.613  -1.108   0.447   2.007
 91 131 04 11 30   1.621  -1.115   0.432   2.015
 91 131 04 12 30   1.625  -1.143   0.433   2.033
 91 131 04 13 30   1.620  -1.134   0.444   2.027
 91 131 04 14 30   1.630  -1.116   0.444   2.025
 91 131 04 15 30   1.623  -1.089   0.450   2.006
 91 131 04 16 30   1.608  -0.998   0.565   1.976
 91 131 04 17 30   1.607  -1.035   0.511   1.980
 91 131 04 18 30   1.625  -1.010   0.489   1.976
 91 131 04 19 30   1.602  -1.060   0.463   1.976
 91 131 04 20 30   1.580  -1.102   0.431   1.974
 91 131 04 21 30   1.599  -1.077   0.442   1.979
 91 131 04 22 30   1.632  -1.039   0.397   1.977
 91 131 04 23 30   1.625  -1.061   0.423   1.986
 91 131 04 24 30   1.623  -1.064   0.416   1.985
 91 131 04 25 30   1.617  -1.055   0.466   1.986
 91 131 04 26 30   1.591  -1.071   0.493   1.981
 91 131 04 27 30   1.631  -1.062   0.455   1.998
 91 131 04 28 30   1.631  -1.061   0.466   2.001
 91 131 04 29 30   1.629  -1.071   0.449   2.001
 91 131 04 30 30   1.650  -1.047   0.429   2.001
 91 131 04 31 30   1.641  -1.027   0.468   1.992
 91 131 04 32 30   1.653  -0.972   0.513   1.986
 91 131 04 33 30   1.679  -0.914   0.530   1.985
 91 131 04 34 30   1.698  -0.858   0.618   2.002
 91 131 04 35 30   1.698  -0.762   0.724   1.998
 91 131 04 36 30   1.714  -0.820   0.644   2.008
 91 131 04 37 30   1.710  -0.849   0.615   2.006
 91 131 04 38 30   1.686  -0.944   0.508   1.998
 91 131 04 39 30   1.696  -0.911   0.517   1.995
 91 131 04 40 30   1.687  -0.707   0.750   1.978
 91 131 04 41 30   1.703  -0.709   0.780   2.004
 91 131 04 42 30   1.703  -0.826   0.661   2.010
 91 131 04 43 30   1.516  -1.260   0.367   2.029
 91 131 04 44 30   1.294  -1.568   0.113   2.042
 91 131 04 45 30   1.406  -1.410   0.220   2.004
 91 131 04 46 30   1.526  -1.284   0.343   2.024
 91 131 04 47 30   1.599  -1.165   0.436   2.026
 91 131 04 48 30   1.578  -1.171   0.452   2.017
 91 131 04 49 30   1.614  -1.109   0.500   2.022
 91 131 04 50 30   1.594  -1.155   0.501   2.032
 91 131 04 51 30   1.579  -1.198   0.450   2.033
 91 131 04 52 30   1.612  -1.115   0.505   2.026
 91 131 04 53 30   1.578  -1.071   0.628   2.009
 91 131 04 54 30   1.480  -1.221   0.641   2.027
 91 131 04 55 30   1.487  -1.251   0.606   2.036
 91 131 04 56 30   1.469  -1.249   0.611   2.023
 91 131 04 57 30   1.549  -1.121   0.625   2.013
 91 131 04 58 30   1.554  -1.096   0.639   2.007
 91 131 04 59 30   1.555  -1.098   0.598   1.996
 91 131 05 00 30   1.555  -1.141   0.501   1.995
 91 131 05 01 30   1.529  -1.192   0.434   1.989
 91 131 05 02 30   1.526  -1.294   0.369   2.035
 91 131 05 03 30   1.540  -1.258   0.414   2.032
 91 131 05 04 30   1.546  -1.234   0.400   2.018
 91 131 05 05 30   1.550  -1.207   0.428   2.010
 91 131 05 06 30   1.556  -1.216   0.421   2.020
 91 131 05 07 30   1.543  -1.195   0.424   1.998
 91 131 05 08 30   1.565  -1.156   0.466   2.001
 91 131 05 09 30   1.542  -1.202   0.424   2.000
 91 131 05 10 30   1.535  -1.221   0.426   2.008
 91 131 05 11 30   1.546  -1.209   0.414   2.006
 91 131 05 12 30   1.570  -1.225   0.403   2.032
 91 131 05 13 30   1.562  -1.256   0.392   2.043
 91 131 05 14 30   1.542  -1.279   0.390   2.041
 91 131 05 15 30   1.543  -1.290   0.381   2.047
 91 131 05 16 30   1.584  -1.228   0.404   2.045
 91 131 05 17 30   1.598  -1.222   0.372   2.046
 91 131 05 18 30   1.610  -1.192   0.378   2.039
 91 131 05 19 30   1.622  -1.178   0.364   2.038
 91 131 05 20 30   1.616  -1.200   0.326   2.039
 91 131 05 21 30   1.618  -1.176   0.399   2.041
 91 131 05 22 30   1.603  -1.184   0.407   2.034
 91 131 05 23 30   1.592  -1.212   0.393   2.039
 91 131 05 24 30   1.532  -1.306   0.361   2.047
 91 131 05 25 30   1.511  -1.349   0.376   2.061
 91 131 05 26 30   1.496  -1.317   0.467   2.048
 91 131 05 27 30   1.508  -1.321   0.417   2.048
 91 131 05 28 30   1.470  -1.375   0.363   2.046
 91 131 05 29 30   1.534  -1.336   0.333   2.062
 91 131 05 30 30   1.545  -1.311   0.340   2.055
 91 131 05 31 30   1.520  -1.342   0.317   2.053
 91 131 05 32 30   1.477  -1.387   0.318   2.050
 91 131 05 33 30   1.493  -1.372   0.346   2.057
 91 131 05 34 30   1.500  -1.393   0.339   2.075
 91 131 05 35 30   1.490  -1.390   0.389   2.074
 91 131 05 38 30   1.491  -1.385   0.399   2.074
 91 131 05 39 30   1.494  -1.393   0.420   2.085
 91 131 05 40 30   1.504  -1.378   0.429   2.085
 91 131 05 41 30   1.509  -1.357   0.419   2.072
 91 131 05 42 30   1.507  -1.360   0.406   2.071
 91 131 05 43 30   1.518  -1.329   0.393   2.055
 91 131 05 44 30   1.536  -1.314   0.322   2.048
 91 131 05 45 30   1.511  -1.361   0.180   2.043
 91 131 05 46 30   1.499  -1.389   0.001   2.044
 91 131 05 47 30   1.480  -1.365   0.147   2.023
 91 131 05 48 30   1.469  -1.302   0.405   2.005
 91 131 05 49 30   1.457  -1.308   0.456   2.010
 91 131 05 50 30   1.471  -1.302   0.433   2.012
 91 131 05 51 30   1.453  -1.315   0.403   2.001
 91 131 05 52 30   1.459  -1.318   0.378   2.002
 91 131 05 53 30   1.454  -1.319   0.391   2.002
 91 131 05 54 30   1.451  -1.303   0.449   2.001
 91 131 05 55 30   1.439  -1.318   0.495   2.014
 91 131 05 56 30   1.470  -1.299   0.474   2.020
 91 131 05 57 30   1.472  -1.319   0.364   2.011
 91 131 05 58 30   1.476  -1.324   0.317   2.008
 91 131 05 59 30   1.475  -1.334   0.319   2.016
 91 131 06 00 30   1.525  -1.335   0.255   2.043
 91 131 06 01 30   1.527  -1.342   0.240   2.047
 91 131 06 02 30   1.506  -1.315   0.246   2.015
 91 131 06 03 30   1.502  -1.313   0.275   2.014
 91 131 06 04 30   1.439  -1.338   0.403   2.009
 91 131 06 05 30   1.407  -1.368   0.446   2.013
 91 131 06 06 30   1.400  -1.365   0.450   2.007
 91 131 06 07 30   1.446  -1.346   0.368   2.010
 91 131 06 08 30   1.452  -1.363   0.295   2.014
 91 131 06 09 30   1.474  -1.368   0.233   2.025
 91 131 06 10 30   1.510  -1.355   0.119   2.033
 91 131 06 11 30   1.508  -1.329   0.130   2.014
 91 131 06 12 30   1.528  -1.333   0.130   2.032
 91 131 06 13 30   1.494  -1.360   0.126   2.025
 91 131 06 14 30   1.527  -1.332   0.016   2.031
 91 131 06 15 30   1.579  -1.252  -0.045   2.019
 91 131 06 16 30   1.538  -1.316  -0.044   2.026
 91 131 06 17 30   1.536  -1.336   0.050   2.040
 91 131 06 18 30   1.480  -1.354   0.369   2.043
 91 131 06 19 30   1.427  -1.379   0.544   2.058
 91 131 06 20 30   1.379  -1.358   0.667   2.049
 91 131 06 21 30   1.349  -1.329   0.797   2.055
 91 131 06 22 30   1.316  -1.304   0.938   2.077
 91 131 06 23 30   1.346  -1.319   0.893   2.087
 91 131 06 24 30   1.356  -1.311   0.881   2.083
 91 131 06 25 30   1.379  -1.304   0.861   2.084
 91 131 06 26 30   1.376  -1.283   0.881   2.078
 91 131 06 27 30   1.237  -1.246   1.062   2.054
 91 131 06 28 30   1.251  -1.233   1.068   2.058
 91 131 06 29 30   1.370  -1.201   0.954   2.058
 91 131 06 30 30   1.373  -1.330   0.738   2.054
 91 131 06 31 30   1.393  -1.382   0.600   2.053
 91 131 06 32 30   1.368  -1.394   0.598   2.044
 91 131 06 33 30   1.403  -1.399   0.515   2.047
 91 131 06 34 30   1.410  -1.337   0.636   2.045
 91 131 06 35 30   1.432  -1.336   0.598   2.048
 91 131 06 36 30   1.440  -1.338   0.586   2.052
 91 131 06 37 30   1.426  -1.365   0.517   2.041
 91 131 06 38 30   1.422  -1.382   0.501   2.045
 91 131 06 39 30   1.427  -1.405   0.414   2.047
 91 131 06 40 30   1.474  -1.385   0.363   2.056
 91 131 06 41 30   1.467  -1.388   0.374   2.054
 91 131 06 42 30   1.400  -1.416   0.491   2.052
 91 131 06 43 30   1.399  -1.400   0.515   2.045
 91 131 06 44 30   1.399  -1.388   0.520   2.038
 91 131 06 45 30   1.399  -1.389   0.503   2.035
 91 131 06 46 30   1.371  -1.386   0.512   2.016
 91 131 06 47 30   1.390  -1.362   0.514   2.013
 91 131 06 48 30   1.386  -1.351   0.573   2.019
 91 131 06 49 30   1.412  -1.272   0.650   2.015
 91 131 06 50 30   1.322  -1.306   0.785   2.023
 91 131 06 51 30   1.246  -1.499   0.561   2.032
 91 131 06 52 30   1.296  -1.428   0.601   2.023
 91 131 06 53 30   1.345  -1.396   0.566   2.020
 91 131 06 54 30   1.385  -1.351   0.574   2.018
 91 131 06 55 30   1.407  -1.339   0.570   2.025
 91 131 06 56 30   1.402  -1.382   0.492   2.036
 91 131 06 57 30   1.407  -1.351   0.594   2.041
 91 131 06 58 30   0.762  -1.842   0.075   2.014
 91 131 06 59 30   0.831  -1.766   0.375   1.996
 91 131 07 00 30   1.161  -1.514   0.560   1.999
 91 131 07 01 30   0.990  -1.535   0.730   1.977
 91 131 07 02 30   1.079  -1.525   0.643   1.989
 91 131 07 03 30   1.281  -1.475  -0.144   2.005
 91 131 07 04 30   1.296  -1.503  -0.244   2.005
 91 131 07 05 30   1.260  -1.492   0.393   2.003
 91 131 07 06 30   1.295  -1.506   0.195   2.004
 91 131 07 07 30   1.215  -1.580  -0.084   2.004
 91 131 07 08 30   1.237  -1.567  -0.165   2.004
 91 131 07 09 30   1.223  -1.582  -0.126   2.006
 91 131 07 10 30   1.034  -1.718  -0.094   2.010
 91 131 07 11 30   1.250  -1.561  -0.176   2.009
 91 131 07 12 30   1.246  -1.564  -0.249   2.016
 91 131 07 13 30   1.257  -1.562  -0.211   2.017
 91 131 07 14 30   1.235  -1.569  -0.281   2.017
 91 131 07 15 30   1.218  -1.591  -0.161   2.013
 91 131 07 16 30   1.206  -1.612   0.021   2.014
 91 131 07 17 30   1.168  -1.641  -0.070   2.016
 91 131 07 18 30   1.175  -1.624  -0.073   2.009
 91 131 07 19 30   1.158  -1.641  -0.010   2.009
 91 131 07 20 30   1.099  -1.675   0.000   2.005
 91 131 07 21 30   1.072  -1.687  -0.123   2.003
 91 131 07 22 30   1.051  -1.683  -0.119   1.989
 91 131 07 23 30   1.106  -1.654  -0.055   1.996
 91 131 07 24 30   1.222  -1.569   0.076   1.992
 91 131 07 25 30   1.152  -1.625   0.001   1.993
 91 131 07 26 30   1.154  -1.629  -0.020   1.999
 91 131 07 27 30   1.229  -1.574   0.048   1.998
 91 131 07 28 30   1.199  -1.580   0.081   1.985
 91 131 07 29 30   1.102  -1.657   0.093   1.993
 91 131 07 30 30   1.176  -1.606   0.091   1.993
 91 131 07 31 30   1.155  -1.614   0.115   1.988
 91 131 07 32 30   1.097  -1.648   0.176   1.988
 91 131 07 33 30   1.180  -1.580   0.205   1.986
 91 131 07 34 30   1.324  -1.460   0.202   1.982
 91 131 07 35 30   1.019  -1.657  -0.212   1.977
 91 131 07 36 30   0.649  -1.704  -0.730   1.974
 91 131 07 37 30   0.516  -1.653  -0.871   1.943
 91 131 07 38 30   0.423  -1.611  -0.943   1.916
 91 131 07 39 30   0.337  -1.575  -1.051   1.925
 91 131 07 40 30   0.358  -1.641  -0.942   1.928
 91 131 07 41 30   0.337  -1.634  -0.964   1.927
 91 131 07 42 30   0.323  -1.627  -0.978   1.928
 91 131 07 43 30   0.321  -1.626  -0.977   1.926
 91 131 07 44 30   0.336  -1.630  -0.971   1.927
 91 131 07 45 30   0.317  -1.647  -0.909   1.908
 91 131 07 46 30   0.238  -1.709  -0.841   1.921
 91 131 07 47 30   0.282  -1.737  -0.783   1.928
 91 131 07 48 30   0.241  -1.631  -1.012   1.936
 91 131 07 49 30   0.404  -1.679  -0.840   1.951
 91 131 07 50 30   0.841  -1.778  -0.232   1.981
 91 131 07 51 30   0.857  -1.766  -0.190   1.972
 91 131 07 52 30   0.864  -1.752  -0.253   1.971
 91 131 07 53 30   0.879  -1.771  -0.160   1.985
 91 131 07 54 30   0.828  -1.763  -0.249   1.967
 91 131 07 55 30   0.775  -1.783  -0.314   1.970
 91 131 07 56 30   0.771  -1.794  -0.047   1.964
 91 131 07 57 30   0.917  -1.717   0.270   1.971
 91 131 07 58 30   0.961  -1.716   0.065   1.970
 91 131 07 59 30   0.919  -1.725  -0.199   1.967
 91 131 08 00 30   0.825  -1.745  -0.318   1.962
 91 131 08 01 30   0.737  -1.781  -0.318   1.955
 91 131 08 02 30   0.697  -1.794  -0.369   1.961
 91 131 08 03 30   0.721  -1.778  -0.301   1.945
 91 131 08 04 30   0.771  -1.762  -0.072   1.929
 91 131 08 05 30   0.153  -1.578  -0.896   1.942
 91 131 08 06 30   0.223  -1.631  -1.015   1.937
 91 131 08 07 30   0.396  -1.593  -1.021   1.947
 91 131 08 08 30   0.484  -1.570  -0.963   1.917
 91 131 08 09 30   0.421  -1.650  -0.866   1.914
 91 131 08 10 30   0.355  -1.595  -1.014   1.928
 91 131 08 11 30   0.352  -1.619  -1.025   1.948
 91 131 08 12 30   0.332  -1.608  -1.051   1.950
 91 131 08 13 30   0.301  -1.550  -1.106   1.930
 91 131 08 14 30   0.351  -1.488  -1.162   1.933
 91 131 08 15 30   0.221  -1.570  -1.121   1.944
 91 131 08 16 30   0.219  -1.604  -1.123   1.970
 91 131 08 17 30   0.169  -1.586  -1.156   1.971
 91 131 08 18 30   0.126  -1.572  -1.196   1.979
 91 131 08 19 30   0.096  -1.603  -1.163   1.983
 91 131 08 20 30   0.139  -1.581  -1.173   1.976
 91 131 08 21 30   0.140  -1.550  -1.225   1.980
 91 131 08 22 30   0.136  -1.588  -1.190   1.989
 91 131 08 23 30   0.134  -1.599  -1.183   1.994
 91 131 08 24 30   0.149  -1.615  -1.161   1.994
 91 131 08 25 30   0.144  -1.617  -1.162   1.997
 91 131 08 26 30   0.122  -1.619  -1.165   1.999
 91 131 08 27 30   0.092  -1.624  -1.170   2.004
 91 131 08 28 30   0.142  -1.614  -1.160   1.993
 91 131 08 29 30   0.149  -1.615  -1.173   2.002
 91 131 08 30 30   0.166  -1.625  -1.164   2.005
 91 131 08 31 30   0.138  -1.624  -1.154   1.998
 91 131 08 32 30   0.057  -1.624  -1.109   1.969
 91 131 08 33 30  -0.038  -1.660  -1.030   1.954
 91 131 08 34 30  -0.036  -1.646  -1.022   1.938
 91 131 08 35 30  -0.007  -1.635  -1.049   1.944
 91 131 08 36 30   0.044  -1.616  -1.076   1.942
 91 131 08 37 30   0.053  -1.637  -1.044   1.943
 91 131 08 38 30   0.146  -1.587  -1.114   1.945
 91 131 08 39 30   0.181  -1.594  -1.130   1.962
 91 131 08 40 30   0.192  -1.538  -1.160   1.937
 91 131 08 41 30   0.224  -1.577  -1.142   1.960
 91 131 08 42 30   0.204  -1.593  -1.124   1.960
 91 131 08 43 30   0.177  -1.614  -1.100   1.962
 91 131 08 44 30   0.158  -1.634  -1.055   1.951
 91 131 08 45 30   0.193  -1.629  -1.050   1.947
 91 131 08 46 30   0.186  -1.634  -1.039   1.945
 91 131 08 47 30   0.122  -1.623  -1.065   1.946
 91 131 08 48 30   0.189  -1.633  -1.049   1.950
 91 131 08 49 30   0.239  -1.617  -1.013   1.923
 91 131 08 50 30   0.247  -1.592  -1.019   1.906
 91 131 08 51 30   0.274  -1.598  -1.004   1.907
 91 131 08 52 30   0.300  -1.596  -1.000   1.907
 91 131 08 53 30   0.254  -1.597  -1.013   1.909
 91 131 08 54 30   0.210  -1.597  -1.013   1.903
 91 131 08 55 30   0.203  -1.594  -1.019   1.903
 91 131 08 56 30   0.258  -1.585  -1.019   1.902
 91 131 08 57 30   0.312  -1.562  -1.033   1.898
 91 131 08 58 30   0.300  -1.565  -1.032   1.899
 91 131 08 59 30   0.276  -1.576  -1.023   1.899
 91 131 09 00 30   0.259  -1.586  -1.029   1.908
 91 131 09 01 30   0.254  -1.603  -1.032   1.924
 91 131 09 02 30   0.273  -1.600  -1.049   1.933
 91 131 09 03 30   0.249  -1.607  -1.041   1.931
 91 131 09 04 30   0.294  -1.576  -1.059   1.923
 91 131 09 05 30   0.286  -1.577  -1.047   1.915
 91 131 09 06 30   0.316  -1.573  -1.053   1.920
 91 131 09 07 30   0.174  -1.615  -1.052   1.936
 91 131 09 08 30   0.173  -1.631  -1.039   1.942
 91 131 09 09 30   0.137  -1.616  -1.026   1.919
 91 131 09 10 30   0.185  -1.628  -1.021   1.931
 91 131 09 11 30   0.162  -1.629  -1.041   1.941
 91 131 09 12 30   0.152  -1.635  -1.036   1.942
 91 131 09 13 30   0.097  -1.667  -1.008   1.951
 91 131 09 14 30   0.102  -1.662  -0.993   1.940
 91 131 09 15 30   0.156  -1.636  -1.021   1.935
 91 131 09 16 30   0.153  -1.642  -1.012   1.935
 91 131 09 17 30   0.151  -1.650  -0.984   1.928
 91 131 09 18 30   0.062  -1.696  -0.910   1.926
 91 131 09 19 30   0.077  -1.709  -0.885   1.926
 91 131 09 20 30   0.092  -1.696  -0.920   1.931
 91 131 09 21 30   0.087  -1.706  -0.902   1.932
 91 131 09 22 30   0.136  -1.651  -0.970   1.920
 91 131 09 23 30   0.147  -1.665  -0.926   1.911
 91 131 09 24 30   0.057  -1.615  -1.026   1.915
 91 131 09 25 30   0.023  -1.526  -1.125   1.896
 91 131 09 26 30   0.021  -1.506  -1.131   1.884
 91 131 09 27 30   0.013  -1.496  -1.179   1.905
 91 131 09 28 30   0.054  -1.510  -1.152   1.900
 91 131 09 29 30   0.075  -1.520  -1.135   1.898
 91 131 09 30 30   0.116  -1.519  -1.083   1.870
 91 131 09 31 30   0.144  -1.525  -1.054   1.859
 91 131 09 32 30   0.139  -1.522  -1.072   1.867
 91 131 09 33 30   0.239  -1.580  -0.949   1.859
 91 131 09 34 30   0.170  -1.590  -0.937   1.856
 91 131 09 35 30   0.087  -1.525  -1.058   1.859
 91 131 09 36 30   0.129  -1.599  -0.914   1.847
 91 131 09 37 30   0.097  -1.568  -0.971   1.847
 91 131 09 38 30   0.136  -1.531  -1.017   1.844
 91 131 09 39 30   0.223  -1.516  -1.018   1.844
 91 131 09 40 30   0.064  -1.403  -1.184   1.839
 91 131 09 41 30   0.042  -1.335  -1.229   1.816
 91 131 09 42 30   0.046  -1.338  -1.243   1.827
 91 131 09 43 30   0.007  -1.377  -1.234   1.850
 91 131 09 44 30  -0.030  -1.364  -1.222   1.832
 91 131 09 45 30   0.075  -1.431  -1.091   1.801
 91 131 09 46 30   0.073  -1.422  -1.107   1.805
 91 131 09 47 30   0.032  -1.396  -1.148   1.810
 91 131 09 48 30   0.043  -1.455  -1.114   1.833
 91 131 09 49 30   0.051  -1.448  -1.135   1.841
 91 131 09 50 30   0.068  -1.474  -1.116   1.850
 91 131 09 51 30   0.090  -1.490  -1.085   1.847
 91 131 09 52 30   0.097  -1.491  -1.060   1.834
 91 131 09 53 30   0.149  -1.406  -1.141   1.817
 91 131 09 54 30   0.113  -1.422  -1.147   1.831
 91 131 09 55 30   0.124  -1.413  -1.134   1.817
 91 131 09 56 30   0.159  -1.429  -1.108   1.815
 91 131 09 57 30   0.210  -1.422  -1.112   1.817
 91 131 09 58 30   0.263  -1.413  -1.089   1.804
 91 131 09 59 30   0.223  -1.445  -1.071   1.813
 91 131 10 00 30   0.138  -1.528  -1.017   1.842
 91 131 10 01 30   0.084  -1.529  -1.014   1.840
 91 131 10 02 30   0.110  -1.448  -1.167   1.863
 91 131 10 03 30   0.081  -1.454  -1.126   1.841
 91 131 10 04 30   0.041  -1.472  -1.062   1.820
 91 131 10 05 30   0.014  -1.558  -1.009   1.857
 91 131 10 06 30   0.000  -1.482  -1.004   1.791
 91 131 10 07 30  -0.010  -1.556  -0.986   1.843
 91 131 10 08 30  -0.038  -1.550  -0.976   1.833
 91 131 10 09 30  -0.014  -1.498  -0.980   1.791
 91 131 10 10 30  -0.007  -1.475  -1.021   1.794
 91 131 10 11 30   0.025  -1.467  -1.047   1.803
 91 131 10 12 30   0.088  -1.520  -1.024   1.837
 91 131 10 13 30   0.136  -1.609  -0.919   1.859
 91 131 10 14 30   0.103  -1.667  -0.830   1.866
 91 131 10 15 30   0.071  -1.709  -0.711   1.854
 91 131 10 16 30   0.078  -1.735  -0.582   1.838
 91 131 10 17 30  -0.038  -1.707  -0.752   1.866
 91 131 10 18 30  -0.078  -1.691  -0.795   1.871
 91 131 10 19 30  -0.061  -1.682  -0.834   1.879
 91 131 10 20 30  -0.021  -1.674  -0.836   1.872
 91 131 10 21 30   0.002  -1.677  -0.820   1.867
 91 131 10 22 30  -0.020  -1.685  -0.792   1.863
 91 131 10 23 30  -0.098  -1.675  -0.715   1.825
 91 131 10 24 30   0.023  -1.600  -0.865   1.825
 91 131 10 25 30   0.062  -1.583  -0.923   1.834
 91 131 10 26 30   0.106  -1.581  -0.915   1.830
 91 131 10 27 30   0.153  -1.539  -0.985   1.834
 91 131 10 28 30   0.148  -1.508  -1.033   1.834
 91 131 10 29 30   0.177  -1.498  -1.037   1.831
 91 131 10 30 30   0.157  -1.471  -1.072   1.828
 91 131 10 31 30   0.157  -1.483  -1.052   1.825
 91 131 10 32 30   0.149  -1.491  -1.039   1.824
 91 131 10 33 30   0.149  -1.500  -1.003   1.811
 91 131 10 34 30   0.200  -1.450  -1.064   1.810
 91 131 10 35 30   0.170  -1.474  -1.027   1.805
 91 131 10 36 30   0.171  -1.480  -1.004   1.797
 91 131 10 37 30   0.151  -1.511  -0.988   1.813
 91 131 10 38 30   0.153  -1.503  -0.989   1.806
 91 131 10 39 30   0.130  -1.550  -0.928   1.812
 91 131 10 40 30   0.120  -1.548  -0.920   1.805
 91 131 10 41 30   0.187  -1.470  -1.029   1.808
 91 131 10 42 30   0.225  -1.409  -1.097   1.800
 91 131 10 43 30   0.259  -1.424  -1.067   1.800
 91 131 10 44 30   0.241  -1.464  -1.029   1.806
 91 131 10 45 30   0.199  -1.484  -1.025   1.815
 91 131 10 46 30   0.207  -1.507  -0.987   1.813
 91 131 10 47 30   0.233  -1.493  -1.004   1.815
 91 131 10 48 30   0.220  -1.512  -0.979   1.815
 91 131 10 49 30   0.265  -1.491  -0.981   1.805
 91 131 10 50 30   0.649  -1.453  -0.614   1.761
 91 131 10 51 30   0.982  -1.396  -0.270   1.728
 91 131 10 52 30   0.971  -1.422  -0.287   1.746
 91 131 10 53 30   1.008  -1.396  -0.283   1.746
 91 131 10 54 30   0.967  -1.430  -0.264   1.751
 91 131 10 55 30   0.825  -1.522  -0.246   1.752
 91 131 10 56 30   0.918  -1.440  -0.393   1.753
 91 131 10 57 30   0.840  -1.462  -0.467   1.751
 91 131 10 58 30   0.866  -1.443  -0.498   1.757
 91 131 10 59 30   0.855  -1.486  -0.392   1.759
 91 131 11 00 30   0.713  -1.510  -0.553   1.774
 91 131 11 01 30   0.493  -1.550  -0.695   1.770
 91 131 11 02 30   0.465  -1.556  -0.688   1.764
 91 131 11 03 30   0.429  -1.519  -0.714   1.734
 91 131 11 04 30   0.526  -1.506  -0.675   1.733
 91 131 11 05 30   0.546  -1.541  -0.670   1.767
 91 131 11 06 30   0.575  -1.557  -0.700   1.802
 91 131 11 07 30   0.619  -1.547  -0.648   1.788
 91 131 11 08 30   0.782  -1.474  -0.448   1.731
 91 131 11 09 30   0.789  -1.471  -0.388   1.716
 91 131 11 10 30   0.656  -1.498  -0.542   1.724
 91 131 11 11 30   0.695  -1.486  -0.523   1.723
 91 131 11 12 30   0.630  -1.469  -0.561   1.697
 91 131 11 13 30   0.681  -1.468  -0.394   1.668
 91 131 11 14 30   0.705  -1.463  -0.324   1.665
 91 131 11 15 30   0.781  -1.471  -0.161   1.675
 91 131 11 16 30   0.726  -1.476  -0.294   1.673
 91 131 11 17 30   0.861  -1.421  -0.148   1.672
 91 131 11 18 30   0.932  -1.379  -0.049   1.666
 91 131 11 19 30   0.848  -1.418  -0.200   1.672
 91 131 11 20 30   0.549  -1.490  -0.518   1.671
 91 131 11 21 30   0.594  -1.525  -0.479   1.707
 91 131 11 22 30   0.609  -1.496  -0.499   1.691
 91 131 11 23 30   0.669  -1.445  -0.467   1.664
 91 131 11 24 30   0.779  -1.418  -0.366   1.659
 91 131 11 25 30   0.753  -1.411  -0.404   1.653
 91 131 11 26 30   0.799  -1.417  -0.291   1.653
 91 131 11 27 30   0.759  -1.431  -0.332   1.653
 91 131 11 28 30   0.756  -1.416  -0.365   1.646
 91 131 11 29 30   0.740  -1.435  -0.369   1.657
 91 131 11 30 30   0.786  -1.396  -0.402   1.653
 91 131 11 31 30   0.768  -1.411  -0.384   1.652
 91 131 11 32 30   0.768  -1.414  -0.393   1.657
 91 131 11 33 30   0.768  -1.422  -0.366   1.657
 91 131 11 34 30   0.755  -1.436  -0.317   1.654
 91 131 11 35 30   0.735  -1.424  -0.405   1.658
 91 131 11 36 30   0.700  -1.460  -0.369   1.661
 91 131 11 37 30   0.715  -1.457  -0.311   1.652
 91 131 11 38 30   0.680  -1.467  -0.371   1.662
 91 131 11 39 30   0.709  -1.452  -0.369   1.658
 91 131 11 40 30   0.768  -1.444  -0.276   1.659
 91 131 11 41 30   0.786  -1.438  -0.269   1.661
 91 131 11 42 30   0.741  -1.451  -0.364   1.671
 91 131 11 43 30   0.698  -1.464  -0.443   1.682
 91 131 11 44 30   0.752  -1.443  -0.372   1.671
 91 131 11 45 30   0.744  -1.431  -0.484   1.688
 91 131 11 46 30   0.608  -1.475  -0.673   1.732
 91 131 11 47 30   0.577  -1.499  -0.648   1.732
 91 131 11 48 30   0.555  -1.490  -0.666   1.725
 91 131 11 49 30   0.626  -1.477  -0.632   1.725
 91 131 11 50 30   0.604  -1.492  -0.640   1.733
 91 131 11 51 30   0.576  -1.512  -0.604   1.728
 91 131 11 52 30   0.658  -1.453  -0.605   1.706
 91 131 11 53 30   0.622  -1.493  -0.576   1.717
 91 131 11 54 30   0.660  -1.451  -0.553   1.688
 91 131 11 55 30   0.650  -1.463  -0.559   1.696
 91 131 11 56 30   0.705  -1.444  -0.521   1.690
 91 131 11 57 30   0.735  -1.406  -0.542   1.677
 91 131 11 58 30   0.608  -1.478  -0.342   1.648
 91 131 11 59 30   0.565  -1.501  -0.304   1.635
 91 131 12 00 30   0.562  -1.501  -0.271   1.626
 91 131 12 01 30   0.611  -1.493  -0.220   1.629
 91 131 12 02 30   0.575  -1.529  -0.126   1.639
 91 131 12 03 30   0.603  -1.508  -0.180   1.634
 91 131 12 04 30   0.601  -1.512  -0.197   1.639
 91 131 12 05 30   0.568  -1.528  -0.183   1.641
 91 131 12 06 30   0.550  -1.536  -0.148   1.639
 91 131 12 07 30   0.499  -1.558  -0.126   1.641
 91 131 12 08 30   0.482  -1.557  -0.163   1.640
 91 131 12 09 30   0.394  -1.520  -0.194   1.584
 91 131 12 10 30   0.397  -1.538  -0.094   1.593
 91 131 12 11 30   0.336  -1.555  -0.055   1.598
 91 131 12 12 30   0.225  -1.565  -0.006   1.582
 91 131 12 13 30   0.298  -1.539  -0.057   1.588
 91 131 12 14 30   0.477  -1.479  -0.186   1.570
 91 131 12 15 30   0.462  -1.474  -0.307   1.578
 91 131 12 16 30   0.429  -1.470  -0.372   1.577
 91 131 12 17 30   0.435  -1.480  -0.390   1.592
 91 131 12 18 30   0.376  -1.495  -0.420   1.598
 91 131 12 19 30   0.384  -1.464  -0.479   1.588
 91 131 12 20 30   0.421  -1.481  -0.362   1.583
 91 131 12 21 30   0.410  -1.469  -0.433   1.586
 91 131 12 22 30   0.360  -1.489  -0.365   1.576
 91 131 12 23 30   0.363  -1.500  -0.320   1.578
 91 131 12 24 30   0.371  -1.479  -0.390   1.575
 91 131 12 25 30   0.364  -1.482  -0.387   1.574
 91 131 12 26 30   0.343  -1.471  -0.418   1.568
 91 131 12 27 30   0.318  -1.465  -0.440   1.563
 91 131 12 28 30   0.278  -1.481  -0.440   1.570
 91 131 12 29 30   0.233  -1.459  -0.522   1.568
 91 131 12 30 30   0.334  -1.500  -0.370   1.584
 91 131 12 31 30   0.395  -1.512  -0.292   1.593
 91 131 12 32 30   0.326  -1.511  -0.401   1.597
 91 131 12 33 30   0.288  -1.492  -0.434   1.581
 91 131 12 34 30   0.266  -1.491  -0.449   1.580
 91 131 12 35 30   0.327  -1.534  -0.404   1.621
 91 131 12 36 30   0.287  -1.547  -0.434   1.633
 91 131 12 37 30   0.289  -1.534  -0.419   1.617
 91 131 12 38 30   0.313  -1.526  -0.460   1.624
 91 131 12 39 30   0.324  -1.542  -0.414   1.629
 91 131 12 40 30   0.308  -1.551  -0.412   1.635
 91 131 12 41 30   0.257  -1.548  -0.451   1.633
 91 131 12 42 30   0.174  -1.497  -0.511   1.592
 91 131 12 43 30   0.207  -1.484  -0.478   1.573
 91 131 12 44 30   0.213  -1.507  -0.478   1.595
 91 131 12 45 30   0.211  -1.488  -0.468   1.574
 91 131 12 46 30   0.195  -1.503  -0.450   1.581
 91 131 12 47 30   0.222  -1.491  -0.481   1.583
 91 131 12 48 30   0.315  -1.460  -0.527   1.585
 91 131 12 49 30   0.361  -1.457  -0.525   1.590
 91 131 12 50 30   0.318  -1.477  -0.504   1.593
 91 131 12 51 30   0.336  -1.482  -0.484   1.595
 91 131 12 52 30   0.368  -1.450  -0.503   1.579
 91 131 12 53 30   0.368  -1.462  -0.524   1.597
 91 131 12 54 30   0.338  -1.447  -0.544   1.582
 91 131 12 55 30   0.349  -1.432  -0.546   1.572
 91 131 12 56 30   0.412  -1.449  -0.492   1.585
 91 131 12 57 30   0.380  -1.457  -0.500   1.587
 91 131 12 58 30   0.426  -1.453  -0.466   1.585
 91 131 12 59 30   0.471  -1.436  -0.467   1.582
 91 131 13 00 30   0.483  -1.423  -0.466   1.573
 91 131 13 01 30   0.474  -1.409  -0.488   1.565
 91 131 13 02 30   0.429  -1.432  -0.472   1.574
 91 131 13 03 30   0.323  -1.416  -0.605   1.574
 91 131 13 04 30   0.323  -1.426  -0.596   1.583
 91 131 13 05 30   0.538  -1.414  -0.248   1.537
 91 131 13 06 30   0.516  -1.407  -0.156   1.511
 91 131 13 07 30   0.484  -1.443  -0.274   1.559
 91 131 13 08 30   0.372  -1.476  -0.466   1.592
 91 131 13 09 30   0.344  -1.452  -0.511   1.578
 91 131 13 10 30   0.351  -1.461  -0.495   1.582
 91 131 13 11 30   0.349  -1.413  -0.549   1.556
 91 131 13 12 30   0.216  -1.495  -0.496   1.591
 91 131 13 13 30   0.229  -1.493  -0.547   1.607
 91 131 13 14 30   0.211  -1.446  -0.653   1.602
 91 131 13 15 30   0.411  -1.486  -0.367   1.607
 91 131 13 16 30   0.555  -1.493   0.073   1.600
 91 131 13 17 30   0.551  -1.501   0.121   1.604
 91 131 13 18 30   0.549  -1.513   0.001   1.611
 91 131 13 19 30   0.522  -1.510  -0.160   1.611
 91 131 13 20 30   0.494  -1.525  -0.167   1.612
 91 131 13 21 30   0.465  -1.512  -0.278   1.607
 91 131 13 22 30   0.456  -1.505  -0.260   1.594
 91 131 13 23 30   0.425  -1.502  -0.297   1.589
 91 131 13 24 30   0.412  -1.479  -0.350   1.575
 91 131 13 25 30   0.456  -1.463  -0.331   1.568
 91 131 13 26 30   0.465  -1.464  -0.324   1.570
 91 131 13 27 30   0.433  -1.467  -0.349   1.569
 91 131 13 28 30   0.478  -1.498  -0.246   1.593
 91 131 13 29 30   0.508  -1.492  -0.199   1.589
 91 131 13 30 30   0.511  -1.507  -0.153   1.599
 91 131 13 31 30   0.526  -1.499  -0.166   1.598
 91 131 13 32 30   0.520  -1.493  -0.075   1.585
 91 131 13 33 30   0.470  -1.474  -0.303   1.578
 91 131 13 34 30   0.528  -1.460  -0.282   1.578
 91 131 13 35 30   0.514  -1.462  -0.271   1.574
 91 131 13 36 30   0.476  -1.480  -0.230   1.572
 91 131 13 37 30   0.464  -1.486  -0.158   1.565
 91 131 13 38 30   0.472  -1.474  -0.160   1.556
 91 131 13 39 30   0.498  -1.475  -0.157   1.564
 91 131 13 40 30   0.474  -1.478  -0.149   1.560
 91 131 13 41 30   0.432  -1.502  -0.135   1.570
 91 131 13 42 30   0.396  -1.521  -0.101   1.575
 91 131 13 43 30   0.404  -1.499  -0.177   1.563
 91 131 13 44 30   0.318  -1.523  -0.194   1.569
 91 131 13 45 30   0.247  -1.536  -0.118   1.561
 91 131 13 46 30   0.246  -1.531  -0.112   1.555
 91 131 13 47 30   0.236  -1.536  -0.163   1.563
 91 131 13 48 30   0.222  -1.532  -0.130   1.554
 91 131 13 49 30   0.234  -1.556  -0.098   1.577
 91 131 13 50 30   0.269  -1.552  -0.153   1.583
 91 131 13 51 30   0.412  -1.488  -0.353   1.588
 91 131 13 52 30   0.429  -1.464  -0.448   1.590
 91 131 13 53 30   0.426  -1.469  -0.447   1.594
 91 131 13 54 30   0.460  -1.448  -0.439   1.582
 91 131 13 55 30   0.477  -1.441  -0.429   1.578
 91 131 13 56 30   0.448  -1.472  -0.382   1.585
 91 131 13 57 30   0.369  -1.514  -0.285   1.585
 91 131 13 58 30   0.295  -1.536  -0.205   1.578
 91 131 13 59 30   0.259  -1.528  -0.162   1.561
 91 131 14 00 30   0.353  -1.515  -0.253   1.576
 91 131 14 01 30   0.327  -1.520  -0.246   1.574
 91 131 14 02 30   0.337  -1.513  -0.252   1.571
 91 131 14 03 30   0.306  -1.520  -0.237   1.569
 91 131 14 04 30   0.257  -1.538  -0.193   1.571
 91 131 14 05 30   0.251  -1.536  -0.194   1.568
 91 131 14 06 30   0.277  -1.529  -0.208   1.569
 91 131 14 07 30   0.301  -1.521  -0.250   1.571
 91 131 14 08 30   0.316  -1.525  -0.199   1.570
 91 131 14 09 30   0.320  -1.523  -0.208   1.570
 91 131 14 10 30   0.280  -1.532  -0.197   1.570
 91 131 14 11 30   0.300  -1.515  -0.262   1.567
 91 131 14 12 30   0.284  -1.500  -0.320   1.561
 91 131 14 13 30   0.287  -1.500  -0.332   1.565
 91 131 14 14 30   0.356  -1.480  -0.359   1.568
 91 131 14 15 30   0.321  -1.512  -0.255   1.568
 91 131 14 16 30   0.342  -1.523  -0.175   1.572
 91 131 14 17 30   0.321  -1.534  -0.119   1.573
 91 131 14 18 30   0.314  -1.529  -0.142   1.568
 91 131 14 19 30   0.321  -1.522  -0.200   1.568
 91 131 14 20 30   0.325  -1.526  -0.189   1.572
 91 131 14 21 30   0.397  -1.507  -0.176   1.570
 91 131 14 22 30   0.423  -1.488  -0.249   1.568
 91 131 14 23 30   0.403  -1.490  -0.286   1.571
 91 131 14 24 30   0.441  -1.464  -0.319   1.563
 91 131 14 25 30   0.403  -1.470  -0.365   1.573
 91 131 14 26 30   0.439  -1.449  -0.375   1.563
 91 131 14 27 30   0.149  -1.510  -0.275   1.553
 91 131 14 28 30  -0.161  -1.538  -0.142   1.553
 91 131 14 29 30  -0.238  -1.521  -0.108   1.544
 91 131 14 30 30  -0.093  -1.523  -0.191   1.539
 91 131 14 31 30  -0.028  -1.523  -0.211   1.538
 91 131 14 32 30   0.055  -1.530  -0.231   1.549
 91 131 14 33 30   0.097  -1.532  -0.253   1.556
 91 131 14 34 30   0.107  -1.529  -0.240   1.553
 91 131 14 35 30   0.153  -1.498  -0.307   1.537
 91 131 14 36 30   0.185  -1.502  -0.273   1.541
 91 131 14 37 30   0.224  -1.488  -0.287   1.534
 91 131 14 38 30   0.304  -1.486  -0.252   1.538
 91 131 14 39 30   0.339  -1.469  -0.257   1.530
 91 131 14 40 30   0.340  -1.476  -0.226   1.532
 91 131 14 41 30   0.396  -1.472  -0.209   1.539
 91 131 14 42 30   0.424  -1.470  -0.161   1.539
 91 131 14 43 30   0.352  -1.484  -0.175   1.537
 91 131 14 44 30   0.240  -1.512  -0.106   1.536
 91 131 14 45 30   0.351  -1.488  -0.131   1.535
 91 131 14 46 30   0.308  -1.501  -0.142   1.539
 91 131 14 47 30   0.224  -1.516  -0.101   1.536
 91 131 14 48 30   0.209  -1.511  -0.106   1.529
 91 131 14 49 30   0.188  -1.513  -0.128   1.531
 91 131 14 50 30   0.183  -1.516  -0.122   1.532
 91 131 14 51 30   0.236  -1.510  -0.131   1.534
 91 131 14 52 30   0.196  -1.517  -0.152   1.537
 91 131 14 53 30   0.169  -1.524  -0.151   1.541
 91 131 14 54 30   0.183  -1.524  -0.150   1.543
 91 131 14 55 30   0.226  -1.522  -0.148   1.546
 91 131 14 56 30   0.270  -1.511  -0.137   1.541
 91 131 14 57 30   0.256  -1.507  -0.150   1.537
 91 131 14 58 30   0.245  -1.507  -0.143   1.534
 91 131 14 59 30   0.250  -1.511  -0.127   1.537
 91 131 15 00 30   0.275  -1.500  -0.163   1.534
 91 131 15 01 30   0.290  -1.493  -0.192   1.533
 91 131 15 02 30   0.257  -1.504  -0.199   1.539
 91 131 15 03 30   0.241  -1.512  -0.196   1.543
 91 131 15 04 30   0.203  -1.494  -0.302   1.538
 91 131 15 05 30   0.189  -1.485  -0.352   1.538
 91 131 15 06 30   0.185  -1.493  -0.329   1.541
 91 131 15 07 30   0.203  -1.503  -0.331   1.553
 91 131 15 08 30   0.251  -1.504  -0.338   1.562
 91 131 15 09 30   0.274  -1.494  -0.353   1.560
 91 131 15 10 30   0.192  -1.488  -0.339   1.543
 91 131 15 11 30   0.025  -1.511  -0.242   1.531
 91 131 15 12 30   0.037  -1.518  -0.239   1.537
 91 131 15 13 30   0.240  -1.472  -0.342   1.537
 91 131 15 14 30   0.336  -1.457  -0.353   1.537
 91 131 15 15 30   0.293  -1.473  -0.320   1.536
 91 131 15 16 30   0.242  -1.498  -0.225   1.535
 91 131 15 17 30   0.372  -1.463  -0.306   1.542
 91 131 15 18 30   0.515  -1.408  -0.330   1.535
 91 131 15 19 30   0.507  -1.421  -0.300   1.539
 91 131 15 20 30   0.411  -1.450  -0.304   1.538
 91 131 15 21 30   0.468  -1.433  -0.265   1.531
 91 131 15 22 30   0.470  -1.437  -0.249   1.534
 91 131 15 23 30   0.502  -1.425  -0.254   1.532
 91 131 15 24 30   0.489  -1.420  -0.304   1.532
 91 131 15 25 30   0.448  -1.426  -0.336   1.532
 91 131 15 26 30   0.487  -1.402  -0.348   1.526
 91 131 15 27 30   0.528  -1.385  -0.373   1.529
 91 131 15 28 30   0.527  -1.361  -0.450   1.528
 91 131 15 29 30   0.452  -1.384  -0.461   1.528
 91 131 15 30 30   0.309  -1.424  -0.443   1.527
 91 131 15 31 30   0.195  -1.452  -0.427   1.529
 91 131 15 32 30   0.180  -1.485  -0.317   1.530
 91 131 15 33 30   0.187  -1.484  -0.308   1.528
 91 131 15 34 30   0.264  -1.422  -0.480   1.527
 91 131 15 35 30   0.194  -1.430  -0.467   1.522
 91 131 15 36 30   0.034  -1.521  -0.315   1.554
 91 131 15 37 30  -0.026  -1.520  -0.271   1.544
 91 131 15 38 30  -0.070  -1.530  -0.230   1.549
 91 131 15 39 30  -0.059  -1.548  -0.192   1.562
 91 131 15 40 30  -0.092  -1.559  -0.172   1.571
 91 131 15 41 30  -0.050  -1.558  -0.198   1.572
 91 131 15 44 30  -0.194  -1.561  -0.118   1.578
 91 131 15 45 30  -0.142  -1.570  -0.091   1.580
 91 131 15 46 30  -0.188  -1.570  -0.040   1.582
 91 131 15 47 30  -0.061  -1.554  -0.134   1.562
 91 131 15 48 30   0.018  -1.547  -0.178   1.558
 91 131 15 49 30   0.089  -1.544  -0.202   1.560
 91 131 15 50 30   0.098  -1.532  -0.219   1.551
 91 131 15 52 30   0.157  -1.519  -0.236   1.545
 91 131 15 53 30   0.150  -1.511  -0.249   1.539
 91 131 15 54 30   0.147  -1.505  -0.293   1.542
 91 131 15 55 30   0.128  -1.501  -0.313   1.541
 91 131 15 56 30   0.156  -1.477  -0.386   1.538
 91 131 15 57 30   0.146  -1.495  -0.345   1.542
 91 131 15 58 30   0.235  -1.471  -0.414   1.548
 91 131 15 59 30   0.273  -1.475  -0.399   1.552
 91 131 16 00 30   0.278  -1.485  -0.350   1.551
 91 131 16 01 30   0.277  -1.498  -0.290   1.551
 91 131 16 02 30   0.077  -1.525  -0.201   1.552
 91 131 16 03 30  -0.029  -1.555  -0.067   1.561
 91 131 16 04 30   0.009  -1.538  -0.224   1.555
 91 131 16 05 30   0.062  -1.527  -0.293   1.557
 91 131 16 06 30   0.158  -1.519  -0.256   1.550
 91 131 16 07 30   0.195  -1.520  -0.241   1.552
 91 131 16 08 30   0.220  -1.514  -0.233   1.552
 91 131 16 09 30   0.414  -1.446  -0.386   1.555
 91 131 16 10 30   0.338  -1.478  -0.332   1.555
 91 131 16 11 30   0.401  -1.437  -0.429   1.553
 91 131 16 12 30   0.379  -1.435  -0.433   1.546
 91 131 16 13 30   0.352  -1.468  -0.319   1.544
 91 131 16 14 30   0.374  -1.469  -0.346   1.562
 91 131 16 15 30   0.540  -1.372  -0.505   1.559
 91 131 16 16 30   0.512  -1.390  -0.468   1.554
 91 131 16 17 30   0.437  -1.426  -0.443   1.556
 91 131 16 18 30   0.464  -1.411  -0.457   1.555
 91 131 16 19 30   0.471  -1.408  -0.444   1.550
 91 131 16 20 30   0.515  -1.386  -0.456   1.547
 91 131 16 29 30   0.477  -1.358  -0.554   1.543
 91 131 16 30 30   0.538  -1.328  -0.572   1.545
 91 131 16 31 30   0.462  -1.358  -0.544   1.537
 91 131 16 32 30   0.440  -1.372  -0.523   1.533
 91 131 16 33 30   0.507  -1.345  -0.543   1.537
 91 131 16 34 30   0.482  -1.347  -0.562   1.537
 91 131 16 35 30   0.445  -1.382  -0.491   1.533
 91 131 16 36 30   0.443  -1.398  -0.494   1.548
 91 131 16 37 30   0.456  -1.395  -0.525   1.560
 91 131 16 38 30   0.493  -1.382  -0.512   1.554
 91 131 16 39 30   0.447  -1.411  -0.440   1.545
 91 131 16 40 30   0.419  -1.425  -0.357   1.528
 91 131 16 41 30   0.451  -1.421  -0.351   1.532
 91 131 16 42 30   0.433  -1.442  -0.370   1.550
 91 131 16 43 30   0.416  -1.426  -0.453   1.554
 91 131 16 44 30   0.406  -1.412  -0.494   1.550
 91 131 16 45 30   0.356  -1.405  -0.545   1.549
 91 131 16 46 30   0.346  -1.401  -0.553   1.546
 91 131 16 47 30   0.323  -1.438  -0.485   1.552
 91 131 16 48 30   0.313  -1.446  -0.470   1.553
 91 131 16 49 30   0.355  -1.420  -0.517   1.552
 91 131 16 50 30   0.380  -1.420  -0.504   1.554
 91 131 16 51 30   0.396  -1.420  -0.490   1.555
 91 131 16 52 30   0.487  -1.392  -0.499   1.557
 91 131 16 53 30   0.458  -1.380  -0.545   1.554
 91 131 16 54 30   0.366  -1.415  -0.524   1.553
 91 131 16 58 30   0.227  -1.425  -0.508   1.530
 91 131 16 59 30   0.214  -1.435  -0.505   1.536
 91 131 17 00 30   0.218  -1.437  -0.504   1.539
 91 131 17 01 30   0.263  -1.430  -0.499   1.537
 91 131 17 02 30   0.276  -1.412  -0.524   1.532
 91 131 17 03 30   0.272  -1.396  -0.571   1.533
 91 131 17 04 30   0.282  -1.396  -0.570   1.534
 91 131 17 05 30   0.283  -1.378  -0.602   1.530
 91 131 17 06 30   0.322  -1.372  -0.600   1.532
 91 131 17 07 30   0.316  -1.375  -0.597   1.533
 91 131 17 08 30   0.326  -1.362  -0.609   1.528
 91 131 17 09 30   0.376  -1.350  -0.605   1.527
 91 131 17 10 30   0.421  -1.364  -0.552   1.531
 91 131 17 11 30   0.454  -1.372  -0.510   1.533
 91 131 17 12 30   0.385  -1.376  -0.555   1.533
 91 131 17 13 30   0.317  -1.401  -0.532   1.533
 91 131 17 14 30   0.288  -1.394  -0.562   1.531
 91 131 17 15 30   0.273  -1.386  -0.587   1.530
 91 131 17 16 30   0.285  -1.380  -0.587   1.527
 91 131 17 17 30   0.314  -1.384  -0.567   1.528
 91 131 17 18 30   0.335  -1.374  -0.573   1.526
 91 131 17 19 30   0.337  -1.368  -0.586   1.527
 91 131 17 20 30   0.198  -1.388  -0.566   1.513
 91 131 17 21 30   0.236  -1.372  -0.606   1.519
 91 131 17 22 30   0.223  -1.361  -0.651   1.526
 91 131 17 23 30   0.116  -1.252  -0.806   1.498
 91 131 17 24 30   0.273  -1.296  -0.677   1.490
 91 131 17 25 30   0.322  -1.303  -0.644   1.489
 91 131 17 26 30   0.399  -1.269  -0.652   1.482
 91 131 17 27 30   0.428  -1.243  -0.701   1.491
 91 131 17 28 30   0.406  -1.247  -0.696   1.485
 91 131 17 29 30   0.349  -1.257  -0.711   1.486
 91 131 17 30 30   0.321  -1.253  -0.716   1.478
 91 131 17 31 30   0.321  -1.266  -0.691   1.478
 91 131 17 32 30   0.285  -1.273  -0.699   1.480
 91 131 17 33 30   0.318  -1.264  -0.696   1.477
 91 131 17 34 30   0.309  -1.253  -0.718   1.477
 91 131 17 35 30   0.277  -1.248  -0.724   1.470
 91 131 17 36 30   0.307  -1.235  -0.733   1.469
 91 131 17 37 30   0.338  -1.225  -0.743   1.472
 91 131 17 38 30   0.327  -1.237  -0.722   1.470
 91 131 17 39 30   0.247  -1.261  -0.741   1.484
 91 131 17 40 30   0.160  -1.294  -0.742   1.501
 91 131 17 41 30   0.106  -1.293  -0.761   1.505
 91 131 17 42 30   0.085  -1.287  -0.772   1.504
 91 131 17 43 30   0.083  -1.280  -0.787   1.506
 91 131 17 44 30   0.043  -1.301  -0.773   1.514
 91 131 17 45 30  -0.119  -1.310  -0.751   1.518
 91 131 17 46 30  -0.094  -1.307  -0.781   1.528
 91 131 17 47 30  -0.213  -1.279  -0.790   1.519
 91 131 17 48 30  -0.194  -1.252  -0.830   1.517
 91 131 17 49 30   0.017  -1.289  -0.768   1.506
 91 131 17 50 30  -0.019  -1.276  -0.789   1.501
 91 131 17 51 30   0.063  -1.292  -0.778   1.510
 91 131 17 52 30   0.060  -1.291  -0.762   1.501
 91 131 17 53 30   0.034  -1.297  -0.765   1.506
 91 131 17 54 30   0.089  -1.302  -0.755   1.508
 91 131 17 55 30   0.102  -1.302  -0.728   1.496
 91 131 17 56 30   0.147  -1.296  -0.728   1.495
 91 131 17 57 30   0.085  -1.292  -0.772   1.508
 91 131 17 58 30   0.049  -1.244  -0.848   1.507
 91 131 17 59 30   0.059  -1.261  -0.820   1.506
 91 131 18 00 30   0.079  -1.278  -0.791   1.506
 91 131 18 01 30   0.069  -1.283  -0.785   1.506
 91 131 18 02 30   0.119  -1.288  -0.737   1.489
 91 131 18 03 30   0.126  -1.284  -0.773   1.504
 91 131 18 04 30   0.108  -1.270  -0.796   1.503
 91 131 18 05 30   0.093  -1.255  -0.827   1.506
 91 131 18 06 30   0.130  -1.284  -0.788   1.513
 91 131 18 07 30   0.157  -1.284  -0.778   1.510
 91 131 18 08 30   0.215  -1.263  -0.798   1.511
 91 131 18 09 30   0.227  -1.244  -0.826   1.512
 91 131 18 10 30   0.219  -1.263  -0.796   1.509
 91 131 18 11 30   0.212  -1.266  -0.808   1.518
 91 131 18 12 30   0.169  -1.198  -0.911   1.515
 91 131 18 13 30   0.175  -1.177  -0.927   1.509
 91 131 18 14 30   0.008  -1.072  -1.083   1.528
 91 131 18 15 30   0.172  -1.167  -0.854   1.505
 91 131 18 16 30   0.620  -1.352  -0.292   1.517
 91 131 18 17 30   0.597  -1.355  -0.357   1.524
 91 131 18 18 30   0.555  -1.323  -0.472   1.511
 91 131 18 19 30   0.518  -1.307  -0.558   1.514
 91 131 18 20 30   0.525  -1.285  -0.573   1.503
 91 131 18 21 30   0.513  -1.309  -0.545   1.508
 91 131 18 22 30   0.487  -1.321  -0.555   1.514
 91 131 18 23 30   0.518  -1.338  -0.485   1.515
 91 131 18 24 30   0.511  -1.327  -0.507   1.510
 91 131 18 25 30   0.525  -1.350  -0.462   1.521
 91 131 18 26 30   0.506  -1.347  -0.472   1.516
 91 131 18 27 30   0.523  -1.317  -0.486   1.499
 91 131 18 28 30   0.481  -1.339  -0.459   1.495
 91 131 18 29 30   0.476  -1.373  -0.372   1.501
 91 131 18 30 30   0.509  -1.362  -0.394   1.508
 91 131 18 31 30   0.236  -1.325  -0.706   1.527
 91 131 18 32 30   0.267  -1.303  -0.744   1.525
 91 131 18 33 30   0.348  -1.301  -0.700   1.518
 91 131 18 34 30   0.356  -1.297  -0.703   1.518
 91 131 18 35 30   0.341  -1.286  -0.729   1.518
 91 131 18 36 30   0.323  -1.271  -0.756   1.514
 91 131 18 37 30   0.395  -1.295  -0.662   1.513
 91 131 18 38 30   0.418  -1.318  -0.595   1.506
 91 131 18 39 30   0.507  -1.327  -0.442   1.495
 91 131 18 40 30   0.492  -1.338  -0.453   1.497
 91 131 18 41 30   0.535  -1.326  -0.474   1.506
 91 131 18 42 30   0.555  -1.289  -0.516   1.500
 91 131 18 43 30   0.614  -1.298  -0.430   1.501
 91 131 18 44 30   0.622  -1.272  -0.454   1.488
 91 131 18 45 30   0.619  -1.284  -0.419   1.488
 91 131 18 46 30   0.671  -1.318  -0.077   1.506
 91 131 18 47 30   0.652  -1.355  -0.051   1.508
 91 131 18 48 30   0.593  -1.369  -0.023   1.500
 91 131 18 49 30   0.593  -1.362  -0.164   1.505
 91 131 18 50 30   0.698  -1.344  -0.022   1.516
 91 131 18 51 30   0.682  -1.352  -0.007   1.515
 91 131 18 52 30   0.717  -1.332  -0.057   1.514
 91 131 18 53 30   0.768  -1.279  -0.214   1.508
 91 131 18 54 30   0.677  -1.308  -0.313   1.516
 91 131 18 55 30   0.670  -1.339  -0.151   1.509
 91 131 18 56 30   0.687  -1.334  -0.191   1.514
 91 131 18 57 30   0.616  -1.357  -0.266   1.519
 91 131 18 58 30   0.539  -1.397  -0.233   1.516
 91 131 18 59 30   0.595  -1.372  -0.259   1.519
 91 131 19 00 30   0.690  -1.346  -0.121   1.519
 91 131 19 01 30   0.787  -1.274   0.083   1.508
 91 131 19 02 30   0.816  -1.265   0.065   1.507
 91 131 19 03 30   0.782  -1.282  -0.027   1.502
 91 131 19 04 30   0.768  -1.286  -0.107   1.502
 91 131 19 05 30   0.739  -1.302  -0.187   1.510
 91 131 19 06 30   0.805  -1.266  -0.092   1.504
 91 131 19 07 30   0.856  -1.234  -0.028   1.503
 91 131 19 08 30   0.870  -1.229  -0.041   1.507
 91 131 19 09 30   0.899  -1.205  -0.058   1.506
 91 131 19 10 30   0.915  -1.198  -0.039   1.508
 91 131 19 11 30   0.911  -1.210  -0.064   1.516
 91 131 19 12 30   0.820  -1.263  -0.114   1.511
 91 131 19 13 30   0.841  -1.247  -0.131   1.510
 91 131 19 14 30   0.864  -1.237  -0.149   1.516
 91 131 19 15 30   0.850  -1.243  -0.166   1.515
 91 131 19 16 30   0.834  -1.255  -0.168   1.516
 91 131 19 17 30   0.860  -1.239  -0.183   1.520
 91 131 19 18 30   0.906  -1.196  -0.226   1.518
 91 131 19 19 30   0.969  -1.159  -0.212   1.525
 91 131 19 20 30   0.943  -1.176  -0.221   1.524
 91 131 19 21 30   0.925  -1.202  -0.191   1.529
 91 131 19 22 30   0.921  -1.209  -0.211   1.535
 91 131 19 23 30   0.890  -1.222  -0.231   1.529
 91 131 19 24 30   0.862  -1.246  -0.228   1.532
 91 131 19 25 30   0.866  -1.243  -0.231   1.534
 91 131 19 26 30   0.926  -1.203  -0.217   1.535
 91 131 19 27 30   0.948  -1.197  -0.114   1.534
 91 131 19 28 30   0.941  -1.192  -0.227   1.537
 91 131 19 29 30   0.969  -1.167  -0.218   1.533
 91 131 19 30 30   0.950  -1.191  -0.194   1.539
 91 131 19 31 30   0.992  -1.174  -0.188   1.555
 91 131 19 32 30   1.000  -1.181  -0.220   1.563
 91 131 19 33 30   0.940  -1.193  -0.350   1.562
 91 131 19 34 30   0.984  -1.178  -0.294   1.564
 91 131 19 35 30   0.981  -1.175  -0.321   1.564
 91 131 19 36 30   0.924  -1.203  -0.368   1.562
 91 131 19 37 30   0.882  -1.230  -0.359   1.557
 91 131 19 38 30   0.898  -1.227  -0.311   1.553
 91 131 19 39 30   0.915  -1.218  -0.286   1.551
 91 131 19 40 30   0.934  -1.199  -0.295   1.549
 91 131 19 41 30   0.931  -1.210  -0.294   1.555
 91 131 19 42 30   0.949  -1.196  -0.301   1.561
 91 131 19 43 30   0.928  -1.223  -0.324   1.571
 91 131 19 44 30   0.862  -1.242  -0.368   1.556
 91 131 19 45 30   0.818  -1.289  -0.325   1.561
 91 131 19 46 30   0.727  -1.340  -0.333   1.561
 91 131 19 47 30   0.762  -1.332  -0.365   1.578
 91 131 19 48 30   0.948  -1.163  -0.444   1.581
 91 131 19 49 30   1.121  -0.995  -0.472   1.572
 91 131 19 50 30   1.108  -0.992  -0.512   1.573
 91 131 19 51 30   1.106  -0.972  -0.557   1.574
 91 131 19 52 30   1.020  -1.097  -0.457   1.570
 91 131 19 53 30   0.963  -1.148  -0.474   1.572
 91 131 19 54 30   0.920  -1.169  -0.482   1.565
 91 131 19 55 30   0.943  -1.163  -0.469   1.569
 91 131 19 56 30   0.885  -1.201  -0.500   1.575
 91 131 19 57 30   1.023  -0.975  -0.569   1.549
 91 131 19 58 30   1.169  -0.801  -0.606   1.543
 91 131 19 59 30   1.135  -0.866  -0.565   1.536
 91 131 20 00 30   1.174  -0.837  -0.536   1.539
 91 131 20 01 30   1.205  -0.796  -0.533   1.539
 91 131 20 02 30   1.215  -0.730  -0.577   1.531
 91 131 20 03 30   1.217  -0.734  -0.565   1.530
 91 131 20 04 30   1.174  -0.736  -0.624   1.522
 91 131 20 05 30   1.122  -0.775  -0.661   1.516
 91 131 20 06 30   1.149  -0.771  -0.622   1.517
 91 131 20 07 30   1.075  -0.853  -0.646   1.519
 91 131 20 08 30   1.105  -0.821  -0.648   1.522
 91 131 20 09 30   1.141  -0.793  -0.627   1.525
 91 131 20 10 30   1.099  -0.801  -0.686   1.523
 91 131 20 11 30   1.097  -0.814  -0.678   1.526
 91 131 20 12 30   1.093  -0.798  -0.702   1.525
 91 131 20 13 30   1.135  -0.714  -0.724   1.524
 91 131 20 14 30   1.099  -0.793  -0.688   1.520
 91 131 20 15 30   1.099  -0.829  -0.648   1.523
 91 131 20 16 30   1.105  -0.805  -0.676   1.527
 91 131 20 17 30   1.126  -0.724  -0.756   1.538
 91 131 20 18 30   1.105  -0.708  -0.799   1.537
 91 131 20 19 30   1.182  -0.706  -0.684   1.539
 91 131 20 20 30   1.187  -0.713  -0.639   1.525
 91 131 20 21 30   1.177  -0.724  -0.646   1.525
 91 131 20 22 30   1.183  -0.727  -0.649   1.533
 91 131 20 23 30   1.174  -0.748  -0.665   1.543
 91 131 20 24 30   1.173  -0.752  -0.664   1.544
 91 131 20 25 30   1.193  -0.740  -0.647   1.545
 91 131 20 26 30   1.190  -0.746  -0.653   1.549
 91 131 20 27 30   1.255  -0.625  -0.634   1.539
 91 131 20 28 30   1.240  -0.680  -0.628   1.548
 91 131 20 29 30   1.235  -0.676  -0.636   1.545
 91 131 20 30 30   1.224  -0.660  -0.679   1.548
 91 131 20 32 30   1.184  -0.669  -0.733   1.545
 91 131 20 33 30   1.241  -0.605  -0.698   1.547
 91 131 20 34 30   1.228  -0.609  -0.709   1.544
 91 131 20 35 30   1.182  -0.594  -0.771   1.533
 91 131 20 36 30   1.183  -0.566  -0.790   1.532
 91 131 20 37 30   1.194  -0.594  -0.768   1.539
 91 131 20 38 30   1.199  -0.578  -0.761   1.534
 91 131 20 39 30   1.211  -0.552  -0.760   1.534
 91 131 20 40 30   1.190  -0.566  -0.779   1.531
 91 131 20 41 30   1.215  -0.533  -0.753   1.526
 91 131 20 42 30   1.190  -0.584  -0.760   1.529
 91 131 20 43 30   1.160  -0.617  -0.796   1.536
 91 131 20 44 30   1.162  -0.614  -0.797   1.538
 91 131 20 45 30   1.150  -0.620  -0.808   1.537
 91 131 20 46 30   1.157  -0.638  -0.786   1.538
 91 131 20 47 30   1.122  -0.670  -0.809   1.537
 91 131 20 48 30   1.142  -0.635  -0.805   1.537
 91 131 20 49 30   1.150  -0.583  -0.827   1.532
 91 131 20 50 30   1.114  -0.657  -0.827   1.535
 91 131 20 51 30   1.083  -0.693  -0.835   1.533
 91 131 20 52 30   1.074  -0.691  -0.856   1.537
 91 131 20 53 30   1.034  -0.686  -0.906   1.537
 91 131 20 54 30   1.052  -0.724  -0.841   1.530
 91 131 20 55 30   1.068  -0.722  -0.833   1.535
 91 131 20 56 30   1.036  -0.727  -0.870   1.535
 91 131 20 57 30   1.029  -0.712  -0.894   1.538
 91 131 20 58 30   1.058  -0.728  -0.839   1.534
 91 131 20 59 30   0.983  -0.690  -0.941   1.528
 91 131 21 00 30   1.029  -0.635  -0.927   1.525
 91 131 21 01 30   0.986  -0.732  -0.900   1.524
 91 131 21 02 30   0.947  -0.772  -0.904   1.520
 91 131 21 03 30   0.929  -0.753  -0.932   1.517
 91 131 21 04 30   0.919  -0.779  -0.931   1.523
 91 131 21 05 30   0.911  -0.769  -0.944   1.521
 91 131 21 06 30   0.872  -0.811  -0.936   1.515
 91 131 21 07 30   0.881  -0.836  -0.901   1.513
 91 131 21 08 30   0.925  -0.754  -0.908   1.502
 91 131 21 09 30   0.905  -0.768  -0.926   1.505
 91 131 21 10 30   0.901  -0.803  -0.902   1.508
 91 131 21 11 30   0.896  -0.755  -0.933   1.503
 91 131 21 12 30   0.866  -0.771  -0.938   1.492
 91 131 21 13 30   0.865  -0.773  -0.941   1.494
 91 131 21 14 30   0.851  -0.905  -0.842   1.501
 91 131 21 15 30   0.842  -0.889  -0.860   1.497
 91 131 21 16 30   0.833  -0.902  -0.850   1.494
 91 131 21 17 30   0.849  -0.892  -0.850   1.497
 91 131 21 18 30   0.845  -0.917  -0.847   1.507
 91 131 21 19 30   0.856  -0.921  -0.816   1.499
 91 131 21 20 30   0.915  -0.817  -0.844   1.493
 91 131 21 21 30   0.973  -0.745  -0.850   1.494
 91 131 21 22 30   0.947  -0.824  -0.816   1.498
 91 131 21 23 30   0.943  -0.798  -0.857   1.504
 91 131 21 24 30   0.938  -0.819  -0.840   1.502
 91 131 21 25 30   0.971  -0.636  -0.929   1.487
 91 131 21 26 30   0.977  -0.638  -0.915   1.483
 91 131 21 27 30   0.941  -0.637  -0.948   1.480
 91 131 21 28 30   0.929  -0.669  -0.942   1.483
 91 131 21 29 30   0.937  -0.687  -0.918   1.481
 91 131 21 30 30   0.918  -0.682  -0.940   1.481
 91 131 21 31 30   0.917  -0.696  -0.941   1.489
 91 131 21 32 30   0.943  -0.638  -0.965   1.493
 91 131 21 33 30   0.773  -0.924  -0.880   1.500
 91 131 21 34 30   0.632  -1.097  -0.812   1.505
 91 131 21 35 30   0.612  -1.129  -0.781   1.505
 91 131 21 36 30   0.935  -0.639  -0.999   1.512
 91 131 21 37 30   0.841  -0.788  -0.955   1.504
 91 131 21 38 30   0.710  -1.010  -0.860   1.504
 91 131 21 39 30   0.695  -1.030  -0.855   1.509
 91 131 21 40 30   0.677  -1.047  -0.851   1.510
 91 131 21 41 30   0.648  -1.061  -0.855   1.509
 91 131 21 42 30   0.645  -1.075  -0.856   1.518
 91 131 21 43 30   0.631  -1.095  -0.865   1.532
 91 131 21 44 30   0.628  -1.055  -0.908   1.527
 91 131 21 45 30   0.628  -1.120  -0.808   1.518
 91 131 21 46 30   0.619  -1.131  -0.802   1.519
 91 131 21 47 30   0.610  -1.177  -0.750   1.524
 91 131 21 48 30   0.625  -1.192  -0.732   1.532
 91 131 21 49 30   0.614  -1.199  -0.719   1.527
 91 131 21 50 30   0.643  -1.187  -0.703   1.522
 91 131 21 51 30   0.621  -1.193  -0.718   1.525
 91 131 21 52 30   0.577  -1.225  -0.702   1.525
 91 131 21 53 30   0.558  -1.235  -0.731   1.540
 91 131 21 54 30   0.548  -1.260  -0.688   1.537
 91 131 21 55 30   0.539  -1.300  -0.643   1.548
 91 131 21 56 30   0.507  -1.274  -0.725   1.551
 91 131 21 57 30   0.470  -1.278  -0.735   1.547
 91 131 21 58 30   0.413  -1.288  -0.744   1.544
 91 131 21 59 30   0.349  -1.303  -0.739   1.538
 91 131 22 00 30   0.279  -1.324  -0.745   1.544
 91 131 22 01 30   0.229  -1.367  -0.696   1.551
 91 131 22 02 30   0.256  -1.400  -0.640   1.561
 91 131 22 03 30   0.288  -1.392  -0.611   1.547
 91 131 22 04 30   0.287  -1.396  -0.591   1.543
 91 131 22 05 30   0.277  -1.442  -0.512   1.556
 91 131 22 06 30   0.391  -1.359  -0.611   1.542
 91 131 22 07 30   0.382  -1.366  -0.607   1.551
 91 131 22 08 30   0.481  -1.265  -0.779   1.563
 91 131 22 09 30   0.499  -1.298  -0.718   1.565
 91 131 22 10 30   0.464  -1.263  -0.783   1.557
 91 131 22 11 30   0.455  -1.236  -0.826   1.554
 91 131 22 12 30   0.403  -1.242  -0.846   1.556
 91 131 22 13 30   0.380  -1.241  -0.858   1.556
 91 131 22 14 30   0.403  -1.243  -0.845   1.558
 91 131 22 15 30   0.435  -1.242  -0.850   1.567
 91 131 22 16 30   0.418  -1.229  -0.889   1.573
 91 131 22 17 30   0.399  -1.236  -0.886   1.573
 91 131 22 18 30   0.436  -1.238  -0.871   1.576
 91 131 22 19 30   0.421  -1.245  -0.869   1.575
 91 131 22 20 30   0.391  -1.251  -0.867   1.572
 91 131 22 21 30   0.389  -1.261  -0.862   1.576
 91 131 22 22 30   0.404  -1.243  -0.857   1.564
 91 131 22 23 30   0.397  -1.296  -0.792   1.570
 91 131 22 24 30   0.412  -1.231  -0.868   1.563
 91 131 22 25 30   0.401  -1.190  -0.923   1.559
 91 131 22 26 30   0.387  -1.191  -0.925   1.558
 91 131 22 27 30   0.401  -1.171  -0.945   1.558
 91 131 22 28 30   0.381  -1.217  -0.894   1.558
 91 131 22 29 30   0.335  -1.273  -0.834   1.559
 91 131 22 30 30   0.401  -1.216  -0.891   1.563
 91 131 22 31 30   0.444  -0.991  -1.115   1.560
 91 131 22 32 30   0.416  -1.115  -1.015   1.565
 91 131 22 33 30   0.409  -1.076  -1.051   1.560
 91 131 22 34 30   0.386  -1.162  -0.974   1.565
 91 131 22 35 30   0.412  -1.075  -1.045   1.558
 91 131 22 36 30   0.405  -1.162  -0.969   1.567
 91 131 22 37 30   0.413  -1.140  -0.985   1.562
 91 131 22 38 30   0.433  -1.099  -1.011   1.560
 91 131 22 39 30   0.605  -0.764  -1.200   1.548
 91 131 22 40 30   0.631  -0.581  -1.290   1.550
 91 131 22 41 30   0.627  -0.609  -1.280   1.551
 91 131 22 42 30   0.666  -0.425  -1.324   1.549
 91 131 22 43 30   0.685  -0.402  -1.324   1.546
 91 131 22 44 30   0.657  -0.535  -1.300   1.554
 91 131 22 45 30   0.674  -0.358  -1.346   1.547
 91 131 22 46 30   0.667  -0.388  -1.344   1.550
 91 131 22 47 30   0.698  -0.386  -1.329   1.550
 91 131 22 48 30   0.724  -0.381  -1.329   1.561
 91 131 22 49 30   0.619  -0.570  -1.300   1.553
 91 131 22 50 30   0.584  -0.650  -1.281   1.553
 91 131 22 51 30   0.550  -0.706  -1.274   1.559
 91 131 22 52 30   0.466  -0.881  -1.205   1.565
 91 131 22 53 30   0.492  -0.841  -1.211   1.560
 91 131 22 54 30   0.503  -0.656  -1.309   1.550
 91 131 22 55 30   0.574  -0.715  -1.251   1.554
 91 131 22 56 30   0.721  -0.526  -1.275   1.562
 91 131 23 01 30   0.508  -0.774  -1.210   1.525
 91 131 23 02 30   0.475  -0.688  -1.266   1.518
 91 131 23 03 30   0.531  -0.714  -1.244   1.530
 91 131 23 04 30   0.556  -0.684  -1.247   1.531
 91 131 23 05 30   0.504  -0.614  -1.303   1.528
 91 131 23 06 30   0.538  -0.733  -1.215   1.519
 91 131 23 07 30   0.535  -0.772  -1.201   1.525
 91 131 23 08 30   0.550  -0.765  -1.210   1.534
 91 131 23 09 30   0.462  -0.807  -1.226   1.541
 91 131 23 10 30   0.479  -0.820  -1.217   1.545
 91 131 23 11 30   0.573  -0.708  -1.224   1.529
 91 131 23 12 30   0.358  -0.844  -1.230   1.535
 91 131 23 13 30   0.363  -0.852  -1.224   1.536
 91 131 23 14 30   0.397  -0.893  -1.188   1.539
 91 131 23 15 30   0.344  -0.951  -1.167   1.548
 91 131 23 16 30   0.320  -0.967  -1.179   1.560
 91 131 23 17 30   0.354  -0.923  -1.208   1.562
 91 131 23 18 30   0.324  -0.985  -1.169   1.565
 91 131 23 19 30   0.263  -1.027  -1.156   1.569
 91 131 23 20 30   0.265  -0.979  -1.191   1.565
 91 131 23 21 30   0.217  -0.989  -1.184   1.558
 91 131 23 22 30   0.248  -0.960  -1.209   1.565
 91 131 23 23 30   0.274  -0.962  -1.196   1.560
 91 131 23 24 30   0.285  -0.946  -1.199   1.553
 91 131 23 25 30   0.295  -0.934  -1.203   1.552
 91 131 23 26 30   0.302  -0.952  -1.189   1.553
 91 131 23 27 30   0.272  -0.946  -1.202   1.554
 91 131 23 28 30   0.260  -0.976  -1.182   1.555
 91 131 23 29 30   0.218  -0.954  -1.210   1.557
 91 131 23 30 30   0.158  -1.044  -1.132   1.560
 91 131 23 31 30   0.122  -1.215  -0.990   1.573
 91 131 23 32 30   0.123  -1.215  -0.997   1.576
 91 131 23 33 30   0.084  -1.206  -1.011   1.576
 91 131 23 34 30   0.079  -1.203  -1.028   1.585
 91 131 23 35 30   0.098  -1.186  -1.033   1.576
 91 131 23 36 30   0.130  -1.106  -1.095   1.565
 91 131 23 37 30   0.010  -1.161  -1.051   1.566
 91 131 23 38 30   0.042  -0.810  -1.297   1.552
 91 131 23 39 30   0.125  -0.596  -1.406   1.534
 91 131 23 40 30   0.086  -0.695  -1.362   1.532
 91 131 23 41 30   0.062  -0.767  -1.321   1.529
 91 131 23 42 30   0.019  -0.777  -1.317   1.530
 91 131 23 43 30   0.012  -0.804  -1.305   1.533
 91 131 23 44 30   0.029  -0.793  -1.311   1.532
 91 131 23 45 30   0.015  -0.801  -1.311   1.537
 91 131 23 46 30   0.100  -0.815  -1.309   1.547
 91 131 23 47 30   0.142  -0.810  -1.305   1.543
 91 131 23 48 30   0.130  -0.844  -1.287   1.545
 91 131 23 49 30   0.046  -0.884  -1.261   1.541
 91 131 23 50 30  -0.022  -0.885  -1.262   1.542
 91 131 23 51 30   0.012  -0.838  -1.290   1.538
 91 131 23 52 30  -0.034  -0.859  -1.271   1.535
 91 131 23 53 30  -0.218  -0.923  -1.191   1.524
 91 131 23 54 30  -0.258  -0.933  -1.186   1.532
 91 131 23 55 30  -0.214  -0.930  -1.195   1.530
 91 131 23 56 30  -0.186  -0.834  -1.262   1.526
 91 131 23 57 30  -0.130  -0.915  -1.224   1.534
 91 131 23 58 30  -0.109  -0.927  -1.227   1.542
 91 131 23 59 30  -0.134  -0.956  -1.207   1.546
