 91 142 00 00 30   0.521  -0.832  -0.203   1.003
 91 142 00 01 30   0.541  -0.829  -0.210   1.013
 91 142 00 02 30   0.545  -0.796  -0.299   1.011
 91 142 00 03 30   0.515  -0.822  -0.265   1.007
 91 142 00 04 30   0.602  -0.784  -0.128   1.005
 91 142 00 05 30   0.618  -0.782  -0.110   1.009
 91 142 00 06 30   0.625  -0.758  -0.209   1.010
 91 142 00 07 30   0.591  -0.799  -0.139   1.007
 91 142 00 08 30   0.596  -0.781  -0.194   1.005
 91 142 00 09 30   0.625  -0.765  -0.225   1.016
 91 142 00 10 30   0.624  -0.785  -0.172   1.019
 91 142 00 11 30   0.626  -0.779  -0.162   1.014
 91 142 00 12 30   0.575  -0.812  -0.130   1.008
 91 142 00 13 30   0.558  -0.840  -0.056   1.011
 91 142 00 14 30   0.519  -0.850  -0.080   1.004
 91 142 00 15 30   0.542  -0.843  -0.056   1.005
 91 142 00 16 30   0.602  -0.804  -0.100   1.010
 91 142 00 17 30   0.594  -0.805  -0.124   1.008
 91 142 00 18 30   0.599  -0.812  -0.121   1.017
 91 142 00 19 30   0.592  -0.812  -0.134   1.014
 91 142 00 20 30   0.575  -0.814  -0.168   1.011
 91 142 00 21 30   0.603  -0.796  -0.165   1.013
 91 142 00 22 30   0.606  -0.795  -0.156   1.012
 91 142 00 23 30   0.609  -0.784  -0.171   1.008
 91 142 00 24 30   0.612  -0.787  -0.131   1.008
 91 142 00 25 30   0.610  -0.787  -0.119   1.004
 91 142 00 26 30   0.597  -0.789  -0.181   1.007
 91 142 00 27 30   0.627  -0.768  -0.112   1.006
 91 142 00 28 30   0.658  -0.751  -0.119   1.011
 91 142 00 29 30   0.635  -0.761  -0.169   1.007
 91 142 00 30 30   0.675  -0.741  -0.142   1.013
 91 142 00 31 30   0.666  -0.718  -0.259   1.014
 91 142 00 32 30   0.674  -0.706  -0.275   1.016
 91 142 00 33 30   0.700  -0.695  -0.257   1.021
 91 142 00 34 30   0.689  -0.690  -0.288   1.017
 91 142 00 35 30   0.680  -0.706  -0.274   1.019
 91 142 00 36 30   0.662  -0.733  -0.207   1.021
 91 142 00 37 30   0.670  -0.765  -0.128   1.026
 91 142 00 38 30   0.671  -0.764  -0.101   1.022
 91 142 00 39 30   0.678  -0.751  -0.154   1.025
 91 142 00 40 30   0.699  -0.719  -0.216   1.026
 91 142 00 41 30   0.697  -0.702  -0.208   1.012
 91 142 00 42 30   0.702  -0.691  -0.218   1.009
 91 142 00 43 30   0.732  -0.652  -0.208   1.002
 91 142 00 44 30   0.721  -0.658  -0.229   1.003
 91 142 00 45 30   0.747  -0.636  -0.236   1.010
 91 142 00 46 30   0.721  -0.635  -0.236   0.992
 91 142 00 47 30   0.783  -0.575  -0.310   1.020
 91 142 00 48 30   0.787  -0.573  -0.313   1.023
 91 142 00 49 30   0.757  -0.595  -0.284   1.005
 91 142 00 50 30   0.715  -0.622  -0.264   0.984
 91 142 00 51 30   0.709  -0.637  -0.271   0.991
 91 142 00 52 30   0.712  -0.612  -0.280   0.980
 91 142 00 53 30   0.754  -0.568  -0.283   0.986
 91 142 00 54 30   0.732  -0.592  -0.290   0.985
 91 142 00 55 30   0.735  -0.605  -0.296   0.997
 91 142 00 56 30   0.715  -0.630  -0.279   0.994
 91 142 00 57 30   0.740  -0.596  -0.290   0.994
 91 142 00 58 30   0.760  -0.587  -0.270   0.998
 91 142 00 59 30   0.695  -0.680  -0.254   1.007
 91 142 01 00 30   0.651  -0.711  -0.265   1.000
 91 142 01 01 30   0.722  -0.613  -0.327   1.007
 91 142 01 02 30   0.772  -0.548  -0.359   1.013
 91 142 01 03 30   0.785  -0.527  -0.376   1.018
 91 142 01 04 30   0.790  -0.520  -0.377   1.018
 91 142 01 05 30   0.794  -0.503  -0.388   1.017
 91 142 01 06 30   0.785  -0.517  -0.380   1.014
 91 142 01 07 30   0.795  -0.493  -0.402   1.018
 91 142 01 08 30   0.774  -0.515  -0.400   1.013
 91 142 01 09 30   0.792  -0.502  -0.372   1.009
 91 142 01 10 30   0.780  -0.515  -0.377   1.008
 91 142 01 11 30   0.772  -0.511  -0.383   1.002
 91 142 01 12 30   0.781  -0.506  -0.398   1.012
 91 142 01 13 30   0.772  -0.524  -0.398   1.015
 91 142 01 14 30   0.784  -0.526  -0.366   1.014
 91 142 01 15 30   0.738  -0.493  -0.511   1.024
 91 142 01 16 30   0.742  -0.514  -0.461   1.014
 91 142 01 17 30   0.751  -0.513  -0.451   1.015
 91 142 01 18 30   0.760  -0.496  -0.456   1.016
 91 142 01 19 30   0.775  -0.485  -0.443   1.016
 91 142 01 20 30   0.765  -0.500  -0.441   1.015
 91 142 01 21 30   0.757  -0.503  -0.454   1.017
 91 142 01 22 30   0.748  -0.481  -0.491   1.016
 91 142 01 24 30   0.709  -0.482  -0.517   1.001
 91 142 01 25 30   0.662  -0.499  -0.546   0.993
 91 142 01 26 30   0.672  -0.566  -0.461   0.995
 91 142 01 27 30   0.646  -0.546  -0.529   0.998
 91 142 01 28 30   0.646  -0.533  -0.531   0.992
 91 142 01 30 30   0.651  -0.535  -0.538   1.000
 91 142 01 31 30   0.644  -0.534  -0.541   0.997
 91 142 01 32 30   0.624  -0.565  -0.493   0.981
 91 142 01 33 30   0.598  -0.579  -0.523   0.984
 91 142 01 34 30   0.595  -0.561  -0.545   0.983
 91 142 01 35 30   0.620  -0.566  -0.531   0.993
 91 142 01 36 30   0.642  -0.551  -0.511   0.990
 91 142 01 37 30   0.658  -0.529  -0.525   0.995
 91 142 01 38 30   0.626  -0.530  -0.549   0.987
 91 142 01 39 30   0.653  -0.543  -0.514   0.993
 91 142 01 40 30   0.692  -0.493  -0.508   0.990
 91 142 01 41 30   0.658  -0.534  -0.509   0.989
 91 142 01 42 30   0.651  -0.518  -0.517   0.980
 91 142 01 43 30   0.553  -0.616  -0.510   0.973
 91 142 01 44 30   0.496  -0.670  -0.479   0.963
 91 142 01 45 30   0.548  -0.636  -0.484   0.969
 91 142 01 46 30   0.508  -0.665  -0.492   0.972
 91 142 01 47 30   0.521  -0.667  -0.472   0.971
 91 142 01 48 30   0.494  -0.677  -0.479   0.969
 91 142 01 49 30   0.403  -0.744  -0.481   0.973
 91 142 01 50 30   0.402  -0.739  -0.490   0.974
 91 142 01 51 30   0.420  -0.731  -0.482   0.972
 91 142 01 52 30   0.393  -0.750  -0.467   0.967
 91 142 01 53 30   0.457  -0.701  -0.496   0.973
 91 142 01 54 30   0.511  -0.666  -0.492   0.974
 91 142 01 55 30   0.515  -0.670  -0.491   0.979
 91 142 01 56 30   0.494  -0.649  -0.535   0.976
 91 142 01 57 30   0.499  -0.655  -0.522   0.975
 91 142 01 58 30   0.511  -0.639  -0.525   0.973
 91 142 01 59 30   0.485  -0.633  -0.553   0.971
 91 142 02 00 30   0.510  -0.499  -0.648   0.965
 91 142 02 01 30   0.459  -0.528  -0.655   0.960
 91 142 02 02 30   0.493  -0.489  -0.664   0.961
 91 142 02 03 30   0.486  -0.550  -0.616   0.962
 91 142 02 04 30   0.506  -0.569  -0.601   0.973
 91 142 02 05 30   0.519  -0.562  -0.595   0.969
 91 142 02 06 30   0.514  -0.542  -0.610   0.965
 91 142 02 07 30   0.513  -0.544  -0.620   0.971
 91 142 02 08 30   0.506  -0.540  -0.638   0.977
 91 142 02 09 30   0.471  -0.524  -0.677   0.978
 91 142 02 10 30   0.432  -0.521  -0.691   0.967
 91 142 02 11 30   0.415  -0.547  -0.679   0.966
 91 142 02 12 30   0.416  -0.514  -0.702   0.964
 91 142 02 13 30   0.430  -0.489  -0.687   0.947
 91 142 02 14 30   0.423  -0.503  -0.681   0.947
 91 142 02 15 30   0.457  -0.491  -0.679   0.955
 91 142 02 16 30   0.447  -0.494  -0.671   0.946
 91 142 02 17 30   0.426  -0.521  -0.684   0.960
 91 142 02 18 30   0.400  -0.578  -0.659   0.966
 91 142 02 19 30   0.313  -0.694  -0.602   0.971
 91 142 02 20 30   0.325  -0.693  -0.587   0.965
 91 142 02 21 30   0.340  -0.687  -0.575   0.958
 91 142 02 22 30   0.326  -0.705  -0.558   0.956
 91 142 02 23 30   0.295  -0.732  -0.569   0.974
 91 142 02 24 30   0.284  -0.770  -0.532   0.979
 91 142 02 25 30   0.259  -0.779  -0.517   0.971
 91 142 02 26 30   0.248  -0.808  -0.485   0.975
 91 142 02 27 30   0.231  -0.822  -0.477   0.978
 91 142 02 28 30   0.214  -0.844  -0.441   0.977
 91 142 02 29 30   0.204  -0.867  -0.402   0.978
 91 142 02 30 30   0.196  -0.859  -0.377   0.958
 91 142 02 31 30   0.158  -0.866  -0.354   0.949
 91 142 02 32 30   0.214  -0.874  -0.336   0.962
 91 142 02 33 30   0.101  -0.885  -0.273   0.932
 91 142 02 34 30   0.064  -0.893  -0.256   0.932
 91 142 02 35 30   0.074  -0.883  -0.258   0.923
 91 142 02 36 30   0.068  -0.894  -0.220   0.923
 91 142 02 37 30   0.057  -0.914  -0.184   0.934
 91 142 02 38 30   0.018  -0.924  -0.221   0.951
 91 142 02 39 30  -0.023  -0.879  -0.215   0.905
 91 142 02 40 30  -0.030  -0.877  -0.212   0.903
 91 142 02 41 30  -0.050  -0.846  -0.259   0.887
 91 142 02 42 30  -0.089  -0.840  -0.284   0.892
 91 142 02 43 30  -0.086  -0.856  -0.306   0.916
 91 142 02 44 30  -0.064  -0.919  -0.229   0.950
 91 142 02 45 30  -0.131  -0.913  -0.220   0.949
 91 142 02 46 30  -0.144  -0.926  -0.151   0.949
 91 142 02 47 30  -0.179  -0.922  -0.079   0.944
 91 142 02 48 30  -0.188  -0.908  -0.013   0.929
 91 142 02 49 30  -0.213  -0.916   0.035   0.942
 91 142 02 50 30  -0.195  -0.891   0.064   0.915
 91 142 02 51 30  -0.191  -0.882   0.107   0.909
 91 142 02 52 30  -0.193  -0.881   0.126   0.910
 91 142 02 53 30  -0.132  -0.875   0.057   0.894
 91 142 02 54 30  -0.044  -0.867   0.040   0.876
 91 142 02 55 30   0.338  -0.720  -0.466   0.934
 91 142 02 56 30   0.489  -0.618  -0.538   0.959
 91 142 02 57 30   0.469  -0.699  -0.512   0.987
 91 142 02 58 30   0.506  -0.546  -0.649   0.995
 91 142 02 59 30   0.528  -0.492  -0.674   0.990
 91 142 03 00 30   0.468  -0.507  -0.726   1.002
 91 142 03 01 30   0.490  -0.455  -0.742   0.999
 91 142 03 02 30   0.475  -0.391  -0.783   0.997
 91 142 03 03 30   0.488  -0.359  -0.790   0.997
 91 142 03 04 30   0.492  -0.392  -0.758   0.991
 91 142 03 05 30   0.506  -0.482  -0.705   0.993
 91 142 03 06 30   0.503  -0.450  -0.720   0.987
 91 142 03 07 30   0.501  -0.454  -0.718   0.986
 91 142 03 08 30   0.506  -0.464  -0.711   0.988
 91 142 03 09 30   0.475  -0.450  -0.732   0.982
 91 142 03 10 30   0.505  -0.397  -0.743   0.982
 91 142 03 11 30   0.475  -0.398  -0.725   0.956
 91 142 03 12 30   0.503  -0.349  -0.717   0.944
 91 142 03 13 30   0.499  -0.374  -0.701   0.943
 91 142 03 14 30   0.463  -0.201  -0.775   0.927
 91 142 03 15 30   0.357  -0.176  -0.800   0.912
 91 142 03 16 30   0.488  -0.254  -0.736   0.921
 91 142 03 17 30   0.494  -0.306  -0.706   0.918
 91 142 03 18 30   0.507  -0.467  -0.622   0.929
 91 142 03 19 30   0.499  -0.452  -0.630   0.923
 91 142 03 20 30   0.521  -0.561  -0.513   0.923
 91 142 03 21 30   0.466  -0.618  -0.508   0.930
 91 142 03 22 30   0.505  -0.583  -0.507   0.925
 91 142 03 23 30   0.514  -0.586  -0.494   0.925
 91 142 03 24 30   0.531  -0.610  -0.453   0.930
 91 142 03 25 30   0.495  -0.613  -0.485   0.927
 91 142 03 26 30   0.496  -0.638  -0.496   0.952
 91 142 03 27 30   0.501  -0.646  -0.484   0.953
 91 142 03 28 30   0.417  -0.764  -0.307   0.925
 91 142 03 29 30   0.439  -0.802  -0.280   0.960
 91 142 03 30 30   0.446  -0.769  -0.335   0.953
 91 142 03 31 30   0.464  -0.749  -0.365   0.954
 91 142 03 32 30   0.435  -0.804  -0.292   0.960
 91 142 03 33 30   0.434  -0.814  -0.301   0.971
 91 142 03 34 30   0.458  -0.797  -0.274   0.961
 91 142 03 35 30   0.444  -0.789  -0.282   0.949
 91 142 03 36 30   0.438  -0.799  -0.269   0.950
 91 142 03 37 30   0.467  -0.792  -0.263   0.957
 91 142 03 38 30   0.407  -0.824  -0.239   0.951
 91 142 03 39 30   0.374  -0.870  -0.078   0.952
 91 142 03 40 30   0.336  -0.889   0.037   0.953
 91 142 03 41 30   0.458  -0.857  -0.164   0.990
 91 142 03 42 30   0.497  -0.850  -0.185   1.018
 91 142 03 43 30   0.495  -0.861  -0.226   1.023
 91 142 03 44 30   0.545  -0.836  -0.237   1.026
 91 142 03 45 30   0.567  -0.833  -0.230   1.034
 91 142 03 46 30   0.538  -0.861  -0.182   1.032
 91 142 03 47 30   0.527  -0.876  -0.148   1.033
 91 142 03 48 30   0.529  -0.869  -0.137   1.028
 91 142 03 49 30   0.520  -0.868  -0.190   1.030
 91 142 03 50 30   0.491  -0.885  -0.178   1.028
 91 142 03 51 30   0.487  -0.880  -0.178   1.022
 91 142 03 52 30   0.465  -0.879  -0.189   1.015
 91 142 03 53 30   0.498  -0.852  -0.274   1.025
 91 142 03 54 30   0.473  -0.882  -0.180   1.017
 91 142 03 55 30   0.427  -0.918  -0.082   1.017
 91 142 03 56 30   0.440  -0.907  -0.113   1.016
 91 142 03 57 30   0.369  -0.915   0.013   0.988
 91 142 03 58 30   0.349  -0.959   0.056   1.023
 91 142 03 59 30   0.333  -0.965   0.044   1.022
 91 142 04 00 30   0.245  -0.975   0.123   1.013
 91 142 04 01 30   0.060  -0.942   0.293   0.997
 91 142 04 02 30   0.260  -0.967   0.202   1.023
 91 142 04 03 30   0.291  -0.964   0.118   1.020
 91 142 04 04 30   0.349  -0.951  -0.013   1.015
 91 142 04 05 30   0.335  -0.970   0.017   1.028
 91 142 04 06 30   0.344  -0.963  -0.064   1.026
 91 142 04 07 30   0.319  -0.974  -0.041   1.027
 91 142 04 08 30   0.275  -0.994   0.039   1.032
 91 142 04 09 30   0.260  -0.990   0.048   1.028
 91 142 04 10 30   0.145  -0.981   0.186   1.010
 91 142 04 11 30   0.115  -0.985   0.208   1.016
 91 142 04 12 30   0.283  -0.980   0.034   1.021
 91 142 04 13 30   0.260  -0.978   0.074   1.017
 91 142 04 14 30   0.214  -0.994   0.057   1.019
 91 142 04 15 30   0.194  -0.993   0.042   1.013
 91 142 04 16 30   0.238  -0.993   0.030   1.022
 91 142 04 17 30   0.321  -0.974   0.033   1.027
 91 142 04 18 30   0.343  -0.967  -0.021   1.026
 91 142 04 19 30   0.314  -0.976  -0.001   1.026
 91 142 04 20 30   0.302  -0.981  -0.091   1.031
 91 142 04 21 30   0.306  -0.988  -0.097   1.039
 91 142 04 22 30   0.277  -0.995  -0.128   1.040
 91 142 04 23 30   0.281  -0.990  -0.160   1.041
 91 142 04 24 30   0.268  -0.988  -0.175   1.039
 91 142 04 25 30   0.269  -0.985  -0.186   1.038
 91 142 04 26 30   0.289  -0.988  -0.152   1.041
 91 142 04 27 30   0.223  -0.986  -0.203   1.033
 91 142 04 28 30   0.205  -0.976  -0.251   1.029
 91 142 04 29 30   0.201  -0.988  -0.271   1.045
 91 142 04 30 30   0.208  -1.004  -0.263   1.060
 91 142 04 31 30   0.299  -0.985  -0.111   1.063
 91 142 04 32 30   0.334  -0.870   0.509   1.063
 91 142 04 33 30   0.321  -0.896   0.444   1.051
 91 142 04 34 30   0.316  -0.921   0.399   1.052
 91 142 04 35 30   0.312  -0.919   0.385   1.044
 91 142 04 36 30   0.311  -0.916   0.397   1.045
 91 142 04 37 30   0.336  -0.900   0.406   1.044
 91 142 04 38 30   0.330  -0.906   0.406   1.047
 91 142 04 39 30   0.313  -0.916   0.384   1.041
 91 142 04 40 30   0.302  -0.913   0.398   1.041
 91 142 04 41 30   0.299  -0.921   0.376   1.039
 91 142 04 42 30   0.297  -0.940   0.321   1.037
 91 142 04 43 30   0.269  -0.937   0.324   1.027
 91 142 04 44 30   0.222  -0.936   0.340   1.021
 91 142 04 45 30   0.190  -0.920   0.398   1.020
 91 142 04 46 30   0.213  -0.938   0.347   1.023
 91 142 04 47 30   0.192  -0.914   0.403   1.019
 91 142 04 48 30   0.130  -0.909   0.443   1.020
 91 142 04 49 30   0.085  -0.928   0.409   1.019
 91 142 04 50 30   0.082  -0.876   0.490   1.010
 91 142 04 51 30   0.140  -0.904   0.433   1.014
 91 142 04 52 30   0.441  -0.910   0.073   1.030
 91 142 04 53 30   0.346  -0.910   0.197   1.029
 91 142 04 54 30   0.315  -0.937   0.291   1.031
 91 142 04 55 30   0.323  -0.964   0.192   1.036
 91 142 04 56 30   0.347  -0.970   0.124   1.039
 91 142 04 57 30   0.329  -0.973   0.129   1.037
 91 142 04 58 30   0.375  -0.962   0.135   1.043
 91 142 04 59 30   0.421  -0.944   0.135   1.043
 91 142 05 00 30   0.360  -0.965   0.110   1.038
 91 142 05 01 30   0.324  -0.956   0.189   1.027
 91 142 05 02 30   0.340  -0.959   0.114   1.025
 91 142 05 03 30   0.367  -0.936   0.187   1.024
 91 142 05 04 30   0.353  -0.920   0.262   1.020
 91 142 05 05 30   0.349  -0.938   0.200   1.021
 91 142 05 06 30   0.280  -0.945   0.235   1.015
 91 142 05 07 30   0.338  -0.946   0.211   1.027
 91 142 05 08 30   0.382  -0.927   0.177   1.019
 91 142 05 09 30   0.483  -0.908   0.106   1.037
 91 142 05 10 30   0.426  -0.944   0.084   1.040
 91 142 05 11 30   0.432  -0.941   0.118   1.044
 91 142 05 12 30   0.422  -0.940   0.078   1.035
 91 142 05 13 30   0.457  -0.935   0.063   1.043
 91 142 05 14 30   0.464  -0.922  -0.012   1.034
 91 142 05 15 30   0.466  -0.931   0.006   1.042
 91 142 05 16 30   0.413  -0.946   0.035   1.037
 91 142 05 17 30   0.443  -0.945  -0.033   1.046
 91 142 05 18 30   0.490  -0.919  -0.106   1.047
 91 142 05 19 30   0.450  -0.935   0.044   1.040
 91 142 05 20 30   0.448  -0.930   0.067   1.035
 91 142 05 21 30   0.447  -0.937   0.123   1.046
 91 142 05 22 30   0.440  -0.933   0.125   1.040
 91 142 05 23 30   0.476  -0.909   0.184   1.043
 91 142 05 24 30   0.457  -0.917   0.217   1.048
 91 142 05 25 30   0.473  -0.917   0.183   1.049
 91 142 05 26 30   0.444  -0.929   0.178   1.045
 91 142 05 27 30   0.466  -0.917   0.171   1.043
 91 142 05 28 30   0.417  -0.935   0.183   1.040
 91 142 05 29 30   0.399  -0.929   0.182   1.029
 91 142 05 30 30   0.450  -0.914   0.180   1.039
 91 142 05 31 30   0.412  -0.917   0.219   1.031
 91 142 05 32 30   0.349  -0.940   0.226   1.030
 91 142 05 33 30   0.190  -0.947   0.329   1.022
 91 142 05 34 30   0.227  -0.913   0.385   1.018
 91 142 05 35 30   0.220  -0.895   0.419   1.014
 91 142 05 36 30   0.256  -0.897   0.380   1.009
 91 142 05 37 30   0.275  -0.926   0.316   1.020
 91 142 05 38 30   0.256  -0.921   0.336   1.025
 91 142 05 39 30   0.254  -0.868   0.472   1.020
 91 142 05 40 30   0.248  -0.875   0.442   1.011
 91 142 05 41 30   0.227  -0.860   0.465   1.004
 91 142 05 42 30   0.272  -0.872   0.419   1.005
 91 142 05 43 30   0.249  -0.890   0.399   1.007
 91 142 05 44 30   0.249  -0.891   0.393   1.005
 91 142 05 45 30   0.299  -0.881   0.400   1.013
 91 142 05 46 30   0.372  -0.892   0.317   1.019
 91 142 05 47 30   0.350  -0.907   0.314   1.022
 91 142 05 48 30   0.399  -0.904   0.221   1.018
 91 142 05 49 30   0.314  -0.936   0.199   1.013
 91 142 05 50 30   0.199  -0.893   0.393   0.997
 91 142 05 51 30   0.169  -0.887   0.415   0.994
 91 142 05 52 30   0.173  -0.884   0.413   0.991
 91 142 05 53 30   0.171  -0.878   0.422   0.989
 91 142 05 54 30   0.171  -0.878   0.425   0.991
 91 142 05 55 30   0.146  -0.878   0.415   0.982
 91 142 05 56 30   0.141  -0.867   0.440   0.982
 91 142 05 57 30   0.144  -0.861   0.452   0.983
 91 142 05 58 30   0.151  -0.859   0.451   0.982
 91 142 05 59 30   0.134  -0.851   0.470   0.981
 91 142 06 00 30   0.122  -0.862   0.464   0.986
 91 142 06 01 30   0.110  -0.849   0.481   0.982
 91 142 06 02 30   0.128  -0.845   0.491   0.986
 91 142 06 03 30   0.135  -0.846   0.495   0.989
 91 142 06 04 30   0.134  -0.832   0.501   0.980
 91 142 06 05 30   0.076  -0.761   0.606   0.979
 91 142 06 06 30  -0.056  -0.612   0.744   0.965
 91 142 06 07 30  -0.074  -0.620   0.723   0.956
 91 142 06 08 30  -0.077  -0.643   0.704   0.958
 91 142 06 09 30  -0.110  -0.635   0.703   0.955
 91 142 06 10 30  -0.114  -0.626   0.719   0.960
 91 142 06 11 30   0.008  -0.680   0.687   0.967
 91 142 06 12 30  -0.005  -0.656   0.705   0.963
 91 142 06 13 30  -0.046  -0.642   0.716   0.963
 91 142 06 14 30  -0.030  -0.629   0.734   0.967
 91 142 06 15 30  -0.061  -0.662   0.692   0.961
 91 142 06 16 30  -0.072  -0.678   0.671   0.957
 91 142 06 17 30  -0.063  -0.658   0.703   0.966
 91 142 06 18 30  -0.026  -0.668   0.695   0.965
 91 142 06 19 30  -0.093  -0.681   0.672   0.962
 91 142 06 20 30  -0.049  -0.670   0.676   0.953
 91 142 06 21 30  -0.007  -0.677   0.680   0.960
 91 142 06 22 30  -0.004  -0.676   0.698   0.972
 91 142 06 23 30   0.056  -0.702   0.679   0.980
 91 142 06 24 30   0.053  -0.730   0.650   0.979
 91 142 06 25 30   0.007  -0.744   0.643   0.983
 91 142 06 26 30   0.027  -0.764   0.617   0.983
 91 142 06 27 30  -0.112  -0.761   0.582   0.967
 91 142 06 28 30   0.010  -0.800   0.557   0.978
 91 142 06 29 30   0.048  -0.814   0.546   0.982
 91 142 06 30 30   0.107  -0.806   0.539   0.984
 91 142 06 31 30   0.162  -0.867   0.453   0.992
 91 142 06 32 30   0.162  -0.854   0.467   0.987
 91 142 06 33 30   0.138  -0.844   0.496   0.989
 91 142 06 34 30   0.125  -0.856   0.478   0.989
 91 142 06 35 30   0.126  -0.861   0.476   0.992
 91 142 06 36 30   0.096  -0.834   0.517   0.993
 91 142 06 37 30  -0.088  -0.650   0.718   0.974
 91 142 06 38 30  -0.250  -0.429   0.819   0.960
 91 142 06 39 30  -0.253  -0.431   0.824   0.964
 91 142 06 40 30  -0.200  -0.434   0.842   0.970
 91 142 06 41 30  -0.171  -0.486   0.817   0.971
 91 142 06 42 30  -0.131  -0.527   0.783   0.960
 91 142 06 43 30   0.016  -0.683   0.692   0.973
 91 142 06 44 30   0.126  -0.769   0.594   0.982
 91 142 06 45 30   0.210  -0.793   0.559   0.993
 91 142 06 46 30   0.180  -0.775   0.591   0.993
 91 142 06 47 30  -0.038  -0.511   0.799   0.951
 91 142 06 48 30   0.019  -0.558   0.774   0.957
 91 142 06 49 30   0.157  -0.625   0.711   0.972
 91 142 06 50 30   0.004  -0.546   0.769   0.946
 91 142 06 51 30   0.047  -0.593   0.747   0.957
 91 142 06 52 30  -0.055  -0.499   0.794   0.946
 91 142 06 53 30   0.103  -0.661   0.668   0.970
 91 142 06 54 30   0.247  -0.909   0.202   0.981
 91 142 06 55 30   0.284  -0.912   0.203   0.981
 91 142 06 56 30   0.327  -0.911   0.201   0.990
 91 142 06 57 30   0.354  -0.900   0.185   0.986
 91 142 06 58 30   0.347  -0.905   0.162   0.983
 91 142 06 59 30   0.349  -0.907   0.129   0.981
 91 142 07 00 30   0.300  -0.922   0.054   0.974
 91 142 07 01 30   0.285  -0.935   0.021   0.978
 91 142 07 02 30   0.327  -0.921   0.087   0.984
 91 142 07 03 30   0.316  -0.933   0.010   0.988
 91 142 07 04 30   0.303  -0.906   0.202   0.987
 91 142 07 05 30   0.313  -0.880   0.266   0.980
 91 142 07 06 30   0.286  -0.899   0.238   0.977
 91 142 07 07 30   0.224  -0.906   0.275   0.978
 91 142 07 08 30   0.271  -0.901   0.251   0.980
 91 142 07 09 30   0.583  -0.712   0.356   0.991
 91 142 07 10 30   0.538  -0.781   0.273   0.989
 91 142 07 11 30   0.532  -0.800   0.191   0.985
 91 142 07 12 30   0.504  -0.826   0.035   0.974
 91 142 07 13 30   0.527  -0.805   0.070   0.970
 91 142 07 14 30   0.503  -0.814  -0.002   0.966
 91 142 07 15 30   0.473  -0.836  -0.014   0.962
 91 142 07 16 30   0.510  -0.815  -0.018   0.964
 91 142 07 17 30   0.530  -0.802   0.018   0.967
 91 142 07 18 30   0.529  -0.794  -0.081   0.964
 91 142 07 19 30   0.435  -0.836   0.143   0.957
 91 142 07 20 30   0.527  -0.788  -0.122   0.962
 91 142 07 21 30   0.485  -0.798   0.187   0.958
 91 142 07 22 30   0.572  -0.774   0.028   0.968
 91 142 07 23 30   0.566  -0.772  -0.064   0.968
 91 142 07 24 30   0.534  -0.760  -0.233   0.961
 91 142 07 25 30   0.441  -0.827  -0.028   0.952
 91 142 07 26 30   0.475  -0.799   0.173   0.950
 91 142 07 27 30   0.447  -0.808   0.126   0.950
 91 142 07 28 30   0.427  -0.840   0.068   0.947
 91 142 07 29 30   0.411  -0.847   0.017   0.943
 91 142 07 30 30   0.400  -0.848   0.070   0.941
 91 142 07 31 30   0.345  -0.874   0.104   0.951
 91 142 07 32 30   0.347  -0.869   0.152   0.953
 91 142 07 33 30   0.338  -0.874   0.148   0.953
 91 142 07 34 30   0.335  -0.879   0.166   0.956
 91 142 07 35 30   0.381  -0.863   0.118   0.954
 91 142 07 36 30   0.389  -0.866   0.075   0.953
 91 142 07 37 30   0.389  -0.866   0.068   0.953
 91 142 07 38 30   0.440  -0.845   0.042   0.954
 91 142 07 39 30   0.401  -0.860   0.087   0.954
 91 142 07 40 30   0.382  -0.867   0.084   0.952
 91 142 07 41 30   0.331  -0.869   0.200   0.953
 91 142 07 42 30   0.333  -0.819   0.347   0.952
 91 142 07 43 30   0.338  -0.847   0.266   0.952
 91 142 07 44 30   0.346  -0.805   0.353   0.946
 91 142 07 45 30   0.336  -0.805   0.365   0.946
 91 142 07 46 30   0.318  -0.811   0.378   0.951
 91 142 07 47 30   0.235  -0.826   0.342   0.940
 91 142 07 48 30   0.299  -0.870   0.217   0.947
 91 142 07 49 30   0.319  -0.830   0.310   0.952
 91 142 07 50 30   0.266  -0.813   0.308   0.942
 91 142 07 51 30   0.416  -0.834   0.137   0.950
 91 142 07 52 30   0.265  -0.806   0.362   0.947
 91 142 07 53 30   0.171  -0.773   0.526   0.953
 91 142 07 54 30   0.218  -0.811   0.428   0.951
 91 142 07 55 30   0.316  -0.811   0.398   0.959
 91 142 07 56 30   0.137  -0.750   0.475   0.927
 91 142 07 57 30   0.096  -0.790   0.453   0.920
 91 142 07 58 30   0.253  -0.856   0.279   0.942
 91 142 07 59 30   0.318  -0.815   0.343   0.945
 91 142 08 00 30   0.231  -0.780   0.431   0.932
 91 142 08 01 30   0.118  -0.812   0.381   0.918
 91 142 08 02 30   0.261  -0.694   0.522   0.925
 91 142 08 03 30   0.042  -0.859   0.317   0.922
 91 142 08 04 30  -0.112  -0.885   0.175   0.912
 91 142 08 05 30  -0.401  -0.548  -0.416   0.857
 91 142 08 06 30  -0.351  -0.135  -0.742   0.845
 91 142 08 07 30  -0.266  -0.200  -0.783   0.858
 91 142 08 08 30  -0.395  -0.373  -0.662   0.872
 91 142 08 09 30  -0.475  -0.481  -0.545   0.882
 91 142 08 10 30  -0.540  -0.628  -0.315   0.890
 91 142 08 11 30  -0.467  -0.740  -0.226   0.908
 91 142 08 12 30  -0.466  -0.758  -0.163   0.906
 91 142 08 13 30  -0.286  -0.822   0.068   0.922
 91 142 08 14 30  -0.028  -0.866   0.349   0.936
 91 142 08 15 30   0.032  -0.863   0.344   0.932
 91 142 08 16 30   0.081  -0.895   0.284   0.944
 91 142 08 17 30   0.071  -0.893   0.287   0.944
 91 142 08 18 30   0.137  -0.871   0.357   0.955
 91 142 08 19 30   0.188  -0.874   0.294   0.955
 91 142 08 20 30   0.071  -0.892   0.011   0.926
 91 142 08 21 30   0.099  -0.861   0.144   0.934
 91 142 08 22 30  -0.104  -0.910   0.038   0.921
 91 142 08 23 30  -0.006  -0.908   0.130   0.921
 91 142 08 24 30   0.013  -0.893   0.096   0.910
 91 142 08 25 30   0.081  -0.914   0.072   0.922
 91 142 08 26 30   0.031  -0.913   0.057   0.920
 91 142 08 27 30  -0.191  -0.844  -0.119   0.897
 91 142 08 28 30  -0.293  -0.784  -0.121   0.867
 91 142 08 29 30   0.274  -0.820   0.162   0.910
 91 142 08 30 30  -0.021  -0.891   0.116   0.902
 91 142 08 31 30   0.225  -0.870   0.120   0.922
 91 142 08 32 30   0.269  -0.844   0.246   0.924
 91 142 08 33 30   0.295  -0.828   0.274   0.927
 91 142 08 34 30   0.383  -0.729   0.441   0.935
 91 142 08 35 30   0.358  -0.722   0.461   0.931
 91 142 08 36 30   0.425  -0.505   0.649   0.930
 91 142 08 37 30   0.441  -0.487   0.660   0.934
 91 142 08 38 30   0.459  -0.580   0.572   0.941
 91 142 08 39 30   0.462  -0.651   0.497   0.943
 91 142 08 40 30   0.460  -0.656   0.507   0.948
 91 142 08 41 30   0.450  -0.661   0.501   0.944
 91 142 08 42 30   0.451  -0.680   0.465   0.939
 91 142 08 43 30   0.535  -0.661   0.414   0.947
 91 142 08 44 30   0.514  -0.646   0.462   0.947
 91 142 08 45 30   0.487  -0.661   0.468   0.946
 91 142 08 46 30   0.512  -0.663   0.448   0.950
 91 142 08 47 30   0.506  -0.672   0.439   0.950
 91 142 08 48 30   0.503  -0.660   0.475   0.956
 91 142 08 49 30   0.520  -0.673   0.448   0.962
 91 142 08 50 30   0.519  -0.669   0.459   0.963
 91 142 08 51 30   0.519  -0.662   0.471   0.965
 91 142 08 52 30   0.467  -0.658   0.512   0.958
 91 142 08 53 30   0.542  -0.652   0.454   0.964
 91 142 08 54 30   0.458  -0.656   0.517   0.954
 91 142 08 55 30   0.446  -0.640   0.539   0.949
 91 142 08 56 30   0.473  -0.608   0.547   0.945
 91 142 08 57 30   0.476  -0.652   0.505   0.954
 91 142 08 58 30   0.521  -0.682   0.437   0.963
 91 142 08 59 30   0.524  -0.677   0.422   0.955
 91 142 09 00 30   0.507  -0.690   0.433   0.960
 91 142 09 01 30   0.474  -0.679   0.471   0.954
 91 142 09 02 30   0.477  -0.733   0.381   0.955
 91 142 09 03 30   0.466  -0.754   0.374   0.962
 91 142 09 04 30   0.488  -0.734   0.390   0.965
 91 142 09 05 30   0.496  -0.730   0.376   0.962
 91 142 09 06 30   0.440  -0.792   0.313   0.959
 91 142 09 07 30   0.427  -0.808   0.301   0.962
 91 142 09 08 30   0.426  -0.828   0.243   0.963
 91 142 09 09 30   0.403  -0.806   0.264   0.956
 91 142 09 10 30   0.190  -0.683   0.596   0.927
 91 142 09 11 30   0.197  -0.670   0.592   0.916
 91 142 09 12 30   0.228  -0.638   0.610   0.913
 91 142 09 13 30   0.224  -0.631   0.606   0.904
 91 142 09 14 30   0.246  -0.665   0.563   0.906
 91 142 09 15 30   0.280  -0.684   0.541   0.916
 91 142 09 16 30   0.290  -0.713   0.482   0.910
 91 142 09 17 30   0.295  -0.725   0.470   0.914
 91 142 09 18 30   0.308  -0.726   0.475   0.922
 91 142 09 19 30   0.340  -0.761   0.399   0.925
 91 142 09 20 30   0.356  -0.746   0.412   0.925
 91 142 09 21 30   0.339  -0.732   0.447   0.922
 91 142 09 22 30   0.347  -0.758   0.388   0.921
 91 142 09 23 30   0.314  -0.760   0.387   0.913
 91 142 09 24 30   0.360  -0.696   0.489   0.924
 91 142 09 25 30   0.354  -0.758   0.405   0.930
 91 142 09 26 30   0.341  -0.790   0.338   0.925
 91 142 09 27 30   0.338  -0.777   0.378   0.929
 91 142 09 28 30   0.361  -0.769   0.389   0.935
 91 142 09 29 30   0.356  -0.751   0.402   0.925
 91 142 09 30 30   0.360  -0.713   0.461   0.924
 91 142 09 31 30   0.370  -0.763   0.364   0.927
 91 142 09 32 30   0.319  -0.792   0.355   0.925
 91 142 09 33 30   0.304  -0.795   0.350   0.921
 91 142 09 34 30   0.322  -0.777   0.374   0.921
 91 142 09 35 30   0.365  -0.733   0.433   0.927
 91 142 09 36 30   0.335  -0.686   0.528   0.929
 91 142 09 37 30   0.356  -0.686   0.516   0.930
 91 142 09 38 30   0.316  -0.672   0.558   0.929
 91 142 09 39 30   0.307  -0.681   0.548   0.927
 91 142 09 40 30   0.286  -0.709   0.517   0.924
 91 142 09 41 30   0.382  -0.758   0.375   0.930
 91 142 09 42 30   0.337  -0.742   0.443   0.928
 91 142 09 43 30   0.277  -0.737   0.484   0.926
 91 142 09 44 30   0.326  -0.755   0.431   0.930
 91 142 09 45 30   0.324  -0.760   0.435   0.935
 91 142 09 46 30   0.258  -0.734   0.517   0.935
 91 142 09 47 30   0.276  -0.720   0.521   0.931
 91 142 09 48 30   0.275  -0.733   0.496   0.927
 91 142 09 49 30   0.269  -0.684   0.555   0.924
 91 142 09 50 30   0.297  -0.618   0.618   0.923
 91 142 09 51 30   0.301  -0.605   0.628   0.923
 91 142 09 52 30   0.299  -0.652   0.577   0.922
 91 142 09 53 30   0.287  -0.662   0.580   0.927
 91 142 09 54 30   0.296  -0.652   0.585   0.926
 91 142 09 55 30   0.275  -0.678   0.564   0.925
 91 142 09 56 30   0.282  -0.683   0.552   0.923
 91 142 09 57 30   0.286  -0.689   0.553   0.929
 91 142 09 58 30   0.298  -0.691   0.538   0.926
 91 142 09 59 30   0.293  -0.715   0.510   0.926
 91 142 10 00 30   0.286  -0.723   0.498   0.923
 91 142 10 01 30   0.288  -0.731   0.482   0.922
 91 142 10 02 30   0.265  -0.746   0.470   0.921
 91 142 10 03 30   0.249  -0.773   0.423   0.916
 91 142 10 04 30   0.262  -0.757   0.449   0.919
 91 142 10 05 30   0.227  -0.800   0.383   0.918
 91 142 10 06 30   0.251  -0.778   0.416   0.918
 91 142 10 07 30   0.237  -0.757   0.447   0.912
 91 142 10 08 30   0.255  -0.775   0.400   0.909
 91 142 10 09 30   0.256  -0.775   0.398   0.908
 91 142 10 10 30   0.261  -0.772   0.405   0.910
 91 142 10 11 30   0.147  -0.854   0.269   0.909
 91 142 10 12 30   0.175  -0.846   0.287   0.911
 91 142 10 13 30   0.216  -0.798   0.356   0.901
 91 142 10 14 30   0.195  -0.818   0.317   0.899
 91 142 10 15 30   0.205  -0.822   0.309   0.903
 91 142 10 16 30   0.130  -0.823   0.346   0.903
 91 142 10 17 30   0.100  -0.834   0.345   0.908
 91 142 10 18 30   0.094  -0.842   0.326   0.908
 91 142 10 19 30   0.081  -0.847   0.316   0.908
 91 142 10 20 30   0.065  -0.845   0.327   0.908
 91 142 10 21 30   0.039  -0.839   0.335   0.905
 91 142 10 22 30   0.059  -0.832   0.350   0.905
 91 142 10 23 30   0.054  -0.830   0.351   0.903
 91 142 10 24 30   0.052  -0.834   0.339   0.902
 91 142 10 25 30   0.041  -0.833   0.341   0.901
 91 142 10 26 30   0.018  -0.842   0.314   0.899
 91 142 10 27 30   0.034  -0.840   0.319   0.899
 91 142 10 28 30   0.021  -0.842   0.323   0.903
 91 142 10 29 30  -0.007  -0.839   0.324   0.900
 91 142 10 30 30   0.001  -0.822   0.348   0.894
 91 142 10 31 30   0.037  -0.847   0.319   0.906
 91 142 10 32 30   0.029  -0.837   0.330   0.901
 91 142 10 33 30   0.061  -0.839   0.326   0.903
 91 142 10 34 30   0.079  -0.840   0.320   0.902
 91 142 10 35 30   0.118  -0.837   0.326   0.908
 91 142 10 36 30   0.210  -0.810   0.355   0.909
 91 142 10 37 30   0.304  -0.748   0.411   0.914
 91 142 10 38 30   0.376  -0.728   0.422   0.924
 91 142 10 39 30   0.343  -0.770   0.379   0.925
 91 142 10 40 30   0.308  -0.757   0.416   0.918
 91 142 10 41 30   0.295  -0.749   0.427   0.914
 91 142 10 42 30   0.251  -0.805   0.351   0.914
 91 142 10 43 30   0.258  -0.805   0.360   0.919
 91 142 10 44 30   0.235  -0.798   0.359   0.906
 91 142 10 45 30   0.254  -0.790   0.370   0.909
 91 142 10 46 30   0.184  -0.806   0.370   0.907
 91 142 10 47 30   0.159  -0.825   0.353   0.911
 91 142 10 48 30   0.161  -0.830   0.333   0.910
 91 142 10 49 30   0.148  -0.842   0.310   0.909
 91 142 10 50 30   0.129  -0.857   0.252   0.904
 91 142 10 51 30   0.134  -0.843   0.292   0.905
 91 142 10 52 30   0.116  -0.834   0.327   0.904
 91 142 10 53 30   0.127  -0.828   0.353   0.910
 91 142 10 54 30   0.143  -0.843   0.312   0.911
 91 142 10 57 30   0.151  -0.803   0.419   0.918
 91 142 10 58 30   0.161  -0.804   0.413   0.918
 91 142 10 59 30   0.157  -0.823   0.377   0.921
 91 142 11 00 30   0.181  -0.829   0.353   0.919
 91 142 11 01 30   0.161  -0.806   0.400   0.915
 91 142 11 02 30   0.136  -0.815   0.392   0.915
 91 142 11 03 30   0.121  -0.823   0.384   0.917
 91 142 11 04 30   0.143  -0.825   0.381   0.921
 91 142 11 05 30   0.134  -0.828   0.367   0.916
 91 142 11 06 30   0.102  -0.825   0.370   0.911
 91 142 11 07 30   0.099  -0.834   0.351   0.910
 91 142 11 08 30   0.114  -0.836   0.345   0.912
 91 142 11 09 30   0.068  -0.851   0.305   0.907
 91 142 11 10 30   0.074  -0.855   0.301   0.910
 91 142 11 11 30   0.092  -0.849   0.314   0.910
 91 142 11 12 30   0.105  -0.852   0.311   0.913
 91 142 11 13 30   0.096  -0.846   0.317   0.909
 91 142 11 14 30   0.071  -0.846   0.321   0.908
 91 142 11 15 30   0.092  -0.850   0.303   0.907
 91 142 11 16 30   0.098  -0.853   0.285   0.905
 91 142 11 17 30   0.091  -0.859   0.263   0.905
 91 142 11 18 30   0.179  -0.643   0.307   1.061
 91 142 11 19 30   0.118  -0.870   0.231   0.909
 91 142 11 20 30   0.097  -0.876   0.202   0.905
 91 142 11 21 30   0.037  -0.872   0.224   0.902
 91 142 11 22 30   0.018  -0.891   0.138   0.902
 91 142 11 23 30   0.029  -0.888   0.120   0.897
 91 142 11 24 30   0.054  -0.884   0.125   0.895
 91 142 11 25 30   0.097  -0.886   0.155   0.905
 91 142 11 26 30   0.115  -0.881   0.173   0.905
 91 142 11 27 30   0.104  -0.887   0.131   0.903
 91 142 11 28 30   0.091  -0.883   0.146   0.902
 91 142 11 29 30   0.088  -0.874   0.191   0.899
 91 142 11 30 30   0.065  -0.888   0.121   0.901
 91 142 11 31 30   0.061  -0.890   0.081   0.896
 91 142 11 32 30   0.060  -0.886   0.122   0.896
 91 142 11 33 30   0.067  -0.890   0.114   0.900
 91 142 11 34 30   0.121  -0.884   0.118   0.902
 91 142 11 35 30   0.078  -0.887   0.123   0.900
 91 142 11 36 30   0.086  -0.879   0.139   0.895
 91 142 11 37 30   0.092  -0.884   0.150   0.903
 91 142 11 38 30  -0.006  -0.880   0.142   0.892
 91 142 11 39 30  -0.012  -0.871   0.143   0.886
 91 142 11 40 30   0.091  -0.874   0.162   0.895
 91 142 11 41 30   0.212  -0.817   0.329   0.911
 91 142 11 42 30   0.140  -0.851   0.146   0.886
 91 142 11 43 30   0.136  -0.760  -0.102   0.852
 91 142 11 44 30   0.307  -0.749   0.364   0.890
 91 142 11 45 30   0.276  -0.785   0.340   0.901
 91 142 11 46 30   0.281  -0.786   0.354   0.908
 91 142 11 47 30   0.276  -0.795   0.352   0.913
 91 142 11 48 30   0.263  -0.799   0.339   0.907
 91 142 11 49 30   0.281  -0.799   0.345   0.915
 91 142 11 50 30   0.279  -0.814   0.291   0.910
 91 142 11 51 30   0.265  -0.827   0.296   0.918
 91 142 11 52 30   0.282  -0.825   0.292   0.920
 91 142 11 53 30   0.305  -0.785   0.369   0.920
 91 142 11 54 30   0.312  -0.753   0.419   0.918
 91 142 11 55 30   0.265  -0.814   0.287   0.905
 91 142 11 56 30   0.293  -0.794   0.326   0.908
 91 142 11 57 30   0.310  -0.803   0.308   0.915
 91 142 11 58 30   0.305  -0.799   0.319   0.912
 91 142 11 59 30   0.292  -0.811   0.299   0.913
 91 142 12 00 30   0.277  -0.828   0.263   0.912
 91 142 12 01 30   0.256  -0.838   0.239   0.909
 91 142 12 02 30   0.261  -0.841   0.214   0.907
 91 142 12 03 30   0.230  -0.847   0.205   0.903
 91 142 12 04 30   0.318  -0.818   0.236   0.910
 91 142 12 05 30   0.340  -0.816   0.237   0.916
 91 142 12 06 30   0.334  -0.804   0.269   0.911
 91 142 12 07 30   0.306  -0.808   0.296   0.915
 91 142 12 08 30   0.283  -0.809   0.302   0.910
 91 142 12 09 30   0.289  -0.796   0.332   0.910
 91 142 12 10 30   0.279  -0.780   0.364   0.905
 91 142 12 11 30   0.304  -0.774   0.363   0.907
 91 142 12 12 30   0.292  -0.794   0.318   0.904
 91 142 12 13 30   0.260  -0.822   0.247   0.898
 91 142 12 14 30   0.262  -0.837   0.183   0.897
 91 142 12 15 30   0.260  -0.839   0.194   0.901
 91 142 12 16 30   0.206  -0.840   0.227   0.895
 91 142 12 17 30   0.211  -0.845   0.192   0.893
 91 142 12 18 30   0.201  -0.843   0.208   0.892
 91 142 12 19 30   0.168  -0.844   0.186   0.882
 91 142 12 20 30   0.143  -0.850   0.177   0.881
 91 142 12 21 30   0.141  -0.862   0.159   0.891
 91 142 12 22 30   0.172  -0.884   0.103   0.906
 91 142 12 23 30   0.210  -0.880   0.106   0.911
 91 142 12 24 30   0.197  -0.873   0.102   0.901
 91 142 12 25 30   0.183  -0.873   0.057   0.894
 91 142 12 26 30   0.241  -0.862   0.085   0.900
 91 142 12 27 30   0.269  -0.841   0.124   0.893
 91 142 12 28 30   0.254  -0.841   0.115   0.887
 91 142 12 29 30   0.252  -0.832   0.116   0.879
 91 142 12 30 30   0.260  -0.832   0.104   0.878
 91 142 12 31 30   0.251  -0.836   0.110   0.881
 91 142 12 32 30   0.249  -0.828   0.056   0.867
 91 142 12 33 30   0.306  -0.803   0.036   0.861
 91 142 12 34 30   0.273  -0.812  -0.018   0.857
 91 142 12 35 30   0.245  -0.822   0.003   0.858
 91 142 12 36 30   0.226  -0.837   0.005   0.867
 91 142 12 37 30   0.242  -0.843  -0.014   0.878
 91 142 12 38 30   0.210  -0.850   0.010   0.876
 91 142 12 39 30   0.171  -0.851   0.027   0.869
 91 142 12 40 30   0.199  -0.843   0.001   0.874
 91 142 12 41 30   0.146  -0.859   0.003   0.873
 91 142 12 42 30   0.077  -0.869  -0.001   0.872
 91 142 12 43 30   0.034  -0.861   0.015   0.863
 91 142 12 44 30  -0.041  -0.844   0.031   0.847
 91 142 12 45 30  -0.021  -0.838  -0.023   0.842
 91 142 12 46 30   0.079  -0.852   0.025   0.859
 91 142 12 47 30   0.126  -0.857   0.089   0.871
 91 142 12 48 30   0.123  -0.855   0.012   0.865
 91 142 12 49 30   0.115  -0.851   0.034   0.860
 91 142 12 50 30   0.069  -0.850   0.039   0.856
 91 142 12 51 30   0.120  -0.836   0.002   0.846
 91 142 12 52 30   0.096  -0.837  -0.043   0.846
 91 142 12 53 30   0.127  -0.839   0.068   0.852
 91 142 12 54 30   0.121  -0.835   0.072   0.848
 91 142 12 55 30   0.096  -0.838   0.052   0.846
 91 142 12 56 30   0.060  -0.817  -0.109   0.828
 91 142 12 57 30   0.077  -0.817  -0.130   0.835
 91 142 12 58 30   0.074  -0.813  -0.169   0.837
 91 142 12 59 30   0.085  -0.842  -0.042   0.848
 91 142 13 00 30   0.084  -0.847  -0.075   0.855
 91 142 13 01 30   0.086  -0.840  -0.119   0.853
 91 142 13 02 30   0.078  -0.836  -0.127   0.850
 91 142 13 03 30   0.084  -0.824  -0.131   0.840
 91 142 13 04 30   0.111  -0.824  -0.110   0.839
 91 142 13 05 30   0.093  -0.776  -0.307   0.851
 91 142 13 06 30   0.037  -0.776  -0.351   0.854
 91 142 13 07 30   0.035  -0.798  -0.305   0.856
 91 142 13 08 30   0.047  -0.815  -0.234   0.850
 91 142 13 09 30   0.087  -0.827  -0.160   0.848
 91 142 13 10 30   0.071  -0.839  -0.124   0.851
 91 142 13 11 30   0.077  -0.823  -0.039   0.829
 91 142 13 12 30   0.066  -0.811   0.005   0.814
 91 142 13 13 30   0.031  -0.802  -0.047   0.805
 91 142 13 14 30   0.007  -0.803  -0.106   0.810
 91 142 13 15 30   0.018  -0.804  -0.120   0.813
 91 142 13 16 30   0.042  -0.811  -0.124   0.822
 91 142 13 17 30   0.007  -0.810  -0.137   0.822
 91 142 13 18 30  -0.034  -0.795  -0.209   0.825
 91 142 13 19 30  -0.017  -0.806  -0.222   0.837
 91 142 13 20 30   0.017  -0.803  -0.196   0.829
 91 142 13 21 30   0.047  -0.801  -0.054   0.815
 91 142 13 22 30   0.057  -0.876   0.042   0.880
 91 142 13 23 30   0.038  -0.868   0.028   0.875
 91 142 13 24 30   0.077  -0.879   0.021   0.883
 91 142 13 25 30   0.086  -0.879   0.028   0.884
 91 142 13 26 30   0.057  -0.876   0.017   0.879
 91 142 13 27 30   0.058  -0.876   0.006   0.878
 91 142 13 28 30   0.042  -0.874  -0.003   0.875
 91 142 13 29 30   0.060  -0.868  -0.034   0.871
 91 142 13 30 30   0.077  -0.853  -0.040   0.858
 91 142 13 31 30   0.052  -0.834  -0.042   0.837
 91 142 13 32 30   0.045  -0.818  -0.005   0.820
 91 142 13 33 30   0.011  -0.797  -0.059   0.800
 91 142 13 34 30  -0.013  -0.798  -0.098   0.804
 91 142 13 35 30   0.047  -0.783  -0.068   0.791
 91 142 13 36 30   0.050  -0.776  -0.088   0.784
 91 142 13 37 30   0.072  -0.777  -0.030   0.782
 91 142 13 38 30   0.109  -0.739   0.010   0.748
 91 142 13 39 30   0.071  -0.759  -0.012   0.764
 91 142 13 40 30   0.128  -0.769   0.006   0.781
 91 142 13 41 30  -0.006  -0.758  -0.186   0.785
 91 142 13 42 30  -0.005  -0.779  -0.124   0.791
 91 142 13 43 30   0.051  -0.804  -0.064   0.809
 91 142 13 44 30   0.054  -0.799  -0.043   0.802
 91 142 13 45 30   0.076  -0.800  -0.028   0.804
 91 142 13 46 30   0.047  -0.800  -0.047   0.804
 91 142 13 47 30   0.025  -0.774  -0.140   0.789
 91 142 13 48 30   0.092  -0.827  -0.006   0.833
 91 142 13 49 30   0.081  -0.791  -0.087   0.800
 91 142 13 50 30   0.106  -0.824  -0.073   0.836
 91 142 13 51 30   0.098  -0.815  -0.051   0.824
 91 142 13 52 30   0.083  -0.825   0.003   0.829
 91 142 13 53 30   0.038  -0.831  -0.006   0.832
 91 142 13 54 30   0.077  -0.834   0.002   0.838
 91 142 13 55 30   0.048  -0.843   0.010   0.846
 91 142 13 56 30   0.070  -0.813  -0.169   0.845
 91 142 13 57 30   0.087  -0.858   0.075   0.866
 91 142 13 58 30  -0.005  -0.856   0.022   0.859
 91 142 13 59 30   0.011  -0.858   0.054   0.860
 91 142 14 02 30   0.007  -0.864  -0.003   0.864
 91 142 14 03 30  -0.035  -0.858  -0.004   0.859
 91 142 14 04 30  -0.051  -0.840  -0.016   0.842
 91 142 14 05 30  -0.055  -0.841  -0.012   0.844
 91 142 14 06 30  -0.071  -0.833  -0.028   0.838
 91 142 14 07 30  -0.087  -0.819  -0.087   0.829
 91 142 14 08 30  -0.056  -0.825  -0.083   0.834
 91 142 14 09 30  -0.044  -0.831  -0.008   0.833
 91 142 14 10 30  -0.035  -0.828   0.065   0.832
 91 142 14 12 30  -0.082  -0.822  -0.084   0.831
 91 142 14 13 30  -0.058  -0.823  -0.065   0.828
 91 142 14 14 30  -0.053  -0.830  -0.038   0.834
 91 142 14 15 30  -0.034  -0.832  -0.050   0.835
 91 142 14 16 30  -0.041  -0.828  -0.068   0.835
 91 142 14 17 30  -0.009  -0.843  -0.048   0.849
 91 142 14 18 30   0.001  -0.851  -0.050   0.854
 91 142 14 19 30   0.035  -0.848  -0.027   0.854
 91 142 14 20 30  -0.009  -0.850   0.023   0.851
 91 142 14 21 30   0.011  -0.855   0.024   0.857
 91 142 14 22 30   0.025  -0.858   0.035   0.860
 91 142 14 23 30  -0.025  -0.854  -0.006   0.856
 91 142 14 24 30   0.043  -0.858   0.033   0.860
 91 142 14 25 30   0.031  -0.854   0.032   0.856
 91 142 14 26 30   0.071  -0.855   0.026   0.858
 91 142 14 27 30   0.081  -0.857   0.042   0.862
 91 142 14 28 30   0.070  -0.856   0.035   0.860
 91 142 14 29 30   0.092  -0.852   0.039   0.859
 91 142 14 30 30   0.065  -0.841   0.083   0.853
 91 142 14 31 30   0.008  -0.848   0.027   0.853
 91 142 14 32 30   0.031  -0.855  -0.004   0.858
 91 142 14 33 30   0.072  -0.856   0.031   0.860
 91 142 14 34 30   0.072  -0.856   0.066   0.862
 91 142 14 35 30   0.058  -0.852   0.087   0.859
 91 142 14 36 30   0.056  -0.857   0.073   0.863
 91 142 14 37 30   0.039  -0.858   0.043   0.861
 91 142 14 38 30   0.054  -0.855   0.014   0.859
 91 142 14 39 30   0.097  -0.856   0.066   0.865
 91 142 14 40 30   0.061  -0.853   0.084   0.861
 91 142 14 41 30   0.065  -0.854   0.097   0.863
 91 142 14 42 30   0.056  -0.858   0.072   0.864
 91 142 14 43 30   0.081  -0.856   0.096   0.868
 91 142 14 44 30   0.091  -0.859   0.057   0.867
 91 142 14 45 30   0.069  -0.857   0.090   0.865
 91 142 14 50 30   0.144  -0.825   0.284   0.884
 91 142 14 51 30   0.243  -0.770   0.374   0.891
 91 142 14 52 30   0.258  -0.778   0.354   0.894
 91 142 14 53 30   0.251  -0.781   0.334   0.886
 91 142 14 54 30   0.227  -0.814   0.263   0.885
 91 142 14 55 30   0.192  -0.824   0.246   0.881
 91 142 14 56 30   0.118  -0.833   0.240   0.875
 91 142 14 57 30   0.206  -0.822   0.239   0.881
 91 142 14 58 30   0.236  -0.831   0.196   0.888
 91 142 14 59 30   0.142  -0.838   0.241   0.884
 91 142 15 00 30   0.163  -0.835   0.248   0.888
 91 142 15 01 30   0.319  -0.793   0.267   0.899
 91 142 15 02 30   0.396  -0.773   0.241   0.902
 91 142 15 03 30   0.385  -0.786   0.228   0.904
 91 142 15 04 30   0.364  -0.792   0.219   0.900
 91 142 15 05 30   0.404  -0.788   0.176   0.903
 91 142 15 06 30   0.323  -0.815   0.182   0.897
 91 142 15 07 30   0.361  -0.787   0.223   0.897
 91 142 15 08 30   0.445  -0.756   0.177   0.897
 91 142 15 09 30   0.441  -0.749   0.221   0.900
 91 142 15 10 30   0.251  -0.787   0.249   0.880
 91 142 15 11 30   0.004  -0.792   0.329   0.859
 91 142 15 12 30   0.056  -0.796   0.334   0.865
 91 142 15 13 30   0.008  -0.770   0.382   0.862
 91 142 15 14 30  -0.023  -0.757   0.406   0.860
 91 142 15 15 30  -0.043  -0.748   0.405   0.853
 91 142 15 16 30  -0.097  -0.720   0.428   0.844
 91 142 15 17 30  -0.074  -0.745   0.393   0.846
 91 142 15 18 30  -0.110  -0.724   0.418   0.843
 91 142 15 19 30  -0.111  -0.712   0.433   0.841
 91 142 15 20 30  -0.092  -0.719   0.424   0.841
 91 142 15 21 30  -0.055  -0.743   0.397   0.844
 91 142 15 22 30  -0.082  -0.723   0.420   0.842
 91 142 15 23 30   0.027  -0.782   0.346   0.856
 91 142 15 24 30   0.073  -0.788   0.321   0.856
 91 142 15 25 30   0.021  -0.752   0.377   0.849
 91 142 15 26 30   0.050  -0.777   0.347   0.856
 91 142 15 27 30  -0.120  -0.710   0.429   0.841
 91 142 15 28 30  -0.130  -0.723   0.404   0.839
 91 142 15 29 30  -0.177  -0.699   0.416   0.834
 91 142 15 30 30  -0.115  -0.748   0.366   0.842
 91 142 15 31 30  -0.099  -0.747   0.375   0.845
 91 142 15 32 30  -0.105  -0.719   0.416   0.841
 91 142 15 33 30  -0.024  -0.739   0.410   0.849
 91 142 15 34 30  -0.067  -0.715   0.428   0.841
 91 142 15 35 30  -0.110  -0.646   0.516   0.838
 91 142 15 36 30  -0.132  -0.673   0.471   0.836
 91 142 15 37 30  -0.046  -0.733   0.423   0.850
 91 142 15 38 30  -0.081  -0.722   0.427   0.845
 91 142 15 39 30  -0.005  -0.740   0.409   0.848
 91 142 15 40 30   0.035  -0.748   0.405   0.852
 91 142 15 41 30  -0.001  -0.752   0.389   0.848
 91 142 15 42 30  -0.036  -0.741   0.400   0.844
 91 142 15 43 30  -0.023  -0.748   0.389   0.844
 91 142 15 44 30  -0.004  -0.747   0.397   0.846
 91 142 15 45 30  -0.030  -0.759   0.371   0.846
 91 142 15 46 30  -0.016  -0.788   0.304   0.846
 91 142 15 47 30  -0.016  -0.793   0.289   0.845
 91 142 15 48 30   0.010  -0.793   0.292   0.846
 91 142 15 49 30   0.066  -0.793   0.298   0.851
 91 142 15 50 30   0.047  -0.795   0.304   0.853
 91 142 15 51 30   0.070  -0.792   0.314   0.856
 91 142 15 52 30   0.107  -0.717   0.460   0.862
 91 142 15 53 30   0.154  -0.671   0.525   0.866
 91 142 15 54 30   0.161  -0.689   0.493   0.864
 91 142 15 55 30   0.104  -0.740   0.414   0.855
 91 142 15 56 30   0.101  -0.746   0.409   0.858
 91 142 15 57 30   0.154  -0.737   0.422   0.867
 91 142 15 58 30   0.132  -0.755   0.386   0.865
 91 142 15 59 30   0.164  -0.796   0.286   0.863
 91 142 16 00 30   0.111  -0.793   0.301   0.859
 91 142 16 01 30   0.091  -0.781   0.328   0.852
 91 142 16 02 30   0.046  -0.768   0.353   0.847
 91 142 16 03 30   0.138  -0.835   0.156   0.863
 91 142 16 04 30   0.113  -0.839   0.149   0.862
 91 142 16 05 30   0.117  -0.836   0.160   0.860
 91 142 16 06 30   0.097  -0.838   0.172   0.863
 91 142 16 07 30   0.088  -0.833   0.209   0.864
 91 142 16 08 30   0.087  -0.830   0.225   0.865
 91 142 16 09 30   0.098  -0.820   0.260   0.867
 91 142 16 10 30   0.143  -0.801   0.312   0.874
 91 142 16 11 30   0.097  -0.716   0.449   0.867
 91 142 16 12 30   0.131  -0.692   0.509   0.869
 91 142 16 13 30   0.146  -0.707   0.479   0.867
 91 142 16 14 30   0.151  -0.727   0.447   0.868
 91 142 16 15 30   0.103  -0.750   0.413   0.864
 91 142 16 16 30   0.075  -0.733   0.441   0.860
 91 142 16 17 30   0.074  -0.790   0.339   0.864
 91 142 16 18 30   0.062  -0.801   0.297   0.857
 91 142 16 19 30   0.052  -0.800   0.291   0.854
 91 142 16 20 30   0.096  -0.793   0.299   0.856
 91 142 16 21 30   0.200  -0.750   0.379   0.865
 91 142 16 22 30   0.238  -0.681   0.485   0.872
 91 142 16 23 30   0.168  -0.698   0.480   0.866
 91 142 16 24 30   0.193  -0.651   0.538   0.869
 91 142 16 25 30   0.177  -0.606   0.586   0.868
 91 142 16 26 30   0.283  -0.697   0.438   0.875
 91 142 16 27 30   0.217  -0.703   0.463   0.871
 91 142 16 28 30   0.212  -0.755   0.349   0.863
 91 142 16 29 30   0.230  -0.734   0.390   0.865
 91 142 16 30 30   0.140  -0.585   0.597   0.858
 91 142 16 31 30   0.011  -0.367   0.729   0.832
 91 142 16 32 30  -0.127  -0.101   0.786   0.810
 91 142 16 33 30   0.192  -0.665   0.478   0.864
 91 142 16 34 30   0.159  -0.743   0.432   0.876
 91 142 16 35 30   0.162  -0.717   0.458   0.872
 91 142 16 36 30   0.220  -0.707   0.468   0.877
 91 142 16 37 30   0.180  -0.758   0.395   0.875
 91 142 16 38 30   0.234  -0.721   0.444   0.880
 91 142 16 39 30   0.225  -0.745   0.396   0.877
 91 142 16 40 30   0.294  -0.752   0.351   0.882
 91 142 16 41 30   0.326  -0.734   0.372   0.887
 91 142 16 42 30   0.335  -0.731   0.355   0.883
 91 142 16 43 30   0.301  -0.740   0.357   0.875
 91 142 16 44 30   0.297  -0.741   0.351   0.875
 91 142 16 45 30   0.346  -0.691   0.350   0.875
 91 142 16 46 30   0.295  -0.568   0.571   0.863
 91 142 16 47 30   0.274  -0.563   0.549   0.849
 91 142 16 48 30   0.237  -0.632   0.462   0.854
 91 142 16 49 30   0.256  -0.789   0.180   0.859
 91 142 16 50 30   0.198  -0.774   0.323   0.864
 91 142 16 51 30   0.204  -0.768   0.349   0.869
 91 142 16 52 30   0.268  -0.803   0.240   0.882
 91 142 16 53 30   0.297  -0.791   0.218   0.878
 91 142 16 54 30   0.235  -0.745   0.375   0.869
 91 142 16 55 30   0.206  -0.759   0.361   0.868
 91 142 16 56 30   0.373  -0.753   0.247   0.881
 91 142 16 57 30   0.265  -0.774   0.288   0.871
 91 142 16 58 30   0.373  -0.765   0.158   0.871
 91 142 16 59 30   0.377  -0.759   0.186   0.876
 91 142 17 00 30   0.352  -0.773  -0.015   0.869
 91 142 17 01 30   0.209  -0.827   0.069   0.866
 91 142 17 02 30   0.197  -0.829  -0.072   0.862
 91 142 17 03 30   0.366  -0.771   0.025   0.875
 91 142 17 04 30   0.362  -0.792   0.040   0.875
 91 142 17 05 30   0.441  -0.748   0.054   0.875
 91 142 17 06 30   0.467  -0.719  -0.165   0.878
 91 142 17 07 30   0.406  -0.661  -0.376   0.870
 91 142 17 08 30   0.504  -0.540  -0.449   0.874
 91 142 17 09 30   0.467  -0.633  -0.381   0.874
 91 142 17 10 30   0.475  -0.700  -0.231   0.878
 91 142 17 11 30   0.483  -0.721  -0.029   0.882
 91 142 17 12 30   0.461  -0.736  -0.034   0.884
 91 142 17 13 30   0.436  -0.755  -0.133   0.889
 91 142 17 14 30   0.378  -0.759  -0.221   0.884
 91 142 17 15 30   0.369  -0.800  -0.016   0.885
 91 142 17 16 30   0.329  -0.812  -0.093   0.884
 91 142 17 17 30   0.275  -0.793  -0.251   0.877
 91 142 17 18 30   0.241  -0.808  -0.214   0.875
 91 142 17 19 30   0.334  -0.820  -0.036   0.887
 91 142 17 20 30   0.319  -0.825  -0.071   0.888
 91 142 17 21 30   0.285  -0.831  -0.079   0.882
 91 142 17 22 30   0.263  -0.839  -0.073   0.883
 91 142 17 23 30   0.378  -0.774   0.033   0.883
 91 142 17 24 30   0.640  -0.618   0.166   0.905
 91 142 17 25 30   0.606  -0.654   0.143   0.904
 91 142 17 26 30   0.512  -0.729   0.100   0.902
 91 142 17 27 30   0.467  -0.757   0.095   0.898
 91 142 17 28 30   0.430  -0.785   0.049   0.897
 91 142 17 29 30   0.394  -0.804   0.012   0.897
 91 142 17 30 30   0.416  -0.789   0.029   0.896
 91 142 17 32 30   0.565  -0.684   0.163   0.903
 91 142 17 33 30   0.580  -0.671   0.159   0.902
 91 142 17 34 30   0.552  -0.684   0.191   0.900
 91 142 17 35 30   0.564  -0.681   0.190   0.905
 91 142 17 36 30   0.553  -0.682   0.208   0.903
 91 142 17 37 30   0.506  -0.689   0.264   0.901
 91 142 17 38 30   0.493  -0.712   0.241   0.901
 91 142 17 39 30   0.537  -0.699   0.199   0.904
 91 142 17 40 30   0.539  -0.712   0.140   0.906
 91 142 17 41 30   0.455  -0.772   0.110   0.903
 91 142 17 42 30   0.493  -0.743   0.151   0.906
 91 142 17 43 30   0.464  -0.758   0.104   0.903
 91 142 17 44 30   0.471  -0.750   0.066   0.900
 91 142 17 45 30   0.523  -0.704   0.223   0.907
 91 142 17 46 30   0.501  -0.739   0.125   0.905
 91 142 17 47 30   0.556  -0.710   0.078   0.906
 91 142 17 48 30   0.492  -0.748   0.078   0.900
 91 142 17 49 30   0.481  -0.752   0.124   0.903
 91 142 17 50 30   0.461  -0.767   0.114   0.903
 91 142 17 51 30   0.470  -0.757   0.141   0.904
 91 142 17 52 30   0.481  -0.742   0.199   0.907
 91 142 17 53 30   0.374  -0.769   0.267   0.897
 91 142 17 54 30   0.466  -0.753   0.149   0.902
 91 142 17 55 30   0.491  -0.753   0.060   0.901
 91 142 17 56 30   0.466  -0.769   0.072   0.902
 91 142 17 57 30   0.461  -0.764   0.098   0.898
 91 142 17 58 30   0.437  -0.781   0.048   0.897
 91 142 17 59 30   0.424  -0.775   0.142   0.896
 91 142 18 00 30   0.439  -0.764   0.173   0.899
 91 142 18 01 30   0.484  -0.752   0.135   0.906
 91 142 18 02 30   0.510  -0.735   0.112   0.902
 91 142 18 03 30   0.447  -0.756   0.209   0.904
 91 142 18 04 30   0.408  -0.772   0.216   0.900
 91 142 18 05 30   0.462  -0.736   0.231   0.900
 91 142 18 06 30   0.437  -0.756   0.242   0.907
 91 142 18 07 30   0.422  -0.767   0.245   0.909
 91 142 18 08 30   0.392  -0.763   0.275   0.904
 91 142 18 09 30   0.268  -0.746   0.410   0.895
 91 142 18 10 30   0.223  -0.742   0.422   0.883
 91 142 18 11 30   0.284  -0.760   0.376   0.896
 91 142 18 12 30   0.260  -0.760   0.377   0.894
 91 142 18 13 30   0.294  -0.719   0.448   0.897
 91 142 18 14 30   0.309  -0.760   0.374   0.902
 91 142 18 15 30   0.339  -0.760   0.353   0.904
 91 142 18 16 30   0.339  -0.769   0.337   0.906
 91 142 18 17 30   0.336  -0.743   0.391   0.905
 91 142 18 18 30   0.385  -0.739   0.334   0.899
 91 142 18 19 30   0.398  -0.768   0.254   0.904
 91 142 18 20 30   0.426  -0.751   0.273   0.907
 91 142 18 21 30   0.423  -0.763   0.251   0.912
 91 142 18 22 30   0.431  -0.788   0.165   0.914
 91 142 18 23 30   0.412  -0.774   0.242   0.910
 91 142 18 24 30   0.440  -0.762   0.245   0.914
 91 142 18 25 30   0.444  -0.763   0.247   0.917
 91 142 18 26 30   0.444  -0.762   0.239   0.914
 91 142 18 27 30   0.376  -0.755   0.346   0.912
 91 142 18 28 30   0.412  -0.723   0.367   0.910
 91 142 18 29 30   0.444  -0.726   0.334   0.914
 91 142 18 30 30   0.459  -0.721   0.315   0.911
 91 142 18 31 30   0.454  -0.713   0.339   0.911
 91 142 18 32 30   0.440  -0.703   0.382   0.914
 91 142 18 33 30   0.421  -0.707   0.389   0.910
 91 142 18 34 30   0.407  -0.710   0.395   0.909
 91 142 18 35 30   0.389  -0.705   0.418   0.907
 91 142 18 36 30   0.396  -0.700   0.419   0.907
 91 142 18 37 30   0.400  -0.686   0.432   0.904
 91 142 18 38 30   0.404  -0.685   0.439   0.909
 91 142 18 39 30   0.392  -0.670   0.461   0.904
 91 142 18 40 30   0.372  -0.687   0.456   0.904
 91 142 18 41 30   0.400  -0.644   0.490   0.903
 91 142 18 42 30   0.394  -0.641   0.494   0.901
 91 142 18 43 30   0.401  -0.631   0.506   0.903
 91 142 18 44 30   0.395  -0.644   0.496   0.903
 91 142 18 45 30   0.378  -0.664   0.480   0.903
 91 142 18 46 30   0.344  -0.671   0.480   0.895
 91 142 18 47 30   0.356  -0.687   0.451   0.896
 91 142 18 48 30   0.357  -0.646   0.499   0.893
 91 142 18 49 30   0.330  -0.632   0.530   0.890
 91 142 18 50 30   0.343  -0.680   0.452   0.892
 91 142 18 51 30   0.341  -0.673   0.445   0.886
 91 142 18 52 30   0.346  -0.688   0.426   0.885
 91 142 18 53 30   0.362  -0.704   0.398   0.887
 91 142 18 54 30   0.387  -0.717   0.350   0.889
 91 142 18 55 30   0.392  -0.728   0.324   0.889
 91 142 18 56 30   0.371  -0.749   0.311   0.893
 91 142 18 57 30   0.374  -0.747   0.308   0.891
 91 142 18 58 30   0.378  -0.742   0.313   0.890
 91 142 18 59 30   0.391  -0.748   0.284   0.892
 91 142 19 00 30   0.416  -0.685   0.397   0.897
 91 142 19 01 30   0.389  -0.721   0.355   0.896
 91 142 19 02 30   0.400  -0.596   0.540   0.899
 91 142 19 03 30   0.388  -0.568   0.575   0.898
 91 142 19 04 30   0.377  -0.520   0.620   0.894
 91 142 19 05 30   0.389  -0.540   0.591   0.891
 91 142 19 06 30   0.391  -0.504   0.621   0.891
 91 142 19 07 30   0.357  -0.461   0.660   0.884
 91 142 19 08 30   0.367  -0.381   0.694   0.878
 91 142 19 09 30   0.334  -0.428   0.680   0.879
 91 142 19 10 30   0.329  -0.462   0.668   0.879
 91 142 19 11 30   0.308  -0.736   0.381   0.890
 91 142 19 12 30   0.374  -0.636   0.509   0.898
 91 142 19 13 30   0.408  -0.609   0.522   0.901
 91 142 19 14 30   0.387  -0.571   0.571   0.897
 91 142 19 15 30   0.395  -0.539   0.593   0.897
 91 142 19 16 30   0.393  -0.580   0.559   0.898
 91 142 19 17 30   0.388  -0.581   0.555   0.893
 91 142 19 18 30   0.441  -0.488   0.606   0.896
 91 142 19 19 30   0.454  -0.446   0.622   0.891
 91 142 19 20 30   0.429  -0.467   0.624   0.890
 91 142 19 21 30   0.446  -0.474   0.607   0.891
 91 142 19 22 30   0.457  -0.516   0.573   0.897
 91 142 19 23 30   0.387  -0.556   0.584   0.898
 91 142 19 24 30   0.352  -0.536   0.620   0.895
 91 142 19 25 30   0.364  -0.495   0.651   0.896
 91 142 19 26 30   0.424  -0.506   0.599   0.894
 91 142 19 27 30   0.391  -0.388   0.698   0.889
 91 142 19 28 30   0.351  -0.358   0.730   0.887
 91 142 19 29 30   0.335  -0.282   0.763   0.882
 91 142 19 30 30   0.314  -0.554   0.614   0.893
 91 142 19 31 30   0.333  -0.643   0.526   0.897
 91 142 19 32 30   0.376  -0.597   0.556   0.899
 91 142 19 33 30   0.341  -0.591   0.584   0.898
 91 142 19 34 30   0.372  -0.726   0.367   0.900
 91 142 19 35 30   0.484  -0.647   0.398   0.902
 91 142 19 36 30   0.542  -0.571   0.447   0.907
 91 142 19 37 30   0.419  -0.579   0.549   0.903
 91 142 19 38 30   0.354  -0.567   0.605   0.903
 91 142 19 39 30   0.343  -0.575   0.587   0.894
 91 142 19 40 30   0.226  -0.428   0.718   0.870
 91 142 19 41 30   0.102  -0.470   0.690   0.862
 91 142 19 42 30   0.367  -0.622   0.508   0.891
 91 142 19 43 30   0.340  -0.600   0.559   0.889
 91 142 19 44 30   0.381  -0.595   0.541   0.891
 91 142 19 45 30   0.422  -0.568   0.547   0.895
 91 142 19 46 30   0.426  -0.579   0.531   0.893
 91 142 19 47 30   0.421  -0.605   0.510   0.897
 91 142 19 48 30   0.533  -0.496   0.527   0.903
 91 142 19 49 30   0.586  -0.486   0.478   0.904
 91 142 19 50 30   0.518  -0.580   0.452   0.902
 91 142 19 51 30   0.487  -0.504   0.563   0.900
 91 142 19 52 30   0.452  -0.587   0.517   0.905
 91 142 19 53 30   0.420  -0.599   0.534   0.907
 91 142 19 54 30   0.438  -0.587   0.529   0.906
 91 142 19 55 30   0.420  -0.619   0.510   0.906
 91 142 19 56 30   0.407  -0.652   0.476   0.905
 91 142 19 57 30   0.406  -0.658   0.464   0.904
 91 142 19 58 30   0.397  -0.593   0.543   0.900
 91 142 19 59 30   0.451  -0.621   0.478   0.904
 91 142 20 00 30   0.452  -0.626   0.473   0.908
 91 142 20 01 30   0.524  -0.536   0.501   0.905
 91 142 20 02 30   0.397  -0.562   0.552   0.899
 91 142 20 03 30   0.316  -0.384   0.736   0.892
 91 142 20 04 30   0.284  -0.320   0.782   0.892
 91 142 20 05 30   0.283  -0.330   0.779   0.893
 91 142 20 06 30   0.301  -0.255   0.794   0.888
 91 142 20 07 30   0.320  -0.206   0.800   0.887
 91 142 20 08 30   0.270  -0.374   0.748   0.885
 91 142 20 09 30   0.252  -0.350   0.763   0.879
 91 142 20 10 30   0.241  -0.367   0.758   0.877
 91 142 20 11 30   0.230  -0.365   0.762   0.875
 91 142 20 12 30   0.231  -0.372   0.759   0.876
 91 142 20 13 30   0.227  -0.379   0.756   0.876
 91 142 20 14 30   0.211  -0.377   0.764   0.878
 91 142 20 15 30   0.214  -0.382   0.758   0.875
 91 142 20 16 30   0.200  -0.406   0.747   0.874
 91 142 20 17 30   0.200  -0.382   0.760   0.874
 91 142 20 18 30   0.187  -0.388   0.761   0.874
 91 142 20 19 30   0.176  -0.406   0.756   0.877
 91 142 20 20 30   0.219  -0.427   0.732   0.876
 91 142 20 21 30   0.225  -0.443   0.723   0.880
 91 142 20 22 30   0.171  -0.363   0.774   0.874
 91 142 20 23 30   0.135  -0.352   0.783   0.870
 91 142 20 24 30   0.205  -0.365   0.768   0.876
 91 142 20 25 30   0.216  -0.374   0.758   0.874
 91 142 20 26 30   0.180  -0.392   0.751   0.867
 91 142 20 27 30   0.258  -0.341   0.767   0.879
 91 142 20 28 30   0.250  -0.436   0.724   0.882
 91 142 20 29 30   0.208  -0.450   0.730   0.883
 91 142 20 30 30   0.215  -0.437   0.735   0.882
 91 142 20 31 30   0.215  -0.421   0.741   0.881
 91 142 20 32 30   0.174  -0.449   0.732   0.877
 91 142 20 33 30   0.212  -0.414   0.745   0.879
 91 142 20 34 30   0.245  -0.424   0.737   0.886
 91 142 20 35 30   0.242  -0.450   0.716   0.880
 91 142 20 36 30   0.242  -0.435   0.724   0.879
 91 142 20 37 30   0.265  -0.397   0.739   0.882
 91 142 20 38 30   0.256  -0.407   0.738   0.881
 91 142 20 39 30   0.274  -0.368   0.757   0.885
 91 142 20 40 30   0.302  -0.334   0.765   0.888
 91 142 20 41 30   0.303  -0.345   0.751   0.881
 91 142 20 42 30   0.294  -0.404   0.731   0.887
 91 142 20 43 30   0.270  -0.429   0.733   0.892
 91 142 20 44 30   0.253  -0.441   0.732   0.892
 91 142 20 45 30   0.261  -0.416   0.742   0.890
 91 142 20 46 30   0.287  -0.387   0.753   0.895
 91 142 20 47 30   0.260  -0.377   0.766   0.893
 91 142 20 48 30   0.276  -0.348   0.773   0.892
 91 142 20 49 30   0.311  -0.326   0.772   0.896
 91 142 20 50 30   0.310  -0.340   0.766   0.895
 91 142 20 51 30   0.318  -0.146   0.819   0.893
 91 142 20 52 30   0.312  -0.188   0.816   0.896
 91 142 20 53 30   0.305  -0.243   0.805   0.896
 91 142 20 54 30   0.357  -0.254   0.788   0.902
 91 142 20 55 30   0.319  -0.226   0.797   0.893
 91 142 20 56 30   0.317  -0.138   0.804   0.892
 91 142 20 57 30   0.402  -0.081   0.794   0.895
 91 142 20 58 30   0.307  -0.201   0.810   0.892
 91 142 20 59 30   0.379  -0.125   0.797   0.897
 91 142 21 00 30   0.443  -0.074   0.783   0.904
 91 142 21 01 30   0.476  -0.091   0.762   0.904
 91 142 21 02 30   0.521  -0.067   0.745   0.912
 91 142 21 03 30   0.371  -0.146   0.808   0.902
 91 142 21 04 30   0.443  -0.154   0.776   0.908
 91 142 21 05 30   0.515  -0.191   0.724   0.910
 91 142 21 06 30   0.488  -0.198   0.744   0.912
 91 142 21 07 30   0.432  -0.202   0.769   0.907
 91 142 21 08 30   0.497  -0.221   0.727   0.911
 91 142 21 09 30   0.481  -0.178   0.745   0.905
 91 142 21 10 30   0.451  -0.197   0.755   0.902
 91 142 21 11 30   0.434  -0.240   0.754   0.905
 91 142 21 12 30   0.378  -0.264   0.766   0.898
 91 142 21 13 30   0.265  -0.171   0.830   0.889
 91 142 21 14 30   0.120  -0.146   0.852   0.875
 91 142 21 15 30   0.222  -0.146   0.841   0.882
 91 142 21 16 30   0.289  -0.148   0.820   0.885
 91 142 21 17 30   0.371  -0.203   0.787   0.894
 91 142 21 18 30   0.388  -0.322   0.737   0.895
 91 142 21 19 30   0.349  -0.399   0.724   0.899
 91 142 21 20 30   0.413  -0.250   0.757   0.900
 91 142 21 21 30   0.450  -0.226   0.748   0.903
 91 142 21 22 30   0.439  -0.261   0.742   0.904
 91 142 21 23 30   0.385  -0.295   0.753   0.897
 91 142 21 24 30   0.444  -0.286   0.729   0.903
 91 142 21 25 30   0.466  -0.283   0.714   0.900
 91 142 21 26 30   0.404  -0.274   0.751   0.899
 91 142 21 27 30   0.382  -0.368   0.724   0.900
 91 142 21 28 30   0.304  -0.354   0.757   0.894
 91 142 21 29 30   0.257  -0.470   0.711   0.894
 91 142 21 30 30   0.363  -0.410   0.714   0.902
 91 142 21 31 30   0.276  -0.411   0.747   0.898
 91 142 21 32 30   0.286  -0.366   0.764   0.895
 91 142 21 33 30   0.289  -0.348   0.774   0.898
 91 142 21 34 30   0.290  -0.347   0.775   0.898
 91 142 21 35 30   0.333  -0.364   0.753   0.903
 91 142 21 36 30   0.319  -0.351   0.763   0.900
 91 142 21 37 30   0.189  -0.393   0.780   0.896
 91 142 21 38 30   0.322  -0.464   0.697   0.908
 91 142 21 39 30   0.432  -0.459   0.662   0.917
 91 142 21 40 30   0.366  -0.442   0.704   0.910
 91 142 21 41 30   0.456  -0.409   0.669   0.913
 91 142 21 42 30   0.428  -0.306   0.739   0.909
 91 142 21 43 30   0.420  -0.339   0.729   0.911
 91 142 21 44 30   0.418  -0.456   0.675   0.916
 91 142 21 45 30   0.330  -0.533   0.658   0.915
 91 142 21 46 30   0.331  -0.594   0.613   0.918
 91 142 21 47 30   0.306  -0.667   0.537   0.913
 91 142 21 48 30   0.318  -0.339   0.778   0.907
 91 142 21 49 30   0.314  -0.271   0.809   0.910
 91 142 21 50 30   0.268  -0.314   0.801   0.902
 91 142 21 51 30   0.299  -0.323   0.783   0.902
 91 142 21 52 30   0.292  -0.344   0.781   0.902
 91 142 21 53 30   0.323  -0.364   0.759   0.903
 91 142 21 54 30   0.338  -0.334   0.767   0.903
 91 142 21 55 30   0.329  -0.321   0.776   0.903
 91 142 21 56 30   0.318  -0.287   0.793   0.902
 91 142 21 57 30   0.305  -0.222   0.814   0.898
 91 142 21 58 30   0.303  -0.200   0.819   0.896
 91 142 21 59 30   0.300  -0.161   0.829   0.898
 91 142 22 00 30   0.284  -0.093   0.843   0.895
 91 142 22 01 30   0.281  -0.137   0.837   0.895
 91 142 22 02 30   0.297  -0.108   0.838   0.896
 91 142 22 03 30   0.286  -0.082   0.847   0.898
 91 142 22 04 30   0.280  -0.081   0.846   0.896
 91 142 22 05 30   0.285  -0.054   0.846   0.895
 91 142 22 06 30   0.265   0.005   0.847   0.888
 91 142 22 07 30   0.283  -0.006   0.837   0.884
 91 142 22 08 30   0.278   0.047   0.836   0.884
 91 142 22 09 30   0.290   0.020   0.833   0.887
 91 142 22 10 30   0.298   0.062   0.833   0.888
 91 142 22 11 30   0.269   0.079   0.839   0.885
 91 142 22 12 30   0.266   0.113   0.830   0.882
 91 142 22 13 30   0.300   0.112   0.809   0.876
 91 142 22 14 30   0.294   0.020   0.825   0.877
 91 142 22 15 30   0.299   0.134   0.804   0.871
 91 142 22 16 30   0.273   0.142   0.813   0.870
 91 142 22 17 30   0.246   0.144   0.818   0.867
 91 142 22 18 30   0.237   0.118   0.825   0.867
 91 142 22 19 30   0.293  -0.028   0.819   0.873
 91 142 22 20 30   0.347   0.027   0.798   0.875
 91 142 22 21 30   0.341   0.072   0.804   0.876
 91 142 22 25 30   0.356   0.066   0.798   0.877
 91 142 22 26 30   0.353   0.060   0.801   0.878
 91 142 22 27 30   0.346   0.050   0.808   0.881
 91 142 22 29 30   0.403  -0.192   0.760   0.884
 91 142 22 30 30   0.351   0.069   0.789   0.869
 91 142 22 31 30   0.326   0.115   0.788   0.861
 91 142 22 32 30   0.336   0.142   0.773   0.855
 91 142 22 33 30   0.373   0.012   0.776   0.862
 91 142 22 34 30   0.341  -0.049   0.747   0.848
 91 142 22 35 30   0.395  -0.394   0.605   0.825
 91 142 22 36 30   0.335  -0.227   0.699   0.812
 91 142 22 37 30   0.345  -0.267   0.647   0.782
 91 142 22 38 30   0.367  -0.265   0.622   0.771
 91 142 22 39 30   0.369  -0.322   0.619   0.791
 91 142 22 40 30   0.348  -0.418   0.588   0.803
 91 142 22 41 30   0.351  -0.497   0.568   0.833
 91 142 22 42 30   0.332  -0.584   0.517   0.849
 91 142 22 43 30   0.314  -0.642   0.470   0.856
 91 142 22 44 30   0.312  -0.628   0.493   0.857
 91 142 22 45 30   0.327  -0.611   0.505   0.858
 91 142 22 46 30   0.319  -0.599   0.524   0.858
 91 142 22 47 30   0.320  -0.622   0.514   0.869
 91 142 22 48 30   0.317  -0.651   0.481   0.870
 91 142 22 49 30   0.225  -0.785   0.304   0.872
 91 142 22 50 30   0.222  -0.788   0.311   0.878
 91 142 22 51 30   0.313  -0.703   0.417   0.876
 91 142 22 52 30   0.245  -0.732   0.389   0.865
 91 142 22 53 30   0.244  -0.745   0.374   0.873
 91 142 22 54 30   0.315  -0.699   0.432   0.883
 91 142 22 55 30   0.288  -0.722   0.416   0.883
 91 142 22 56 30   0.303  -0.724   0.414   0.888
 91 142 22 57 30   0.270  -0.718   0.416   0.876
 91 142 22 58 30   0.252  -0.765   0.277   0.854
 91 142 22 59 30   0.268  -0.728   0.409   0.878
 91 142 23 00 30   0.274  -0.662   0.486   0.867
 91 142 23 01 30   0.293  -0.716   0.390   0.868
 91 142 23 02 30   0.317  -0.742   0.368   0.888
 91 142 23 03 30   0.291  -0.754   0.367   0.889
 91 142 23 04 30   0.257  -0.747   0.410   0.890
 91 142 23 05 30   0.265  -0.753   0.387   0.887
 91 142 23 06 30   0.246  -0.768   0.361   0.884
 91 142 23 07 30   0.256  -0.754   0.380   0.883
 91 142 23 08 30   0.272  -0.745   0.399   0.888
 91 142 23 09 30   0.326  -0.732   0.384   0.889
 91 142 23 10 30   0.321  -0.752   0.341   0.887
 91 142 23 11 30   0.299  -0.746   0.370   0.885
 91 142 23 12 30   0.248  -0.776   0.336   0.882
 91 142 23 13 30   0.239  -0.765   0.359   0.879
 91 142 23 14 30   0.279  -0.747   0.384   0.885
 91 142 23 15 30   0.280  -0.760   0.355   0.885
 91 142 23 16 30   0.247  -0.775   0.350   0.886
 91 142 23 17 30   0.274  -0.778   0.339   0.892
 91 142 23 18 30   0.265  -0.770   0.358   0.891
 91 142 23 19 30   0.321  -0.759   0.342   0.892
 91 142 23 20 30   0.323  -0.753   0.346   0.890
 91 142 23 21 30   0.331  -0.767   0.316   0.894
 91 142 23 22 30   0.253  -0.789   0.321   0.889
 91 142 23 23 30   0.335  -0.758   0.339   0.896
 91 142 23 24 30   0.308  -0.766   0.337   0.892
 91 142 23 25 30   0.301  -0.782   0.307   0.893
 91 142 23 26 30   0.314  -0.770   0.331   0.896
 91 142 23 27 30   0.330  -0.762   0.330   0.894
 91 142 23 28 30   0.303  -0.792   0.292   0.897
 91 142 23 29 30   0.246  -0.810   0.280   0.892
 91 142 23 30 30   0.266  -0.783   0.330   0.891
 91 142 23 31 30   0.268  -0.779   0.338   0.892
 91 142 23 32 30   0.260  -0.765   0.374   0.891
 91 142 23 33 30   0.309  -0.779   0.313   0.896
 91 142 23 34 30   0.311  -0.777   0.322   0.897
 91 142 23 35 30   0.291  -0.779   0.325   0.893
 91 142 23 36 30   0.289  -0.769   0.341   0.893
 91 142 23 37 30   0.292  -0.728   0.430   0.896
 91 142 23 38 30   0.266  -0.755   0.392   0.892
 91 142 23 39 30   0.235  -0.769   0.371   0.886
 91 142 23 40 30   0.269  -0.757   0.385   0.892
 91 142 23 41 30   0.297  -0.750   0.397   0.899
 91 142 23 42 30   0.317  -0.748   0.392   0.903
 91 142 23 43 30   0.231  -0.831   0.248   0.899
 91 142 23 44 30   0.226  -0.852   0.176   0.900
 91 142 23 45 30   0.178  -0.843   0.239   0.894
 91 142 23 46 30   0.207  -0.830   0.276   0.900
 91 142 23 47 30   0.297  -0.765   0.377   0.905
 91 142 23 48 30   0.304  -0.737   0.415   0.899
 91 142 23 49 30   0.244  -0.803   0.335   0.903
 91 142 23 50 30   0.241  -0.785   0.386   0.908
 91 142 23 51 30   0.234  -0.787   0.383   0.906
 91 142 23 52 30   0.214  -0.776   0.410   0.904
 91 142 23 53 30   0.262  -0.792   0.356   0.908
 91 142 23 54 30   0.268  -0.795   0.353   0.910
 91 142 23 55 30   0.260  -0.795   0.357   0.910
 91 142 23 56 30   0.297  -0.810   0.276   0.906
 91 142 23 57 30   0.307  -0.798   0.304   0.908
 91 142 23 58 30   0.293  -0.808   0.286   0.906
 91 142 23 59 30   0.293  -0.818   0.247   0.904
