 91 158 00 00 30  -0.495   1.443  -0.680   1.674
 91 158 00 01 30  -0.641   1.383  -0.560   1.628
 91 158 00 02 30  -0.164   1.459  -0.716   1.643
 91 158 00 03 30   0.356   1.548  -0.474   1.670
 91 158 00 04 30   0.423   1.572  -0.572   1.730
 91 158 00 05 30   0.112   1.519  -0.795   1.753
 91 158 00 06 30  -0.010   1.462  -0.831   1.695
 91 158 00 07 30   0.136   1.585  -0.481   1.669
 91 158 00 08 30   0.483   1.588  -0.308   1.703
 91 158 00 09 30   0.204   1.672  -0.285   1.715
 91 158 00 10 30   0.077   1.597  -0.538   1.690
 91 158 00 11 30  -0.405   1.551  -0.520   1.691
 91 158 00 12 30  -0.367   1.529  -0.620   1.701
 91 158 00 13 30  -0.228   1.601  -0.530   1.710
 91 158 00 14 30   0.016   1.617  -0.597   1.737
 91 158 00 15 30  -0.045   1.665  -0.604   1.777
 91 158 00 16 30   0.031   1.677  -0.587   1.779
 91 158 00 17 30  -0.030   1.681  -0.570   1.779
 91 158 00 18 30  -0.035   1.631  -0.657   1.765
 91 158 00 19 30   0.044   1.610  -0.639   1.742
 91 158 00 20 30   0.104   1.718  -0.410   1.772
 91 158 00 21 30  -0.009   1.702  -0.540   1.789
 91 158 00 22 30  -0.016   1.745  -0.455   1.806
 91 158 00 23 30  -0.094   1.733  -0.391   1.789
 91 158 00 24 30   0.036   1.762  -0.400   1.814
 91 158 00 25 30  -0.045   1.762  -0.401   1.812
 91 158 00 26 30   0.022   1.791  -0.277   1.817
 91 158 00 27 30   0.045   1.817  -0.282   1.840
 91 158 00 28 30   0.072   1.856  -0.139   1.865
 91 158 00 29 30   0.129   1.883  -0.141   1.893
 91 158 00 30 30   0.134   1.849  -0.270   1.884
 91 158 00 31 30  -0.009   1.804  -0.440   1.859
 91 158 00 32 30  -0.020   1.813  -0.338   1.847
 91 158 00 33 30  -0.024   1.813  -0.418   1.864
 91 158 00 34 30   0.022   1.795  -0.452   1.853
 91 158 00 35 30   0.001   1.825  -0.342   1.859
 91 158 00 36 30  -0.097   1.858  -0.289   1.885
 91 158 00 37 30  -0.081   1.949  -0.212   1.965
 91 158 00 38 30   0.063   1.875  -0.365   1.913
 91 158 00 39 30  -0.076   1.894  -0.342   1.927
 91 158 00 40 30   0.040   1.920  -0.351   1.956
 91 158 00 41 30   0.037   1.948  -0.344   1.980
 91 158 00 42 30   0.036   1.927  -0.360   1.962
 91 158 00 43 30   0.158   1.898  -0.392   1.946
 91 158 00 44 30   0.071   1.882  -0.366   1.920
 91 158 00 45 30  -0.045   1.889  -0.284   1.913
 91 158 00 46 30   0.070   1.898  -0.066   1.904
 91 158 00 47 30   0.179   1.920  -0.044   1.930
 91 158 00 48 30  -0.021   1.930  -0.045   1.934
 91 158 00 49 30  -0.114   1.861  -0.334   1.900
 91 158 00 50 30  -0.068   1.880  -0.432   1.935
 91 158 00 51 30  -0.118   1.852  -0.356   1.894
 91 158 00 52 30  -0.081   1.834  -0.182   1.848
 91 158 00 53 30  -0.110   1.785  -0.453   1.850
 91 158 00 54 30  -0.172   1.774  -0.242   1.805
 91 158 00 55 30  -0.141   1.761  -0.290   1.811
 91 158 00 56 30  -0.038   1.766  -0.071   1.779
 91 158 00 57 30  -0.116   1.818   0.014   1.836
 91 158 00 58 30  -0.145   1.877   0.169   1.897
 91 158 00 59 30  -0.070   1.885  -0.027   1.896
 91 158 01 00 30  -0.207   1.896  -0.026   1.916
 91 158 01 01 30  -0.072   1.929  -0.250   1.960
 91 158 01 02 30  -0.147   2.118  -0.450   2.187
 91 158 01 03 30   0.000   2.351  -0.191   2.371
 91 158 01 04 30  -0.153   2.312  -0.394   2.358
 91 158 01 05 30   0.208   2.496  -0.126   2.514
 91 158 01 06 30   0.013   2.602  -0.311   2.621
 91 158 01 07 30  -0.170   2.452  -0.572   2.528
 91 158 01 08 30  -0.241   2.512  -0.324   2.560
 91 158 01 09 30  -0.056   2.445  -0.281   2.479
 91 158 01 10 30  -0.180   2.303  -0.716   2.449
 91 158 01 11 30  -0.264   2.347  -0.657   2.460
 91 158 01 12 30  -0.106   2.504  -0.512   2.563
 91 158 01 13 30  -0.134   2.410  -0.566   2.550
 91 158 01 14 30   0.285   2.273  -0.897   2.475
 91 158 01 15 30  -0.179   2.410  -0.439   2.459
 91 158 01 16 30   0.001   2.392  -0.368   2.431
 91 158 01 17 30  -0.069   2.391  -0.398   2.432
 91 158 01 18 30  -0.270   2.257  -0.519   2.347
 91 158 01 19 30  -0.521   2.335  -0.649   2.485
 91 158 01 20 30  -0.502   2.333  -0.791   2.521
 91 158 01 21 30  -0.434   2.369  -0.814   2.552
 91 158 01 22 30  -0.389   2.408  -0.886   2.605
 91 158 01 23 30  -0.677   2.205  -1.179   2.610
 91 158 01 24 30  -0.475   2.551  -0.750   2.738
 91 158 01 25 30  -0.446   2.605  -0.725   2.756
 91 158 01 26 30  -0.326   2.694  -0.590   2.792
 91 158 01 27 30  -0.225   2.678  -0.678   2.798
 91 158 01 28 30  -0.277   2.650  -0.943   2.831
 91 158 01 29 30  -0.289   2.767  -0.714   2.876
 91 158 01 30 30  -0.211   2.740  -0.736   2.849
 91 158 01 31 30   0.009   2.671  -0.974   2.848
 91 158 01 32 30  -0.204   2.626  -0.858   2.777
 91 158 01 33 30  -0.027   2.641  -0.637   2.725
 91 158 01 34 30  -0.261   2.478  -0.821   2.641
 91 158 01 35 30  -0.166   2.494  -0.562   2.573
 91 158 01 36 30  -0.272   2.209  -0.967   2.457
 91 158 01 37 30  -0.342   2.090  -1.140   2.422
 91 158 01 38 30  -0.304   2.142  -1.013   2.398
 91 158 01 39 30  -0.156   2.240  -0.447   2.308
 91 158 01 40 30  -0.122   2.104  -0.467   2.179
 91 158 01 41 30  -0.128   2.139  -0.696   2.261
 91 158 01 42 30  -0.214   2.218  -0.762   2.365
 91 158 01 43 30  -0.175   2.289  -0.596   2.381
 91 158 01 44 30  -0.025   2.160  -0.648   2.287
 91 158 01 45 30  -0.361   2.170  -0.783   2.400
 91 158 01 46 30  -0.542   2.310  -0.358   2.413
 91 158 01 47 30  -0.431   2.238  -0.637   2.376
 91 158 01 48 30  -0.394   2.257  -0.508   2.355
 91 158 01 49 30  -0.560   2.230  -0.510   2.361
 91 158 01 50 30  -0.612   2.073  -0.744   2.295
 91 158 01 51 30  -0.470   2.083  -0.755   2.277
 91 158 01 52 30  -0.426   2.107  -0.688   2.263
 91 158 01 53 30  -0.482   2.066  -0.748   2.254
 91 158 01 54 30  -0.209   2.150  -0.551   2.235
 91 158 01 55 30  -0.090   2.097  -0.511   2.167
 91 158 01 56 30   0.048   2.059  -0.330   2.126
 91 158 01 57 30   0.119   2.086   0.030   2.102
 91 158 01 58 30  -0.320   2.144  -0.513   2.264
 91 158 01 59 30  -0.377   2.337  -0.182   2.395
 91 158 02 00 30  -0.391   2.335  -0.211   2.382
 91 158 02 01 30  -0.236   2.344  -0.479   2.412
 91 158 02 02 30  -0.328   2.334  -0.501   2.417
 91 158 02 03 30  -0.164   2.379  -0.463   2.432
 91 158 02 04 30  -0.032   2.308  -0.662   2.419
 91 158 02 05 30   0.045   2.309  -0.453   2.360
 91 158 02 06 30   0.072   2.286  -0.211   2.315
 91 158 02 07 30  -0.167   2.268  -0.537   2.351
 91 158 02 08 30  -0.325   2.229  -0.578   2.335
 91 158 02 09 30  -0.473   2.153  -0.228   2.244
 91 158 02 10 30  -0.332   2.277  -0.226   2.332
 91 158 02 11 30  -0.500   2.314  -0.158   2.397
 91 158 02 12 30  -0.325   2.328  -0.183   2.376
 91 158 02 13 30  -0.135   2.146  -0.361   2.345
 91 158 02 14 30  -0.389   2.116  -0.795   2.337
 91 158 02 15 30  -0.080   2.272  -0.825   2.427
 91 158 02 16 30  -0.048   2.367  -1.052   2.605
 91 158 02 17 30  -0.120   2.364  -0.946   2.570
 91 158 02 18 30  -0.192   2.522  -0.689   2.645
 91 158 02 19 30   0.059   2.521  -0.585   2.616
 91 158 02 20 30   0.299   2.625  -0.397   2.682
 91 158 02 21 30   0.320   2.649  -0.391   2.717
 91 158 02 22 30   0.319   2.672  -0.594   2.760
 91 158 02 23 30   0.254   2.684  -0.639   2.784
 91 158 02 24 30   0.383   2.566  -0.990   2.812
 91 158 02 25 30   1.029   2.387  -0.965   2.792
 91 158 02 26 30   0.890   2.481  -1.009   2.827
 91 158 02 27 30   1.003   2.268  -1.195   2.763
 91 158 02 28 30   0.970   2.137  -1.393   2.740
 91 158 02 29 30   1.073   1.937  -1.408   2.645
 91 158 02 30 30   0.704   2.197  -1.196   2.614
 91 158 02 31 30   0.257   2.279  -1.186   2.592
 91 158 02 32 30  -0.093   2.448  -0.927   2.634
 91 158 02 33 30   0.166   2.217  -1.441   2.668
 91 158 02 34 30   0.167   2.074  -1.634   2.668
 91 158 02 35 30   0.176   2.049  -1.566   2.592
 91 158 02 37 30   0.668   1.855  -1.706   2.621
 91 158 02 38 30   0.151   1.903  -1.655   2.552
 91 158 02 39 30   0.097   2.044  -1.523   2.555
 91 158 02 41 30   0.720   1.363  -1.999   2.536
 91 158 02 42 30   0.974   1.336  -1.730   2.482
 91 158 02 43 30   0.002   1.996  -1.414   2.460
 91 158 02 44 30   0.061   1.983  -1.409   2.443
 91 158 02 45 30   0.129   2.015  -1.331   2.447
 91 158 02 46 30  -0.358   1.680  -1.721   2.517
 91 158 02 47 30   0.113   1.689  -1.736   2.477
 91 158 02 48 30   0.504   1.350  -2.007   2.486
 91 158 02 49 30   0.440   1.564  -1.834   2.473
 91 158 02 50 30   0.187   1.629  -1.842   2.523
 91 158 02 51 30  -0.051   1.955  -1.651   2.585
 91 158 02 52 30  -0.122   1.674  -1.962   2.597
 91 158 02 53 30   0.044   1.733  -1.943   2.612
 91 158 02 54 30   0.186   1.635  -1.938   2.568
 91 158 02 55 30  -0.046   1.341  -2.069   2.478
 91 158 02 56 30   0.066   1.457  -1.901   2.415
 91 158 02 57 30   0.128   1.234  -1.985   2.354
 91 158 02 58 30   0.158   1.154  -2.011   2.342
 91 158 02 59 30   0.097   1.780  -1.541   2.375
 91 158 03 00 30   0.217   1.616  -1.839   2.474
 91 158 03 01 30   0.273   1.310  -2.023   2.448
 91 158 03 02 30   0.357   1.115  -2.050   2.371
 91 158 03 03 30   0.389   0.886  -2.133   2.412
 91 158 03 04 30   0.516   0.469  -2.287   2.403
 91 158 03 05 30   0.458   0.601  -2.217   2.351
 91 158 03 06 30   0.282   0.978  -2.131   2.421
 91 158 03 07 30   0.013   0.967  -2.245   2.462
 91 158 03 08 30  -0.120   0.943  -2.166   2.372
 91 158 03 09 30   0.161   0.495  -2.193   2.284
 91 158 03 10 30   0.206   0.971  -2.114   2.341
 91 158 03 11 30   0.366   0.485  -2.239   2.334
 91 158 03 12 30   0.408   0.334  -2.246   2.310
 91 158 03 13 30   0.433   0.173  -2.243   2.303
 91 158 03 14 30   0.419  -0.309  -2.185   2.262
 91 158 03 15 30   0.492  -0.103  -2.148   2.212
 91 158 03 16 30   0.340   0.341  -2.052   2.149
 91 158 03 17 30  -0.009   0.783  -2.034   2.189
 91 158 03 18 30  -0.099   0.751  -2.099   2.246
 91 158 03 19 30   0.519  -0.643  -2.161   2.338
 91 158 03 20 30   0.307  -1.044  -2.000   2.305
 91 158 03 21 30   0.238  -0.870  -2.030   2.241
 91 158 03 22 30  -0.375   0.726  -1.605   2.114
 91 158 03 23 30  -0.774   1.553  -1.248   2.148
 91 158 03 24 30  -0.668   1.596  -1.350   2.202
 91 158 03 25 30  -0.859   1.705  -0.998   2.177
 91 158 03 26 30  -0.880   1.837  -0.716   2.161
 91 158 03 27 30  -0.816   1.928  -0.637   2.196
 91 158 03 28 30  -0.798   1.947  -0.590   2.186
 91 158 03 29 30  -0.742   1.981  -0.471   2.169
 91 158 03 30 30  -0.690   2.023  -0.531   2.207
 91 158 03 31 30  -0.625   2.050  -0.731   2.267
 91 158 03 32 30   0.764  -0.910  -1.595   2.239
 91 158 03 33 30   0.973  -1.342  -1.557   2.279
 91 158 03 34 30   1.080  -1.388  -1.427   2.270
 91 158 03 35 30   1.132  -1.289  -1.463   2.256
 91 158 03 36 30   0.923  -1.329  -1.556   2.250
 91 158 03 37 30   0.724  -1.320  -1.628   2.226
 91 158 03 38 30   0.903  -1.412  -1.502   2.254
 91 158 03 39 30   0.978  -1.284  -1.542   2.238
 91 158 03 40 30   1.084  -1.285  -1.494   2.253
 91 158 03 41 30   1.278  -1.339  -1.289   2.259
 91 158 03 42 30   0.930  -1.237  -1.614   2.242
 91 158 03 43 30   0.846  -1.245  -1.634   2.231
 91 158 03 44 30   0.923  -1.262  -1.563   2.223
 91 158 03 45 30   0.697  -1.514  -1.525   2.291
 91 158 03 46 30   0.802  -1.567  -1.412   2.262
 91 158 03 47 30   1.062  -1.413  -1.358   2.236
 91 158 03 48 30   1.105  -1.438  -1.274   2.220
 91 158 03 49 30   1.009  -1.473  -1.266   2.193
 91 158 03 50 30   1.090  -1.302  -1.355   2.176
 91 158 03 51 30   0.779  -1.008  -1.697   2.134
 91 158 03 52 30   0.672  -0.948  -1.795   2.139
 91 158 03 53 30   0.675  -0.974  -1.825   2.179
 91 158 03 54 30   0.850  -1.068  -1.738   2.212
 91 158 03 55 30   0.879  -1.202  -1.527   2.138
 91 158 03 56 30   0.944  -1.086  -1.443   2.043
 91 158 03 57 30   0.962  -1.018  -1.428   2.003
 91 158 03 58 30   0.867  -1.267  -1.340   2.046
 91 158 03 59 30   0.815  -1.280  -1.342   2.027
 91 158 04 00 30   0.666  -1.350  -1.401   2.058
 91 158 04 01 30   0.582  -1.366  -1.416   2.053
 91 158 04 02 30   0.624  -1.349  -1.459   2.084
 91 158 04 03 30   0.680  -1.393  -1.354   2.060
 91 158 04 04 30   0.789  -1.365  -1.233   2.004
 91 158 04 05 30   0.712  -1.323  -1.358   2.030
 91 158 04 06 30   0.690  -1.325  -1.387   2.039
 91 158 04 07 30   0.740  -1.280  -1.327   1.987
 91 158 04 08 30   0.769  -1.247  -1.339   1.986
 91 158 04 09 30   0.805  -1.189  -1.324   1.954
 91 158 04 10 30   0.759  -1.216  -1.253   1.907
 91 158 04 11 30   0.716  -1.312  -1.177   1.908
 91 158 04 12 30   0.687  -1.337  -1.245   1.960
 91 158 04 13 30   0.643  -1.303  -1.445   2.058
 91 158 04 14 30   0.552  -1.365  -1.485   2.093
 91 158 04 15 30   0.519  -1.483  -1.291   2.041
 91 158 04 16 30   0.853  -1.427  -1.111   2.005
 91 158 04 17 30   0.983  -1.304  -1.114   1.985
 91 158 04 18 30   0.986  -1.249  -1.215   2.015
 91 158 04 19 30   0.864  -1.078  -1.394   1.968
 91 158 04 20 30   0.743  -1.064  -1.476   1.972
 91 158 04 21 30   0.553  -1.175  -1.533   2.011
 91 158 04 22 30   0.712  -1.191  -1.401   1.975
 91 158 04 23 30   0.651  -1.268  -1.372   1.983
 91 158 04 24 30   0.666  -1.386  -1.245   1.991
 91 158 04 25 30   0.730  -1.292  -1.357   2.019
 91 158 04 26 30   0.916  -1.062  -1.407   1.997
 91 158 04 27 30   0.833  -1.132  -1.404   2.021
 91 158 04 28 30   0.489  -1.361  -1.486   2.083
 91 158 04 29 30   0.540  -1.465  -1.304   2.063
 91 158 04 30 30   0.559  -1.057  -1.689   2.079
 91 158 04 31 30   0.747  -0.924  -1.697   2.125
 91 158 04 32 30   0.828  -0.872  -1.705   2.136
 91 158 04 33 30   0.762  -0.437  -1.871   2.087
 91 158 04 34 30   0.821  -0.361  -1.833   2.062
 91 158 04 35 30   0.692  -0.331  -1.812   1.993
 91 158 04 36 30   0.473  -0.791  -1.669   1.922
 91 158 04 37 30   0.604  -0.482  -1.678   1.931
 91 158 04 38 30   0.975  -0.562  -1.502   1.907
 91 158 04 39 30   0.949  -0.841  -1.351   1.875
 91 158 04 40 30   0.918  -0.975  -1.291   1.879
 91 158 04 41 30   0.713  -1.059  -1.297   1.860
 91 158 04 42 30   0.526  -1.079  -1.285   1.810
 91 158 04 43 30   0.391  -0.657  -1.507   1.831
 91 158 04 44 30   0.606  -1.151  -1.291   1.838
 91 158 04 45 30   0.745  -0.992  -1.355   1.839
 91 158 04 46 30   0.997  -1.074  -1.079   1.832
 91 158 04 47 30   1.105  -1.170  -0.759   1.823
 91 158 04 48 30   0.953  -1.099  -1.099   1.834
 91 158 04 49 30   1.095  -0.847  -1.168   1.825
 91 158 04 50 30   0.968  -1.096  -1.030   1.794
 91 158 04 51 30   0.966  -0.642  -1.245   1.786
 91 158 04 52 30   0.699  -0.731  -1.463   1.836
 91 158 04 53 30   0.700  -1.181  -1.256   1.863
 91 158 04 54 30   0.719  -1.211  -1.170   1.846
 91 158 04 55 30   0.454  -1.221  -1.258   1.838
 91 158 04 56 30  -0.140  -1.548  -0.860   1.828
 91 158 04 57 30   0.750  -1.116  -1.236   1.848
 91 158 04 58 30   0.901  -0.889  -1.381   1.877
 91 158 04 59 30   0.882  -0.960  -1.275   1.840
 91 158 05 00 30   0.776  -0.933  -1.423   1.883
 91 158 05 01 30   0.382  -0.922  -1.491   1.839
 91 158 05 02 30   0.308  -1.057  -1.434   1.818
 91 158 05 03 30   0.530  -0.937  -1.456   1.826
 91 158 05 04 30   0.398  -1.420  -0.981   1.825
 91 158 05 05 30   0.138  -1.523  -0.781   1.767
 91 158 05 06 30   0.617  -1.125  -1.157   1.739
 91 158 05 07 30   0.865  -0.974  -1.074   1.700
 91 158 05 08 30   0.818  -0.925  -1.096   1.658
 91 158 05 09 30   0.963  -0.857  -1.032   1.661
 91 158 05 10 30   1.465  -0.396  -0.685   1.694
 91 158 05 11 30   1.149  -0.826  -0.868   1.696
 91 158 05 12 30   0.891  -0.991  -1.009   1.678
 91 158 05 13 30   0.746  -1.059  -1.054   1.675
 91 158 05 14 30   0.604  -1.020  -1.253   1.734
 91 158 05 15 30   0.372  -1.121  -1.215   1.711
 91 158 05 16 30   0.617  -1.210  -0.810   1.657
 91 158 05 17 30   0.632  -1.057  -1.040   1.632
 91 158 05 18 30   0.676  -0.946  -1.220   1.691
 91 158 05 19 30   0.650  -1.042  -1.093   1.648
 91 158 05 20 30   0.634  -1.009  -1.192   1.696
 91 158 05 21 30   0.507  -0.998  -1.399   1.800
 91 158 05 22 30   0.624  -1.025  -1.356   1.815
 91 158 05 23 30   0.673  -1.153  -1.200   1.798
 91 158 05 24 30   0.713  -1.179  -1.106   1.770
 91 158 05 25 30   0.753  -1.190  -1.036   1.749
 91 158 05 26 30   0.755  -1.220  -0.901   1.698
 91 158 05 27 30   0.644  -0.923  -1.095   1.573
 91 158 05 28 30   0.549  -0.839  -1.136   1.521
 91 158 05 29 30   0.285  -0.380  -1.483   1.574
 91 158 05 30 30   0.132  -0.184  -1.573   1.592
 91 158 05 31 30   0.194  -0.242  -1.595   1.627
 91 158 05 32 30   0.144  -0.220  -1.618   1.647
 91 158 05 33 30   0.076  -0.233  -1.614   1.633
 91 158 05 34 30  -0.023  -0.393  -1.519   1.575
 91 158 05 35 30  -0.116  -0.385  -1.444   1.501
 91 158 05 36 30  -0.170  -0.334  -1.408   1.459
 91 158 05 37 30  -0.139  -0.329  -1.486   1.537
 91 158 05 38 30  -0.143  -0.335  -1.497   1.569
 91 158 05 39 30  -0.163  -0.318  -1.516   1.561
 91 158 05 40 30   0.026  -0.500  -1.509   1.606
 91 158 05 41 30   0.300  -0.856  -1.379   1.655
 91 158 05 42 30   0.306  -0.592  -1.512   1.653
 91 158 05 43 30   0.225  -0.542  -1.604   1.710
 91 158 05 44 30   0.099  -0.329  -1.702   1.738
 91 158 05 45 30   0.350  -0.690  -1.541   1.745
 91 158 05 46 30   0.382  -0.767  -1.486   1.721
 91 158 05 47 30   0.379  -0.781  -1.501   1.739
 91 158 05 48 30   0.360  -0.613  -1.574   1.728
 91 158 05 49 30   0.359  -0.675  -1.545   1.724
 91 158 05 50 30   0.364  -0.649  -1.555   1.725
 91 158 05 51 30   0.484  -0.700  -1.466   1.696
 91 158 05 52 30   0.452  -0.646  -1.477   1.676
 91 158 05 53 30   0.417  -0.688  -1.462   1.672
 91 158 05 54 30   0.466  -0.737  -1.445   1.689
 91 158 05 55 30   0.532  -0.755  -1.405   1.683
 91 158 05 56 30   0.513  -0.720  -1.415   1.670
 91 158 05 57 30   0.499  -0.746  -1.351   1.625
 91 158 05 58 30   0.596  -0.781  -1.194   1.553
 91 158 05 59 30   0.634  -0.895  -1.138   1.582
 91 158 06 00 30   0.534  -1.008  -1.148   1.626
 91 158 06 01 30   0.405  -0.887  -1.315   1.654
 91 158 06 02 30   0.512  -0.855  -1.244   1.597
 91 158 06 03 30   0.624  -0.838  -1.064   1.497
 91 158 06 04 30   0.678  -0.859  -1.038   1.518
 91 158 06 05 30   0.634  -0.860  -0.976   1.506
 91 158 06 06 30   0.528  -0.376  -1.346   1.500
 91 158 06 07 30   0.516  -0.637  -1.340   1.575
 91 158 06 08 30   0.499  -0.745  -1.382   1.651
 91 158 06 09 30   0.468  -0.713  -1.390   1.637
 91 158 06 10 30   0.532  -0.648  -1.386   1.649
 91 158 06 11 30   0.638  -0.900  -1.200   1.657
 91 158 06 12 30   0.696  -0.662  -1.340   1.656
 91 158 06 13 30   0.738  -0.771  -1.305   1.689
 91 158 06 14 30   0.758  -0.685  -1.322   1.677
 91 158 06 15 30   0.684  -0.563  -1.345   1.615
 91 158 06 16 30   0.655  -0.492  -1.343   1.574
 91 158 06 17 30   0.661  -0.550  -1.305   1.565
 91 158 06 18 30   0.644  -0.613  -1.223   1.526
 91 158 06 19 30   0.704  -1.075  -1.005   1.644
 91 158 06 20 30   0.816  -0.939  -1.089   1.685
 91 158 06 21 30   0.797  -1.304  -0.632   1.667
 91 158 06 22 30   0.455  -0.541  -1.135   1.456
 91 158 06 23 30   0.384  -0.316  -1.347   1.450
 91 158 06 24 30   0.647  -0.565  -1.271   1.541
 91 158 06 25 30   0.669  -0.564  -1.351   1.611
 91 158 06 26 30   0.689  -0.468  -1.388   1.647
 91 158 06 27 30   0.953  -0.482  -1.304   1.696
 91 158 06 28 30   0.703  -0.744  -1.373   1.718
 91 158 06 29 30   0.603  -0.545  -1.360   1.595
 91 158 06 30 30   0.620  -0.531  -1.324   1.562
 91 158 06 31 30   0.719  -0.739  -1.222   1.602
 91 158 06 32 30   0.740  -0.883  -1.115   1.611
 91 158 06 33 30   0.684  -0.331  -1.119   1.370
 91 158 06 34 30   0.719  -0.180  -1.138   1.369
 91 158 06 35 30   0.742  -0.443  -1.254   1.526
 91 158 06 36 30   0.613  -0.286  -1.312   1.479
 91 158 06 37 30   0.527  -0.435  -1.257   1.435
 91 158 06 38 30   0.514  -0.622  -1.117   1.384
 91 158 06 39 30   0.567  -0.681  -1.112   1.427
 91 158 06 40 30   0.669  -0.741  -1.074   1.468
 91 158 06 41 30   0.691  -0.784  -1.072   1.497
 91 158 06 42 30   0.604  -0.814  -1.087   1.488
 91 158 06 43 30   0.518  -0.720  -1.088   1.407
 91 158 06 44 30   0.561  -0.782  -1.036   1.417
 91 158 06 45 30   0.575  -0.857  -1.007   1.444
 91 158 06 46 30   0.451  -0.637  -0.983   1.287
 91 158 06 47 30   0.268  -0.262  -1.153   1.213
 91 158 06 48 30   0.371  -0.257  -1.147   1.235
 91 158 06 49 30   0.375  -0.272  -1.166   1.259
 91 158 06 50 30   0.459  -0.380  -1.147   1.294
 91 158 06 51 30   0.515  -0.392  -1.134   1.308
 91 158 06 52 30   0.511  -0.413  -1.131   1.309
 91 158 06 53 30   0.506  -0.464  -1.074   1.276
 91 158 06 54 30   0.498  -0.341  -1.082   1.241
 91 158 06 55 30   0.436  -0.395  -1.154   1.297
 91 158 06 56 30   0.532  -0.396  -1.088   1.276
 91 158 06 57 30   0.514  -0.431  -1.077   1.272
 91 158 06 58 30   0.480  -0.418  -1.051   1.238
 91 158 06 59 30   0.451  -0.467  -0.979   1.177
 91 158 07 00 30   0.437  -0.384  -1.049   1.202
 91 158 07 01 30   0.357  -0.371  -1.079   1.197
 91 158 07 02 30   0.385  -0.367  -1.068   1.198
 91 158 07 03 30   0.311  -0.397  -1.082   1.197
 91 158 07 04 30   0.406  -0.476  -1.020   1.200
 91 158 07 05 30   0.254  -0.272  -1.058   1.159
 91 158 07 06 30   0.127  -0.139  -1.134   1.160
 91 158 07 07 30   0.186  -0.269  -1.160   1.213
 91 158 07 08 30   0.320  -0.269  -1.176   1.269
 91 158 07 09 30   0.497  -0.454  -1.084   1.283
 91 158 07 10 30   0.493  -0.396  -1.094   1.264
 91 158 07 11 30   0.482  -0.429  -1.068   1.248
 91 158 07 12 30   0.504  -0.457  -1.106   1.301
 91 158 07 13 30   0.646  -0.476  -1.036   1.311
 91 158 07 14 30   0.496  -0.386  -1.084   1.260
 91 158 07 15 30   0.376  -0.420  -1.131   1.265
 91 158 07 16 30   0.404  -0.466  -1.115   1.278
 91 158 07 17 30   0.330  -0.479  -1.153   1.295
 91 158 07 18 30   0.395  -0.407  -1.140   1.282
 91 158 07 19 30   0.700  -0.526  -1.042   1.362
 91 158 07 20 30   0.536  -0.446  -1.098   1.305
 91 158 07 21 30   0.574  -0.582  -1.035   1.322
 91 158 07 22 30   0.487  -0.452  -1.049   1.252
 91 158 07 23 30   0.460  -0.354  -1.063   1.215
 91 158 07 24 30   0.477  -0.057  -1.099   1.200
 91 158 07 25 30   0.532  -0.215  -1.036   1.190
 91 158 07 26 30   0.623  -0.444  -0.941   1.215
 91 158 07 27 30   0.514  -0.416  -0.966   1.183
 91 158 07 28 30   0.395  -0.449  -0.957   1.131
 91 158 07 29 30   0.372  -0.472  -0.952   1.130
 91 158 07 30 30   0.301  -0.350  -1.068   1.173
 91 158 07 31 30   0.546  -0.236  -1.042   1.219
 91 158 07 32 30   0.652  -0.416  -1.034   1.297
 91 158 07 33 30   0.578  -0.538  -1.063   1.325
 91 158 07 34 30   0.589  -0.592  -1.044   1.338
 91 158 07 35 30   0.628  -0.580  -0.921   1.259
 91 158 07 36 30   0.502  -0.540  -0.964   1.216
 91 158 07 37 30   0.409  -0.486  -1.008   1.193
 91 158 07 38 30   0.421  -0.431  -1.005   1.174
 91 158 07 39 30   0.474  -0.434  -0.933   1.136
 91 158 07 40 30   0.490  -0.443  -0.921   1.135
 91 158 07 41 30   0.473  -0.562  -0.878   1.148
 91 158 07 42 30   0.344  -0.412  -0.977   1.124
 91 158 07 43 30   0.331  -0.211  -1.012   1.090
 91 158 07 44 30   0.322  -0.325  -0.966   1.072
 91 158 07 45 30   0.470  -0.375  -0.878   1.069
 91 158 07 46 30   0.471  -0.429  -0.888   1.096
 91 158 07 47 30   0.522  -0.504  -0.815   1.095
 91 158 07 48 30   0.538  -0.455  -0.801   1.071
 91 158 07 49 30   0.507  -0.410  -0.839   1.064
 91 158 07 50 30   0.569  -0.291  -0.809   1.036
 91 158 07 51 30   0.572  -0.304  -0.814   1.044
 91 158 07 52 30   0.535  -0.274  -0.854   1.046
 91 158 07 53 30   0.546  -0.208  -0.865   1.049
 91 158 07 54 30   0.469  -0.167  -0.891   1.037
 91 158 07 55 30   0.519   0.119  -0.944   1.089
 91 158 07 56 30   0.406   0.006  -0.996   1.085
 91 158 07 57 30   0.430  -0.417  -0.870   1.152
 91 158 07 58 30   0.645  -0.687  -0.747   1.204
 91 158 07 59 30   0.659  -0.661  -0.769   1.210
 91 158 08 00 30   0.747  -0.676  -0.722   1.241
 91 158 08 01 30   0.737  -0.673  -0.720   1.232
 91 158 08 02 30   0.588  -0.801  -0.746   1.247
 91 158 08 03 30   0.592  -0.871  -0.675   1.254
 91 158 08 04 30   0.531  -0.769  -0.808   1.239
 91 158 08 05 30   0.548  -0.661  -0.876   1.251
 91 158 08 06 30   0.677  -0.786  -0.736   1.272
 91 158 08 07 30   0.722  -0.743  -0.729   1.268
 91 158 08 08 30   0.718  -0.732  -0.698   1.241
 91 158 08 09 30   0.767  -0.728  -0.695   1.268
 91 158 08 10 30   0.729  -0.676  -0.818   1.288
 91 158 08 11 30   0.714  -0.773  -0.766   1.304
 91 158 08 12 30   0.651  -0.878  -0.816   1.368
 91 158 08 13 30   0.564  -0.915  -0.835   1.363
 91 158 08 14 30   0.743  -0.783  -0.887   1.400
 91 158 08 15 30   0.762  -0.876  -0.816   1.420
 91 158 08 16 30   0.635  -0.972  -0.832   1.431
 91 158 08 17 30   0.633  -0.959  -0.921   1.475
 91 158 08 18 30   0.693  -1.074  -0.822   1.523
 91 158 08 19 30   0.678  -1.123  -0.797   1.545
 91 158 08 20 30   0.691  -1.111  -0.839   1.558
 91 158 08 21 30   0.861  -1.069  -0.837   1.610
 91 158 08 22 30   0.939  -0.932  -0.942   1.625
 91 158 08 23 30   0.811  -0.937  -1.060   1.633
 91 158 08 24 30   0.799  -1.085  -0.899   1.623
 91 158 08 25 30   0.767  -1.153  -0.785   1.596
 91 158 08 26 30   0.868  -1.032  -0.842   1.591
 91 158 08 27 30   0.802  -1.024  -0.948   1.612
 91 158 08 28 30   0.940  -1.012  -0.871   1.636
 91 158 08 29 30   0.775  -1.319  -0.833   1.750
 91 158 08 30 30   0.659  -1.604  -0.996   2.005
 91 158 08 31 30   0.671  -1.302  -1.136   1.857
 91 158 08 32 30   0.680  -1.353  -1.029   1.835
 91 158 08 33 30   0.740  -1.432  -0.806   1.803
 91 158 08 34 30   0.737  -1.415  -0.704   1.745
 91 158 08 35 30   0.678  -1.286  -0.950   1.739
 91 158 08 36 30   0.690  -1.345  -0.855   1.739
 91 158 08 37 30   0.767  -1.350  -0.869   1.783
 91 158 08 38 30   0.824  -1.286  -1.006   1.833
 91 158 08 39 30   0.773  -1.330  -0.993   1.835
 91 158 08 40 30   0.783  -1.276  -0.985   1.794
 91 158 08 41 30   0.749  -1.331  -0.943   1.795
 91 158 08 42 30   0.790  -1.303  -0.907   1.774
 91 158 08 43 30   0.865  -1.273  -0.927   1.797
 91 158 08 44 30   0.874  -1.271  -0.855   1.766
 91 158 08 45 30   0.907  -1.332  -0.735   1.773
 91 158 08 46 30   0.934  -1.237  -0.799   1.747
 91 158 08 47 30   0.821  -1.354  -0.693   1.730
 91 158 08 48 30   0.771  -1.346  -0.782   1.744
 91 158 08 49 30   0.719  -1.272  -1.003   1.775
 91 158 08 50 30   0.900  -1.183  -0.923   1.752
 91 158 08 51 30   0.915  -1.105  -0.957   1.730
 91 158 08 52 30   0.875  -1.197  -0.884   1.729
 91 158 08 53 30   0.883  -1.158  -0.860   1.694
 91 158 08 54 30   0.900  -1.072  -0.989   1.717
 91 158 08 55 30   0.857  -1.112  -0.966   1.706
 91 158 08 56 30   0.771  -1.102  -1.066   1.721
 91 158 08 57 30   0.766  -1.451  -0.727   1.796
 91 158 08 58 30   0.737  -1.342  -0.767   1.716
 91 158 08 59 30   0.732  -1.370  -0.698   1.704
 91 158 09 00 30   0.800  -1.247  -0.644   1.618
 91 158 09 01 30   0.808  -1.107  -0.899   1.644
 91 158 09 02 30   0.851  -1.098  -0.922   1.674
 91 158 09 03 30   0.904  -1.300  -0.658   1.722
 91 158 09 04 30   0.897  -1.488  -0.369   1.777
 91 158 09 05 30   0.954  -1.554  -0.367   1.861
 91 158 09 06 30   0.960  -1.598  -0.588   1.957
 91 158 09 07 30   1.035  -1.589  -0.370   1.944
 91 158 09 08 30   0.952  -1.595  -0.281   1.891
 91 158 09 09 30   0.894  -1.623  -0.220   1.871
 91 158 09 10 30   1.065  -1.399  -0.495   1.891
 91 158 09 11 30   0.860  -1.615  -0.546   1.913
 91 158 09 12 30   0.848  -1.562  -0.656   1.900
 91 158 09 13 30   0.816  -1.652  -0.493   1.908
 91 158 09 14 30   0.851  -1.634  -0.524   1.919
 91 158 09 15 30   0.697  -1.643  -0.528   1.882
 91 158 09 16 30   0.808  -1.574  -0.406   1.835
 91 158 09 17 30   0.709  -1.447  -0.532   1.702
 91 158 09 18 30   0.722  -1.416  -0.516   1.683
 91 158 09 19 30   0.710  -1.391  -0.563   1.678
 91 158 09 20 30   0.811  -1.337  -0.621   1.688
 91 158 09 21 30   0.912  -1.306  -0.557   1.688
 91 158 09 22 30   0.917  -1.388  -0.415   1.718
 91 158 09 23 30   0.962  -1.348  -0.576   1.763
 91 158 09 24 30   1.034  -1.311  -0.542   1.758
 91 158 09 25 30   0.943  -1.280  -0.602   1.705
 91 158 09 26 30   0.971  -1.231  -0.520   1.653
 91 158 09 27 30   0.911  -1.119  -0.764   1.639
 91 158 09 28 30   0.859  -1.104  -0.831   1.628
 91 158 09 29 30   0.833  -1.135  -0.745   1.594
 91 158 09 30 30   0.777  -1.071  -0.890   1.598
 91 158 09 31 30   0.696  -0.866  -1.072   1.548
 91 158 09 32 30   0.788  -0.852  -1.002   1.534
 91 158 09 33 30   0.828  -0.900  -0.948   1.549
 91 158 09 34 30   0.839  -0.947  -0.896   1.553
 91 158 09 35 30   0.834  -0.996  -0.822   1.538
 91 158 09 36 30   0.849  -0.984  -0.912   1.588
 91 158 09 37 30   0.973  -1.145  -0.773   1.695
 91 158 09 38 30   0.978  -1.305  -0.706   1.785
 91 158 09 39 30   0.995  -1.168  -0.887   1.782
 91 158 09 40 30   0.995  -1.307  -0.654   1.778
 91 158 09 41 30   0.891  -1.233  -0.883   1.763
 91 158 09 42 30   0.884  -1.225  -0.871   1.748
 91 158 09 43 30   1.009  -1.032  -0.941   1.729
 91 158 09 44 30   0.931  -1.034  -0.837   1.633
 91 158 09 45 30   0.917  -0.940  -0.834   1.556
 91 158 09 46 30   0.895  -0.976  -0.868   1.584
 91 158 09 47 30   0.891  -0.984  -0.832   1.566
 91 158 09 48 30   0.881  -1.017  -0.815   1.573
 91 158 09 49 30   0.812  -1.129  -0.858   1.636
 91 158 09 50 30   0.912  -1.047  -0.866   1.648
 91 158 09 51 30   0.920  -1.204  -0.772   1.706
 91 158 09 52 30   0.980  -1.134  -0.851   1.731
 91 158 09 53 30   1.126  -1.162  -0.718   1.773
 91 158 09 54 30   1.057  -1.214  -0.809   1.803
 91 158 09 55 30   1.031  -1.365  -0.580   1.820
 91 158 09 56 30   1.010  -1.372  -0.664   1.833
 91 158 09 57 30   1.111  -1.308  -0.527   1.800
 91 158 09 58 30   1.308  -1.090  -0.491   1.785
 91 158 09 59 30   1.131  -1.273  -0.498   1.782
 91 158 10 00 30   1.065  -1.041  -0.911   1.751
 91 158 10 01 30   0.957  -1.082  -0.938   1.731
 91 158 10 02 30   1.013  -1.276  -0.667   1.763
 91 158 10 03 30   1.028  -1.214  -0.660   1.732
 91 158 10 04 30   1.081  -1.214  -0.362   1.667
 91 158 10 05 30   1.064  -1.001  -0.631   1.598
 91 158 10 06 30   1.066  -0.984  -0.706   1.619
 91 158 10 07 30   1.044  -1.229  -0.416   1.669
 91 158 10 08 30   1.028  -1.190  -0.512   1.658
 91 158 10 09 30   1.104  -1.107  -0.594   1.677
 91 158 10 10 30   1.058  -1.013  -0.731   1.644
 91 158 10 11 30   0.978  -1.021  -0.849   1.663
 91 158 10 12 30   1.083  -1.137  -0.616   1.689
 91 158 10 13 30   1.137  -1.105  -0.599   1.697
 91 158 10 14 30   1.169  -1.130  -0.540   1.715
 91 158 10 15 30   1.182  -1.183  -0.500   1.746
 91 158 10 16 30   1.225  -1.141  -0.476   1.741
 91 158 10 17 30   1.218  -1.174  -0.440   1.748
 91 158 10 18 30   1.180  -1.252  -0.413   1.770
 91 158 10 19 30   1.186  -1.315  -0.438   1.825
 91 158 10 20 30   1.203  -1.295  -0.431   1.822
 91 158 10 21 30   1.136  -1.340  -0.277   1.780
 91 158 10 22 30   1.135  -1.337  -0.207   1.766
 91 158 10 23 30   1.191  -1.294  -0.201   1.771
 91 158 10 24 30   1.199  -1.313  -0.183   1.789
 91 158 10 25 30   1.152  -1.435  -0.230   1.855
 91 158 10 26 30   1.131  -1.490  -0.231   1.885
 91 158 10 27 30   1.131  -1.476  -0.149   1.866
 91 158 10 28 30   1.210  -1.353  -0.229   1.832
 91 158 10 29 30   1.225  -1.347  -0.159   1.829
 91 158 10 30 30   1.175  -1.408  -0.143   1.841
 91 158 10 31 30   1.229  -1.447  -0.183   1.908
 91 158 10 32 30   1.259  -1.427  -0.116   1.907
 91 158 10 33 30   1.304  -1.376  -0.124   1.901
 91 158 10 34 30   1.278  -1.478  -0.056   1.956
 91 158 10 35 30   1.265  -1.495  -0.038   1.961
 91 158 10 36 30   1.383  -1.463  -0.081   2.016
 91 158 10 37 30   1.325  -1.550  -0.067   2.041
 91 158 10 38 30   1.269  -1.498   0.051   1.965
 91 158 10 39 30   1.282  -1.416   0.005   1.911
 91 158 10 40 30   1.296  -1.430  -0.067   1.933
 91 158 10 41 30   1.267  -1.426  -0.094   1.911
 91 158 10 42 30   1.271  -1.373  -0.117   1.879
 91 158 10 43 30   1.314  -1.321  -0.227   1.879
 91 158 10 44 30   1.332  -1.338  -0.091   1.891
 91 158 10 45 30   1.287  -1.359  -0.087   1.874
 91 158 10 46 30   1.243  -1.309  -0.116   1.810
 91 158 10 47 30   1.166  -1.313  -0.129   1.762
 91 158 10 48 30   1.181  -1.285  -0.149   1.754
 91 158 10 49 30   1.218  -1.238  -0.233   1.753
 91 158 10 50 30   1.210  -1.327  -0.239   1.813
 91 158 10 51 30   1.321  -1.210  -0.143   1.800
 91 158 10 52 30   1.221  -1.261  -0.229   1.771
 91 158 10 53 30   1.262  -1.207  -0.263   1.767
 91 158 10 54 30   1.271  -1.183  -0.348   1.773
 91 158 10 55 30   1.189  -1.331  -0.213   1.802
 91 158 10 56 30   1.164  -1.383  -0.230   1.822
 91 158 10 57 30   1.182  -1.368  -0.405   1.856
 91 158 10 58 30   1.191  -1.383  -0.397   1.869
 91 158 10 59 30   1.175  -1.460  -0.410   1.919
 91 158 11 00 30   1.206  -1.414  -0.325   1.888
 91 158 11 01 30   1.246  -1.390  -0.279   1.892
 91 158 11 02 30   1.115  -1.520  -0.228   1.900
 91 158 11 03 30   1.081  -1.502  -0.251   1.870
 91 158 11 04 30   1.089  -1.458  -0.166   1.830
 91 158 11 05 30   1.182  -1.261  -0.424   1.798
 91 158 11 06 30   1.113  -1.402  -0.283   1.824
 91 158 11 07 30   1.188  -1.319  -0.149   1.789
 91 158 11 08 30   1.202  -1.240  -0.360   1.771
 91 158 11 09 30   1.207  -1.214  -0.435   1.770
 91 158 11 10 30   1.260  -1.159  -0.400   1.775
 91 158 11 11 30   1.343  -1.185  -0.300   1.824
 91 158 11 12 30   1.139  -1.347  -0.353   1.809
 91 158 11 13 30   1.211  -1.334  -0.334   1.847
 91 158 11 14 30   1.272  -1.068  -0.799   1.846
 91 158 11 15 30   1.260  -1.101  -0.774   1.845
 91 158 11 16 30   1.280  -1.137  -0.616   1.822
 91 158 11 17 30   1.196  -1.147  -0.643   1.779
 91 158 11 18 30   1.181  -1.199  -0.555   1.775
 91 158 11 19 30   1.241  -1.088  -0.579   1.755
 91 158 11 20 30   1.341  -1.094  -0.397   1.782
 91 158 11 21 30   1.281  -1.173  -0.532   1.827
 91 158 11 22 30   1.255  -1.370  -0.317   1.890
 91 158 11 23 30   1.288  -1.328  -0.225   1.867
 91 158 11 24 30   1.247  -1.311  -0.283   1.833
 91 158 11 25 30   1.214  -1.329  -0.287   1.823
 91 158 11 26 30   1.196  -1.292  -0.352   1.797
 91 158 11 27 30   1.288  -1.249  -0.326   1.826
 91 158 11 28 30   1.372  -1.138  -0.340   1.822
 91 158 11 29 30   1.316  -1.206  -0.473   1.848
 91 158 11 30 30   1.235  -1.240  -0.574   1.844
 91 158 11 31 30   1.126  -1.243  -0.647   1.800
 91 158 11 32 30   1.085  -1.352  -0.581   1.846
 91 158 11 33 30   1.094  -1.339  -0.586   1.827
 91 158 11 34 30   1.284  -1.234  -0.474   1.847
 91 158 11 35 30   1.206  -1.319  -0.488   1.857
 91 158 11 36 30   1.257  -1.300  -0.306   1.845
 91 158 11 37 30   1.308  -1.204  -0.400   1.833
 91 158 11 38 30   1.278  -1.074  -0.764   1.843
 91 158 11 39 30   1.268  -1.231  -0.585   1.871
 91 158 11 40 30   1.150  -1.346  -0.396   1.830
 91 158 11 41 30   1.098  -1.324  -0.609   1.840
 91 158 11 42 30   1.325  -1.207  -0.152   1.801
 91 158 11 43 30   1.347  -1.118  -0.166   1.762
 91 158 11 44 30   1.024  -1.289  -0.534   1.738
 91 158 11 45 30   1.094  -1.285  -0.462   1.754
 91 158 11 46 30   1.147  -1.291  -0.315   1.760
 91 158 11 47 30   1.118  -1.166  -0.614   1.777
 91 158 11 48 30   1.299  -1.150  -0.331   1.777
 91 158 11 49 30   1.258  -1.148  -0.409   1.762
 91 158 11 50 30   1.237  -1.098  -0.589   1.765
 91 158 11 51 30   1.223  -1.270  -0.450   1.829
 91 158 11 52 30   1.274  -1.228  -0.318   1.814
 91 158 11 53 30   1.228  -1.284  -0.140   1.797
 91 158 11 54 30   1.215  -1.150  -0.474   1.755
 91 158 11 55 30   1.326  -0.941  -0.621   1.745
 91 158 11 56 30   1.067  -1.161  -0.559   1.680
 91 158 11 57 30   1.176  -1.038  -0.657   1.715
 91 158 11 58 30   1.019  -1.206  -0.640   1.710
 91 158 11 59 30   1.156  -1.116  -0.488   1.686
 91 158 12 00 30   1.282  -0.935  -0.433   1.666
 91 158 12 01 30   1.352  -0.893  -0.580   1.724
 91 158 12 02 30   1.253  -1.140  -0.466   1.761
 91 158 12 03 30   1.253  -1.208  -0.396   1.790
 91 158 12 04 30   1.170  -1.328  -0.411   1.832
 91 158 12 05 30   1.350  -1.122  -0.483   1.825
 91 158 12 06 30   1.316  -1.048  -0.470   1.749
 91 158 12 07 30   1.288  -1.103  -0.333   1.733
 91 158 12 08 30   1.197  -1.136  -0.407   1.703
 91 158 12 09 30   1.273  -0.966  -0.383   1.646
 91 158 12 10 30   1.298  -0.991  -0.475   1.721
 91 158 12 11 30   1.311  -0.962  -0.728   1.785
 91 158 12 14 30   1.311  -1.021  -0.528   1.760
 91 158 12 15 30   1.378  -0.993  -0.451   1.765
 91 158 12 16 30   1.189  -1.113  -0.503   1.707
 91 158 12 17 30   1.243  -1.171  -0.374   1.762
 91 158 12 18 30   1.192  -1.260  -0.640   1.860
 91 158 12 19 30   1.053  -1.347  -0.588   1.810
 91 158 12 29 30   1.222  -1.040  -0.704   1.755
 91 158 12 30 30   1.252  -1.017  -0.621   1.734
 91 158 12 31 30   1.406  -1.488  -0.289   2.084
 91 158 12 32 30   1.257  -1.549  -0.277   2.018
 91 158 12 33 30   1.229  -1.461  -0.240   1.927
 91 158 12 34 30   1.259  -1.413  -0.388   1.936
 91 158 12 35 30   1.337  -1.244  -0.673   1.951
 91 158 12 36 30   1.262  -1.241  -0.854   1.975
 91 158 12 37 30   1.229  -1.339  -0.469   1.887
 91 158 12 38 30   1.097  -1.336  -0.690   1.870
 91 158 12 39 30   1.415  -1.141  -0.318   1.853
 91 158 12 40 30   1.293  -1.233  -0.431   1.848
 91 158 12 41 30   1.134  -1.347  -0.535   1.842
 91 158 12 42 30   1.250  -1.198  -0.549   1.823
 91 158 12 43 30   1.437  -1.031  -0.239   1.798
 91 158 12 44 30   1.018  -1.242  -0.742   1.786
 91 158 12 45 30   1.163  -1.142  -0.609   1.746
 91 158 12 46 30   1.078  -1.137  -0.638   1.702
 91 158 12 47 30   1.103  -1.201  -0.427   1.696
 91 158 12 48 30   1.133  -0.954  -0.823   1.701
 91 158 12 49 30   1.172  -1.045  -0.580   1.676
 91 158 12 50 30   1.293  -0.924  -0.517   1.675
 91 158 12 51 30   1.334  -0.899  -0.483   1.685
 91 158 12 52 30   1.193  -1.116  -0.361   1.688
 91 158 12 53 30   0.959  -1.245  -0.393   1.622
 91 158 12 54 30   1.027  -1.121  -0.512   1.607
 91 158 12 55 30   0.949  -1.125  -0.606   1.606
 91 158 12 56 30   0.920  -1.260  -0.512   1.654
 91 158 12 57 30   1.143  -1.107  -0.667   1.730
 91 158 12 58 30   0.999  -1.219  -0.768   1.778
 91 158 12 59 30   0.725  -1.716  -0.492   1.940
 91 158 13 00 30   0.899  -1.328  -0.599   1.729
 91 158 13 01 30   1.201  -0.864  -0.680   1.642
 91 158 13 02 30   1.053  -0.985  -0.740   1.644
 91 158 13 03 30   0.897  -1.143  -0.680   1.620
 91 158 13 12 30   0.996  -1.038  -0.622   1.575
 91 158 13 13 30   1.010  -1.119  -0.531   1.608
 91 158 13 14 30   1.137  -1.044  -0.503   1.629
 91 158 13 15 30   1.124  -1.019  -0.554   1.619
 91 158 13 16 30   0.842  -1.257  -0.826   1.746
 91 158 13 17 30   0.818  -1.283  -0.853   1.754
 91 158 13 18 30   1.023  -1.054  -1.083   1.836
 91 158 13 19 30   1.012  -0.998  -1.122   1.823
 91 158 13 20 30   1.034  -1.121  -1.006   1.836
 91 158 13 21 30   1.272  -0.970  -0.720   1.760
 91 158 13 22 30   1.275  -0.906  -0.564   1.676
 91 158 13 23 30   1.237  -0.854  -0.578   1.612
 91 158 13 24 30   1.104  -0.845  -0.699   1.559
 91 158 13 25 30   1.002  -0.863  -0.792   1.553
 91 158 13 26 30   0.818  -1.079  -0.735   1.546
 91 158 13 27 30   1.084  -1.154  -0.761   1.781
 91 158 13 28 30   1.345  -1.010  -0.901   1.928
 91 158 13 29 30   0.951  -1.226  -0.785   1.745
 91 158 13 30 30   1.096  -1.225  -0.367   1.703
 91 158 13 31 30   1.105  -1.272  -0.400   1.735
 91 158 13 32 30   1.069  -1.188  -0.539   1.700
 91 158 13 33 30   0.949  -1.144  -0.767   1.686
 91 158 13 34 30   0.795  -1.043  -0.841   1.565
 91 158 13 35 30   0.789  -0.946  -0.922   1.543
 91 158 13 36 30   1.006  -1.001  -0.847   1.676
 91 158 13 37 30   0.770  -1.199  -1.010   1.765
 91 158 13 38 30   0.980  -1.181  -0.788   1.746
 91 158 13 39 30   1.362  -0.867  -0.569   1.724
 91 158 13 40 30   1.154  -0.760  -0.824   1.615
 91 158 13 41 30   1.059  -1.027  -0.737   1.655
 91 158 13 42 30   1.102  -0.963  -0.572   1.596
 91 158 13 43 30   1.039  -0.777  -0.848   1.575
 91 158 13 44 30   0.906  -0.767  -1.009   1.573
 91 158 13 45 30   1.040  -1.128  -0.779   1.723
 91 158 13 46 30   0.913  -1.176  -1.051   1.840
 91 158 13 47 30   1.079  -1.152  -1.168   1.986
 91 158 13 48 30   1.190  -1.201  -0.871   1.905
 91 158 13 49 30   1.130  -1.081  -0.765   1.750
 91 158 13 50 30   1.263  -0.927  -0.519   1.664
 91 158 13 51 30   1.158  -0.813  -0.707   1.592
 91 158 13 52 30   1.201  -1.018  -0.606   1.705
 91 158 13 53 30   1.402  -0.998  -0.372   1.781
 91 158 13 54 30   1.185  -0.905  -0.742   1.681
 91 158 13 55 30   1.076  -1.017  -0.788   1.681
 91 158 13 56 30   1.383  -0.949  -0.516   1.767
 91 158 13 57 30   1.388  -0.903  -0.502   1.758
 91 158 13 58 30   1.341  -0.891  -0.685   1.764
 91 158 13 59 30   1.281  -0.937  -0.796   1.784
 91 158 14 00 30   1.221  -1.018  -0.964   1.885
 91 158 14 01 30   1.565  -0.724  -0.829   1.927
 91 158 14 02 30   1.378  -1.080  -0.676   1.885
 91 158 14 03 30   1.471  -0.922  -0.447   1.797
 91 158 14 04 30   1.436  -0.995  -0.416   1.799
 91 158 14 05 30   1.561  -0.561  -0.740   1.894
 91 158 14 06 30   1.165  -1.072  -1.137   1.978
 91 158 14 07 30   1.406  -1.198  -0.728   2.000
 91 158 14 08 30   1.161  -1.531  -0.317   1.973
 91 158 14 09 30   1.617  -0.805  -0.640   1.942
 91 158 14 10 30   1.561  -0.587  -0.818   1.870
 91 158 14 11 30   1.510  -0.670  -0.740   1.830
 91 158 14 12 30   1.356  -1.016  -0.776   1.909
 91 158 14 13 30   1.179  -0.930  -1.000   1.876
 91 158 14 14 30   1.661  -0.887  -0.536   1.985
 91 158 14 15 30   1.505  -1.007  -0.407   1.914
 91 158 14 16 30   1.500  -0.794  -0.820   1.915
 91 158 14 17 30   1.562  -0.257  -0.836   2.026
 91 158 14 18 30   1.571  -0.296  -1.251   2.039
 91 158 14 19 30   1.349  -0.366  -1.171   1.840
 91 158 14 20 30   1.106  -0.888  -1.021   1.758
 91 158 14 21 30   1.054  -0.934  -0.961   1.755
 91 158 14 22 30   1.263  -0.630  -1.030   1.765
 91 158 14 23 30   1.280  -0.847  -0.570   1.648
 91 158 14 24 30   1.225  -0.891  -0.677   1.671
 91 158 14 25 30   1.256  -0.892  -0.610   1.699
 91 158 14 26 30   1.228  -1.016  -0.388   1.669
 91 158 14 27 30   1.238  -0.640  -0.840   1.641
 91 158 14 28 30   0.824  -0.854  -1.121   1.639
 91 158 14 29 30   0.981  -0.619  -1.092   1.610
 91 158 14 30 30   1.174  -0.865  -0.724   1.704
 91 158 14 31 30   1.338  -1.073  -0.527   1.832
 91 158 14 32 30   1.536  -0.770  -0.844   1.931
 91 158 14 33 30   1.418  -1.015  -0.303   1.812
 91 158 14 34 30   1.261  -0.541  -1.248   1.872
 91 158 14 35 30   1.198  -1.073  -0.967   1.949
 91 158 14 36 30   1.372  -1.142  -0.680   1.983
 91 158 14 37 30   1.543  -1.029  -0.605   1.972
 91 158 14 38 30   1.205  -1.096  -0.193   1.658
 91 158 14 39 30   1.270  -0.899  -0.272   1.585
 91 158 14 40 30   1.308  -0.617  -0.206   1.580
 91 158 14 41 30   1.257  -0.372  -0.770   1.538
 91 158 14 42 30   1.066  -0.700  -0.384   1.511
 91 158 14 43 30   0.383  -0.937  -1.012   1.507
 91 158 14 44 30   0.639  -0.452  -0.554   1.374
 91 158 14 45 30   1.297  -0.085  -0.544   1.442
 91 158 14 46 30   1.034  -0.405  -0.983   1.537
 91 158 14 47 30   0.517  -0.576  -1.370   1.601
 91 158 14 48 30   0.940  -0.656  -1.126   1.681
 91 158 14 49 30   1.203  -1.003  -0.254   1.613
 91 158 14 50 30   1.400  -0.545  -0.508   1.604
 91 158 14 51 30   1.292  -0.412  -0.591   1.522
 91 158 14 52 30   1.168  -0.601  -0.248   1.626
 91 158 14 53 30   0.390  -0.571  -1.401   1.631
 91 158 14 54 30   0.567  -0.596  -1.359   1.629
 91 158 14 55 30   0.698  -0.279  -1.094   1.418
 91 158 14 56 30   1.324  -0.178  -0.199   1.525
 91 158 14 57 30   0.587  -0.545  -1.181   1.524
 91 158 14 58 30   0.752  -0.513  -1.369   1.668
 91 158 14 59 30   0.885  -0.583  -1.168   1.607
 91 158 15 00 30   0.854  -0.922  -0.935   1.591
 91 158 15 01 30   0.690  -0.986  -0.967   1.549
 91 158 15 02 30   0.608  -0.970  -0.914   1.469
 91 158 15 03 30   0.744  -0.715  -0.707   1.268
 91 158 15 04 30   0.410   0.180  -0.769   1.014
 91 158 15 05 30   0.841   0.035  -0.177   1.066
 91 158 15 06 30   0.173   0.719  -0.771   1.112
 91 158 15 07 30   0.207   0.520  -0.733   1.281
 91 158 15 08 30   0.677  -0.890  -0.167   1.217
 91 158 15 09 30  -0.157   0.741  -1.031   1.285
 91 158 15 10 30  -0.213   0.851  -1.103   1.432
 91 158 15 11 30  -0.015   0.706  -1.440   1.624
 91 158 15 12 30  -0.458   1.041  -1.074   1.620
 91 158 15 13 30  -0.586   1.255  -1.240   1.865
 91 158 15 14 30  -0.560   1.276  -1.366   1.979
 91 158 15 15 30  -0.707   1.601  -2.439   3.106
 91 158 15 16 30  -1.111   2.261  -2.322   3.475
 91 158 15 17 30   0.037  -0.621  -3.007   3.239
 91 158 15 18 30  -0.436  -0.129  -2.324   2.602
 91 158 15 19 30  -0.733   0.161  -2.390   2.595
 91 158 15 20 30  -1.057   1.122  -1.474   2.479
 91 158 15 21 30  -0.237   0.971  -2.444   2.651
 91 158 15 22 30  -0.255   1.018  -2.385   2.694
 91 158 15 23 30  -0.791   1.415  -2.028   2.630
 91 158 15 24 30  -0.298   1.328  -2.244   2.681
 91 158 15 25 30  -0.719   0.998  -2.406   2.776
 91 158 15 26 30  -0.029   1.654  -1.952   2.745
 91 158 15 27 30   0.022   1.783  -1.790   2.819
 91 158 15 28 30  -0.817   1.546  -2.068   2.828
 91 158 15 29 30  -0.317   0.752  -2.119   2.603
 91 158 15 30 30   0.795   0.495  -2.267   2.843
 91 158 15 31 30  -0.367   1.219  -2.704   3.127
 91 158 15 32 30  -0.366   0.307  -3.084   3.217
 91 158 15 33 30   1.142   0.816  -2.711   3.151
 91 158 15 34 30   1.294  -1.975  -1.315   3.161
 91 158 15 35 30  -0.093  -0.572  -2.635   3.042
 91 158 15 36 30   0.525  -1.674  -2.520   3.185
 91 158 15 37 30   0.180  -2.058  -2.441   3.312
 91 158 15 38 30   1.025  -1.936  -2.158   3.258
 91 158 15 39 30   0.130  -1.396  -3.316   3.646
 91 158 15 40 30   0.850  -1.838  -2.919   3.767
 91 158 15 41 30   0.309  -1.124  -3.574   3.879
 91 158 15 42 30  -0.356  -0.315  -4.195   4.253
 91 158 15 43 30  -0.649  -0.780  -4.145   4.298
 91 158 15 44 30  -1.312  -1.182  -4.025   4.455
 91 158 15 45 30  -1.151  -2.134  -5.808   6.459
 91 158 15 46 30  -1.018  -4.098  -6.314   7.726
 91 158 15 47 30  -0.498  -4.649  -6.292   8.115
 91 158 15 48 30  -0.642  -4.552  -6.033   7.773
 91 158 15 49 30   0.236  -4.935  -5.828   7.772
 91 158 15 50 30  -0.596  -4.025  -6.143   7.443
 91 158 15 51 30   0.062  -5.419  -5.471   7.739
 91 158 15 52 30  -0.057  -5.593  -4.735   7.404
 91 158 15 53 30  -0.731  -4.649  -5.889   7.584
 91 158 15 54 30  -0.128  -4.702  -6.030   7.689
 91 158 15 55 30  -0.038  -5.209  -5.689   7.785
 91 158 15 56 30  -0.657  -5.308  -5.995   8.062
 91 158 15 57 30  -0.823  -5.247  -6.003   8.070
 91 158 15 58 30  -0.614  -5.238  -6.435   8.369
 91 158 15 59 30  -0.876  -5.028  -6.667   8.438
 91 158 16 00 30  -0.407  -5.345  -6.575   8.534
 91 158 16 01 30  -0.475  -5.229  -6.894   8.708
 91 158 16 02 30  -0.015  -5.856  -6.861   9.052
 91 158 16 03 30  -0.699  -4.795  -6.830   8.438
 91 158 16 04 30  -1.071  -4.178  -6.877   8.167
 91 158 16 05 30  -0.528  -4.996  -6.268   8.435
 91 158 16 06 30   0.792  -7.304  -5.287   9.078
 91 158 16 07 30   0.769  -7.047  -5.759   9.148
 91 158 16 08 30   0.618  -6.639  -5.830   8.883
 91 158 16 09 30   2.053  -7.234  -4.392   8.806
 91 158 16 10 30   1.261  -7.065  -5.265   9.001
 91 158 16 11 30  -0.950  -5.354  -7.247   9.090
 91 158 16 12 30  -1.183  -5.109  -7.428   9.117
 91 158 16 13 30  -0.713  -5.682  -7.183   9.230
 91 158 16 14 30  -1.118  -5.925  -7.786   9.873
 91 158 16 15 30  -1.668  -4.881  -8.237   9.744
 91 158 16 16 30  -2.883  -3.133  -8.319   9.457
 91 158 16 17 30  -2.415  -3.047  -8.667   9.703
 91 158 16 18 30  -6.467   0.442  -7.906  10.289
 91 158 16 19 30  -6.140  -0.866  -8.928  10.880
 91 158 16 20 30  -4.904  -2.043  -9.830  11.252
 91 158 16 21 30  -5.047  -1.286  -9.757  11.069
 91 158 16 22 30  -5.409  -0.642  -9.185  10.790
 91 158 16 23 30  -5.898  -0.046  -9.277  11.018
 91 158 16 24 30  -6.490   2.027  -8.565  10.965
 91 158 16 25 30  -5.764  -0.061  -9.057  10.784
 91 158 16 26 30  -5.941  -0.385  -8.954  10.797
 91 158 16 27 30  -5.480  -2.318  -9.203  10.973
 91 158 16 28 30  -5.686  -1.821  -9.388  11.153
 91 158 16 29 30  -6.137  -0.852  -9.360  11.230
 91 158 16 30 30  -6.012  -0.889  -9.274  11.097
 91 158 16 31 30  -6.347   0.189  -8.948  11.058
 91 158 16 32 30  -7.228   2.335  -7.954  11.040
 91 158 16 33 30  -7.089   3.191  -7.778  11.021
 91 158 16 34 30  -6.872   4.022  -7.617  11.043
 91 158 16 35 30  -7.041   3.679  -7.484  10.949
 91 158 16 36 30  -7.071   2.531  -8.065  11.059
 91 158 16 37 30  -7.212   3.627  -7.743  11.200
 91 158 16 38 30  -7.072   3.081  -7.754  10.955
 91 158 16 39 30  -7.323   2.199  -8.019  11.096
 91 158 16 40 30  -7.305   1.863  -7.936  10.960
 91 158 16 41 30  -7.058   2.162  -7.889  10.845
 91 158 16 42 30  -6.744   1.304  -8.211  10.713
 91 158 16 43 30  -6.971   1.564  -7.898  10.661
 91 158 16 44 30  -7.054   1.598  -7.703  10.571
 91 158 16 45 30  -7.000   1.564  -7.869  10.649
 91 158 16 46 30  -6.985   1.516  -7.928  10.681
 91 158 16 47 30  -6.804   1.444  -8.103  10.685
 91 158 16 48 30  -6.930   0.871  -8.136  10.729
 91 158 16 49 30  -6.956   0.503  -8.101  10.699
 91 158 16 50 30  -6.951   0.561  -8.406  10.941
 91 158 16 51 30  -7.437   1.899  -7.936  11.059
 91 158 16 52 30  -7.601   3.347  -7.253  11.047
 91 158 16 53 30  -6.721   1.092  -8.049  10.617
 91 158 16 54 30  -6.844   1.417  -8.065  10.716
 91 158 16 55 30  -6.857   2.261  -7.640  10.523
 91 158 16 56 30  -7.338   3.515  -6.714  10.563
 91 158 16 57 30  -6.611   4.044  -5.197   9.658
 91 158 16 58 30  -3.141   6.101   2.339   7.393
 91 158 16 59 30  -3.544   5.534   3.147   7.300
 91 158 17 00 30  -3.532   5.351   3.007   7.085
 91 158 17 01 30  -4.307   5.269   1.631   7.049
 91 158 17 02 30  -4.830   5.269   0.658   7.186
 91 158 17 03 30  -6.630   5.454  -1.793   8.808
 91 158 17 04 30  -7.082   5.469  -2.977   9.447
 91 158 17 05 30  -7.171   4.520  -4.977   9.835
 91 158 17 06 30  -7.117   4.751  -4.764   9.795
 91 158 17 07 30  -7.153   4.588  -4.749   9.736
 91 158 17 08 30  -7.195   4.482  -4.652   9.670
 91 158 17 09 30  -7.293   4.453  -4.712   9.759
 91 158 17 10 30  -7.456   4.265  -4.709   9.796
 91 158 17 11 30  -7.619   4.328  -4.688   9.942
 91 158 17 12 30  -7.398   4.700  -4.613   9.906
 91 158 17 13 30  -7.126   4.520  -4.908   9.763
 91 158 17 14 30  -7.059   4.356  -4.999   9.686
 91 158 17 15 30  -7.105   4.455  -4.847   9.688
 91 158 17 16 30  -7.104   4.803  -4.853   9.855
 91 158 17 17 30  -7.187   4.674  -4.854   9.854
 91 158 17 18 30  -7.282   4.615  -4.311   9.646
 91 158 17 19 30  -7.450   4.629  -4.125   9.696
 91 158 17 20 30  -7.379   4.593  -4.071   9.604
 91 158 17 21 30  -7.503   4.540  -4.004   9.647
 91 158 17 22 30  -7.749   4.575  -3.783   9.764
 91 158 17 23 30  -7.662   4.351  -4.043   9.702
 91 158 17 24 30  -7.452   4.176  -4.198   9.524
 91 158 17 25 30  -7.208   4.062  -3.932   9.162
 91 158 17 26 30  -7.361   3.980  -4.157   9.345
 91 158 17 27 30  -7.174   4.054  -4.155   9.231
 91 158 17 28 30  -7.109   4.011  -4.143   9.156
 91 158 17 29 30  -7.170   3.621  -4.402   9.167
 91 158 17 30 30  -7.419   3.522  -4.738   9.483
 91 158 17 31 30  -7.361   3.948  -4.744   9.620
 91 158 17 32 30  -7.537   4.217  -4.251   9.637
 91 158 17 33 30  -7.649   4.671  -3.245   9.536
 91 158 17 34 30  -7.761   4.845  -3.020   9.637
 91 158 17 35 30  -7.669   4.357  -4.327   9.845
 91 158 17 36 30  -7.306   4.228  -4.479   9.559
 91 158 17 37 30  -7.183   4.443  -3.648   9.209
 91 158 17 38 30  -6.998   4.630  -3.258   9.004
 91 158 17 39 30  -7.008   4.306  -3.576   8.971
 91 158 17 40 30  -6.717   3.925  -3.458   8.549
 91 158 17 41 30  -6.288   2.378  -5.725   8.839
 91 158 17 42 30  -6.542   2.717  -5.468   8.959
 91 158 17 43 30  -7.088   4.278  -3.660   9.124
 91 158 17 44 30  -7.587   4.446  -3.975   9.668
 91 158 17 45 30  -8.087   3.777  -4.963  10.228
 91 158 17 46 30  -8.142   3.564  -5.072  10.236
 91 158 17 47 30  -7.867   3.868  -5.024  10.136
 91 158 17 48 30  -7.315   4.904  -4.569   9.927
 91 158 17 49 30  -7.546   4.706  -4.511   9.979
 91 158 17 50 30  -7.650   4.302  -4.112   9.705
 91 158 17 51 30  -7.556   4.406  -4.225   9.719
 91 158 17 52 30  -7.726   4.302  -4.225   9.802
 91 158 17 53 30  -7.613   4.347  -4.279   9.770
 91 158 17 54 30  -7.795   4.252  -4.241   9.873
 91 158 17 55 30  -7.293   4.094  -4.592   9.579
 91 158 17 56 30  -6.854   4.249  -5.052   9.526
 91 158 17 57 30  -7.133   4.105  -4.731   9.511
 91 158 17 58 30  -7.640   3.840  -4.755   9.797
 91 158 17 59 30  -7.772   4.402  -4.513  10.012
 91 158 18 00 30  -7.647   4.106  -5.179  10.114
 91 158 18 01 30  -7.304   3.746  -5.367   9.816
 91 158 18 02 30  -6.834   3.269  -5.690   9.478
 91 158 18 03 30  -6.428   2.837  -6.240   9.410
 91 158 18 04 30  -6.598   2.893  -5.820   9.263
 91 158 18 05 30  -6.666   2.905  -5.814   9.314
 91 158 18 06 30  -6.547   2.778  -5.694   9.115
 91 158 18 07 30  -6.372   2.777  -5.396   8.801
 91 158 18 08 30  -6.586   2.825  -5.746   9.194
 91 158 18 09 30  -6.415   2.547  -5.956   9.117
 91 158 18 10 30  -6.241   2.645  -5.639   8.826
 91 158 18 11 30  -7.158   3.177  -5.570   9.617
 91 158 18 12 30  -6.925   3.265  -5.029   9.171
 91 158 18 13 30  -6.818   3.309  -5.120   9.148
 91 158 18 14 30  -7.186   3.698  -4.788   9.403
 91 158 18 15 30  -6.075   2.422  -5.502   8.584
 91 158 18 16 30  -5.285   0.835  -6.094   8.145
 91 158 18 17 30  -5.047   0.886  -5.756   7.744
 91 158 18 18 30  -4.943   1.007  -5.070   7.186
 91 158 18 19 30  -5.138   1.392  -4.277   6.876
 91 158 18 20 30  -5.018   1.290  -5.343   7.474
 91 158 18 21 30  -1.522  -1.601  -7.242   7.759
 91 158 18 22 30  -1.435  -1.814  -7.564   7.916
 91 158 18 23 30  -1.734  -1.582  -7.505   7.865
 91 158 18 24 30  -1.288  -1.344  -7.644   7.876
 91 158 18 25 30  -1.755  -2.617  -7.070   8.033
 91 158 18 26 30  -1.613  -4.130  -5.038   6.926
 91 158 18 27 30  -2.185  -2.413  -5.549   6.492
 91 158 18 28 30  -4.636   0.556  -6.077   7.682
 91 158 18 29 30  -5.364   1.018  -6.453   8.456
 91 158 18 30 30  -5.461   1.503  -6.081   8.313
 91 158 18 31 30  -5.671   1.855  -5.841   8.353
 91 158 18 32 30  -5.556   1.966  -5.425   8.014
 91 158 18 33 30  -5.746   2.075  -4.899   7.850
 91 158 18 34 30  -5.764   2.892  -3.795   7.508
 91 158 18 35 30  -5.368   3.454  -2.067   6.714
 91 158 18 36 30  -5.253   3.505  -1.903   6.608
 91 158 18 37 30  -5.343   3.964  -1.906   6.972
 91 158 18 38 30  -5.644   5.663  -0.224   8.025
 91 158 18 39 30  -6.045   5.443  -1.183   8.254
 91 158 18 40 30  -5.790   5.673  -0.984   8.169
 91 158 18 41 30  -5.728   5.762  -0.351   8.151
 91 158 18 42 30  -5.602   5.876  -0.085   8.174
 91 158 18 43 30  -6.034   6.054  -0.582   8.598
 91 158 18 44 30  -6.108   5.420  -1.625   8.350
 91 158 18 45 30  -5.807   5.475  -1.184   8.083
 91 158 18 46 30  -5.738   5.387  -1.104   7.950
 91 158 18 47 30  -5.273   4.694  -0.926   7.124
 91 158 18 48 30  -4.907   3.949  -1.274   6.438
 91 158 18 49 30  -4.620   3.860  -1.491   6.236
 91 158 18 50 30  -5.178   3.746  -2.598   6.922
 91 158 18 51 30  -5.219   3.946  -1.997   6.865
 91 158 18 52 30  -4.978   4.779  -0.470   6.933
 91 158 18 53 30  -4.897   4.973  -0.580   7.020
 91 158 18 54 30  -5.114   5.021  -1.105   7.260
 91 158 18 55 30  -5.697   4.916  -1.415   7.694
 91 158 18 56 30  -6.264   4.001  -2.252   7.788
 91 158 18 57 30  -6.279   3.456  -2.984   7.787
 91 158 18 58 30  -7.004   3.216  -3.865   8.641
 91 158 18 59 30  -6.029   1.584  -4.594   7.746
 91 158 19 00 30  -5.916   1.478  -4.707   7.709
 91 158 19 01 30  -5.254   1.824  -4.081   6.968
 91 158 19 02 30  -4.890   2.182  -3.343   6.341
 91 158 19 03 30  -4.633   1.671  -3.490   6.046
 91 158 19 04 30  -4.820   1.799  -3.537   6.249
 91 158 19 05 30  -5.177   2.022  -3.487   6.564
 91 158 19 06 30  -5.195   2.186  -3.227   6.496
 91 158 19 07 30  -5.005   2.244  -3.317   6.412
 91 158 19 08 30  -5.101   2.413  -3.392   6.585
 91 158 19 09 30  -4.639   2.435  -3.068   6.075
 91 158 19 10 30  -4.332   2.573  -2.898   5.813
 91 158 19 11 30  -4.496   2.660  -2.911   5.982
 91 158 19 12 30  -4.508   2.732  -2.888   6.012
 91 158 19 13 30  -4.657   2.470  -2.365   5.813
 91 158 19 14 30  -5.198   1.639  -2.804   6.131
 91 158 19 15 30  -5.026   1.894  -2.676   6.003
 91 158 19 16 30  -5.293   1.831  -2.833   6.286
 91 158 19 17 30  -5.627   1.545  -3.008   6.567
 91 158 19 18 30  -5.992   1.277  -3.186   6.908
 91 158 19 19 30  -5.972   0.731  -3.291   6.861
 91 158 19 20 30  -5.880   0.735  -3.308   6.789
 91 158 19 21 30  -5.751   0.425  -3.387   6.695
 91 158 19 22 30  -5.959   1.565  -2.895   6.846
 91 158 19 23 30  -6.183   1.439  -3.013   7.040
 91 158 19 24 30  -5.840   0.942  -3.582   6.930
 91 158 19 25 30  -5.958   0.332  -3.488   6.918
 91 158 19 26 30  -6.038   0.613  -3.285   6.906
 91 158 19 27 30  -5.843   0.028  -3.737   6.966
 91 158 19 28 30  -4.824   1.963  -2.164   5.720
 91 158 19 29 30  -4.697   1.392  -2.012   5.347
 91 158 19 30 30  -4.487   1.240  -2.648   5.377
 91 158 19 31 30  -6.100   3.369  -2.330   7.355
 91 158 19 32 30  -5.538   3.052  -2.080   6.661
 91 158 19 33 30  -5.316   3.100  -1.805   6.416
 91 158 19 34 30  -4.725   2.449  -1.794   5.622
 91 158 19 35 30  -3.909   2.398  -1.506   4.842
 91 158 19 36 30  -3.997   2.193  -1.777   4.910
 91 158 19 37 30  -4.307   1.106  -1.919   4.852
 91 158 19 38 30  -4.337   0.503  -2.030   4.828
 91 158 19 39 30  -4.214   0.290  -2.250   4.811
 91 158 19 40 30  -3.807  -0.700  -2.904   4.860
 91 158 19 41 30  -4.257  -0.432  -1.728   4.647
 91 158 19 42 30  -4.270  -0.454  -1.668   4.616
 91 158 19 43 30  -3.694  -1.276  -2.545   4.672
 91 158 19 44 30  -3.807  -1.293  -2.568   4.788
 91 158 19 45 30  -4.261  -0.969  -2.436   5.009
 91 158 19 46 30  -4.563  -0.479  -2.167   5.083
 91 158 19 47 30  -4.490  -0.904  -2.465   5.217
 91 158 19 48 30  -4.505  -0.799  -2.457   5.199
 91 158 19 49 30  -4.445  -0.298  -2.330   5.040
 91 158 19 50 30  -4.498  -0.141  -2.269   5.053
 91 158 19 51 30  -4.528  -0.202  -2.786   5.326
 91 158 19 52 30  -4.490  -0.493  -2.789   5.310
 91 158 19 53 30  -4.551  -0.416  -2.793   5.358
 91 158 19 54 30  -4.573  -0.351  -2.519   5.235
 91 158 19 55 30  -4.454  -0.310  -2.554   5.146
 91 158 19 56 30  -4.601  -0.983  -2.650   5.410
 91 158 19 57 30  -4.758  -1.005  -2.484   5.471
 91 158 19 58 30  -4.495  -1.386  -2.394   5.292
 91 158 19 59 30  -4.721  -1.252  -2.185   5.358
 91 158 20 00 30  -4.673  -1.453  -2.336   5.438
 91 158 20 01 30  -4.646  -1.247  -2.353   5.362
 91 158 20 02 30  -4.606  -1.533  -2.400   5.422
 91 158 20 03 30  -4.975  -1.967  -2.553   5.933
 91 158 20 04 30  -5.121  -2.326  -2.068   5.995
 91 158 20 05 30  -5.160  -3.041  -1.746   6.245
 91 158 20 06 30  -5.148  -3.276  -1.589   6.307
 91 158 20 07 30  -6.039  -2.422  -2.554   7.397
 91 158 20 08 30  -8.019   1.146  -4.889   9.463
 91 158 20 09 30  -7.987   1.298  -4.974   9.500
 91 158 20 10 30  -7.972   1.208  -5.022   9.505
 91 158 20 11 30  -7.323   2.049  -5.569   9.427
 91 158 20 12 30  -7.084   2.078  -5.514   9.216
 91 158 20 13 30  -7.126   2.099  -5.456   9.218
 91 158 20 14 30  -7.114   1.926  -5.433   9.158
 91 158 20 15 30  -7.128   1.759  -5.324   9.069
 91 158 20 16 30  -7.147   1.579  -5.275   9.024
 91 158 20 17 30  -6.877   1.378  -5.512   8.925
 91 158 20 18 30  -6.273   0.901  -5.364   8.310
 91 158 20 19 30  -6.342   1.166  -4.948   8.137
 91 158 20 20 30  -6.216   1.904  -4.488   7.908
 91 158 20 21 30  -5.581   2.770  -4.790   7.954
 91 158 20 22 30  -4.854   3.252  -4.568   7.522
 91 158 20 23 30  -7.239   2.339  -4.483   8.847
 91 158 20 24 30  -7.685   2.352  -4.729   9.328
 91 158 20 25 30  -7.450   2.432  -4.913   9.259
 91 158 20 26 30  -6.601   3.034  -5.159   8.913
 91 158 20 27 30  -6.356   3.377  -5.421   9.020
 91 158 20 28 30  -5.752   3.465  -5.540   8.708
 91 158 20 29 30  -6.360   3.104  -5.233   8.808
 91 158 20 30 30  -6.435   3.610  -5.819   9.430
 91 158 20 31 30  -6.248   3.600  -6.064   9.436
 91 158 20 32 30  -6.832   2.895  -5.447   9.231
 91 158 20 33 30  -7.372   2.333  -5.451   9.466
 91 158 20 34 30  -6.447   3.515  -5.923   9.483
 91 158 20 35 30  -5.467   4.403  -6.236   9.404
 91 158 20 36 30  -5.986   3.514  -6.038   9.241
 91 158 20 37 30  -6.775   2.250  -5.284   9.056
 91 158 20 38 30  -7.152   2.961  -4.805   9.208
 91 158 20 39 30  -7.135   3.412  -5.217   9.479
 91 158 20 40 30  -7.216   3.487  -5.177   9.558
 91 158 20 41 30  -7.283   1.935  -5.750   9.512
 91 158 20 42 30  -6.637   2.131  -5.267   8.755
 91 158 20 43 30  -6.811   1.850  -4.413   8.341
 91 158 20 44 30  -6.988  -0.035  -4.218   8.213
 91 158 20 45 30  -6.791   1.217  -4.360   8.290
 91 158 20 46 30  -5.905   4.550  -4.938   9.038
 91 158 20 47 30  -5.717   5.036  -4.802   9.007
 91 158 20 48 30  -5.744   4.943  -4.966   9.064
 91 158 20 49 30  -5.670   4.847  -5.113   9.065
 91 158 20 50 30  -6.126   4.186  -5.101   9.070
 91 158 20 51 30  -5.152   5.206  -5.348   9.113
 91 158 20 52 30  -6.469   3.720  -5.124   9.072
 91 158 20 53 30  -6.415   3.579  -4.860   8.831
 91 158 20 54 30  -6.450   2.011  -4.951   8.393
 91 158 20 55 30  -6.173   2.888  -4.904   8.466
 91 158 20 56 30  -6.375   1.681  -4.991   8.302
 91 158 20 57 30  -6.227   1.685  -4.984   8.159
 91 158 20 58 30  -6.473   1.637  -5.124   8.421
 91 158 20 59 30  -6.361   1.046  -5.198   8.313
 91 158 21 00 30  -6.837   0.030  -4.897   8.420
 91 158 21 01 30  -6.735  -0.439  -4.821   8.371
 91 158 21 02 30  -6.495   1.550  -4.877   8.274
 91 158 21 03 30  -6.514   1.099  -4.760   8.164
 91 158 21 04 30  -5.246   2.545  -4.602   7.504
 91 158 21 05 30  -4.670   4.002  -4.429   7.590
 91 158 21 06 30  -4.500   4.615  -4.615   7.931
 91 158 21 07 30  -3.659   5.200  -4.600   7.860
 91 158 21 08 30  -3.453   5.137  -4.843   7.861
 91 158 21 09 30  -3.325   5.311  -4.790   7.889
 91 158 21 10 30  -3.303   5.725  -4.244   7.861
 91 158 21 11 30  -2.811   6.075  -3.773   7.694
 91 158 21 12 30  -4.063   4.502  -4.236   7.481
 91 158 21 13 30  -4.530   3.128  -4.305   6.997
 91 158 21 14 30  -3.728   2.197  -3.600   5.656
 91 158 21 15 30  -2.345   1.467  -2.124   3.670
 91 158 21 16 30  -0.649  -0.149  -0.789   1.769
 91 158 21 17 30   1.326  -2.871   0.822   3.491
 91 158 21 18 30   1.256  -2.363   0.376   3.828
 91 158 21 19 30  -1.847   0.426  -1.523   2.526
 91 158 21 20 30  -2.938   0.181  -2.429   3.889
 91 158 21 21 30  -3.545  -0.081  -2.775   4.630
 91 158 21 22 30  -2.397  -2.081  -3.316   4.770
 91 158 21 23 30  -1.708  -4.668  -3.888   6.393
 91 158 21 24 30  -1.077  -6.142  -4.384   7.643
 91 158 21 25 30  -1.445  -6.972  -5.545   9.030
 91 158 21 26 30  -1.595  -7.262  -5.624   9.347
 91 158 21 27 30  -1.825  -7.649  -5.380   9.593
 91 158 21 28 30  -2.488  -7.196  -5.717   9.611
 91 158 21 29 30   0.048  -8.342  -4.403   9.694
 91 158 21 30 30   1.894  -9.420  -2.504   9.935
 91 158 21 31 30   2.034  -9.198  -2.705   9.814
 91 158 21 32 30   2.777  -8.639  -3.377   9.785
 91 158 21 33 30   2.948  -8.724  -3.895  10.005
 91 158 21 34 30   2.844  -8.746  -4.100  10.070
 91 158 21 38 30   2.473  -8.908  -3.630   9.932
 91 158 21 39 30   2.364  -8.965  -3.715   9.990
 91 158 21 40 30   2.295  -9.087  -3.423   9.980
 91 158 21 43 30   2.486  -8.760  -3.752   9.852
 91 158 21 44 30   2.466  -9.018  -3.631  10.044
 91 158 21 45 30   2.065  -9.272  -3.325  10.066
 91 158 21 46 30   2.281  -9.042  -3.549   9.984
 91 158 21 47 30   2.361  -8.964  -3.581   9.939
 91 158 21 48 30   2.139  -8.831  -3.774   9.840
 91 158 21 49 30   2.010  -9.023  -3.439   9.865
 91 158 21 50 30   2.264  -8.731  -3.698   9.751
 91 158 21 51 30   2.284  -8.805  -3.494   9.751
 91 158 21 52 30   2.572  -9.057  -3.460  10.033
 91 158 21 53 30   2.769  -9.290  -3.888  10.453
 91 158 21 54 30   2.507  -9.504  -4.332  10.751
 91 158 21 55 30   2.546  -9.831  -4.136  10.968
 91 158 21 56 30   2.910  -9.799  -3.709  10.893
 91 158 21 57 30   3.301  -9.832  -3.625  10.992
 91 158 21 58 30   2.942  -9.819  -4.050  11.025
 91 158 21 59 30   2.808  -9.758  -4.287  11.026
 91 158 22 00 30   2.286  -9.734  -4.613  11.013
 91 158 22 01 30   1.442  -9.454  -5.228  10.910
 91 158 22 02 30   1.414  -9.306  -5.288  10.799
 91 158 22 03 30   1.259  -9.299  -5.338  10.801
 91 158 22 04 30   1.475  -9.326  -5.299  10.830
 91 158 22 05 30   1.606  -9.387  -5.321  10.918
 91 158 22 06 30   2.272  -9.881  -3.987  10.902
 91 158 22 07 30   2.051  -9.574  -4.686  10.862
 91 158 22 08 30   2.017  -9.441  -4.955  10.855
 91 158 22 09 30   3.376  -8.815  -3.715  10.327
 91 158 22 10 30   5.271  -7.897  -2.074   9.723
 91 158 22 11 30   5.237  -7.821  -1.838   9.593
 91 158 22 12 30   5.149  -7.654  -1.794   9.398
 91 158 22 13 30   5.018  -7.620  -1.721   9.285
 91 158 22 14 30   4.931  -7.556  -2.032   9.255
 91 158 22 15 30   4.406  -7.650  -2.637   9.235
 91 158 22 16 30   3.956  -7.608  -3.456   9.277
 91 158 22 17 30   3.359  -8.093  -2.647   9.225
 91 158 22 18 30   3.565  -7.878  -3.004   9.156
 91 158 22 19 30   3.604  -7.859  -2.699   9.066
 91 158 22 20 30   1.115  -7.901  -4.620   9.407
 91 158 22 21 30   0.021  -8.083  -5.451   9.752
 91 158 22 22 30   0.077  -8.093  -5.286   9.695
 91 158 22 23 30  -0.624  -7.707  -5.745   9.644
 91 158 22 24 30  -1.144  -7.364  -6.093   9.628
 91 158 22 25 30  -1.498  -7.311  -6.124   9.657
 91 158 22 26 30  -1.667  -7.366  -5.939   9.610
 91 158 22 27 30  -1.439  -7.299  -6.099   9.622
 91 158 22 28 30  -0.652  -7.642  -5.901   9.691
 91 158 22 29 30  -0.959  -7.619  -5.830   9.649
 91 158 22 30 30  -0.087  -7.728  -5.647   9.596
 91 158 22 31 30  -1.669  -7.556  -5.390   9.444
 91 158 22 32 30  -1.843  -7.495  -5.430   9.449
 91 158 22 33 30  -0.462  -8.021  -4.684   9.340
 91 158 22 34 30  -0.095  -8.162  -4.689   9.424
 91 158 22 35 30  -0.140  -8.206  -5.075   9.660
 91 158 22 36 30  -0.075  -8.053  -4.760   9.362
 91 158 22 37 30  -0.144  -7.845  -4.646   9.132
 91 158 22 38 30  -0.775  -7.291  -5.081   8.934
 91 158 22 39 30  -0.994  -7.138  -5.209   8.899
 91 158 22 40 30  -1.057  -7.270  -5.178   9.010
 91 158 22 41 30  -0.747  -7.507  -4.868   8.985
 91 158 22 42 30  -0.845  -7.224  -5.175   8.930
 91 158 22 43 30  -0.946  -7.290  -5.074   8.937
 91 158 22 44 30  -0.798  -7.202  -5.048   8.833
 91 158 22 45 30  -0.459  -7.224  -4.873   8.728
 91 158 22 46 30  -0.462  -7.549  -4.646   8.880
 91 158 22 47 30  -0.007  -7.671  -4.503   8.898
 91 158 22 48 30  -0.180  -7.681  -4.435   8.879
 91 158 22 49 30  -0.113  -7.568  -4.410   8.764
 91 158 22 50 30  -0.006  -7.499  -4.571   8.784
 91 158 22 51 30  -0.033  -7.607  -4.365   8.772
 91 158 22 52 30   0.077  -7.779  -4.000   8.749
 91 158 22 53 30  -0.004  -7.723  -4.177   8.781
 91 158 22 54 30   0.376  -7.566  -4.508   8.818
 91 158 22 55 30   0.272  -7.600  -4.622   8.902
 91 158 22 56 30   0.336  -7.758  -4.443   8.948
 91 158 22 57 30   0.485  -7.738  -4.406   8.918
 91 158 22 58 30   0.472  -7.652  -4.475   8.877
 91 158 22 59 30   0.428  -7.641  -4.479   8.868
 91 158 23 00 30   0.469  -7.467  -4.618   8.793
 91 158 23 01 30   0.561  -7.373  -4.668   8.746
 91 158 23 02 30   0.643  -7.392  -4.662   8.763
 91 158 23 03 30   0.643  -7.352  -4.749   8.778
 91 158 23 04 30   0.524  -7.250  -4.727   8.673
 91 158 23 05 30   0.512  -7.279  -4.619   8.639
 91 158 23 06 30   0.485  -7.342  -4.514   8.635
 91 158 23 07 30   0.782  -7.232  -4.532   8.574
 91 158 23 08 30   1.043  -7.285  -4.454   8.603
 91 158 23 09 30   0.677  -7.384  -4.327   8.596
 91 158 23 10 30   0.148  -7.396  -4.459   8.641
 91 158 23 11 30   0.309  -7.395  -4.435   8.637
 91 158 23 12 30   0.979  -7.510  -4.169   8.648
 91 158 23 13 30   0.834  -7.536  -4.063   8.646
 91 158 23 14 30  -2.249  -6.732  -4.891   8.638
 91 158 23 15 30  -2.019  -6.782  -5.082   8.717
 91 158 23 16 30  -2.119  -6.613  -5.296   8.743
 91 158 23 17 30  -2.941  -6.596  -4.754   8.661
 91 158 23 18 30  -2.816  -6.546  -4.931   8.668
 91 158 23 19 30  -2.285  -6.431  -5.359   8.691
 91 158 23 20 30  -2.104  -6.574  -5.195   8.644
 91 158 23 21 30  -0.864  -6.853  -4.908   8.555
 91 158 23 22 30  -0.261  -7.211  -4.504   8.509
 91 158 23 23 30  -0.699  -6.958  -4.573   8.359
 91 158 23 24 30   1.069  -7.013  -3.317   7.930
 91 158 23 25 30   1.820  -7.323  -2.863   8.082
 91 158 23 26 30   1.414  -7.360  -2.826   8.014
 91 158 23 27 30   1.282  -7.311  -2.946   7.991
 91 158 23 28 30   1.128  -7.392  -3.241   8.155
 91 158 23 29 30   1.212  -7.326  -3.516   8.224
 91 158 23 30 30   1.299  -7.162  -3.759   8.193
 91 158 23 31 30   1.200  -6.920  -4.127   8.149
 91 158 23 32 30   1.364  -7.078  -3.827   8.169
 91 158 23 33 30   1.540  -7.092  -3.456   8.049
 91 158 23 34 30   1.817  -7.176  -3.130   8.056
 91 158 23 35 30   1.730  -7.314  -2.887   8.056
 91 158 23 36 30   1.353  -7.217  -3.184   8.013
 91 158 23 37 30   1.201  -7.363  -3.220   8.132
 91 158 23 38 30   0.000  -7.136  -4.084   8.260
 91 158 23 39 30  -0.097  -7.058  -4.263   8.266
 91 158 23 40 30  -0.591  -6.273  -4.994   8.050
 91 158 23 41 30  -0.651  -6.033  -5.624   8.295
 91 158 23 42 30  -0.323  -5.656  -5.361   7.814
 91 158 23 43 30  -0.360  -5.904  -5.362   7.991
 91 158 23 44 30  -0.252  -5.769  -5.285   7.833
 91 158 23 45 30  -0.150  -6.197  -5.618   8.374
 91 158 23 46 30   0.053  -6.664  -4.841   8.253
 91 158 23 47 30   0.110  -6.329  -4.264   7.714
 91 158 23 48 30  -0.410  -5.254  -5.213   7.416
 91 158 23 49 30  -0.274  -5.148  -5.060   7.275
 91 158 23 50 30   0.712  -5.787  -3.575   6.856
 91 158 23 51 30   1.238  -5.978  -2.565   6.728
 91 158 23 52 30  -0.659  -4.756  -4.097   6.503
 91 158 23 53 30   3.177  -6.566  -0.858   7.369
 91 158 23 54 30   3.292  -7.174  -1.281   8.021
 91 158 23 55 30   2.839  -7.516  -1.529   8.190
 91 158 23 56 30   2.693  -7.126  -1.458   7.825
 91 158 23 57 30   2.874  -7.019  -1.044   7.741
 91 158 23 58 30   3.162  -6.767  -0.639   7.518
 91 158 23 59 30   2.894  -6.619  -0.928   7.294
