 91 160 00 00 30   1.438  -3.167  -1.351   3.731
 91 160 00 01 30   1.479  -3.228  -1.392   3.815
 91 160 00 02 30   1.389  -3.309  -1.572   3.918
 91 160 00 03 30   1.436  -3.213  -1.403   3.789
 91 160 00 04 30   1.420  -3.076  -1.316   3.637
 91 160 00 05 30   1.400  -3.027  -1.288   3.577
 91 160 00 06 30   1.585  -3.164  -1.436   3.820
 91 160 00 07 30   1.775  -3.294  -1.485   4.025
 91 160 00 08 30   1.728  -3.287  -1.559   4.028
 91 160 00 09 30   1.728  -3.076  -1.401   3.797
 91 160 00 10 30   1.837  -3.106  -1.455   3.892
 91 160 00 11 30   1.917  -3.124  -1.421   3.932
 91 160 00 12 30   1.896  -3.211  -1.381   3.977
 91 160 00 13 30   1.770  -3.087  -1.294   3.787
 91 160 00 14 30   1.736  -2.992  -1.097   3.631
 91 160 00 15 30   1.878  -2.980  -1.188   3.719
 91 160 00 16 30   1.997  -3.296  -1.268   4.058
 91 160 00 17 30   2.024  -3.271  -1.203   4.031
 91 160 00 18 30   1.973  -3.382  -1.236   4.107
 91 160 00 19 30   2.240  -3.276  -1.256   4.168
 91 160 00 20 30   2.373  -3.230  -1.193   4.182
 91 160 00 21 30   2.328  -3.307  -1.093   4.190
 91 160 00 22 30   2.431  -3.244  -1.063   4.193
 91 160 00 23 30   2.559  -3.208  -0.881   4.199
 91 160 00 24 30   2.235  -3.386  -0.660   4.122
 91 160 00 25 30   1.789  -3.194  -0.771   3.758
 91 160 00 26 30   1.484  -3.188  -0.960   3.647
 91 160 00 27 30   1.290  -3.171  -1.056   3.583
 91 160 00 28 30   1.328  -3.327  -1.053   3.734
 91 160 00 29 30   1.364  -3.170  -0.964   3.583
 91 160 00 30 30   1.375  -3.124  -0.876   3.524
 91 160 00 31 30   1.304  -2.860  -0.806   3.246
 91 160 00 32 30   1.434  -2.929  -0.444   3.295
 91 160 00 33 30   1.338  -3.067  -0.782   3.437
 91 160 00 34 30   1.363  -3.089  -0.785   3.466
 91 160 00 35 30   1.385  -3.091  -0.711   3.461
 91 160 00 36 30   1.379  -2.997  -0.772   3.389
 91 160 00 37 30   1.438  -2.967  -0.854   3.406
 91 160 00 38 30   1.407  -2.979  -0.782   3.387
 91 160 00 39 30   1.455  -2.960  -0.885   3.416
 91 160 00 40 30   1.572  -2.928  -0.750   3.408
 91 160 00 41 30   1.674  -2.879  -0.656   3.395
 91 160 00 42 30   1.708  -2.942  -0.531   3.447
 91 160 00 43 30   1.570  -3.120  -0.809   3.588
 91 160 00 44 30   1.147  -3.011  -1.340   3.493
 91 160 00 45 30   1.323  -3.067  -0.869   3.452
 91 160 00 46 30   1.213  -3.305  -1.435   3.804
 91 160 00 47 30   1.248  -3.349  -1.471   3.866
 91 160 00 48 30   1.113  -3.480  -1.357   3.898
 91 160 00 49 30   1.161  -3.505  -1.258   3.901
 91 160 00 50 30   1.193  -3.437  -1.091   3.800
 91 160 00 51 30   1.118  -3.399  -1.017   3.728
 91 160 00 52 30   1.198  -3.386  -1.360   3.843
 91 160 00 53 30   0.949  -3.483  -1.332   3.849
 91 160 00 54 30   0.913  -3.566  -1.442   3.954
 91 160 00 55 30   1.018  -3.451  -1.473   3.888
 91 160 00 56 30   1.062  -3.229  -1.306   3.645
 91 160 00 57 30   1.116  -3.379  -1.447   3.842
 91 160 00 58 30   1.289  -3.493  -1.422   3.987
 91 160 00 59 30   1.336  -3.438  -1.310   3.917
 91 160 01 00 30   1.566  -3.431  -1.151   3.949
 91 160 01 01 30   1.691  -3.388  -1.034   3.929
 91 160 01 02 30   2.271  -3.073  -0.386   3.848
 91 160 01 03 30   2.321  -3.002  -0.260   3.805
 91 160 01 04 30   2.386  -3.036  -0.190   3.868
 91 160 01 05 30   2.370  -2.992  -0.204   3.831
 91 160 01 06 30   2.005  -3.140  -0.739   3.803
 91 160 01 07 30   1.820  -3.232  -0.931   3.831
 91 160 01 08 30   1.708  -3.282  -1.146   3.889
 91 160 01 09 30   2.008  -3.225  -0.739   3.895
 91 160 01 10 30   1.079  -3.396  -1.500   3.867
 91 160 01 11 30   1.212  -3.416  -1.386   3.882
 91 160 01 12 30   1.407  -3.316  -1.193   3.800
 91 160 01 13 30   1.617  -3.296  -0.932   3.788
 91 160 01 14 30   1.507  -3.332  -0.984   3.788
 91 160 01 15 30   1.512  -3.303  -1.008   3.771
 91 160 01 16 30   1.568  -3.311  -1.005   3.800
 91 160 01 17 30   1.556  -3.344  -0.980   3.816
 91 160 01 18 30   1.578  -3.163  -0.882   3.644
 91 160 01 19 30   1.430  -3.334  -1.164   3.812
 91 160 01 20 30   1.419  -3.343  -1.161   3.818
 91 160 01 21 30   1.630  -3.331  -1.245   3.916
 91 160 01 22 30   1.623  -3.377  -1.106   3.907
 91 160 01 23 30   1.673  -3.382  -1.107   3.933
 91 160 01 24 30   1.615  -3.431  -1.116   3.956
 91 160 01 25 30   1.750  -3.466  -0.988   4.008
 91 160 01 26 30   1.719  -3.499  -1.067   4.050
 91 160 01 27 30   2.008  -3.490  -0.806   4.108
 91 160 01 28 30   1.865  -3.578  -0.863   4.126
 91 160 01 29 30   1.806  -3.589  -0.875   4.112
 91 160 01 30 30   1.803  -3.542  -0.841   4.063
 91 160 01 31 30   1.956  -3.255  -1.141   3.993
 91 160 01 32 30   2.096  -3.065  -1.411   3.982
 91 160 01 33 30   2.013  -3.186  -1.263   3.981
 91 160 01 34 30   1.918  -3.313  -1.144   3.996
 91 160 01 35 30   1.839  -3.338  -1.227   4.005
 91 160 01 36 30   1.682  -3.440  -1.188   4.010
 91 160 01 37 30   1.910  -3.350  -0.812   3.943
 91 160 01 38 30   1.750  -3.409  -0.805   3.916
 91 160 01 39 30   1.753  -3.397  -0.803   3.908
 91 160 01 40 30   1.722  -3.482  -0.805   3.971
 91 160 01 41 30   1.790  -3.468  -0.931   4.018
 91 160 01 42 30   1.770  -3.456  -0.675   3.947
 91 160 01 43 30   1.642  -3.427  -1.005   3.934
 91 160 01 44 30   1.671  -3.348  -1.085   3.900
 91 160 01 45 30   1.554  -3.372  -1.192   3.902
 91 160 01 46 30   1.650  -3.354  -1.196   3.926
 91 160 01 47 30   1.635  -3.367  -1.256   3.948
 91 160 01 48 30   1.604  -3.436  -1.223   3.985
 91 160 01 49 30   1.611  -3.444  -1.198   3.987
 91 160 01 50 30   1.626  -3.531  -0.755   3.962
 91 160 01 51 30   1.664  -3.514  -0.843   3.981
 91 160 01 52 30   1.718  -3.436  -1.034   3.979
 91 160 01 53 30   1.701  -3.501  -0.952   4.008
 91 160 01 54 30   1.697  -3.533  -0.983   4.042
 91 160 01 55 30   1.634  -3.604  -0.960   4.072
 91 160 01 56 30   1.659  -3.689  -0.859   4.136
 91 160 01 57 30   1.614  -3.717  -0.801   4.131
 91 160 01 58 30   1.675  -3.692  -0.601   4.100
 91 160 01 59 30   1.755  -3.564  -0.734   4.055
 91 160 02 00 30   1.798  -3.505  -0.911   4.045
 91 160 02 01 30   1.810  -3.477  -0.935   4.033
 91 160 02 02 30   1.751  -3.511  -1.068   4.070
 91 160 02 03 30   1.852  -3.495  -1.092   4.105
 91 160 02 04 30   1.823  -3.489  -0.987   4.060
 91 160 02 05 30   1.875  -3.438  -1.083   4.065
 91 160 02 06 30   1.852  -3.526  -0.910   4.100
 91 160 02 07 30   1.364  -3.884  -0.089   4.120
 91 160 02 08 30   1.395  -3.861  -0.194   4.114
 91 160 02 09 30   1.353  -3.795  -0.151   4.059
 91 160 02 10 30   1.523  -3.779  -0.413   4.103
 91 160 02 11 30   1.542  -3.831  -0.287   4.141
 91 160 02 12 30   1.673  -3.710  -0.845   4.161
 91 160 02 13 30   1.617  -3.756  -0.710   4.153
 91 160 02 14 30   1.324  -3.901  -0.606   4.181
 91 160 02 15 30   1.242  -3.987  -0.208   4.185
 91 160 02 16 30   1.423  -3.845  -0.766   4.180
 91 160 02 17 30   1.310  -3.979  -0.276   4.202
 91 160 02 18 30   1.358  -3.944  -0.405   4.192
 91 160 02 19 30   1.342  -3.918  -0.410   4.163
 91 160 02 20 30   1.454  -3.887  -0.484   4.179
 91 160 02 21 30   1.500  -3.837  -0.515   4.155
 91 160 02 22 30   1.418  -3.927  -0.530   4.210
 91 160 02 23 30   1.423  -3.952  -0.559   4.240
 91 160 02 24 30   1.425  -3.912  -0.664   4.217
 91 160 02 25 30   1.511  -3.668  -1.349   4.233
 91 160 02 26 30   1.603  -3.303  -2.158   4.260
 91 160 02 27 30   1.498  -3.378  -2.075   4.241
 91 160 02 28 30   1.352  -3.722  -1.503   4.241
 91 160 02 29 30   1.238  -3.771  -1.417   4.219
 91 160 02 30 30   1.314  -3.727  -1.484   4.225
 91 160 02 31 30   1.352  -3.605  -1.717   4.218
 91 160 02 32 30   1.287  -3.761  -1.515   4.256
 91 160 02 33 30   1.623  -3.501  -1.837   4.275
 91 160 02 34 30   0.563  -3.922  -1.480   4.241
 91 160 02 35 30   0.471  -4.004  -1.447   4.284
 91 160 02 36 30   0.401  -4.028  -1.381   4.277
 91 160 02 37 30   0.523  -4.005  -1.390   4.273
 91 160 02 38 30   0.680  -3.980  -1.383   4.269
 91 160 02 39 30   0.597  -3.920  -1.514   4.249
 91 160 02 40 30   0.805  -3.962  -1.332   4.261
 91 160 02 41 30   0.764  -3.939  -1.407   4.255
 91 160 02 42 30   0.937  -4.016  -1.092   4.269
 91 160 02 43 30   0.981  -3.846  -1.456   4.233
 91 160 02 44 30   0.803  -3.744  -1.766   4.221
 91 160 02 45 30   0.892  -3.772  -1.566   4.183
 91 160 02 46 30   0.905  -3.809  -1.454   4.181
 91 160 02 47 30   1.052  -3.752  -1.547   4.197
 91 160 02 48 30   1.054  -3.764  -1.511   4.193
 91 160 02 49 30   1.322  -3.698  -1.508   4.210
 91 160 02 50 30   1.330  -3.669  -1.475   4.181
 91 160 02 51 30   1.330  -3.670  -1.570   4.209
 91 160 02 52 30   1.229  -3.570  -1.786   4.184
 91 160 02 53 30   1.266  -3.662  -1.655   4.218
 91 160 02 54 30   1.074  -3.693  -1.760   4.235
 91 160 02 55 30   1.228  -3.698  -1.583   4.209
 91 160 02 56 30   1.245  -3.684  -1.606   4.211
 91 160 02 57 30   1.267  -3.596  -1.819   4.225
 91 160 02 58 30   1.290  -3.587  -1.770   4.204
 91 160 02 59 30   1.153  -3.632  -1.802   4.218
 91 160 03 00 30   1.110  -3.590  -1.852   4.196
 91 160 03 01 30   0.477  -3.459  -2.283   4.185
 91 160 03 02 30   0.599  -3.517  -2.200   4.193
 91 160 03 03 30   0.828  -3.560  -2.058   4.209
 91 160 03 04 30   1.378  -3.612  -1.725   4.257
 91 160 03 05 30   1.952  -3.609  -0.914   4.205
 91 160 03 06 30   2.458  -3.409  -0.025   4.223
 91 160 03 07 30   2.536  -3.385   0.002   4.231
 91 160 03 08 30   2.420  -3.305   0.037   4.097
 91 160 03 09 30   2.391  -3.451  -0.028   4.198
 91 160 03 10 30   2.471  -3.472  -0.024   4.262
 91 160 03 11 30   2.380  -3.388  -0.032   4.141
 91 160 03 12 30   2.379  -3.455  -0.019   4.195
 91 160 03 13 30   2.403  -3.493  -0.047   4.240
 91 160 03 14 30   2.367  -3.381  -0.056   4.128
 91 160 03 15 30   2.426  -3.422  -0.035   4.196
 91 160 03 16 30   2.413  -3.324   0.022   4.108
 91 160 03 17 30   2.400  -3.451  -0.083   4.207
 91 160 03 18 30   2.357  -3.550  -0.328   4.275
 91 160 03 19 30   2.380  -3.433  -0.225   4.184
 91 160 03 20 30   2.450  -3.555  -0.286   4.327
 91 160 03 21 30   2.339  -3.468  -0.235   4.190
 91 160 03 22 30   2.427  -3.600  -0.226   4.348
 91 160 03 23 30   2.248  -3.796  -0.169   4.416
 91 160 03 24 30   2.290  -3.719  -0.198   4.372
 91 160 03 25 30   2.345  -3.606  -0.223   4.308
 91 160 03 26 30   2.336  -3.626  -0.223   4.319
 91 160 03 27 30   2.343  -3.618  -0.194   4.315
 91 160 03 28 30   2.434  -3.622  -0.234   4.370
 91 160 03 29 30   2.487  -3.639  -0.241   4.415
 91 160 03 30 30   2.508  -3.630  -0.217   4.418
 91 160 03 31 30   2.490  -3.677  -0.267   4.449
 91 160 03 32 30   2.464  -3.741  -0.352   4.494
 91 160 03 33 30   2.438  -3.756  -0.335   4.491
 91 160 03 34 30   2.429  -3.728  -0.305   4.460
 91 160 03 35 30   2.482  -3.756  -0.310   4.514
 91 160 03 36 30   2.474  -3.736  -0.530   4.513
 91 160 03 37 30   2.429  -3.699  -0.598   4.466
 91 160 03 38 30   2.490  -3.732  -0.653   4.534
 91 160 03 39 30   2.394  -3.853  -0.619   4.579
 91 160 03 40 30   2.374  -3.832  -0.698   4.562
 91 160 03 41 30   2.251  -3.833  -0.610   4.492
 91 160 03 42 30   2.199  -3.919  -0.537   4.526
 91 160 03 43 30   2.155  -4.001  -0.447   4.568
 91 160 03 44 30   2.119  -4.000  -0.449   4.550
 91 160 03 45 30   2.124  -3.924  -0.722   4.525
 91 160 03 46 30   2.198  -3.889  -0.778   4.534
 91 160 03 47 30   2.124  -3.871  -0.921   4.514
 91 160 03 48 30   2.035  -3.759  -1.184   4.437
 91 160 03 49 30   2.081  -3.773  -0.783   4.381
 91 160 03 50 30   2.037  -3.717  -0.903   4.334
 91 160 03 51 30   2.148  -3.991  -0.772   4.602
 91 160 03 52 30   2.200  -4.043  -0.730   4.677
 91 160 03 53 30   2.154  -3.914  -1.018   4.584
 91 160 03 54 30   2.034  -3.921  -0.952   4.521
 91 160 03 55 30   2.000  -3.929  -0.848   4.490
 91 160 03 56 30   1.996  -3.930  -0.884   4.497
 91 160 03 57 30   2.096  -3.814  -1.180   4.513
 91 160 03 58 30   2.043  -3.933  -1.088   4.566
 91 160 03 59 30   2.073  -3.921  -1.067   4.563
 91 160 04 00 30   1.929  -3.917  -1.380   4.583
 91 160 04 01 30   1.748  -3.912  -1.679   4.602
 91 160 04 02 30   1.744  -3.951  -1.565   4.600
 91 160 04 03 30   1.520  -3.871  -1.958   4.597
 91 160 04 04 30   1.571  -3.933  -1.833   4.617
 91 160 04 05 30   1.628  -3.885  -1.915   4.627
 91 160 04 06 30   1.641  -3.813  -2.003   4.611
 91 160 04 07 30   1.642  -3.581  -2.162   4.496
 91 160 04 08 30   1.492  -3.793  -1.997   4.540
 91 160 04 09 30   1.416  -3.815  -1.933   4.506
 91 160 04 10 30   1.306  -3.852  -1.979   4.524
 91 160 04 11 30   1.306  -3.904  -2.010   4.584
 91 160 04 12 30   1.514  -4.025  -1.746   4.649
 91 160 04 13 30   1.722  -3.919  -1.788   4.641
 91 160 04 14 30   1.635  -4.041  -1.441   4.592
 91 160 04 15 30   1.572  -4.091  -1.574   4.659
 91 160 04 16 30   1.567  -4.033  -1.817   4.693
 91 160 04 17 30   1.581  -4.004  -1.861   4.690
 91 160 04 18 30   1.509  -4.091  -1.697   4.681
 91 160 04 19 30   1.490  -4.125  -1.642   4.688
 91 160 04 20 30   1.559  -4.075  -1.723   4.691
 91 160 04 21 30   1.578  -4.079  -1.728   4.703
 91 160 04 22 30   1.616  -4.088  -1.676   4.705
 91 160 04 23 30   1.724  -4.112  -1.428   4.683
 91 160 04 24 30   1.706  -4.099  -1.465   4.676
 91 160 04 25 30   1.611  -4.023  -1.745   4.672
 91 160 04 26 30   1.526  -3.954  -1.972   4.678
 91 160 04 27 30   1.415  -3.917  -2.084   4.662
 91 160 04 28 30   1.434  -3.971  -1.960   4.670
 91 160 04 29 30   1.637  -4.292  -1.034   4.711
 91 160 04 30 30   1.683  -4.293  -0.861   4.695
 91 160 04 31 30   1.527  -4.081  -1.534   4.623
 91 160 04 32 30   1.504  -4.079  -1.492   4.597
 91 160 04 33 30   1.522  -4.104  -1.452   4.614
 91 160 04 34 30   0.978  -4.056  -2.131   4.686
 91 160 04 35 30   0.973  -4.013  -2.217   4.687
 91 160 04 36 30   1.074  -4.042  -2.012   4.642
 91 160 04 37 30   1.159  -4.061  -1.958   4.655
 91 160 04 38 30   1.184  -4.081  -1.851   4.636
 91 160 04 39 30   1.227  -4.151  -1.824   4.698
 91 160 04 40 30   1.226  -4.062  -1.888   4.645
 91 160 04 41 30   1.211  -3.971  -1.921   4.576
 91 160 04 42 30   1.191  -3.977  -1.934   4.582
 91 160 04 43 30   1.221  -3.962  -1.968   4.591
 91 160 04 44 30   1.273  -3.947  -1.965   4.591
 91 160 04 45 30   1.369  -4.061  -1.756   4.634
 91 160 04 46 30   1.585  -4.117  -1.414   4.635
 91 160 04 47 30   1.538  -4.008  -1.670   4.607
 91 160 04 48 30   1.531  -3.987  -1.727   4.609
 91 160 04 49 30   1.553  -3.955  -1.740   4.602
 91 160 04 50 30   1.348  -3.946  -1.932   4.598
 91 160 04 51 30   1.342  -3.921  -1.975   4.593
 91 160 04 52 30   1.307  -3.939  -2.113   4.659
 91 160 04 53 30   1.358  -3.814  -2.345   4.683
 91 160 04 54 30   1.318  -3.734  -2.502   4.686
 91 160 04 55 30   1.342  -3.666  -2.596   4.689
 91 160 04 56 30   1.316  -3.637  -2.725   4.736
 91 160 04 57 30   1.340  -3.640  -2.751   4.757
 91 160 04 58 30   1.394  -3.805  -2.478   4.751
 91 160 04 59 30   1.272  -3.942  -2.254   4.721
 91 160 05 00 30   1.079  -4.227  -1.884   4.752
 91 160 05 01 30   0.930  -4.176  -2.011   4.730
 91 160 05 02 30   0.879  -4.250  -1.920   4.747
 91 160 05 03 30   0.924  -4.256  -1.952   4.773
 91 160 05 04 30   0.991  -4.257  -1.933   4.779
 91 160 05 05 30   0.939  -4.283  -1.925   4.790
 91 160 05 06 30   0.906  -4.293  -1.931   4.794
 91 160 05 07 30   0.963  -4.287  -1.919   4.795
 91 160 05 08 30   0.968  -4.274  -1.939   4.792
 91 160 05 09 30   1.003  -4.250  -1.960   4.788
 91 160 05 10 30   1.077  -4.220  -2.026   4.804
 91 160 05 11 30   1.124  -4.236  -1.969   4.805
 91 160 05 12 30   1.150  -4.223  -1.990   4.808
 91 160 05 13 30   1.171  -4.221  -1.973   4.805
 91 160 05 14 30   1.166  -4.205  -1.999   4.801
 91 160 05 15 30   1.263  -4.116  -2.084   4.787
 91 160 05 16 30   1.072  -4.233  -2.039   4.819
 91 160 05 17 30   1.029  -4.284  -1.962   4.823
 91 160 05 18 30   0.964  -4.145  -2.140   4.793
 91 160 05 19 30   0.677  -3.707  -2.822   4.709
 91 160 05 20 30   0.690  -3.767  -2.783   4.734
 91 160 05 21 30   0.705  -3.798  -2.746   4.740
 91 160 05 22 30   0.731  -3.753  -2.795   4.738
 91 160 05 23 30   0.812  -3.930  -2.542   4.756
 91 160 05 24 30   0.782  -4.149  -2.226   4.787
 91 160 05 25 30   0.998  -4.003  -2.461   4.806
 91 160 05 26 30   0.810  -3.807  -2.694   4.736
 91 160 05 27 30   0.824  -3.849  -2.678   4.762
 91 160 05 28 30   0.896  -3.884  -2.659   4.792
 91 160 05 29 30   0.969  -3.961  -2.510   4.789
 91 160 05 30 30   0.969  -4.043  -2.345   4.774
 91 160 05 31 30   0.957  -3.975  -2.365   4.725
 91 160 05 32 30   1.102  -4.065  -2.010   4.670
 91 160 05 33 30   1.140  -4.106  -1.924   4.678
 91 160 05 34 30   1.075  -4.058  -2.084   4.688
 91 160 05 35 30   1.063  -4.060  -2.103   4.695
 91 160 05 36 30   1.017  -4.092  -2.126   4.722
 91 160 05 37 30   1.023  -4.103  -2.208   4.771
 91 160 05 38 30   1.024  -4.033  -2.235   4.724
 91 160 05 39 30   1.066  -4.057  -2.163   4.720
 91 160 05 40 30   1.069  -4.015  -2.119   4.668
 91 160 05 41 30   1.064  -4.032  -2.087   4.664
 91 160 05 42 30   1.001  -4.026  -2.110   4.657
 91 160 05 43 30   1.061  -4.062  -2.039   4.670
 91 160 05 44 30   1.095  -4.085  -1.996   4.677
 91 160 05 45 30   1.110  -4.089  -1.964   4.672
 91 160 05 46 30   1.207  -4.119  -1.840   4.673
 91 160 05 47 30   1.219  -4.143  -1.833   4.693
 91 160 05 48 30   1.169  -4.194  -1.767   4.701
 91 160 05 49 30   1.223  -4.155  -1.785   4.687
 91 160 05 50 30   1.254  -4.165  -1.728   4.682
 91 160 05 51 30   1.257  -4.154  -1.782   4.692
 91 160 05 52 30   1.244  -4.161  -1.791   4.699
 91 160 05 53 30   1.280  -4.157  -1.765   4.695
 91 160 05 54 30   1.102  -4.219  -1.736   4.696
 91 160 05 55 30   1.050  -4.202  -1.894   4.728
 91 160 05 56 30   0.979  -4.150  -2.067   4.739
 91 160 05 57 30   1.039  -4.172  -1.982   4.736
 91 160 05 58 30   1.129  -4.096  -1.935   4.669
 91 160 05 59 30   1.179  -4.121  -1.949   4.710
 91 160 06 00 30   1.314  -4.091  -1.923   4.709
 91 160 06 01 30   1.648  -3.996  -1.783   4.679
 91 160 06 02 30   1.545  -4.103  -1.459   4.645
 91 160 06 03 30   1.557  -4.145  -1.401   4.647
 91 160 06 04 30   1.579  -4.115  -1.478   4.650
 91 160 06 06 30   1.414  -4.165  -1.446   4.631
 91 160 06 07 30   1.374  -4.149  -1.479   4.615
 91 160 06 08 30   1.497  -4.112  -1.474   4.619
 91 160 06 09 30   1.507  -4.114  -1.461   4.620
 91 160 06 10 30   1.496  -4.129  -1.428   4.619
 91 160 06 11 30   1.446  -4.173  -1.350   4.619
 91 160 06 12 30   1.462  -4.171  -1.318   4.618
 91 160 06 13 30   1.537  -4.119  -1.421   4.623
 91 160 06 14 30   1.486  -4.155  -1.364   4.620
 91 160 06 15 30   1.587  -4.053  -1.501   4.606
 91 160 06 16 30   1.577  -4.100  -1.469   4.633
 91 160 06 17 30   1.506  -4.145  -1.422   4.634
 91 160 06 19 30   1.613  -4.113  -1.436   4.646
 91 160 06 20 30   1.581  -4.143  -1.361   4.639
 91 160 06 21 30   1.689  -4.113  -1.318   4.637
 91 160 06 22 30   1.678  -4.132  -1.266   4.636
 91 160 06 23 30   1.641  -4.158  -1.217   4.633
 91 160 06 24 30   1.676  -4.168  -1.175   4.643
 91 160 06 25 30   1.657  -4.168  -1.152   4.631
 91 160 06 26 30   1.605  -4.171  -1.072   4.597
 91 160 06 27 30   1.692  -4.151  -0.937   4.581
 91 160 06 28 30   1.720  -4.153  -0.941   4.595
 91 160 06 29 30   1.657  -4.145  -1.142   4.608
 91 160 06 30 30   1.635  -4.175  -1.081   4.613
 91 160 06 31 30   1.681  -4.167  -1.043   4.614
 91 160 06 32 30   1.589  -4.227  -0.902   4.607
 91 160 06 33 30   1.590  -4.249  -0.776   4.603
 91 160 06 34 30   1.666  -4.208  -0.738   4.588
 91 160 06 35 30   1.625  -4.217  -0.760   4.584
 91 160 06 36 30   1.640  -4.211  -0.813   4.592
 91 160 06 37 30   1.632  -4.195  -0.899   4.591
 91 160 06 38 30   1.561  -4.169  -1.060   4.578
 91 160 06 39 30   1.636  -4.155  -1.041   4.586
 91 160 06 40 30   1.623  -4.163  -0.970   4.573
 91 160 06 41 30   1.657  -4.161  -0.916   4.572
 91 160 06 42 30   1.663  -4.142  -0.930   4.562
 91 160 06 43 30   1.689  -4.158  -0.884   4.577
 91 160 06 44 30   1.653  -4.171  -0.861   4.569
 91 160 06 45 30   1.663  -4.175  -0.746   4.556
 91 160 06 46 30   1.700  -4.138  -0.821   4.552
 91 160 06 47 30   1.735  -4.161  -0.740   4.569
 91 160 06 48 30   1.726  -4.189  -0.613   4.573
 91 160 06 49 30   1.710  -4.203  -0.548   4.574
 91 160 06 50 30   1.725  -4.177  -0.676   4.572
 91 160 06 51 30   1.695  -4.205  -0.569   4.570
 91 160 06 52 30   1.698  -4.204  -0.560   4.569
 91 160 06 53 30   1.673  -4.191  -0.611   4.554
 91 160 06 54 30   1.738  -4.149  -0.597   4.539
 91 160 06 55 30   1.703  -4.178  -0.545   4.547
 91 160 06 56 30   1.816  -4.148  -0.428   4.550
 91 160 06 57 30   1.779  -4.164  -0.356   4.544
 91 160 06 58 30   1.786  -4.166  -0.288   4.543
 91 160 06 59 30   1.714  -4.144  -0.429   4.511
 91 160 07 00 30   1.691  -4.132  -0.406   4.484
 91 160 07 01 30   1.663  -4.096  -0.352   4.435
 91 160 07 02 30   1.656  -4.078  -0.262   4.411
 91 160 07 03 30   1.602  -4.108  -0.285   4.421
 91 160 07 04 30   1.588  -4.149  -0.082   4.444
 91 160 07 05 30   1.615  -4.170  -0.271   4.485
 91 160 07 06 30   1.610  -4.170  -0.271   4.481
 91 160 07 07 30   1.656  -4.153  -0.338   4.486
 91 160 07 08 30   1.654  -4.155  -0.180   4.476
 91 160 07 09 30   1.673  -4.159  -0.113   4.488
 91 160 07 10 30   1.648  -4.172  -0.130   4.488
 91 160 07 11 30   1.697  -4.177  -0.074   4.510
 91 160 07 12 30   1.745  -4.188  -0.079   4.539
 91 160 07 13 30   1.648  -4.223  -0.007   4.534
 91 160 07 14 30   1.630  -4.199  -0.003   4.506
 91 160 07 15 30   1.517  -4.230   0.010   4.496
 91 160 07 16 30   1.391  -4.302   0.228   4.531
 91 160 07 22 30   1.380  -4.355   0.320   4.580
 91 160 07 23 30   1.401  -4.356   0.184   4.580
 91 160 07 24 30   1.458  -4.343  -0.028   4.582
 91 160 07 25 30   1.503  -4.330   0.004   4.584
 91 160 07 26 30   1.554  -4.287   0.014   4.562
 91 160 07 27 30   1.303  -4.344   0.161   4.540
 91 160 07 28 30   1.369  -4.335   0.042   4.550
 91 160 07 29 30   1.347  -4.358   0.080   4.563
 91 160 07 33 30   1.238  -4.401  -0.001   4.574
 91 160 07 34 30   1.311  -4.398  -0.103   4.592
 91 160 07 35 30   1.302  -4.426   0.012   4.615
 91 160 07 36 30   1.345  -4.410  -0.241   4.618
 91 160 07 37 30   1.325  -4.359  -0.441   4.581
 91 160 07 38 30   1.367  -4.355  -0.548   4.599
 91 160 07 39 30   1.299  -4.247  -0.737   4.503
 91 160 07 40 30   1.313  -4.301  -0.645   4.544
 91 160 07 41 30   1.313  -4.327  -0.552   4.557
 91 160 07 42 30   1.475  -4.358  -0.621   4.645
 91 160 07 43 30   1.513  -4.368  -0.482   4.656
 91 160 07 44 30   1.412  -4.400  -0.390   4.638
 91 160 07 45 30   1.356  -4.392  -0.304   4.608
 91 160 07 46 30   1.333  -4.415  -0.296   4.621
 91 160 07 47 30   1.335  -4.405  -0.357   4.617
 91 160 07 48 30   1.419  -4.399  -0.366   4.638
 91 160 07 51 30   1.365  -4.415  -0.186   4.627
 91 160 07 52 30   1.386  -4.392  -0.228   4.612
 91 160 07 53 30   1.373  -4.387  -0.221   4.602
 91 160 07 56 30   1.437  -4.414  -0.128   4.644
 91 160 07 57 30   1.441  -4.435  -0.056   4.664
 91 160 07 58 30   1.371  -4.440   0.011   4.648
 91 160 07 59 30   1.299  -4.403  -0.415   4.611
 91 160 08 00 30   1.103  -4.351  -0.663   4.542
 91 160 08 01 30   1.263  -4.227  -0.963   4.519
 91 160 08 02 30   1.091  -4.280  -0.925   4.515
 91 160 08 03 30   0.776  -4.404  -0.846   4.553
 91 160 08 04 30   0.601  -4.391  -1.068   4.579
 91 160 08 05 30   0.712  -4.017  -2.197   4.636
 91 160 08 06 30   0.706  -4.065  -2.043   4.606
 91 160 08 07 30   0.669  -3.989  -2.129   4.572
 91 160 08 08 30   0.733  -4.021  -2.075   4.585
 91 160 08 09 30   0.886  -3.978  -2.085   4.578
 91 160 08 10 30   0.864  -3.980  -2.112   4.591
 91 160 08 11 30   0.846  -3.887  -2.290   4.592
 91 160 08 12 30   0.800  -3.971  -2.199   4.613
 91 160 08 13 30   1.005  -4.171  -1.528   4.558
 91 160 08 14 30   1.049  -4.199  -1.327   4.529
 91 160 08 15 30   1.004  -4.209  -1.332   4.530
 91 160 08 16 30   1.104  -4.262  -1.061   4.535
 91 160 08 17 30   1.219  -4.254  -0.862   4.509
 91 160 08 18 30   1.261  -4.280  -0.676   4.513
 91 160 08 19 30   1.323  -4.217  -0.584   4.459
 91 160 08 20 30   1.414  -4.183  -0.575   4.454
 91 160 08 21 30   1.294  -4.214  -0.624   4.453
 91 160 08 22 30   1.287  -4.210  -0.668   4.455
 91 160 08 23 30   1.322  -4.234  -0.593   4.476
 91 160 08 24 30   1.366  -4.262  -0.459   4.502
 91 160 08 25 30   1.403  -4.306  -0.255   4.539
 91 160 08 26 30   1.417  -4.305   0.136   4.536
 91 160 08 27 30   1.440  -4.291  -0.009   4.542
 91 160 08 28 30   1.429  -4.194   0.149   4.448
 91 160 08 29 30   1.432  -4.127   0.438   4.393
 91 160 08 30 30   1.334  -4.009   0.575   4.267
 91 160 08 31 30   1.292  -3.907   1.092   4.266
 91 160 08 32 30   1.299  -3.997  -0.033   4.243
 91 160 08 33 30   1.398  -3.937  -0.361   4.196
 91 160 08 34 30   1.334  -3.917  -0.496   4.178
 91 160 08 35 30   1.204  -4.027  -0.296   4.222
 91 160 08 36 30   1.160  -4.047  -0.375   4.249
 91 160 08 37 30   1.000  -4.070  -0.704   4.254
 91 160 08 38 30   0.953  -4.022  -1.013   4.257
 91 160 08 39 30   1.106  -3.894  -0.707   4.130
 91 160 08 40 30   0.835  -3.174  -0.914   3.442
 91 160 08 41 30   0.592  -2.747  -1.015   3.237
 91 160 08 42 30  -0.260  -2.063  -2.570   3.323
 91 160 08 43 30  -0.295  -1.517  -2.809   3.213
 91 160 08 44 30  -0.143  -2.390  -2.130   3.233
 91 160 08 45 30  -0.170  -2.288  -2.159   3.197
 91 160 08 46 30  -0.553  -1.768  -2.332   3.044
 91 160 08 47 30  -1.154  -1.335  -2.121   2.834
 91 160 08 48 30  -0.595  -2.016  -2.004   3.017
 91 160 08 49 30   0.525  -2.690  -1.709   3.233
 91 160 08 50 30   0.708  -2.673  -1.724   3.264
 91 160 08 51 30   0.683  -2.716  -1.767   3.315
 91 160 08 52 30   0.812  -2.603  -1.881   3.325
 91 160 08 53 30   0.839  -2.651  -1.889   3.363
 91 160 08 54 30   0.697  -2.588  -1.921   3.306
 91 160 08 55 30   0.149  -2.668  -1.931   3.302
 91 160 08 56 30  -0.246  -2.775  -1.742   3.288
 91 160 08 57 30  -0.121  -2.699  -1.659   3.175
 91 160 08 58 30  -0.270  -2.713  -1.596   3.160
 91 160 08 59 30  -0.241  -2.442  -1.868   3.090
 91 160 09 00 30  -0.324  -2.437  -1.915   3.123
 91 160 09 01 30  -0.347  -2.392  -1.806   3.022
 91 160 09 02 30  -0.349  -2.552  -1.936   3.223
 91 160 09 03 30  -0.506  -2.435  -1.998   3.193
 91 160 09 04 30  -0.704  -2.375  -1.999   3.185
 91 160 09 05 30  -0.707  -2.335  -2.121   3.234
 91 160 09 06 30  -0.669  -2.363  -2.116   3.247
 91 160 09 07 30  -0.459  -2.461  -2.060   3.244
 91 160 09 08 30  -0.676  -2.144  -1.962   3.028
 91 160 09 09 30  -0.175  -2.575  -1.589   3.049
 91 160 09 10 30  -0.101  -2.530  -1.700   3.055
 91 160 09 11 30  -0.104  -2.499  -1.716   3.039
 91 160 09 12 30  -0.149  -2.636  -1.688   3.137
 91 160 09 13 30  -0.224  -2.714  -1.577   3.151
 91 160 09 14 30   0.020  -2.790  -1.284   3.077
 91 160 09 15 30   0.287  -2.909  -0.928   3.141
 91 160 09 16 30   0.600  -3.004  -0.834   3.303
 91 160 09 17 30  -0.128  -3.176  -0.909   3.353
 91 160 09 18 30  -0.204  -3.035  -0.988   3.234
 91 160 09 19 30   1.783  -2.690   0.245   3.260
 91 160 09 20 30   2.220  -2.469   0.446   3.364
 91 160 09 21 30   2.258  -2.345   0.346   3.288
 91 160 09 22 30   1.801  -2.442   0.395   3.068
 91 160 09 23 30   1.676  -2.588   0.591   3.144
 91 160 09 24 30   1.606  -2.690   0.581   3.191
 91 160 09 25 30   1.460  -2.849   0.379   3.243
 91 160 09 26 30   1.400  -3.033   0.005   3.345
 91 160 09 27 30   1.430  -3.050   0.449   3.401
 91 160 09 28 30   1.493  -3.021   0.518   3.410
 91 160 09 29 30   1.606  -3.146   0.414   3.558
 91 160 09 30 30   1.570  -3.002   0.683   3.474
 91 160 09 31 30   1.606  -3.113   0.647   3.564
 91 160 09 32 30   1.660  -3.083   0.532   3.543
 91 160 09 33 30   1.637  -3.167   0.532   3.606
 91 160 09 34 30   1.746  -3.211   0.515   3.692
 91 160 09 35 30   1.744  -3.343   0.456   3.799
 91 160 09 36 30   1.890  -3.390   0.540   3.921
 91 160 09 37 30   2.197  -3.246   0.804   4.008
 91 160 09 38 30   2.100  -3.380   0.691   4.039
 91 160 09 39 30   2.093  -3.357   0.867   4.053
 91 160 09 40 30   2.058  -3.300   1.097   4.042
 91 160 09 41 30   2.175  -3.297   0.922   4.058
 91 160 09 42 30   2.110  -3.261   1.096   4.046
 91 160 09 43 30   1.998  -3.307   1.220   4.054
 91 160 09 44 30   2.035  -3.341   1.080   4.060
 91 160 09 45 30   1.886  -3.239   1.292   3.976
 91 160 09 46 30   1.962  -3.400   0.614   3.983
 91 160 09 47 30   1.985  -3.376   0.593   3.965
 91 160 09 48 30   1.904  -3.428   0.652   3.978
 91 160 09 51 30   2.569  -2.791   1.753   4.179
 91 160 09 52 30   2.657  -2.583   1.858   4.148
 91 160 09 53 30   2.610  -2.583   1.925   4.149
 91 160 09 54 30   2.588  -2.641   2.002   4.208
 91 160 09 55 30   2.654  -2.614   2.018   4.241
 91 160 09 56 30   2.539  -2.492   2.029   4.102
 91 160 09 57 30   2.522  -2.146   2.356   4.068
 91 160 09 58 30   2.502  -2.016   2.501   4.081
 91 160 09 59 30   2.512  -1.767   2.613   4.041
 91 160 10 00 30   2.520  -1.925   2.443   4.005
 91 160 10 01 30   2.583  -2.245   2.003   3.968
 91 160 10 02 30   2.550  -2.434   1.807   3.965
 91 160 10 03 30   2.556  -2.618   1.573   3.983
 91 160 10 04 30   2.584  -2.656   1.425   3.971
 91 160 10 05 30   2.540  -2.658   1.449   3.957
 91 160 10 06 30   2.468  -2.875   1.292   4.008
 91 160 10 07 30   2.394  -3.040   1.060   4.016
 91 160 10 08 30   2.398  -3.006   1.123   4.008
 91 160 10 09 30   2.416  -2.934   1.186   3.981
 91 160 10 10 30   2.426  -2.872   1.340   3.992
 91 160 10 11 30   2.461  -3.031   1.070   4.051
 91 160 10 12 30   2.382  -3.250   0.860   4.121
 91 160 10 13 30   2.333  -3.337   0.696   4.135
 91 160 10 14 30   2.335  -3.292   0.876   4.131
 91 160 10 15 30   2.219  -3.433   0.024   4.126
 91 160 10 16 30   2.063  -3.539   0.067   4.102
 91 160 10 17 30   1.880  -3.561  -0.068   4.032
 91 160 10 18 30   1.759  -3.685   0.351   4.100
 91 160 10 19 30   1.758  -3.672   0.271   4.081
 91 160 10 20 30   1.722  -3.672   0.172   4.062
 91 160 10 21 30   1.695  -3.758  -0.100   4.127
 91 160 10 22 30   1.613  -3.760  -0.157   4.097
 91 160 10 23 30   1.508  -3.800  -0.466   4.116
 91 160 10 24 30   1.432  -3.862  -0.602   4.169
 91 160 10 25 30   1.332  -3.893  -0.676   4.170
 91 160 10 26 30   1.405  -3.891  -0.642   4.186
 91 160 10 27 30   1.435  -3.902  -0.712   4.219
 91 160 10 28 30   1.362  -4.005  -0.629   4.277
 91 160 10 32 30   1.235  -3.989  -0.812   4.255
 91 160 10 33 30   1.292  -3.985  -0.958   4.298
 91 160 10 34 30   1.325  -4.098  -0.833   4.388
 91 160 10 35 30   1.375  -4.101  -0.722   4.385
 91 160 10 37 30   1.269  -4.126  -0.688   4.372
 91 160 10 38 30   1.366  -4.072  -0.683   4.352
 91 160 10 39 30   1.453  -4.128  -0.235   4.395
 91 160 10 40 30   1.851  -3.982   0.419   4.420
 91 160 10 41 30   1.700  -3.996   0.353   4.387
 91 160 10 42 30   1.496  -4.172  -0.614   4.481
 91 160 10 43 30   1.584  -4.185  -0.571   4.511
 91 160 10 44 30   1.560  -4.207  -0.477   4.513
 91 160 10 45 30   1.588  -4.221  -0.566   4.547
 91 160 10 46 30   1.628  -4.262  -0.556   4.605
 91 160 10 47 30   1.669  -4.341  -0.342   4.665
 91 160 10 48 30   1.764  -4.291  -0.371   4.654
 91 160 10 49 30   1.705  -4.312  -0.362   4.653
 91 160 10 50 30   1.672  -4.279  -0.271   4.606
 91 160 10 51 30   1.629  -4.234  -0.412   4.560
 91 160 10 52 30   1.438  -4.258  -0.625   4.545
 91 160 10 53 30   1.180  -4.329  -0.933   4.584
 91 160 10 54 30   1.132  -4.314  -1.089   4.592
 91 160 10 55 30   1.107  -4.325  -1.080   4.594
 91 160 10 56 30   1.073  -4.342  -1.057   4.596
 91 160 10 57 30   1.109  -4.324  -1.042   4.584
 91 160 10 58 30   1.150  -4.317  -1.062   4.593
 91 160 10 59 30   1.227  -4.339  -0.960   4.610
 91 160 11 00 30   1.233  -4.348  -0.896   4.607
 91 160 11 01 30   1.229  -4.335  -0.894   4.594
 91 160 11 02 30   1.142  -4.340  -0.908   4.580
 91 160 11 03 30   1.049  -4.377  -0.962   4.603
 91 160 11 04 30   1.048  -4.344  -1.158   4.616
 91 160 11 05 30   1.087  -4.369  -0.784   4.571
 91 160 11 06 30   1.098  -4.359  -0.806   4.567
 91 160 11 07 30   1.127  -4.384  -0.888   4.613
 91 160 11 08 30   1.121  -4.368  -0.915   4.601
 91 160 11 09 30   1.105  -4.406  -0.787   4.612
 91 160 11 10 30   1.088  -4.437  -0.685   4.620
 91 160 11 11 30   1.121  -4.426  -0.694   4.619
 91 160 11 12 30   1.126  -4.427  -0.646   4.614
 91 160 11 13 30   1.121  -4.412  -0.707   4.607
 91 160 11 14 30   1.121  -4.405  -0.725   4.603
 91 160 11 15 30   1.120  -4.415  -0.629   4.598
 91 160 11 16 30   1.125  -4.374  -0.634   4.561
 91 160 11 17 30   1.229  -4.331  -0.668   4.552
 91 160 11 18 30   1.204  -4.345  -0.637   4.553
 91 160 11 19 30   1.153  -4.367  -0.635   4.561
 91 160 11 20 30   1.141  -4.363  -0.641   4.555
 91 160 11 21 30   1.124  -4.364  -0.621   4.549
 91 160 11 22 30   1.156  -4.352  -0.608   4.544
 91 160 11 23 30   1.195  -4.334  -0.652   4.542
 91 160 11 24 30   1.173  -4.345  -0.615   4.543
 91 160 11 25 30   1.165  -4.344  -0.618   4.541
 91 160 11 26 30   1.161  -4.353  -0.536   4.537
 91 160 11 27 30   1.140  -4.315  -0.625   4.511
 91 160 11 28 30   1.042  -4.319  -0.887   4.531
 91 160 11 29 30   1.062  -4.350  -0.802   4.549
 91 160 11 30 30   1.054  -4.350  -0.843   4.555
 91 160 11 31 30   1.053  -4.433  -0.663   4.607
 91 160 11 32 30   1.151  -4.422  -0.522   4.599
 91 160 11 33 30   1.225  -4.403  -0.467   4.594
 91 160 11 34 30   1.191  -4.404  -0.569   4.598
 91 160 11 35 30   1.190  -4.385  -0.628   4.587
 91 160 11 36 30   1.196  -4.360  -0.629   4.566
 91 160 11 37 30   1.192  -4.346  -0.649   4.554
 91 160 11 38 30   1.263  -4.367  -0.563   4.584
 91 160 11 39 30   1.304  -4.344  -0.394   4.553
 91 160 11 40 30   1.333  -4.282  -0.305   4.495
 91 160 11 41 30   1.375  -4.243  -0.343   4.473
 91 160 11 42 30   1.359  -4.267  -0.385   4.494
 91 160 11 43 30   1.343  -4.293  -0.357   4.512
 91 160 11 44 30   1.327  -4.222  -0.519   4.460
 91 160 11 45 30   1.237  -4.237  -0.554   4.453
 91 160 11 46 30   1.316  -4.225  -0.490   4.454
 91 160 11 47 30   1.395  -4.240  -0.362   4.479
 91 160 11 48 30   1.313  -4.214  -0.448   4.437
 91 160 11 49 30   1.214  -4.232  -0.448   4.426
 91 160 11 50 30   1.247  -4.240  -0.491   4.447
 91 160 11 51 30   1.258  -4.206  -0.634   4.436
 91 160 11 52 30   1.321  -4.196  -0.538   4.432
 91 160 11 53 30   1.308  -4.190  -0.532   4.422
 91 160 11 54 30   1.335  -4.193  -0.503   4.430
 91 160 11 55 30   1.260  -4.195  -0.578   4.421
 91 160 11 56 30   1.406  -4.138  -0.426   4.393
 91 160 11 57 30   1.386  -4.139  -0.445   4.388
 91 160 11 58 30   1.400  -4.132  -0.486   4.389
 91 160 11 59 30   1.406  -4.126  -0.546   4.393
 91 160 12 00 30   1.310  -4.145  -0.545   4.382
 91 160 12 01 30   1.386  -4.106  -0.568   4.371
 91 160 12 02 30   1.336  -4.090  -0.543   4.338
 91 160 12 03 30   1.410  -4.051  -0.602   4.334
 91 160 12 04 30   1.365  -4.084  -0.662   4.362
 91 160 12 05 30   1.462  -4.018  -0.813   4.355
 91 160 12 06 30   1.456  -4.014  -0.832   4.350
 91 160 12 07 30   1.406  -4.035  -0.693   4.329
 91 160 12 08 30   1.391  -4.006  -0.712   4.301
 91 160 12 09 30   1.408  -4.003  -0.792   4.318
 91 160 12 10 30   1.448  -3.980  -0.814   4.313
 91 160 12 11 30   1.393  -3.988  -0.818   4.305
 91 160 12 12 30   1.275  -4.050  -0.731   4.310
 91 160 12 13 30   1.298  -4.042  -0.723   4.308
 91 160 12 14 30   1.445  -3.967  -0.984   4.337
 91 160 12 15 30   1.348  -3.989  -0.923   4.311
 91 160 12 17 30   1.331  -4.048  -0.471   4.288
 91 160 12 18 30   1.533  -3.930  -0.715   4.283
 91 160 12 19 30   1.661  -3.855  -0.754   4.268
 91 160 12 20 30   1.635  -3.880  -0.674   4.268
 91 160 12 21 30   1.505  -3.915  -0.774   4.268
 91 160 12 22 30   1.497  -3.942  -0.595   4.261
 91 160 12 23 30   1.481  -3.999  -0.162   4.270
 91 160 12 24 30   1.399  -3.989  -0.081   4.246
 91 160 12 25 30   1.395  -3.983  -0.123   4.232
 91 160 12 26 30   1.329  -4.015  -0.178   4.241
 91 160 12 27 30   1.155  -3.950  -1.080   4.258
 91 160 12 28 30   1.101  -3.967  -1.073   4.255
 91 160 12 29 30   1.290  -3.971  -0.884   4.275
 91 160 12 30 30   1.243  -3.983  -0.922   4.275
 91 160 12 31 30   1.202  -4.002  -0.831   4.263
 91 160 12 32 30   1.123  -4.004  -0.906   4.257
 91 160 12 33 30   1.099  -4.020  -0.800   4.247
 91 160 12 34 30   1.326  -3.924  -0.862   4.236
 91 160 12 35 30   1.311  -3.932  -0.646   4.205
 91 160 12 36 30   1.395  -3.852  -0.970   4.225
 91 160 12 37 30   1.254  -3.892  -1.035   4.227
 91 160 12 38 30   1.219  -3.887  -0.920   4.198
 91 160 12 39 30   1.076  -3.860  -1.187   4.183
 91 160 12 40 30   1.171  -3.761  -1.407   4.187
 91 160 12 41 30   1.272  -3.814  -1.173   4.194
 91 160 12 42 30   1.287  -3.879  -0.762   4.194
 91 160 12 43 30   0.993  -3.891  -1.320   4.239
 91 160 12 44 30   1.071  -3.942  -1.135   4.241
 91 160 12 45 30   0.991  -3.917  -1.207   4.220
 91 160 12 46 30   0.916  -3.989  -1.097   4.238
 91 160 12 47 30   0.767  -3.985  -1.207   4.235
 91 160 12 48 30   0.900  -3.941  -1.273   4.241
 91 160 12 49 30   0.842  -3.948  -1.283   4.239
 91 160 12 50 30   0.488  -3.834  -1.710   4.233
 91 160 12 51 30   0.535  -3.925  -1.485   4.234
 91 160 12 52 30   0.652  -3.892  -1.518   4.230
 91 160 12 53 30   0.660  -3.869  -1.572   4.233
 91 160 12 54 30   0.720  -3.859  -1.584   4.238
 91 160 12 55 30   0.799  -3.926  -1.349   4.237
 91 160 12 56 30   1.018  -3.962  -1.062   4.231
 91 160 12 57 30   1.287  -3.922  -0.946   4.238
 91 160 12 58 30   1.234  -3.951  -0.866   4.230
 91 160 12 59 30   1.170  -4.007  -0.873   4.265
 91 160 13 03 30   1.353  -4.031  -0.807   4.329
 91 160 13 04 30   1.424  -4.042  -0.787   4.358
 91 160 13 05 30   1.413  -4.050  -0.853   4.379
 91 160 13 06 30   1.632  -4.038  -0.442   4.391
 91 160 13 07 30   1.518  -4.044  -0.646   4.376
 91 160 13 08 30   1.797  -3.962  -0.445   4.382
 91 160 13 09 30   1.799  -3.969  -0.330   4.376
 91 160 13 10 30   1.766  -3.984  -0.370   4.377
 91 160 13 11 30   1.580  -4.035  -0.523   4.378
 91 160 13 12 30   1.500  -4.070  -0.511   4.372
 91 160 13 13 30   1.718  -3.966  -0.671   4.377
 91 160 13 14 30   1.425  -4.080  -0.568   4.361
 91 160 13 15 30   1.546  -4.034  -0.504   4.352
 91 160 13 16 30   1.541  -4.030  -0.545   4.352
 91 160 13 17 30   1.391  -4.105  -0.357   4.351
 91 160 13 18 30   1.481  -4.086  -0.235   4.353
 91 160 13 19 30   1.484  -4.081  -0.423   4.367
 91 160 13 20 30   1.495  -4.063  -0.384   4.350
 91 160 13 21 30   1.449  -4.054  -0.471   4.333
 91 160 13 22 30   1.602  -4.004  -0.244   4.321
 91 160 13 23 30   1.664  -3.963  -0.234   4.306
 91 160 13 24 30   1.575  -3.979  -0.280   4.304
 91 160 13 25 30   1.958  -3.789   0.234   4.272
 91 160 13 26 30   2.095  -3.694   0.415   4.274
 91 160 13 27 30   2.146  -3.611   0.803   4.288
 91 160 13 28 30   2.178  -3.681   0.519   4.312
 91 160 13 29 30   2.196  -3.729  -0.013   4.334
 91 160 13 30 30   2.063  -3.830  -0.291   4.360
 91 160 13 31 30   2.086  -3.843  -0.250   4.381
 91 160 13 32 30   2.097  -3.800   0.009   4.341
 91 160 13 33 30   2.330  -3.663   0.734   4.406
 91 160 13 34 30   2.379  -3.585   0.877   4.391
 91 160 13 35 30   2.406  -3.616   0.644   4.392
 91 160 13 36 30   2.376  -3.633   0.638   4.388
 91 160 13 37 30   2.383  -3.611   0.639   4.374
 91 160 13 38 30   2.374  -3.603   0.609   4.358
 91 160 13 39 30   2.343  -3.641   0.628   4.376
 91 160 13 40 30   2.354  -3.626   0.615   4.367
 91 160 13 41 30   2.310  -3.633   0.722   4.366
 91 160 13 42 30   2.447  -3.560   0.430   4.346
 91 160 13 43 30   2.367  -3.591   0.471   4.327
 91 160 13 44 30   2.396  -3.592   0.486   4.345
 91 160 13 45 30   2.389  -3.598   0.401   4.338
 91 160 13 46 30   2.411  -3.541   0.283   4.295
 91 160 13 47 30   2.454  -3.478   0.224   4.264
 91 160 13 48 30   2.484  -3.419   0.070   4.228
 91 160 13 49 30   2.326  -3.541   0.403   4.257
 91 160 13 50 30   2.367  -3.517   0.346   4.254
 91 160 13 51 30   2.435  -3.492   0.246   4.265
 91 160 13 52 30   2.467  -3.459   0.148   4.252
 91 160 13 53 30   2.477  -3.403   0.298   4.221
 91 160 13 54 30   2.387  -3.502   0.372   4.255
 91 160 13 55 30   2.361  -3.506   0.437   4.251
 91 160 13 56 30   2.401  -3.481   0.337   4.243
 91 160 13 57 30   2.362  -3.533   0.319   4.262
 91 160 13 58 30   2.331  -3.535   0.283   4.245
 91 160 13 59 30   2.338  -3.563   0.317   4.275
 91 160 14 00 30   2.367  -3.543   0.336   4.275
 91 160 14 01 30   2.349  -3.569   0.295   4.283
 91 160 14 02 30   2.223  -3.630   0.295   4.268
 91 160 14 03 30   2.117  -3.642   0.292   4.223
 91 160 14 04 30   2.265  -3.553   0.384   4.233
 91 160 14 05 30   2.507  -3.420   0.269   4.250
 91 160 14 06 30   2.553  -3.388   0.260   4.251
 91 160 14 07 30   2.551  -3.346   0.173   4.213
 91 160 14 08 30   2.497  -3.378   0.245   4.211
 91 160 14 09 30   2.661  -3.263   0.176   4.215
 91 160 14 10 30   2.571  -3.321   0.272   4.208
 91 160 14 11 30   2.553  -3.336   0.357   4.216
 91 160 14 12 30   2.531  -3.335   0.375   4.204
 91 160 14 13 30   2.486  -3.349   0.436   4.194
 91 160 14 14 30   2.481  -3.366   0.366   4.200
 91 160 14 15 30   2.412  -3.424   0.292   4.199
 91 160 14 16 30   2.419  -3.394   0.374   4.185
 91 160 14 17 30   2.485  -3.358   0.335   4.192
 91 160 14 18 30   2.463  -3.363   0.356   4.184
 91 160 14 19 30   2.484  -3.352   0.407   4.193
 91 160 14 20 30   2.477  -3.345   0.460   4.189
 91 160 14 21 30   2.410  -3.385   0.476   4.186
 91 160 14 22 30   2.366  -3.490   0.374   4.236
 91 160 14 23 30   2.412  -3.519   0.397   4.287
 91 160 14 24 30   2.403  -3.528   0.415   4.290
 91 160 14 25 30   2.337  -3.567   0.424   4.286
 91 160 14 26 30   2.440  -3.489   0.482   4.286
 91 160 14 27 30   2.474  -3.421   0.484   4.250
 91 160 14 28 30   2.488  -3.386   0.474   4.228
 91 160 14 29 30   2.497  -3.374   0.461   4.223
 91 160 14 30 30   2.486  -3.381   0.472   4.223
 91 160 14 31 30   2.505  -3.369   0.569   4.239
 91 160 14 32 30   2.507  -3.358   0.517   4.223
 91 160 14 33 30   2.505  -3.315   0.581   4.197
 91 160 14 34 30   2.467  -3.297   0.704   4.178
 91 160 14 35 30   2.455  -3.311   0.636   4.171
 91 160 14 36 30   2.507  -3.294   0.580   4.181
 91 160 14 37 30   2.554  -3.272   0.530   4.184
 91 160 14 38 30   2.542  -3.281   0.486   4.179
 91 160 14 39 30   2.477  -3.336   0.483   4.185
 91 160 14 40 30   2.566  -3.240   0.422   4.155
 91 160 14 41 30   2.513  -3.279   0.428   4.154
 91 160 14 42 30   2.513  -3.307   0.395   4.173
 91 160 14 43 30   2.507  -3.336   0.382   4.191
 91 160 14 44 30   2.533  -3.342   0.282   4.203
 91 160 14 45 30   2.563  -3.330   0.274   4.211
 91 160 14 46 30   2.641  -3.221   0.454   4.191
 91 160 14 47 30   2.553  -3.319   0.319   4.200
 91 160 14 48 30   2.543  -3.323   0.362   4.201
 91 160 14 49 30   2.483  -3.384   0.102   4.200
 91 160 14 50 30   2.481  -3.372   0.217   4.193
 91 160 14 51 30   2.474  -3.435   0.065   4.237
 91 160 14 52 30   2.411  -3.469   0.153   4.229
 91 160 14 53 30   2.425  -3.459   0.136   4.227
 91 160 14 54 30   2.435  -3.426   0.084   4.204
 91 160 14 55 30   2.422  -3.439   0.200   4.214
 91 160 14 56 30   2.319  -3.495   0.288   4.205
 91 160 14 57 30   2.372  -3.454   0.343   4.205
 91 160 14 58 30   2.286  -3.529   0.416   4.226
 91 160 14 59 30   2.201  -3.572   0.416   4.217
 91 160 15 00 30   2.325  -3.504   0.449   4.230
 91 160 15 01 30   2.361  -3.472   0.576   4.238
 91 160 15 02 30   2.339  -3.472   0.478   4.215
 91 160 15 03 30   2.404  -3.425   0.472   4.212
 91 160 15 04 30   2.396  -3.386   0.382   4.166
 91 160 15 05 30   2.367  -3.415   0.240   4.162
 91 160 15 06 30   2.381  -3.396   0.190   4.153
 91 160 15 07 30   2.472  -3.334   0.347   4.167
 91 160 15 08 30   2.623  -3.254   0.549   4.216
 91 160 15 09 30   2.599  -3.258   0.563   4.206
 91 160 15 10 30   2.641  -3.212   0.593   4.201
 91 160 15 11 30   2.597  -3.257   0.489   4.195
 91 160 15 12 30   2.621  -3.201   0.499   4.169
 91 160 15 13 30   2.710  -3.145   0.763   4.222
 91 160 15 14 30   2.739  -3.100   0.804   4.214
 91 160 15 15 30   2.702  -3.142   0.546   4.182
 91 160 15 16 30   2.690  -3.128   0.604   4.171
 91 160 15 17 30   2.754  -3.052   0.721   4.175
 91 160 15 18 30   2.741  -3.010   0.873   4.164
 91 160 15 19 30   2.719  -3.014   0.866   4.151
 91 160 15 20 30   2.709  -3.018   0.881   4.150
 91 160 15 21 30   2.682  -3.065   0.925   4.177
 91 160 15 22 30   2.695  -3.094   0.873   4.195
 91 160 15 23 30   2.685  -3.035   0.957   4.164
 91 160 15 24 30   2.644  -3.113   0.918   4.187
 91 160 15 25 30   2.680  -3.133   0.846   4.210
 91 160 15 26 30   2.560  -3.158   0.939   4.173
 91 160 15 27 30   2.616  -3.130   0.942   4.187
 91 160 15 28 30   2.554  -3.189   0.881   4.182
 91 160 15 29 30   2.626  -3.129   0.956   4.195
 91 160 15 30 30   2.642  -3.078   0.985   4.175
 91 160 15 31 30   2.634  -3.014   1.134   4.161
 91 160 15 32 30   2.672  -2.960   1.126   4.147
 91 160 15 33 30   2.663  -3.121   0.706   4.164
 91 160 15 34 30   2.709  -3.112   0.591   4.171
 91 160 15 35 30   2.686  -3.110   0.649   4.161
 91 160 15 36 30   2.664  -3.121   0.734   4.168
 91 160 15 37 30   2.686  -3.090   0.796   4.172
 91 160 15 38 30   2.762  -2.972   1.098   4.204
 91 160 15 39 30   2.785  -2.990   1.140   4.242
 91 160 15 40 30   2.757  -2.968   1.130   4.205
 91 160 15 41 30   2.780  -2.952   1.112   4.205
 91 160 15 42 30   2.762  -2.954   1.125   4.198
 91 160 15 43 30   2.748  -2.978   1.064   4.190
 91 160 15 44 30   2.726  -2.979   0.977   4.155
 91 160 15 45 30   2.677  -2.985   0.997   4.133
 91 160 15 46 30   2.680  -2.950   0.978   4.110
 91 160 15 47 30   2.728  -2.886   1.099   4.121
 91 160 15 48 30   2.793  -2.906   1.040   4.164
 91 160 15 49 30   2.807  -2.976   0.758   4.162
 91 160 15 50 30   2.738  -3.022   0.786   4.155
 91 160 15 51 30   2.728  -2.933   1.111   4.158
 91 160 15 52 30   2.727  -2.960   1.092   4.171
 91 160 15 53 30   2.710  -2.957   1.119   4.164
 91 160 15 54 30   2.775  -2.940   1.009   4.167
 91 160 15 55 30   2.798  -2.968   0.865   4.170
 91 160 15 56 30   2.746  -3.043   0.769   4.171
 91 160 15 57 30   2.739  -3.038   0.902   4.190
 91 160 15 58 30   2.827  -2.952   1.029   4.216
 91 160 15 59 30   2.799  -2.946   1.115   4.215
 91 160 16 00 30   2.803  -2.952   1.163   4.234
 91 160 16 01 30   2.814  -3.034   0.943   4.245
 91 160 16 02 30   2.828  -3.037   0.803   4.228
 91 160 16 03 30   2.826  -3.020   0.873   4.230
 91 160 16 04 30   2.789  -2.963   0.990   4.189
 91 160 16 05 30   2.813  -2.858   1.123   4.165
 91 160 16 06 30   2.827  -2.784   1.207   4.148
 91 160 16 07 30   2.816  -2.805   1.218   4.157
 91 160 16 09 30   2.744  -2.926   1.129   4.169
 91 160 16 10 30   2.757  -2.902   1.153   4.166
 91 160 16 11 30   2.760  -2.885   1.127   4.149
 91 160 16 12 30   2.785  -2.821   1.145   4.127
 91 160 16 13 30   2.810  -2.766   1.186   4.118
 91 160 16 14 30   2.852  -2.722   1.211   4.125
 91 160 16 15 30   2.856  -2.726   1.236   4.137
 91 160 16 16 30   2.901  -2.654   1.251   4.128
 91 160 16 17 30   2.781  -2.804   1.043   4.086
 91 160 16 18 30   2.782  -2.759   1.028   4.050
 91 160 16 19 30   2.825  -2.707   1.074   4.058
 91 160 16 20 30   2.839  -2.652   1.184   4.063
 91 160 16 21 30   2.840  -2.574   1.274   4.042
 91 160 16 22 30   2.758  -2.506   1.428   3.992
 91 160 16 23 30   2.729  -2.583   1.330   3.987
 91 160 16 24 30   2.725  -2.588   1.315   3.982
 91 160 16 25 30   2.753  -2.624   1.225   3.996
 91 160 16 26 30   2.826  -2.276   1.686   4.009
 91 160 16 27 30   2.772  -2.213   1.870   4.011
 91 160 16 28 30   2.795  -2.286   1.702   3.997
 91 160 16 29 30   2.847  -2.144   1.777   3.985
 91 160 16 30 30   2.855  -2.357   1.430   3.973
 91 160 16 31 30   2.866  -2.358   1.417   3.973
 91 160 16 32 30   2.880  -2.325   1.460   3.981
 91 160 16 33 30   2.921  -2.229   1.606   4.010
 91 160 16 34 30   2.943  -2.151   1.707   4.026
 91 160 16 35 30   2.913  -2.125   1.773   4.018
 91 160 16 36 30   2.921  -2.091   1.812   4.024
 91 160 16 37 30   2.906  -2.071   1.851   4.020
 91 160 16 38 30   2.904  -2.140   1.783   4.024
 91 160 16 39 30   2.925  -2.106   1.778   4.019
 91 160 16 40 30   2.871  -2.127   1.831   4.015
 91 160 16 41 30   2.883  -2.049   1.868   4.001
 91 160 16 42 30   2.886  -1.985   1.894   3.982
 91 160 16 43 30   2.913  -1.952   1.866   3.973
 91 160 16 44 30   2.901  -1.959   1.876   3.972
 91 160 16 45 30   2.854  -1.985   1.914   3.969
 91 160 16 46 30   2.867  -1.909   1.988   3.978
 91 160 16 47 30   2.851  -1.906   1.988   3.966
 91 160 16 48 30   2.749  -1.945   2.016   3.927
 91 160 16 49 30   2.650  -2.185   1.854   3.904
 91 160 16 50 30   2.623  -2.267   1.753   3.887
 91 160 16 51 30   2.595  -2.337   1.757   3.910
 91 160 16 52 30   2.559  -2.442   1.650   3.905
 91 160 16 53 30   2.598  -2.321   1.747   3.900
 91 160 16 54 30   2.389  -2.636   1.562   3.887
 91 160 16 55 30   2.371  -2.665   1.534   3.884
 91 160 16 56 30   2.386  -2.588   1.615   3.874
 91 160 16 57 30   2.488  -2.433   1.709   3.877
 91 160 16 58 30   2.370  -2.586   1.635   3.872
 91 160 16 59 30   2.492  -2.454   1.677   3.879
 91 160 17 00 30   2.435  -2.511   1.680   3.881
 91 160 17 01 30   2.445  -2.460   1.716   3.870
 91 160 17 02 30   2.465  -2.451   1.700   3.870
 91 160 17 03 30   2.472  -2.430   1.718   3.869
 91 160 17 04 30   2.512  -2.384   1.731   3.872
 91 160 17 05 30   2.527  -2.363   1.753   3.878
 91 160 17 06 30   2.552  -2.317   1.756   3.870
 91 160 17 07 30   2.561  -2.219   1.851   3.862
 91 160 17 08 30   2.634  -2.109   1.883   3.867
 91 160 17 09 30   2.474  -2.288   1.862   3.851
 91 160 17 10 30   2.595  -2.058   1.970   3.855
 91 160 17 11 30   2.565  -1.996   2.081   3.861
 91 160 17 12 30   2.518  -2.069   2.037   3.844
 91 160 17 13 30   2.525  -2.049   2.062   3.851
 91 160 17 14 30   2.489  -2.069   2.074   3.845
 91 160 17 15 30   2.558  -2.098   1.957   3.844
 91 160 17 16 30   2.551  -2.098   1.978   3.850
 91 160 17 17 30   2.521  -2.082   2.012   3.839
 91 160 17 18 30   2.497  -2.066   2.075   3.849
 91 160 17 19 30   2.440  -2.092   2.142   3.863
 91 160 17 20 30   2.419  -2.199   2.055   3.862
 91 160 17 21 30   2.452  -2.159   2.057   3.862
 91 160 17 22 30   2.413  -2.219   2.055   3.870
 91 160 17 23 30   2.402  -2.198   2.085   3.867
 91 160 17 24 30   2.394  -2.187   2.111   3.873
 91 160 17 25 30   2.614  -1.924   2.083   3.862
 91 160 17 26 30   2.354  -2.276   2.056   3.869
 91 160 17 27 30   2.349  -2.282   2.064   3.872
 91 160 17 28 30   2.429  -2.248   2.044   3.892
 91 160 17 29 30   2.466  -1.836   2.334   3.875
 91 160 17 30 30   2.538  -1.644   2.426   3.879
 91 160 17 31 30   2.565  -1.653   2.379   3.871
 91 160 17 32 30   2.532  -1.648   2.420   3.873
 91 160 17 33 30   2.503  -1.668   2.434   3.871
 91 160 17 34 30   2.532  -1.595   2.439   3.861
 91 160 17 35 30   2.555  -1.687   2.386   3.882
 91 160 17 36 30   2.556  -1.713   2.348   3.871
 91 160 17 37 30   2.540  -1.603   2.428   3.865
 91 160 17 38 30   2.589  -1.542   2.421   3.866
 91 160 17 39 30   2.548  -1.581   2.427   3.858
 91 160 17 40 30   2.622  -1.502   2.403   3.861
 91 160 17 41 30   2.558  -1.660   2.364   3.861
 91 160 17 42 30   2.611  -1.592   2.363   3.867
 91 160 17 43 30   2.628  -1.498   2.412   3.869
 91 160 17 44 30   2.601  -1.510   2.403   3.851
 91 160 17 45 30   2.581  -1.460   2.453   3.850
 91 160 17 46 30   2.570  -1.553   2.414   3.854
 91 160 17 47 30   2.568  -1.555   2.407   3.849
 91 160 17 48 30   2.474  -1.677   2.445   3.862
 91 160 17 49 30   2.431  -1.692   2.459   3.850
 91 160 17 50 30   2.395  -1.731   2.455   3.842
 91 160 17 51 30   2.373  -1.740   2.476   3.845
 91 160 17 52 30   2.316  -1.804   2.489   3.849
 91 160 17 53 30   2.279  -1.930   2.409   3.838
 91 160 17 54 30   2.285  -1.856   2.452   3.832
 91 160 17 55 30   2.388  -1.713   2.451   3.828
 91 160 17 56 30   2.410  -1.590   2.511   3.827
 91 160 17 57 30   2.454  -1.552   2.493   3.829
 91 160 17 58 30   2.447  -1.609   2.476   3.836
 91 160 17 59 30   2.245  -1.778   2.540   3.829
 91 160 18 00 30   2.257  -1.739   2.581   3.845
 91 160 18 01 30   2.257  -1.707   2.580   3.830
 91 160 18 02 30   2.263  -1.677   2.593   3.829
 91 160 18 03 30   2.316  -1.523   2.634   3.828
 91 160 18 04 30   2.335  -1.365   2.681   3.811
 91 160 18 05 30   2.352  -1.327   2.700   3.822
 91 160 18 06 30   2.364  -1.336   2.677   3.816
 91 160 18 07 30   2.287  -1.288   2.765   3.814
 91 160 18 08 30   2.337  -1.252   2.764   3.832
 91 160 18 09 30   2.381  -1.340   2.665   3.817
 91 160 18 10 30   2.450  -1.272   2.635   3.817
 91 160 18 11 30   2.490  -1.315   2.572   3.816
 91 160 18 12 30   2.472  -1.269   2.596   3.804
 91 160 18 13 30   2.456  -1.384   2.549   3.803
 91 160 18 14 30   2.396  -1.560   2.505   3.803
 91 160 18 15 30   2.541  -1.326   2.517   3.815
 91 160 18 16 30   2.592  -1.174   2.546   3.820
 91 160 18 17 30   2.424  -1.244   2.658   3.808
 91 160 18 18 30   2.309  -1.464   2.641   3.803
 91 160 18 19 30   2.422  -1.439   2.550   3.801
 91 160 18 20 30   2.576  -1.494   2.383   3.817
 91 160 18 21 30   2.672  -1.647   2.164   3.815
 91 160 18 22 30   2.677  -1.640   2.210   3.841
 91 160 18 23 30   2.532  -1.537   2.401   3.819
 91 160 18 24 30   2.414  -1.516   2.556   3.829
 91 160 18 25 30   2.408  -1.410   2.624   3.831
 91 160 18 26 30   2.374  -1.443   2.630   3.826
 91 160 18 27 30   2.300  -1.508   2.667   3.831
 91 160 18 28 30   2.372  -1.500   2.614   3.836
 91 160 18 29 30   2.381  -1.471   2.616   3.833
 91 160 18 30 30   2.531  -1.221   2.603   3.832
 91 160 18 31 30   2.705  -1.155   2.442   3.826
 91 160 18 32 30   2.702  -1.079   2.469   3.818
 91 160 18 33 30   2.584  -1.179   2.565   3.828
 91 160 18 34 30   2.621  -1.108   2.528   3.807
 91 160 18 35 30   2.481  -1.233   2.630   3.823
 91 160 18 36 30   2.598  -0.936   2.590   3.798
 91 160 18 37 30   2.541  -1.138   2.584   3.807
 91 160 18 38 30   2.069  -1.691   2.678   3.794
 91 160 18 39 30   2.249  -1.543   2.590   3.777
 91 160 18 40 30   2.446  -1.194   2.631   3.790
 91 160 18 41 30   2.577  -1.100   2.564   3.803
 91 160 18 42 30   2.535  -1.295   2.559   3.829
 91 160 18 43 30   2.564  -1.345   2.449   3.794
 91 160 18 44 30   2.650  -1.301   2.378   3.793
 91 160 18 45 30   2.631  -1.168   2.504   3.816
 91 160 18 46 30   2.601  -1.122   2.546   3.810
 91 160 18 47 30   2.561  -1.069   2.616   3.814
 91 160 18 48 30   2.537  -1.135   2.605   3.810
 91 160 18 49 30   2.515  -1.139   2.617   3.806
 91 160 18 50 30   2.496  -1.166   2.616   3.800
 91 160 18 51 30   2.467  -1.304   2.572   3.797
 91 160 18 52 30   2.333  -1.396   2.579   3.748
 91 160 18 53 30   2.294  -1.393   2.613   3.747
 91 160 18 54 30   2.362  -2.073   1.603   3.701
 91 160 18 55 30   2.691  -2.163   1.221   3.673
 91 160 18 56 30   2.757  -2.141   1.185   3.688
 91 160 18 57 30   2.757  -2.097   1.263   3.691
 91 160 18 58 30   2.845  -1.718   1.564   3.678
 91 160 18 59 30   2.816  -1.697   1.645   3.679
 91 160 19 00 30   2.746  -2.031   1.410   3.700
 91 160 19 01 30   2.706  -2.111   1.335   3.685
 91 160 19 02 30   2.631  -1.880   1.698   3.657
 91 160 19 03 30   2.672  -1.891   1.632   3.660
 91 160 19 04 30   2.612  -1.865   1.754   3.660
 91 160 19 05 30   2.565  -1.907   1.776   3.660
 91 160 19 06 30   2.557  -1.945   1.776   3.675
 91 160 19 07 30   2.581  -1.948   1.747   3.677
 91 160 19 08 30   2.612  -1.571   2.050   3.686
 91 160 19 09 30   2.637  -0.824   2.434   3.691
 91 160 19 10 30   2.544  -0.575   2.614   3.697
 91 160 19 11 30   2.449  -0.286   2.750   3.698
 91 160 19 12 30   2.517  -0.515   2.638   3.683
 91 160 19 13 30   2.637  -0.550   2.519   3.689
 91 160 19 14 30   2.548  -0.579   2.601   3.688
 91 160 19 15 30   2.527  -0.639   2.612   3.691
 91 160 19 16 30   2.535  -0.706   2.583   3.689
 91 160 19 17 30   2.525  -0.700   2.602   3.695
 91 160 19 18 30   2.417  -0.551   2.721   3.685
 91 160 19 19 30   2.337  -0.402   2.785   3.659
 91 160 19 20 30   2.450  -0.386   2.725   3.685
 91 160 19 21 30   2.359  -0.525   2.759   3.673
 91 160 19 22 30   2.411  -0.481   2.715   3.669
 91 160 19 23 30   2.420  -0.443   2.705   3.659
 91 160 19 24 30   2.470  -0.563   2.639   3.662
 91 160 19 25 30   2.426  -0.945   2.550   3.654
 91 160 19 26 30   2.522  -0.687   2.526   3.640
 91 160 19 27 30   2.513  -0.927   2.471   3.652
 91 160 19 28 30   2.474  -0.487   2.628   3.653
 91 160 19 29 30   2.441  -0.719   2.605   3.652
 91 160 19 30 30   2.530  -0.624   2.552   3.651
 91 160 19 31 30   2.497  -0.684   2.564   3.649
 91 160 19 32 30   2.440  -0.400   2.637   3.618
 91 160 19 33 30   2.378  -0.302   2.667   3.594
 91 160 19 34 30   2.343  -0.293   2.679   3.583
 91 160 19 35 30   2.333  -0.176   2.720   3.590
 91 160 19 36 30   2.307  -0.190   2.726   3.578
 91 160 19 37 30   2.319  -0.317   2.692   3.574
 91 160 19 38 30   2.341  -0.522   2.642   3.568
 91 160 19 39 30   2.377  -0.455   2.625   3.571
 91 160 19 40 30   2.345  -0.377   2.661   3.567
 91 160 19 41 30   2.321  -0.460   2.666   3.566
 91 160 19 42 30   2.359  -0.484   2.614   3.555
 91 160 19 43 30   2.336  -0.629   2.585   3.543
 91 160 19 44 30   2.276  -0.756   2.596   3.536
 91 160 19 45 30   2.302  -0.982   2.508   3.545
 91 160 19 46 30   2.334  -0.791   2.485   3.500
 91 160 19 47 30   2.260  -1.026   2.452   3.491
 91 160 19 48 30   2.152  -1.041   2.518   3.475
 91 160 19 49 30   2.265  -1.076   2.386   3.463
 91 160 19 50 30   2.230  -1.062   2.429   3.465
 91 160 19 51 30   2.228  -1.138   2.392   3.461
 91 160 19 52 30   2.263  -1.184   2.347   3.471
 91 160 19 53 30   2.364  -1.095   2.322   3.491
 91 160 19 54 30   2.301  -0.883   2.464   3.488
 91 160 19 55 30   2.258  -0.825   2.511   3.478
 91 160 19 56 30   2.248  -0.933   2.477   3.474
 91 160 19 57 30   2.055  -0.908   2.651   3.479
 91 160 19 58 30   2.037  -0.736   2.688   3.454
 91 160 19 59 30   2.013  -0.791   2.660   3.429
 91 160 20 00 30   2.042  -0.785   2.624   3.418
 91 160 20 01 30   2.085  -0.820   2.546   3.393
 91 160 20 02 30   2.113  -0.971   2.501   3.420
 91 160 20 03 30   2.116  -0.889   2.506   3.399
 91 160 20 04 30   1.997  -0.878   2.566   3.376
 91 160 20 05 30   2.191  -0.661   2.447   3.366
 91 160 20 06 30   2.304  -0.521   2.424   3.387
 91 160 20 07 30   2.285  -0.553   2.459   3.404
 91 160 20 08 30   2.285  -0.451   2.423   3.363
 91 160 20 09 30   2.346  -0.471   2.335   3.345
 91 160 20 10 30   2.330  -0.412   2.391   3.365
 91 160 20 11 30   2.338  -0.655   2.275   3.330
 91 160 20 12 30   2.262  -0.745   2.303   3.314
 91 160 20 13 30   2.256  -0.640   2.313   3.295
 91 160 20 14 30   2.239  -0.744   2.312   3.306
 91 160 20 15 30   2.223  -0.681   2.364   3.318
 91 160 20 16 30   2.480  -0.399   2.173   3.333
 91 160 20 17 30   2.250  -0.964   2.242   3.331
 91 160 20 18 30   2.202  -1.076   2.255   3.333
 91 160 20 19 30   2.224  -1.124   2.210   3.332
 91 160 20 20 30   2.194  -1.095   2.260   3.335
 91 160 20 21 30   2.211  -1.035   2.255   3.324
 91 160 20 22 30   2.178  -1.089   2.256   3.320
 91 160 20 23 30   2.112  -1.189   2.265   3.319
 91 160 20 24 30   2.194  -0.882   2.398   3.371
 91 160 20 25 30   2.231  -0.800   2.410   3.382
 91 160 20 26 30   2.171  -1.041   2.376   3.384
 91 160 20 27 30   2.135  -1.063   2.420   3.398
 91 160 20 28 30   2.203  -0.978   2.401   3.403
 91 160 20 29 30   2.273  -0.802   2.375   3.386
 91 160 20 30 30   2.298  -0.690   2.417   3.407
 91 160 20 31 30   2.254  -0.744   2.449   3.412
 91 160 20 32 30   2.297  -0.747   2.396   3.403
 91 160 20 33 30   2.319  -0.861   2.312   3.391
 91 160 20 34 30   2.370  -0.938   2.250   3.403
 91 160 20 35 30   2.205  -0.979   2.372   3.384
 91 160 20 36 30   2.300  -0.950   2.324   3.406
 91 160 20 37 30   2.228  -0.753   2.438   3.389
 91 160 20 38 30   2.160  -0.687   2.514   3.386
 91 160 20 39 30   2.273  -0.877   2.359   3.395
 91 160 20 40 30   2.422  -0.834   2.195   3.375
 91 160 20 41 30   2.423  -0.923   2.154   3.373
 91 160 20 42 30   2.381  -0.904   2.194   3.363
 91 160 20 43 30   2.328  -1.019   2.237   3.388
 91 160 20 44 30   2.225  -0.967   2.353   3.382
 91 160 20 45 30   2.205  -1.009   2.330   3.367
 91 160 20 46 30   2.483  -0.979   2.045   3.365
 91 160 20 47 30   2.476  -0.951   2.131   3.404
 91 160 20 48 30   2.586  -0.954   1.989   3.402
 91 160 20 49 30   2.520  -0.911   2.078   3.393
 91 160 20 50 30   2.485  -0.901   2.127   3.397
 91 160 20 51 30   2.489  -0.949   2.059   3.370
 91 160 20 52 30   2.517  -0.915   2.037   3.369
 91 160 20 53 30   2.436  -1.044   2.063   3.364
 91 160 20 54 30   2.404  -1.017   2.110   3.360
 91 160 20 55 30   2.470  -0.854   2.093   3.349
 91 160 20 56 30   2.451  -0.877   2.113   3.355
 91 160 20 57 30   2.374  -0.902   2.213   3.372
 91 160 20 58 30   2.195  -1.398   2.160   3.398
 91 160 20 59 30   1.985  -1.659   2.207   3.403
 91 160 21 00 30   2.310  -1.380   2.036   3.382
 91 160 21 01 30   2.383  -1.304   2.019   3.388
 91 160 21 02 30   2.253  -1.230   2.160   3.357
 91 160 21 03 30   2.217  -1.302   2.161   3.362
 91 160 21 04 30   2.304  -1.249   2.103   3.363
 91 160 21 05 30   2.309  -1.112   2.154   3.350
 91 160 21 06 30   2.309  -1.321   2.035   3.351
 91 160 21 07 30   2.314  -1.477   1.942   3.364
 91 160 21 08 30   2.301  -1.379   2.008   3.352
 91 160 21 09 30   2.213  -1.409   2.052   3.332
 91 160 21 10 30   2.258  -1.439   1.986   3.334
 91 160 21 11 30   2.235  -1.475   1.979   3.331
 91 160 21 12 30   2.303  -1.366   1.959   3.319
 91 160 21 13 30   2.347  -1.364   1.901   3.315
 91 160 21 14 30   2.337  -1.297   1.950   3.314
 91 160 21 15 30   2.388  -1.203   1.981   3.334
 91 160 21 16 30   2.391  -1.175   2.018   3.344
 91 160 21 17 30   2.312  -1.421   1.937   3.335
 91 160 21 18 30   2.295  -1.491   1.918   3.343
 91 160 21 19 30   2.238  -1.355   2.113   3.363
 91 160 21 20 30   2.069  -1.460   2.202   3.357
 91 160 21 21 30   2.162  -1.416   2.146   3.361
 91 160 21 22 30   2.094  -1.539   2.125   3.361
 91 160 21 23 30   2.204  -1.353   2.134   3.358
 91 160 21 24 30   2.168  -1.293   2.228   3.371
 91 160 21 25 30   2.254  -1.337   2.105   3.371
 91 160 21 26 30   2.472  -1.058   2.044   3.379
 91 160 21 27 30   2.231  -1.353   2.163   3.428
 91 160 21 28 30   2.016  -1.603   2.200   3.393
 91 160 21 29 30   1.985  -1.694   2.175   3.400
 91 160 21 30 30   1.788  -1.643   2.353   3.384
 91 160 21 36 30   2.257  -0.696   2.407   3.377
 91 160 21 37 30   2.294  -0.729   2.477   3.455
 91 160 21 38 30   2.304  -0.758   2.472   3.465
 91 160 21 39 30   2.258  -0.796   2.472   3.444
 91 160 21 40 30   2.160  -0.889   2.508   3.428
 91 160 21 41 30   2.160  -0.893   2.499   3.423
 91 160 21 42 30   2.138  -0.958   2.520   3.443
 91 160 21 43 30   2.207  -0.986   2.462   3.451
 91 160 21 44 30   2.285  -0.853   2.455   3.461
 91 160 21 45 30   2.234  -0.782   2.500   3.443
 91 160 21 46 30   2.222  -0.772   2.528   3.455
 91 160 21 47 30   2.202  -0.772   2.521   3.436
 91 160 21 48 30   2.222  -0.793   2.500   3.438
 91 160 21 49 30   2.186  -0.893   2.504   3.443
 91 160 21 50 30   2.195  -0.811   2.521   3.441
 91 160 21 51 30   2.223  -0.865   2.495   3.453
 91 160 21 52 30   2.281  -0.746   2.487   3.457
 91 160 21 53 30   2.282  -0.837   2.505   3.494
 91 160 21 54 30   2.180  -1.082   2.501   3.491
 91 160 21 55 30   2.207  -1.127   2.450   3.486
 91 160 21 56 30   2.151  -1.224   2.468   3.497
 91 160 21 57 30   2.081  -1.199   2.525   3.487
 91 160 21 58 30   2.130  -1.112   2.522   3.485
 91 160 21 59 30   2.121  -1.190   2.495   3.485
 91 160 22 00 30   2.113  -1.194   2.509   3.491
 91 160 22 01 30   2.145  -1.109   2.520   3.490
 91 160 22 02 30   2.168  -0.988   2.554   3.493
 91 160 22 03 30   2.144  -1.072   2.549   3.500
 91 160 22 04 30   2.181  -0.970   2.557   3.498
 91 160 22 05 30   2.185  -0.987   2.533   3.489
 91 160 22 06 30   2.157  -0.939   2.569   3.485
 91 160 22 07 30   2.174  -0.980   2.529   3.477
 91 160 22 08 30   2.150  -0.980   2.529   3.461
 91 160 22 09 30   2.055  -1.086   2.589   3.483
 91 160 22 10 30   2.165  -1.097   2.482   3.472
 91 160 22 11 30   2.153  -1.150   2.477   3.478
 91 160 22 12 30   2.234  -1.089   2.447   3.489
 91 160 22 13 30   2.070  -1.137   2.538   3.468
 91 160 22 14 30   2.049  -1.221   2.516   3.468
 91 160 22 15 30   2.094  -1.156   2.535   3.487
 91 160 22 16 30   2.108  -1.192   2.508   3.487
 91 160 22 17 30   2.169  -1.102   2.488   3.482
 91 160 22 18 30   2.085  -1.142   2.552   3.489
 91 160 22 19 30   2.088  -1.236   2.508   3.491
 91 160 22 20 30   2.079  -1.273   2.488   3.484
 91 160 22 21 30   2.087  -1.288   2.443   3.462
 91 160 22 22 30   2.026  -1.392   2.471   3.488
 91 160 22 23 30   2.081  -1.223   2.520   3.490
 91 160 22 24 30   2.145  -1.113   2.490   3.471
 91 160 22 25 30   2.205  -1.103   2.456   3.481
 91 160 22 26 30   2.235  -1.064   2.387   3.440
 91 160 22 27 30   2.001  -1.154   2.522   3.423
 91 160 22 28 30   1.951  -1.198   2.582   3.452
 91 160 22 29 30   2.226  -1.104   2.391   3.457
 91 160 22 30 30   2.152  -1.064   2.490   3.465
 91 160 22 31 30   2.044  -1.283   2.480   3.462
 91 160 22 32 30   1.928  -1.309   2.555   3.461
 91 160 22 33 30   1.963  -1.220   2.581   3.466
 91 160 22 34 30   2.019  -1.217   2.558   3.479
 91 160 22 35 30   2.064  -1.221   2.506   3.469
 91 160 22 36 30   2.130  -1.182   2.451   3.457
 91 160 22 37 30   2.009  -1.264   2.509   3.455
 91 160 22 38 30   1.942  -1.349   2.511   3.449
 91 160 22 39 30   1.884  -1.310   2.556   3.435
 91 160 22 40 30   1.871  -1.438   2.527   3.458
 91 160 22 41 30   1.928  -1.306   2.538   3.445
 91 160 22 42 30   2.035  -1.181   2.492   3.429
 91 160 22 43 30   2.000  -1.218   2.497   3.427
 91 160 22 44 30   1.913  -1.392   2.469   3.421
 91 160 22 45 30   2.033  -1.355   2.382   3.413
 91 160 22 46 30   1.884  -1.383   2.488   3.415
 91 160 22 47 30   1.881  -1.280   2.525   3.403
 91 160 22 48 30   1.871  -1.295   2.519   3.398
 91 160 22 49 30   1.893  -1.349   2.457   3.387
 91 160 22 50 30   1.759  -1.283   2.555   3.359
 91 160 22 51 30   1.709  -1.330   2.558   3.353
 91 160 22 52 30   1.705  -1.443   2.471   3.333
 91 160 22 53 30   1.860  -1.381   2.390   3.332
 91 160 22 54 30   2.028  -1.398   2.277   3.358
 91 160 22 55 30   2.119  -1.282   2.267   3.363
 91 160 22 56 30   2.071  -1.245   2.293   3.337
 91 160 22 57 30   1.942  -1.153   2.439   3.328
 91 160 22 58 30   2.110  -1.074   2.370   3.352
 91 160 22 59 30   2.195  -1.039   2.284   3.336
 91 160 23 00 30   2.323  -0.876   2.189   3.314
 91 160 23 01 30   2.434  -0.842   2.090   3.322
 91 160 23 02 30   2.400  -0.813   2.118   3.308
 91 160 23 03 30   2.318  -0.986   2.151   3.317
 91 160 23 04 30   2.452  -0.914   2.023   3.311
 91 160 23 05 30   2.473  -0.978   1.994   3.326
 91 160 23 06 30   2.473  -0.903   1.992   3.307
 91 160 23 07 30   2.445  -0.945   2.050   3.332
 91 160 23 08 30   2.423  -0.841   2.077   3.302
 91 160 23 09 30   2.401  -0.835   2.129   3.318
 91 160 23 10 30   2.412  -0.944   2.044   3.302
 91 160 23 11 30   2.318  -0.969   2.116   3.287
 91 160 23 12 30   2.248  -1.000   2.172   3.284
 91 160 23 13 30   2.151  -1.018   2.257   3.283
 91 160 23 14 30   2.181  -1.097   2.223   3.311
 91 160 23 15 30   2.186  -1.189   2.139   3.286
 91 160 23 16 30   2.205  -1.127   2.169   3.295
 91 160 23 17 30   2.221  -1.125   2.135   3.283
 91 160 23 18 30   2.180  -1.121   2.185   3.287
 91 160 23 19 30   2.131  -1.182   2.213   3.295
 91 160 23 20 30   2.149  -1.226   2.140   3.274
 91 160 23 21 30   2.177  -1.267   2.119   3.296
 91 160 23 22 30   2.139  -1.065   2.242   3.278
 91 160 23 23 30   2.281  -1.013   2.151   3.301
 91 160 23 24 30   2.187  -0.934   2.281   3.297
 91 160 23 25 30   2.099  -0.952   2.328   3.281
 91 160 23 26 30   2.103  -1.038   2.309   3.301
 91 160 23 27 30   2.082  -0.968   2.355   3.291
 91 160 23 28 30   2.011  -1.196   2.334   3.318
 91 160 23 29 30   2.041  -1.370   2.250   3.339
 91 160 23 30 30   2.184  -1.232   2.198   3.341
 91 160 23 31 30   2.152  -1.362   2.156   3.339
 91 160 23 32 30   2.156  -1.197   2.230   3.329
 91 160 23 33 30   2.113  -1.281   2.261   3.351
 91 160 23 34 30   2.064  -1.372   2.271   3.365
 91 160 23 35 30   2.140  -1.298   2.240   3.362
 91 160 23 36 30   2.133  -1.202   2.301   3.361
 91 160 23 37 30   2.155  -1.189   2.301   3.371
 91 160 23 38 30   2.119  -1.088   2.319   3.330
 91 160 23 39 30   2.248  -0.806   2.302   3.318
 91 160 23 40 30   2.230  -0.704   2.356   3.322
 91 160 23 41 30   2.038  -0.824   2.515   3.343
 91 160 23 42 30   2.033  -0.777   2.519   3.331
 91 160 23 43 30   1.957  -0.617   2.611   3.322
 91 160 23 44 30   1.958  -0.774   2.560   3.321
 91 160 23 45 30   1.837  -0.596   2.648   3.285
 91 160 23 46 30   2.039  -0.911   2.364   3.267
 91 160 23 47 30   2.054  -1.647   1.949   3.282
 91 160 23 48 30   2.132  -1.768   1.781   3.300
 91 160 23 49 30   2.124  -1.862   1.696   3.301
 91 160 23 50 30   2.019  -1.516   2.112   3.299
 91 160 23 51 30   2.125  -1.666   1.895   3.307
 91 160 23 52 30   2.060  -1.634   1.986   3.302
 91 160 23 53 30   2.061  -1.681   1.962   3.311
 91 160 23 54 30   2.065  -1.391   2.188   3.318
 91 160 23 55 30   2.085  -1.436   2.147   3.321
 91 160 23 56 30   2.209  -1.318   2.092   3.317
 91 160 23 57 30   2.056  -1.222   2.285   3.314
 91 160 23 58 30   1.926  -1.138   2.403   3.291
 91 160 23 59 30   1.910  -1.143   2.451   3.314
