 91 161 00 00 30   2.005  -1.043   2.281   3.216
 91 161 00 01 30   2.225  -1.129   2.026   3.216
 91 161 00 02 30   2.094  -1.092   2.171   3.209
 91 161 00 03 30   2.133  -1.191   2.074   3.206
 91 161 00 04 30   2.225  -1.203   1.925   3.181
 91 161 00 05 30   2.186  -1.058   2.062   3.188
 91 161 00 06 30   1.939  -0.959   2.363   3.206
 91 161 00 07 30   1.909  -1.035   2.352   3.203
 91 161 00 08 30   1.799  -0.998   2.466   3.215
 91 161 00 09 30   1.862  -1.090   2.324   3.173
 91 161 00 10 30   1.884  -1.109   2.274   3.157
 91 161 00 11 30   2.030  -1.008   2.201   3.162
 91 161 00 12 30   1.916  -0.902   2.339   3.157
 91 161 00 13 30   1.836  -1.014   2.389   3.181
 91 161 00 14 30   1.899  -0.995   2.377   3.202
 91 161 00 15 30   1.866  -0.896   2.428   3.195
 91 161 00 16 30   1.797  -0.795   2.515   3.194
 91 161 00 17 30   1.896  -0.896   2.413   3.198
 91 161 00 18 30   1.871  -1.001   2.360   3.178
 91 161 00 19 30   2.074  -1.150   2.116   3.180
 91 161 00 20 30   1.941  -1.154   2.241   3.185
 91 161 00 21 30   1.844  -1.210   2.299   3.187
 91 161 00 22 30   1.996  -1.150   2.225   3.207
 91 161 00 23 30   1.981  -1.093   2.271   3.210
 91 161 00 24 30   2.029  -1.285   2.123   3.211
 91 161 00 25 30   1.796  -1.212   2.397   3.232
 91 161 00 26 30   1.651  -1.241   2.484   3.231
 91 161 00 27 30   1.855  -1.348   2.265   3.224
 91 161 00 28 30   1.963  -1.371   2.142   3.214
 91 161 00 29 30   2.030  -1.307   2.129   3.220
 91 161 00 30 30   1.918  -1.414   2.122   3.194
 91 161 00 31 30   1.944  -1.408   2.085   3.183
 91 161 00 32 30   1.898  -1.405   2.132   3.183
 91 161 00 33 30   1.865  -1.345   2.217   3.195
 91 161 00 34 30   1.815  -1.437   2.156   3.165
 91 161 00 35 30   1.945  -1.217   2.165   3.158
 91 161 00 36 30   2.002  -1.185   2.149   3.169
 91 161 00 37 30   2.034  -1.162   2.094   3.158
 91 161 00 38 30   1.957  -1.274   2.101   3.150
 91 161 00 39 30   2.038  -1.210   2.076   3.155
 91 161 00 40 30   1.915  -1.199   2.140   3.143
 91 161 00 41 30   1.757  -1.570   2.077   3.143
 91 161 00 42 30   1.902  -1.428   2.031   3.133
 91 161 00 43 30   1.806  -1.535   2.012   3.113
 91 161 00 44 30   1.841  -1.412   2.087   3.123
 91 161 00 45 30   1.710  -1.496   2.143   3.126
 91 161 00 46 30   1.378  -1.861   2.118   3.149
 91 161 00 47 30   1.523  -1.780   2.066   3.136
 91 161 00 48 30   1.555  -1.705   2.098   3.126
 91 161 00 49 30   1.322  -2.008   2.021   3.148
 91 161 00 50 30   1.473  -1.941   1.946   3.119
 91 161 00 51 30   1.313  -1.949   2.057   3.125
 91 161 00 52 30   1.369  -1.964   2.005   3.126
 91 161 00 53 30   1.287  -1.919   2.052   3.111
 91 161 00 54 30   1.356  -2.050   1.935   3.130
 91 161 00 55 30   1.441  -1.957   1.998   3.147
 91 161 00 56 30   1.427  -2.003   1.907   3.113
 91 161 00 57 30   1.368  -2.114   1.929   3.176
 91 161 00 58 30   1.788  -1.734   1.943   3.171
 91 161 00 59 30   1.823  -1.609   2.073   3.198
 91 161 01 00 30   1.772  -1.593   2.088   3.174
 91 161 01 01 30   1.836  -1.713   1.928   3.177
 91 161 01 02 30   2.044  -1.050   2.222   3.207
 91 161 01 03 30   2.094  -0.936   2.224   3.197
 91 161 01 04 30   2.159  -1.016   2.121   3.199
 91 161 01 05 30   2.119  -1.149   2.067   3.177
 91 161 01 06 30   2.083  -1.290   2.022   3.178
 91 161 01 07 30   2.104  -1.374   1.875   3.140
 91 161 01 08 30   2.093  -1.378   1.901   3.151
 91 161 01 09 30   2.019  -1.282   2.044   3.150
 91 161 01 10 30   2.151  -1.376   1.851   3.161
 91 161 01 11 30   1.995  -1.705   1.777   3.171
 91 161 01 12 30   2.025  -1.690   1.748   3.167
 91 161 01 13 30   1.949  -1.740   1.792   3.170
 91 161 01 14 30   1.998  -1.625   1.845   3.170
 91 161 01 15 30   1.933  -1.698   1.845   3.170
 91 161 01 16 30   1.951  -1.792   1.693   3.146
 91 161 01 17 30   2.002  -1.728   1.690   3.139
 91 161 01 18 30   1.959  -1.796   1.627   3.117
 91 161 01 19 30   1.890  -1.974   1.522   3.136
 91 161 01 20 30   1.843  -2.096   1.359   3.106
 91 161 01 21 30   1.828  -2.120   1.373   3.120
 91 161 01 22 30   1.756  -2.207   1.317   3.118
 91 161 01 23 30   1.807  -2.089   1.425   3.109
 91 161 01 24 30   1.780  -2.051   1.533   3.119
 91 161 01 25 30   1.757  -1.978   1.575   3.087
 91 161 01 26 30   1.604  -2.797   0.420   3.260
 91 161 01 27 30   1.358  -2.998   0.241   3.310
 91 161 01 28 30   0.615  -3.202  -0.647   3.346
 91 161 01 29 30   0.679  -3.223  -0.628   3.359
 91 161 01 30 30   0.534  -3.228  -0.898   3.396
 91 161 01 31 30   0.556  -3.256  -0.521   3.352
 91 161 01 32 30   0.830  -3.256  -0.225   3.372
 91 161 01 33 30   1.286  -3.053   0.220   3.331
 91 161 01 34 30   1.430  -2.991  -0.034   3.335
 91 161 01 35 30   1.333  -3.046  -0.395   3.359
 91 161 01 36 30   1.431  -3.008   0.155   3.353
 91 161 01 37 30   1.149  -3.160  -0.165   3.380
 91 161 01 38 30   1.133  -3.187  -0.274   3.398
 91 161 01 39 30   1.091  -3.118  -0.572   3.381
 91 161 01 40 30   1.162  -3.105  -0.277   3.342
 91 161 01 41 30   1.449  -2.932   0.297   3.291
 91 161 01 42 30   1.573  -2.739   0.842   3.304
 91 161 01 43 30   1.665  -2.652   0.985   3.302
 91 161 01 44 30   1.673  -2.610   0.975   3.255
 91 161 01 45 30   1.562  -2.741   0.797   3.264
 91 161 01 46 30   1.722  -2.574   1.063   3.279
 91 161 01 47 30   1.522  -2.786   0.913   3.314
 91 161 01 48 30   1.543  -2.723   0.985   3.286
 91 161 01 49 30   1.358  -2.869   0.910   3.320
 91 161 01 50 30   1.549  -2.779   0.758   3.316
 91 161 01 51 30   1.776  -2.523   1.105   3.287
 91 161 01 52 30   1.928  -2.331   1.255   3.279
 91 161 01 53 30   1.893  -2.351   1.281   3.281
 91 161 01 54 30   1.915  -2.155   1.481   3.251
 91 161 01 55 30   1.944  -2.089   1.601   3.274
 91 161 01 56 30   1.908  -1.982   1.780   3.280
 91 161 01 57 30   1.884  -1.978   1.816   3.295
 91 161 01 58 30   2.050  -1.986   1.633   3.294
 91 161 01 59 30   2.041  -1.779   1.927   3.326
 91 161 02 00 30   2.080  -1.738   1.860   3.293
 91 161 02 01 30   2.110  -1.872   1.669   3.285
 91 161 02 02 30   2.009  -2.069   1.595   3.299
 91 161 02 03 30   2.019  -2.184   1.369   3.285
 91 161 02 04 30   2.053  -2.101   1.398   3.258
 91 161 02 05 30   1.874  -2.180   1.619   3.300
 91 161 02 06 30   2.108  -2.056   1.473   3.298
 91 161 02 07 30   2.088  -2.125   1.386   3.290
 91 161 02 08 30   1.923  -2.265   1.445   3.309
 91 161 02 09 30   2.137  -2.057   1.504   3.336
 91 161 02 10 30   2.299  -1.995   1.317   3.323
 91 161 02 11 30   2.221  -2.049   1.357   3.319
 91 161 02 12 30   2.171  -2.221   1.184   3.327
 91 161 02 13 30   1.856  -2.206   1.528   3.271
 91 161 02 14 30   1.791  -2.250   1.607   3.299
 91 161 02 15 30   1.684  -2.270   1.718   3.310
 91 161 02 16 30   1.666  -2.276   1.738   3.316
 91 161 02 17 30   1.696  -2.210   1.779   3.307
 91 161 02 18 30   1.651  -2.187   1.782   3.272
 91 161 02 19 30   1.687  -2.123   1.830   3.273
 91 161 02 20 30   1.634  -2.217   1.750   3.265
 91 161 02 21 30   1.534  -2.162   1.960   3.299
 91 161 02 22 30   1.575  -2.196   1.861   3.284
 91 161 02 23 30   1.564  -2.248   1.773   3.268
 91 161 02 24 30   1.473  -2.370   1.767   3.306
 91 161 02 25 30   1.619  -2.203   1.814   3.285
 91 161 02 26 30   1.748  -2.117   1.813   3.293
 91 161 02 27 30   1.783  -2.136   1.746   3.288
 91 161 02 28 30   1.589  -2.251   1.806   3.297
 91 161 02 29 30   1.556  -2.236   1.823   3.281
 91 161 02 30 30   1.585  -2.121   1.915   3.274
 91 161 02 31 30   1.776  -2.170   1.608   3.243
 91 161 02 32 30   1.909  -2.043   1.673   3.267
 91 161 02 33 30   1.878  -2.086   1.686   3.281
 91 161 02 34 30   1.884  -2.121   1.662   3.291
 91 161 02 35 30   1.858  -2.075   1.716   3.278
 91 161 02 36 30   1.733  -2.057   1.808   3.254
 91 161 02 37 30   1.797  -2.093   1.733   3.270
 91 161 02 38 30   1.864  -2.206   1.560   3.291
 91 161 02 39 30   1.760  -2.171   1.627   3.243
 91 161 02 40 30   1.785  -2.113   1.695   3.248
 91 161 02 41 30   1.906  -2.017   1.687   3.252
 91 161 02 42 30   1.719  -2.138   1.671   3.229
 91 161 02 43 30   1.831  -2.068   1.674   3.244
 91 161 02 44 30   1.937  -2.049   1.693   3.299
 91 161 02 45 30   1.954  -2.037   1.706   3.304
 91 161 02 46 30   1.879  -1.914   1.880   3.281
 91 161 02 47 30   1.833  -1.960   1.862   3.270
 91 161 02 48 30   1.997  -1.767   1.884   3.268
 91 161 02 49 30   2.038  -1.746   1.838   3.256
 91 161 02 50 30   1.779  -1.967   1.966   3.305
 91 161 02 51 30   1.801  -2.135   1.743   3.295
 91 161 02 52 30   1.962  -1.935   1.748   3.268
 91 161 02 53 30   2.034  -1.883   1.789   3.302
 91 161 02 54 30   1.803  -1.767   2.098   3.285
 91 161 02 55 30   1.720  -1.846   2.120   3.303
 91 161 02 56 30   1.616  -1.739   2.333   3.336
 91 161 02 57 30   1.658  -1.836   2.232   3.348
 91 161 02 58 30   1.892  -1.852   1.999   3.324
 91 161 02 59 30   1.642  -2.027   2.022   3.305
 91 161 03 00 30   1.811  -1.853   2.004   3.290
 91 161 03 01 30   1.738  -1.777   2.155   3.298
 91 161 03 02 30   1.539  -1.834   2.305   3.331
 91 161 03 03 30   1.498  -2.154   2.035   3.327
 91 161 03 04 30   1.872  -2.089   1.720   3.298
 91 161 03 05 30   1.815  -2.131   1.762   3.311
 91 161 03 06 30   1.789  -2.000   1.943   3.318
 91 161 03 07 30   1.730  -2.061   1.899   3.297
 91 161 03 08 30   1.790  -1.961   1.982   3.316
 91 161 03 09 30   1.780  -1.942   1.928   3.269
 91 161 03 10 30   1.766  -1.851   2.105   3.316
 91 161 03 11 30   1.804  -1.803   2.127   3.324
 91 161 03 12 30   1.741  -1.950   2.051   3.329
 91 161 03 13 30   1.772  -2.011   1.907   3.293
 91 161 03 14 30   1.654  -2.021   1.949   3.266
 91 161 03 15 30   1.653  -2.133   1.843   3.276
 91 161 03 16 30   1.788  -1.944   1.985   3.306
 91 161 03 17 30   1.861  -1.909   1.947   3.309
 91 161 03 18 30   1.807  -1.834   2.021   3.281
 91 161 03 19 30   1.551  -2.050   2.092   3.319
 91 161 03 20 30   1.584  -2.172   1.927   3.314
 91 161 03 21 30   1.568  -2.166   1.966   3.323
 91 161 03 22 30   1.532  -2.247   1.797   3.288
 91 161 03 23 30   1.912  -2.122   1.608   3.290
 91 161 03 24 30   1.742  -2.186   1.723   3.286
 91 161 03 25 30   1.785  -2.109   1.716   3.257
 91 161 03 26 30   1.633  -2.424   1.491   3.291
 91 161 03 27 30   1.723  -2.219   1.673   3.275
 91 161 03 28 30   1.567  -2.219   1.759   3.244
 91 161 03 29 30   1.649  -2.256   1.698   3.276
 91 161 03 30 30   1.728  -2.083   1.753   3.240
 91 161 03 31 30   1.389  -2.369   1.671   3.225
 91 161 03 32 30   1.611  -2.214   1.756   3.263
 91 161 03 33 30   1.538  -2.282   1.777   3.289
 91 161 03 34 30   1.571  -2.427   1.615   3.317
 91 161 03 35 30   1.514  -2.541   1.463   3.305
 91 161 03 36 30   1.574  -2.406   1.520   3.255
 91 161 03 37 30   1.485  -2.504   1.532   3.294
 91 161 03 38 30   1.601  -2.399   1.542   3.275
 91 161 03 39 30   1.648  -2.231   1.720   3.272
 91 161 03 40 30   1.809  -2.117   1.648   3.241
 91 161 03 41 30   1.851  -2.068   1.687   3.257
 91 161 03 42 30   1.875  -2.254   1.445   3.272
 91 161 03 43 30   1.699  -2.371   1.489   3.278
 91 161 03 44 30   1.699  -2.275   1.636   3.281
 91 161 03 45 30   1.768  -2.205   1.634   3.268
 91 161 03 46 30   1.687  -2.218   1.674   3.256
 91 161 03 47 30   1.623  -2.454   1.412   3.266
 91 161 03 48 30   1.603  -2.410   1.477   3.255
 91 161 03 49 30   1.715  -2.105   1.789   3.268
 91 161 03 50 30   1.547  -2.261   1.671   3.222
 91 161 03 51 30   1.578  -2.313   1.635   3.247
 91 161 03 52 30   1.511  -2.257   1.831   3.281
 91 161 03 53 30   1.498  -2.159   1.928   3.283
 91 161 03 54 30   1.905  -2.297   1.310   3.282
 91 161 03 55 30   1.985  -2.257   1.222   3.248
 91 161 03 56 30   1.900  -2.147   1.563   3.272
 91 161 03 57 30   1.436  -2.390   1.692   3.276
 91 161 03 58 30   1.386  -2.438   1.645   3.263
 91 161 03 59 30   1.404  -2.320   1.793   3.259
 91 161 04 00 30   1.893  -2.143   1.594   3.275
 91 161 04 01 30   1.850  -2.132   1.588   3.244
 91 161 04 02 30   1.400  -2.404   1.701   3.265
 91 161 04 03 30   1.666  -2.256   1.612   3.248
 91 161 04 04 30   1.717  -2.184   1.580   3.201
 91 161 04 05 30   1.714  -2.311   1.301   3.193
 91 161 04 06 30   1.755  -2.257   1.555   3.277
 91 161 04 07 30   1.820  -2.363   1.217   3.225
 91 161 04 08 30   1.882  -2.313   1.278   3.256
 91 161 04 09 30   1.571  -2.393   1.507   3.238
 91 161 04 10 30   1.702  -2.322   1.470   3.236
 91 161 04 11 30   1.571  -2.386   1.545   3.255
 91 161 04 12 30   1.811  -2.204   1.520   3.235
 91 161 04 13 30   1.930  -2.184   1.454   3.259
 91 161 04 14 30   1.788  -2.391   1.330   3.271
 91 161 04 15 30   1.716  -2.324   1.508   3.260
 91 161 04 16 30   1.691  -2.293   1.536   3.238
 91 161 04 17 30   1.728  -2.105   1.710   3.217
 91 161 04 18 30   1.624  -2.224   1.691   3.236
 91 161 04 19 30   1.653  -2.328   1.478   3.217
 91 161 04 20 30   1.677  -2.335   1.462   3.228
 91 161 04 21 30   1.690  -2.281   1.505   3.221
 91 161 04 22 30   1.671  -2.324   1.512   3.241
 91 161 04 23 30   1.727  -2.284   1.520   3.243
 91 161 04 24 30   1.803  -2.259   1.518   3.265
 91 161 04 25 30   1.876  -2.242   1.444   3.264
 91 161 04 26 30   1.930  -2.111   1.572   3.268
 91 161 04 27 30   1.711  -2.456   1.346   3.287
 91 161 04 28 30   1.595  -2.485   1.402   3.273
 91 161 04 29 30   1.717  -2.329   1.539   3.279
 91 161 04 30 30   1.668  -2.325   1.529   3.246
 91 161 04 31 30   1.673  -2.275   1.604   3.250
 91 161 04 32 30   1.534  -2.374   1.614   3.257
 91 161 04 33 30   1.685  -2.275   1.574   3.241
 91 161 04 34 30   1.820  -2.138   1.637   3.252
 91 161 04 35 30   1.798  -2.180   1.572   3.235
 91 161 04 36 30   1.807  -2.215   1.518   3.238
 91 161 04 37 30   1.690  -2.292   1.547   3.246
 91 161 04 38 30   1.554  -2.320   1.625   3.232
 91 161 04 39 30   1.750  -2.192   1.671   3.266
 91 161 04 40 30   1.698  -2.155   1.778   3.272
 91 161 04 41 30   1.670  -2.153   1.734   3.233
 91 161 04 42 30   1.769  -2.137   1.657   3.234
 91 161 04 43 30   1.576  -2.163   1.748   3.207
 91 161 04 44 30   1.618  -2.206   1.618   3.186
 91 161 04 45 30   1.639  -2.205   1.615   3.191
 91 161 04 46 30   1.717  -2.151   1.703   3.241
 91 161 04 47 30   1.771  -2.250   1.443   3.209
 91 161 04 48 30   1.602  -2.236   1.667   3.222
 91 161 04 49 30   1.670  -2.340   1.438   3.219
 91 161 04 50 30   1.617  -2.336   1.467   3.198
 91 161 04 51 30   1.599  -2.375   1.443   3.209
 91 161 04 52 30   1.617  -2.415   1.389   3.227
 91 161 04 53 30   1.679  -2.247   1.502   3.185
 91 161 04 54 30   1.740  -2.211   1.477   3.180
 91 161 04 55 30   1.644  -2.275   1.490   3.180
 91 161 04 56 30   1.744  -2.132   1.536   3.158
 91 161 04 57 30   1.696  -2.169   1.565   3.169
 91 161 04 58 30   1.585  -2.282   1.536   3.175
 91 161 04 59 30   1.726  -2.171   1.491   3.151
 91 161 05 00 30   1.628  -2.297   1.425   3.158
 91 161 05 01 30   1.643  -2.243   1.483   3.153
 91 161 05 02 30   1.730  -2.149   1.428   3.108
 91 161 05 03 30   1.671  -2.183   1.465   3.115
 91 161 05 04 30   1.623  -2.231   1.475   3.129
 91 161 05 05 30   1.587  -2.167   1.544   3.100
 91 161 05 06 30   1.536  -2.206   1.579   3.120
 91 161 05 07 30   1.563  -2.213   1.537   3.116
 91 161 05 08 30   1.637  -2.217   1.532   3.154
 91 161 05 09 30   1.665  -2.168   1.526   3.132
 91 161 05 10 30   1.661  -2.149   1.532   3.124
 91 161 05 11 30   1.772  -2.162   1.403   3.132
 91 161 05 12 30   1.496  -2.138   1.672   3.102
 91 161 05 13 30   1.677  -2.094   1.588   3.121
 91 161 05 14 30   1.821  -2.100   1.400   3.114
 91 161 05 15 30   1.579  -2.215   1.491   3.106
 91 161 05 16 30   1.539  -2.181   1.539   3.089
 91 161 05 17 30   1.471  -2.212   1.565   3.089
 91 161 05 18 30   1.426  -2.182   1.648   3.096
 91 161 05 19 30   1.563  -2.178   1.533   3.096
 91 161 05 20 30   1.672  -2.112   1.575   3.138
 91 161 05 21 30   1.830  -2.189   1.232   3.141
 91 161 05 22 30   1.922  -2.076   1.414   3.165
 91 161 05 23 30   1.612  -2.152   1.450   3.063
 91 161 05 24 30   1.668  -2.051   1.657   3.127
 91 161 05 25 30   1.669  -2.201   1.496   3.144
 91 161 05 26 30   1.710  -2.105   1.600   3.152
 91 161 05 27 30   1.596  -2.114   1.626   3.114
 91 161 05 28 30   1.577  -2.225   1.531   3.134
 91 161 05 29 30   1.734  -2.128   1.551   3.157
 91 161 05 30 30   1.834  -2.163   1.376   3.160
 91 161 05 31 30   1.547  -2.226   1.535   3.123
 91 161 05 32 30   1.478  -2.207   1.612   3.109
 91 161 05 33 30   1.728  -2.157   1.392   3.098
 91 161 05 34 30   1.586  -2.151   1.588   3.111
 91 161 05 35 30   1.557  -2.157   1.633   3.127
 91 161 05 36 30   1.744  -2.026   1.616   3.130
 91 161 05 37 30   1.684  -2.207   1.548   3.183
 91 161 05 38 30   1.676  -2.107   1.607   3.141
 91 161 05 39 30   1.636  -2.149   1.609   3.148
 91 161 05 40 30   1.466  -2.266   1.544   3.116
 91 161 05 41 30   1.471  -2.397   1.373   3.140
 91 161 05 42 30   1.879  -2.002   1.453   3.112
 91 161 05 43 30   1.890  -1.717   1.579   3.005
 91 161 05 44 30   1.881  -1.773   1.535   3.017
 91 161 05 45 30   2.039  -1.766   1.351   3.021
 91 161 05 46 30   1.823  -1.833   1.512   2.997
 91 161 05 47 30   1.899  -1.728   1.577   3.014
 91 161 05 48 30   1.870  -1.789   1.551   3.020
 91 161 05 49 30   2.050  -1.829   1.261   3.028
 91 161 05 50 30   2.104  -1.735   1.317   3.032
 91 161 05 51 30   1.983  -1.704   1.492   3.014
 91 161 05 52 30   2.073  -1.585   1.503   3.014
 91 161 05 53 30   1.939  -1.785   1.495   3.035
 91 161 05 54 30   1.984  -1.661   1.609   3.053
 91 161 05 55 30   1.976  -1.573   1.664   3.029
 91 161 05 56 30   1.836  -1.569   1.780   3.009
 91 161 05 57 30   1.724  -1.970   1.465   3.008
 91 161 05 58 30   1.694  -2.048   1.459   3.039
 91 161 05 59 30   1.717  -1.882   1.586   3.004
 91 161 06 00 30   1.800  -2.017   1.412   3.054
 91 161 06 01 30   1.824  -1.957   1.462   3.053
 91 161 06 02 30   1.775  -1.936   1.509   3.040
 91 161 06 03 30   1.679  -1.877   1.688   3.039
 91 161 06 04 30   1.649  -1.842   1.711   3.028
 91 161 06 05 30   1.721  -1.795   1.773   3.058
 91 161 06 06 30   1.701  -1.813   1.702   3.025
 91 161 06 07 30   1.695  -2.033   1.513   3.053
 91 161 06 08 30   1.723  -2.041   1.560   3.098
 91 161 06 09 30   1.589  -1.936   1.755   3.066
 91 161 06 10 30   1.659  -1.956   1.721   3.093
 91 161 06 11 30   1.655  -1.942   1.686   3.065
 91 161 06 12 30   1.828  -1.933   1.503   3.059
 91 161 06 13 30   1.823  -1.960   1.445   3.049
 91 161 06 14 30   1.758  -1.968   1.528   3.052
 91 161 06 15 30   1.680  -2.067   1.500   3.061
 91 161 06 16 30   1.577  -2.167   1.479   3.066
 91 161 06 17 30   1.705  -2.132   1.410   3.076
 91 161 06 18 30   1.728  -2.146   1.341   3.069
 91 161 06 19 30   1.894  -2.088   1.229   3.082
 91 161 06 20 30   1.958  -1.994   1.378   3.121
 91 161 06 21 30   1.704  -1.975   1.701   3.117
 91 161 06 22 30   1.639  -1.926   1.821   3.117
 91 161 06 23 30   1.511  -1.998   1.798   3.088
 91 161 06 24 30   1.644  -2.054   1.654   3.110
 91 161 06 25 30   1.659  -1.928   1.754   3.094
 91 161 06 26 30   1.580  -1.970   1.785   3.095
 91 161 06 27 30   1.570  -1.922   1.843   3.094
 91 161 06 28 30   1.662  -1.937   1.746   3.093
 91 161 06 29 30   1.597  -1.910   1.801   3.076
 91 161 06 30 30   1.690  -1.952   1.672   3.079
 91 161 06 31 30   1.745  -1.915   1.641   3.071
 91 161 06 32 30   1.738  -1.936   1.636   3.079
 91 161 06 33 30   1.609  -1.947   1.750   3.076
 91 161 06 34 30   1.560  -1.965   1.752   3.064
 91 161 06 35 30   1.623  -1.904   1.773   3.069
 91 161 06 36 30   1.446  -1.944   1.874   3.067
 91 161 06 37 30   1.483  -1.946   1.814   3.047
 91 161 06 38 30   1.414  -2.026   1.786   3.050
 91 161 06 39 30   1.641  -1.955   1.716   3.081
 91 161 06 40 30   1.514  -1.937   1.828   3.067
 91 161 06 41 30   1.661  -1.868   1.813   3.089
 91 161 06 42 30   1.708  -1.760   1.830   3.063
 91 161 06 43 30   1.764  -1.779   1.745   3.056
 91 161 06 44 30   1.692  -1.751   1.849   3.059
 91 161 06 45 30   1.694  -1.778   1.822   3.058
 91 161 06 46 30   1.616  -1.816   1.850   3.056
 91 161 06 47 30   1.598  -1.831   1.846   3.052
 91 161 06 48 30   1.476  -1.891   1.875   3.046
 91 161 06 49 30   1.539  -1.880   1.858   3.059
 91 161 06 50 30   1.558  -1.814   1.885   3.047
 91 161 06 51 30   1.547  -1.850   1.854   3.042
 91 161 06 52 30   1.582  -1.833   1.815   3.027
 91 161 06 53 30   1.588  -1.873   1.764   3.024
 91 161 06 54 30   1.547  -1.740   1.941   3.036
 91 161 06 55 30   1.456  -1.768   1.957   3.013
 91 161 06 56 30   1.457  -1.818   1.917   3.019
 91 161 06 57 30   1.427  -1.819   1.907   2.998
 91 161 06 58 30   1.438  -1.683   2.018   2.996
 91 161 06 59 30   1.427  -1.633   2.053   2.986
 91 161 07 00 30   1.472  -1.618   2.036   2.990
 91 161 07 01 30   1.423  -1.639   2.020   2.966
 91 161 07 02 30   1.422  -1.680   1.968   2.954
 91 161 07 03 30   1.568  -1.781   1.767   2.965
 91 161 07 04 30   1.615  -1.875   1.541   2.918
 91 161 07 05 30   1.500  -1.898   1.570   2.885
 91 161 07 06 30   1.526  -1.765   1.680   2.876
 91 161 07 07 30   1.538  -1.781   1.648   2.875
 91 161 07 08 30   1.510  -1.848   1.599   2.873
 91 161 07 09 30   1.510  -1.793   1.577   2.826
 91 161 07 10 30   1.457  -1.828   1.562   2.812
 91 161 07 11 30   1.483  -1.784   1.567   2.802
 91 161 07 12 30   1.467  -1.862   1.459   2.785
 91 161 07 13 30   1.415  -1.855   1.506   2.780
 91 161 07 14 30   1.142  -1.902   1.566   2.717
 91 161 07 15 30   1.335  -1.859   1.638   2.815
 91 161 07 16 30   1.207  -1.860   1.723   2.813
 91 161 07 17 30   1.416  -1.901   1.575   2.854
 91 161 07 18 30   1.485  -1.971   1.422   2.851
 91 161 07 19 30   1.652  -1.956   1.217   2.837
 91 161 07 20 30   1.577  -1.955   1.239   2.804
 91 161 07 21 30   1.603  -1.813   1.372   2.785
 91 161 07 22 30   1.703  -1.798   1.329   2.811
 91 161 07 23 30   1.631  -1.753   1.407   2.779
 91 161 07 24 30   1.684  -1.664   1.478   2.797
 91 161 07 25 30   1.459  -1.850   1.517   2.808
 91 161 07 26 30   1.596  -1.805   1.486   2.832
 91 161 07 27 30   1.527  -2.022   1.294   2.850
 91 161 07 28 30   1.458  -2.053   1.285   2.832
 91 161 07 29 30   1.517  -1.967   1.322   2.823
 91 161 07 30 30   1.464  -1.941   1.366   2.796
 91 161 07 31 30   1.856  -1.822   1.279   2.903
 91 161 07 32 30   1.671  -1.850   1.424   2.873
 91 161 07 33 30   1.623  -1.779   1.460   2.820
 91 161 07 34 30   1.606  -1.979   1.190   2.826
 91 161 07 35 30   1.768  -1.902   1.100   2.822
 91 161 07 36 30   1.602  -1.896   1.324   2.819
 91 161 07 37 30   1.669  -1.903   1.234   2.819
 91 161 07 38 30   1.578  -1.849   1.359   2.788
 91 161 07 39 30   1.573  -1.859   1.370   2.799
 91 161 07 40 30   1.534  -1.850   1.497   2.839
 91 161 07 41 30   1.402  -1.998   1.470   2.852
 91 161 07 42 30   1.605  -1.892   1.464   2.886
 91 161 07 43 30   1.720  -1.898   1.267   2.868
 91 161 07 44 30   1.515  -2.072   1.290   2.879
 91 161 07 45 30   1.715  -1.880   1.267   2.849
 91 161 07 46 30   1.782  -1.786   1.243   2.818
 91 161 07 47 30   1.556  -1.953   1.288   2.812
 91 161 07 48 30   1.695  -1.864   1.188   2.789
 91 161 07 49 30   1.675  -2.024   1.094   2.848
 91 161 07 50 30   1.630  -1.939   1.298   2.849
 91 161 07 51 30   1.556  -1.786   1.540   2.830
 91 161 07 52 30   1.499  -1.959   1.336   2.816
 91 161 07 53 30   1.599  -1.976   1.157   2.797
 91 161 07 54 30   1.510  -2.010   1.193   2.791
 91 161 07 55 30   1.570  -1.943   1.206   2.782
 91 161 07 56 30   1.581  -2.021   1.159   2.821
 91 161 07 57 30   1.625  -1.990   1.107   2.803
 91 161 07 58 30   1.599  -1.932   1.214   2.810
 91 161 07 59 30   1.516  -1.985   1.308   2.839
 91 161 08 00 30   1.545  -1.887   1.519   2.900
 91 161 08 01 30   1.474  -1.731   1.738   2.869
 91 161 08 02 30   1.273  -1.590   2.031   2.880
 91 161 08 03 30   1.255  -1.574   2.041   2.868
 91 161 08 04 30   1.183  -1.615   2.060   2.875
 91 161 08 05 30   1.152  -1.568   2.142   2.896
 91 161 08 06 30   1.232  -1.566   2.072   2.877
 91 161 08 07 30   1.159  -1.605   2.116   2.904
 91 161 08 08 30   1.114  -1.643   2.092   2.889
 91 161 08 09 30   1.156  -1.541   2.102   2.855
 91 161 08 10 30   1.196  -1.429   2.187   2.876
 91 161 08 11 30   1.182  -1.491   2.150   2.873
 91 161 08 12 30   1.170  -1.607   2.070   2.872
 91 161 08 13 30   1.154  -1.597   2.013   2.820
 91 161 08 14 30   1.176  -1.578   2.018   2.824
 91 161 08 15 30   1.170  -1.605   2.041   2.850
 91 161 08 16 30   1.336  -1.726   1.870   2.892
 91 161 08 17 30   1.116  -1.820   1.998   2.951
 91 161 08 18 30   1.441  -1.801   1.819   2.947
 91 161 08 19 30   1.421  -1.980   1.668   2.958
 91 161 08 20 30   1.471  -2.149   1.439   2.983
 91 161 08 21 30   1.641  -2.007   1.406   2.954
 91 161 08 22 30   1.589  -1.932   1.556   2.947
 91 161 08 23 30   1.575  -1.957   1.529   2.942
 91 161 08 24 30   1.519  -1.933   1.584   2.925
 91 161 08 25 30   1.490  -1.934   1.646   2.947
 91 161 08 26 30   1.486  -1.997   1.510   2.913
 91 161 08 27 30   1.464  -2.018   1.495   2.909
 91 161 08 28 30   1.440  -2.065   1.428   2.899
 91 161 08 29 30   1.399  -2.014   1.537   2.897
 91 161 08 30 30   1.376  -1.930   1.654   2.891
 91 161 08 31 30   1.512  -2.004   1.427   2.890
 91 161 08 32 30   1.373  -1.872   1.713   2.891
 91 161 08 33 30   1.481  -1.923   1.572   2.895
 91 161 08 34 30   1.490  -1.861   1.705   2.932
 91 161 08 35 30   1.437  -1.784   1.730   2.872
 91 161 08 36 30   1.415  -1.682   1.846   2.884
 91 161 08 37 30   1.319  -1.748   1.871   2.881
 91 161 08 38 30   1.222  -1.747   1.932   2.883
 91 161 08 39 30   1.264  -1.690   1.893   2.838
 91 161 08 40 30   1.127  -1.752   1.931   2.842
 91 161 08 41 30   1.186  -1.782   1.846   2.828
 91 161 08 42 30   1.220  -1.699   1.859   2.801
 91 161 08 43 30   1.176  -1.786   1.846   2.831
 91 161 08 44 30   1.436  -1.652   1.833   2.861
 91 161 08 45 30   1.225  -1.719   1.931   2.864
 91 161 08 46 30   1.289  -1.766   1.900   2.900
 91 161 08 47 30   1.342  -1.725   1.859   2.870
 91 161 08 48 30   1.419  -1.767   1.738   2.858
 91 161 08 49 30   1.299  -1.786   1.800   2.851
 91 161 08 50 30   1.321  -1.671   1.884   2.853
 91 161 08 51 30   1.498  -1.732   1.712   2.865
 91 161 08 52 30   1.454  -1.796   1.673   2.860
 91 161 08 53 30   1.417  -1.887   1.587   2.848
 91 161 08 54 30   1.389  -1.934   1.572   2.856
 91 161 08 55 30   1.532  -1.931   1.462   2.869
 91 161 08 56 30   1.494  -2.022   1.366   2.863
 91 161 08 57 30   1.561  -2.002   1.312   2.860
 91 161 08 58 30   1.506  -2.064   1.248   2.845
 91 161 08 59 30   1.425  -2.108   1.325   2.873
 91 161 09 00 30   1.453  -2.127   1.254   2.874
 91 161 09 01 30   1.413  -2.045   1.431   2.878
 91 161 09 02 30   1.489  -1.991   1.436   2.878
 91 161 09 03 30   1.551  -2.025   1.255   2.847
 91 161 09 04 30   1.435  -1.974   1.553   2.899
 91 161 09 05 30   1.421  -2.115   1.384   2.911
 91 161 09 06 30   1.386  -2.104   1.395   2.887
 91 161 09 07 30   1.524  -1.987   1.439   2.897
 91 161 09 08 30   1.500  -1.990   1.464   2.899
 91 161 09 09 30   1.373  -2.002   1.584   2.903
 91 161 09 10 30   1.451  -1.857   1.602   2.857
 91 161 09 11 30   1.500  -1.915   1.538   2.883
 91 161 09 12 30   1.430  -1.955   1.564   2.886
 91 161 09 13 30   1.424  -1.944   1.564   2.878
 91 161 09 14 30   1.444  -1.958   1.543   2.885
 91 161 09 15 30   1.502  -1.869   1.519   2.846
 91 161 09 16 30   1.441  -1.975   1.540   2.892
 91 161 09 17 30   1.485  -1.942   1.481   2.860
 91 161 09 18 30   1.542  -1.918   1.426   2.852
 91 161 09 19 30   1.403  -2.036   1.566   2.930
 91 161 09 20 30   1.487  -1.856   1.672   2.912
 91 161 09 21 30   1.490  -1.825   1.681   2.901
 91 161 09 22 30   1.597  -1.811   1.648   2.927
 91 161 09 23 30   1.511  -1.834   1.753   2.954
 91 161 09 24 30   1.542  -1.894   1.663   2.956
 91 161 09 25 30   1.483  -1.954   1.639   2.953
 91 161 09 26 30   1.485  -1.998   1.598   2.959
 91 161 09 27 30   1.392  -2.074   1.599   2.966
 91 161 09 28 30   1.492  -2.037   1.532   2.959
 91 161 09 29 30   1.803  -1.823   1.485   2.967
 91 161 09 30 30   1.545  -1.959   1.561   2.945
 91 161 09 31 30   1.460  -1.971   1.642   2.957
 91 161 09 32 30   1.390  -2.115   1.496   2.941
 91 161 09 33 30   1.502  -2.039   1.562   2.979
 91 161 09 34 30   1.454  -1.923   1.696   2.953
 91 161 09 35 30   1.600  -1.884   1.646   2.978
 91 161 09 36 30   1.448  -2.112   1.442   2.940
 91 161 09 37 30   1.506  -1.939   1.590   2.935
 91 161 09 38 30   1.550  -1.719   1.805   2.946
 91 161 09 39 30   1.495  -1.797   1.800   2.958
 91 161 09 40 30   1.387  -1.436   2.150   2.936
 91 161 09 41 30   1.389  -1.788   1.822   2.922
 91 161 09 42 30   1.498  -1.759   1.724   2.890
 91 161 09 43 30   1.441  -1.858   1.706   2.918
 91 161 09 44 30   1.447  -1.830   1.749   2.919
 91 161 09 45 30   1.430  -1.844   1.753   2.922
 91 161 09 46 30   1.481  -1.896   1.661   2.927
 91 161 09 47 30   1.423  -1.952   1.635   2.924
 91 161 09 48 30   1.175  -1.952   1.796   2.910
 91 161 09 49 30   1.364  -1.949   1.695   2.927
 91 161 09 50 30   1.505  -1.880   1.630   2.917
 91 161 09 51 30   1.590  -1.843   1.575   2.904
 91 161 09 52 30   1.504  -1.940   1.560   2.912
 91 161 09 53 30   1.546  -1.969   1.411   2.887
 91 161 09 54 30   1.529  -1.908   1.603   2.932
 91 161 09 55 30   1.284  -2.061   1.596   2.928
 91 161 09 56 30   1.428  -1.927   1.681   2.932
 91 161 09 57 30   1.449  -1.938   1.504   2.870
 91 161 09 58 30   1.365  -2.035   1.597   2.942
 91 161 09 59 30   1.512  -1.979   1.476   2.912
 91 161 10 00 30   1.555  -1.847   1.650   2.936
 91 161 10 01 30   1.419  -1.861   1.748   2.927
 91 161 10 02 30   1.481  -1.915   1.639   2.939
 91 161 10 03 30   1.421  -1.962   1.652   2.940
 91 161 10 04 30   1.351  -1.959   1.711   2.947
 91 161 10 05 30   1.486  -2.126   1.499   3.001
 91 161 10 06 30   1.602  -1.998   1.530   2.986
 91 161 10 07 30   1.442  -2.043   1.625   2.988
 91 161 10 08 30   1.396  -1.996   1.644   2.942
 91 161 10 09 30   1.393  -2.015   1.586   2.923
 91 161 10 10 30   1.490  -1.911   1.619   2.922
 91 161 10 11 30   1.351  -2.070   1.555   2.924
 91 161 10 12 30   1.361  -2.074   1.478   2.900
 91 161 10 13 30   1.455  -1.909   1.664   2.923
 91 161 10 14 30   1.482  -1.680   1.788   2.879
 91 161 10 15 30   1.449  -1.783   1.719   2.879
 91 161 10 16 30   1.613  -1.626   1.659   2.846
 91 161 10 17 30   1.811  -1.478   1.697   2.898
 91 161 10 18 30   2.036  -1.524   1.383   2.909
 91 161 10 19 30   1.679  -1.673   1.540   2.901
 91 161 10 20 30   1.601  -1.692   1.783   2.944
 91 161 10 21 30   1.400  -1.704   1.894   2.917
 91 161 10 22 30   1.203  -1.679   2.121   2.974
 91 161 10 25 30   1.458  -1.384   2.099   2.907
 91 161 10 26 30   1.081  -1.337   2.359   2.928
 91 161 10 27 30   1.298  -1.472   2.125   2.900
 91 161 10 28 30   1.185  -1.302   2.281   2.887
 91 161 10 29 30   1.355  -1.381   2.159   2.904
 91 161 10 30 30   1.273  -1.386   2.184   2.892
 91 161 10 31 30   1.097  -1.393   2.285   2.897
 91 161 10 32 30   0.905  -0.921   2.528   2.879
 91 161 10 33 30   1.098  -1.240   2.316   2.861
 91 161 10 34 30   1.124  -1.507   2.159   2.881
 91 161 10 35 30   1.262  -1.562   1.946   2.824
 91 161 10 36 30   1.483  -1.542   1.868   2.853
 91 161 10 37 30   1.445  -1.732   1.692   2.831
 91 161 10 38 30   1.488  -1.770   1.623   2.830
 91 161 10 39 30   1.498  -1.870   1.506   2.838
 91 161 10 40 30   1.524  -1.942   1.393   2.840
 91 161 10 41 30   1.436  -1.815   1.614   2.832
 91 161 10 42 30   1.480  -1.865   1.506   2.824
 91 161 10 43 30   1.580  -1.864   1.365   2.804
 91 161 10 44 30   1.536  -1.883   1.315   2.773
 91 161 10 45 30   1.554  -1.798   1.386   2.763
 91 161 10 46 30   1.481  -1.714   1.604   2.778
 91 161 10 47 30   1.318  -1.538   1.841   2.741
 91 161 10 48 30   1.253  -1.466   1.898   2.707
 91 161 10 49 30   1.290  -1.417   1.834   2.658
 91 161 10 50 30   1.280  -1.308   1.924   2.669
 91 161 10 51 30   1.171  -1.513   1.866   2.678
 91 161 10 52 30   1.087  -1.422   1.940   2.647
 91 161 10 53 30   1.113  -1.488   1.882   2.660
 91 161 10 54 30   1.006  -1.459   1.974   2.657
 91 161 10 55 30   1.109  -1.475   1.930   2.680
 91 161 10 56 30   1.185  -1.325   1.971   2.660
 91 161 10 57 30   1.121  -1.358   2.015   2.682
 91 161 10 58 30   1.200  -1.287   2.033   2.693
 91 161 10 59 30   0.918  -1.281   2.186   2.698
 91 161 11 00 30   1.089  -1.212   2.153   2.703
 91 161 11 01 30   1.129  -1.156   2.200   2.734
 91 161 11 02 30   1.025  -1.098   2.265   2.718
 91 161 11 03 30   1.013  -1.123   2.248   2.714
 91 161 11 04 30   1.245  -1.356   1.901   2.658
 91 161 11 05 30   0.987  -1.184   2.197   2.696
 91 161 11 06 30   0.943  -1.094   2.195   2.630
 91 161 11 07 30   1.043  -1.176   2.096   2.646
 91 161 11 08 30   1.071  -0.879   2.245   2.643
 91 161 11 09 30   1.062  -1.078   2.182   2.672
 91 161 11 10 30   1.033  -1.219   2.121   2.662
 91 161 11 11 30   1.159  -1.064   2.004   2.563
 91 161 11 12 30   1.088  -1.524   1.750   2.600
 91 161 11 13 30   1.260  -1.755   1.397   2.596
 91 161 11 14 30   1.410  -1.794   1.194   2.599
 91 161 11 15 30   1.326  -1.906   1.221   2.636
 91 161 11 16 30   1.404  -1.913   1.266   2.690
 91 161 11 17 30   1.407  -1.915   1.241   2.683
 91 161 11 18 30   1.142  -1.819   1.436   2.593
 91 161 11 19 30   1.134  -1.779   1.566   2.632
 91 161 11 33 30   1.232  -1.662   1.683   2.673
 91 161 11 34 30   1.140  -1.779   1.593   2.650
 91 161 11 35 30   1.245  -1.533   1.724   2.625
 91 161 11 36 30   1.101  -1.497   1.816   2.605
 91 161 11 37 30   0.996  -1.682   1.735   2.617
 91 161 11 38 30   1.166  -1.675   1.700   2.660
 91 161 11 39 30   1.149  -1.600   1.771   2.651
 91 161 11 40 30   1.139  -1.293   2.086   2.714
 91 161 11 41 30   1.099  -1.279   2.106   2.706
 91 161 11 42 30   1.301  -1.503   1.712   2.632
 91 161 11 43 30   1.299  -1.294   1.838   2.630
 91 161 11 44 30   1.333  -1.320   1.889   2.669
 91 161 11 45 30   1.299  -1.206   1.956   2.667
 91 161 11 46 30   1.221  -1.343   1.972   2.696
 91 161 11 47 30   1.142  -1.204   2.141   2.713
 91 161 11 48 30   1.206  -1.111   2.109   2.688
 91 161 11 49 30   1.062  -1.096   2.230   2.715
 91 161 11 50 30   1.222  -0.933   2.227   2.713
 91 161 11 51 30   1.029  -0.974   2.224   2.651
 91 161 11 52 30   1.292  -1.040   2.125   2.711
 91 161 11 53 30   1.377  -1.384   1.823   2.677
 91 161 11 54 30   1.037  -1.331   2.027   2.662
 91 161 11 55 30   1.253  -1.002   2.056   2.633
 91 161 11 56 30   1.174  -1.285   1.961   2.647
 91 161 11 57 30   1.148  -1.410   1.954   2.681
 91 161 11 58 30   1.143  -1.584   1.724   2.615
 91 161 11 59 30   1.253  -1.502   1.842   2.698
 91 161 12 00 30   1.233  -1.405   1.888   2.664
 91 161 12 01 30   1.312  -1.341   1.799   2.643
 91 161 12 02 30   1.203  -1.825   1.498   2.654
 91 161 12 03 30   1.269  -1.482   1.808   2.681
 91 161 12 04 30   1.281  -1.669   1.770   2.753
 91 161 12 05 30   1.341  -1.692   1.853   2.847
 91 161 12 06 30   1.281  -1.733   1.852   2.843
 91 161 12 07 30   1.252  -1.727   1.880   2.847
 91 161 12 08 30   1.308  -1.717   1.792   2.814
 91 161 12 09 30   1.399  -1.629   1.791   2.802
 91 161 12 10 30   1.341  -1.663   1.721   2.747
 91 161 12 11 30   1.416  -1.700   1.738   2.816
 91 161 12 12 30   1.379  -1.778   1.631   2.786
 91 161 12 13 30   1.393  -1.829   1.591   2.803
 91 161 12 14 30   1.358  -1.842   1.510   2.744
 91 161 12 18 30   1.534  -1.702   1.455   2.715
 91 161 12 19 30   1.252  -1.910   1.437   2.713
 91 161 12 20 30   1.457  -1.760   1.503   2.751
 91 161 12 21 30   1.236  -1.748   1.599   2.694
 91 161 12 22 30   1.277  -1.972   1.244   2.691
 91 161 12 23 30   1.379  -1.707   1.537   2.719
 91 161 12 24 30   1.266  -1.823   1.432   2.671
 91 161 12 25 30   1.343  -1.854   1.290   2.675
 91 161 12 26 30   1.317  -1.826   1.467   2.717
 91 161 12 27 30   1.523  -1.726   1.355   2.708
 91 161 12 28 30   1.360  -1.738   1.552   2.726
 91 161 12 29 30   1.534  -1.910   1.001   2.660
 91 161 12 30 30   1.561  -1.939   1.199   2.779
 91 161 12 31 30   1.274  -1.996   1.421   2.778
 91 161 12 32 30   1.588  -1.851   1.356   2.812
 91 161 12 33 30   1.462  -2.028   1.357   2.862
 91 161 12 34 30   1.539  -1.930   1.404   2.848
 91 161 12 35 30   1.392  -2.029   1.412   2.855
 91 161 12 36 30   1.501  -1.934   1.361   2.836
 91 161 12 37 30   1.420  -1.880   1.482   2.827
 91 161 12 38 30   1.429  -1.902   1.460   2.804
 91 161 12 39 30   1.324  -2.016   1.416   2.810
 91 161 12 40 30   1.538  -1.903   1.332   2.800
 91 161 12 41 30   1.420  -1.934   1.175   2.710
 91 161 12 42 30   1.667  -1.902   1.332   2.883
 91 161 12 43 30   1.331  -2.063   1.422   2.851
 91 161 12 44 30   1.155  -2.055   1.532   2.850
 91 161 12 45 30   1.192  -2.136   1.607   2.934
 91 161 12 46 30   1.008  -2.133   1.755   2.955
 91 161 12 47 30   0.943  -2.224   1.704   2.978
 91 161 12 48 30   1.252  -2.160   1.771   3.084
 91 161 12 49 30   1.145  -2.167   1.835   3.091
 91 161 12 50 30   1.018  -2.350   1.787   3.138
 91 161 12 51 30   1.156  -2.203   1.881   3.144
 91 161 12 52 30   1.067  -2.450   2.141   3.469
 91 161 12 53 30   1.142  -2.766   2.264   3.764
 91 161 12 54 30   1.663  -2.743   2.140   3.925
 91 161 12 55 30   1.294  -3.107   2.296   4.100
 91 161 12 56 30   1.679  -3.021   2.187   4.123
 91 161 12 57 30   1.562  -2.904   2.478   4.159
 91 161 12 58 30   1.677  -3.087   2.426   4.307
 91 161 12 59 30   1.643  -2.996   2.637   4.324
 91 161 13 00 30   1.120  -2.800   2.902   4.221
 91 161 13 01 30   1.422  -3.152   2.389   4.293
 91 161 13 02 30   1.621  -2.932   2.634   4.325
 91 161 13 03 30   1.439  -3.012   2.604   4.274
 91 161 13 04 30   1.726  -3.092   2.433   4.312
 91 161 13 05 30   1.474  -3.260   2.466   4.368
 91 161 13 06 30   1.494  -3.173   2.624   4.394
 91 161 13 07 30   1.429  -2.973   2.783   4.331
 91 161 13 08 30   1.580  -3.030   2.906   4.504
 91 161 13 09 30   1.745  -3.077   2.792   4.529
 91 161 13 10 30   1.707  -2.977   2.862   4.481
 91 161 13 11 30   1.740  -3.201   2.653   4.514
 91 161 13 12 30   1.673  -2.987   2.749   4.421
 91 161 13 13 30   1.384  -2.935   2.807   4.326
 91 161 13 14 30   2.078  -2.465   2.836   4.325
 91 161 13 15 30   1.369  -3.149   2.699   4.398
 91 161 13 16 30   1.260  -3.332   2.644   4.443
 91 161 13 17 30   1.831  -2.815   2.758   4.385
 91 161 13 18 30   1.783  -2.696   2.944   4.381
 91 161 13 19 30   1.801  -2.788   2.892   4.426
 91 161 13 20 30   1.883  -2.716   2.955   4.440
 91 161 13 21 30   1.649  -2.997   2.800   4.427
 91 161 13 22 30   1.781  -2.893   2.814   4.436
 91 161 13 23 30   1.533  -3.180   2.756   4.489
 91 161 13 24 30   1.120  -3.164   2.974   4.495
 91 161 13 25 30   1.416  -3.155   2.806   4.463
 91 161 13 26 30   1.684  -3.175   2.688   4.503
 91 161 13 27 30   1.728  -3.177   2.701   4.519
 91 161 13 28 30   1.465  -3.146   2.728   4.435
 91 161 13 29 30   1.644  -3.181   2.489   4.381
 91 161 13 30 30   0.863  -3.465   2.469   4.361
 91 161 13 31 30   1.497  -3.158   2.779   4.478
 91 161 13 32 30   1.450  -3.152   2.827   4.482
 91 161 13 33 30   1.645  -3.152   2.754   4.515
 91 161 13 34 30   1.293  -3.301   2.722   4.485
 91 161 13 35 30   1.391  -3.395   2.454   4.465
 91 161 13 36 30   1.381  -3.208   2.755   4.464
 91 161 13 37 30   1.434  -3.158   2.809   4.468
 91 161 13 38 30   1.654  -3.141   2.779   4.510
 91 161 13 39 30   1.633  -3.095   2.786   4.479
 91 161 13 40 30   1.342  -3.090   2.899   4.453
 91 161 13 41 30   1.612  -3.062   2.769   4.442
 91 161 13 42 30   1.423  -3.182   2.800   4.473
 91 161 13 43 30   1.561  -3.088   2.831   4.477
 91 161 13 44 30   1.390  -2.993   3.017   4.478
 91 161 13 45 30   1.346  -3.136   2.934   4.503
 91 161 13 46 30   1.389  -3.106   2.876   4.460
 91 161 13 47 30   1.421  -3.013   2.925   4.439
 91 161 13 48 30   1.428  -3.042   2.875   4.425
 91 161 13 49 30   1.450  -2.990   2.805   4.357
 91 161 13 50 30   1.399  -3.098   2.701   4.363
 91 161 13 51 30   1.540  -2.956   2.823   4.374
 91 161 13 52 30   1.242  -2.816   3.062   4.362
 91 161 13 53 30   1.537  -2.925   3.018   4.483
 91 161 13 54 30   1.559  -2.993   2.964   4.497
 91 161 13 55 30   1.559  -2.938   2.988   4.474
 91 161 13 56 30   1.558  -2.909   3.013   4.475
 91 161 13 57 30   1.475  -3.009   2.999   4.503
 91 161 13 58 30   1.553  -3.017   2.971   4.514
 91 161 13 59 30   1.623  -3.073   2.792   4.461
 91 161 14 00 30   1.608  -2.863   2.899   4.383
 91 161 14 01 30   1.798  -2.551   2.914   4.287
 91 161 14 02 30   1.798  -2.501   3.014   4.323
 91 161 14 03 30   1.853  -2.499   2.881   4.246
 91 161 14 04 30   1.908  -2.520   2.872   4.279
 91 161 14 05 30   2.070  -2.297   2.953   4.289
 91 161 14 06 30   2.031  -2.377   2.915   4.283
 91 161 14 07 30   2.156  -2.307   2.801   4.232
 91 161 14 08 30   1.993  -2.466   2.814   4.249
 91 161 14 09 30   2.134  -2.315   2.817   4.237
 91 161 14 10 30   2.012  -2.538   2.733   4.247
 91 161 14 11 30   1.969  -2.478   2.811   4.242
 91 161 14 12 30   1.960  -2.547   2.790   4.261
 91 161 14 13 30   1.941  -2.550   2.867   4.303
 91 161 14 14 30   1.891  -2.533   2.826   4.255
 91 161 14 15 30   2.153  -2.548   2.633   4.269
 91 161 14 16 30   2.436  -2.550   2.492   4.326
 91 161 14 17 30   2.292  -2.661   2.629   4.396
 91 161 14 18 30   2.135  -2.551   2.860   4.391
 91 161 14 19 30   1.918  -2.521   2.956   4.335
 91 161 14 20 30   2.037  -2.464   2.882   4.306
 91 161 14 21 30   2.097  -2.506   2.779   4.292
 91 161 14 22 30   2.174  -2.280   2.909   4.290
 91 161 14 23 30   2.175  -1.980   3.076   4.264
 91 161 14 24 30   2.439  -2.238   2.589   4.211
 91 161 14 25 30   2.474  -2.655   2.138   4.220
 91 161 14 26 30   2.300  -2.691   2.360   4.261
 91 161 14 27 30   2.171  -3.094   1.945   4.270
 91 161 14 28 30   1.905  -3.306   1.875   4.268
 91 161 14 29 30   1.564  -3.482   2.011   4.327
 91 161 14 30 30   1.730  -3.209   2.297   4.334
 91 161 14 31 30   1.575  -3.139   2.506   4.341
 91 161 14 32 30   1.723  -1.957   3.488   4.364
 91 161 14 33 30   1.420  -2.098   3.477   4.306
 91 161 14 34 30   1.455  -2.357   3.282   4.298
 91 161 14 35 30   1.341  -2.462   3.346   4.370
 91 161 14 36 30   1.350  -2.655   3.404   4.527
 91 161 14 37 30   1.268  -2.530   3.515   4.514
 91 161 14 38 30   1.277  -2.559   3.500   4.521
 91 161 14 39 30   1.377  -2.581   3.430   4.510
 91 161 14 40 30   1.417  -2.523   3.426   4.486
 91 161 14 41 30   1.496  -2.548   3.336   4.467
 91 161 14 42 30   1.799  -2.711   3.158   4.554
 91 161 14 43 30   1.407  -2.535   3.647   4.661
 91 161 14 44 30   1.318  -2.476   3.759   4.691
 91 161 14 45 30   1.295  -2.478   3.737   4.668
 91 161 14 46 30   1.201  -2.506   3.751   4.670
 91 161 14 47 30   1.315  -2.539   3.692   4.672
 91 161 14 48 30   1.263  -2.528   3.699   4.657
 91 161 14 49 30   1.267  -2.519   3.721   4.669
 91 161 14 50 30   1.317  -2.477   3.723   4.662
 91 161 14 51 30   1.262  -2.501   3.719   4.658
 91 161 14 52 30   1.266  -2.508   3.704   4.651
 91 161 14 53 30   1.181  -2.603   3.659   4.646
 91 161 14 54 30   1.349  -2.438   3.733   4.659
 91 161 14 55 30   1.446  -2.349   3.646   4.575
 91 161 14 56 30   1.356  -2.231   3.786   4.604
 91 161 14 57 30   1.395  -2.189   3.748   4.563
 91 161 14 58 30   1.588  -2.075   3.650   4.494
 91 161 14 59 30   1.229  -2.349   3.649   4.515
 91 161 15 00 30   1.184  -2.454   3.585   4.509
 91 161 15 01 30   1.135  -2.473   3.618   4.531
 91 161 15 02 30   1.307  -2.518   3.531   4.531
 91 161 15 03 30   1.202  -2.510   3.606   4.556
 91 161 15 04 30   1.043  -2.477   3.688   4.568
 91 161 15 05 30   1.129  -2.514   3.723   4.634
 91 161 15 06 30   1.291  -2.541   3.716   4.685
 91 161 15 07 30   1.238  -2.692   3.638   4.694
 91 161 15 08 30   1.196  -2.684   3.658   4.694
 91 161 15 09 30   1.277  -2.621   3.691   4.705
 91 161 15 10 30   1.216  -2.771   3.649   4.743
 91 161 15 11 30   1.367  -2.666   3.626   4.706
 91 161 15 12 30   1.525  -2.566   3.590   4.672
 91 161 15 13 30   1.679  -2.483   3.581   4.672
 91 161 15 14 30   1.779  -2.358   3.542   4.614
 91 161 15 15 30   1.727  -2.288   3.582   4.597
 91 161 15 16 30   1.865  -2.371   3.484   4.614
 91 161 15 17 30   1.832  -2.382   3.527   4.638
 91 161 15 18 30   1.728  -2.387   3.587   4.647
 91 161 15 19 30   1.482  -2.604   3.458   4.582
 91 161 15 20 30   1.264  -2.777   3.384   4.576
 91 161 15 21 30   1.529  -2.492   3.421   4.510
 91 161 15 22 30   1.575  -2.418   3.456   4.509
 91 161 15 23 30   1.380  -2.658   3.351   4.503
 91 161 15 24 30   1.195  -2.890   3.334   4.577
 91 161 15 25 30   1.226  -2.766   3.413   4.564
 91 161 15 26 30   1.352  -2.798   3.382   4.595
 91 161 15 27 30   1.358  -2.683   3.441   4.574
 91 161 15 28 30   1.114  -2.984   3.178   4.508
 91 161 15 29 30   1.312  -2.880   3.277   4.562
 91 161 15 30 30   1.751  -2.468   3.523   4.650
 91 161 15 31 30   1.463  -2.712   3.425   4.652
 91 161 15 32 30   1.467  -2.942   3.250   4.625
 91 161 15 33 30   1.733  -2.535   3.409   4.595
 91 161 15 34 30   1.922  -2.466   3.361   4.597
 91 161 15 35 30   1.570  -2.753   3.389   4.650
 91 161 15 36 30   1.857  -2.391   3.469   4.606
 91 161 15 37 30   1.823  -2.449   3.505   4.650
 91 161 15 38 30   1.820  -2.402   3.457   4.589
 91 161 15 39 30   1.736  -2.402   3.534   4.618
 91 161 15 40 30   1.830  -2.475   3.463   4.636
 91 161 15 41 30   1.882  -2.408   3.509   4.658
 91 161 15 42 30   1.844  -2.305   3.585   4.650
 91 161 15 43 30   1.724  -2.377   3.550   4.620
 91 161 15 44 30   1.867  -2.355   3.490   4.616
 91 161 15 45 30   1.590  -2.526   3.529   4.631
 91 161 15 46 30   1.666  -2.584   3.480   4.647
 91 161 15 47 30   1.643  -2.552   3.516   4.651
 91 161 15 48 30   1.615  -2.539   3.515   4.644
 91 161 15 49 30   1.773  -2.653   3.381   4.669
 91 161 15 50 30   1.821  -2.815   3.270   4.694
 91 161 15 51 30   1.869  -2.740   3.256   4.661
 91 161 15 52 30   1.731  -2.707   3.473   4.749
 91 161 15 53 30   1.827  -2.902   3.320   4.784
 91 161 15 54 30   1.827  -2.880   3.325   4.774
 91 161 15 55 30   1.793  -2.870   3.373   4.786
 91 161 15 56 30   1.754  -2.825   3.448   4.796
 91 161 15 57 30   1.693  -2.838   3.494   4.816
 91 161 15 58 30   1.862  -2.781   3.412   4.801
 91 161 15 59 30   1.681  -2.687   3.587   4.792
 91 161 16 00 30   2.023  -2.823   3.282   4.788
 91 161 16 01 30   1.649  -2.799   3.533   4.810
 91 161 16 02 30   1.804  -2.737   3.506   4.809
 91 161 16 03 30   1.849  -2.875   3.366   4.809
 91 161 16 04 30   1.867  -2.608   3.537   4.786
 91 161 16 05 30   1.675  -2.847   3.469   4.803
 91 161 16 06 30   1.637  -2.802   3.541   4.815
 91 161 16 07 30   1.781  -3.008   3.383   4.867
 91 161 16 08 30   1.833  -2.974   3.386   4.868
 91 161 16 09 30   1.751  -2.973   3.400   4.851
 91 161 16 10 30   1.934  -3.123   3.168   4.858
 91 161 16 11 30   1.785  -3.154   3.225   4.857
 91 161 16 12 30   1.916  -3.021   3.262   4.848
 91 161 16 13 30   2.035  -3.078   3.127   4.845
 91 161 16 14 30   1.836  -3.156   3.206   4.862
 91 161 16 15 30   1.916  -3.000   3.221   4.813
 91 161 16 16 30   1.806  -3.019   3.297   4.829
 91 161 16 17 30   1.517  -2.968   3.515   4.848
 91 161 16 18 30   1.531  -2.970   3.502   4.847
 91 161 16 19 30   1.825  -3.191   3.085   4.804
 91 161 16 20 30   1.781  -3.088   3.188   4.787
 91 161 16 21 30   1.873  -3.075   3.112   4.766
 91 161 16 22 30   1.942  -3.150   2.876   4.715
 91 161 16 23 30   1.549  -2.949   3.295   4.714
 91 161 16 24 30   1.525  -2.781   3.457   4.697
 91 161 16 25 30   1.466  -2.930   3.338   4.689
 91 161 16 26 30   1.491  -3.033   3.263   4.712
 91 161 16 27 30   1.571  -2.727   3.471   4.704
 91 161 16 28 30   1.763  -2.548   3.406   4.642
 91 161 16 29 30   1.794  -2.719   3.276   4.636
 91 161 16 30 30   1.851  -3.253   2.753   4.662
 91 161 16 31 30   1.785  -3.018   2.943   4.592
 91 161 16 32 30   2.002  -3.105   2.777   4.640
 91 161 16 33 30   1.610  -3.212   2.873   4.628
 91 161 16 34 30   1.641  -3.316   2.794   4.651
 91 161 16 35 30   1.801  -3.140   2.806   4.603
 91 161 16 36 30   2.170  -2.808   2.928   4.618
 91 161 16 37 30   2.064  -2.779   3.075   4.645
 91 161 16 38 30   1.926  -2.981   2.918   4.638
 91 161 16 39 30   1.968  -2.675   3.249   4.656
 91 161 16 40 30   1.955  -2.764   3.145   4.640
 91 161 16 41 30   1.663  -3.042   3.021   4.613
 91 161 16 42 30   1.788  -2.971   3.040   4.627
 91 161 16 43 30   1.916  -3.097   2.877   4.658
 91 161 16 44 30   1.890  -2.906   3.153   4.698
 91 161 16 45 30   1.888  -3.038   2.899   4.619
 91 161 16 46 30   1.970  -3.250   2.572   4.598
 91 161 16 47 30   1.796  -3.116   2.979   4.680
 91 161 16 48 30   1.998  -3.190   2.784   4.689
 91 161 16 49 30   2.026  -3.189   2.738   4.671
 91 161 16 50 30   2.095  -3.420   2.387   4.677
 91 161 16 51 30   1.984  -3.361   2.493   4.645
 91 161 16 52 30   1.982  -3.327   2.535   4.633
 91 161 16 53 30   1.928  -3.259   2.685   4.657
 91 161 16 54 30   2.029  -3.444   2.263   4.604
 91 161 16 55 30   1.958  -3.389   2.258   4.537
 91 161 16 56 30   1.925  -3.468   2.195   4.562
 91 161 16 57 30   1.857  -3.548   2.135   4.568
 91 161 16 58 30   1.916  -3.591   2.172   4.634
 91 161 16 59 30   1.974  -3.805   1.891   4.690
 91 161 17 00 30   1.801  -3.873   1.911   4.681
 91 161 17 01 30   1.795  -3.787   2.116   4.700
 91 161 17 02 30   1.755  -3.612   2.391   4.679
 91 161 17 03 30   1.659  -3.608   2.395   4.645
 91 161 17 04 30   1.304  -3.492   2.684   4.607
 91 161 17 05 30   1.388  -3.431   2.736   4.612
 91 161 17 06 30   1.497  -3.388   2.786   4.647
 91 161 17 07 30   1.479  -3.331   2.864   4.644
 91 161 17 08 30   1.459  -3.379   2.887   4.683
 91 161 17 09 30   1.391  -3.357   2.926   4.669
 91 161 17 10 30   1.304  -3.372   2.955   4.672
 91 161 17 11 30   1.240  -3.349   3.015   4.677
 91 161 17 12 30   1.321  -3.349   2.990   4.684
 91 161 17 13 30   1.144  -3.352   3.049   4.679
 91 161 17 14 30   1.090  -3.317   3.118   4.682
 91 161 17 15 30   1.300  -3.282   3.072   4.682
 91 161 17 16 30   1.342  -3.184   3.137   4.670
 91 161 17 17 30   1.615  -3.358   2.655   4.598
 91 161 17 18 30   1.584  -3.412   2.579   4.582
 91 161 17 19 30   1.462  -3.456   2.545   4.558
 91 161 17 20 30   1.574  -3.165   2.821   4.561
 91 161 17 21 30   1.627  -3.281   2.778   4.615
 91 161 17 22 30   1.643  -3.404   2.525   4.567
 91 161 17 23 30   1.637  -3.510   2.465   4.614
 91 161 17 24 30   1.497  -3.317   2.760   4.575
 91 161 17 25 30   1.801  -3.273   2.652   4.598
 91 161 17 26 30   1.643  -3.343   2.657   4.586
 91 161 17 27 30   1.704  -3.182   2.834   4.600
 91 161 17 28 30   1.696  -3.195   2.926   4.658
 91 161 17 29 30   1.725  -3.154   2.936   4.645
 91 161 17 30 30   1.518  -3.046   3.150   4.640
 91 161 17 31 30   1.590  -3.067   3.111   4.653
 91 161 17 32 30   1.720  -3.000   3.072   4.629
 91 161 17 33 30   1.607  -2.958   3.126   4.606
 91 161 17 34 30   1.784  -3.091   2.884   4.598
 91 161 17 35 30   1.717  -3.058   2.973   4.607
 91 161 17 36 30   1.892  -2.984   2.920   4.595
 91 161 17 37 30   1.806  -2.948   2.989   4.587
 91 161 17 38 30   1.801  -2.884   3.077   4.595
 91 161 17 39 30   1.715  -2.912   3.024   4.556
 91 161 17 40 30   1.748  -2.907   3.067   4.578
 91 161 17 41 30   1.646  -2.768   3.192   4.545
 91 161 17 42 30   1.760  -2.944   3.020   4.577
 91 161 17 43 30   1.549  -2.952   3.150   4.592
 91 161 17 44 30   1.424  -2.833   3.357   4.628
 91 161 17 45 30   1.512  -2.991   3.123   4.590
 91 161 17 46 30   1.820  -2.836   3.019   4.528
 91 161 17 47 30   1.744  -2.882   2.989   4.508
 91 161 17 48 30   1.791  -3.093   2.695   4.484
 91 161 17 49 30   1.834  -3.084   2.641   4.461
 91 161 17 50 30   1.905  -3.198   2.452   4.465
 91 161 17 51 30   1.968  -3.145   2.463   4.461
 91 161 17 52 30   2.071  -3.296   2.217   4.482
 91 161 17 53 30   1.551  -3.165   2.658   4.471
 91 161 17 54 30   1.355  -2.841   2.982   4.373
 91 161 17 55 30   1.244  -2.875   3.017   4.362
 91 161 17 56 30   1.351  -3.190   2.683   4.401
 91 161 17 57 30   1.741  -3.196   2.469   4.417
 91 161 17 58 30   1.703  -3.107   2.641   4.424
 91 161 17 59 30   1.550  -2.950   2.818   4.376
 91 161 18 00 30   1.727  -2.985   2.607   4.338
 91 161 18 01 30   1.581  -3.222   2.526   4.404
 91 161 18 02 30   1.855  -3.257   2.202   4.363
 91 161 18 03 30   1.848  -3.208   2.278   4.365
 91 161 18 04 30   1.724  -3.160   2.442   4.363
 91 161 18 05 30   1.716  -3.364   2.159   4.359
 91 161 18 06 30   1.749  -3.351   2.159   4.360
 91 161 18 07 30   1.798  -3.278   2.256   4.372
 91 161 18 08 30   1.780  -3.225   2.388   4.395
 91 161 18 09 30   1.700  -3.098   2.604   4.394
 91 161 18 10 30   1.721  -2.857   2.857   4.397
 91 161 18 11 30   1.647  -3.006   2.721   4.388
 91 161 18 12 30   1.586  -3.123   2.697   4.432
 91 161 18 13 30   1.552  -2.932   2.920   4.427
 91 161 18 14 30   1.418  -2.882   3.024   4.415
 91 161 18 15 30   1.626  -2.739   3.045   4.414
 91 161 18 16 30   1.534  -2.741   3.074   4.403
 91 161 18 17 30   1.480  -2.723   3.083   4.387
 91 161 18 18 30   1.493  -2.750   3.024   4.360
 91 161 18 19 30   1.462  -2.984   2.826   4.366
 91 161 18 20 30   1.461  -2.896   2.933   4.375
 91 161 18 21 30   1.561  -3.008   2.730   4.366
 91 161 18 22 30   1.625  -2.979   2.717   4.356
 91 161 18 23 30   1.508  -2.946   2.819   4.354
 91 161 18 24 30   1.509  -2.771   2.992   4.365
 91 161 18 25 30   1.556  -2.965   2.766   4.346
 91 161 18 26 30   1.572  -2.915   2.808   4.359
 91 161 18 27 30   1.591  -3.222   2.424   4.344
 91 161 18 28 30   1.600  -3.329   2.247   4.330
 91 161 18 29 30   1.453  -2.928   2.816   4.324
 91 161 18 30 30   1.478  -3.039   2.709   4.332
 91 161 18 31 30   1.528  -3.110   2.608   4.340
 91 161 18 32 30   1.439  -3.185   2.467   4.283
 91 161 18 33 30   1.471  -3.274   2.344   4.290
 91 161 18 34 30   1.462  -3.227   2.553   4.377
 91 161 18 35 30   1.338  -2.904   2.995   4.388
 91 161 18 36 30   1.476  -2.911   2.916   4.381
 91 161 18 37 30   1.525  -2.999   2.766   4.368
 91 161 18 38 30   1.559  -3.084   2.611   4.337
 91 161 18 39 30   1.361  -2.623   3.124   4.320
 91 161 18 40 30   1.515  -2.859   2.816   4.299
 91 161 18 41 30   1.588  -2.877   2.735   4.284
 91 161 18 42 30   1.736  -3.196   2.222   4.281
 91 161 18 43 30   1.749  -3.351   1.999   4.278
 91 161 18 44 30   1.701  -3.321   2.046   4.262
 91 161 18 45 30   1.739  -3.397   1.868   4.256
 91 161 18 46 30   1.770  -3.332   1.958   4.253
 91 161 18 47 30   1.828  -3.342   1.898   4.260
 91 161 18 48 30   1.872  -3.414   1.603   4.220
 91 161 18 49 30   1.727  -3.291   1.880   4.190
 91 161 18 50 30   1.805  -3.332   1.772   4.192
 91 161 18 51 30   1.766  -3.359   1.922   4.265
 91 161 18 52 30   1.702  -3.267   2.209   4.302
 91 161 18 53 30   1.634  -3.198   2.336   4.291
 91 161 18 54 30   1.567  -3.197   2.396   4.297
 91 161 18 55 30   1.541  -3.149   2.444   4.277
 91 161 18 56 30   1.520  -3.135   2.476   4.277
 91 161 18 57 30   1.554  -3.240   2.214   4.227
 91 161 18 58 30   1.561  -3.143   2.370   4.237
 91 161 18 59 30   1.588  -3.019   2.494   4.228
 91 161 19 00 30   1.534  -3.050   2.445   4.201
 91 161 19 01 30   1.482  -3.048   2.440   4.182
 91 161 19 02 30   1.339  -2.980   2.577   4.173
 91 161 19 03 30   1.412  -3.030   2.591   4.234
 91 161 19 04 30   1.436  -2.883   2.673   4.198
 91 161 19 05 30   1.519  -2.874   2.601   4.168
 91 161 19 06 30   1.449  -2.829   2.732   4.198
 91 161 19 07 30   1.456  -2.814   2.783   4.220
 91 161 19 08 30   1.448  -2.788   2.848   4.242
 91 161 19 09 30   1.432  -2.736   2.915   4.249
 91 161 19 10 30   1.446  -2.770   2.849   4.231
 91 161 19 11 30   1.386  -2.721   2.935   4.240
 91 161 19 12 30   1.373  -2.603   3.042   4.235
 91 161 19 13 30   1.319  -2.514   3.134   4.230
 91 161 19 14 30   1.408  -2.687   2.895   4.203
 91 161 19 15 30   1.571  -2.727   2.745   4.181
 91 161 19 16 30   1.595  -2.943   2.586   4.232
 91 161 19 17 30   1.700  -3.042   2.383   4.224
 91 161 19 18 30   1.816  -3.070   2.244   4.224
 91 161 19 19 30   2.106  -3.063   1.899   4.183
 91 161 19 20 30   2.221  -3.114   1.672   4.186
 91 161 19 21 30   2.036  -3.210   1.756   4.196
 91 161 19 22 30   1.871  -3.380   1.728   4.237
 91 161 19 23 30   1.672  -3.446   1.761   4.227
 91 161 19 24 30   1.577  -3.530   1.680   4.234
 91 161 19 25 30   1.276  -3.502   1.879   4.204
 91 161 19 26 30   1.597  -3.385   1.794   4.176
 91 161 19 27 30   1.432  -3.484   1.813   4.187
 91 161 19 28 30   1.463  -3.496   1.640   4.152
 91 161 19 29 30   1.743  -3.471   1.497   4.175
 91 161 19 30 30   1.738  -3.448   1.675   4.250
 91 161 19 31 30   2.012  -3.701   0.768   4.289
 91 161 19 32 30   1.825  -3.703   0.935   4.245
 91 161 19 33 30   1.843  -3.610   1.093   4.211
 91 161 19 34 30   1.776  -3.620   1.149   4.198
 91 161 19 35 30   1.852  -3.513   1.315   4.187
 91 161 19 36 30   1.880  -3.653   0.866   4.206
 91 161 19 37 30   1.741  -3.724   0.853   4.205
 91 161 19 38 30   1.762  -3.632   1.097   4.192
 91 161 19 39 30   1.736  -3.715   0.872   4.198
 91 161 19 40 30   1.873  -3.653   0.818   4.189
 91 161 19 41 30   1.830  -3.688   0.726   4.192
 91 161 19 42 30   1.881  -3.662   0.715   4.189
 91 161 19 43 30   1.708  -3.684   0.826   4.155
 91 161 19 44 30   1.704  -3.575   1.177   4.134
 91 161 19 45 30   1.723  -3.512   1.263   4.119
 91 161 19 46 30   1.760  -3.474   1.279   4.103
 91 161 19 47 30   1.763  -3.394   1.425   4.095
 91 161 19 48 30   1.694  -3.574   1.204   4.142
 91 161 19 49 30   1.533  -3.674   1.085   4.132
 91 161 19 50 30   1.548  -3.623   1.149   4.119
 91 161 19 51 30   1.978  -3.151   1.646   4.079
 91 161 19 52 30   1.980  -3.102   1.726   4.067
 91 161 19 53 30   1.902  -3.203   1.679   4.090
 91 161 19 54 30   1.830  -3.298   1.581   4.093
 91 161 19 55 30   1.804  -3.385   1.363   4.075
 91 161 19 56 30   1.807  -3.435   1.278   4.089
 91 161 19 57 30   1.831  -3.435   1.174   4.072
 91 161 19 58 30   1.804  -3.430   1.294   4.091
 91 161 19 59 30   1.616  -3.479   1.461   4.106
 91 161 20 00 30   1.539  -3.519   1.452   4.115
 91 161 20 01 30   1.587  -3.554   1.342   4.129
 91 161 20 02 30   1.605  -3.629   1.262   4.165
 91 161 20 03 30   1.532  -3.631   1.253   4.140
 91 161 20 04 30   1.620  -3.638   0.855   4.082
 91 161 20 05 30   1.600  -3.707   0.636   4.094
 91 161 20 06 30   1.597  -3.746   0.511   4.108
 91 161 20 07 30   1.684  -3.673   0.615   4.094
 91 161 20 08 30   1.555  -3.740   0.598   4.100
 91 161 20 09 30   1.730  -3.620   0.556   4.060
 91 161 20 10 30   1.721  -3.655   0.390   4.059
 91 161 20 11 30   1.712  -3.642   0.436   4.048
 91 161 20 12 30   1.610  -3.628   0.597   4.017
 91 161 20 13 30   1.576  -3.627   0.601   4.006
 91 161 20 14 30   1.612  -3.622   0.671   4.026
 91 161 20 15 30   1.803  -3.258   1.612   4.072
 91 161 20 16 30   1.519  -3.342   1.575   4.030
 91 161 20 17 30   1.647  -3.076   2.063   4.055
 91 161 20 18 30   1.727  -3.030   2.050   4.047
 91 161 20 19 30   1.737  -3.021   2.047   4.043
 91 161 20 20 30   1.737  -3.095   1.938   4.047
 91 161 20 21 30   1.649  -3.205   1.854   4.066
 91 161 20 22 30   1.443  -3.480   1.609   4.099
 91 161 20 23 30   1.485  -3.299   1.876   4.079
 91 161 20 24 30   1.517  -3.347   1.681   4.043
 91 161 20 25 30   1.353  -3.434   1.716   4.073
 91 161 20 26 30   1.242  -3.544   1.642   4.101
 91 161 20 27 30   1.360  -3.606   1.408   4.108
 91 161 20 28 30   1.317  -3.696   1.211   4.106
 91 161 20 29 30   1.142  -3.744   1.092   4.064
 91 161 20 30 30   1.007  -3.791   1.026   4.057
 91 161 20 31 30   1.071  -3.773   1.076   4.069
 91 161 20 32 30   0.883  -3.787   1.025   4.026
 91 161 20 33 30   0.910  -3.774   1.166   4.056
 91 161 20 34 30   1.039  -3.700   1.197   4.027
 91 161 20 35 30   1.028  -3.702   1.150   4.015
 91 161 20 36 30   1.072  -3.697   1.095   4.013
 91 161 20 37 30   1.080  -3.714   1.137   4.034
 91 161 20 38 30   1.137  -3.721   1.138   4.055
 91 161 20 39 30   1.149  -3.722   1.151   4.064
 91 161 20 40 30   1.051  -3.764   1.120   4.066
 91 161 20 41 30   1.085  -3.765   1.051   4.058
 91 161 20 42 30   1.171  -3.767   1.039   4.080
 91 161 20 43 30   1.290  -3.710   0.894   4.041
 91 161 20 44 30   1.614  -3.612   0.607   4.005
 91 161 20 45 30   1.595  -3.615   0.660   4.007
 91 161 20 52 30   1.364  -3.451   1.168   3.931
 91 161 20 53 30   1.243  -3.599   0.762   3.910
 91 161 20 54 30   1.303  -3.604   0.807   3.944
 91 161 20 55 30   1.748  -3.557  -0.105   3.994
 91 161 20 56 30   1.571  -3.224   1.492   4.067
 91 161 20 57 30   1.528  -3.133   2.108   4.087
 91 161 20 58 30   1.629  -3.202   1.858   4.056
 91 161 20 59 30   1.656  -3.133   1.979   4.066
 91 161 21 00 30   1.783  -3.004   1.983   4.020
 91 161 21 01 30   1.660  -3.082   1.960   4.014
 91 161 21 02 30   1.602  -3.153   1.905   4.020
 91 161 21 03 30   1.558  -3.246   1.863   4.055
 91 161 21 04 30   1.593  -3.173   1.912   4.035
 91 161 21 05 30   1.829  -2.957   2.018   4.023
 91 161 21 06 30   1.622  -3.194   1.788   4.006
 91 161 21 07 30   1.129  -3.555   0.798   3.970
 91 161 21 08 30   1.125  -3.860   0.306   4.039
 91 161 21 09 30   1.377  -3.744   0.471   4.031
 91 161 21 10 30   1.530  -3.676   0.541   4.020
 91 161 21 11 30   1.349  -3.777   0.657   4.070
 91 161 21 12 30   1.091  -3.847   0.589   4.055
 91 161 21 13 30   0.995  -3.844   0.744   4.043
 91 161 21 14 30   1.163  -3.788   0.705   4.029
 91 161 21 15 30   0.940  -3.870   0.664   4.039
 91 161 21 16 30   1.178  -3.757   0.867   4.042
 91 161 21 17 30   0.940  -3.845   0.724   4.033
 91 161 21 18 30   1.125  -3.805   0.786   4.070
 91 161 21 19 30   1.036  -3.820   0.761   4.039
 91 161 21 20 30   1.066  -3.852   0.637   4.058
 91 161 21 21 30   1.248  -3.771   0.774   4.052
 91 161 21 22 30   1.428  -3.699   0.898   4.074
 91 161 21 23 30   1.308  -3.772   0.818   4.086
 91 161 21 24 30   0.893  -3.927   0.625   4.085
 91 161 21 25 30   0.843  -3.897   0.772   4.068
 91 161 21 26 30   0.832  -3.942   0.749   4.102
 91 161 21 27 30   0.731  -3.947   0.798   4.098
 91 161 21 28 30   0.950  -3.885   0.831   4.089
 91 161 21 29 30   0.960  -3.876   0.966   4.118
 91 161 21 30 30   1.029  -3.846   0.944   4.105
 91 161 21 31 30   0.869  -3.846   1.102   4.099
 91 161 21 32 30   0.672  -3.897   1.024   4.098
 91 161 21 33 30   0.835  -3.874   1.124   4.139
 91 161 21 34 30   0.534  -4.046   0.682   4.143
 91 161 21 35 30   0.172  -4.115   0.140   4.126
 91 161 21 36 30  -0.191  -4.101  -0.322   4.135
 91 161 21 37 30   0.140  -4.108  -0.031   4.118
 91 161 21 38 30   0.341  -4.012   0.112   4.078
 91 161 21 39 30  -0.148  -3.977  -0.340   4.051
 91 161 21 40 30  -0.152  -4.137   0.591   4.228
 91 161 21 41 30   0.152  -3.628   1.820   4.138
 91 161 21 42 30   0.600  -3.623   2.060   4.215
 91 161 21 43 30   0.880  -3.647   1.942   4.231
 91 161 21 44 30   0.785  -3.318   2.352   4.156
 91 161 21 45 30   0.650  -3.346   2.390   4.172
 91 161 21 46 30   0.669  -3.077   2.621   4.108
 91 161 21 47 30   0.845  -3.148   2.468   4.095
 91 161 21 48 30   0.987  -3.314   1.673   4.040
 91 161 21 49 30   0.857  -3.384   1.558   3.937
 91 161 21 50 30   1.103  -3.447   1.373   3.953
 91 161 21 51 30   1.243  -3.710   0.058   3.943
 91 161 21 52 30   0.967  -3.321   1.938   3.989
 91 161 21 53 30   1.010  -3.428   1.512   3.934
 91 161 21 54 30   1.238  -3.488   1.269   3.925
 91 161 21 55 30   1.271  -3.315   1.568   3.913
 91 161 21 56 30   1.202  -3.491   1.211   3.913
 91 161 21 57 30   1.164  -3.479   1.330   3.918
 91 161 21 58 30   1.391  -3.357   1.398   3.896
 91 161 21 59 30   1.463  -2.896   2.099   3.896
 91 161 22 00 30   0.560  -3.570   1.355   3.912
 91 161 22 01 30   0.489  -3.778   0.979   3.943
 91 161 22 02 30   0.525  -3.873   0.698   3.974
 91 161 22 03 30   0.718  -3.808   0.868   3.974
 91 161 22 04 30   0.651  -3.731   1.142   3.971
 91 161 22 05 30   0.696  -3.810   0.973   4.005
 91 161 22 06 30   0.563  -3.836   0.956   4.000
 91 161 22 07 30   0.732  -3.664   1.289   3.971
 91 161 22 08 30   1.024  -3.562   1.385   3.963
 91 161 22 09 30   0.484  -3.721   1.098   3.972
 91 161 22 10 30   1.433  -3.259   1.732   4.014
 91 161 22 11 30   1.708  -2.973   2.170   4.073
 91 161 22 12 30   1.404  -3.412   1.660   4.051
 91 161 22 13 30   1.347  -3.330   1.844   4.046
 91 161 22 14 30   1.283  -3.464   1.665   4.058
 91 161 22 15 30   1.038  -3.506   1.648   4.025
 91 161 22 16 30   1.092  -3.463   1.650   3.994
 91 161 22 17 30   0.961  -3.643   1.328   4.000
 91 161 22 18 30   0.808  -3.727   0.923   3.950
 91 161 22 19 30   0.796  -3.759   0.532   3.889
 91 161 22 20 30   0.777  -3.711   0.799   3.880
 91 161 22 21 30   0.631  -3.731  -0.042   3.827
 91 161 22 22 30   0.338  -3.605  -1.014   3.761
 91 161 22 23 30   0.229  -3.395  -1.385   3.675
 91 161 22 24 30   0.260  -3.328  -1.507   3.668
 91 161 22 25 30   0.044  -3.380  -1.528   3.721
 91 161 22 26 30   0.026  -3.608  -1.144   3.794
 91 161 22 27 30   0.229  -3.738  -0.847   3.854
 91 161 22 28 30   1.257  -3.615  -0.463   3.862
 91 161 22 29 30   1.179  -3.634  -0.497   3.858
 91 161 22 30 30   0.436  -3.713  -0.935   3.874
 91 161 22 31 30   0.066  -3.702  -1.181   3.889
 91 161 22 32 30  -0.124  -3.666  -1.324   3.904
 91 161 22 33 30  -0.529  -3.335  -1.912   3.885
 91 161 22 34 30  -0.689  -3.219  -1.975   3.850
 91 161 22 35 30  -0.534  -3.324  -1.843   3.862
 91 161 22 36 30  -0.385  -3.461  -1.661   3.861
 91 161 22 37 30  -0.376  -3.543  -1.596   3.921
 91 161 22 38 30  -0.368  -3.632  -1.588   3.984
 91 161 22 39 30  -0.310  -3.623  -1.573   3.964
 91 161 22 40 30  -0.404  -3.589  -1.619   3.959
 91 161 22 41 30  -0.423  -3.580  -1.664   3.971
 91 161 22 42 30  -0.358  -3.621  -1.616   3.984
 91 161 22 43 30  -0.113  -3.654  -1.536   3.967
 91 161 22 44 30  -0.045  -3.658  -1.510   3.959
 91 161 22 45 30   0.306  -3.721  -1.193   3.924
 91 161 22 46 30   0.290  -3.719  -1.074   3.897
 91 161 22 47 30   0.670  -3.772  -0.637   3.889
 91 161 22 48 30   0.566  -3.802  -0.500   3.885
 91 161 22 49 30   0.471  -3.742  -0.996   3.905
 91 161 22 50 30  -0.068  -3.453  -1.469   3.760
 91 161 22 51 30   0.151  -3.480  -1.237   3.768
 91 161 22 52 30   0.893  -3.766  -0.178   3.875
 91 161 22 53 30   0.954  -3.734  -0.237   3.862
 91 161 22 54 30   0.904  -3.841  -0.301   3.961
 91 161 22 55 30   0.857  -3.887  -0.359   3.997
 91 161 22 56 30   0.778  -3.893  -0.326   3.985
 91 161 22 57 30   0.554  -3.881  -0.591   3.968
 91 161 22 58 30   0.686  -3.812  -0.416   3.917
 91 161 22 59 30   0.775  -3.703  -0.231   3.802
 91 161 23 00 30   1.088  -3.660   0.132   3.822
 91 161 23 01 30   1.240  -3.627   0.193   3.842
 91 161 23 02 30   1.278  -3.705   0.050   3.921
 91 161 23 03 30   0.992  -3.671  -0.290   3.820
 91 161 23 04 30   0.457  -3.742  -0.442   3.809
 91 161 23 05 30   0.292  -3.667  -0.811   3.808
 91 161 23 06 30   0.951  -3.770  -0.150   3.907
 91 161 23 07 30   1.176  -3.578   0.556   3.946
 91 161 23 08 30   1.433  -3.372   1.387   3.962
 91 161 23 09 30   1.252  -3.401   1.435   3.921
 91 161 23 10 30   0.982  -3.520  -0.175   3.840
 91 161 23 11 30   0.537  -3.390  -1.500   3.758
 91 161 23 12 30   0.481  -3.450  -1.330   3.742
 91 161 23 13 30   0.415  -3.623  -0.926   3.777
 91 161 23 14 30   0.302  -3.557  -0.966   3.731
 91 161 23 15 30  -0.003  -3.716  -0.850   3.818
 91 161 23 16 30   0.320  -3.731  -0.671   3.811
 91 161 23 17 30   0.673  -3.650  -0.806   3.807
 91 161 23 18 30   0.307  -3.503  -1.277   3.753
 91 161 23 19 30   0.133  -3.495  -1.427   3.788
 91 161 23 20 30   0.522  -3.719  -0.718   3.841
 91 161 23 21 30   0.548  -3.774  -0.468   3.845
 91 161 23 22 30   0.379  -3.625  -0.947   3.771
 91 161 23 23 30   0.407  -3.676  -0.956   3.836
 91 161 23 24 30   0.335  -3.625  -1.262   3.876
 91 161 23 25 30  -0.213  -3.279  -1.864   3.787
 91 161 23 26 30  -0.256  -3.202  -1.983   3.779
 91 161 23 27 30   0.029  -3.508  -1.359   3.793
 91 161 23 28 30  -0.132  -3.360  -1.678   3.775
 91 161 23 29 30  -0.224  -3.264  -1.921   3.803
 91 161 23 30 30  -0.008  -3.430  -1.603   3.800
 91 161 23 31 30   0.106  -3.519  -1.458   3.812
 91 161 23 32 30   0.085  -3.495  -1.481   3.799
 91 161 23 33 30  -0.039  -3.463  -1.522   3.785
 91 161 23 34 30   0.196  -3.518  -1.438   3.810
 91 161 23 35 30   0.312  -3.562  -1.413   3.847
 91 161 23 36 30   0.352  -3.558  -1.323   3.823
 91 161 23 37 30   0.384  -3.513  -1.547   3.862
 91 161 23 38 30   0.400  -3.511  -1.491   3.841
 91 161 23 39 30   0.585  -3.559  -1.245   3.824
 91 161 23 40 30   0.680  -3.577  -1.147   3.820
 91 161 23 41 30   0.544  -3.447  -1.285   3.722
 91 161 23 42 30   0.351  -3.439  -1.364   3.723
 91 161 23 43 30   0.354  -3.505  -1.384   3.788
 91 161 23 44 30   0.317  -3.490  -1.486   3.809
 91 161 23 45 30   0.310  -3.504  -1.463   3.813
 91 161 23 46 30   0.172  -3.465  -1.613   3.828
 91 161 23 47 30   0.114  -3.388  -1.670   3.783
 91 161 23 48 30   0.236  -3.467  -1.479   3.787
 91 161 23 49 30  -0.001  -3.420  -1.649   3.800
 91 161 23 50 30   0.185  -3.484  -1.544   3.819
 91 161 23 51 30   0.505  -3.452  -1.481   3.801
 91 161 23 52 30   0.700  -3.481  -1.365   3.813
 91 161 23 53 30   0.720  -3.528  -1.183   3.805
 91 161 23 54 30   0.646  -3.426  -1.474   3.790
 91 161 23 55 30   0.380  -3.188  -2.010   3.794
 91 161 23 56 30   0.590  -3.423  -1.485   3.833
 91 161 23 57 30   0.959  -3.528  -1.140   3.835
 91 161 23 58 30   0.695  -3.520  -1.266   3.810
 91 161 23 59 30   0.518  -3.564  -1.225   3.813
