 91 172 00 00 30  -0.382   0.885   1.065   1.443
 91 172 00 01 30  -0.586   0.611   1.144   1.437
 91 172 00 02 30  -0.628   0.211   1.249   1.437
 91 172 00 03 30  -0.652   0.030   1.267   1.427
 91 172 00 04 30  -0.685   0.110   1.244   1.429
 91 172 00 05 30  -0.617   0.356   1.232   1.424
 91 172 00 06 30  -0.636   0.399   1.199   1.416
 91 172 00 07 30  -0.600   0.447   1.198   1.414
 91 172 00 08 30  -0.568   0.405   1.233   1.420
 91 172 00 09 30  -0.543   0.359   1.259   1.419
 91 172 00 10 30  -0.554   0.214   1.272   1.410
 91 172 00 11 30  -0.508  -0.044   1.298   1.401
 91 172 00 12 30  -0.591   0.139   1.262   1.405
 91 172 00 13 30  -0.590   0.199   1.233   1.393
 91 172 00 14 30  -0.784  -0.036   1.104   1.374
 91 172 00 15 30  -0.596   0.326   1.223   1.403
 91 172 00 16 30  -0.591   0.426   1.197   1.403
 91 172 00 17 30  -0.566   0.486   1.156   1.377
 91 172 00 18 30  -0.649   0.179   1.104   1.317
 91 172 00 19 30  -0.667   0.160   1.097   1.299
 91 172 00 20 30  -0.683   0.129   1.109   1.313
 91 172 00 21 30  -0.726   0.079   1.106   1.327
 91 172 00 22 30  -0.706   0.207   1.111   1.342
 91 172 00 23 30  -0.546   0.515   1.160   1.389
 91 172 00 24 30  -0.601   0.584   1.102   1.388
 91 172 00 25 30  -0.688   0.617   1.015   1.379
 91 172 00 26 30  -0.670   0.575   1.042   1.375
 91 172 00 27 30  -0.646   0.660   0.993   1.360
 91 172 00 28 30  -0.655   0.718   0.938   1.352
 91 172 00 29 30  -0.709   0.674   0.927   1.349
 91 172 00 30 30  -0.709   0.663   0.923   1.340
 91 172 00 31 30  -0.705   0.652   0.932   1.339
 91 172 00 32 30  -0.711   0.663   0.912   1.333
 91 172 00 33 30  -0.661   0.729   0.898   1.334
 91 172 00 34 30  -0.719   0.734   0.844   1.332
 91 172 00 35 30  -0.705   0.770   0.815   1.325
 91 172 00 36 30  -0.754   0.814   0.719   1.323
 91 172 00 37 30  -0.733   0.811   0.712   1.305
 91 172 00 38 30  -0.731   0.763   0.740   1.303
 91 172 00 39 30  -0.753   0.651   0.852   1.310
 91 172 00 40 30  -0.732   0.678   0.838   1.304
 91 172 00 41 30  -0.709   0.636   0.854   1.281
 91 172 00 42 30  -0.691   0.693   0.807   1.272
 91 172 00 43 30  -0.663   0.864   0.668   1.279
 91 172 00 44 30  -0.672   0.863   0.661   1.281
 91 172 00 45 30  -0.616   0.829   0.760   1.283
 91 172 00 46 30  -0.606   0.870   0.699   1.271
 91 172 00 47 30  -0.630   0.876   0.656   1.264
 91 172 00 48 30  -0.627   0.914   0.623   1.273
 91 172 00 49 30  -0.597   1.042   0.428   1.277
 91 172 00 50 30  -0.661   0.974   0.456   1.269
 91 172 00 51 30  -0.664   0.946   0.511   1.266
 91 172 00 52 30  -0.670   0.957   0.473   1.264
 91 172 00 53 30  -0.635   0.960   0.508   1.259
 91 172 00 54 30  -0.570   1.041   0.468   1.277
 91 172 00 55 30  -0.610   1.025   0.436   1.273
 91 172 00 56 30  -0.525   1.101  -0.029   1.257
 91 172 00 57 30  -0.377   1.131  -0.240   1.221
 91 172 00 58 30  -0.417   1.130  -0.181   1.220
 91 172 00 59 30  -0.427   1.112  -0.258   1.222
 91 172 01 00 30  -0.488   1.092  -0.103   1.206
 91 172 01 01 30  -0.331   1.135  -0.279   1.219
 91 172 01 02 30  -0.323   1.148  -0.211   1.214
 91 172 01 03 30  -0.309   1.152  -0.205   1.212
 91 172 01 04 30  -0.252   1.147  -0.303   1.218
 91 172 01 05 30  -0.413   0.987   0.207   1.190
 91 172 01 06 30  -0.267   0.656   0.940   1.200
 91 172 01 07 30  -0.320   0.864   0.755   1.197
 91 172 01 08 30  -0.335   0.865   0.739   1.194
 91 172 01 09 30  -0.342   0.867   0.727   1.187
 91 172 01 10 30  -0.372   0.877   0.709   1.192
 91 172 01 11 30  -0.361   0.829   0.762   1.189
 91 172 01 12 30  -0.318   0.958   0.596   1.182
 91 172 01 13 30  -0.310   0.943   0.622   1.175
 91 172 01 14 30  -0.318   0.971   0.532   1.168
 91 172 01 15 30  -0.021   1.134   0.183   1.153
 91 172 01 16 30  -0.198   0.952   0.368   1.148
 91 172 01 17 30  -0.305   0.833   0.603   1.144
 91 172 01 18 30  -0.403   0.794   0.720   1.149
 91 172 01 19 30  -0.529   0.765   0.670   1.148
 91 172 01 20 30  -0.515   0.794   0.666   1.158
 91 172 01 21 30  -0.367   0.932   0.565   1.171
 91 172 01 22 30  -0.218   1.101   0.323   1.173
 91 172 01 23 30  -0.273   1.113   0.229   1.170
 91 172 01 24 30  -0.296   1.073   0.339   1.168
 91 172 01 25 30  -0.274   1.071   0.339   1.172
 91 172 01 26 30  -0.226   1.105  -0.114   1.141
 91 172 01 27 30  -0.190   1.118   0.046   1.152
 91 172 01 28 30  -0.206   1.120  -0.135   1.155
 91 172 01 29 30  -0.042   0.973  -0.504   1.103
 91 172 01 30 30   0.013   1.022  -0.523   1.151
 91 172 01 31 30   0.091   0.965  -0.639   1.167
 91 172 01 32 30   0.068   0.951  -0.672   1.169
 91 172 01 33 30   0.150   0.925  -0.691   1.168
 91 172 01 34 30   0.253   0.805  -0.794   1.165
 91 172 01 35 30   0.127   0.956  -0.481   1.105
 91 172 01 36 30  -0.324   0.870   0.369   1.060
 91 172 01 37 30  -0.457   0.587   0.851   1.135
 91 172 01 38 30  -0.527   0.599   0.797   1.131
 91 172 01 39 30  -0.512   0.623   0.790   1.130
 91 172 01 40 30  -0.458   0.794   0.355   1.082
 91 172 01 41 30  -0.341   0.911  -0.264   1.037
 91 172 01 42 30  -0.331   1.046   0.153   1.109
 91 172 01 43 30  -0.355   1.033   0.061   1.101
 91 172 01 44 30  -0.376   0.925   0.031   1.065
 91 172 01 45 30  -0.595   0.779  -0.388   1.061
 91 172 01 46 30  -0.669   0.733  -0.274   1.045
 91 172 01 47 30  -0.822   0.627  -0.136   1.052
 91 172 01 48 30  -0.909   0.509  -0.186   1.063
 91 172 01 49 30  -0.718   0.739  -0.171   1.063
 91 172 01 50 30  -0.608   0.879   0.000   1.072
 91 172 01 51 30  -0.520   0.919   0.001   1.058
 91 172 01 52 30  -0.490   0.847  -0.269   1.038
 91 172 01 53 30  -0.477   0.774  -0.464   1.033
 91 172 01 54 30  -0.503   0.833  -0.263   1.034
 91 172 01 55 30  -0.532   0.828  -0.314   1.039
 91 172 01 56 30  -0.407   0.953  -0.199   1.060
 91 172 01 57 30  -0.351   0.938  -0.234   1.059
 91 172 01 58 30  -0.640   0.780   0.167   1.041
 91 172 01 59 30  -0.706   0.743   0.212   1.049
 91 172 02 00 30  -0.725   0.617   0.398   1.036
 91 172 02 01 30  -0.706   0.644   0.405   1.047
 91 172 02 02 30  -0.709   0.713   0.275   1.044
 91 172 02 03 30  -0.715   0.678   0.342   1.046
 91 172 02 04 30  -0.731   0.606   0.443   1.049
 91 172 02 05 30  -0.696   0.671   0.362   1.048
 91 172 02 06 30  -0.718   0.695   0.305   1.047
 91 172 02 07 30  -0.738   0.657   0.357   1.055
 91 172 02 08 30  -0.710   0.725   0.253   1.054
 91 172 02 09 30  -0.743   0.655   0.307   1.047
 91 172 02 10 30  -0.735   0.676   0.171   1.028
 91 172 02 11 30  -0.765   0.641   0.242   1.032
 91 172 02 12 30  -0.766   0.613   0.191   1.016
 91 172 02 13 30  -0.491   0.884  -0.110   1.026
 91 172 02 14 30  -0.368   0.906  -0.258   1.019
 91 172 02 15 30  -0.371   0.822  -0.380   1.021
 91 172 02 16 30  -0.090   0.629  -0.830   1.053
 91 172 02 17 30   0.012   0.808  -0.662   1.054
 91 172 02 18 30  -0.007   0.793  -0.687   1.060
 91 172 02 19 30   0.273   0.487  -0.877   1.062
 91 172 02 20 30  -0.335   0.840  -0.500   1.052
 91 172 02 21 30  -0.391   0.736  -0.633   1.068
 91 172 02 22 30  -0.419   0.695  -0.678   1.060
 91 172 02 23 30  -0.358   0.619  -0.767   1.055
 91 172 02 24 30  -0.215   0.603  -0.803   1.041
 91 172 02 25 30  -0.182   0.799  -0.543   1.020
 91 172 02 26 30   0.000   0.323  -0.883   1.020
 91 172 02 27 30  -0.318   0.606   0.662   1.003
 91 172 02 28 30  -0.367   0.703   0.635   1.023
 91 172 02 29 30  -0.422   0.809   0.465   1.025
 91 172 02 30 30  -0.452   0.847   0.385   1.035
 91 172 02 31 30  -0.458   0.826   0.422   1.037
 91 172 02 32 30  -0.502   0.794   0.418   1.032
 91 172 02 33 30  -0.519   0.802   0.369   1.030
 91 172 02 34 30  -0.589   0.782   0.276   1.023
 91 172 02 35 30  -0.509   0.748   0.476   1.031
 91 172 02 36 30  -0.524   0.715   0.515   1.028
 91 172 02 37 30  -0.508   0.843   0.103   1.038
 91 172 02 38 30  -0.537   0.864   0.145   1.029
 91 172 02 39 30  -0.560   0.839   0.062   1.026
 91 172 02 40 30  -0.521   0.880  -0.057   1.033
 91 172 02 41 30  -0.471   0.873  -0.298   1.043
 91 172 02 42 30  -0.511   0.869  -0.243   1.039
 91 172 02 43 30  -0.489   0.897  -0.140   1.032
 91 172 02 44 30  -0.406   0.822  -0.438   1.036
 91 172 02 45 30  -0.589   0.802   0.068   1.030
 91 172 02 46 30  -0.590   0.790   0.353   1.049
 91 172 02 47 30  -0.583   0.807   0.317   1.050
 91 172 02 48 30  -0.626   0.707   0.460   1.053
 91 172 02 49 30  -0.615   0.728   0.439   1.055
 91 172 02 50 30  -0.649   0.740   0.383   1.058
 91 172 02 51 30  -0.603   0.790   0.323   1.048
 91 172 02 52 30  -0.663   0.738   0.350   1.055
 91 172 02 53 30  -0.630   0.811   0.278   1.065
 91 172 02 54 30  -0.580   0.810   0.344   1.057
 91 172 02 55 30  -0.582   0.819   0.316   1.057
 91 172 02 56 30  -0.668   0.784   0.178   1.047
 91 172 02 57 30  -0.670   0.796   0.033   1.044
 91 172 02 58 30  -0.713   0.788  -0.005   1.063
 91 172 02 59 30  -0.749   0.766  -0.046   1.073
 91 172 03 00 30  -0.760   0.739  -0.101   1.065
 91 172 03 01 30  -0.683   0.809   0.017   1.061
 91 172 03 02 30  -0.672   0.779   0.066   1.039
 91 172 03 03 30  -0.620   0.785   0.230   1.033
 91 172 03 04 30  -0.585   0.794   0.320   1.048
 91 172 03 05 30  -0.520   0.805   0.397   1.041
 91 172 03 06 30  -0.510   0.831   0.302   1.034
 91 172 03 07 30  -0.606   0.812   0.173   1.030
 91 172 03 08 30  -0.584   0.816   0.220   1.031
 91 172 03 09 30  -0.515   0.674   0.453   1.018
 91 172 03 10 30  -0.154   0.373   0.952   1.041
 91 172 03 11 30  -0.087   0.330   1.016   1.073
 91 172 03 12 30  -0.137   0.320   1.007   1.067
 91 172 03 13 30  -0.146   0.329   0.999   1.063
 91 172 03 14 30  -0.142   0.344   0.992   1.061
 91 172 03 15 30  -0.155   0.317   0.984   1.047
 91 172 03 16 30  -0.276   0.424   0.938   1.068
 91 172 03 17 30  -0.399   0.501   0.833   1.051
 91 172 03 18 30  -0.438   0.505   0.805   1.049
 91 172 03 19 30  -0.434   0.508   0.802   1.045
 91 172 03 20 30  -0.420   0.482   0.838   1.058
 91 172 03 21 30  -0.388   0.502   0.844   1.057
 91 172 03 22 30  -0.408   0.503   0.825   1.052
 91 172 03 23 30  -0.475   0.659   0.547   1.014
 91 172 03 24 30  -0.536   0.800   0.246   0.998
 91 172 03 25 30  -0.621   0.790   0.086   1.010
 91 172 03 26 30  -0.700   0.755  -0.062   1.034
 91 172 03 27 30  -0.701   0.765  -0.126   1.048
 91 172 03 28 30  -0.707   0.819  -0.040   1.085
 91 172 03 29 30  -0.706   0.807  -0.097   1.080
 91 172 03 30 30  -0.650   0.819  -0.046   1.055
 91 172 03 31 30  -0.674   0.718  -0.238   1.015
 91 172 03 32 30  -0.676   0.544  -0.511   1.018
 91 172 03 33 30  -0.703   0.587  -0.383   1.017
 91 172 03 34 30  -0.740   0.569  -0.370   1.007
 91 172 03 35 30  -0.685   0.574  -0.482   1.022
 91 172 03 36 30  -0.383   0.848  -0.495   1.070
 91 172 03 37 30  -0.493   0.868  -0.283   1.042
 91 172 03 38 30  -0.592   0.840  -0.156   1.047
 91 172 03 39 30  -0.757   0.731  -0.147   1.064
 91 172 03 40 30  -0.797   0.682  -0.131   1.058
 91 172 03 41 30  -0.760   0.738  -0.057   1.070
 91 172 03 42 30  -0.722   0.809   0.090   1.091
 91 172 03 43 30  -0.741   0.829   0.156   1.128
 91 172 03 44 30  -0.718   0.822   0.299   1.139
 91 172 03 45 30  -0.716   0.869   0.150   1.141
 91 172 03 46 30  -0.744   0.804   0.239   1.124
 91 172 03 47 30  -0.747   0.838   0.165   1.135
 91 172 03 48 30  -0.751   0.801   0.206   1.119
 91 172 03 49 30  -0.699   0.792   0.351   1.114
 91 172 03 50 30  -0.646   0.750   0.504   1.113
 91 172 03 51 30  -0.703   0.698   0.455   1.099
 91 172 03 52 30  -0.688   0.687   0.414   1.069
 91 172 03 53 30  -0.666   0.658   0.524   1.077
 91 172 03 54 30  -0.637   0.607   0.609   1.071
 91 172 03 55 30  -0.653   0.539   0.648   1.069
 91 172 03 56 30  -0.631   0.534   0.674   1.069
 91 172 03 57 30  -0.568   0.540   0.716   1.064
 91 172 03 58 30  -0.656   0.602   0.556   1.060
 91 172 03 59 30  -0.608   0.601   0.604   1.057
 91 172 04 00 30  -0.715   0.615   0.437   1.040
 91 172 04 01 30  -0.652   0.562   0.574   1.037
 91 172 04 02 30  -0.675   0.456   0.644   1.040
 91 172 04 03 30  -0.659   0.362   0.708   1.034
 91 172 04 04 30  -0.619   0.338   0.692   0.992
 91 172 04 05 30  -0.660   0.354   0.479   0.985
 91 172 04 06 30  -0.691   0.745   0.163   1.036
 91 172 04 07 30  -0.679   0.761   0.205   1.042
 91 172 04 08 30  -0.715   0.737   0.182   1.046
 91 172 04 09 30  -0.683   0.752   0.135   1.028
 91 172 04 10 30  -0.670   0.776   0.062   1.031
 91 172 04 11 30  -0.679   0.760  -0.080   1.024
 91 172 04 12 30  -0.710   0.714  -0.023   1.011
 91 172 04 13 30  -0.710   0.700  -0.159   1.014
 91 172 04 14 30  -0.644   0.794   0.077   1.027
 91 172 04 15 30  -0.684   0.789   0.075   1.047
 91 172 04 16 30  -0.685   0.782   0.103   1.046
 91 172 04 17 30  -0.663   0.796   0.072   1.041
 91 172 04 18 30  -0.651   0.784   0.168   1.036
 91 172 04 19 30  -0.612   0.823   0.146   1.039
 91 172 04 20 30  -0.574   0.849   0.090   1.031
 91 172 04 21 30  -0.586   0.813   0.096   1.008
 91 172 04 22 30  -0.638   0.775   0.121   1.013
 91 172 04 23 30  -0.649   0.777   0.077   1.019
 91 172 04 24 30  -0.586   0.825   0.063   1.016
 91 172 04 25 30  -0.596   0.812   0.105   1.020
 91 172 04 26 30  -0.666   0.766   0.155   1.033
 91 172 04 27 30  -0.473   0.847   0.499   1.093
 91 172 04 28 30  -0.455   0.857   0.484   1.088
 91 172 04 29 30  -0.444   0.895   0.459   1.102
 91 172 04 30 30  -0.294   0.904   0.548   1.104
 91 172 04 31 30  -0.317   0.933   0.506   1.120
 91 172 04 32 30  -0.397   0.992   0.399   1.143
 91 172 04 33 30  -0.414   1.000   0.356   1.141
 91 172 04 34 30  -0.457   0.958   0.398   1.134
 91 172 04 35 30  -0.467   0.973   0.287   1.122
 91 172 04 36 30  -0.488   0.956   0.321   1.131
 91 172 04 37 30  -0.516   0.967   0.324   1.146
 91 172 04 38 30  -0.527   0.996   0.142   1.141
 91 172 04 39 30  -0.554   0.921   0.288   1.116
 91 172 04 40 30  -0.600   0.866   0.346   1.111
 91 172 04 41 30  -0.541   0.961   0.191   1.121
 91 172 04 42 30  -0.520   0.948   0.230   1.106
 91 172 04 43 30  -0.492   0.975   0.170   1.107
 91 172 04 44 30  -0.602   0.925  -0.008   1.106
 91 172 04 45 30  -0.631   0.899  -0.048   1.102
 91 172 04 46 30  -0.677   0.856  -0.111   1.099
 91 172 04 47 30  -0.654   0.842  -0.194   1.092
 91 172 04 48 30  -0.757   0.711  -0.309   1.085
 91 172 04 49 30  -0.773   0.701  -0.298   1.086
 91 172 04 50 30  -0.748   0.743  -0.265   1.088
 91 172 04 51 30  -0.784   0.728  -0.197   1.092
 91 172 04 52 30  -0.289   0.309   0.633   1.040
 91 172 04 53 30   0.183  -0.175   1.132   1.162
 91 172 04 54 30   0.188  -0.205   1.123   1.158
 91 172 04 55 30   0.166  -0.188   1.131   1.158
 91 172 04 56 30   0.157  -0.156   1.142   1.163
 91 172 04 57 30   0.153  -0.149   1.137   1.158
 91 172 04 58 30   0.131  -0.167   1.129   1.150
 91 172 04 59 30   0.111  -0.086   1.146   1.155
 91 172 05 00 30   0.129  -0.101   1.140   1.153
 91 172 05 01 30   0.118  -0.111   1.135   1.148
 91 172 05 02 30   0.136  -0.066   1.144   1.155
 91 172 05 03 30   0.124  -0.033   1.144   1.152
 91 172 05 04 30   0.103  -0.066   1.138   1.145
 91 172 05 05 30   0.104  -0.030   1.143   1.149
 91 172 05 06 30   0.163  -0.026   1.144   1.156
 91 172 05 07 30   0.192  -0.040   1.141   1.159
 91 172 05 08 30   0.183  -0.067   1.150   1.167
 91 172 05 09 30   0.181  -0.066   1.133   1.150
 91 172 05 10 30   0.177  -0.027   1.136   1.150
 91 172 05 11 30   0.175  -0.001   1.134   1.147
 91 172 05 12 30   0.207  -0.032   1.124   1.143
 91 172 05 13 30   0.214  -0.018   1.117   1.138
 91 172 05 14 30   0.201   0.001   1.126   1.145
 91 172 05 15 30   0.167   0.052   1.127   1.143
 91 172 05 16 30   0.212   0.044   1.123   1.149
 91 172 05 17 30   0.298   0.114   1.083   1.131
 91 172 05 18 30   0.248   0.183   1.075   1.121
 91 172 05 19 30   0.246   0.275   1.016   1.082
 91 172 05 20 30   0.215   0.334   0.943   1.030
 91 172 05 21 30   0.226   0.341   0.909   0.998
 91 172 05 22 30   0.146   0.164   1.021   1.067
 91 172 05 23 30   0.068   0.054   1.111   1.117
 91 172 05 24 30   0.072   0.046   1.057   1.063
 91 172 05 25 30  -0.084   0.170   0.979   1.010
 91 172 05 26 30  -0.147   0.441   0.745   0.882
 91 172 05 27 30  -0.199   0.521   0.736   0.925
 91 172 05 28 30  -0.134   0.353   0.704   0.806
 91 172 05 29 30  -0.129   0.361   0.634   0.743
 91 172 05 30 30  -0.169   0.455   0.713   0.867
 91 172 05 31 30   0.118   0.312   0.785   0.853
 91 172 05 32 30  -0.102   0.417   0.706   0.830
 91 172 05 33 30  -0.099   0.260   0.645   0.709
 91 172 05 34 30  -0.047   0.509   0.555   0.756
 91 172 05 35 30  -0.081   0.516   0.574   0.777
 91 172 05 37 30  -0.120   0.457   0.476   0.672
 91 172 05 38 30  -0.118   0.564   0.624   0.850
 91 172 05 39 30  -0.232   0.536   0.603   0.842
 91 172 05 40 30  -0.190   0.397   0.764   0.887
 91 172 05 41 30  -0.085   0.274   0.825   0.874
 91 172 05 42 30  -0.074   0.246   0.792   0.833
 91 172 05 43 30  -0.142   0.168   0.862   0.891
 91 172 05 44 30  -0.035   0.184   0.829   0.853
 91 172 05 45 30   0.006  -0.027   0.821   0.825
 91 172 05 46 30   0.060  -0.013   0.818   0.823
 91 172 05 47 30   0.009   0.078   0.788   0.816
 91 172 05 48 30  -0.166   0.317   0.721   0.812
 91 172 05 49 30  -0.323   0.551   0.059   0.738
 91 172 05 50 30  -0.442   0.586  -0.285   0.793
 91 172 05 51 30  -0.463   0.564  -0.404   0.839
 91 172 05 52 30  -0.486   0.490  -0.496   0.860
 91 172 05 53 30  -0.499   0.471  -0.523   0.869
 91 172 05 54 30  -0.448   0.523  -0.337   0.856
 91 172 05 55 30  -0.315   0.784  -0.353   0.923
 91 172 05 56 30  -0.384   0.780  -0.472   0.992
 91 172 05 57 30  -0.398   0.768  -0.587   1.047
 91 172 05 58 30  -0.377   0.773  -0.591   1.049
 91 172 05 59 30  -0.359   0.707  -0.699   1.062
 91 172 06 00 30  -0.466   0.825  -0.490   1.078
 91 172 06 01 30  -0.557   0.794  -0.456   1.073
 91 172 06 02 30  -0.620   0.784  -0.402   1.079
 91 172 06 03 30  -0.696   0.620  -0.531   1.080
 91 172 06 04 30  -0.497   0.788  -0.542   1.080
 91 172 06 05 30  -0.471   0.837  -0.499   1.086
 91 172 06 06 30  -0.363   0.928  -0.423   1.084
 91 172 06 07 30  -0.490   0.794  -0.529   1.086
 91 172 06 08 30  -0.425   0.671  -0.032   1.025
 91 172 06 09 30  -0.114   0.629   0.672   0.935
 91 172 06 10 30  -0.185   0.773   0.696   1.067
 91 172 06 11 30  -0.185   0.883   0.581   1.088
 91 172 06 12 30  -0.145   1.037   0.348   1.110
 91 172 06 13 30  -0.147   0.821   0.714   1.113
 91 172 06 14 30  -0.178   0.739   0.794   1.106
 91 172 06 15 30  -0.133   0.691   0.852   1.109
 91 172 06 16 30  -0.293   0.853   0.638   1.115
 91 172 06 17 30  -0.405   0.938   0.397   1.107
 91 172 06 18 30  -0.359   0.742   0.740   1.118
 91 172 06 19 30  -0.324   0.724   0.805   1.132
 91 172 06 20 30  -0.320   0.655   0.865   1.133
 91 172 06 21 30  -0.236   0.772   0.802   1.143
 91 172 06 22 30  -0.325   0.722   0.822   1.146
 91 172 06 23 30  -0.238   0.855   0.696   1.148
 91 172 06 24 30  -0.186   0.985   0.553   1.149
 91 172 06 25 30  -0.220   0.984   0.553   1.153
 91 172 06 26 30  -0.237   1.019   0.469   1.148
 91 172 06 27 30  -0.297   0.876   0.637   1.139
 91 172 06 28 30  -0.513   0.686   0.739   1.136
 91 172 06 29 30  -0.352   0.806   0.720   1.139
 91 172 06 30 30  -0.271   0.971   0.518   1.135
 91 172 06 31 30  -0.308   0.918   0.546   1.126
 91 172 06 32 30  -0.387   0.968   0.374   1.112
 91 172 06 33 30  -0.417   0.939   0.398   1.107
 91 172 06 34 30  -0.438   0.896   0.436   1.103
 91 172 06 35 30  -0.370   1.059   0.041   1.126
 91 172 06 36 30  -0.325   1.060   0.004   1.111
 91 172 06 37 30  -0.309   1.037   0.024   1.096
 91 172 06 38 30  -0.230   1.021   0.306   1.097
 91 172 06 39 30  -0.296   0.927   0.478   1.100
 91 172 06 40 30  -0.417   0.844   0.572   1.105
 91 172 06 41 30  -0.373   0.771   0.703   1.109
 91 172 06 42 30  -0.324   0.664   0.804   1.102
 91 172 06 43 30  -0.330   0.653   0.827   1.107
 91 172 06 44 30  -0.177   0.490   0.980   1.114
 91 172 06 45 30  -0.162   0.341   1.023   1.099
 91 172 06 46 30  -0.085   0.388   0.987   1.108
 91 172 06 47 30  -0.028   0.209   1.067   1.093
 91 172 06 48 30   0.099   0.153   1.086   1.112
 91 172 06 49 30  -0.294   0.377   1.004   1.119
 91 172 06 50 30  -0.377   0.577   0.876   1.119
 91 172 06 51 30  -0.308   0.682   0.821   1.114
 91 172 06 52 30  -0.257   0.645   0.887   1.129
 91 172 06 53 30  -0.225   0.572   0.947   1.131
 91 172 06 54 30  -0.256   0.577   0.934   1.130
 91 172 06 55 30  -0.362   0.670   0.832   1.130
 91 172 06 56 30  -0.479   0.766   0.676   1.129
 91 172 06 57 30  -0.444   0.733   0.711   1.114
 91 172 06 58 30  -0.499   0.789   0.573   1.112
 91 172 06 59 30  -0.541   0.840   0.468   1.109
 91 172 07 00 30  -0.429   0.987   0.254   1.113
 91 172 07 01 30  -0.344   0.737   0.770   1.127
 91 172 07 02 30  -0.381   0.715   0.790   1.137
 91 172 07 03 30  -0.458   0.728   0.746   1.140
 91 172 07 04 30  -0.442   0.698   0.791   1.144
 91 172 07 05 30  -0.415   0.700   0.786   1.133
 91 172 07 06 30  -0.411   0.729   0.739   1.118
 91 172 07 07 30  -0.427   0.725   0.747   1.130
 91 172 07 08 30  -0.400   0.756   0.731   1.128
 91 172 07 09 30  -0.447   0.744   0.715   1.128
 91 172 07 10 30  -0.415   0.830   0.648   1.135
 91 172 07 11 30  -0.466   0.764   0.669   1.125
 91 172 07 12 30  -0.455   0.828   0.591   1.115
 91 172 07 13 30  -0.427   0.855   0.578   1.121
 91 172 07 14 30  -0.441   0.802   0.642   1.120
 91 172 07 15 30  -0.364   0.732   0.751   1.115
 91 172 07 16 30  -0.436   0.750   0.691   1.114
 91 172 07 17 30  -0.361   0.719   0.762   1.110
 91 172 07 18 30  -0.399   0.821   0.614   1.111
 91 172 07 19 30  -0.303   0.749   0.732   1.107
 91 172 07 20 30  -0.020   0.585   0.923   1.096
 91 172 07 21 30  -0.169   0.656   0.865   1.109
 91 172 07 22 30  -0.445   0.816   0.591   1.111
 91 172 07 23 30  -0.393   0.802   0.645   1.103
 91 172 07 24 30  -0.398   0.798   0.647   1.104
 91 172 07 25 30  -0.491   0.773   0.610   1.103
 91 172 07 26 30  -0.545   0.794   0.534   1.103
 91 172 07 27 30  -0.499   0.860   0.467   1.099
 91 172 07 28 30  -0.440   0.894   0.463   1.100
 91 172 07 29 30  -0.461   0.847   0.501   1.091
 91 172 07 30 30  -0.391   0.850   0.538   1.087
 91 172 07 31 30  -0.516   0.724   0.583   1.087
 91 172 07 32 30  -0.386   0.827   0.562   1.085
 91 172 07 33 30  -0.220   0.836   0.639   1.080
 91 172 07 34 30  -0.136   0.783   0.700   1.077
 91 172 07 35 30   0.155   0.481   0.964   1.093
 91 172 07 36 30   0.128   0.572   0.916   1.090
 91 172 07 37 30   0.146   0.466   0.976   1.095
 91 172 07 38 30   0.176   0.413   1.006   1.110
 91 172 07 39 30   0.208   0.297   1.047   1.111
 91 172 07 40 30   0.272   0.201   1.056   1.110
 91 172 07 41 30   0.292   0.138   1.064   1.114
 91 172 07 42 30   0.308  -0.057   1.069   1.117
 91 172 07 43 30   0.307   0.018   1.082   1.126
 91 172 07 44 30   0.377  -0.060   1.056   1.125
 91 172 07 45 30   0.387  -0.255   1.001   1.120
 91 172 07 46 30   0.247  -0.067   0.979   1.125
 91 172 07 47 30  -0.286   0.688   0.857   1.140
 91 172 07 48 30  -0.386   0.815   0.695   1.140
 91 172 07 49 30  -0.452   0.890   0.568   1.151
 91 172 07 50 30  -0.457   0.933   0.505   1.156
 91 172 07 51 30  -0.480   0.894   0.558   1.159
 91 172 07 52 30  -0.436   0.905   0.589   1.166
 91 172 07 53 30  -0.488   0.891   0.564   1.163
 91 172 07 54 30  -0.490   0.873   0.585   1.160
 91 172 07 55 30  -0.493   0.874   0.573   1.156
 91 172 07 56 30  -0.481   0.887   0.555   1.152
 91 172 07 57 30  -0.485   0.900   0.522   1.148
 91 172 07 58 30  -0.449   0.931   0.512   1.154
 91 172 07 59 30  -0.413   0.956   0.495   1.158
 91 172 08 00 30  -0.321   1.046   0.411   1.179
 91 172 08 01 30  -0.368   1.044   0.325   1.178
 91 172 08 02 30  -0.318   1.069   0.351   1.185
 91 172 08 03 30  -0.325   1.072   0.377   1.185
 91 172 08 04 30  -0.305   1.074   0.385   1.184
 91 172 08 05 30  -0.322   1.120   0.224   1.194
 91 172 08 06 30  -0.248   1.150   0.253   1.209
 91 172 08 07 30  -0.261   1.119   0.362   1.206
 91 172 08 08 30  -0.335   1.124   0.275   1.209
 91 172 08 09 30  -0.260   1.166   0.145   1.207
 91 172 08 10 30  -0.268   1.144   0.272   1.208
 91 172 08 11 30  -0.278   1.155   0.247   1.214
 91 172 08 12 30  -0.274   1.160   0.234   1.215
 91 172 08 13 30  -0.064   1.186   0.205   1.213
 91 172 08 14 30   0.024   1.181   0.217   1.207
 91 172 08 15 30  -0.167   1.178   0.217   1.217
 91 172 08 16 30  -0.178   1.171   0.218   1.207
 91 172 08 17 30  -0.225   1.150   0.286   1.209
 91 172 08 18 30  -0.022   1.188   0.226   1.215
 91 172 08 19 30   0.026   1.194   0.242   1.221
 91 172 08 20 30   0.009   1.172   0.301   1.214
 91 172 08 21 30   0.015   1.183   0.219   1.209
 91 172 08 22 30   0.057   1.165   0.284   1.208
 91 172 08 23 30   0.006   1.161   0.314   1.204
 91 172 08 24 30   0.000   1.153   0.350   1.207
 91 172 08 25 30   0.018   1.160   0.366   1.220
 91 172 08 26 30  -0.069   1.179   0.307   1.223
 91 172 08 27 30  -0.008   1.189   0.296   1.228
 91 172 08 28 30   0.110   1.175   0.348   1.236
 91 172 08 29 30   0.237   1.142   0.420   1.241
 91 172 08 30 30  -0.102   1.184   0.440   1.267
 91 172 08 31 30  -0.116   1.166   0.448   1.257
 91 172 08 32 30  -0.231   1.174   0.373   1.254
 91 172 08 33 30  -0.245   1.169   0.369   1.251
 91 172 08 34 30  -0.254   1.164   0.339   1.239
 91 172 08 35 30  -0.292   1.146   0.377   1.242
 91 172 08 36 30  -0.295   1.153   0.369   1.247
 91 172 08 37 30  -0.254   1.182   0.333   1.255
 91 172 08 38 30  -0.288   1.169   0.341   1.252
 91 172 08 45 30  -0.346   1.183   0.183   1.246
 91 172 08 46 30  -0.334   1.192   0.205   1.256
 91 172 08 47 30  -0.279   1.204   0.194   1.253
 91 172 08 48 30  -0.263   1.217   0.136   1.253
 91 172 08 49 30  -0.259   1.218   0.183   1.259
 91 172 08 50 30  -0.296   1.201   0.258   1.266
 91 172 08 51 30  -0.282   1.208   0.235   1.264
 91 172 08 52 30  -0.260   1.229   0.201   1.273
 91 172 08 53 30  -0.236   1.239   0.173   1.274
 91 172 08 54 30  -0.299   1.214   0.188   1.266
 91 172 08 55 30  -0.262   1.211   0.243   1.264
 91 172 08 56 30  -0.275   1.210   0.253   1.268
 91 172 08 57 30  -0.238   1.230   0.170   1.265
 91 172 08 58 30  -0.207   1.238   0.168   1.267
 91 172 08 59 30  -0.174   1.244   0.184   1.271
 91 172 09 00 30  -0.291   1.236   0.092   1.274
 91 172 09 01 30  -0.251   1.245   0.086   1.274
 91 172 09 02 30  -0.273   1.240   0.052   1.273
 91 172 09 03 30  -0.277   1.242   0.013   1.277
 91 172 09 04 30  -0.212   1.254  -0.029   1.272
 91 172 09 05 30  -0.229   1.251  -0.041   1.275
 91 172 09 06 30  -0.243   1.253   0.003   1.278
 91 172 09 07 30  -0.229   1.265   0.035   1.286
 91 172 09 08 30  -0.238   1.259  -0.042   1.284
 91 172 09 09 30  -0.264   1.257  -0.079   1.288
 91 172 09 10 30  -0.272   1.251  -0.041   1.283
 91 172 09 11 30  -0.358   1.216  -0.091   1.274
 91 172 09 12 30  -0.368   1.219   0.048   1.277
 91 172 09 13 30  -0.309   1.228   0.133   1.277
 91 172 09 14 30  -0.280   1.210   0.262   1.271
 91 172 09 15 30  -0.334   1.181   0.336   1.273
 91 172 09 16 30  -0.304   1.175   0.387   1.275
 91 172 09 17 30  -0.286   1.201   0.303   1.274
 91 172 09 18 30  -0.325   1.119   0.484   1.271
 91 172 09 19 30  -0.301   1.068   0.617   1.272
 91 172 09 20 30  -0.280   1.194   0.286   1.267
 91 172 09 21 30  -0.190   1.246   0.107   1.269
 91 172 09 22 30  -0.151   1.214   0.341   1.276
 91 172 09 23 30  -0.187   1.220   0.253   1.263
 91 172 09 24 30  -0.207   1.220   0.241   1.261
 91 172 09 25 30  -0.146   1.183   0.393   1.261
 91 172 09 26 30  -0.152   1.195   0.380   1.264
 91 172 09 27 30  -0.105   1.177   0.443   1.263
 91 172 09 28 30  -0.022   1.164   0.476   1.258
 91 172 09 29 30  -0.007   1.136   0.490   1.237
 91 172 09 30 30  -0.046   1.134   0.455   1.224
 91 172 09 36 30  -0.005   1.163   0.397   1.229
 91 172 09 37 30  -0.078   1.145   0.402   1.216
 91 172 09 38 30  -0.191   1.151   0.395   1.233
 91 172 09 39 30  -0.227   1.131   0.445   1.239
 91 172 09 40 30  -0.201   1.133   0.470   1.244
 91 172 09 41 30  -0.094   1.174   0.414   1.251
 91 172 09 42 30  -0.131   1.136   0.415   1.218
 91 172 09 43 30  -0.206   1.150   0.392   1.234
 91 172 09 44 30  -0.157   1.210   0.287   1.255
 91 172 09 45 30  -0.138   1.225   0.242   1.258
 91 172 09 46 30  -0.118   1.228   0.263   1.262
 91 172 09 47 30  -0.100   1.231   0.258   1.264
 91 172 09 48 30  -0.050   1.250   0.116   1.258
 91 172 09 49 30  -0.062   1.258   0.041   1.262
 91 172 09 50 30  -0.110   1.261  -0.013   1.266
 91 172 09 51 30  -0.099   1.256   0.003   1.262
 91 172 09 52 30  -0.143   1.251  -0.082   1.265
 91 172 09 53 30   0.065   1.157   0.412   1.237
 91 172 09 54 30   0.018   1.221   0.255   1.249
 91 172 09 55 30   0.036   1.212   0.086   1.217
 91 172 09 56 30   0.018   1.216   0.085   1.220
 91 172 09 57 30  -0.018   1.211   0.088   1.215
 91 172 09 58 30  -0.071   1.216   0.085   1.221
 91 172 09 59 30   0.076   1.233  -0.073   1.246
 91 172 10 00 30   0.115   1.240  -0.138   1.255
 91 172 10 01 30  -0.013   1.261  -0.065   1.264
 91 172 10 02 30  -0.033   1.247  -0.135   1.257
 91 172 10 03 30   0.075   1.220  -0.318   1.276
 91 172 10 04 30   0.143   1.190  -0.445   1.279
 91 172 10 05 30   0.143   1.173  -0.491   1.280
 91 172 10 06 30   0.130   1.145  -0.502   1.258
 91 172 10 07 30   0.011   1.197  -0.259   1.231
 91 172 10 08 30   0.013   1.182  -0.260   1.216
 91 172 10 09 30   0.089   1.141  -0.378   1.225
 91 172 10 10 30  -0.386   1.171   0.257   1.261
 91 172 10 11 30  -0.393   1.170   0.226   1.255
 91 172 10 12 30  -0.351   1.186   0.211   1.255
 91 172 10 13 30  -0.319   1.186   0.187   1.244
 91 172 10 14 30  -0.252   1.179   0.225   1.246
 91 172 10 15 30  -0.359   1.082   0.506   1.250
 91 172 10 16 30  -0.333   1.150   0.335   1.249
 91 172 10 17 30  -0.243   1.209   0.162   1.246
 91 172 10 18 30  -0.274   1.201   0.159   1.243
 91 172 10 19 30  -0.295   1.196   0.148   1.241
 91 172 10 20 30  -0.316   1.193   0.108   1.239
 91 172 10 21 30  -0.317   1.183   0.085   1.229
 91 172 10 22 30  -0.306   1.178   0.070   1.220
 91 172 10 23 30  -0.200   1.191   0.062   1.225
 91 172 10 24 30  -0.149   1.194  -0.098   1.220
 91 172 10 25 30   0.098   1.175  -0.357   1.239
 91 172 10 26 30   0.129   1.168  -0.418   1.250
 91 172 10 27 30   0.040   1.198  -0.349   1.249
 91 172 10 28 30  -0.064   1.187  -0.370   1.245
 91 172 10 29 30  -0.083   1.188  -0.360   1.245
 91 172 10 30 30  -0.136   1.174  -0.372   1.240
 91 172 10 31 30  -0.078   1.173  -0.384   1.237
 91 172 10 32 30  -0.039   1.183  -0.362   1.238
 91 172 10 33 30  -0.027   1.173  -0.371   1.231
 91 172 10 34 30  -0.014   1.202  -0.316   1.243
 91 172 10 35 30  -0.044   1.209  -0.293   1.245
 91 172 10 36 30  -0.093   1.202  -0.283   1.239
 91 172 10 37 30  -0.090   1.192  -0.297   1.232
 91 172 10 38 30  -0.076   1.196  -0.277   1.231
 91 172 10 39 30  -0.139   1.190  -0.285   1.232
 91 172 10 40 30  -0.177   1.186  -0.275   1.232
 91 172 10 41 30  -0.047   1.210  -0.148   1.222
 91 172 10 42 30  -0.067   1.202  -0.195   1.220
 91 172 10 43 30  -0.090   1.202  -0.096   1.212
 91 172 10 44 30  -0.132   1.194  -0.053   1.205
 91 172 10 45 30  -0.157   1.200  -0.063   1.214
 91 172 10 46 30  -0.214   1.193  -0.025   1.214
 91 172 10 47 30  -0.263   1.190  -0.017   1.220
 91 172 10 48 30  -0.265   1.186   0.022   1.216
 91 172 10 49 30  -0.278   1.189  -0.003   1.222
 91 172 10 50 30  -0.300   1.204  -0.073   1.243
 91 172 10 51 30  -0.310   1.197  -0.009   1.236
 91 172 10 52 30  -0.300   1.188   0.013   1.226
 91 172 10 53 30  -0.317   1.188  -0.035   1.230
 91 172 10 54 30  -0.316   1.193  -0.036   1.235
 91 172 10 55 30  -0.308   1.195  -0.016   1.236
 91 172 10 56 30  -0.320   1.197   0.005   1.239
 91 172 10 57 30  -0.329   1.192   0.029   1.238
 91 172 10 58 30  -0.304   1.198   0.010   1.237
 91 172 10 59 30  -0.358   1.190  -0.197   1.261
 91 172 11 00 30  -0.357   1.197  -0.107   1.254
 91 172 11 01 30  -0.379   1.182  -0.119   1.248
 91 172 11 02 30  -0.410   1.166  -0.132   1.243
 91 172 11 03 30  -0.410   1.171  -0.047   1.243
 91 172 11 04 30  -0.422   1.163   0.087   1.241
 91 172 11 05 30  -0.423   1.156   0.088   1.234
 91 172 11 06 30  -0.409   1.157   0.055   1.229
 91 172 11 07 30  -0.457   1.128   0.190   1.235
 91 172 11 08 30  -0.520   1.095   0.278   1.245
 91 172 11 09 30  -0.413   1.171   0.147   1.252
 91 172 11 10 30  -0.328   1.203   0.039   1.248
 91 172 11 11 30  -0.316   1.197   0.050   1.240
 91 172 11 12 30  -0.279   1.217   0.032   1.251
 91 172 11 13 30  -0.273   1.216   0.042   1.248
 91 172 11 14 30  -0.363   1.162   0.109   1.230
 91 172 11 15 30  -0.542   1.096   0.112   1.230
 91 172 11 16 30  -0.477   1.126   0.078   1.234
 91 172 11 17 30  -0.321   1.189  -0.073   1.237
 91 172 11 18 30  -0.394   1.157   0.100   1.230
 91 172 11 19 30  -0.363   1.177  -0.012   1.233
 91 172 11 20 30  -0.414   1.153   0.052   1.230
 91 172 11 21 30  -0.514   1.103   0.162   1.230
 91 172 11 22 30  -0.437   1.140   0.084   1.225
 91 172 11 23 30  -0.432   1.152   0.032   1.233
 91 172 11 24 30  -0.454   1.156   0.028   1.245
 91 172 11 25 30  -0.374   1.168  -0.026   1.234
 91 172 11 26 30  -0.346   1.155  -0.217   1.227
 91 172 11 27 30  -0.445   1.128  -0.152   1.225
 91 172 11 28 30  -0.411   1.141  -0.178   1.229
 91 172 11 29 30  -0.343   1.154  -0.233   1.234
 91 172 11 30 30  -0.341   1.140  -0.325   1.237
 91 172 11 31 30  -0.289   1.160  -0.296   1.232
 91 172 11 32 30  -0.283   1.152  -0.319   1.233
 91 172 11 33 30  -0.272   1.152  -0.314   1.234
 91 172 11 34 30  -0.321   1.162  -0.221   1.230
 91 172 11 35 30  -0.419   1.171   0.019   1.250
 91 172 11 36 30  -0.397   1.182   0.219   1.267
 91 172 11 37 30  -0.403   1.181   0.203   1.265
 91 172 11 38 30  -0.433   1.187   0.138   1.272
 91 172 11 39 30  -0.428   1.193   0.162   1.279
 91 172 11 40 30  -0.459   1.183   0.147   1.278
 91 172 11 41 30  -0.464   1.169   0.202   1.275
 91 172 11 42 30  -0.466   1.184   0.173   1.284
 91 172 11 43 30  -0.466   1.191   0.189   1.293
 91 172 11 44 30  -0.465   1.187   0.197   1.290
 91 172 11 45 30  -0.461   1.183   0.205   1.286
 91 172 11 46 30  -0.440   1.194   0.194   1.287
 91 172 11 47 30  -0.405   1.189   0.248   1.281
 91 172 11 48 30  -0.421   1.183   0.234   1.278
 91 172 11 49 30  -0.436   1.184   0.245   1.286
 91 172 11 50 30  -0.434   1.193   0.206   1.287
 91 172 11 51 30  -0.472   1.187   0.179   1.291
 91 172 11 52 30  -0.423   1.202   0.241   1.298
 91 172 11 53 30  -0.412   1.205   0.254   1.300
 91 172 11 54 30  -0.435   1.190   0.259   1.293
 91 172 11 55 30  -0.427   1.179   0.281   1.285
 91 172 11 56 30  -0.423   1.177   0.299   1.286
 91 172 11 57 30  -0.399   1.186   0.306   1.289
 91 172 11 58 30  -0.357   1.206   0.301   1.293
 91 172 11 59 30  -0.330   1.208   0.320   1.293
 91 172 12 00 30  -0.480   1.176   0.185   1.287
 91 172 12 01 30  -0.536   1.165   0.107   1.293
 91 172 12 02 30  -0.605   1.131   0.023   1.284
 91 172 12 03 30  -0.611   1.127   0.043   1.283
 91 172 12 04 30  -0.603   1.129   0.100   1.286
 91 172 12 05 30  -0.592   1.125   0.069   1.274
 91 172 12 06 30  -0.555   1.140   0.102   1.272
 91 172 12 07 30  -0.486   1.150   0.178   1.265
 91 172 12 08 30  -0.520   1.139   0.184   1.266
 91 172 12 09 30  -0.538   1.142   0.151   1.272
 91 172 12 10 30  -0.513   1.145  -0.201   1.276
 91 172 12 11 30  -0.675   1.040  -0.147   1.255
 91 172 12 12 30  -0.587   1.110   0.053   1.261
 91 172 12 13 30  -0.515   1.152   0.053   1.265
 91 172 12 14 30  -0.550   1.114   0.006   1.256
 91 172 12 15 30  -0.469   1.146   0.205   1.257
 91 172 12 16 30  -0.456   1.144   0.195   1.249
 91 172 12 17 30  -0.445   1.156   0.171   1.250
 91 172 12 18 30  -0.453   1.158   0.170   1.255
 91 172 12 19 30  -0.421   1.187   0.097   1.265
 91 172 12 20 30  -0.473   1.160   0.050   1.255
 91 172 12 21 30  -0.510   1.133   0.070   1.246
 91 172 12 22 30  -0.488   1.143   0.123   1.249
 91 172 12 23 30  -0.491   1.130   0.093   1.239
 91 172 12 24 30  -0.547   1.106  -0.073   1.237
 91 172 12 25 30  -0.537   1.130   0.000   1.254
 91 172 12 26 30  -0.521   1.132  -0.106   1.253
 91 172 12 27 30  -0.519   1.147  -0.014   1.263
 91 172 12 28 30  -0.513   1.144   0.032   1.255
 91 172 12 29 30  -0.558   1.114   0.033   1.247
 91 172 12 30 30  -0.592   1.108   0.012   1.256
 91 172 12 31 30  -0.559   1.127  -0.025   1.259
 91 172 12 32 30  -0.526   1.128  -0.004   1.246
 91 172 12 33 30  -0.579   1.104  -0.014   1.249
 91 172 12 34 30  -0.554   1.125  -0.008   1.256
 91 172 12 35 30  -0.485   1.159  -0.048   1.259
 91 172 12 36 30  -0.491   1.153  -0.144   1.263
 91 172 12 37 30  -0.564   1.112  -0.164   1.258
 91 172 12 38 30  -0.619   1.076  -0.241   1.266
 91 172 12 39 30  -0.644   1.080  -0.167   1.270
 91 172 12 40 30  -0.644   1.065  -0.252   1.273
 91 172 12 41 30  -0.661   1.024  -0.329   1.268
 91 172 12 42 30  -0.775   0.917  -0.348   1.251
 91 172 12 43 30  -0.749   0.948  -0.305   1.249
 91 172 12 44 30  -0.646   1.067  -0.117   1.253
 91 172 12 45 30  -0.647   1.073  -0.123   1.261
 91 172 12 46 30  -0.672   1.053  -0.123   1.258
 91 172 12 47 30  -0.664   1.049  -0.120   1.249
 91 172 12 48 30  -0.676   1.045  -0.147   1.255
 91 172 12 49 30  -0.726   1.028  -0.084   1.264
 91 172 12 50 30  -0.705   1.037  -0.151   1.264
 91 172 12 51 30  -0.613   1.077  -0.070   1.247
 91 172 12 52 30  -0.521   1.136  -0.020   1.252
 91 172 12 53 30  -0.516   1.133  -0.121   1.253
 91 172 12 54 30  -0.516   1.134  -0.079   1.251
 91 172 12 55 30  -0.458   1.156  -0.047   1.247
 91 172 12 56 30  -0.460   1.140  -0.179   1.247
 91 172 12 57 30  -0.418   1.108  -0.248   1.252
 91 172 12 58 30  -0.596   1.096  -0.089   1.251
 91 172 12 59 30  -0.460   1.150   0.082   1.256
 91 172 13 00 30  -0.419   1.186   0.047   1.262
 91 172 13 01 30  -0.471   1.142   0.097   1.252
 91 172 13 02 30  -0.520   1.125  -0.137   1.257
 91 172 13 03 30  -0.497   1.141  -0.183   1.261
 91 172 13 04 30  -0.592   1.078  -0.199   1.252
 91 172 13 05 30  -0.486   1.154   0.025   1.257
 91 172 13 06 30  -0.460   1.170   0.002   1.260
 91 172 13 07 30  -0.407   1.193  -0.058   1.264
 91 172 13 08 30  -0.380   1.196   0.134   1.265
 91 172 13 09 30  -0.392   1.168   0.231   1.256
 91 172 13 10 30  -0.446   1.147   0.254   1.259
 91 172 13 11 30  -0.518   1.143   0.095   1.260
 91 172 13 12 30  -0.487   1.140   0.208   1.259
 91 172 13 13 30  -0.517   1.136   0.145   1.259
 91 172 13 14 30  -0.538   1.100   0.281   1.259
 91 172 13 15 30  -0.462   1.130   0.300   1.261
 91 172 13 16 30  -0.492   1.140   0.261   1.270
 91 172 13 17 30  -0.507   1.135   0.302   1.279
 91 172 13 18 30  -0.442   1.181   0.228   1.285
 91 172 13 19 30  -0.428   1.131   0.398   1.274
 91 172 13 20 30  -0.436   1.147   0.340   1.274
 91 172 13 21 30  -0.424   1.110   0.475   1.280
 91 172 13 22 30  -0.460   1.097   0.411   1.260
 91 172 13 23 30  -0.432   1.084   0.457   1.254
 91 172 13 24 30  -0.390   1.125   0.421   1.265
 91 172 13 25 30  -0.431   1.128   0.354   1.259
 91 172 13 26 30  -0.409   1.110   0.416   1.254
 91 172 13 27 30  -0.378   1.125   0.374   1.245
 91 172 13 28 30  -0.440   1.092   0.426   1.252
 91 172 13 29 30  -0.443   1.119   0.397   1.267
 91 172 13 30 30  -0.428   1.103   0.399   1.250
 91 172 13 31 30  -0.500   1.133   0.119   1.245
 91 172 13 32 30  -0.487   1.154   0.115   1.259
 91 172 13 33 30  -0.393   1.185   0.082   1.257
 91 172 13 34 30  -0.421   1.162  -0.157   1.257
 91 172 13 35 30  -0.496   1.078  -0.370   1.247
 91 172 13 36 30  -0.476   1.049  -0.467   1.247
 91 172 13 37 30  -0.500   1.093  -0.336   1.254
 91 172 13 38 30  -0.507   1.129  -0.196   1.255
 91 172 13 39 30  -0.521   1.140  -0.100   1.258
 91 172 13 40 30  -0.487   1.160  -0.036   1.259
 91 172 13 41 30  -0.458   1.172   0.018   1.260
 91 172 13 42 30  -0.480   1.159   0.113   1.261
 91 172 13 43 30  -0.506   1.143   0.167   1.265
 91 172 13 44 30  -0.489   1.134   0.221   1.261
 91 172 13 45 30  -0.424   1.165   0.219   1.265
 91 172 13 46 30  -0.373   1.200   0.126   1.271
 91 172 13 47 30  -0.396   1.210   0.136   1.280
 91 172 13 48 30  -0.417   1.176   0.268   1.278
 91 172 13 49 30  -0.497   1.137   0.341   1.288
 91 172 13 50 30  -0.465   1.117   0.411   1.282
 91 172 13 51 30  -0.425   1.133   0.449   1.293
 91 172 13 52 30  -0.467   1.132   0.386   1.285
 91 172 13 53 30  -0.483   1.115   0.417   1.286
 91 172 13 54 30  -0.474   1.128   0.380   1.283
 91 172 13 55 30  -0.413   1.130   0.452   1.286
 91 172 13 56 30  -0.403   1.122   0.441   1.272
 91 172 13 57 30  -0.396   1.058   0.584   1.274
 91 172 13 58 30  -0.403   1.087   0.535   1.279
 91 172 13 59 30  -0.374   1.115   0.516   1.285
 91 172 14 00 30  -0.405   1.111   0.482   1.279
 91 172 14 01 30  -0.366   1.172   0.277   1.261
 91 172 14 02 30  -0.388   1.176   0.175   1.251
 91 172 14 03 30  -0.360   1.190   0.175   1.256
 91 172 14 04 30  -0.344   1.202   0.151   1.262
 91 172 14 05 30  -0.356   1.208   0.105   1.264
 91 172 14 06 30  -0.368   1.194   0.112   1.255
 91 172 14 07 30  -0.335   1.184   0.160   1.241
 91 172 14 08 30  -0.300   1.197   0.204   1.253
 91 172 14 09 30  -0.314   1.192   0.199   1.250
 91 172 14 10 30  -0.315   1.202   0.197   1.259
 91 172 14 11 30  -0.319   1.207   0.184   1.262
 91 172 14 12 30  -0.325   1.201   0.156   1.255
 91 172 14 13 30  -0.338   1.191   0.175   1.251
 91 172 14 14 30  -0.347   1.198   0.142   1.256
 91 172 14 15 30  -0.348   1.193   0.120   1.249
 91 172 14 16 30  -0.376   1.187   0.168   1.258
 91 172 14 17 30  -0.394   1.185   0.134   1.260
 91 172 14 18 30  -0.461   1.170   0.122   1.264
 91 172 14 19 30  -0.516   1.149   0.086   1.263
 91 172 14 20 30  -0.492   1.170   0.091   1.273
 91 172 14 21 30  -0.513   1.157   0.050   1.268
 91 172 14 22 30  -0.456   1.165   0.068   1.254
 91 172 14 23 30  -0.536   1.138  -0.045   1.263
 91 172 14 24 30  -0.368   1.195  -0.181   1.268
 91 172 14 25 30  -0.220   1.251   0.202   1.290
 91 172 14 26 30  -0.261   1.246   0.095   1.279
 91 172 14 27 30  -0.374   1.210   0.189   1.287
 91 172 14 28 30  -0.335   1.243   0.159   1.302
 91 172 14 29 30  -0.317   1.247   0.136   1.295
 91 172 14 30 30  -0.379   1.204   0.203   1.280
 91 172 14 31 30  -0.370   1.233   0.084   1.291
 91 172 14 32 30  -0.307   1.232   0.058   1.278
 91 172 14 33 30  -0.229   1.249  -0.037   1.275
 91 172 14 34 30  -0.370   1.193   0.251   1.291
 91 172 14 35 30  -0.398   1.200   0.218   1.284
 91 172 14 36 30  -0.445   1.194   0.204   1.291
 91 172 14 37 30  -0.374   1.201   0.209   1.279
 91 172 14 38 30  -0.463   1.178   0.218   1.286
 91 172 14 39 30  -0.527   1.165   0.124   1.286
 91 172 14 40 30  -0.583   1.132   0.067   1.282
 91 172 14 41 30  -0.572   1.135   0.072   1.281
 91 172 14 42 30  -0.454   1.204   0.078   1.290
 91 172 14 43 30  -0.555   1.147  -0.035   1.289
 91 172 14 44 30  -0.615   1.104  -0.040   1.268
 91 172 14 45 30  -0.504   1.150   0.056   1.265
 91 172 14 46 30  -0.454   1.144   0.197   1.269
 91 172 14 47 30  -0.449   1.136  -0.146   1.250
 91 172 14 48 30  -0.450   0.975  -0.576   1.234
 91 172 14 49 30  -0.435   0.886  -0.749   1.242
 91 172 14 50 30  -0.375   0.740  -0.932   1.252
 91 172 14 51 30  -0.330   0.813  -0.887   1.249
 91 172 14 52 30  -0.290   0.694  -0.980   1.238
 91 172 14 53 30  -0.275   0.523  -1.086   1.242
 91 172 14 54 30  -0.116   0.423  -1.151   1.238
 91 172 14 55 30   0.008   0.347  -1.161   1.222
 91 172 14 56 30  -0.153   0.760  -0.920   1.218
 91 172 14 57 30  -0.356   0.756  -0.856   1.213
 91 172 14 58 30  -0.424   1.087  -0.361   1.224
 91 172 14 59 30  -0.432   1.085  -0.354   1.223
 91 172 15 00 30  -0.371   1.150  -0.249   1.238
 91 172 15 01 30  -0.389   1.141  -0.259   1.234
 91 172 15 02 30  -0.415   1.131  -0.266   1.236
 91 172 15 03 30  -0.382   1.108  -0.411   1.246
 91 172 15 04 30  -0.224   1.076  -0.570   1.240
 91 172 15 05 30  -0.329   1.104  -0.376   1.228
 91 172 15 06 30  -0.401   1.122  -0.271   1.227
 91 172 15 07 30  -0.286   1.054  -0.419   1.230
 91 172 15 08 30  -0.515   1.092  -0.155   1.235
 91 172 15 09 30  -0.484   1.117  -0.146   1.231
 91 172 15 10 30  -0.491   1.113  -0.181   1.232
 91 172 15 11 30  -0.519   1.110  -0.146   1.242
 91 172 15 12 30  -0.484   1.088  -0.292   1.232
 91 172 15 13 30  -0.398   1.073  -0.445   1.231
 91 172 15 14 30  -0.434   1.117  -0.248   1.227
 91 172 15 15 30  -0.457   1.110  -0.214   1.221
 91 172 15 16 30  -0.435   1.122  -0.214   1.230
 91 172 15 17 30  -0.525   1.100   0.191   1.243
 91 172 15 18 30  -0.543   1.033   0.414   1.241
 91 172 15 19 30  -0.455   1.007   0.574   1.248
 91 172 15 20 30  -0.526   0.910   0.654   1.240
 91 172 15 21 30  -0.561   0.949   0.437   1.240
 91 172 15 22 30  -0.557   0.847  -0.358   1.213
 91 172 15 23 30  -0.469   0.628  -0.974   1.251
 91 172 15 24 30  -0.469   0.665  -0.962   1.260
 91 172 15 25 30  -0.448   0.732  -0.922   1.260
 91 172 15 26 30  -0.512   0.855  -0.691   1.254
 91 172 15 27 30  -0.560   1.024  -0.462   1.268
 91 172 15 28 30  -0.558   0.922  -0.651   1.271
 91 172 15 29 30  -0.575   0.919  -0.652   1.267
 91 172 15 30 30  -0.606   0.845  -0.718   1.267
 91 172 15 31 30  -0.610   0.873  -0.678   1.273
 91 172 15 32 30  -0.688   0.768  -0.736   1.269
 91 172 15 33 30  -0.697   0.710  -0.794   1.275
 91 172 15 34 30  -0.573   0.729  -0.872   1.275
 91 172 15 35 30  -0.566   0.752  -0.872   1.284
 91 172 15 36 30  -0.518   0.761  -0.873   1.272
 91 172 15 37 30  -0.618   0.657  -0.841   1.247
 91 172 15 38 30  -0.615   1.040  -0.012   1.233
 91 172 15 39 30  -0.604   1.027   0.442   1.273
 91 172 15 40 30  -0.657   1.016   0.451   1.292
 91 172 15 41 30  -0.700   0.993   0.438   1.292
 91 172 15 42 30  -0.735   0.959   0.491   1.305
 91 172 15 43 30  -0.731   0.972   0.495   1.314
 91 172 15 44 30  -0.723   0.920   0.578   1.306
 91 172 15 45 30  -0.747   0.905   0.597   1.317
 91 172 15 46 30  -0.729   0.938   0.545   1.309
 91 172 15 47 30  -0.735   0.924   0.579   1.316
 91 172 15 48 30  -0.750   0.901   0.585   1.310
 91 172 15 49 30  -0.759   0.891   0.597   1.315
 91 172 15 50 30  -0.713   0.885   0.651   1.312
 91 172 15 51 30  -0.703   0.870   0.711   1.326
 91 172 15 52 30  -0.696   0.838   0.745   1.324
 91 172 15 53 30  -0.708   0.773   0.806   1.337
 91 172 15 54 30  -0.694   0.919   0.696   1.348
 91 172 15 55 30  -0.750   0.901   0.681   1.356
 91 172 15 56 30  -0.765   0.843   0.718   1.351
 91 172 15 57 30  -0.696   0.833   0.780   1.338
 91 172 15 58 30  -0.727   0.851   0.769   1.360
 91 172 15 59 30  -0.802   0.894   0.646   1.365
 91 172 16 00 30  -0.780   0.941   0.612   1.367
 91 172 16 01 30  -0.747   0.975   0.611   1.373
 91 172 16 02 30  -0.731   0.990   0.569   1.358
 91 172 16 03 30  -0.711   0.927   0.704   1.365
 91 172 16 04 30  -0.707   0.899   0.738   1.365
 91 172 16 05 30  -0.690   0.931   0.722   1.366
 91 172 16 06 30  -0.691   0.948   0.729   1.382
 91 172 16 07 30  -0.710   0.866   0.799   1.377
 91 172 16 08 30  -0.706   0.883   0.804   1.389
 91 172 16 09 30  -0.593   1.047   0.665   1.378
 91 172 16 10 30  -0.655   1.011   0.664   1.381
 91 172 16 11 30  -0.717   1.046   0.572   1.393
 91 172 16 12 30  -0.730   1.036   0.558   1.389
 91 172 16 13 30  -0.701   1.067   0.536   1.386
 91 172 16 14 30  -0.803   1.005   0.469   1.377
 91 172 16 15 30  -0.760   1.079   0.368   1.376
 91 172 16 16 30  -0.772   1.097   0.366   1.393
 91 172 16 17 30  -0.702   1.125   0.434   1.396
 91 172 16 18 30  -0.662   1.145   0.400   1.383
 91 172 16 19 30  -0.662   1.085   0.501   1.370
 91 172 16 20 30  -0.735   1.081   0.370   1.364
 91 172 16 21 30  -0.745   1.139   0.086   1.370
 91 172 16 22 30  -0.757   1.118   0.046   1.355
 91 172 16 23 30  -0.753   1.121   0.054   1.354
 91 172 16 24 30  -0.885   1.027   0.041   1.358
 91 172 16 25 30  -0.844   1.055   0.020   1.352
 91 172 16 26 30  -0.782   1.107  -0.075   1.359
 91 172 16 27 30  -0.758   1.116  -0.085   1.352
 91 172 16 28 30  -0.750   1.075  -0.224   1.338
 91 172 16 29 30  -0.669   1.003  -0.548   1.343
 91 172 16 30 30  -0.553   1.024  -0.606   1.337
 91 172 16 31 30  -0.602   1.080  -0.509   1.339
 91 172 16 32 30  -0.645   1.052  -0.494   1.331
 91 172 16 33 30  -0.612   1.032  -0.549   1.321
 91 172 16 34 30  -0.617   1.073  -0.435   1.315
 91 172 16 35 30  -0.646   1.060  -0.404   1.314
 91 172 16 36 30  -0.627   1.041  -0.449   1.302
 91 172 16 37 30  -0.572   0.798  -0.777   1.277
 91 172 16 38 30  -0.636   0.920  -0.547   1.278
 91 172 16 39 30  -0.778   0.964  -0.389   1.302
 91 172 16 40 30  -0.731   0.938  -0.513   1.303
 91 172 16 41 30  -0.758   0.993  -0.386   1.310
 91 172 16 42 30  -0.711   1.073  -0.237   1.315
 91 172 16 43 30  -0.785   0.963  -0.428   1.315
 91 172 16 44 30  -0.743   0.966  -0.491   1.315
 91 172 16 45 30  -0.764   0.847  -0.630   1.307
 91 172 16 46 30  -0.749   0.880  -0.589   1.299
 91 172 16 47 30  -0.709   0.932  -0.572   1.305
 91 172 16 48 30  -0.721   0.924  -0.567   1.303
 91 172 16 49 30  -0.711   0.924  -0.578   1.303
 91 172 16 50 30  -0.675   1.004  -0.475   1.302
 91 172 16 51 30  -0.748   0.919  -0.522   1.298
 91 172 16 52 30  -0.680   0.901  -0.620   1.296
 91 172 16 53 30  -0.529   0.885  -0.753   1.282
 91 172 16 54 30  -0.403   0.924  -0.786   1.281
 91 172 16 55 30  -0.491   0.918  -0.732   1.277
 91 172 16 56 30  -0.839   0.845  -0.377   1.270
 91 172 16 57 30  -0.809   0.836  -0.472   1.262
 91 172 16 58 30  -0.705   0.847  -0.621   1.270
 91 172 16 59 30  -0.659   0.804  -0.707   1.266
 91 172 17 00 30  -0.627   0.695  -0.842   1.265
 91 172 17 01 30  -0.644   0.876  -0.626   1.261
 91 172 17 02 30  -0.585   0.926  -0.607   1.263
 91 172 17 03 30  -0.614   0.749  -0.797   1.261
 91 172 17 04 30  -0.528   0.716  -0.887   1.263
 91 172 17 05 30  -0.466   0.869  -0.761   1.271
 91 172 17 06 30  -0.473   0.821  -0.830   1.264
 91 172 17 07 30  -0.499   0.835  -0.826   1.278
 91 172 17 08 30  -0.566   0.785  -0.830   1.277
 91 172 17 09 30  -0.616   0.630  -0.910   1.268
 91 172 17 10 30  -0.462   0.752  -0.912   1.277
 91 172 17 11 30  -0.515   0.682  -0.945   1.279
 91 172 17 12 30  -0.336   0.868  -0.852   1.276
 91 172 17 13 30  -0.352   0.809  -0.913   1.273
 91 172 17 14 30  -0.399   0.802  -0.903   1.274
 91 172 17 15 30  -0.356   0.705  -0.990   1.276
 91 172 17 16 30  -0.378   0.605  -1.056   1.279
 91 172 17 17 30  -0.312   0.513  -1.116   1.272
 91 172 17 18 30  -0.198   0.606   0.659   1.220
 91 172 17 19 30  -0.245   0.797   0.904   1.230
 91 172 17 20 30  -0.292   0.796   0.894   1.240
 91 172 17 21 30  -0.262   0.824   0.889   1.244
 91 172 17 22 30  -0.274   0.898   0.813   1.244
 91 172 17 23 30  -0.293   0.937   0.769   1.249
 91 172 17 24 30  -0.338   0.953   0.733   1.251
 91 172 17 25 30  -0.364   0.963   0.711   1.252
 91 172 17 26 30  -0.311   1.004   0.681   1.258
 91 172 17 27 30  -0.305   1.090   0.569   1.268
 91 172 17 28 30  -0.194   1.076   0.623   1.265
 91 172 17 29 30  -0.290   1.081   0.580   1.263
 91 172 17 30 30  -0.326   1.127   0.490   1.273
 91 172 17 31 30  -0.313   1.116   0.517   1.271
 91 172 17 32 30  -0.336   1.157   0.384   1.266
 91 172 17 33 30  -0.422   1.161   0.215   1.258
 91 172 17 34 30  -0.343   1.172   0.221   1.257
 91 172 17 35 30  -0.335   1.194   0.235   1.267
 91 172 17 36 30  -0.372   1.202   0.169   1.276
 91 172 17 37 30  -0.489   1.146   0.093   1.262
 91 172 17 38 30  -0.715   1.011   0.000   1.242
 91 172 17 39 30  -0.586   1.075   0.130   1.233
 91 172 17 40 30  -0.622   1.039   0.200   1.242
 91 172 17 41 30  -0.565   1.099   0.124   1.245
 91 172 17 42 30  -0.511   1.123   0.191   1.253
 91 172 17 43 30  -0.492   1.142   0.167   1.258
 91 172 17 44 30  -0.476   1.138   0.064   1.254
 91 172 17 45 30  -0.587   1.077  -0.117   1.248
 91 172 17 46 30  -0.553   1.101  -0.156   1.244
 91 172 17 47 30  -0.566   1.082  -0.240   1.250
 91 172 17 48 30  -0.584   1.095  -0.210   1.260
 91 172 17 49 30  -0.620   1.065  -0.283   1.271
 91 172 17 50 30  -0.641   0.948  -0.536   1.264
 91 172 17 51 30  -0.566   0.981  -0.555   1.265
 91 172 17 52 30  -0.477   1.109  -0.381   1.267
 91 172 17 53 30  -0.494   1.152  -0.172   1.269
 91 172 17 54 30  -0.545   1.106  -0.217   1.258
 91 172 17 55 30  -0.513   1.110  -0.130   1.239
 91 172 17 56 30  -0.582   1.075  -0.174   1.239
 91 172 17 57 30  -0.592   1.101   0.001   1.251
 91 172 17 58 30  -0.631   1.071  -0.078   1.247
 91 172 17 59 30  -0.608   1.085  -0.004   1.245
 91 172 18 00 30  -0.616   1.092  -0.087   1.260
 91 172 18 01 30  -0.624   1.045  -0.297   1.259
 91 172 18 02 30  -0.588   1.035  -0.386   1.253
 91 172 18 03 30  -0.565   1.065  -0.316   1.250
 91 172 18 04 30  -0.596   1.044  -0.345   1.253
 91 172 18 05 30  -0.359   1.163   0.202   1.243
 91 172 18 06 30  -0.446   1.144   0.105   1.251
 91 172 18 07 30  -0.564   1.059  -0.327   1.251
 91 172 18 08 30  -0.510   0.872  -0.670   1.228
 91 172 18 09 30  -0.554   0.933  -0.450   1.212
 91 172 18 10 30  -0.516   1.100  -0.101   1.226
 91 172 18 11 30  -0.546   1.060  -0.171   1.221
 91 172 18 12 30  -0.572   0.985  -0.389   1.210
 91 172 18 13 30  -0.569   0.964  -0.463   1.215
 91 172 18 14 30  -0.560   0.968  -0.464   1.219
 91 172 18 15 30  -0.562   1.008  -0.353   1.212
 91 172 18 16 30  -0.574   1.035  -0.232   1.214
 91 172 18 17 30  -0.320   1.136   0.291   1.221
 91 172 18 18 30  -0.327   1.171   0.186   1.232
 91 172 18 19 30  -0.348   1.171   0.118   1.229
 91 172 18 20 30  -0.396   1.168  -0.029   1.237
 91 172 18 21 30  -0.407   1.140  -0.187   1.229
 91 172 18 22 30  -0.485   1.099  -0.095   1.218
 91 172 18 23 30  -0.433   1.113  -0.175   1.216
 91 172 18 24 30  -0.475   1.116  -0.037   1.220
 91 172 18 25 30  -0.473   1.120  -0.023   1.223
 91 172 18 26 30  -0.440   1.109   0.179   1.208
 91 172 18 27 30  -0.416   1.097   0.252   1.206
 91 172 18 28 30  -0.571   1.014   0.140   1.196
 91 172 18 29 30  -0.754   0.908   0.113   1.190
 91 172 18 30 30  -0.735   0.907   0.230   1.192
 91 172 18 31 30  -0.605   0.989   0.226   1.187
 91 172 18 32 30  -0.496   1.079   0.165   1.201
 91 172 18 33 30  -0.438   1.026   0.470   1.214
 91 172 18 34 30  -0.380   1.000   0.570   1.221
 91 172 18 35 30  -0.419   0.998   0.553   1.223
 91 172 18 36 30  -0.463   1.062   0.297   1.205
 91 172 18 37 30  -0.387   1.090   0.231   1.184
 91 172 18 38 30  -0.445   1.035   0.315   1.184
 91 172 18 39 30  -0.403   1.090   0.144   1.175
 91 172 18 40 30  -0.357   1.115   0.244   1.198
 91 172 18 41 30  -0.313   1.154   0.152   1.213
 91 172 18 42 30  -0.363   1.114   0.308   1.215
 91 172 18 43 30  -0.318   1.144   0.273   1.220
 91 172 18 44 30  -0.346   1.141   0.267   1.223
 91 172 18 45 30  -0.254   1.098   0.397   1.220
 91 172 18 46 30  -0.076   0.951   0.734   1.206
 91 172 18 47 30  -0.152   1.059   0.561   1.212
 91 172 18 48 30  -0.050   1.019   0.615   1.214
 91 172 18 49 30   0.077   0.932   0.664   1.214
 91 172 18 50 30   0.247   0.901   0.778   1.218
 91 172 18 51 30   0.050   1.026   0.636   1.218
 91 172 18 52 30   0.259   1.010   0.580   1.201
 91 172 18 53 30   0.186   0.937   0.708   1.207
 91 172 18 54 30   0.162   0.918   0.753   1.199
 91 172 18 55 30   0.209   0.894   0.759   1.198
 91 172 18 56 30   0.190   1.098   0.444   1.208
 91 172 18 57 30   0.229   0.984   0.652   1.215
 91 172 18 58 30   0.237   0.918   0.772   1.224
 91 172 18 59 30   0.213   0.948   0.716   1.210
 91 172 19 00 30   0.112   1.009   0.622   1.192
 91 172 19 01 30   0.059   0.968   0.643   1.169
 91 172 19 02 30   0.171   0.850   0.789   1.175
 91 172 19 03 30   0.146   0.794   0.896   1.208
 91 172 19 04 30   0.093   0.600   1.027   1.203
 91 172 19 05 30   0.214   0.481   1.096   1.218
 91 172 19 06 30   0.213   0.491   1.064   1.194
 91 172 19 07 30   0.245   0.414   1.122   1.232
 91 172 19 08 30   0.374   0.480   1.057   1.238
 91 172 19 09 30   0.314   0.221   1.165   1.233
 91 172 19 10 30   0.084   0.510   1.101   1.237
 91 172 19 11 30  -0.026   0.819   0.878   1.225
 91 172 19 12 30  -0.374   1.095   0.199   1.216
 91 172 19 13 30  -0.488   1.079   0.045   1.192
 91 172 19 14 30  -0.484   1.112  -0.010   1.216
 91 172 19 15 30  -0.511   1.118  -0.143   1.239
 91 172 19 16 30  -0.434   1.142  -0.247   1.248
 91 172 19 17 30  -0.418   1.116  -0.349   1.244
 91 172 19 18 30  -0.400   1.143  -0.156   1.224
 91 172 19 19 30  -0.389   1.146   0.022   1.218
 91 172 19 20 30  -0.399   1.145  -0.001   1.222
 91 172 19 21 30  -0.325   1.162  -0.103   1.217
 91 172 19 22 30  -0.394   1.144  -0.163   1.224
 91 172 19 23 30  -0.501   1.086  -0.180   1.231
 91 172 19 24 30  -0.697   1.001  -0.116   1.228
 91 172 19 25 30  -0.568   1.017  -0.422   1.249
 91 172 19 26 30  -0.574   0.986  -0.521   1.262
 91 172 19 27 30  -0.586   0.969  -0.566   1.268
 91 172 19 28 30  -0.607   0.947  -0.577   1.266
 91 172 19 29 30  -0.544   0.966  -0.566   1.260
 91 172 19 30 30  -0.797   0.713  -0.626   1.249
 91 172 19 31 30  -0.632   0.896  -0.579   1.252
 91 172 19 32 30  -0.600   0.892  -0.593   1.252
 91 172 19 33 30  -0.596   1.026  -0.410   1.260
 91 172 19 34 30  -0.594   0.975  -0.464   1.256
 91 172 19 35 30  -0.518   0.912  -0.629   1.244
 91 172 19 36 30  -0.633   0.978  -0.449   1.254
 91 172 19 37 30  -0.302   1.169  -0.307   1.251
 91 172 19 38 30  -0.357   1.166  -0.341   1.269
 91 172 19 39 30  -0.420   1.103  -0.453   1.269
 91 172 19 40 30  -0.472   1.075  -0.480   1.271
 91 172 19 41 30  -0.558   0.983  -0.509   1.247
 91 172 19 42 30  -0.499   1.066  -0.366   1.238
 91 172 19 43 30  -0.367   1.045  -0.456   1.234
 91 172 19 44 30  -0.135   0.990  -0.758   1.258
 91 172 19 45 30  -0.181   0.945  -0.804   1.257
 91 172 19 46 30  -0.227   0.907  -0.833   1.254
 91 172 19 47 30  -0.292   0.945  -0.757   1.248
 91 172 19 48 30  -0.334   0.889  -0.818   1.256
 91 172 19 49 30  -0.209   0.854  -0.885   1.253
 91 172 19 50 30  -0.141   0.702  -1.010   1.242
 91 172 19 51 30  -0.150   0.688  -1.023   1.249
 91 172 19 52 30  -0.229   0.772  -0.967   1.261
 91 172 19 53 30  -0.342   0.758  -0.943   1.258
 91 172 19 54 30  -0.310   0.744  -0.962   1.257
 91 172 19 55 30  -0.218   0.755  -0.972   1.251
 91 172 19 56 30  -0.316   0.732  -0.944   1.238
 91 172 19 57 30  -0.361   0.717  -0.935   1.234
 91 172 19 58 30  -0.458   0.749  -0.873   1.241
 91 172 19 59 30  -0.469   0.752  -0.869   1.243
 91 172 20 00 30  -0.410   0.732  -0.924   1.253
 91 172 20 01 30  -0.322   0.684  -0.982   1.245
 91 172 20 02 30  -0.261   0.694  -0.992   1.242
 91 172 20 03 30  -0.200   0.678  -0.997   1.225
 91 172 20 04 30  -0.077   0.601  -1.055   1.226
 91 172 20 05 30  -0.044   0.600  -1.026   1.220
 91 172 20 06 30  -0.525   0.777  -0.807   1.239
 91 172 20 07 30  -0.513   0.699  -0.863   1.231
 91 172 20 08 30  -0.589   0.755  -0.746   1.218
 91 172 20 09 30  -0.537   0.706  -0.765   1.231
 91 172 20 10 30  -0.585   0.775  -0.754   1.234
 91 172 20 11 30  -0.373   0.869  -0.773   1.227
 91 172 20 12 30  -0.325   0.905  -0.757   1.226
 91 172 20 13 30  -0.297   0.935  -0.725   1.226
 91 172 20 14 30  -0.540   0.964  -0.483   1.211
 91 172 20 15 30  -0.543   0.930  -0.538   1.208
 91 172 20 16 30  -0.393   0.778  -0.812   1.192
 91 172 20 17 30  -0.436   0.778  -0.759   1.177
 91 172 20 18 30  -0.656   0.854  -0.393   1.165
 91 172 20 19 30  -0.744   0.688   0.259   1.131
 91 172 20 20 30  -0.708   0.511   0.341   1.123
 91 172 20 21 30  -0.311   0.748  -0.734   1.134
 91 172 20 22 30  -0.359   0.778  -0.768   1.162
 91 172 20 23 30  -0.390   0.722  -0.829   1.172
 91 172 20 24 30  -0.276   0.675  -0.919   1.183
 91 172 20 25 30  -0.144   0.589  -1.018   1.188
 91 172 20 26 30  -0.086   0.498  -1.104   1.216
 91 172 20 27 30  -0.382   0.838  -0.646   1.181
 91 172 20 28 30  -0.541   0.977  -0.361   1.186
 91 172 20 29 30  -0.492   0.780  -0.732   1.189
 91 172 20 30 30  -0.428   0.865  -0.663   1.183
 91 172 20 31 30  -0.404   0.927  -0.609   1.186
 91 172 20 32 30  -0.404   0.983  -0.557   1.204
 91 172 20 33 30  -0.375   0.969  -0.584   1.197
 91 172 20 34 30  -0.396   1.004  -0.524   1.201
 91 172 20 35 30  -0.290   0.985  -0.617   1.199
 91 172 20 36 30  -0.395   0.952  -0.589   1.193
 91 172 20 37 30  -0.522   0.955  -0.474   1.192
 91 172 20 38 30  -0.541   0.991  -0.415   1.207
 91 172 20 39 30  -0.524   1.007  -0.374   1.197
 91 172 20 40 30  -0.554   0.994  -0.368   1.197
 91 172 20 41 30  -0.539   0.987  -0.391   1.194
 91 172 20 42 30  -0.486   1.012  -0.414   1.200
 91 172 20 43 30  -0.425   1.010  -0.473   1.195
 91 172 20 45 30  -0.747  -0.469  -0.007   1.193
 91 172 20 46 30  -0.614   0.125  -0.051   1.209
 91 172 20 48 30  -0.467   1.027  -0.319   1.178
 91 172 20 49 30  -0.599   0.835  -0.511   1.190
 91 172 20 50 30  -0.584   0.862  -0.597   1.210
 91 172 20 51 30  -0.596   0.797  -0.654   1.195
 91 172 20 52 30  -0.569   0.923  -0.506   1.200
 91 172 20 53 30  -0.545   0.948  -0.445   1.187
 91 172 20 54 30  -0.442   1.079  -0.165   1.196
 91 172 20 55 30  -0.443   0.942  -0.572   1.204
 91 172 20 56 30  -0.339   1.073  -0.424   1.205
 91 172 20 57 30  -0.422   1.060  -0.401   1.211
 91 172 20 58 30  -0.405   1.087  -0.322   1.210
 91 172 20 59 30  -0.484   0.868  -0.528   1.188
 91 172 21 00 30  -0.541   0.907  -0.443   1.171
 91 172 21 01 30  -0.474   1.071  -0.058   1.180
 91 172 21 02 30  -0.505   1.058   0.000   1.182
 91 172 21 03 30  -0.561   0.998  -0.148   1.169
 91 172 21 04 30  -0.462   1.015  -0.280   1.160
 91 172 21 05 30  -0.578   0.731   0.658   1.154
 91 172 21 06 30  -0.610   0.903   0.467   1.194
 91 172 21 07 30  -0.670   0.945   0.265   1.195
 91 172 21 08 30  -0.686   0.941   0.250   1.197
 91 172 21 09 30  -0.653   0.932   0.359   1.195
 91 172 21 10 30  -0.719   0.884   0.360   1.196
 91 172 21 11 30  -0.494   0.955   0.476   1.196
 91 172 21 12 30  -0.418   0.967   0.589   1.208
 91 172 21 13 30  -0.400   0.975   0.584   1.208
 91 172 21 14 30  -0.452   0.978   0.519   1.201
 91 172 21 15 30  -0.445   0.943   0.590   1.204
 91 172 21 16 30  -0.483   0.941   0.571   1.205
 91 172 21 17 30  -0.505   0.945   0.544   1.203
 91 172 21 18 30  -0.503   0.979   0.483   1.203
 91 172 21 19 30  -0.493   0.990   0.465   1.202
 91 172 21 20 30  -0.456   0.999   0.480   1.200
 91 172 21 21 30  -0.606   0.877   0.496   1.198
 91 172 21 22 30  -0.710   0.788   0.525   1.187
 91 172 21 23 30  -0.610   0.834   0.535   1.180
 91 172 21 24 30  -0.586   0.875   0.483   1.169
 91 172 21 25 30  -0.609   0.913   0.403   1.181
 91 172 21 26 30  -0.831   0.644   0.253   1.124
 91 172 21 27 30  -0.986   0.348   0.355   1.126
 91 172 21 28 30  -0.801   0.657   0.476   1.161
 91 172 21 29 30  -0.714   0.749   0.414   1.155
 91 172 21 30 30  -0.795   0.662   0.465   1.164
 91 172 21 31 30  -0.692   0.826   0.430   1.166
 91 172 21 32 30  -0.704   0.877   0.320   1.175
 91 172 21 33 30  -0.680   0.916   0.237   1.170
 91 172 21 34 30  -0.552   1.000   0.316   1.192
 91 172 21 35 30  -0.709   0.932   0.314   1.217
 91 172 21 36 30  -0.633   0.909   0.491   1.214
 91 172 21 37 30  -0.502   0.938   0.586   1.222
 91 172 21 38 30  -0.409   0.947   0.662   1.229
 91 172 21 39 30  -0.411   0.885   0.709   1.216
 91 172 21 40 30  -0.453   0.819   0.769   1.227
 91 172 21 41 30  -0.543   0.670   0.845   1.226
 91 172 21 42 30  -0.306   0.907   0.770   1.243
 91 172 21 43 30  -0.189   1.009   0.701   1.247
 91 172 21 44 30  -0.004   1.056   0.699   1.273
 91 172 21 45 30  -0.096   1.029   0.516   1.251
 91 172 21 46 30  -1.053  -0.344   0.484   1.214
 91 172 21 47 30  -0.980  -0.408   0.588   1.227
 91 172 21 48 30  -0.862  -0.280   0.809   1.219
 91 172 21 49 30  -0.936  -0.207   0.740   1.225
 91 172 21 50 30  -0.790   0.246   0.881   1.214
 91 172 21 51 30  -0.720   0.374   0.889   1.212
 91 172 21 52 30  -0.607   0.580   0.849   1.211
 91 172 21 53 30  -0.683   0.520   0.819   1.202
 91 172 21 54 30  -0.546   0.808   0.359   1.189
 91 172 21 55 30  -0.186   0.975  -0.685   1.212
 91 172 21 56 30  -0.240   1.005  -0.620   1.209
 91 172 21 57 30  -0.402   1.067  -0.467   1.238
 91 172 21 58 30  -0.284   1.112  -0.581   1.288
 91 172 21 59 30  -0.302   1.125  -0.510   1.274
 91 172 22 00 30  -0.338   1.087  -0.562   1.271
 91 172 22 01 30  -0.245   1.068  -0.657   1.282
 91 172 22 02 30  -0.245   1.135  -0.605   1.313
 91 172 22 03 30  -0.158   1.115  -0.675   1.314
 91 172 22 04 30  -0.445   1.131  -0.227   1.276
 91 172 22 05 30  -0.452   1.168  -0.160   1.265
 91 172 22 06 30  -0.340   1.174  -0.239   1.255
 91 172 22 07 30  -0.155   1.095  -0.606   1.271
 91 172 22 08 30  -0.303   1.104  -0.564   1.283
 91 172 22 09 30  -0.612   0.987  -0.179   1.260
 91 172 22 10 30  -0.715   1.011  -0.099   1.268
 91 172 22 11 30  -0.378   1.070  -0.457   1.267
 91 172 22 12 30  -0.893   0.867  -0.120   1.265
 91 172 22 13 30  -0.654   0.977  -0.454   1.268
 91 172 22 14 30  -0.672   0.949  -0.437   1.264
 91 172 22 15 30  -0.553   0.983  -0.564   1.266
 91 172 22 16 30  -0.622   0.928  -0.566   1.255
 91 172 22 17 30  -0.552   0.969  -0.600   1.269
 91 172 22 18 30  -0.660   0.899  -0.515   1.246
 91 172 22 19 30  -0.612   0.798  -0.735   1.271
 91 172 22 20 30  -0.560   0.919  -0.637   1.262
 91 172 22 21 30  -0.542   1.028  -0.481   1.261
 91 172 22 22 30  -0.590   0.997  -0.489   1.264
 91 172 22 23 30  -0.542   0.918  -0.713   1.285
 91 172 22 24 30  -0.580   0.860  -0.725   1.268
 91 172 22 25 30  -0.584   0.948  -0.620   1.278
 91 172 22 26 30  -0.723   0.882  -0.543   1.279
 91 172 22 27 30  -0.597   0.990  -0.518   1.281
 91 172 22 28 30  -0.530   1.023  -0.554   1.289
 91 172 22 29 30  -0.661   0.963  -0.478   1.280
 91 172 22 30 30  -0.683   0.953  -0.535   1.291
 91 172 22 31 30  -0.710   0.954  -0.467   1.284
 91 172 22 32 30  -0.865   0.936  -0.117   1.287
 91 172 22 33 30  -0.902   0.918  -0.115   1.294
 91 172 22 34 30  -0.959   0.857  -0.161   1.299
 91 172 22 35 30  -0.839   0.965  -0.204   1.298
 91 172 22 36 30  -0.655   1.039  -0.396   1.297
 91 172 22 37 30  -0.701   1.027  -0.329   1.288
 91 172 22 38 30  -0.692   1.012  -0.380   1.286
 91 172 22 39 30  -0.659   1.025  -0.425   1.293
 91 172 22 40 30  -0.576   0.995  -0.519   1.291
 91 172 22 41 30  -0.619   0.812  -0.740   1.283
 91 172 22 42 30  -0.448   0.751   0.272   1.254
 91 172 22 43 30  -0.262   0.598   1.057   1.253
 91 172 22 44 30  -0.502   0.659   0.949   1.261
 91 172 22 45 30  -0.428   0.639   0.995   1.263
 91 172 22 46 30  -0.588   0.656   0.914   1.271
 91 172 22 47 30  -0.684   0.661   0.832   1.265
 91 172 22 48 30  -0.694   0.665   0.832   1.272
 91 172 22 49 30  -0.634   0.614   0.874   1.249
 91 172 22 50 30  -0.541   0.552   0.962   1.235
 91 172 22 51 30  -0.468   0.549   0.983   1.225
 91 172 22 52 30  -0.534   0.536   0.932   1.229
 91 172 22 53 30  -0.519   0.652   0.908   1.251
 91 172 22 54 30  -0.445   0.468   1.117   1.307
 91 172 22 55 30  -0.267   1.031   0.730   1.301
 91 172 22 56 30  -0.361   0.991   0.734   1.301
 91 172 22 57 30  -0.350   0.650   1.034   1.284
 91 172 22 58 30  -0.269   0.647   1.079   1.314
 91 172 22 59 30  -0.400   0.612   1.088   1.322
 91 172 23 00 30  -0.468   0.523   1.109   1.317
 91 172 23 01 30  -0.388   0.609   1.104   1.321
 91 172 23 02 30  -0.407   0.493   1.157   1.325
 91 172 23 03 30  -0.379   0.481   1.193   1.342
 91 172 23 04 30  -0.333   0.359   1.219   1.321
 91 172 23 05 30  -0.083  -0.176   1.225   1.245
 91 172 23 06 30  -0.110  -0.193   1.243   1.266
 91 172 23 07 30  -0.164  -0.097   1.298   1.313
 91 172 23 08 30  -0.283   0.002   1.227   1.293
 91 172 23 09 30  -0.345   0.272   1.225   1.305
 91 172 23 10 30  -0.305   0.263   1.220   1.301
 91 172 23 11 30  -0.411   0.359   1.122   1.290
 91 172 23 12 30  -0.293   0.561   1.091   1.273
 91 172 23 13 30  -0.390   0.556   1.060   1.266
 91 172 23 14 30  -0.428   0.358   1.134   1.276
 91 172 23 15 30  -0.488   0.276   1.124   1.281
 91 172 23 16 30  -0.492   0.461   1.080   1.282
 91 172 23 17 30  -0.480   0.596   1.010   1.270
 91 172 23 18 30  -0.483   0.782   0.884   1.281
 91 172 23 19 30  -0.400   1.071   0.487   1.261
 91 172 23 20 30  -0.308   1.142   0.158   1.200
 91 172 23 21 30  -0.370   0.983   0.278   1.152
 91 172 23 22 30  -0.316  -0.461   0.949   1.185
 91 172 23 23 30  -0.208  -0.667   1.005   1.240
 91 172 23 24 30  -0.402  -0.462   1.082   1.250
 91 172 23 25 30  -0.525  -0.379   1.044   1.242
 91 172 23 26 30  -0.352  -0.560   1.071   1.261
 91 172 23 27 30  -0.193  -0.749   0.958   1.233
 91 172 23 28 30  -0.301  -0.735   0.937   1.231
 91 172 23 29 30  -0.306  -0.788   0.916   1.249
 91 172 23 30 30  -0.443  -0.726   0.910   1.247
 91 172 23 31 30  -0.489  -0.857   0.610   1.196
 91 172 23 32 30  -0.509  -0.696   0.655   1.191
 91 172 23 33 30  -0.666  -0.252   0.954   1.220
 91 172 23 34 30  -0.762   0.005   0.942   1.219
 91 172 23 35 30  -0.582   0.053   1.046   1.226
 91 172 23 36 30  -0.514   0.163   1.031   1.207
 91 172 23 38 30  -0.770   0.495   0.774   1.203
 91 172 23 39 30  -0.740   0.627   0.599   1.174
 91 172 23 40 30  -0.581   0.876  -0.008   1.054
 91 172 23 41 30  -0.604   0.879  -0.232   1.094
 91 172 23 42 30  -0.617   0.894  -0.280   1.124
 91 172 23 43 30  -0.571   0.912  -0.327   1.125
 91 172 23 44 30  -0.545   0.939  -0.445   1.175
 91 172 23 45 30  -0.484   0.957  -0.534   1.202
 91 172 23 46 30  -0.524   0.936  -0.557   1.210
 91 172 23 47 30  -0.469   0.956  -0.635   1.241
 91 172 23 48 30  -0.511   1.074  -0.685   1.374
 91 172 23 49 30  -0.324   0.995  -0.628   1.229
 91 172 23 50 30  -0.308   1.074  -0.780   1.364
 91 172 23 51 30  -0.437   1.023  -0.559   1.299
 91 172 23 52 30  -0.844   0.357   0.639   1.189
 91 172 23 53 30  -0.795   0.345   0.850   1.220
 91 172 23 54 30  -0.694   0.674   0.723   1.219
 91 172 23 55 30  -0.960   0.631   0.531   1.271
 91 172 23 56 30  -0.913   0.873   0.279   1.300
 91 172 23 57 30  -0.957   0.723   0.467   1.305
 91 172 23 58 30  -0.752   0.775   0.720   1.320
 91 172 23 59 30  -0.983   0.828   0.009   1.295
