 91 173 00 00 30  -0.925   0.868   0.012   1.273
 91 173 00 01 30  -0.827   0.928  -0.016   1.247
 91 173 00 02 30  -1.140   0.364  -0.380   1.269
 91 173 00 03 30  -0.806   0.733  -0.132   1.202
 91 173 00 04 30  -0.643   1.072   0.005   1.252
 91 173 00 05 30  -0.827   1.024  -0.150   1.327
 91 173 00 06 30  -0.831   0.963  -0.100   1.281
 91 173 00 07 30  -0.873   0.926  -0.406   1.365
 91 173 00 08 30  -0.795   0.326  -0.892   1.242
 91 173 00 09 30  -0.757   0.520  -0.690   1.155
 91 173 00 10 30  -0.807   0.776  -0.616   1.287
 91 173 00 11 30  -0.800   1.008  -0.340   1.351
 91 173 00 12 30  -0.881   0.925  -0.492   1.369
 91 173 00 13 30  -0.851   0.950  -0.463   1.357
 91 173 00 14 30  -0.869   0.936  -0.422   1.346
 91 173 00 15 30  -0.861   0.907  -0.441   1.329
 91 173 00 16 30  -0.783   1.005  -0.297   1.315
 91 173 00 17 30  -0.818   0.958  -0.315   1.302
 91 173 00 18 30  -0.818   0.966  -0.155   1.292
 91 173 00 19 30  -0.873   0.957  -0.100   1.306
 91 173 00 20 30  -0.944   0.882  -0.174   1.311
 91 173 00 21 30  -1.014   0.809  -0.170   1.315
 91 173 00 22 30  -0.964   0.828  -0.240   1.300
 91 173 00 23 30  -0.585   1.083   0.158   1.258
 91 173 00 24 30  -0.591   1.116   0.140   1.296
 91 173 00 25 30  -0.780   1.015   0.024   1.296
 91 173 00 26 30  -0.847   0.980  -0.083   1.307
 91 173 00 27 30  -0.690   1.079  -0.130   1.303
 91 173 00 28 30  -0.658   1.022  -0.389   1.291
 91 173 00 29 30  -0.600   1.113  -0.157   1.287
 91 173 00 30 30  -0.515   1.162  -0.128   1.286
 91 173 00 31 30  -0.304   1.250  -0.113   1.295
 91 173 00 32 30  -0.284   1.199  -0.141   1.246
 91 173 00 33 30  -0.479   1.177  -0.049   1.277
 91 173 00 34 30  -0.627   1.125  -0.044   1.291
 91 173 00 35 30  -0.651   1.108  -0.006   1.291
 91 173 00 36 30  -0.888   0.776   0.279   1.252
 91 173 00 37 30  -0.907   0.794   0.298   1.245
 91 173 00 38 30  -0.836   0.935   0.205   1.273
 91 173 00 39 30  -0.734   1.053   0.081   1.296
 91 173 00 40 30  -0.670   1.126   0.037   1.313
 91 173 00 41 30  -0.612   1.159  -0.004   1.312
 91 173 00 42 30  -0.574   1.174   0.043   1.310
 91 173 00 43 30  -0.572   1.171  -0.061   1.311
 91 173 00 44 30  -0.625   1.041  -0.438   1.298
 91 173 00 45 30  -0.630   1.051  -0.377   1.299
 91 173 00 46 30  -0.457   1.178  -0.306   1.307
 91 173 00 47 30  -0.559   1.155  -0.300   1.327
 91 173 00 48 30  -0.483   1.206  -0.263   1.335
 91 173 00 49 30  -0.417   1.246  -0.064   1.332
 91 173 00 50 30  -0.491   1.104  -0.536   1.335
 91 173 00 51 30  -0.451   1.225  -0.421   1.377
 91 173 00 52 30  -0.470   0.964  -0.745   1.353
 91 173 00 53 30  -0.478   1.297  -0.159   1.396
 91 173 00 54 30  -0.366   1.061  -0.798   1.392
 91 173 00 55 30  -0.392   1.048  -0.792   1.374
 91 173 00 56 30  -0.487   1.133  -0.597   1.375
 91 173 00 57 30  -0.551   1.186  -0.444   1.383
 91 173 00 58 30  -0.578   1.179  -0.437   1.386
 91 173 00 59 30  -0.542   1.173  -0.459   1.380
 91 173 01 00 30  -0.552   1.029  -0.755   1.391
 91 173 01 01 30  -0.553   1.060  -0.686   1.381
 91 173 01 02 30  -0.496   1.147  -0.629   1.401
 91 173 01 03 30  -0.492   1.185  -0.578   1.410
 91 173 01 04 30  -0.553   1.167  -0.519   1.395
 91 173 01 05 30  -0.624   1.157  -0.414   1.385
 91 173 01 06 30  -0.627   1.227  -0.243   1.405
 91 173 01 07 30  -0.635   1.218  -0.277   1.409
 91 173 01 08 30  -0.699   1.218  -0.157   1.415
 91 173 01 09 30  -0.652   1.238  -0.040   1.404
 91 173 01 10 30  -0.662   1.210   0.169   1.394
 91 173 01 11 30  -0.324   0.924   0.874   1.391
 91 173 01 12 30  -0.173   0.914   0.910   1.389
 91 173 01 13 30  -0.533   1.026   0.204   1.391
 91 173 01 14 30  -0.416   0.968  -0.874   1.410
 91 173 01 15 30  -0.532   1.140  -0.644   1.415
 91 173 01 16 30  -0.564   1.145  -0.601   1.415
 91 173 01 17 30  -0.642   1.126  -0.549   1.423
 91 173 01 18 30  -0.680   1.233  -0.225   1.430
 91 173 01 19 30  -0.770   1.202  -0.125   1.434
 91 173 01 20 30  -0.845   1.162  -0.086   1.441
 91 173 01 21 30  -0.784   1.188   0.094   1.436
 91 173 01 22 30  -0.640   1.216   0.368   1.427
 91 173 01 23 30  -0.468   1.181   0.641   1.428
 91 173 01 24 30  -0.643   1.206   0.391   1.432
 91 173 01 25 30  -0.524   1.230   0.484   1.423
 91 173 01 26 30  -0.718   1.197   0.207   1.417
 91 173 01 27 30  -0.823   1.147   0.090   1.421
 91 173 01 28 30  -0.783   1.155   0.119   1.408
 91 173 01 29 30  -0.683   1.064   0.621   1.415
 91 173 01 30 30  -0.688   1.020   0.694   1.417
 91 173 01 31 30  -0.504   0.918   0.934   1.412
 91 173 01 32 30  -0.548   0.913   0.925   1.415
 91 173 01 33 30  -0.522   0.853   0.951   1.407
 91 173 01 34 30  -0.380   0.425   1.283   1.413
 91 173 01 35 30  -0.563   0.562   1.174   1.426
 91 173 01 36 30  -0.743   1.045   0.445   1.418
 91 173 01 37 30  -0.513   0.693   0.794   1.393
 91 173 01 38 30  -0.229   0.383   1.302   1.423
 91 173 01 39 30  -0.757   0.812   0.873   1.416
 91 173 01 40 30  -0.773   0.883   0.785   1.415
 91 173 01 41 30  -0.586   0.833   0.920   1.423
 91 173 01 42 30  -0.567   0.886   0.954   1.435
 91 173 01 43 30  -0.480   0.985   0.918   1.439
 91 173 01 44 30  -0.511   0.851   1.033   1.437
 91 173 01 45 30  -0.464   0.980   0.953   1.446
 91 173 01 46 30  -0.499   0.978   0.929   1.442
 91 173 01 47 30  -0.419   1.125   0.795   1.444
 91 173 01 48 30  -0.446   1.118   0.749   1.436
 91 173 01 49 30  -0.630   0.728   1.069   1.445
 91 173 01 50 30  -0.557   0.841   0.986   1.441
 91 173 01 51 30  -0.388   1.048   0.886   1.429
 91 173 01 52 30  -0.485   1.049   0.831   1.430
 91 173 01 53 30  -0.634   0.954   0.834   1.427
 91 173 01 54 30  -0.657   0.972   0.838   1.446
 91 173 01 55 30  -0.535   1.202   0.560   1.443
 91 173 01 56 30  -0.404   1.365   0.344   1.483
 91 173 01 57 30  -0.251   1.461   0.120   1.490
 91 173 01 58 30  -0.177   1.448   0.099   1.479
 91 173 01 59 30  -0.195   1.405   0.371   1.479
 91 173 02 00 30  -0.271   1.435   0.130   1.471
 91 173 02 01 30  -0.437   1.326   0.242   1.469
 91 173 02 02 30  -0.441   1.238   0.593   1.472
 91 173 02 03 30  -0.569   1.105   0.773   1.473
 91 173 02 04 30  -0.626   1.113   0.717   1.470
 91 173 02 05 30  -0.531   1.204   0.631   1.471
 91 173 02 06 30  -0.534   1.167   0.693   1.463
 91 173 02 07 30  -0.518   1.205   0.615   1.451
 91 173 02 08 30  -0.436   1.270   0.591   1.468
 91 173 02 09 30  -0.390   1.325   0.526   1.481
 91 173 02 10 30  -0.505   1.243   0.614   1.478
 91 173 02 11 30  -0.484   1.334   0.426   1.484
 91 173 02 12 30  -0.548   1.323   0.416   1.492
 91 173 02 13 30  -0.658   1.294   0.300   1.487
 91 173 02 14 30  -0.607   1.340   0.113   1.482
 91 173 02 15 30  -0.559   1.327   0.305   1.476
 91 173 02 16 30  -0.596   1.303   0.362   1.479
 91 173 02 17 30  -0.581   1.311   0.384   1.488
 91 173 02 18 30  -0.645   1.319   0.257   1.496
 91 173 02 19 30  -0.576   1.364   0.164   1.493
 91 173 02 20 30  -0.758   1.214  -0.311   1.492
 91 173 02 21 30  -0.887   1.082  -0.463   1.479
 91 173 02 22 30  -0.820   1.150  -0.426   1.478
 91 173 02 23 30  -0.843   1.152  -0.323   1.467
 91 173 02 24 30  -0.784   1.190  -0.301   1.461
 91 173 02 25 30  -0.710   1.250  -0.208   1.463
 91 173 02 26 30  -0.769   1.237  -0.140   1.469
 91 173 02 27 30  -0.690   1.255  -0.275   1.472
 91 173 02 28 30  -0.652   1.227  -0.451   1.464
 91 173 02 29 30  -0.739   1.189  -0.392   1.465
 91 173 02 30 30  -0.766   1.164  -0.417   1.460
 91 173 02 31 30  -0.810   1.092  -0.497   1.451
 91 173 02 32 30  -0.803   1.081  -0.515   1.445
 91 173 02 33 30  -0.794   1.031  -0.632   1.454
 91 173 02 34 30  -0.747   1.066  -0.663   1.464
 91 173 02 35 30  -0.712   1.068  -0.688   1.458
 91 173 02 36 30  -0.692   1.129  -0.571   1.453
 91 173 02 37 30  -0.740   1.124  -0.526   1.447
 91 173 02 38 30  -0.779   1.050  -0.609   1.445
 91 173 02 39 30  -0.766   1.080  -0.581   1.449
 91 173 02 40 30  -0.537   1.261  -0.405   1.448
 91 173 02 41 30  -0.296   1.279  -0.100   1.447
 91 173 02 42 30  -0.438   1.348   0.122   1.428
 91 173 02 43 30  -0.513   1.340   0.030   1.440
 91 173 02 44 30  -0.521   1.132   0.706   1.439
 91 173 02 45 30  -0.494   0.974   0.970   1.465
 91 173 02 46 30  -0.431   1.165   0.760   1.472
 91 173 02 47 30  -0.354   1.339   0.545   1.490
 91 173 02 48 30  -0.380   1.364   0.475   1.494
 91 173 02 49 30  -0.396   1.362   0.463   1.494
 91 173 02 50 30  -0.396   1.346   0.498   1.490
 91 173 02 51 30  -0.394   1.350   0.487   1.489
 91 173 02 52 30  -0.413   1.314   0.517   1.477
 91 173 02 53 30  -0.567   1.258   0.533   1.480
 91 173 02 54 30  -0.431   1.312   0.501   1.481
 91 173 02 55 30  -0.217   1.402   0.360   1.468
 91 173 02 56 30  -0.309   1.227   0.535   1.457
 91 173 02 57 30  -0.634   1.074   0.709   1.443
 91 173 02 58 30  -0.582   1.116   0.713   1.448
 91 173 02 59 30  -0.575   1.066   0.806   1.456
 91 173 03 00 30  -0.608   1.102   0.700   1.448
 91 173 03 01 30  -0.607   1.210   0.501   1.445
 91 173 03 02 30  -0.607   1.182   0.470   1.450
 91 173 03 03 30  -0.553   1.104   0.747   1.448
 91 173 03 04 30  -0.484   1.267   0.505   1.454
 91 173 03 05 30  -0.435   1.351   0.378   1.471
 91 173 03 06 30  -0.450   1.359   0.362   1.478
 91 173 03 07 30  -0.474   1.343   0.353   1.469
 91 173 03 08 30  -0.337   1.329   0.473   1.457
 91 173 03 09 30  -0.447   1.259   0.473   1.455
 91 173 03 10 30  -0.510   1.321   0.313   1.470
 91 173 03 11 30  -0.528   1.344   0.291   1.477
 91 173 03 12 30  -0.678   1.297   0.036   1.474
 91 173 03 13 30  -0.663   1.310   0.047   1.473
 91 173 03 14 30  -0.655   1.327  -0.065   1.482
 91 173 03 15 30  -0.736   1.288   0.115   1.492
 91 173 03 16 30  -0.884   1.184   0.221   1.495
 91 173 03 17 30  -0.937   1.165   0.223   1.512
 91 173 03 18 30  -0.927   1.188   0.169   1.517
 91 173 03 19 30  -0.863   1.236   0.113   1.513
 91 173 03 20 30  -0.771   1.300  -0.052   1.514
 91 173 03 21 30  -0.736   1.314   0.026   1.508
 91 173 03 22 30  -0.663   1.358   0.005   1.512
 91 173 03 23 30  -0.690   1.338  -0.101   1.511
 91 173 03 24 30  -0.721   1.331  -0.022   1.515
 91 173 03 25 30  -0.765   1.306  -0.034   1.515
 91 173 03 26 30  -0.783   1.298   0.014   1.520
 91 173 03 27 30  -0.705   1.338   0.034   1.524
 91 173 03 28 30  -0.771   1.307  -0.011   1.525
 91 173 03 29 30  -0.864   1.250   0.042   1.523
 91 173 03 30 30  -0.717   1.343  -0.016   1.523
 91 173 03 31 30  -0.665   1.351   0.016   1.507
 91 173 03 32 30  -0.601   1.393  -0.061   1.519
 91 173 03 33 30  -0.640   1.374  -0.078   1.520
 91 173 03 34 30  -0.639   1.376  -0.069   1.520
 91 173 03 35 30  -0.644   1.318  -0.321   1.513
 91 173 03 36 30  -0.677   1.246  -0.509   1.516
 91 173 03 37 30  -0.692   1.266  -0.461   1.518
 91 173 03 38 30  -0.628   1.267  -0.531   1.519
 91 173 03 39 30  -0.521   1.231  -0.693   1.515
 91 173 03 40 30  -0.617   1.277  -0.435   1.506
 91 173 03 41 30  -0.635   1.262  -0.454   1.486
 91 173 03 42 30  -0.661   1.242  -0.518   1.500
 91 173 03 43 30  -0.534   1.247  -0.592   1.483
 91 173 03 44 30  -0.602   1.205  -0.553   1.461
 91 173 03 45 30  -0.588   1.209  -0.498   1.455
 91 173 03 46 30  -0.701   1.237  -0.156   1.440
 91 173 03 47 30  -0.666   1.186  -0.423   1.429
 91 173 03 48 30  -0.578   1.201  -0.503   1.427
 91 173 03 49 30  -0.564   1.176  -0.512   1.404
 91 173 03 50 30  -0.460   1.229  -0.517   1.413
 91 173 03 51 30  -0.322   1.256  -0.562   1.415
 91 173 03 52 30  -0.487   1.208  -0.587   1.429
 91 173 03 53 30  -0.514   1.121  -0.693   1.422
 91 173 03 54 30  -0.564   1.106  -0.704   1.435
 91 173 03 55 30  -0.528   1.062  -0.825   1.447
 91 173 03 56 30  -0.545   1.125  -0.783   1.476
 91 173 03 57 30  -0.587   1.149  -0.732   1.484
 91 173 03 58 30  -0.577   1.182  -0.693   1.492
 91 173 03 59 30  -0.609   1.246  -0.559   1.497
 91 173 04 00 30  -0.551   1.253  -0.616   1.504
 91 173 04 01 30  -0.578   1.209  -0.667   1.498
 91 173 04 02 30  -0.556   1.225  -0.580   1.468
 91 173 04 03 30  -0.550   1.209  -0.568   1.445
 91 173 04 04 30  -0.525   1.225  -0.591   1.460
 91 173 04 05 30  -0.548   1.226  -0.557   1.457
 91 173 04 06 30  -0.518   1.207  -0.518   1.419
 91 173 04 07 30  -0.555   1.183  -0.618   1.446
 91 173 04 08 30  -0.580   1.148  -0.676   1.455
 91 173 04 09 30  -0.415   1.183  -0.591   1.391
 91 173 04 10 30  -0.355   1.137  -0.667   1.379
 91 173 04 11 30  -0.495   0.939  -0.869   1.376
 91 173 04 12 30  -0.443   0.888  -0.911   1.353
 91 173 04 13 30  -0.528   0.798  -0.972   1.365
 91 173 04 14 30  -0.519   0.764  -1.013   1.372
 91 173 04 15 30  -0.558   0.573  -1.084   1.354
 91 173 04 16 30  -0.551   0.513  -1.085   1.323
 91 173 04 17 30  -0.422   0.303  -1.162   1.276
 91 173 04 18 30  -0.495   0.374  -1.146   1.308
 91 173 04 19 30  -0.486   0.360  -1.186   1.332
 91 173 04 20 30  -0.481   0.283  -1.217   1.341
 91 173 04 21 30  -0.472   0.197  -1.219   1.323
 91 173 04 22 30  -0.509   0.187  -1.205   1.324
 91 173 04 23 30  -0.524   0.295  -1.221   1.362
 91 173 04 24 30  -0.551   0.252  -1.216   1.359
 91 173 04 25 30  -0.532   0.237  -1.231   1.363
 91 173 04 26 30  -0.523   0.243  -1.213   1.344
 91 173 04 27 30  -0.469   0.048  -1.250   1.349
 91 173 04 28 30  -0.442   0.239  -1.151   1.270
 91 173 04 29 30  -0.367   0.157  -1.157   1.228
 91 173 04 30 30  -0.325   0.040  -1.184   1.260
 91 173 04 31 30  -0.219  -0.130  -1.257   1.284
 91 173 04 32 30  -0.151  -0.191  -1.255   1.282
 91 173 04 33 30  -0.098  -0.265  -1.231   1.267
 91 173 04 34 30   0.019  -0.301  -1.236   1.281
 91 173 04 35 30  -0.257  -0.004  -1.048   1.213
 91 173 04 36 30  -0.637   0.407  -0.902   1.183
 91 173 04 37 30  -0.550   0.262  -1.036   1.205
 91 173 04 38 30  -0.438   0.120  -1.108   1.205
 91 173 04 39 30  -0.201  -0.134  -1.168   1.204
 91 173 04 40 30  -0.329   0.234  -0.825   1.124
 91 173 04 41 30  -0.620   0.887  -0.459   1.177
 91 173 04 42 30  -0.628   0.860  -0.483   1.177
 91 173 04 43 30  -0.590   0.774  -0.267   1.054
 91 173 04 44 30  -0.545   0.880  -0.264   1.113
 91 173 04 45 30  -0.352   0.792  -0.846   1.216
 91 173 04 46 30  -0.436   0.869  -0.775   1.250
 91 173 04 47 30  -0.437   0.868  -0.774   1.246
 91 173 04 48 30  -0.449   0.966  -0.594   1.226
 91 173 04 49 30  -0.660   0.712  -0.674   1.201
 91 173 04 50 30  -0.542   0.751  -0.777   1.222
 91 173 04 51 30  -0.715   0.036  -0.854   1.129
 91 173 04 52 30  -0.592   0.253  -0.818   1.148
 91 173 04 53 30  -0.515   0.225  -1.000   1.191
 91 173 04 54 30  -0.515   0.109  -1.093   1.216
 91 173 04 55 30  -0.435   0.382  -1.013   1.199
 91 173 04 56 30  -0.443   0.119  -1.107   1.199
 91 173 04 57 30  -0.447   0.041  -1.104   1.193
 91 173 04 58 30  -0.441   0.067  -1.105   1.193
 91 173 04 59 30  -0.438  -0.057  -1.128   1.213
 91 173 05 00 30  -0.448  -0.020  -1.196   1.278
 91 173 05 01 30  -0.500  -0.135  -1.209   1.319
 91 173 05 02 30  -0.450  -0.339  -1.219   1.345
 91 173 05 03 30  -0.456  -0.414  -1.202   1.351
 91 173 05 04 30  -0.456  -0.425  -1.208   1.360
 91 173 05 05 30  -0.451  -0.515  -1.152   1.346
 91 173 05 06 30  -0.529  -0.314  -1.207   1.356
 91 173 05 07 30  -0.593  -0.140  -1.205   1.352
 91 173 05 08 30  -0.471   0.107  -1.103   1.283
 91 173 05 09 30  -0.371   0.696  -0.959   1.245
 91 173 05 10 30  -0.483   0.660  -0.915   1.236
 91 173 05 11 30  -0.511   0.652  -0.924   1.245
 91 173 05 12 30  -0.645   0.733  -0.734   1.232
 91 173 05 13 30  -0.555   0.771  -0.789   1.240
 91 173 05 14 30  -0.487   0.836  -0.786   1.257
 91 173 05 15 30  -0.433   0.957  -0.622   1.295
 91 173 05 16 30   0.041  -0.101  -1.305   1.316
 91 173 05 17 30  -0.044  -0.016  -1.298   1.308
 91 173 05 18 30  -0.068   0.069  -1.296   1.301
 91 173 05 19 30  -0.162   0.371  -1.239   1.314
 91 173 05 20 30  -0.140   0.507  -1.205   1.317
 91 173 05 21 30  -0.144   0.537  -1.224   1.346
 91 173 05 22 30  -0.195   0.672  -1.181   1.376
 91 173 05 23 30  -0.227   0.690  -1.167   1.386
 91 173 05 24 30  -0.134   0.816  -1.115   1.393
 91 173 05 25 30  -0.405   0.784  -1.068   1.400
 91 173 05 26 30  -0.154   0.968  -0.974   1.389
 91 173 05 27 30  -0.242   0.854  -1.005   1.385
 91 173 05 28 30  -0.349   0.693  -1.087   1.371
 91 173 05 29 30  -0.339   0.961  -0.933   1.389
 91 173 05 30 30  -0.142   1.328  -0.371   1.421
 91 173 05 31 30  -0.140   1.386   0.048   1.422
 91 173 05 32 30  -0.075   1.386   0.194   1.406
 91 173 05 33 30  -0.039   1.392  -0.037   1.395
 91 173 05 34 30   0.012   1.384  -0.197   1.418
 91 173 05 35 30   0.206   1.251   0.550   1.406
 91 173 05 36 30   0.138   1.352   0.255   1.391
 91 173 05 37 30   0.044   1.371   0.067   1.382
 91 173 05 38 30  -0.124   1.368   0.024   1.384
 91 173 05 39 30  -0.188   1.287  -0.389   1.371
 91 173 05 40 30  -0.059   1.258  -0.433   1.355
 91 173 05 41 30  -0.128   1.221  -0.537   1.354
 91 173 05 42 30  -0.364   1.034  -0.632   1.408
 91 173 05 43 30  -0.744   0.698  -0.975   1.417
 91 173 05 44 30  -0.498  -0.261  -1.254   1.418
 91 173 05 45 30  -0.471  -0.471  -1.160   1.339
 91 173 05 46 30  -0.474  -0.447  -1.193   1.364
 91 173 05 47 30  -0.566  -0.350  -1.196   1.370
 91 173 05 48 30  -0.596  -0.314  -1.175   1.355
 91 173 05 49 30  -0.581  -0.286  -1.185   1.352
 91 173 05 50 30  -0.667  -0.230  -1.155   1.361
 91 173 05 51 30  -0.720  -0.098  -1.164   1.376
 91 173 05 52 30  -0.771  -0.192  -1.121   1.377
 91 173 05 53 30  -0.683  -0.155  -1.178   1.377
 91 173 05 54 30  -0.648  -0.141  -1.174   1.374
 91 173 05 55 30  -0.738  -0.006  -1.158   1.374
 91 173 05 56 30  -0.704  -0.039  -1.167   1.364
 91 173 05 57 30  -0.722  -0.104  -1.148   1.360
 91 173 05 58 30  -0.689  -0.096  -1.171   1.363
 91 173 05 59 30  -0.682  -0.264  -1.139   1.354
 91 173 06 00 30  -0.669  -0.219  -1.093   1.307
 91 173 06 01 30  -0.784  -0.110  -1.042   1.313
 91 173 06 02 30  -0.723  -0.200  -1.091   1.326
 91 173 06 03 30  -0.692  -0.310  -1.087   1.329
 91 173 06 04 30  -0.754  -0.270  -1.073   1.340
 91 173 06 05 30  -0.734  -0.243  -1.090   1.340
 91 173 06 06 30  -0.829  -0.112  -1.046   1.343
 91 173 06 07 30  -0.841   0.018  -1.047   1.349
 91 173 06 08 30  -0.845   0.020  -1.076   1.370
 91 173 06 09 30  -0.836   0.017  -1.088   1.374
 91 173 06 10 30  -0.857   0.040  -1.071   1.373
 91 173 06 11 30  -0.839   0.022  -1.089   1.376
 91 173 06 12 30  -0.856   0.033  -1.072   1.374
 91 173 06 13 30  -0.864   0.032  -1.063   1.372
 91 173 06 14 30  -0.897   0.099  -1.030   1.371
 91 173 06 15 30  -0.925   0.061  -1.008   1.371
 91 173 06 16 30  -0.764   0.179  -1.080   1.357
 91 173 06 17 30  -0.653   0.359  -1.163   1.382
 91 173 06 18 30  -0.650   0.356  -1.156   1.376
 91 173 06 19 30  -0.614   0.394  -1.151   1.375
 91 173 06 20 30  -0.673   0.280  -1.138   1.363
 91 173 06 21 30  -0.750   0.206  -1.135   1.380
 91 173 06 22 30  -0.725   0.224  -1.136   1.368
 91 173 06 23 30  -0.870  -0.060  -1.014   1.352
 91 173 06 24 30  -1.006  -0.130  -0.858   1.331
 91 173 06 25 30  -0.875   0.153  -0.933   1.320
 91 173 06 26 30  -0.516   0.723  -0.956   1.334
 91 173 06 27 30  -0.649   0.534  -1.045   1.344
 91 173 06 28 30  -0.466   0.769  -0.971   1.338
 91 173 06 29 30  -0.632   0.555  -0.988   1.302
 91 173 06 30 30  -0.369   0.785  -0.778   1.254
 91 173 06 31 30  -0.258   0.969  -0.825   1.301
 91 173 06 32 30  -0.166   0.984  -0.832   1.303
 91 173 06 33 30  -0.046   0.998  -0.814   1.295
 91 173 06 34 30  -0.043   1.058  -0.716   1.284
 91 173 06 35 30   0.092   1.088  -0.659   1.286
 91 173 06 36 30  -0.116   1.054  -0.695   1.270
 91 173 06 37 30  -0.141   1.076  -0.677   1.280
 91 173 06 38 30   0.177   1.102  -0.572   1.269
 91 173 06 39 30   0.343   1.149  -0.464   1.287
 91 173 06 40 30   0.314   1.163  -0.459   1.291
 91 173 06 41 30   0.239   1.146  -0.485   1.271
 91 173 06 42 30   0.241   1.130  -0.541   1.278
 91 173 06 43 30   0.225   1.143  -0.492   1.267
 91 173 06 44 30   0.313   1.129  -0.491   1.273
 91 173 06 45 30   0.282   1.163  -0.451   1.283
 91 173 06 46 30   0.319   1.171  -0.367   1.270
 91 173 06 47 30   0.309   1.136  -0.435   1.258
 91 173 06 48 30   0.187   1.141  -0.501   1.262
 91 173 06 49 30   0.178   1.152  -0.505   1.272
 91 173 06 50 30   0.083   1.121  -0.592   1.280
 91 173 06 51 30   0.272   1.120  -0.502   1.261
 91 173 06 52 30   0.372   1.123  -0.485   1.281
 91 173 06 53 30   0.319   1.156  -0.417   1.272
 91 173 06 54 30   0.248   1.168  -0.393   1.270
 91 173 06 55 30  -0.111   0.905  -0.800   1.230
 91 173 06 56 30  -0.260   0.836  -0.754   1.192
 91 173 06 57 30  -1.088  -0.011  -0.448   1.189
 91 173 06 58 30  -1.166  -0.045  -0.344   1.223
 91 173 06 59 30  -1.229  -0.153  -0.192   1.260
 91 173 07 00 30  -1.239  -0.139  -0.210   1.268
 91 173 07 01 30  -1.250  -0.213  -0.208   1.286
 91 173 07 02 30  -1.298  -0.099  -0.080   1.307
 91 173 07 03 30  -1.309  -0.063  -0.047   1.313
 91 173 07 04 30  -1.310  -0.027  -0.024   1.311
 91 173 07 05 30  -1.318   0.011   0.026   1.319
 91 173 07 06 30  -1.309   0.062   0.089   1.315
 91 173 07 07 30  -1.293   0.038   0.154   1.304
 91 173 07 08 30  -1.270   0.040   0.193   1.285
 91 173 07 09 30  -1.296   0.000   0.081   1.303
 91 173 07 10 30  -1.304   0.106   0.266   1.339
 91 173 07 11 30  -1.367   0.157   0.118   1.384
 91 173 07 12 30  -1.303   0.100   0.139   1.316
 91 173 07 13 30  -1.324   0.055   0.067   1.329
 91 173 07 14 30  -1.320   0.031   0.071   1.326
 91 173 07 15 30  -1.286   0.068   0.270   1.318
 91 173 07 16 30  -1.298  -0.010   0.267   1.332
 91 173 07 17 30  -1.282   0.076   0.037   1.294
 91 173 07 18 30  -1.291   0.066  -0.128   1.307
 91 173 07 19 30  -1.282   0.027  -0.040   1.287
 91 173 07 20 30  -1.307   0.107   0.039   1.312
 91 173 07 21 30  -1.288   0.139   0.028   1.297
 91 173 07 22 30  -1.287   0.162   0.054   1.298
 91 173 07 23 30  -1.310   0.151   0.042   1.321
 91 173 07 24 30  -1.287   0.210  -0.113   1.311
 91 173 07 25 30  -1.252   0.261  -0.216   1.298
 91 173 07 26 30  -1.229   0.315  -0.250   1.294
 91 173 07 27 30  -1.220   0.325  -0.247   1.293
 91 173 07 28 30  -1.256   0.304  -0.040   1.294
 91 173 07 29 30  -1.217   0.378  -0.112   1.285
 91 173 07 30 30  -1.241   0.352  -0.140   1.299
 91 173 07 31 30  -1.221   0.377  -0.248   1.304
 91 173 07 32 30  -1.202   0.372  -0.264   1.292
 91 173 07 33 30  -1.228   0.372  -0.150   1.293
 91 173 07 34 30  -1.222   0.396  -0.084   1.289
 91 173 07 35 30  -1.228   0.394   0.027   1.290
 91 173 07 36 30  -1.142   0.348   0.186   1.211
 91 173 07 37 30  -1.181   0.430   0.071   1.261
 91 173 07 38 30  -1.202   0.399  -0.136   1.275
 91 173 07 39 30  -1.159   0.512   0.114   1.274
 91 173 07 40 30  -1.163   0.517   0.056   1.275
 91 173 07 41 30  -1.152   0.521   0.036   1.267
 91 173 07 42 30  -1.140   0.556   0.055   1.272
 91 173 07 43 30  -1.149   0.524  -0.029   1.265
 91 173 07 44 30  -1.158   0.504  -0.051   1.264
 91 173 07 45 30  -1.141   0.537  -0.045   1.262
 91 173 07 46 30  -1.122   0.592  -0.018   1.269
 91 173 07 47 30  -1.112   0.613  -0.014   1.271
 91 173 07 48 30  -1.117   0.600  -0.014   1.269
 91 173 07 49 30  -1.124   0.585  -0.114   1.275
 91 173 07 50 30  -1.114   0.592  -0.123   1.272
 91 173 07 51 30  -1.105   0.589  -0.158   1.277
 91 173 07 52 30  -1.031   0.726   0.090   1.265
 91 173 07 53 30  -1.054   0.695   0.106   1.267
 91 173 07 54 30  -1.060   0.668   0.101   1.258
 91 173 07 55 30  -1.054   0.682   0.071   1.258
 91 173 07 56 30  -1.031   0.718   0.009   1.257
 91 173 07 57 30  -1.044   0.689   0.011   1.252
 91 173 07 58 30  -1.059   0.669   0.040   1.253
 91 173 07 59 30  -1.050   0.681   0.041   1.253
 91 173 08 00 30  -0.916   0.797   0.108   1.228
 91 173 08 01 30  -0.822   0.879   0.140   1.213
 91 173 08 02 30  -0.888   0.837   0.154   1.233
 91 173 08 03 30  -0.835   0.886   0.039   1.219
 91 173 08 04 30  -0.819   0.881   0.029   1.205
 91 173 08 05 30  -0.817   0.883   0.007   1.205
 91 173 08 06 30  -0.786   0.932  -0.047   1.222
 91 173 08 07 30  -0.778   0.935   0.015   1.217
 91 173 08 08 30  -0.906   0.809  -0.130   1.223
 91 173 08 09 30  -0.919   0.822  -0.123   1.239
 91 173 08 10 30  -0.900   0.826  -0.108   1.227
 91 173 08 11 30  -0.857   0.863  -0.069   1.219
 91 173 08 12 30  -0.892   0.857  -0.102   1.241
 91 173 08 13 30  -0.910   0.835  -0.102   1.246
 91 173 08 14 30  -0.824   0.916  -0.027   1.233
 91 173 08 15 30  -0.789   0.939  -0.134   1.236
 91 173 08 16 30  -0.791   0.905  -0.119   1.210
 91 173 08 17 30  -0.787   0.912  -0.133   1.213
 91 173 08 18 30  -0.715   0.960  -0.181   1.216
 91 173 08 19 30  -0.662   1.000  -0.164   1.214
 91 173 08 20 30  -0.680   0.988  -0.097   1.206
 91 173 08 21 30  -0.662   0.991  -0.105   1.198
 91 173 08 22 30  -0.704   0.970  -0.094   1.204
 91 173 08 23 30  -0.649   1.001  -0.095   1.198
 91 173 08 26 30  -0.868   0.884  -0.053   1.241
 91 173 08 27 30  -0.917   0.824  -0.033   1.238
 91 173 08 28 30  -0.932   0.806  -0.072   1.240
 91 173 08 29 30  -0.934   0.823  -0.066   1.251
 91 173 08 30 30  -0.917   0.833  -0.043   1.241
 91 173 08 31 30  -0.889   0.836   0.023   1.223
 91 173 08 34 30  -0.760   0.959   0.002   1.234
 91 173 08 35 30  -0.810   0.941  -0.022   1.243
 91 173 08 36 30  -0.787   0.968  -0.036   1.251
 91 173 08 37 30  -0.748   1.003  -0.144   1.260
 91 173 08 38 30  -0.791   0.958  -0.180   1.256
 91 173 08 39 30  -0.756   0.992  -0.191   1.263
 91 173 08 40 30  -0.724   1.010  -0.200   1.260
 91 173 08 41 30  -0.709   1.013  -0.212   1.255
 91 173 08 42 30  -0.688   1.022  -0.233   1.255
 91 173 08 43 30  -0.704   1.013  -0.226   1.256
 91 173 08 44 30  -0.753   0.985  -0.222   1.260
 91 173 08 45 30  -0.673   1.027  -0.232   1.251
 91 173 08 46 30  -0.720   0.996  -0.247   1.255
 91 173 08 47 30  -0.680   1.021  -0.274   1.259
 91 173 08 48 30  -0.627   1.053  -0.315   1.267
 91 173 08 49 30  -0.861   0.870  -0.149   1.256
 91 173 08 50 30  -0.943   0.814  -0.051   1.248
 91 173 08 51 30  -1.007   0.716   0.026   1.238
 91 173 08 52 30  -0.989   0.709  -0.025   1.218
 91 173 08 53 30  -1.000   0.681  -0.114   1.216
 91 173 08 54 30  -0.994   0.685  -0.119   1.213
 91 173 08 55 30  -1.012   0.659  -0.117   1.223
 91 173 08 56 30  -1.079   0.588   0.017   1.233
 91 173 08 57 30  -1.036   0.649  -0.064   1.228
 91 173 08 58 30  -1.001   0.733  -0.053   1.242
 91 173 08 59 30  -0.969   0.778  -0.022   1.245
 91 173 09 00 30  -0.940   0.791  -0.109   1.234
 91 173 09 01 30  -0.916   0.804  -0.094   1.225
 91 173 09 02 30  -0.857   0.844  -0.082   1.213
 91 173 09 03 30  -0.905   0.848  -0.022   1.241
 91 173 09 04 30  -0.895   0.866  -0.043   1.247
 91 173 09 05 30  -0.870   0.898  -0.077   1.254
 91 173 09 06 30  -0.938   0.833  -0.130   1.263
 91 173 09 07 30  -0.949   0.840  -0.146   1.278
 91 173 09 08 30  -0.913   0.861  -0.210   1.273
 91 173 09 09 30  -0.906   0.852  -0.243   1.273
 91 173 09 10 30  -0.862   0.920  -0.185   1.276
 91 173 09 11 30  -0.824   0.946  -0.148   1.267
 91 173 09 12 30  -0.939   0.810  -0.196   1.260
 91 173 09 13 30  -0.963   0.790  -0.221   1.268
 91 173 09 14 30  -0.887   0.867  -0.189   1.263
 91 173 09 15 30  -0.873   0.992  -0.053   1.324
 91 173 09 16 30  -0.924   1.013  -0.044   1.372
 91 173 09 17 30  -0.896   1.019  -0.005   1.358
 91 173 09 18 30  -0.929   0.960   0.003   1.337
 91 173 09 19 30  -0.887   0.915  -0.028   1.278
 91 173 09 20 30  -0.927   0.840  -0.109   1.256
 91 173 09 21 30  -0.924   0.883  -0.076   1.281
 91 173 09 22 30  -0.901   0.859  -0.075   1.248
 91 173 09 23 30  -0.987   0.902  -0.024   1.338
 91 173 09 24 30  -0.901   0.901  -0.113   1.280
 91 173 09 25 30  -0.896   0.921  -0.012   1.287
 91 173 09 31 30  -0.902   0.917   0.161   1.296
 91 173 09 32 30  -0.914   0.938   0.125   1.316
 91 173 09 33 30  -0.930   0.924   0.170   1.323
 91 173 09 34 30  -0.933   0.913   0.192   1.320
 91 173 09 35 30  -0.916   0.922   0.194   1.315
 91 173 09 36 30  -0.902   0.932   0.222   1.318
 91 173 09 37 30  -0.903   0.952   0.160   1.329
 91 173 09 38 30  -0.950   0.933   0.053   1.334
 91 173 09 39 30  -0.961   0.909   0.079   1.326
 91 173 09 40 30  -0.941   0.926   0.164   1.331
 91 173 09 41 30  -0.949   0.920   0.155   1.332
 91 173 09 42 30  -0.964   0.886   0.213   1.328
 91 173 09 43 30  -0.973   0.900   0.171   1.337
 91 173 09 44 30  -1.007   0.868   0.184   1.342
 91 173 09 45 30  -1.017   0.855   0.188   1.343
 91 173 09 46 30  -0.964   0.915   0.177   1.341
 91 173 09 47 30  -0.928   0.948   0.157   1.337
 91 173 09 48 30  -0.963   0.897   0.237   1.339
 91 173 09 49 30  -0.893   0.968   0.189   1.333
 91 173 09 50 30  -0.924   0.923   0.235   1.330
 91 173 09 51 30  -0.908   0.945   0.213   1.329
 91 173 09 52 30  -0.958   0.872   0.303   1.332
 91 173 09 53 30  -0.980   0.839   0.337   1.334
 91 173 09 54 30  -0.978   0.821   0.398   1.339
 91 173 09 55 30  -0.812   0.940   0.464   1.330
 91 173 09 56 30  -0.831   0.926   0.444   1.321
 91 173 09 57 30  -0.856   0.910   0.407   1.316
 91 173 09 58 30  -1.035   0.742   0.224   1.294
 91 173 09 59 30  -1.038   0.715   0.243   1.285
 91 173 10 00 30  -0.987   0.744   0.350   1.286
 91 173 10 01 30  -1.018   0.693   0.424   1.305
 91 173 10 02 30  -1.083   0.609   0.453   1.323
 91 173 10 03 30  -1.098   0.568   0.471   1.323
 91 173 10 04 30  -1.044   0.664   0.434   1.317
 91 173 10 05 30  -1.015   0.699   0.435   1.308
 91 173 10 06 30  -1.036   0.671   0.439   1.311
 91 173 10 07 30  -1.068   0.625   0.457   1.319
 91 173 10 08 30  -1.053   0.650   0.449   1.318
 91 173 10 09 30  -1.075   0.654   0.351   1.308
 91 173 10 10 30  -1.019   0.691   0.461   1.318
 91 173 10 11 30  -0.903   0.835   0.331   1.275
 91 173 10 12 30  -0.814   0.921   0.340   1.277
 91 173 10 13 30  -0.753   1.061   0.218   1.321
 91 173 10 14 30  -0.753   1.040   0.287   1.317
 91 173 10 15 30  -0.711   1.073   0.248   1.312
 91 173 10 16 30  -0.714   1.086   0.219   1.319
 91 173 10 17 30  -0.829   0.975   0.315   1.319
 91 173 10 18 30  -0.808   0.944   0.315   1.282
 91 173 10 19 30  -0.788   0.972   0.275   1.282
 91 173 10 20 30  -0.786   0.971   0.293   1.284
 91 173 10 21 30  -0.776   0.979   0.264   1.279
 91 173 10 22 30  -0.707   0.998   0.354   1.275
 91 173 10 23 30  -0.766   0.963   0.301   1.268
 91 173 10 24 30  -0.737   0.981   0.314   1.267
 91 173 10 25 30  -0.692   1.011   0.326   1.269
 91 173 10 26 30  -0.697   1.012   0.320   1.270
 91 173 10 27 30  -0.728   0.980   0.345   1.270
 91 173 10 28 30  -0.711   1.016   0.239   1.265
 91 173 10 29 30  -0.681   1.017   0.291   1.259
 91 173 10 30 30  -0.622   1.042   0.315   1.258
 91 173 10 31 30  -0.779   0.979   0.143   1.260
 91 173 10 32 30  -0.764   0.993   0.142   1.262
 91 173 10 33 30  -0.704   1.033   0.143   1.262
 91 173 10 34 30  -0.746   0.997   0.157   1.258
 91 173 10 35 30  -0.766   0.983   0.188   1.261
 91 173 10 36 30  -0.735   1.005   0.187   1.260
 91 173 10 37 30  -0.721   1.019   0.173   1.260
 91 173 10 38 30  -0.726   1.013   0.159   1.257
 91 173 10 39 30  -0.737   0.991   0.195   1.251
 91 173 10 40 30  -0.794   0.948   0.236   1.260
 91 173 10 41 30  -0.799   0.934   0.281   1.262
 91 173 10 42 30  -0.811   0.908   0.305   1.257
 91 173 10 43 30  -0.818   0.908   0.258   1.251
 91 173 10 44 30  -0.756   0.979   0.204   1.255
 91 173 10 45 30  -0.703   1.020   0.195   1.257
 91 173 10 46 30  -0.675   1.046   0.183   1.260
 91 173 10 47 30  -0.710   1.004   0.260   1.261
 91 173 10 48 30  -0.719   1.005   0.255   1.263
 91 173 10 49 30  -0.738   0.995   0.275   1.270
 91 173 10 50 30  -0.753   0.977   0.234   1.257
 91 173 10 51 30  -0.692   1.008   0.233   1.245
 91 173 10 52 30  -0.664   1.023   0.216   1.239
 91 173 10 53 30  -0.643   1.020   0.219   1.227
 91 173 10 54 30  -0.689   0.980   0.257   1.226
 91 173 10 55 30  -0.688   0.976   0.266   1.224
 91 173 10 56 30  -0.696   0.965   0.268   1.221
 91 173 10 57 30  -0.680   0.989   0.236   1.224
 91 173 10 58 30  -0.544   1.116   0.088   1.250
 91 173 10 59 30  -0.546   1.137   0.075   1.265
 91 173 11 00 30  -0.530   1.146   0.015   1.265
 91 173 11 01 30  -0.514   1.140   0.087   1.255
 91 173 11 02 30  -0.584   1.110   0.080   1.258
 91 173 11 03 30  -0.562   1.082   0.157   1.230
 91 173 11 04 30  -0.467   1.139   0.188   1.251
 91 173 11 05 30  -0.603   1.093   0.173   1.261
 91 173 11 06 30  -0.652   1.089   0.122   1.276
 91 173 11 07 30  -0.640   1.133   0.157   1.311
 91 173 11 08 30  -0.576   1.134   0.199   1.288
 91 173 11 09 30  -0.576   1.157   0.182   1.306
 91 173 11 10 30  -0.605   1.153   0.219   1.320
 91 173 11 11 30  -0.545   1.174   0.255   1.320
 91 173 11 12 30  -0.530   1.145   0.225   1.282
 91 173 11 13 30  -0.451   1.233   0.240   1.336
 91 173 11 14 30  -0.506   1.141   0.220   1.268
 91 173 11 15 30  -0.515   1.148   0.231   1.281
 91 173 11 16 30  -0.529   1.124   0.230   1.264
 91 173 11 17 30  -0.520   1.142   0.201   1.271
 91 173 11 18 30  -0.529   1.176   0.174   1.301
 91 173 11 19 30  -0.547   1.109   0.233   1.260
 91 173 11 20 30  -0.586   1.077   0.240   1.249
 91 173 11 21 30  -0.563   1.088   0.213   1.244
 91 173 11 22 30  -0.572   1.075   0.261   1.246
 91 173 11 23 30  -0.607   1.073   0.174   1.245
 91 173 11 24 30  -0.582   1.088   0.196   1.250
 91 173 11 25 30  -0.523   1.126   0.235   1.264
 91 173 11 26 30  -0.522   1.135   0.230   1.271
 91 173 11 27 30  -0.539   1.125   0.241   1.271
 91 173 11 28 30  -0.567   1.103   0.208   1.263
 91 173 11 29 30  -0.719   1.003   0.142   1.246
 91 173 11 30 30  -0.586   1.052   0.325   1.256
 91 173 11 31 30  -0.623   1.063   0.212   1.253
 91 173 11 32 30  -0.594   1.096   0.147   1.257
 91 173 11 33 30  -0.503   1.124   0.249   1.259
 91 173 11 34 30  -0.422   1.171   0.290   1.279
 91 173 11 35 30  -0.403   1.187   0.256   1.281
 91 173 11 36 30  -0.448   1.180   0.226   1.283
 91 173 11 37 30  -0.480   1.162   0.249   1.283
 91 173 11 38 30  -0.393   1.186   0.319   1.290
 91 173 11 39 30  -0.347   1.205   0.299   1.290
 91 173 11 40 30  -0.344   1.204   0.299   1.288
 91 173 11 41 30  -0.328   1.198   0.312   1.281
 91 173 11 42 30  -0.340   1.193   0.318   1.281
 91 173 11 43 30  -0.421   1.174   0.334   1.294
 91 173 11 44 30  -0.436   1.175   0.265   1.282
 91 173 11 45 30  -0.616   1.104   0.141   1.278
 91 173 11 46 30  -0.516   1.140   0.220   1.276
 91 173 11 47 30  -0.554   1.120   0.251   1.277
 91 173 11 48 30  -0.614   1.090   0.252   1.277
 91 173 11 49 30  -0.587   1.106   0.246   1.276
 91 173 11 50 30  -0.576   1.122   0.265   1.290
 91 173 11 51 30  -0.488   1.122   0.355   1.279
 91 173 11 52 30  -0.586   1.108   0.162   1.265
 91 173 11 53 30  -0.573   1.109   0.221   1.269
 91 173 11 54 30  -0.611   1.110   0.206   1.285
 91 173 11 55 30  -0.552   1.097   0.369   1.284
 91 173 11 56 30  -0.533   1.095   0.386   1.278
 91 173 11 57 30  -0.540   1.088   0.395   1.278
 91 173 11 58 30  -0.531   1.079   0.384   1.264
 91 173 11 59 30  -0.531   1.072   0.347   1.247
 91 173 12 00 30  -0.577   1.060   0.368   1.262
 91 173 12 01 30  -0.603   1.083   0.308   1.278
 91 173 12 02 30  -0.607   1.087   0.259   1.279
 91 173 12 03 30  -0.496   0.975   0.634   1.265
 91 173 12 04 30  -0.472   0.949   0.695   1.269
 91 173 12 05 30  -0.491   0.970   0.635   1.260
 91 173 12 06 30  -0.459   0.998   0.621   1.262
 91 173 12 07 30  -0.422   1.030   0.595   1.262
 91 173 12 08 30  -0.306   0.968   0.735   1.262
 91 173 12 09 30  -0.421   1.026   0.637   1.282
 91 173 12 10 30  -0.497   1.039   0.579   1.291
 91 173 12 11 30  -0.507   1.072   0.517   1.294
 91 173 12 12 30  -0.461   1.099   0.496   1.293
 91 173 12 13 30  -0.425   1.115   0.472   1.284
 91 173 12 14 30  -0.447   1.130   0.403   1.282
 91 173 12 15 30  -0.504   1.140   0.325   1.289
 91 173 12 16 30  -0.503   1.146   0.265   1.280
 91 173 12 17 30  -0.515   1.137   0.281   1.280
 91 173 12 18 30  -0.533   1.129   0.160   1.261
 91 173 12 19 30  -0.423   1.161   0.198   1.253
 91 173 12 20 30  -0.455   1.147   0.234   1.257
 91 173 12 21 30  -0.477   1.126   0.291   1.258
 91 173 12 22 30  -0.559   0.993   0.429   1.244
 91 173 12 23 30  -0.604   0.883   0.611   1.243
 91 173 12 24 30  -0.606   0.939   0.470   1.218
 91 173 12 25 30  -0.625   0.793   0.703   1.236
 91 173 12 26 30  -0.701   0.803   0.639   1.244
 91 173 12 27 30  -0.662   0.823   0.664   1.252
 91 173 12 28 30  -0.698   0.705   0.750   1.248
 91 173 12 29 30  -0.734   0.503   0.863   1.243
 91 173 12 30 30  -0.647   0.508   0.989   1.290
 91 173 12 31 30  -0.651   0.556   0.951   1.280
 91 173 12 32 30  -0.597   0.528   1.007   1.285
 91 173 12 33 30  -0.579   0.555   1.001   1.283
 91 173 12 34 30  -0.602   0.649   0.953   1.303
 91 173 12 35 30  -0.612   0.666   0.905   1.282
 91 173 12 36 30  -0.584   0.661   0.935   1.286
 91 173 12 37 30  -0.576   0.644   0.933   1.272
 91 173 12 38 30  -0.573   0.705   0.862   1.254
 91 173 12 39 30  -0.598   0.624   0.870   1.234
 91 173 12 40 30  -0.579   0.785   0.633   1.232
 91 173 12 41 30  -0.714   0.956   0.171   1.221
 91 173 12 42 30  -0.606   1.019   0.198   1.215
 91 173 12 43 30  -0.630   1.037   0.150   1.224
 91 173 12 44 30  -0.608   1.051   0.132   1.222
 91 173 12 45 30  -0.658   0.987   0.239   1.212
 91 173 12 46 30  -0.666   1.023   0.160   1.234
 91 173 12 47 30  -0.634   1.068   0.077   1.246
 91 173 12 48 30  -0.736   0.964   0.104   1.225
 91 173 12 49 30  -0.791   0.933   0.042   1.228
 91 173 12 50 30  -0.681   1.017  -0.012   1.230
 91 173 12 51 30  -0.678   0.986   0.033   1.206
 91 173 12 52 30  -0.954   0.754  -0.071   1.223
 91 173 12 53 30  -0.603   1.005  -0.259   1.217
 91 173 12 54 30  -0.497   1.070  -0.368   1.248
 91 173 12 55 30  -0.694   1.040  -0.131   1.263
 91 173 12 56 30  -0.684   1.062  -0.043   1.265
 91 173 12 57 30  -0.658   1.072  -0.039   1.259
 91 173 12 58 30  -0.720   1.036   0.071   1.264
 91 173 12 59 30  -0.720   1.061   0.057   1.284
 91 173 13 00 30  -0.729   1.046   0.094   1.280
 91 173 13 01 30  -0.737   1.060   0.085   1.298
 91 173 13 02 30  -0.840   0.968   0.256   1.315
 91 173 13 03 30  -0.627   1.133  -0.127   1.308
 91 173 13 04 30  -0.685   1.107  -0.052   1.308
 91 173 13 05 30  -0.568   1.172  -0.007   1.306
 91 173 13 06 30  -0.488   1.206  -0.062   1.303
 91 173 13 07 30  -0.454   1.225  -0.029   1.314
 91 173 13 08 30  -0.496   1.187  -0.212   1.310
 91 173 13 09 30  -0.505   1.173  -0.294   1.314
 91 173 13 10 30  -0.533   1.183  -0.223   1.317
 91 173 13 11 30  -0.552   1.171  -0.219   1.314
 91 173 13 12 30  -0.549   1.159  -0.199   1.302
 91 173 13 13 30  -0.592   1.137  -0.188   1.300
 91 173 13 14 30  -0.572   1.179   0.039   1.314
 91 173 13 15 30  -0.547   1.201   0.104   1.324
 91 173 13 16 30  -0.549   1.192   0.153   1.322
 91 173 13 17 30  -0.528   1.190   0.198   1.320
 91 173 13 18 30  -0.410   1.237   0.155   1.314
 91 173 13 19 30  -0.378   1.245   0.139   1.315
 91 173 13 20 30  -0.394   1.224   0.232   1.307
 91 173 13 21 30  -0.256   1.251   0.230   1.310
 91 173 13 22 30  -0.177   1.272   0.257   1.313
 91 173 13 23 30  -0.097   1.280   0.229   1.314
 91 173 13 24 30  -0.245   1.247   0.316   1.315
 91 173 13 25 30  -0.139   1.234   0.410   1.311
 91 173 13 26 30  -0.182   1.246   0.381   1.316
 91 173 13 27 30  -0.148   1.257   0.333   1.310
 91 173 13 28 30  -0.249   1.226   0.333   1.302
 91 173 13 29 30  -0.308   1.221   0.310   1.298
 91 173 13 30 30  -0.255   1.222   0.283   1.291
 91 173 13 31 30  -0.089   1.222   0.432   1.302
 91 173 13 32 30  -0.090   1.207   0.469   1.299
 91 173 13 33 30  -0.033   1.193   0.459   1.279
 91 173 13 34 30  -0.018   1.193   0.446   1.274
 91 173 13 35 30  -0.051   1.187   0.461   1.275
 91 173 13 36 30  -0.116   1.183   0.436   1.267
 91 173 13 37 30  -0.182   1.198   0.398   1.276
 91 173 13 38 30  -0.315   1.208   0.267   1.280
 91 173 13 39 30  -0.270   1.215   0.262   1.273
 91 173 13 40 30  -0.260   1.137   0.419   1.245
 91 173 13 41 30  -0.299   1.112   0.434   1.232
 91 173 13 42 30  -0.305   1.072   0.530   1.235
 91 173 13 43 30  -0.383   1.064   0.516   1.245
 91 173 13 44 30  -0.329   1.094   0.475   1.239
 91 173 13 45 30  -0.202   1.097   0.539   1.240
 91 173 13 46 30  -0.235   1.083   0.566   1.247
 91 173 13 47 30  -0.040   1.056   0.654   1.247
 91 173 13 48 30   0.112   1.010   0.726   1.251
 91 173 13 49 30   0.040   0.989   0.748   1.250
 91 173 13 50 30  -0.391   1.070   0.536   1.263
 91 173 13 51 30  -0.593   1.022   0.441   1.263
 91 173 13 52 30  -0.667   0.991   0.349   1.247
 91 173 13 53 30  -0.853   0.881   0.165   1.245
 91 173 13 54 30  -0.865   0.846   0.115   1.222
 91 173 13 55 30  -0.904   0.789   0.065   1.211
 91 173 13 56 30  -0.040   0.881   0.673   1.190
 91 173 13 57 30   0.276   0.891   0.822   1.247
 91 173 13 58 30   0.261   0.896   0.821   1.244
 91 173 13 59 30   0.228   0.938   0.781   1.243
 91 173 14 00 30   0.213   0.931   0.787   1.239
 91 173 14 01 30   0.242   0.899   0.816   1.239
 91 173 14 02 30   0.119   0.950   0.781   1.241
 91 173 14 03 30   0.139   0.935   0.815   1.250
 91 173 14 04 30   0.186   0.909   0.840   1.253
 91 173 14 05 30   0.190   0.936   0.794   1.246
 91 173 14 06 30   0.224   0.976   0.742   1.247
 91 173 14 07 30   0.209   0.935   0.788   1.242
 91 173 14 08 30   0.180   0.877   0.847   1.234
 91 173 14 09 30   0.110   0.800   0.899   1.211
 91 173 14 10 30   0.171   0.773   0.894   1.197
 91 173 14 11 30   0.281   0.704   0.906   1.184
 91 173 14 12 30   0.362   0.670   0.912   1.188
 91 173 14 13 30   0.340   0.761   0.857   1.206
 91 173 14 14 30   0.136   0.826   0.834   1.185
 91 173 14 15 30   0.127   0.884   0.769   1.181
 91 173 14 16 30   0.122   0.876   0.780   1.188
 91 173 14 17 30   0.206   0.925   0.714   1.209
 91 173 14 18 30   0.070   0.883   0.798   1.200
 91 173 14 19 30   0.333   0.778   0.839   1.203
 91 173 14 20 30   0.207   0.836   0.832   1.203
 91 173 14 21 30  -0.079   0.817   0.874   1.205
 91 173 14 22 30  -0.078   0.897   0.796   1.204
 91 173 14 23 30  -0.028   0.932   0.754   1.201
 91 173 14 24 30   0.131   0.889   0.777   1.191
 91 173 14 25 30   0.188   0.947   0.688   1.191
 91 173 14 26 30  -0.004   0.828   0.866   1.201
 91 173 14 27 30   0.026   0.875   0.810   1.200
 91 173 14 28 30  -0.018   0.826   0.859   1.193
 91 173 14 29 30  -0.015   0.819   0.861   1.191
 91 173 14 30 30   0.248   0.831   0.818   1.202
 91 173 14 31 30   0.292   0.844   0.795   1.198
 91 173 14 32 30   0.246   0.876   0.804   1.215
 91 173 14 33 30   0.388   0.800   0.801   1.206
 91 173 14 34 30   0.390   0.783   0.804   1.194
 91 173 14 35 30   0.213   0.883   0.755   1.184
 91 173 14 36 30   0.310   0.893   0.705   1.182
 91 173 14 37 30   0.311   0.977   0.573   1.177
 91 173 14 38 30   0.220   1.017   0.591   1.198
 91 173 14 39 30   0.167   0.994   0.624   1.187
 91 173 14 40 30   0.120   0.989   0.639   1.185
 91 173 14 41 30   0.179   0.924   0.703   1.178
 91 173 14 42 30   0.236   0.827   0.790   1.172
 91 173 14 43 30   0.197   0.823   0.801   1.168
 91 173 14 44 30   0.321   0.772   0.821   1.175
 91 173 14 45 30  -0.014   0.944   0.718   1.194
 91 173 14 46 30  -0.115   0.987   0.660   1.194
 91 173 14 47 30  -0.119   0.997   0.629   1.189
 91 173 14 48 30  -0.220   1.000   0.593   1.185
 91 173 14 49 30  -0.298   1.009   0.537   1.183
 91 173 14 50 30  -0.583   0.990   0.363   1.228
 91 173 14 51 30  -0.672   1.032   0.154   1.243
 91 173 14 52 30  -0.692   1.068   0.078   1.276
 91 173 14 53 30  -0.690   1.061   0.126   1.273
 91 173 14 54 30  -0.707   1.046   0.080   1.267
 91 173 14 55 30  -0.758   1.002   0.108   1.262
 91 173 14 56 30  -0.657   1.044   0.081   1.237
 91 173 14 57 30  -0.665   1.045   0.046   1.241
 91 173 14 58 30  -0.734   0.977  -0.150   1.235
 91 173 14 59 30  -0.780   0.928  -0.194   1.229
 91 173 15 00 30  -0.845   0.858  -0.218   1.229
 91 173 15 01 30  -0.832   0.884  -0.157   1.226
 91 173 15 02 30  -0.836   0.849  -0.217   1.224
 91 173 15 03 30  -0.867   0.743   0.035   1.192
 91 173 15 04 30  -0.706   0.909  -0.079   1.195
 91 173 15 05 30  -0.083   0.704   0.709   1.177
 91 173 15 06 30   0.014   0.807   0.819   1.153
 91 173 15 07 30  -0.079   0.764   0.852   1.149
 91 173 15 08 30  -0.073   0.741   0.865   1.148
 91 173 15 09 30  -0.193   0.843   0.706   1.160
 91 173 15 10 30  -0.298   1.090   0.252   1.169
 91 173 15 11 30  -0.283   1.084   0.338   1.173
 91 173 15 12 30  -0.096   1.074   0.396   1.154
 91 173 15 13 30  -0.193   1.082   0.386   1.167
 91 173 15 14 30  -0.199   1.043   0.445   1.155
 91 173 15 15 30  -0.173   1.033   0.497   1.162
 91 173 15 16 30  -0.240   0.948   0.615   1.158
 91 173 15 17 30  -0.318   0.908   0.625   1.152
 91 173 15 18 30  -0.410   0.902   0.571   1.150
 91 173 15 19 30  -0.435   0.821   0.669   1.149
 91 173 15 20 30  -0.387   0.793   0.736   1.153
 91 173 15 21 30  -0.451   0.970   0.483   1.184
 91 173 15 22 30  -0.529   0.948   0.463   1.181
 91 173 15 23 30  -0.398   1.072   0.355   1.203
 91 173 15 24 30  -0.385   1.090   0.308   1.198
 91 173 15 25 30  -0.372   1.096   0.306   1.198
 91 173 15 26 30  -0.379   1.100   0.265   1.194
 91 173 15 27 30  -0.291   1.060   0.361   1.164
 91 173 15 28 30  -0.308   1.037   0.383   1.148
 91 173 15 29 30  -0.299   1.043   0.378   1.149
 91 173 15 30 30  -0.277   1.082   0.365   1.176
 91 173 15 31 30  -0.242   1.103   0.335   1.179
 91 173 15 32 30  -0.211   1.113   0.243   1.160
 91 173 15 33 30  -0.231   1.105   0.265   1.165
 91 173 15 34 30  -0.302   1.064   0.380   1.171
 91 173 15 35 30  -0.246   1.126   0.171   1.176
 91 173 15 36 30  -0.210   1.174  -0.016   1.193
 91 173 15 37 30  -0.251   1.165  -0.018   1.194
 91 173 15 38 30  -0.293   1.168  -0.055   1.207
 91 173 15 39 30  -0.365   1.161  -0.182   1.231
 91 173 15 40 30  -0.402   1.163  -0.183   1.245
 91 173 15 41 30  -0.460   1.160  -0.193   1.263
 91 173 15 42 30  -0.529   1.126  -0.241   1.274
 91 173 15 43 30  -0.432   1.035  -0.098   1.191
 91 173 15 44 30  -0.028   0.974   0.667   1.184
 91 173 15 45 30  -0.049   0.985   0.638   1.177
 91 173 15 46 30  -0.087   1.043   0.523   1.175
 91 173 15 47 30  -0.055   1.104   0.354   1.168
 91 173 15 48 30  -0.239   0.952   0.622   1.166
 91 173 15 49 30  -0.245   0.931   0.661   1.168
 91 173 15 50 30  -0.293   0.939   0.624   1.166
 91 173 15 51 30  -0.312   0.959   0.563   1.156
 91 173 15 52 30  -0.326   0.986   0.479   1.146
 91 173 15 53 30  -0.346   0.949   0.535   1.145
 91 173 15 54 30  -0.358   0.986   0.433   1.139
 91 173 15 55 30  -0.407   0.961   0.454   1.142
 91 173 15 56 30  -0.389   0.935   0.515   1.138
 91 173 15 57 30  -0.315   0.872   0.636   1.129
 91 173 15 58 30  -0.312   0.786   0.750   1.133
 91 173 15 59 30  -0.279   0.831   0.725   1.141
 91 173 16 00 30  -0.307   0.861   0.690   1.148
 91 173 16 01 30  -0.332   0.848   0.711   1.156
 91 173 16 02 30  -0.356   0.895   0.599   1.140
 91 173 16 03 30  -0.375   0.961   0.543   1.166
 91 173 16 04 30  -0.376   1.087   0.067   1.164
 91 173 16 05 30  -0.386   1.092  -0.020   1.162
 91 173 16 06 30  -0.304   1.127  -0.019   1.170
 91 173 16 07 30  -0.279   1.140   0.079   1.178
 91 173 16 08 30  -0.259   1.131   0.170   1.176
 91 173 16 09 30  -0.371   1.051   0.218   1.173
 91 173 16 10 30  -0.371   1.070  -0.271   1.168
 91 173 16 11 30  -0.392   1.023  -0.245   1.147
 91 173 16 12 30  -0.266   0.973  -0.500   1.132
 91 173 16 13 30  -0.233   0.963  -0.539   1.132
 91 173 16 14 30  -0.248   0.961  -0.522   1.127
 91 173 16 15 30  -0.266   0.921  -0.556   1.114
 91 173 16 16 30  -0.243   0.936  -0.501   1.095
 91 173 16 17 30  -0.241   0.916  -0.554   1.101
 91 173 16 18 30  -0.213   0.892  -0.491   1.065
 91 173 16 19 30  -0.432   0.903  -0.143   1.017
 91 173 16 20 30  -0.411   0.959  -0.079   1.049
 91 173 16 21 30  -0.451   1.010  -0.154   1.118
 91 173 16 22 30  -0.453   1.004  -0.135   1.111
 91 173 16 23 30  -0.392   1.024   0.008   1.101
 91 173 16 24 30  -0.501   0.824  -0.412   1.051
 91 173 16 25 30  -0.578   0.876  -0.223   1.079
 91 173 16 26 30  -0.630   0.845  -0.061   1.064
 91 173 16 27 30  -0.778   0.705   0.068   1.059
 91 173 16 28 30  -0.904   0.461   0.092   1.037
 91 173 16 29 30  -1.001   0.256   0.030   1.035
 91 173 16 30 30  -0.938   0.404   0.098   1.029
 91 173 16 31 30  -0.923   0.431   0.179   1.036
 91 173 16 32 30  -0.803   0.587   0.256   1.029
 91 173 16 33 30  -0.812   0.598   0.232   1.044
 91 173 16 34 30  -0.828   0.607   0.232   1.063
 91 173 16 35 30  -0.900   0.452   0.302   1.056
 91 173 16 36 30  -0.943   0.452   0.221   1.073
 91 173 16 37 30  -0.947   0.399   0.264   1.062
 91 173 16 38 30  -0.934   0.430   0.237   1.057
 91 173 16 39 30  -0.955   0.453   0.094   1.062
 91 173 16 40 30  -0.954   0.465  -0.006   1.063
 91 173 16 41 30  -0.945   0.506  -0.133   1.082
 91 173 16 42 30  -0.946   0.543  -0.177   1.108
 91 173 16 43 30  -0.935   0.555  -0.057   1.090
 91 173 16 44 30  -0.836   0.610   0.083   1.054
 91 173 16 45 30  -0.664   0.771   0.075   1.052
 91 173 16 46 30  -0.176   1.008   0.377   1.098
 91 173 16 47 30  -0.269   0.997   0.414   1.113
 91 173 16 48 30  -0.294   1.005   0.331   1.107
 91 173 16 49 30  -0.376   0.970  -0.080   1.046
 91 173 16 50 30  -0.456   0.929  -0.134   1.047
 91 173 16 51 30  -0.380   0.947  -0.249   1.053
 91 173 16 52 30  -0.235   0.895  -0.376   1.060
 91 173 16 53 30  -0.520   0.926   0.229   1.089
 91 173 16 54 30  -0.505   0.928   0.211   1.083
 91 173 16 55 30  -0.532   0.890   0.293   1.083
 91 173 16 56 30  -0.506   0.925   0.183   1.076
 91 173 16 57 30  -0.533   0.892   0.260   1.074
 91 173 16 58 30  -0.406   0.974   0.224   1.082
 91 173 16 59 30  -0.545   0.837   0.245   1.046
 91 173 17 00 30  -0.502   0.865   0.223   1.028
 91 173 17 01 30  -0.432   0.885   0.177   1.008
 91 173 17 02 30  -0.392   0.914   0.163   1.019
 91 173 17 03 30  -0.308   0.952   0.009   1.011
 91 173 17 04 30  -0.149   0.971  -0.093   1.015
 91 173 17 05 30  -0.221   0.977   0.141   1.020
 91 173 17 06 30  -0.175   0.966  -0.017   1.007
 91 173 17 07 30  -0.522   0.818   0.170   1.001
 91 173 17 08 30  -0.490   0.824   0.174   1.008
 91 173 17 09 30  -0.310   0.917  -0.050   1.002
 91 173 17 10 30  -0.264   0.838   0.427   1.005
 91 173 17 11 30  -0.214   0.845   0.475   1.004
 91 173 17 12 30  -0.258   0.853   0.471   1.027
 91 173 17 13 30  -0.307   0.875   0.478   1.051
 91 173 17 14 30  -0.165   0.678   0.744   1.079
 91 173 17 15 30  -0.228   0.630   0.821   1.072
 91 173 17 16 30  -0.166   0.785   0.606   1.080
 91 173 17 17 30  -0.174   1.007  -0.054   1.040
 91 173 17 18 30  -0.140   0.927  -0.311   1.013
 91 173 17 19 30  -0.481   0.779  -0.349   1.005
 91 173 17 20 30  -0.570   0.655  -0.499   1.011
 91 173 17 21 30  -0.677   0.557  -0.519   1.022
 91 173 17 22 30  -0.700   0.432  -0.612   1.027
 91 173 17 23 30  -0.637   0.359  -0.726   1.036
 91 173 17 24 30  -0.573   0.392  -0.747   1.028
 91 173 17 25 30  -0.602   0.360  -0.736   1.021
 91 173 17 26 30  -0.528   0.241  -0.810   1.015
 91 173 17 27 30  -0.523   0.354  -0.794   1.031
 91 173 17 28 30  -0.554   0.460  -0.737   1.041
 91 173 17 29 30  -0.392   0.338  -0.815   1.062
 91 173 17 30 30   0.168  -0.019  -1.031   1.049
 91 173 17 31 30  -0.061   0.126  -1.033   1.051
 91 173 17 32 30  -0.171   0.279  -0.987   1.042
 91 173 17 33 30   0.023   0.486  -0.727   1.012
 91 173 17 34 30   0.039   0.965  -0.336   1.032
 91 173 17 35 30  -0.034   0.916  -0.419   1.025
 91 173 17 36 30  -0.046   0.936  -0.462   1.051
 91 173 17 37 30   0.013   0.957  -0.433   1.052
 91 173 17 38 30  -0.104   0.902  -0.494   1.043
 91 173 17 39 30  -0.272   0.916  -0.425   1.048
 91 173 17 40 30  -0.285   0.919  -0.396   1.045
 91 173 17 41 30  -0.487   0.843  -0.335   1.033
 91 173 17 42 30  -0.286   0.929  -0.354   1.041
 91 173 17 43 30  -0.314   0.879  -0.445   1.039
 91 173 17 44 30  -0.443   0.809  -0.440   1.036
 91 173 17 45 30  -0.391   0.811  -0.488   1.031
 91 173 17 46 30  -0.455   0.784  -0.475   1.028
 91 173 17 47 30  -0.527   0.749  -0.408   1.013
 91 173 17 48 30  -0.811   0.336  -0.341   0.978
 91 173 17 49 30  -0.077   0.992  -0.172   1.039
 91 173 17 50 30  -0.040   1.053  -0.107   1.060
 91 173 17 51 30  -0.007   1.052  -0.099   1.059
 91 173 17 52 30   0.132   1.066  -0.076   1.077
 91 173 17 53 30   0.025   0.885   0.123   1.025
 91 173 17 54 30  -0.311   0.208  -0.936   1.021
 91 173 17 55 30  -0.280   0.440  -0.865   1.013
 91 173 17 56 30  -0.224   0.392  -0.894   1.007
 91 173 17 57 30  -0.345   0.370  -0.854   1.000
 91 173 17 58 30  -0.334   0.331  -0.900   1.021
 91 173 17 59 30  -0.396   0.781  -0.365   1.006
 91 173 18 00 30  -0.308   0.541  -0.764   1.013
 91 173 18 01 30  -0.290   0.665  -0.477   0.989
 91 173 18 02 30  -0.408   0.481  -0.777   1.024
 91 173 18 03 30  -0.305   0.544  -0.811   1.028
 91 173 18 04 30  -0.225   0.460  -0.897   1.039
 91 173 18 05 30  -0.254   0.476  -0.884   1.046
 91 173 18 06 30  -0.271   0.398  -0.933   1.053
 91 173 18 07 30  -0.398   0.293  -0.912   1.041
 91 173 18 08 30  -0.411   0.251  -0.932   1.054
 91 173 18 09 30  -0.311   0.271  -0.968   1.054
 91 173 18 10 30  -0.402   0.287  -0.925   1.052
 91 173 18 11 30  -0.420   0.271  -0.904   1.036
 91 173 18 12 30  -0.373   0.329  -0.886   1.044
 91 173 18 13 30  -0.514   0.493  -0.741   1.036
 91 173 18 14 30  -0.382   0.296  -0.916   1.041
 91 173 18 15 30  -0.408   0.308  -0.909   1.047
 91 173 18 16 30  -0.420   0.346  -0.891   1.049
 91 173 18 17 30  -0.439   0.259  -0.919   1.054
 91 173 18 18 30  -0.590   0.347  -0.774   1.048
 91 173 18 19 30  -0.638   0.363  -0.753   1.054
 91 173 18 20 30  -0.628   0.281  -0.792   1.052
 91 173 18 21 30  -0.569   0.325  -0.820   1.052
 91 173 18 22 30  -0.549   0.297  -0.840   1.049
 91 173 18 23 30  -0.587   0.218  -0.838   1.049
 91 173 18 24 30  -0.518   0.247  -0.846   1.050
 91 173 18 25 30  -0.517   0.326  -0.847   1.052
 91 173 18 26 30  -0.344  -0.076  -0.989   1.056
 91 173 18 27 30  -0.385   0.007  -1.000   1.074
 91 173 18 28 30  -0.301  -0.082  -1.036   1.086
 91 173 18 29 30  -0.381  -0.187  -0.992   1.081
 91 173 18 30 30  -0.327  -0.276  -1.005   1.100
 91 173 18 31 30  -0.227  -0.093  -1.036   1.071
 91 173 18 32 30  -0.249  -0.244  -1.036   1.095
 91 173 18 33 30  -0.157  -0.313  -1.044   1.114
 91 173 18 34 30  -0.193  -0.322  -1.045   1.118
 91 173 18 35 30  -0.415   0.192  -0.973   1.076
 91 173 18 36 30  -0.493   0.407  -0.832   1.067
 91 173 18 37 30  -0.484   0.672  -0.669   1.066
 91 173 18 38 30  -0.503   0.579  -0.724   1.059
 91 173 18 39 30  -0.389   0.364  -0.910   1.063
 91 173 18 40 30  -0.212   0.210  -1.010   1.056
 91 173 18 41 30   0.050   0.088  -1.055   1.069
 91 173 18 42 30  -0.113  -0.245  -1.010   1.069
 91 173 18 43 30  -0.140  -0.294  -0.999   1.058
 91 173 18 44 30  -0.274  -0.324  -0.953   1.048
 91 173 18 45 30  -0.349  -0.228  -0.948   1.044
 91 173 18 46 30  -0.154  -0.404  -1.016   1.106
 91 173 18 47 30  -0.241  -0.384  -1.007   1.110
 91 173 18 48 30  -0.184  -0.357  -1.037   1.115
 91 173 18 49 30  -0.208  -0.287  -1.037   1.099
 91 173 18 50 30  -0.255  -0.134  -1.036   1.083
 91 173 18 51 30  -0.171  -0.464  -0.943   1.086
 91 173 18 52 30  -0.129  -0.533  -0.887   1.063
 91 173 18 53 30   0.023  -0.596  -0.809   1.071
 91 173 18 54 30  -0.038  -0.643  -0.839   1.070
 91 173 18 55 30  -0.026  -0.628  -0.825   1.053
 91 173 18 56 30   0.016  -0.664  -0.803   1.052
 91 173 18 57 30  -0.052  -0.514  -0.668   1.035
 91 173 18 58 30  -0.663   0.517  -0.592   1.033
 91 173 18 59 30  -0.713   0.482  -0.576   1.039
 91 173 19 00 30  -0.707   0.559  -0.541   1.061
 91 173 19 01 30  -0.544   0.834  -0.041   1.051
 91 173 19 02 30  -0.374   0.908   0.338   1.045
 91 173 19 03 30  -0.332   0.937   0.351   1.066
 91 173 19 04 30  -0.579   0.753   0.463   1.071
 91 173 19 05 30  -0.334   0.930   0.427   1.094
 91 173 19 06 30  -0.474   0.834   0.546   1.109
 91 173 19 07 30  -0.243   0.979   0.454   1.110
 91 173 19 08 30  -0.136   1.001   0.448   1.112
 91 173 19 09 30  -0.124   0.964   0.538   1.118
 91 173 19 10 30  -0.176   0.959   0.470   1.114
 91 173 19 11 30  -0.049   0.792   0.782   1.119
 91 173 19 12 30  -0.089   0.864   0.682   1.113
 91 173 19 13 30  -0.162   0.954   0.505   1.122
 91 173 19 14 30  -0.274   1.057   0.252   1.121
 91 173 19 15 30  -0.254   1.080   0.186   1.127
 91 173 19 16 30  -0.262   1.083   0.118   1.123
 91 173 19 17 30  -0.296   1.069  -0.077   1.118
 91 173 19 18 30  -0.388   0.984  -0.380   1.126
 91 173 19 19 30  -0.364   0.886  -0.601   1.134
 91 173 19 20 30  -0.401   0.908  -0.510   1.129
 91 173 19 21 30  -0.332   0.945  -0.508   1.132
 91 173 19 22 30  -0.308   0.993  -0.410   1.123
 91 173 19 23 30  -0.375   0.989  -0.385   1.132
 91 173 19 24 30  -0.408   0.915  -0.504   1.123
 91 173 19 25 30  -0.433   0.915  -0.486   1.124
 91 173 19 26 30  -0.422   0.923  -0.473   1.123
 91 173 19 27 30  -0.426   0.921  -0.470   1.124
 91 173 19 28 30  -0.386   0.974  -0.442   1.140
 91 173 19 29 30  -0.319   0.952  -0.559   1.152
 91 173 19 30 30  -0.273   0.875  -0.613   1.139
 91 173 19 31 30  -0.417   0.847  -0.609   1.133
 91 173 19 32 30  -0.377   0.899  -0.556   1.124
 91 173 19 33 30  -0.454   0.669  -0.613   1.105
 91 173 19 34 30  -0.498   0.296  -0.821   1.083
 91 173 19 35 30  -0.370   0.488  -0.849   1.078
 91 173 19 36 30  -0.310   0.406  -0.900   1.047
 91 173 19 37 30  -0.274   0.334  -0.942   1.041
 91 173 19 38 30  -0.121   0.536  -0.925   1.083
 91 173 19 39 30  -0.317   0.547  -0.811   1.085
 91 173 19 40 30  -0.338   0.704  -0.763   1.097
 91 173 19 41 30  -0.242   0.613  -0.876   1.101
 91 173 19 42 30  -0.134   0.550  -0.942   1.101
 91 173 19 43 30  -0.109   0.560  -0.937   1.100
 91 173 19 44 30  -0.071   0.540  -0.947   1.095
 91 173 19 45 30   0.154   0.419  -1.001   1.109
 91 173 19 46 30   0.129   0.475  -0.991   1.108
 91 173 19 47 30   0.178   0.523  -0.967   1.116
 91 173 19 48 30   0.083   0.548  -0.960   1.116
 91 173 19 49 30   0.078   0.642  -0.900   1.109
 91 173 19 50 30   0.232   0.726  -0.829   1.130
 91 173 19 51 30   0.416   0.646  -0.786   1.132
 91 173 19 52 30  -0.080   0.750  -0.697   1.113
 91 173 19 53 30  -0.097   0.901  -0.628   1.107
 91 173 19 54 30  -0.068   0.930  -0.604   1.114
 91 173 19 55 30  -0.102   0.887  -0.640   1.101
 91 173 19 56 30  -0.216   0.843  -0.664   1.095
 91 173 19 57 30  -0.229   0.792  -0.718   1.094
 91 173 19 58 30  -0.189   0.762  -0.761   1.095
 91 173 19 59 30  -0.157   0.770  -0.764   1.102
 91 173 20 00 30  -0.189   0.782  -0.778   1.121
 91 173 20 01 30  -0.278   0.749  -0.773   1.115
 91 173 20 02 30  -0.204   0.769  -0.789   1.125
 91 173 20 03 30  -0.110   0.833  -0.741   1.133
 91 173 20 04 30  -0.392   0.662  -0.825   1.130
 91 173 20 05 30  -0.530   0.564  -0.810   1.123
 91 173 20 06 30  -0.405   0.631  -0.857   1.140
 91 173 20 07 30  -0.395   0.636  -0.858   1.139
 91 173 20 08 30  -0.459   0.579  -0.893   1.165
 91 173 20 09 30  -0.543   0.501  -0.904   1.169
 91 173 20 10 30  -0.521   0.458  -0.940   1.169
 91 173 20 11 30  -0.471   0.532  -0.911   1.157
 91 173 20 12 30  -0.526   0.515  -0.899   1.164
 91 173 20 13 30  -0.562   0.512  -0.879   1.164
 91 173 20 14 30  -0.585   0.482  -0.874   1.158
 91 173 20 15 30  -0.591   0.432  -0.892   1.155
 91 173 20 16 30  -0.667   0.366  -0.858   1.152
 91 173 20 17 30  -0.622   0.338  -0.885   1.140
 91 173 20 18 30  -0.590   0.420  -0.878   1.141
 91 173 20 19 30  -0.594   0.267  -0.943   1.147
 91 173 20 20 30  -0.535   0.245  -0.985   1.149
 91 173 20 21 30  -0.522   0.297  -0.972   1.146
 91 173 20 22 30  -0.576   0.303  -0.930   1.138
 91 173 20 23 30  -0.510   0.331  -0.962   1.139
 91 173 20 24 30  -0.504   0.355  -0.963   1.144
 91 173 20 25 30  -0.468   0.346  -0.977   1.139
 91 173 20 26 30  -0.460   0.410  -0.955   1.138
 91 173 20 27 30  -0.441   0.451  -0.938   1.133
 91 173 20 28 30  -0.458   0.459  -0.909   1.119
 91 173 20 29 30  -0.511   0.402  -0.902   1.118
 91 173 20 30 30  -0.561   0.322  -0.898   1.109
 91 173 20 31 30  -0.588   0.306  -0.877   1.101
 91 173 20 32 30  -0.591   0.251  -0.894   1.103
 91 173 20 33 30  -0.555   0.287  -0.907   1.104
 91 173 20 34 30  -0.530   0.238  -0.933   1.104
 91 173 20 35 30  -0.481   0.181  -0.960   1.104
 91 173 20 36 30  -0.543   0.279  -0.910   1.097
 91 173 20 37 30  -0.608   0.381  -0.803   1.080
 91 173 20 38 30  -0.647   0.370  -0.771   1.075
 91 173 20 39 30  -0.565   0.384  -0.832   1.085
 91 173 20 40 30  -0.478   0.313  -0.932   1.096
 91 173 20 41 30  -0.608   0.211  -0.873   1.088
 91 173 20 48 30  -0.294   0.969   0.332   1.071
 91 173 20 49 30  -0.391   0.933   0.324   1.065
 91 173 20 50 30  -0.486   0.871   0.329   1.057
 91 173 20 51 30  -0.529   0.881   0.258   1.062
 91 173 20 52 30  -0.553   0.872   0.281   1.072
 91 173 20 53 30  -0.509   0.904   0.213   1.061
 91 173 20 54 30  -0.538   0.885   0.218   1.060
 91 173 20 55 30  -0.523   0.900   0.201   1.061
 91 173 20 56 30  -0.521   0.902   0.216   1.065
 91 173 20 57 30  -0.501   0.884   0.313   1.064
 91 173 20 58 30  -0.512   0.918   0.163   1.066
 91 173 20 59 30  -0.465   0.913   0.267   1.060
 91 173 21 00 30  -0.481   0.919   0.243   1.068
 91 173 21 01 30  -0.421   0.927   0.296   1.062
 91 173 21 02 30  -0.503   0.855   0.369   1.059
 91 173 21 03 30  -0.530   0.828   0.391   1.058
 91 173 21 04 30  -0.511   0.833   0.416   1.062
 91 173 21 05 30  -0.545   0.852   0.351   1.074
 91 173 21 06 30  -0.519   0.897   0.277   1.074
 91 173 21 07 30  -0.440   0.944   0.282   1.081
 91 173 21 08 30  -0.456   0.839   0.412   1.074
 91 173 21 09 30  -0.611   0.497   0.739   1.083
 91 173 21 10 30  -0.574   0.513   0.764   1.096
 91 173 21 11 30  -0.572   0.421   0.819   1.092
 91 173 21 12 30  -0.525   0.268   0.921   1.095
 91 173 21 13 30  -0.463   0.304   0.943   1.097
 91 173 21 14 30  -0.485   0.205   0.951   1.088
 91 173 21 15 30  -0.510   0.215   0.913   1.069
 91 173 21 16 30  -0.534   0.209   0.887   1.058
 91 173 21 17 30  -0.546   0.224   0.899   1.078
 91 173 21 18 30  -0.504   0.256   0.926   1.087
 91 173 21 19 30  -0.500   0.282   0.918   1.084
 91 173 21 20 30  -0.501   0.338   0.903   1.087
 91 173 21 21 30  -0.541   0.364   0.859   1.079
 91 173 21 22 30  -0.553   0.434   0.822   1.084
 91 173 21 23 30  -0.541   0.538   0.750   1.072
 91 173 21 24 30  -0.555   0.566   0.725   1.076
 91 173 21 25 30  -0.584   0.384   0.828   1.087
 91 173 21 26 30  -0.455   0.446   0.902   1.106
 91 173 21 27 30  -0.455   0.465   0.890   1.106
 91 173 21 28 30  -0.429   0.708   0.717   1.104
 91 173 21 29 30  -0.362   0.834   0.609   1.097
 91 173 21 30 30  -0.318   0.857   0.597   1.096
 91 173 21 31 30  -0.290   0.883   0.558   1.085
 91 173 21 32 30  -0.282   0.892   0.556   1.089
 91 173 21 33 30  -0.289   0.933   0.466   1.083
 91 173 21 34 30  -0.322   0.875   0.543   1.083
 91 173 21 35 30  -0.352   0.855   0.561   1.083
 91 173 21 36 30  -0.244   0.932   0.504   1.092
 91 173 21 37 30  -0.239   0.916   0.515   1.079
 91 173 21 38 30  -0.207   0.945   0.504   1.097
 91 173 21 39 30  -0.127   0.999   0.445   1.102
 91 173 21 40 30  -0.134   0.978   0.476   1.097
 91 173 21 41 30  -0.114   1.000   0.452   1.105
 91 173 21 42 30  -0.054   1.018   0.387   1.093
 91 173 21 43 30  -0.029   1.036   0.349   1.094
 91 173 21 44 30   0.000   1.047   0.310   1.093
 91 173 21 45 30   0.015   1.031   0.389   1.102
 91 173 21 46 30   0.005   1.012   0.435   1.104
 91 173 21 47 30   0.048   1.031   0.342   1.093
 91 173 21 48 30   0.076   1.038   0.306   1.088
 91 173 21 49 30  -0.002   1.026   0.405   1.106
 91 173 21 50 30   0.048   1.019   0.367   1.085
 91 173 21 51 30  -0.001   0.998   0.460   1.100
 91 173 21 52 30  -0.025   1.036   0.219   1.085
 91 173 21 53 30  -0.044   1.088   0.005   1.093
 91 173 21 54 30  -0.074   1.034   0.390   1.115
 91 173 21 55 30  -0.007   1.021   0.471   1.125
 91 173 21 56 30   0.006   1.047   0.399   1.122
 91 173 21 57 30  -0.084   1.088   0.072   1.123
 91 173 21 58 30  -0.202   1.049  -0.157   1.081
 91 173 21 59 30  -0.165   1.032  -0.209   1.069
 91 173 22 00 30  -0.227   1.046  -0.093   1.080
 91 173 22 01 30  -0.136   1.058   0.157   1.092
 91 173 22 02 30  -0.264   1.033   0.041   1.070
 91 173 22 03 30  -0.068   1.063   0.092   1.089
 91 173 22 04 30  -0.010   1.081   0.215   1.123
 91 173 22 05 30  -0.121   1.014   0.417   1.128
 91 173 22 06 30  -0.114   0.960   0.545   1.134
 91 173 22 07 30  -0.051   1.000   0.501   1.129
 91 173 22 08 30  -0.041   0.953   0.601   1.129
 91 173 22 09 30  -0.033   0.855   0.714   1.122
 91 173 22 10 30   0.230   0.391   0.914   1.125
 91 173 22 11 30   0.494   0.144   1.036   1.160
 91 173 22 12 30   0.395   0.189   1.057   1.160
 91 173 22 13 30   0.470   0.278   1.005   1.148
 91 173 22 14 30   0.479   0.401   0.952   1.147
 91 173 22 15 30   0.510   0.241   0.968   1.138
 91 173 22 16 30   0.483   0.189   1.024   1.151
 91 173 22 17 30   0.450   0.217   1.023   1.143
 91 173 22 18 30   0.409   0.249   1.043   1.149
 91 173 22 19 30   0.445   0.235   1.033   1.149
 91 173 22 20 30   0.435   0.259   1.022   1.141
 91 173 22 21 30   0.435   0.294   1.013   1.142
 91 173 22 22 30   0.423   0.304   1.020   1.146
 91 173 22 23 30   0.374   0.287   1.039   1.142
 91 173 22 24 30   0.028   0.487   0.973   1.118
 91 173 22 25 30  -0.004   0.493   0.984   1.107
 91 173 22 26 30   0.054   0.446   1.014   1.112
 91 173 22 27 30  -0.030   0.487   0.998   1.114
 91 173 22 28 30  -0.051   0.459   0.992   1.096
 91 173 22 29 30   0.026   0.466   0.999   1.105
 91 173 22 30 30   0.185   0.438   0.994   1.105
 91 173 22 31 30   0.212   0.437   0.994   1.108
 91 173 22 32 30   0.141   0.472   0.990   1.107
 91 173 22 33 30  -0.001   0.557   0.947   1.101
 91 173 22 34 30  -0.022   0.529   0.953   1.095
 91 173 22 35 30  -0.056   0.571   0.933   1.097
 91 173 22 36 30  -0.018   0.519   0.951   1.085
 91 173 22 37 30   0.052   0.505   0.959   1.085
 91 173 22 38 30   0.095   0.442   0.980   1.082
 91 173 22 39 30   0.215   0.404   0.980   1.091
 91 173 22 40 30   0.036   0.304   1.006   1.070
 91 173 22 41 30  -0.424   0.707   0.552   1.026
 91 173 22 42 30  -0.676   0.700   0.290   1.025
 91 173 22 43 30  -0.565   0.723   0.435   1.021
 91 173 22 44 30  -0.304   0.817   0.511   1.030
 91 173 22 45 30  -0.221   0.417   0.870   1.029
 91 173 22 46 30  -0.248   0.607   0.830   1.064
 91 173 22 47 30  -0.212   0.766   0.668   1.040
 91 173 22 48 30  -0.235   0.755   0.677   1.062
 91 173 22 49 30  -0.267   0.776   0.690   1.075
 91 173 22 50 30  -0.370   0.732   0.703   1.092
 91 173 22 51 30  -0.524   0.782   0.520   1.078
 91 173 22 52 30  -0.630   0.803   0.355   1.083
 91 173 22 53 30  -0.560   0.767   0.370   1.076
 91 173 22 54 30   0.047   0.716   0.789   1.082
 91 173 22 55 30  -0.586   0.713   0.001   1.063
 91 173 22 56 30  -0.845   0.606  -0.248   1.071
 91 173 22 57 30  -0.843   0.606  -0.200   1.062
 91 173 22 58 30  -0.740   0.743   0.006   1.055
 91 173 22 59 30  -0.716   0.775   0.008   1.057
 91 173 23 00 30  -0.858   0.629   0.011   1.067
 91 173 23 01 30  -0.938   0.548  -0.031   1.090
 91 173 23 02 30  -0.736   0.758   0.053   1.068
 91 173 23 03 30  -0.429   0.752   0.499   1.079
 91 173 23 04 30  -0.403   0.892   0.439   1.079
 91 173 23 05 30  -0.549   0.880   0.246   1.071
 91 173 23 06 30  -0.481   0.898   0.307   1.069
 91 173 23 07 30  -0.437   0.906   0.319   1.064
 91 173 23 08 30  -0.286   0.947   0.434   1.091
 91 173 23 09 30  -0.529   0.891   0.228   1.065
 91 173 23 10 30  -0.597   0.857   0.207   1.072
 91 173 23 11 30  -0.597   0.854   0.260   1.076
 91 173 23 12 30  -0.645   0.841   0.149   1.074
 91 173 23 13 30  -0.668   0.809   0.045   1.063
 91 173 23 14 30  -0.617   0.821  -0.110   1.042
 91 173 23 15 30  -0.659   0.749   0.225   1.047
 91 173 23 16 30  -0.738   0.566   0.505   1.063
 91 173 23 17 30  -0.656   0.617   0.559   1.067
 91 173 23 18 30  -0.576   0.505   0.731   1.068
 91 173 23 19 30  -0.716   0.588   0.538   1.075
 91 173 23 20 30  -0.729   0.743   0.273   1.085
 91 173 23 21 30  -0.689   0.787   0.002   1.054
 91 173 23 22 30  -0.695   0.785  -0.032   1.053
 91 173 23 23 30  -0.706   0.765  -0.011   1.042
 91 173 23 24 30  -0.752   0.747  -0.036   1.064
 91 173 23 25 30  -0.661   0.780  -0.195   1.044
 91 173 23 26 30  -0.679   0.759  -0.252   1.050
 91 173 23 27 30  -0.657   0.757  -0.308   1.055
 91 173 23 28 30  -0.551   0.779  -0.375   1.032
 91 173 23 29 30  -0.569   0.794  -0.285   1.033
 91 173 23 30 30  -0.534   0.867  -0.021   1.041
 91 173 23 31 30  -0.497   0.916   0.147   1.054
 91 173 23 32 30  -0.443   0.874   0.234   1.049
 91 173 23 33 30  -0.236   0.874   0.543   1.064
 91 173 23 34 30  -0.389   0.875   0.427   1.056
 91 173 23 35 30   0.033   0.681   0.808   1.062
 91 173 23 36 30  -0.025   0.687   0.797   1.065
 91 173 23 37 30  -0.389   0.863   0.417   1.072
 91 173 23 38 30  -0.558   0.900   0.121   1.069
 91 173 23 39 30  -0.619   0.835   0.242   1.071
 91 173 23 40 30  -0.633   0.854   0.231   1.088
 91 173 23 41 30  -0.555   0.863   0.325   1.079
 91 173 23 42 30  -0.565   0.841   0.378   1.084
 91 173 23 43 30  -0.510   0.774   0.509   1.060
 91 173 23 44 30  -0.332   0.742   0.654   1.053
 91 173 23 45 30  -0.369   0.701   0.700   1.063
 91 173 23 46 30  -0.325   0.778   0.638   1.062
 91 173 23 47 30  -0.144   0.719   0.761   1.061
 91 173 23 48 30  -0.152   0.781   0.688   1.056
 91 173 23 49 30  -0.211   0.754   0.683   1.049
 91 173 23 50 30  -0.210   0.706   0.752   1.056
 91 173 23 51 30  -0.083   0.702   0.776   1.058
 91 173 23 52 30  -0.077   0.631   0.818   1.051
 91 173 23 53 30  -0.112   0.655   0.814   1.055
 91 173 23 54 30  -0.089   0.705   0.773   1.053
 91 173 23 55 30  -0.242   0.628   0.799   1.053
 91 173 23 56 30  -0.259   0.627   0.791   1.047
 91 173 23 57 30  -0.131   0.637   0.814   1.046
 91 173 23 58 30  -0.088   0.550   0.866   1.035
 91 173 23 59 30  -0.088   0.715   0.728   1.039
