 91 176 00 00 30  -0.116   0.121   0.704   0.724
 91 176 00 01 30  -0.038   0.236   0.685   0.732
 91 176 00 02 30  -0.038   0.251   0.685   0.732
 91 176 00 03 30  -0.030   0.253   0.689   0.735
 91 176 00 04 30  -0.052   0.254   0.681   0.731
 91 176 00 05 30  -0.048   0.220   0.685   0.722
 91 176 00 06 30  -0.040   0.249   0.671   0.718
 91 176 00 07 30  -0.060   0.016   0.701   0.713
 91 176 00 08 30  -0.081   0.019   0.697   0.711
 91 176 00 09 30  -0.063   0.236   0.671   0.715
 91 176 00 10 30  -0.060   0.268   0.666   0.721
 91 176 00 11 30  -0.012   0.366   0.607   0.712
 91 176 00 12 30   0.104   0.400   0.570   0.707
 91 176 00 13 30  -0.114   0.235   0.644   0.702
 91 176 00 14 30  -0.175   0.129   0.666   0.702
 91 176 00 15 30  -0.137   0.083   0.677   0.697
 91 176 00 16 30  -0.095   0.013   0.689   0.699
 91 176 00 17 30  -0.025  -0.070   0.677   0.684
 91 176 00 18 30  -0.131   0.074   0.611   0.678
 91 176 00 19 30  -0.274   0.484   0.421   0.705
 91 176 00 20 30  -0.263   0.493   0.413   0.696
 91 176 00 21 30  -0.227   0.513   0.380   0.681
 91 176 00 22 30  -0.222   0.521   0.349   0.666
 91 176 00 23 30  -0.091   0.446   0.447   0.640
 91 176 00 24 30  -0.077   0.412   0.481   0.640
 91 176 00 25 30  -0.086   0.400   0.498   0.645
 91 176 00 26 30  -0.122   0.422   0.470   0.645
 91 176 00 27 30  -0.215   0.499   0.370   0.658
 91 176 00 28 30  -0.279   0.493   0.343   0.665
 91 176 00 29 30  -0.244   0.587   0.222   0.676
 91 176 00 30 30  -0.213   0.594   0.238   0.676
 91 176 00 31 30  -0.168   0.611   0.169   0.657
 91 176 00 32 30  -0.195   0.593   0.201   0.657
 91 176 00 33 30  -0.189   0.593   0.159   0.643
 91 176 00 34 30  -0.145   0.589   0.173   0.634
 91 176 00 35 30  -0.151   0.600   0.039   0.635
 91 176 00 36 30  -0.141   0.614   0.013   0.635
 91 176 00 37 30  -0.015   0.607   0.158   0.632
 91 176 00 38 30  -0.056   0.568   0.088   0.611
 91 176 00 39 30   0.242   0.125   0.478   0.579
 91 176 00 40 30   0.282   0.012   0.517   0.595
 91 176 00 41 30   0.243  -0.006   0.549   0.604
 91 176 00 42 30   0.258   0.121   0.547   0.623
 91 176 00 43 30   0.247   0.187   0.526   0.611
 91 176 00 44 30   0.253   0.205   0.515   0.610
 91 176 00 45 30   0.252   0.232   0.516   0.620
 91 176 00 46 30   0.248   0.237   0.526   0.629
 91 176 00 47 30   0.203   0.222   0.538   0.626
 91 176 00 48 30   0.259   0.272   0.497   0.631
 91 176 00 49 30   0.233   0.367   0.468   0.641
 91 176 00 50 30   0.281   0.365   0.455   0.648
 91 176 00 51 30   0.269   0.404   0.429   0.648
 91 176 00 52 30   0.231   0.446   0.398   0.643
 91 176 00 53 30   0.205   0.470   0.382   0.642
 91 176 00 54 30   0.227   0.547   0.231   0.638
 91 176 00 55 30   0.196   0.550   0.238   0.637
 91 176 00 56 30   0.152   0.554   0.250   0.629
 91 176 00 57 30   0.064   0.552   0.279   0.628
 91 176 00 58 30   0.034   0.537   0.308   0.628
 91 176 00 59 30   0.042   0.582   0.196   0.619
 91 176 01 00 30   0.110   0.554   0.266   0.629
 91 176 01 01 30   0.043   0.573   0.277   0.642
 91 176 01 02 30   0.014   0.585   0.266   0.644
 91 176 01 03 30   0.022   0.589   0.265   0.647
 91 176 01 04 30  -0.011   0.588   0.259   0.644
 91 176 01 05 30  -0.012   0.604   0.216   0.642
 91 176 01 06 30  -0.032   0.598   0.220   0.639
 91 176 01 07 30  -0.027   0.608   0.211   0.647
 91 176 01 08 30  -0.083   0.634   0.155   0.658
 91 176 01 09 30  -0.067   0.637   0.139   0.656
 91 176 01 10 30  -0.087   0.639   0.126   0.657
 91 176 01 11 30  -0.139   0.634   0.113   0.660
 91 176 01 12 30  -0.164   0.638   0.104   0.667
 91 176 01 13 30  -0.193   0.627   0.095   0.663
 91 176 01 14 30  -0.235   0.610   0.109   0.664
 91 176 01 15 30  -0.219   0.615   0.125   0.665
 91 176 01 16 30  -0.206   0.617   0.097   0.658
 91 176 01 17 30  -0.203   0.624   0.023   0.658
 91 176 01 18 30  -0.208   0.619  -0.081   0.659
 91 176 01 19 30  -0.179   0.634   0.000   0.666
 91 176 01 20 30  -0.140   0.649   0.013   0.667
 91 176 01 21 30   0.053   0.549   0.157   0.628
 91 176 01 22 30   0.225   0.496   0.289   0.618
 91 176 01 23 30   0.022   0.585   0.165   0.620
 91 176 01 24 30  -0.050   0.587   0.185   0.625
 91 176 01 25 30  -0.142   0.589   0.171   0.631
 91 176 01 26 30  -0.178   0.563   0.209   0.628
 91 176 01 27 30  -0.076   0.592   0.199   0.633
 91 176 01 28 30  -0.002   0.584   0.224   0.627
 91 176 01 29 30   0.053   0.564   0.257   0.624
 91 176 01 30 30   0.072   0.564   0.237   0.618
 91 176 01 31 30   0.106   0.573   0.207   0.619
 91 176 01 32 30   0.082   0.587   0.174   0.618
 91 176 01 33 30   0.160   0.574   0.177   0.626
 91 176 01 34 30   0.162   0.552   0.179   0.608
 91 176 01 35 30   0.207   0.514   0.236   0.614
 91 176 01 36 30   0.186   0.555   0.153   0.606
 91 176 01 37 30   0.148   0.554   0.145   0.594
 91 176 01 38 30   0.250   0.511   0.235   0.619
 91 176 01 39 30   0.267   0.482   0.258   0.617
 91 176 01 40 30   0.157   0.560   0.162   0.613
 91 176 01 41 30   0.098   0.555   0.129   0.620
 91 176 01 42 30   0.309   0.430   0.259   0.590
 91 176 01 43 30   0.295   0.471   0.249   0.609
 91 176 01 44 30   0.278   0.471   0.257   0.604
 91 176 01 45 30   0.299   0.509   0.142   0.620
 91 176 01 46 30   0.313   0.658  -0.029   0.730
 91 176 01 47 30   0.306   0.688  -0.008   0.754
 91 176 01 48 30   0.301   0.677   0.005   0.741
 91 176 01 49 30   0.259   0.647  -0.048   0.701
 91 176 01 50 30   0.268   0.659  -0.040   0.713
 91 176 01 51 30   0.307   0.585  -0.014   0.662
 91 176 01 52 30   0.328   0.573  -0.028   0.661
 91 176 01 53 30   0.305   0.618  -0.057   0.695
 91 176 01 54 30   0.225   0.688  -0.230   0.762
 91 176 01 55 30   0.264   0.690  -0.231   0.774
 91 176 01 56 30   0.266   0.694  -0.229   0.779
 91 176 01 57 30   0.281   0.704  -0.242   0.796
 91 176 01 58 30   0.274   0.709  -0.245   0.799
 91 176 01 59 30   0.269   0.689  -0.254   0.782
 91 176 02 00 30   0.248   0.671  -0.254   0.759
 91 176 02 01 30   0.180   0.648  -0.212   0.706
 91 176 02 02 30   0.141   0.630  -0.211   0.681
 91 176 02 03 30   0.179   0.652  -0.262   0.727
 91 176 02 04 30   0.142   0.647  -0.268   0.715
 91 176 02 05 30   0.113   0.668  -0.277   0.732
 91 176 02 06 30   0.169   0.666  -0.309   0.754
 91 176 02 07 30   0.216   0.687  -0.318   0.789
 91 176 02 08 30   0.275   0.605  -0.313   0.736
 91 176 02 09 30  -0.113   0.652  -0.192   0.737
 91 176 02 10 30  -0.221   0.717  -0.187   0.774
 91 176 02 11 30  -0.176   0.699  -0.182   0.745
 91 176 02 12 30  -0.191   0.692  -0.206   0.748
 91 176 02 13 30  -0.138   0.639  -0.259   0.704
 91 176 02 14 30  -0.155   0.627  -0.183   0.672
 91 176 02 15 30  -0.165   0.662  -0.178   0.706
 91 176 02 16 30  -0.182   0.632  -0.150   0.676
 91 176 02 17 30  -0.243   0.622  -0.147   0.685
 91 176 02 18 30  -0.263   0.636  -0.146   0.704
 91 176 02 19 30   0.099   0.700  -0.389   0.819
 91 176 02 20 30   0.263   0.682  -0.418   0.844
 91 176 02 21 30   0.291   0.659  -0.437   0.845
 91 176 02 22 30   0.179   0.731  -0.395   0.851
 91 176 02 23 30   0.186   0.739  -0.367   0.847
 91 176 02 24 30   0.195   0.735  -0.425   0.871
 91 176 02 25 30   0.203   0.739  -0.419   0.874
 91 176 02 26 30   0.206   0.740  -0.410   0.871
 91 176 02 27 30   0.193   0.730  -0.435   0.872
 91 176 02 28 30   0.191   0.721  -0.458   0.876
 91 176 02 29 30   0.155   0.703  -0.477   0.865
 91 176 02 30 30   0.068   0.753  -0.444   0.878
 91 176 02 31 30   0.150   0.762  -0.401   0.876
 91 176 02 32 30   0.122   0.732  -0.469   0.878
 91 176 02 33 30   0.144   0.718  -0.498   0.886
 91 176 02 34 30   0.198   0.677  -0.527   0.882
 91 176 02 35 30   0.211   0.675  -0.514   0.876
 91 176 02 36 30   0.178   0.713  -0.457   0.866
 91 176 02 37 30   0.180   0.742  -0.439   0.882
 91 176 02 38 30   0.104   0.745  -0.468   0.887
 91 176 02 39 30   0.032   0.739  -0.475   0.880
 91 176 02 40 30   0.073   0.718  -0.508   0.883
 91 176 02 41 30   0.127   0.688  -0.522   0.876
 91 176 02 42 30   0.252   0.655  -0.510   0.868
 91 176 02 43 30   0.202   0.691  -0.492   0.874
 91 176 02 44 30   0.273   0.660  -0.504   0.876
 91 176 02 45 30   0.210   0.678  -0.494   0.865
 91 176 02 46 30   0.210   0.673  -0.493   0.861
 91 176 02 47 30   0.189   0.682  -0.472   0.852
 91 176 02 48 30   0.176   0.684  -0.464   0.845
 91 176 02 49 30   0.171   0.694  -0.459   0.850
 91 176 02 50 30   0.182   0.679  -0.474   0.848
 91 176 02 51 30   0.186   0.682  -0.469   0.850
 91 176 02 52 30   0.195   0.671  -0.464   0.840
 91 176 02 53 30   0.158   0.692  -0.443   0.837
 91 176 02 54 30   0.147   0.667  -0.484   0.838
 91 176 02 55 30   0.230   0.615  -0.507   0.830
 91 176 02 56 30   0.127   0.674  -0.447   0.825
 91 176 02 57 30   0.141   0.675  -0.452   0.825
 91 176 02 58 30   0.120   0.679  -0.450   0.824
 91 176 02 59 30   0.128   0.675  -0.456   0.825
 91 176 03 00 30   0.116   0.682  -0.454   0.827
 91 176 03 01 30   0.187   0.620  -0.498   0.820
 91 176 03 02 30   0.150   0.648  -0.494   0.830
 91 176 03 03 30   0.174   0.622  -0.523   0.832
 91 176 03 04 30   0.193   0.537  -0.610   0.838
 91 176 03 05 30   0.208   0.559  -0.588   0.840
 91 176 03 06 30   0.212   0.545  -0.594   0.835
 91 176 03 07 30   0.232   0.492  -0.623   0.828
 91 176 03 08 30   0.174   0.561  -0.591   0.834
 91 176 03 09 30   0.258   0.379  -0.698   0.839
 91 176 03 10 30   0.263   0.418  -0.662   0.830
 91 176 03 11 30   0.298   0.441  -0.631   0.830
 91 176 03 12 30   0.197   0.516  -0.610   0.831
 91 176 03 13 30   0.236   0.489  -0.627   0.836
 91 176 03 14 30   0.213   0.570  -0.555   0.837
 91 176 03 15 30   0.286   0.518  -0.591   0.839
 91 176 03 16 30   0.278   0.452  -0.644   0.837
 91 176 03 17 30   0.313   0.500  -0.591   0.837
 91 176 03 18 30   0.262   0.507  -0.628   0.850
 91 176 03 19 30   0.259   0.489  -0.649   0.853
 91 176 03 20 30   0.258   0.512  -0.623   0.847
 91 176 03 21 30   0.260   0.475  -0.649   0.845
 91 176 03 22 30   0.258   0.499  -0.634   0.848
 91 176 03 23 30   0.260   0.521  -0.619   0.851
 91 176 03 24 30   0.265   0.530  -0.612   0.852
 91 176 03 25 30   0.286   0.446  -0.661   0.851
 91 176 03 26 30   0.319   0.377  -0.685   0.847
 91 176 03 27 30   0.248   0.502  -0.645   0.857
 91 176 03 28 30   0.234   0.496  -0.662   0.862
 91 176 03 29 30   0.253   0.454  -0.687   0.863
 91 176 03 30 30   0.256   0.440  -0.683   0.854
 91 176 03 31 30   0.273   0.406  -0.697   0.853
 91 176 03 32 30   0.346   0.342  -0.700   0.855
 91 176 03 33 30   0.347   0.281  -0.727   0.854
 91 176 03 34 30   0.347   0.230  -0.745   0.855
 91 176 03 35 30   0.438   0.225  -0.669   0.849
 91 176 03 36 30   0.271   0.470  -0.631   0.843
 91 176 03 37 30   0.180   0.489  -0.657   0.840
 91 176 03 38 30   0.218   0.439  -0.681   0.841
 91 176 03 39 30   0.185   0.463  -0.672   0.838
 91 176 03 40 30   0.197   0.451  -0.677   0.838
 91 176 03 41 30   0.256   0.449  -0.657   0.837
 91 176 03 42 30   0.276   0.411  -0.668   0.833
 91 176 03 43 30   0.283   0.418  -0.648   0.822
 91 176 03 44 30   0.247   0.474  -0.630   0.827
 91 176 03 45 30   0.335   0.408  -0.633   0.832
 91 176 03 46 30   0.411   0.207  -0.689   0.832
 91 176 03 47 30   0.310   0.405  -0.651   0.828
 91 176 03 48 30   0.343   0.351  -0.666   0.828
 91 176 03 49 30   0.360   0.308  -0.673   0.824
 91 176 03 50 30   0.361   0.319  -0.668   0.824
 91 176 03 51 30   0.363   0.343  -0.661   0.830
 91 176 03 52 30   0.356   0.373  -0.644   0.826
 91 176 03 53 30   0.347   0.394  -0.636   0.826
 91 176 03 54 30   0.308   0.378  -0.655   0.818
 91 176 03 55 30   0.293   0.357  -0.676   0.819
 91 176 03 56 30   0.265   0.357  -0.685   0.818
 91 176 03 57 30   0.299   0.373  -0.658   0.815
 91 176 03 58 30   0.309   0.388  -0.648   0.817
 91 176 03 59 30   0.317   0.417  -0.626   0.817
 91 176 04 00 30   0.302   0.419  -0.633   0.817
 91 176 04 01 30   0.302   0.426  -0.629   0.818
 91 176 04 02 30   0.246   0.449  -0.637   0.818
 91 176 04 03 30   0.241   0.408  -0.672   0.823
 91 176 04 04 30   0.258   0.354  -0.689   0.817
 91 176 04 05 30   0.234   0.383  -0.686   0.820
 91 176 04 06 30   0.193   0.401  -0.681   0.815
 91 176 04 07 30   0.134   0.451  -0.664   0.817
 91 176 04 08 30   0.073   0.503  -0.647   0.822
 91 176 04 09 30   0.072   0.523  -0.639   0.830
 91 176 04 10 30  -0.151   0.619  -0.554   0.848
 91 176 04 11 30  -0.093   0.560  -0.623   0.843
 91 176 04 12 30  -0.065   0.561  -0.629   0.845
 91 176 04 13 30  -0.065   0.564  -0.606   0.831
 91 176 04 14 30  -0.021   0.546  -0.633   0.837
 91 176 04 15 30  -0.020   0.536  -0.657   0.849
 91 176 04 16 30  -0.031   0.551  -0.655   0.857
 91 176 04 17 30  -0.066   0.546  -0.646   0.849
 91 176 04 18 30  -0.035   0.548  -0.643   0.846
 91 176 04 19 30  -0.050   0.584  -0.614   0.850
 91 176 04 20 30  -0.093   0.588  -0.622   0.861
 91 176 04 21 30  -0.078   0.602  -0.625   0.872
 91 176 04 22 30  -0.081   0.601  -0.626   0.872
 91 176 04 23 30  -0.084   0.610  -0.608   0.866
 91 176 04 24 30  -0.095   0.625  -0.594   0.867
 91 176 04 25 30  -0.090   0.614  -0.609   0.869
 91 176 04 26 30  -0.089   0.627  -0.609   0.879
 91 176 04 27 30  -0.090   0.638  -0.599   0.880
 91 176 04 28 30  -0.109   0.639  -0.596   0.881
 91 176 04 29 30  -0.132   0.643  -0.574   0.873
 91 176 04 30 30  -0.151   0.640  -0.556   0.862
 91 176 04 31 30  -0.142   0.634  -0.557   0.856
 91 176 04 32 30  -0.122   0.636  -0.547   0.850
 91 176 04 33 30  -0.045   0.623  -0.585   0.856
 91 176 04 34 30  -0.059   0.618  -0.593   0.859
 91 176 04 35 30  -0.021   0.609  -0.601   0.856
 91 176 04 36 30  -0.027   0.616  -0.589   0.853
 91 176 04 37 30  -0.058   0.613  -0.593   0.855
 91 176 04 38 30  -0.066   0.612  -0.595   0.856
 91 176 04 39 30  -0.055   0.599  -0.610   0.857
 91 176 04 40 30  -0.051   0.594  -0.620   0.860
 91 176 04 41 30  -0.013   0.603  -0.611   0.859
 91 176 04 42 30   0.004   0.615  -0.596   0.857
 91 176 04 43 30  -0.025   0.602  -0.619   0.864
 91 176 04 44 30  -0.041   0.667  -0.540   0.862
 91 176 04 45 30  -0.053   0.710  -0.490   0.864
 91 176 04 46 30  -0.054   0.713  -0.482   0.863
 91 176 04 47 30  -0.056   0.719  -0.474   0.864
 91 176 04 48 30  -0.038   0.675  -0.527   0.862
 91 176 04 49 30   0.015   0.531  -0.664   0.853
 91 176 04 50 30  -0.037   0.619  -0.585   0.853
 91 176 04 51 30   0.004   0.571  -0.631   0.852
 91 176 04 52 30  -0.015   0.581  -0.621   0.852
 91 176 04 53 30  -0.012   0.586  -0.620   0.853
 91 176 04 54 30   0.013   0.585  -0.620   0.853
 91 176 04 55 30   0.006   0.580  -0.630   0.856
 91 176 04 56 30  -0.002   0.592  -0.617   0.858
 91 176 04 57 30   0.016   0.580  -0.634   0.861
 91 176 04 58 30   0.030   0.559  -0.647   0.856
 91 176 04 59 30   0.035   0.572  -0.643   0.862
 91 176 05 00 30  -0.007   0.591  -0.631   0.865
 91 176 05 01 30  -0.017   0.607  -0.614   0.863
 91 176 05 02 30  -0.010   0.633  -0.587   0.864
 91 176 05 03 30   0.000   0.632  -0.585   0.862
 91 176 05 04 30  -0.001   0.622  -0.593   0.862
 91 176 05 05 30   0.016   0.593  -0.606   0.850
 91 176 05 06 30   0.004   0.611  -0.573   0.837
 91 176 05 07 30   0.014   0.578  -0.604   0.836
 91 176 05 08 30   0.045   0.579  -0.607   0.841
 91 176 05 09 30   0.081   0.576  -0.599   0.835
 91 176 05 10 30   0.054   0.584  -0.594   0.836
 91 176 05 11 30   0.030   0.624  -0.572   0.848
 91 176 05 12 30   0.048   0.639  -0.560   0.851
 91 176 05 13 30   0.064   0.608  -0.591   0.851
 91 176 05 14 30   0.094   0.627  -0.568   0.852
 91 176 05 15 30   0.097   0.639  -0.558   0.854
 91 176 05 16 30   0.090   0.633  -0.566   0.854
 91 176 05 17 30   0.085   0.633  -0.569   0.855
 91 176 05 18 30   0.075   0.627  -0.572   0.853
 91 176 05 19 30   0.088   0.631  -0.564   0.852
 91 176 05 20 30   0.075   0.634  -0.562   0.851
 91 176 05 21 30   0.076   0.632  -0.565   0.852
 91 176 05 22 30   0.030   0.626  -0.590   0.861
 91 176 05 23 30   0.019   0.626  -0.585   0.857
 91 176 05 24 30  -0.012   0.624  -0.591   0.860
 91 176 05 25 30  -0.027   0.631  -0.583   0.860
 91 176 05 26 30  -0.022   0.613  -0.594   0.856
 91 176 05 27 30  -0.040   0.637  -0.554   0.846
 91 176 05 28 30  -0.073   0.643  -0.546   0.847
 91 176 05 29 30  -0.047   0.646  -0.538   0.842
 91 176 05 30 30  -0.072   0.651  -0.545   0.852
 91 176 05 31 30  -0.064   0.669  -0.527   0.855
 91 176 05 32 30  -0.041   0.655  -0.547   0.855
 91 176 05 33 30  -0.040   0.660  -0.534   0.852
 91 176 05 34 30  -0.057   0.644  -0.550   0.851
 91 176 05 35 30  -0.073   0.665  -0.526   0.852
 91 176 05 36 30  -0.076   0.681  -0.521   0.861
 91 176 05 37 30  -0.118   0.665  -0.539   0.865
 91 176 05 38 30  -0.097   0.672  -0.537   0.867
 91 176 05 39 30  -0.120   0.690  -0.506   0.865
 91 176 05 40 30   0.016   0.722  -0.445   0.854
 91 176 05 41 30   0.053   0.741  -0.421   0.855
 91 176 05 42 30   0.059   0.731  -0.434   0.853
 91 176 05 43 30   0.044   0.757  -0.398   0.857
 91 176 05 44 30   0.022   0.777  -0.376   0.864
 91 176 05 45 30   0.017   0.779  -0.377   0.866
 91 176 05 46 30  -0.029   0.772  -0.390   0.866
 91 176 05 47 30  -0.028   0.782  -0.372   0.867
 91 176 05 48 30  -0.046   0.784  -0.363   0.866
 91 176 05 49 30  -0.101   0.756  -0.406   0.865
 91 176 05 50 30  -0.092   0.754  -0.415   0.866
 91 176 05 51 30  -0.142   0.761  -0.405   0.874
 91 176 05 52 30  -0.178   0.729  -0.437   0.870
 91 176 05 53 30  -0.140   0.754  -0.405   0.868
 91 176 05 54 30  -0.145   0.757  -0.403   0.870
 91 176 05 55 30  -0.146   0.778  -0.366   0.873
 91 176 05 56 30  -0.154   0.757  -0.392   0.867
 91 176 05 57 30  -0.208   0.724  -0.420   0.868
 91 176 05 58 30  -0.223   0.720  -0.435   0.871
 91 176 05 59 30  -0.219   0.742  -0.396   0.871
 91 176 06 00 30  -0.208   0.754  -0.390   0.875
 91 176 06 01 30  -0.255   0.751  -0.382   0.882
 91 176 06 02 30  -0.215   0.755  -0.401   0.883
 91 176 06 03 30  -0.185   0.753  -0.411   0.878
 91 176 06 04 30  -0.224   0.760  -0.368   0.874
 91 176 06 05 30  -0.232   0.750  -0.365   0.867
 91 176 06 06 30  -0.260   0.750  -0.350   0.870
 91 176 06 07 30  -0.270   0.729  -0.376   0.865
 91 176 06 08 30  -0.303   0.790  -0.255   0.888
 91 176 06 09 30  -0.289   0.766  -0.328   0.884
 91 176 06 10 30  -0.331   0.747  -0.333   0.883
 91 176 06 11 30  -0.343   0.748  -0.296   0.875
 91 176 06 12 30  -0.348   0.755  -0.271   0.877
 91 176 06 13 30  -0.261   0.735  -0.405   0.881
 91 176 06 14 30  -0.266   0.711  -0.438   0.877
 91 176 06 15 30  -0.239   0.722  -0.431   0.875
 91 176 06 16 30  -0.259   0.705  -0.472   0.887
 91 176 06 17 30  -0.275   0.714  -0.431   0.879
 91 176 06 18 30  -0.264   0.722  -0.412   0.873
 91 176 06 19 30  -0.278   0.726  -0.396   0.873
 91 176 06 20 30  -0.286   0.696  -0.443   0.874
 91 176 06 21 30  -0.314   0.678  -0.451   0.874
 91 176 06 22 30  -0.240   0.758  -0.360   0.873
 91 176 06 23 30  -0.329   0.734  -0.379   0.891
 91 176 06 24 30  -0.296   0.736  -0.388   0.885
 91 176 06 25 30  -0.266   0.747  -0.370   0.876
 91 176 06 26 30  -0.278   0.751  -0.353   0.875
 91 176 06 27 30  -0.265   0.785  -0.300   0.882
 91 176 06 28 30  -0.267   0.787  -0.272   0.876
 91 176 06 29 30  -0.228   0.800  -0.262   0.876
 91 176 06 30 30  -0.254   0.793  -0.271   0.876
 91 176 06 31 30  -0.246   0.782  -0.266   0.862
 91 176 06 32 30  -0.234   0.794  -0.224   0.859
 91 176 06 33 30  -0.232   0.811  -0.158   0.859
 91 176 06 34 30  -0.247   0.797  -0.205   0.861
 91 176 06 35 30  -0.223   0.808  -0.211   0.868
 91 176 06 36 30  -0.264   0.793  -0.250   0.874
 91 176 06 37 30  -0.244   0.780  -0.276   0.865
 91 176 06 38 30  -0.238   0.768  -0.305   0.861
 91 176 06 39 30  -0.216   0.756  -0.336   0.856
 91 176 06 40 30  -0.244   0.768  -0.316   0.866
 91 176 06 41 30  -0.226   0.770  -0.330   0.868
 91 176 06 42 30  -0.220   0.769  -0.318   0.862
 91 176 06 43 30  -0.211   0.776  -0.293   0.857
 91 176 06 44 30  -0.156   0.792  -0.280   0.856
 91 176 06 45 30  -0.133   0.798  -0.276   0.857
 91 176 06 46 30  -0.114   0.808  -0.256   0.856
 91 176 06 47 30  -0.178   0.797  -0.258   0.857
 91 176 06 48 30  -0.177   0.799  -0.244   0.854
 91 176 06 49 30  -0.158   0.808  -0.224   0.854
 91 176 06 50 30  -0.157   0.802  -0.226   0.848
 91 176 06 51 30  -0.150   0.785  -0.183   0.821
 91 176 06 52 30  -0.168   0.766  -0.190   0.810
 91 176 06 53 30  -0.224   0.753  -0.386   0.876
 91 176 06 54 30  -0.232   0.684  -0.496   0.878
 91 176 06 55 30  -0.233   0.739  -0.408   0.878
 91 176 06 56 30  -0.259   0.712  -0.458   0.886
 91 176 06 57 30  -0.291   0.712  -0.454   0.893
 91 176 06 58 30  -0.307   0.713  -0.445   0.895
 91 176 06 59 30  -0.303   0.737  -0.425   0.904
 91 176 07 00 30  -0.311   0.758  -0.373   0.900
 91 176 07 01 30  -0.373   0.688  -0.440   0.899
 91 176 07 02 30  -0.353   0.706  -0.419   0.899
 91 176 07 03 30  -0.127   0.844  -0.256   0.893
 91 176 07 04 30  -0.127   0.839  -0.260   0.888
 91 176 07 05 30  -0.114   0.816  -0.299   0.878
 91 176 07 06 30  -0.154   0.787  -0.359   0.880
 91 176 07 07 30  -0.133   0.799  -0.305   0.870
 91 176 07 08 30  -0.111   0.823  -0.247   0.870
 91 176 07 09 30  -0.164   0.775  -0.366   0.873
 91 176 07 10 30  -0.157   0.772  -0.386   0.878
 91 176 07 11 30  -0.156   0.763  -0.402   0.878
 91 176 07 12 30  -0.225   0.767  -0.371   0.884
 91 176 07 13 30  -0.240   0.801  -0.265   0.879
 91 176 07 14 30  -0.247   0.775  -0.320   0.876
 91 176 07 15 30  -0.238   0.795  -0.264   0.873
 91 176 07 16 30  -0.118   0.827  -0.242   0.871
 91 176 07 17 30  -0.100   0.819  -0.256   0.865
 91 176 07 18 30  -0.111   0.828  -0.224   0.865
 91 176 07 19 30  -0.103   0.831  -0.201   0.862
 91 176 07 20 30  -0.115   0.831  -0.197   0.862
 91 176 07 21 30  -0.129   0.820  -0.224   0.861
 91 176 07 22 30  -0.158   0.811  -0.242   0.861
 91 176 07 23 30  -0.163   0.786  -0.292   0.855
 91 176 07 24 30  -0.203   0.776  -0.228   0.835
 91 176 07 25 30  -0.179   0.759  -0.254   0.823
 91 176 07 26 30  -0.122   0.760  -0.217   0.803
 91 176 07 27 30  -0.297   0.737  -0.159   0.814
 91 176 07 28 30  -0.306   0.715  -0.117   0.788
 91 176 07 29 30  -0.491   0.529   0.039   0.743
 91 176 07 30 30  -0.611   0.266   0.201   0.696
 91 176 07 31 30  -0.484  -0.145   0.331   0.623
 91 176 07 32 30  -0.387  -0.456   0.308   0.676
 91 176 07 33 30  -0.411  -0.402   0.352   0.677
 91 176 07 34 30  -0.437  -0.251   0.338   0.609
 91 176 07 35 30  -0.490  -0.081   0.479   0.695
 91 176 07 36 30  -0.495   0.156   0.526   0.739
 91 176 07 37 30  -0.489   0.158   0.522   0.733
 91 176 07 38 30  -0.441   0.195   0.547   0.730
 91 176 07 39 30  -0.392   0.262   0.557   0.734
 91 176 07 40 30  -0.054   0.243   0.462   0.566
 91 176 07 41 30  -0.109   0.400   0.168   0.498
 91 176 07 42 30  -0.096   0.328  -0.193   0.399
 91 176 07 43 30  -0.101   0.367  -0.267   0.466
 91 176 07 44 30  -0.191   0.155  -0.012   0.272
 91 176 07 45 30  -0.191  -0.099   0.358   0.425
 91 176 07 46 30  -0.165  -0.077   0.459   0.499
 91 176 07 47 30  -0.157  -0.053   0.473   0.506
 91 176 07 48 30  -0.202   0.070   0.333   0.401
 91 176 07 49 30  -0.350   0.336  -0.169   0.542
 91 176 07 50 30  -0.322   0.389  -0.382   0.638
 91 176 07 51 30  -0.364   0.401  -0.414   0.682
 91 176 07 52 30  -0.374   0.402  -0.392   0.675
 91 176 07 53 30  -0.359   0.422  -0.383   0.674
 91 176 07 54 30  -0.337   0.415  -0.392   0.663
 91 176 07 55 30  -0.336   0.428  -0.401   0.677
 91 176 07 56 30  -0.377   0.440  -0.392   0.699
 91 176 07 57 30  -0.375   0.445  -0.369   0.689
 91 176 07 58 30  -0.367   0.445  -0.328   0.664
 91 176 07 59 30  -0.368   0.472  -0.341   0.690
 91 176 08 00 30  -0.410   0.450  -0.331   0.693
 91 176 08 01 30  -0.415   0.454  -0.360   0.714
 91 176 08 02 30  -0.344   0.431  -0.495   0.743
 91 176 08 03 30  -0.304   0.412  -0.541   0.747
 91 176 08 04 30  -0.266   0.428  -0.591   0.777
 91 176 08 05 30  -0.248   0.427  -0.607   0.782
 91 176 08 06 30  -0.251   0.420  -0.604   0.778
 91 176 08 07 30  -0.231   0.394  -0.623   0.773
 91 176 08 08 30  -0.252   0.398  -0.625   0.783
 91 176 08 09 30  -0.221   0.426  -0.612   0.779
 91 176 08 10 30  -0.193   0.467  -0.596   0.784
 91 176 08 11 30  -0.250   0.377  -0.644   0.789
 91 176 08 12 30  -0.202   0.351  -0.690   0.804
 91 176 08 13 30  -0.156   0.239  -0.768   0.820
 91 176 08 14 30  -0.163   0.315  -0.762   0.843
 91 176 08 15 30  -0.185   0.349  -0.753   0.851
 91 176 08 16 30  -0.161   0.333  -0.772   0.856
 91 176 08 17 30  -0.110   0.309  -0.789   0.855
 91 176 08 18 30  -0.142   0.376  -0.746   0.848
 91 176 08 19 30  -0.155   0.344  -0.751   0.841
 91 176 08 20 30  -0.158   0.345  -0.759   0.850
 91 176 08 21 30  -0.137   0.339  -0.772   0.855
 91 176 08 22 30  -0.198   0.328  -0.757   0.850
 91 176 08 23 30  -0.208   0.300  -0.775   0.858
 91 176 08 24 30  -0.184   0.294  -0.793   0.867
 91 176 08 25 30  -0.206   0.306  -0.779   0.863
 91 176 08 26 30  -0.211   0.286  -0.785   0.863
 91 176 08 27 30  -0.243   0.403  -0.730   0.869
 91 176 08 28 30  -0.236   0.452  -0.707   0.872
 91 176 08 29 30  -0.235   0.445  -0.708   0.870
 91 176 08 30 30  -0.272   0.425  -0.709   0.870
 91 176 08 31 30  -0.283   0.366  -0.735   0.869
 91 176 08 32 30  -0.269   0.331  -0.759   0.871
 91 176 08 33 30  -0.271   0.357  -0.741   0.868
 91 176 08 34 30  -0.224   0.310  -0.772   0.865
 91 176 08 35 30  -0.278   0.358  -0.740   0.870
 91 176 08 36 30  -0.304   0.374  -0.715   0.864
 91 176 08 37 30  -0.252   0.355  -0.749   0.867
 91 176 08 38 30  -0.275   0.387  -0.724   0.867
 91 176 08 39 30  -0.263   0.398  -0.720   0.864
 91 176 08 40 30  -0.267   0.400  -0.719   0.866
 91 176 08 41 30  -0.279   0.390  -0.721   0.866
 91 176 08 42 30  -0.298   0.445  -0.696   0.879
 91 176 08 43 30  -0.343   0.437  -0.668   0.869
 91 176 08 44 30  -0.355   0.369  -0.708   0.875
 91 176 08 45 30  -0.226   0.330  -0.769   0.869
 91 176 08 46 30  -0.225   0.356  -0.750   0.862
 91 176 08 47 30  -0.319   0.407  -0.685   0.862
 91 176 08 48 30  -0.376   0.451  -0.644   0.873
 91 176 08 49 30  -0.401   0.437  -0.647   0.879
 91 176 08 50 30  -0.406   0.428  -0.658   0.884
 91 176 08 51 30  -0.395   0.358  -0.689   0.872
 91 176 08 52 30  -0.371   0.451  -0.652   0.879
 91 176 08 53 30  -0.380   0.454  -0.654   0.882
 91 176 08 54 30  -0.376   0.449  -0.661   0.886
 91 176 08 55 30  -0.379   0.405  -0.688   0.885
 91 176 08 56 30  -0.381   0.370  -0.696   0.878
 91 176 08 57 30  -0.307   0.413  -0.702   0.872
 91 176 08 58 30  -0.421   0.331  -0.680   0.868
 91 176 08 59 30  -0.347   0.382  -0.689   0.863
 91 176 09 00 30  -0.280   0.467  -0.682   0.873
 91 176 09 01 30  -0.304   0.452  -0.674   0.867
 91 176 09 02 30  -0.154   0.588  -0.588   0.850
 91 176 09 03 30  -0.221   0.559  -0.598   0.853
 91 176 09 04 30  -0.247   0.539  -0.612   0.864
 91 176 09 05 30  -0.256   0.501  -0.638   0.855
 91 176 09 06 30  -0.332   0.448  -0.639   0.856
 91 176 09 07 30  -0.349   0.445  -0.630   0.849
 91 176 09 08 30  -0.344   0.478  -0.611   0.853
 91 176 09 09 30  -0.304   0.490  -0.633   0.857
 91 176 09 10 30  -0.369   0.486  -0.607   0.862
 91 176 09 11 30  -0.212   0.587  -0.570   0.847
 91 176 09 12 30  -0.169   0.649  -0.516   0.847
 91 176 09 13 30  -0.256   0.600  -0.532   0.843
 91 176 09 14 30  -0.338   0.505  -0.553   0.827
 91 176 09 15 30  -0.562   0.393  -0.401   0.821
 91 176 09 16 30  -0.626   0.303  -0.449   0.836
 91 176 09 17 30  -0.643   0.150  -0.481   0.819
 91 176 09 18 30  -0.633   0.050  -0.492   0.805
 91 176 09 19 30  -0.613   0.031  -0.473   0.794
 91 176 09 20 30  -0.522   0.147  -0.594   0.810
 91 176 09 21 30  -0.562   0.150  -0.579   0.822
 91 176 09 22 30  -0.529   0.216  -0.587   0.821
 91 176 09 23 30  -0.538   0.272  -0.561   0.824
 91 176 09 24 30  -0.463   0.392  -0.576   0.842
 91 176 09 25 30  -0.500   0.349  -0.580   0.843
 91 176 09 26 30  -0.536   0.353  -0.529   0.832
 91 176 09 27 30  -0.525   0.367  -0.521   0.826
 91 176 09 28 30  -0.539   0.367  -0.505   0.825
 91 176 09 29 30  -0.613   0.316  -0.480   0.840
 91 176 09 30 30  -0.641   0.255  -0.494   0.850
 91 176 09 31 30  -0.708   0.193  -0.430   0.851
 91 176 09 32 30  -0.635   0.278  -0.483   0.848
 91 176 09 33 30  -0.479   0.484  -0.522   0.859
 91 176 09 34 30  -0.427   0.509  -0.542   0.858
 91 176 09 35 30  -0.399   0.529  -0.549   0.861
 91 176 09 36 30  -0.383   0.549  -0.546   0.864
 91 176 09 37 30  -0.411   0.521  -0.555   0.867
 91 176 09 38 30  -0.516   0.448  -0.539   0.872
 91 176 09 39 30  -0.566   0.445  -0.506   0.880
 91 176 09 40 30  -0.529   0.470  -0.525   0.882
 91 176 09 41 30  -0.522   0.449  -0.554   0.884
 91 176 09 42 30  -0.487   0.478  -0.561   0.884
 91 176 09 43 30  -0.522   0.461  -0.555   0.890
 91 176 09 44 30  -0.524   0.446  -0.548   0.880
 91 176 09 45 30  -0.561   0.428  -0.527   0.882
 91 176 09 46 30  -0.598   0.397  -0.511   0.882
 91 176 09 47 30  -0.513   0.432  -0.561   0.878
 91 176 09 48 30  -0.500   0.435  -0.569   0.874
 91 176 09 49 30  -0.472   0.427  -0.597   0.875
 91 176 09 50 30  -0.465   0.428  -0.597   0.871
 91 176 09 51 30  -0.515   0.412  -0.567   0.871
 91 176 09 52 30  -0.535   0.435  -0.537   0.876
 91 176 09 53 30  -0.493   0.457  -0.554   0.873
 91 176 09 54 30  -0.483   0.457  -0.568   0.876
 91 176 09 55 30  -0.472   0.448  -0.592   0.879
 91 176 09 56 30  -0.445   0.455  -0.608   0.881
 91 176 09 57 30  -0.548   0.391  -0.567   0.881
 91 176 09 58 30  -0.563   0.424  -0.524   0.880
 91 176 09 59 30  -0.648   0.373  -0.482   0.890
 91 176 10 00 30  -0.616   0.435  -0.474   0.891
 91 176 10 01 30  -0.590   0.451  -0.485   0.888
 91 176 10 02 30  -0.606   0.430  -0.475   0.883
 91 176 10 03 30  -0.616   0.436  -0.455   0.882
 91 176 10 04 30  -0.620   0.446  -0.451   0.888
 91 176 10 05 30  -0.594   0.480  -0.457   0.891
 91 176 10 06 30  -0.588   0.472  -0.503   0.907
 91 176 10 07 30  -0.594   0.449  -0.508   0.902
 91 176 10 08 30  -0.594   0.458  -0.505   0.904
 91 176 10 09 30  -0.597   0.472  -0.496   0.909
 91 176 10 10 30  -0.588   0.493  -0.479   0.906
 91 176 10 11 30  -0.594   0.487  -0.476   0.905
 91 176 10 12 30  -0.591   0.493  -0.464   0.899
 91 176 10 13 30  -0.611   0.475  -0.465   0.904
 91 176 10 14 30  -0.599   0.486  -0.468   0.904
 91 176 10 15 30  -0.617   0.437  -0.483   0.898
 91 176 10 16 30  -0.636   0.397  -0.495   0.899
 91 176 10 17 30  -0.600   0.570  -0.378   0.914
 91 176 10 18 30  -0.645   0.545  -0.394   0.932
 91 176 10 19 30  -0.633   0.492  -0.426   0.908
 91 176 10 20 30  -0.631   0.495  -0.435   0.913
 91 176 10 21 30  -0.618   0.487  -0.440   0.902
 91 176 10 22 30  -0.587   0.409  -0.526   0.895
 91 176 10 23 30  -0.494   0.294  -0.686   0.896
 91 176 10 24 30  -0.523   0.302  -0.683   0.913
 91 176 10 25 30  -0.539   0.342  -0.654   0.915
 91 176 10 26 30  -0.520   0.399  -0.630   0.910
 91 176 10 27 30  -0.502   0.414  -0.637   0.913
 91 176 10 28 30  -0.500   0.368  -0.692   0.931
 91 176 10 29 30  -0.478   0.333  -0.728   0.932
 91 176 10 30 30  -0.500   0.315  -0.714   0.927
 91 176 10 31 30  -0.450   0.303  -0.748   0.925
 91 176 10 32 30  -0.438   0.283  -0.754   0.917
 91 176 10 33 30  -0.490   0.251  -0.735   0.920
 91 176 10 34 30  -0.515   0.247  -0.719   0.920
 91 176 10 35 30  -0.611   0.384  -0.557   0.920
 91 176 10 36 30  -0.544   0.236  -0.710   0.926
 91 176 10 37 30  -0.481   0.168  -0.784   0.936
 91 176 10 38 30  -0.475   0.157  -0.790   0.938
 91 176 10 39 30  -0.452   0.141  -0.805   0.935
 91 176 10 40 30  -0.462   0.154  -0.801   0.939
 91 176 10 41 30  -0.484   0.095  -0.806   0.947
 91 176 10 42 30  -0.518   0.205  -0.765   0.949
 91 176 10 43 30  -0.513   0.276  -0.741   0.949
 91 176 10 44 30  -0.528   0.301  -0.734   0.954
 91 176 10 45 30  -0.530   0.140  -0.784   0.958
 91 176 10 46 30  -0.484   0.069  -0.812   0.951
 91 176 10 47 30  -0.430  -0.006  -0.831   0.938
 91 176 10 48 30  -0.474   0.052  -0.808   0.947
 91 176 10 49 30  -0.487   0.223  -0.722   0.942
 91 176 10 50 30  -0.514   0.611  -0.525   0.957
 91 176 10 51 30  -0.480   0.581  -0.604   0.966
 91 176 10 52 30  -0.491   0.565  -0.624   0.975
 91 176 10 53 30  -0.514   0.554  -0.619   0.977
 91 176 10 54 30  -0.532   0.498  -0.650   0.977
 91 176 10 55 30  -0.552   0.477  -0.646   0.975
 91 176 10 56 30  -0.545   0.473  -0.641   0.966
 91 176 10 57 30  -0.557   0.454  -0.645   0.967
 91 176 10 58 30  -0.601   0.440  -0.635   0.980
 91 176 10 59 30  -0.594   0.439  -0.639   0.977
 91 176 11 00 30  -0.594   0.406  -0.671   0.984
 91 176 11 01 30  -0.516   0.472  -0.686   0.980
 91 176 11 02 30  -0.520   0.471  -0.677   0.975
 91 176 11 03 30  -0.512   0.453  -0.695   0.975
 91 176 11 04 30  -0.508   0.473  -0.673   0.969
 91 176 11 05 30  -0.529   0.431  -0.690   0.971
 91 176 11 06 30  -0.506   0.446  -0.700   0.973
 91 176 11 07 30  -0.679   0.366  -0.509   0.977
 91 176 11 08 30  -0.702   0.444  -0.510   0.977
 91 176 11 09 30  -0.712   0.331  -0.587   0.980
 91 176 11 10 30  -0.716   0.299  -0.598   0.980
 91 176 11 11 30  -0.788   0.125  -0.572   0.987
 91 176 11 12 30  -0.704   0.298  -0.594   0.981
 91 176 11 13 30  -0.646   0.424  -0.613   0.987
 91 176 11 14 30  -0.608   0.490  -0.612   0.995
 91 176 11 15 30  -0.573   0.544  -0.588   0.986
 91 176 11 16 30  -0.532   0.602  -0.572   0.987
 91 176 11 17 30  -0.544   0.583  -0.572   0.983
 91 176 11 18 30  -0.570   0.562  -0.559   0.981
 91 176 11 19 30  -0.546   0.686  -0.429   0.978
 91 176 11 20 30  -0.594   0.584  -0.535   0.993
 91 176 11 21 30  -0.616   0.426  -0.643   0.989
 91 176 11 22 30  -0.606   0.388  -0.677   0.988
 91 176 11 23 30  -0.587   0.396  -0.684   0.985
 91 176 11 24 30  -0.682   0.261  -0.652   0.982
 91 176 11 25 30  -0.652   0.341  -0.625   0.969
 91 176 11 26 30  -0.542   0.432  -0.659   0.962
 91 176 11 27 30  -0.501   0.456  -0.690   0.970
 91 176 11 28 30  -0.491   0.409  -0.735   0.975
 91 176 11 29 30  -0.520   0.437  -0.700   0.976
 91 176 11 30 30  -0.572   0.422  -0.689   0.991
 91 176 11 31 30  -0.604   0.349  -0.682   0.977
 91 176 11 32 30  -0.592   0.371  -0.671   0.969
 91 176 11 33 30  -0.598   0.404  -0.666   0.983
 91 176 11 34 30  -0.579   0.340  -0.723   0.992
 91 176 11 35 30  -0.653   0.407  -0.637   0.999
 91 176 11 36 30  -0.622   0.388  -0.679   1.000
 91 176 11 37 30  -0.638   0.382  -0.668   1.000
 91 176 11 38 30  -0.538   0.465  -0.693   0.998
 91 176 11 39 30  -0.448   0.405  -0.780   0.990
 91 176 11 40 30  -0.477   0.454  -0.725   0.979
 91 176 11 41 30  -0.468   0.482  -0.716   0.984
 91 176 11 42 30  -0.460   0.462  -0.729   0.979
 91 176 11 43 30  -0.419   0.452  -0.768   0.985
 91 176 11 44 30  -0.391   0.506  -0.763   0.997
 91 176 11 45 30  -0.458   0.489  -0.742   1.000
 91 176 11 46 30  -0.418   0.513  -0.751   1.001
 91 176 11 47 30  -0.405   0.489  -0.769   0.997
 91 176 11 48 30  -0.363   0.508  -0.773   0.995
 91 176 11 49 30  -0.390   0.511  -0.769   1.004
 91 176 11 50 30  -0.397   0.499  -0.767   0.998
 91 176 11 51 30  -0.363   0.531  -0.757   0.994
 91 176 11 52 30  -0.405   0.530  -0.758   1.011
 91 176 11 53 30  -0.365   0.528  -0.781   1.011
 91 176 11 54 30  -0.329   0.558  -0.774   1.009
 91 176 11 55 30  -0.347   0.555  -0.765   1.008
 91 176 11 56 30  -0.353   0.544  -0.770   1.007
 91 176 11 57 30  -0.385   0.534  -0.762   1.008
 91 176 11 58 30  -0.365   0.566  -0.750   1.011
 91 176 11 59 30  -0.275   0.554  -0.787   1.002
 91 176 12 00 30  -0.296   0.539  -0.789   1.003
 91 176 12 01 30  -0.353   0.605  -0.722   1.006
 91 176 12 02 30  -0.393   0.606  -0.710   1.013
 91 176 12 03 30  -0.445   0.573  -0.693   1.008
 91 176 12 04 30  -0.642   0.492  -0.596   1.008
 91 176 12 05 30  -0.614   0.493  -0.649   1.022
 91 176 12 06 30  -0.604   0.485  -0.667   1.023
 91 176 12 07 30  -0.584   0.458  -0.689   1.014
 91 176 12 08 30  -0.555   0.487  -0.678   1.003
 91 176 12 09 30  -0.574   0.492  -0.684   1.020
 91 176 12 10 30  -0.536   0.511  -0.693   1.015
 91 176 12 11 30  -0.518   0.476  -0.712   1.003
 91 176 12 12 30  -0.569   0.487  -0.681   1.014
 91 176 12 13 30  -0.587   0.477  -0.682   1.020
 91 176 12 14 30  -0.562   0.514  -0.658   1.008
 91 176 12 15 30  -0.611   0.482  -0.645   1.011
 91 176 12 16 30  -0.603   0.488  -0.650   1.013
 91 176 12 17 30  -0.621   0.470  -0.657   1.020
 91 176 12 18 30  -0.605   0.468  -0.668   1.016
 91 176 12 19 30  -0.592   0.475  -0.674   1.016
 91 176 12 20 30  -0.616   0.439  -0.664   1.008
 91 176 12 21 30  -0.694   0.391  -0.644   1.026
 91 176 12 22 30  -0.615   0.461  -0.637   0.999
 91 176 12 23 30  -0.643   0.432  -0.632   1.000
 91 176 12 24 30  -0.706   0.419  -0.588   1.010
 91 176 12 25 30  -0.710   0.362  -0.621   1.011
 91 176 12 26 30  -0.705   0.400  -0.617   1.019
 91 176 12 27 30  -0.690   0.393  -0.626   1.012
 91 176 12 28 30  -0.739   0.324  -0.633   1.026
 91 176 12 29 30  -0.682   0.365  -0.635   1.002
 91 176 12 30 30  -0.650   0.439  -0.626   1.004
 91 176 12 31 30  -0.631   0.472  -0.625   1.007
 91 176 12 32 30  -0.589   0.500  -0.649   1.009
 91 176 12 33 30  -0.570   0.545  -0.652   1.023
 91 176 12 34 30  -0.535   0.565  -0.669   1.027
 91 176 12 35 30  -0.553   0.549  -0.667   1.026
 91 176 12 36 30  -0.585   0.551  -0.644   1.030
 91 176 12 37 30  -0.590   0.531  -0.667   1.036
 91 176 12 38 30  -0.619   0.543  -0.633   1.039
 91 176 12 39 30  -0.601   0.541  -0.650   1.038
 91 176 12 40 30  -0.588   0.556  -0.638   1.031
 91 176 12 41 30  -0.593   0.543  -0.620   1.016
 91 176 12 42 30  -0.635   0.539  -0.592   1.022
 91 176 12 43 30  -0.611   0.568  -0.607   1.032
 91 176 12 44 30  -0.596   0.588  -0.612   1.037
 91 176 12 45 30  -0.572   0.592  -0.630   1.036
 91 176 12 46 30  -0.537   0.640  -0.611   1.035
 91 176 12 47 30  -0.533   0.618  -0.642   1.039
 91 176 12 48 30  -0.499   0.603  -0.675   1.035
 91 176 12 49 30  -0.574   0.609  -0.615   1.040
 91 176 12 50 30  -0.579   0.621  -0.605   1.043
 91 176 12 51 30  -0.588   0.617  -0.607   1.047
 91 176 12 52 30  -0.571   0.617  -0.627   1.049
 91 176 12 53 30  -0.560   0.608  -0.623   1.036
 91 176 12 54 30  -0.561   0.614  -0.622   1.039
 91 176 12 55 30  -0.541   0.615  -0.627   1.032
 91 176 12 56 30  -0.581   0.585  -0.642   1.046
 91 176 12 57 30  -0.576   0.588  -0.659   1.055
 91 176 12 58 30  -0.580   0.599  -0.649   1.057
 91 176 12 59 30  -0.563   0.595  -0.650   1.046
 91 176 13 00 30  -0.564   0.569  -0.674   1.052
 91 176 13 01 30  -0.571   0.603  -0.645   1.052
 91 176 13 02 30  -0.588   0.611  -0.638   1.061
 91 176 13 03 30  -0.623   0.606  -0.611   1.063
 91 176 13 04 30  -0.590   0.629  -0.623   1.064
 91 176 13 05 30  -0.552   0.648  -0.638   1.064
 91 176 13 06 30  -0.550   0.646  -0.625   1.055
 91 176 13 07 30  -0.521   0.669  -0.610   1.045
 91 176 13 08 30  -0.500   0.690  -0.605   1.046
 91 176 13 09 30  -0.440   0.741  -0.607   1.055
 91 176 13 10 30  -0.451   0.733  -0.596   1.048
 91 176 13 11 30  -0.484   0.732  -0.558   1.041
 91 176 13 12 30  -0.397   0.834  -0.483   1.050
 91 176 13 13 30  -0.424   0.757  -0.584   1.050
 91 176 13 14 30  -0.497   0.625  -0.658   1.036
 91 176 13 15 30  -0.520   0.674  -0.614   1.051
 91 176 13 16 30  -0.564   0.686  -0.544   1.042
 91 176 13 17 30  -0.620   0.655  -0.510   1.037
 91 176 13 18 30  -0.677   0.572  -0.558   1.048
 91 176 13 19 30  -0.669   0.586  -0.548   1.044
 91 176 13 20 30  -0.671   0.570  -0.568   1.049
 91 176 13 21 30  -0.712   0.539  -0.551   1.050
 91 176 13 22 30  -0.680   0.585  -0.519   1.038
 91 176 13 23 30  -0.647   0.656  -0.527   1.064
 91 176 13 24 30  -0.640   0.647  -0.533   1.061
 91 176 13 25 30  -0.652   0.620  -0.549   1.056
 91 176 13 26 30  -0.682   0.595  -0.561   1.066
 91 176 13 27 30  -0.741   0.521  -0.565   1.068
 91 176 13 28 30  -0.712   0.549  -0.536   1.049
 91 176 13 29 30  -0.721   0.578  -0.504   1.053
 91 176 13 30 30  -0.702   0.603  -0.508   1.056
 91 176 13 31 30  -0.739   0.585  -0.477   1.057
 91 176 13 32 30  -0.716   0.621  -0.493   1.069
 91 176 13 33 30  -0.695   0.630  -0.499   1.063
 91 176 13 34 30  -0.693   0.628  -0.519   1.069
 91 176 13 35 30  -0.738   0.626  -0.456   1.070
 91 176 13 36 30  -0.762   0.548  -0.526   1.078
 91 176 13 37 30  -0.728   0.552  -0.563   1.073
 91 176 13 38 30  -0.721   0.616  -0.526   1.086
 91 176 13 39 30  -0.708   0.617  -0.542   1.085
 91 176 13 40 30  -0.625   0.610  -0.624   1.075
 91 176 13 41 30  -0.660   0.670  -0.533   1.082
 91 176 13 42 30  -0.666   0.675  -0.520   1.082
 91 176 13 43 30  -0.706   0.683  -0.451   1.082
 91 176 13 44 30  -0.692   0.691  -0.436   1.071
 91 176 13 45 30  -0.710   0.647  -0.477   1.073
 91 176 13 46 30  -0.734   0.613  -0.466   1.065
 91 176 13 47 30  -0.793   0.492  -0.519   1.069
 91 176 13 48 30  -0.702   0.664  -0.438   1.064
 91 176 13 49 30  -0.744   0.651  -0.365   1.059
 91 176 13 50 30  -0.838   0.474  -0.453   1.069
 91 176 13 51 30  -0.896   0.367  -0.466   1.077
 91 176 13 52 30  -0.887   0.353  -0.473   1.069
 91 176 13 53 30  -0.883   0.391  -0.449   1.067
 91 176 13 54 30  -0.885   0.332  -0.474   1.062
 91 176 13 55 30  -0.910   0.304  -0.443   1.058
 91 176 13 56 30  -0.854   0.433  -0.443   1.055
 91 176 13 57 30  -0.864   0.421  -0.456   1.064
 91 176 13 58 30  -0.889   0.384  -0.445   1.067
 91 176 13 59 30  -0.920   0.316  -0.432   1.065
 91 176 14 00 30  -0.926   0.314  -0.406   1.059
 91 176 14 01 30  -0.945   0.314  -0.356   1.059
 91 176 14 02 30  -0.943   0.304  -0.358   1.056
 91 176 14 03 30  -0.949   0.337  -0.322   1.059
 91 176 14 04 30  -0.944   0.368  -0.323   1.065
 91 176 14 05 30  -0.920   0.404  -0.325   1.058
 91 176 14 06 30  -0.921   0.408  -0.351   1.069
 91 176 14 07 30  -0.886   0.439  -0.379   1.060
 91 176 14 08 30  -0.870   0.442  -0.403   1.061
 91 176 14 09 30  -0.868   0.432  -0.409   1.055
 91 176 14 10 30  -0.888   0.420  -0.409   1.067
 91 176 14 11 30  -0.877   0.443  -0.387   1.059
 91 176 14 12 30  -0.899   0.420  -0.384   1.066
 91 176 14 13 30  -0.912   0.401  -0.377   1.066
 91 176 14 14 30  -0.908   0.439  -0.403   1.088
 91 176 14 15 30  -0.769   0.604  -0.465   1.085
 91 176 14 16 30  -0.763   0.621  -0.468   1.090
 91 176 14 17 30  -0.724   0.666  -0.467   1.090
 91 176 14 18 30  -0.660   0.697  -0.504   1.085
 91 176 14 19 30  -0.715   0.668  -0.478   1.090
 91 176 14 20 30  -0.782   0.598  -0.457   1.087
 91 176 14 21 30  -0.794   0.593  -0.442   1.086
 91 176 14 22 30  -0.758   0.631  -0.458   1.090
 91 176 14 23 30  -0.756   0.657  -0.445   1.102
 91 176 14 24 30  -0.810   0.599  -0.447   1.103
 91 176 14 25 30  -0.817   0.618  -0.422   1.108
 91 176 14 26 30  -0.832   0.604  -0.394   1.102
 91 176 14 27 30  -0.893   0.508  -0.386   1.100
 91 176 14 28 30  -0.863   0.578  -0.339   1.096
 91 176 14 29 30  -0.805   0.640  -0.385   1.103
 91 176 14 30 30  -0.797   0.656  -0.379   1.101
 91 176 14 31 30  -0.766   0.702  -0.364   1.102
 91 176 14 32 30  -0.783   0.661  -0.413   1.105
 91 176 14 33 30  -0.830   0.608  -0.403   1.106
 91 176 14 34 30  -0.872   0.539  -0.404   1.102
 91 176 14 35 30  -0.877   0.549  -0.402   1.110
 91 176 14 36 30  -0.838   0.569  -0.433   1.102
 91 176 14 37 30  -0.848   0.574  -0.427   1.110
 91 176 14 38 30  -0.841   0.590  -0.424   1.112
 91 176 14 39 30  -0.866   0.552  -0.416   1.108
 91 176 14 40 30  -0.843   0.569  -0.428   1.104
 91 176 14 41 30  -0.841   0.564  -0.418   1.096
 91 176 14 42 30  -0.897   0.509  -0.423   1.115
 91 176 14 43 30  -0.879   0.525  -0.411   1.104
 91 176 14 44 30  -0.878   0.531  -0.399   1.102
 91 176 14 45 30  -0.892   0.485  -0.430   1.103
 91 176 14 46 30  -0.880   0.486  -0.429   1.094
 91 176 14 47 30  -0.913   0.460  -0.387   1.095
 91 176 14 48 30  -0.893   0.490  -0.406   1.098
 91 176 14 49 30  -0.896   0.471  -0.428   1.100
 91 176 14 50 30  -0.884   0.501  -0.416   1.099
 91 176 14 51 30  -0.894   0.482  -0.431   1.104
 91 176 14 52 30  -0.896   0.503  -0.399   1.103
 91 176 14 53 30  -0.859   0.504  -0.456   1.097
 91 176 14 54 30  -0.886   0.480  -0.475   1.115
 91 176 14 55 30  -0.899   0.503  -0.425   1.115
 91 176 14 56 30  -0.867   0.603  -0.344   1.115
 91 176 14 57 30  -0.834   0.668  -0.311   1.113
 91 176 14 58 30  -0.862   0.600  -0.403   1.128
 91 176 14 59 30  -0.879   0.591  -0.399   1.133
 91 176 15 00 30  -0.861   0.643  -0.373   1.138
 91 176 15 01 30  -0.879   0.607  -0.405   1.143
 91 176 15 02 30  -0.883   0.594  -0.404   1.139
 91 176 15 03 30  -0.868   0.604  -0.408   1.134
 91 176 15 04 30  -0.871   0.601  -0.368   1.121
 91 176 15 05 30  -0.874   0.605  -0.376   1.128
 91 176 15 06 30  -0.904   0.593  -0.346   1.137
 91 176 15 07 30  -0.910   0.552  -0.401   1.137
 91 176 15 08 30  -0.951   0.450  -0.436   1.140
 91 176 15 09 30  -0.875   0.634  -0.363   1.141
 91 176 15 10 30  -0.901   0.629  -0.360   1.157
 91 176 15 11 30  -0.925   0.517  -0.433   1.146
 91 176 15 12 30  -0.880   0.591  -0.423   1.143
 91 176 15 13 30  -0.879   0.617  -0.419   1.153
 91 176 15 14 30  -0.882   0.622  -0.404   1.153
 91 176 15 15 30  -0.863   0.688  -0.384   1.170
 91 176 15 16 30  -0.874   0.833  -0.372   1.266
 91 176 15 17 30  -0.943   0.832  -0.445   1.335
 91 176 15 18 30  -0.975   0.851  -0.554   1.409
 91 176 15 19 30  -0.905   0.956  -0.533   1.423
 91 176 15 20 30  -0.971   0.966  -0.511   1.463
 91 176 15 21 30  -0.967   1.003  -0.494   1.479
 91 176 15 22 30  -1.016   0.950  -0.506   1.481
 91 176 15 23 30  -0.942   1.016  -0.513   1.481
 91 176 15 24 30  -1.008   0.971  -0.511   1.491
 91 176 15 25 30  -1.071   0.905  -0.570   1.514
 91 176 15 26 30  -1.052   0.926  -0.606   1.528
 91 176 15 27 30  -1.023   0.963  -0.633   1.541
 91 176 15 28 30  -1.002   0.979  -0.642   1.542
 91 176 15 29 30  -1.030   0.994  -0.585   1.548
 91 176 15 30 30  -1.134   0.904  -0.579   1.563
 91 176 15 31 30  -1.117   0.906  -0.606   1.561
 91 176 15 32 30  -1.227   0.737  -0.650   1.573
 91 176 15 33 30  -1.160   0.768  -0.667   1.546
 91 176 15 34 30  -1.176   0.645  -0.696   1.514
 91 176 15 35 30  -1.136   0.813  -0.595   1.520
 91 176 15 36 30  -1.078   0.944  -0.553   1.540
 91 176 15 37 30  -1.083   0.976  -0.524   1.551
 91 176 15 38 30  -1.084   0.901  -0.770   1.608
 91 176 15 39 30  -1.078   0.899  -0.755   1.595
 91 176 15 40 30  -1.075   0.885  -0.749   1.582
 91 176 15 41 30  -1.090   0.928  -0.644   1.571
 91 176 15 42 30  -1.044   0.984  -0.624   1.569
 91 176 15 43 30  -1.019   1.056  -0.577   1.578
 91 176 15 44 30  -1.044   1.048  -0.554   1.582
 91 176 15 45 30  -1.070   1.005  -0.589   1.582
 91 176 15 46 30  -1.070   0.965  -0.614   1.567
 91 176 15 47 30  -1.024   0.983  -0.577   1.534
 91 176 15 48 30  -1.053   0.911  -0.669   1.548
 91 176 15 49 30  -1.121   0.879  -0.591   1.548
 91 176 15 50 30  -1.060   0.953  -0.628   1.559
 91 176 15 51 30  -1.079   0.929  -0.574   1.536
 91 176 15 52 30  -1.037   1.061  -0.418   1.546
 91 176 15 53 30  -1.057   1.021  -0.474   1.552
 91 176 15 54 30  -1.110   0.867  -0.581   1.526
 91 176 15 55 30  -1.074   1.001  -0.520   1.562
 91 176 15 56 30  -1.166   0.806  -0.578   1.555
 91 176 15 57 30  -1.285   0.661  -0.567   1.561
 91 176 15 58 30  -1.169   0.950  -0.501   1.592
 91 176 15 59 30  -1.127   1.031  -0.463   1.597
 91 176 16 00 30  -1.170   0.775  -0.645   1.588
 91 176 16 01 30  -1.144   0.711  -0.796   1.566
 91 176 16 02 30  -1.083   0.875  -0.729   1.576
 91 176 16 03 30  -1.186   0.603  -0.667   1.549
 91 176 16 04 30  -1.380   0.458  -0.575   1.572
 91 176 16 05 30  -1.294   0.535  -0.707   1.570
 91 176 16 06 30  -1.163   0.603  -0.905   1.597
 91 176 16 07 30  -1.288   0.260  -0.849   1.573
 91 176 16 08 30  -1.337   0.259  -0.770   1.571
 91 176 16 09 30  -1.274   0.269  -0.766   1.512
 91 176 16 10 30  -1.232   0.268  -0.772   1.489
 91 176 16 11 30  -1.220  -0.119  -0.854   1.511
 91 176 16 12 30  -0.781  -0.882  -0.958   1.529
 91 176 16 13 30  -0.976  -0.631  -0.988   1.532
 91 176 16 14 30  -1.042  -0.416  -1.026   1.545
 91 176 16 15 30  -1.216  -0.034  -0.723   1.501
 91 176 16 16 30  -0.859   1.145  -0.477   1.516
 91 176 16 17 30  -0.737   1.296  -0.357   1.558
 91 176 16 18 30  -0.775   1.281  -0.537   1.593
 91 176 16 19 30  -0.753   1.342  -0.389   1.590
 91 176 16 20 30  -0.767   1.336  -0.329   1.577
 91 176 16 21 30  -0.929   1.242  -0.349   1.594
 91 176 16 22 30  -1.130   1.062  -0.375   1.596
 91 176 16 23 30  -1.044   1.088  -0.538   1.603
 91 176 16 26 30  -1.066   1.188  -0.261   1.618
 91 176 16 27 30  -1.149   1.138  -0.090   1.624
 91 176 16 28 30  -1.051   1.218  -0.026   1.612
 91 176 16 29 30  -0.965   1.308  -0.021   1.628
 91 176 16 30 30  -1.056   1.227   0.116   1.625
 91 176 16 31 30  -1.037   1.234   0.132   1.619
 91 176 16 32 30  -1.029   1.220   0.159   1.604
 91 176 16 34 30  -1.002   1.245   0.221   1.614
 91 176 16 35 30  -0.986   1.243   0.317   1.620
 91 176 16 36 30  -1.007   1.238   0.284   1.622
 91 176 16 37 30  -0.905   1.313   0.283   1.621
 91 176 16 38 30  -0.927   1.311   0.249   1.625
 91 176 16 39 30  -0.902   1.349   0.212   1.638
 91 176 16 40 30  -0.891   1.351   0.259   1.646
 91 176 16 41 30  -1.096   1.176   0.436   1.671
 91 176 16 42 30  -1.071   1.226   0.427   1.690
 91 176 16 43 30  -0.974   1.350   0.301   1.692
 91 176 16 44 30  -0.960   1.373   0.260   1.695
 91 176 16 45 30  -0.956   1.393   0.241   1.707
 91 176 16 46 30  -0.972   1.390   0.219   1.711
 91 176 16 47 30  -0.955   1.382   0.225   1.697
 91 176 16 48 30  -0.814   1.404   0.096   1.704
 91 176 16 49 30  -0.209   1.554  -0.605   1.681
 91 176 16 50 30  -0.222   1.547  -0.597   1.674
 91 176 16 51 30  -0.176   1.569  -0.566   1.678
 91 176 16 52 30  -0.234   1.585  -0.499   1.679
 91 176 16 53 30  -0.260   1.601  -0.434   1.679
 91 176 16 54 30  -0.180   1.602  -0.446   1.674
 91 176 16 55 30  -0.356   1.577  -0.423   1.674
 91 176 16 56 30  -0.402   1.598  -0.254   1.672
 91 176 16 57 30  -0.449   1.638  -0.122   1.707
 91 176 16 58 30  -0.662   1.578  -0.030   1.715
 91 176 16 59 30  -0.570   1.612   0.051   1.713
 91 176 17 00 30  -0.590   1.590   0.162   1.712
 91 176 17 01 30  -0.665   1.569  -0.027   1.707
 91 176 17 02 30  -0.689   1.563   0.125   1.714
 91 176 17 03 30  -0.724   1.570   0.053   1.731
 91 176 17 04 30  -0.752   1.555  -0.052   1.730
 91 176 17 05 30  -0.925   1.470  -0.082   1.741
 91 176 17 06 30  -0.986   1.427  -0.131   1.740
 91 176 17 07 30  -1.015   1.373   0.001   1.710
 91 176 17 08 30  -1.179   1.217  -0.022   1.707
 91 176 17 09 30  -1.182   1.234  -0.194   1.726
 91 176 17 10 30  -1.076   1.353  -0.121   1.735
 91 176 17 11 30  -1.050   1.402  -0.154   1.760
 91 176 17 12 30  -0.727   1.528  -0.193   1.751
 91 176 17 13 30  -0.309   1.626  -0.451   1.722
 91 176 17 14 30  -0.364   1.625  -0.411   1.719
 91 176 17 15 30  -0.243   1.629  -0.451   1.711
 91 176 17 16 30  -0.254   1.622  -0.503   1.719
 91 176 17 17 30  -0.152   1.628  -0.469   1.707
 91 176 17 18 30  -0.010   1.642  -0.391   1.697
 91 176 17 19 30  -0.089   1.619  -0.417   1.678
 91 176 17 20 30   0.079   1.576  -0.548   1.675
 91 176 17 21 30   0.025   1.553  -0.644   1.688
 91 176 17 26 30  -0.226   1.413  -0.951   1.718
 91 176 17 27 30  -0.203   1.410  -0.968   1.723
 91 176 17 28 30  -0.207   1.373  -0.994   1.708
 91 176 17 29 30  -0.228   1.365  -1.014   1.716
 91 176 17 30 30  -0.252   1.390  -1.002   1.732
 91 176 17 31 30  -0.447   1.454  -0.813   1.732
 91 176 17 32 30  -0.526   1.459  -0.759   1.738
 91 176 17 33 30  -1.091   1.378   0.193   1.770
 91 176 17 34 30  -1.121   1.353   0.311   1.785
 91 176 17 35 30  -1.075   1.375   0.327   1.777
 91 176 17 36 30  -1.096   1.374   0.317   1.787
 91 176 17 37 30  -1.167   1.305   0.431   1.806
 91 176 17 38 30  -1.158   1.356   0.278   1.806
 91 176 17 39 30  -1.128   1.357   0.281   1.792
 91 176 17 40 30  -1.123   1.216   0.639   1.779
 91 176 17 41 30  -1.078   1.178   0.761   1.772
 91 176 17 42 30  -1.104   1.184   0.723   1.774
 91 176 17 43 30  -1.112   1.245   0.621   1.782
 91 176 17 44 30  -1.110   1.251   0.615   1.783
 91 176 17 45 30  -1.101   1.233   0.643   1.776
 91 176 17 46 30  -1.132   1.206   0.618   1.766
 91 176 17 47 30  -1.074   1.171   0.714   1.743
 91 176 17 48 30  -1.085   1.208   0.661   1.754
 91 176 17 49 30  -1.092   1.210   0.662   1.760
 91 176 17 50 30  -1.086   1.193   0.654   1.742
 91 176 17 51 30  -1.054   1.186   0.686   1.729
 91 176 17 52 30  -1.042   1.164   0.744   1.730
 91 176 17 53 30  -1.037   1.135   0.781   1.725
 91 176 17 54 30  -0.914   1.263   0.283   1.720
 91 176 17 55 30  -0.703   1.414  -0.653   1.717
 91 176 17 56 30  -0.891   1.375  -0.488   1.712
 91 176 17 57 30  -0.847   1.368  -0.620   1.730
 91 176 17 58 30  -0.877   1.399  -0.545   1.740
 91 176 17 59 30  -0.901   1.296  -0.715   1.735
 91 176 18 00 30  -0.849   1.332  -0.669   1.717
 91 176 18 01 30  -0.862   1.323  -0.648   1.708
 91 176 18 02 30  -0.794   1.407  -0.563   1.712
 91 176 18 03 30  -0.804   1.427  -0.476   1.707
 91 176 18 04 30  -0.847   1.428  -0.477   1.729
 91 176 18 05 30  -0.855   1.436  -0.363   1.712
 91 176 18 06 30  -0.872   1.363  -0.609   1.731
 91 176 18 07 30  -0.904   1.395  -0.539   1.748
 91 176 18 08 30  -0.938   1.392  -0.497   1.752
 91 176 18 09 30  -0.968   1.376  -0.473   1.748
 91 176 18 10 30  -1.015   1.350  -0.415   1.740
 91 176 18 11 30  -1.020   1.358  -0.354   1.736
 91 176 18 12 30  -1.042   1.327  -0.392   1.733
 91 176 18 13 30  -1.061   1.303  -0.420   1.733
 91 176 18 14 30  -1.063   1.300  -0.433   1.735
 91 176 18 15 30  -1.088   1.282  -0.445   1.739
 91 176 18 16 30  -1.103   1.276  -0.407   1.735
 91 176 18 17 30  -1.073   1.285  -0.451   1.734
 91 176 18 18 30  -1.083   1.282  -0.440   1.735
 91 176 18 19 30  -1.102   1.263  -0.431   1.731
 91 176 18 20 30  -1.119   1.237  -0.448   1.727
 91 176 18 21 30  -1.132   1.217  -0.429   1.717
 91 176 18 22 30  -1.170   1.184  -0.409   1.714
 91 176 18 23 30  -1.161   1.210  -0.348   1.713
 91 176 18 24 30  -1.177   1.206  -0.280   1.710
 91 176 18 25 30  -1.162   1.216  -0.319   1.713
 91 176 18 26 30  -1.166   1.215  -0.288   1.711
 91 176 18 27 30  -1.151   1.215  -0.317   1.705
 91 176 18 28 30  -1.135   1.240  -0.338   1.715
 91 176 18 29 30  -1.092   1.256  -0.417   1.716
 91 176 18 30 30  -1.147   1.199  -0.410   1.710
 91 176 18 31 30  -1.134   1.212  -0.409   1.709
 91 176 18 32 30  -1.144   1.206  -0.411   1.713
 91 176 18 33 30  -1.164   1.183  -0.385   1.704
 91 176 18 34 30  -1.169   1.179  -0.387   1.705
 91 176 18 35 30  -1.193   1.151  -0.385   1.703
 91 176 18 36 30  -1.193   1.138  -0.413   1.701
 91 176 18 37 30  -1.183   1.150  -0.410   1.701
 91 176 18 38 30  -1.201   1.137  -0.355   1.692
 91 176 18 39 30  -1.205   1.146  -0.315   1.693
 91 176 18 40 30  -1.190   1.157  -0.335   1.694
 91 176 18 41 30  -1.189   1.124  -0.424   1.691
 91 176 18 42 30  -1.192   1.136  -0.392   1.696
 91 176 18 43 30  -1.156   1.150  -0.457   1.694
 91 176 18 44 30  -1.139   1.141  -0.510   1.693
 91 176 18 45 30  -0.999   1.044  -0.798   1.670
 91 176 18 46 30  -1.153   1.061  -0.555   1.663
 91 176 18 47 30  -1.100   1.040  -0.674   1.661
 91 176 18 48 30  -1.122   1.023  -0.674   1.662
 91 176 18 49 30  -1.145   0.987  -0.717   1.674
 91 176 18 50 30  -1.166   0.941  -0.740   1.673
 91 176 18 51 30  -1.153   0.933  -0.773   1.675
 91 176 18 52 30  -1.144   0.929  -0.790   1.673
 91 176 18 53 30  -1.098   0.888  -0.854   1.658
 91 176 18 54 30  -1.236   0.916  -0.657   1.675
 91 176 18 55 30  -1.243   0.916  -0.668   1.683
 91 176 18 56 30  -1.173   0.963  -0.708   1.675
 91 176 18 57 30  -1.188   0.899  -0.773   1.679
 91 176 18 58 30  -1.154   0.928  -0.788   1.679
 91 176 18 59 30  -1.107   0.997  -0.763   1.676
 91 176 19 00 30  -1.189   0.897  -0.764   1.676
 91 176 19 01 30  -1.192   0.881  -0.779   1.675
 91 176 19 02 30  -1.198   0.854  -0.785   1.670
 91 176 19 03 30  -1.238   0.828  -0.750   1.668
 91 176 19 04 30  -1.251   0.739  -0.822   1.671
 91 176 19 05 30  -1.275   0.784  -0.734   1.668
 91 176 19 06 30  -1.310   0.733  -0.739   1.675
 91 176 19 07 30  -1.253   0.854  -0.718   1.679
 91 176 19 08 30  -1.279   0.816  -0.737   1.687
 91 176 19 09 30  -1.294   0.754  -0.756   1.679
 91 176 19 10 30  -1.287   0.778  -0.755   1.682
 91 176 19 11 30  -1.260   0.789  -0.781   1.683
 91 176 19 12 30  -1.157   0.703  -0.975   1.680
 91 176 19 13 30  -1.126   0.586  -1.094   1.677
 91 176 19 14 30  -1.141   0.569  -1.089   1.677
 91 176 19 15 30  -1.207   0.621  -0.970   1.675
 91 176 19 16 30  -1.248   0.646  -0.904   1.672
 91 176 19 17 30  -1.250   0.602  -0.932   1.672
 91 176 19 18 30  -1.186   0.442  -1.086   1.670
 91 176 19 19 30  -1.138   0.281  -1.171   1.664
 91 176 19 20 30  -1.149   0.143  -1.168   1.650
 91 176 19 21 30  -1.107   0.286  -1.177   1.652
 91 176 19 22 30  -1.160   0.425  -1.126   1.673
 91 176 19 23 30  -1.153   0.303  -1.169   1.672
 91 176 19 24 30  -1.088   0.483  -1.159   1.670
 91 176 19 25 30  -1.073   0.449  -1.183   1.661
 91 176 19 26 30  -1.108   0.375  -1.182   1.664
 91 176 19 27 30  -1.113   0.270  -1.233   1.685
 91 176 19 28 30  -1.158   0.165  -1.231   1.700
 91 176 19 29 30  -1.167   0.339  -1.200   1.711
 91 176 19 30 30  -1.162   0.388  -1.194   1.712
 91 176 19 31 30  -1.084   0.481  -1.218   1.708
 91 176 19 32 30  -1.030   0.536  -1.268   1.722
 91 176 19 33 30  -1.027   0.323  -1.331   1.722
 91 176 19 34 30  -1.046   0.225  -1.347   1.722
 91 176 19 35 30  -1.089   0.251  -1.330   1.740
 91 176 19 36 30  -1.048   0.375  -1.341   1.748
 91 176 19 37 30  -1.035   0.378  -1.362   1.758
 91 176 19 38 30  -1.007   0.548  -1.342   1.767
 91 176 19 39 30  -1.042   0.696  -1.241   1.767
 91 176 19 40 30  -1.115   0.858  -1.070   1.777
 91 176 19 41 30  -1.277   0.779  -0.935   1.773
 91 176 19 42 30  -1.235   0.738  -1.038   1.775
 91 176 19 43 30  -1.106   0.761  -1.144   1.767
 91 176 19 44 30  -1.009   0.766  -1.205   1.754
 91 176 19 45 30  -1.009   0.804  -1.175   1.748
 91 176 19 46 30  -0.917   0.870  -1.198   1.742
 91 176 19 47 30  -0.871   0.864  -1.233   1.741
 91 176 19 48 30  -0.881   0.848  -1.235   1.738
 91 176 19 50 30  -1.037   0.836  -1.135   1.751
 91 176 19 51 30  -1.001   0.941  -1.075   1.748
 91 176 19 52 30  -0.967   1.096  -0.978   1.760
 91 176 19 53 30  -0.931   1.209  -0.864   1.757
 91 176 19 54 30  -0.741   1.260  -0.906   1.721
 91 176 19 55 30  -0.784   1.203  -0.910   1.701
 91 176 19 56 30  -0.751   1.150  -0.977   1.692
 91 176 19 57 30  -0.667   1.156  -1.021   1.684
 91 176 19 58 30  -0.665   1.200  -0.968   1.681
 91 176 19 59 30  -0.629   1.263  -0.911   1.680
 91 176 20 00 30  -0.592   1.255  -0.908   1.666
 91 176 20 01 30  -0.604   1.294  -0.849   1.664
 91 176 20 02 30  -0.603   1.255  -0.897   1.658
 91 176 20 03 30  -0.586   1.276  -0.883   1.660
 91 176 20 04 30  -0.595   1.198  -0.959   1.647
 91 176 20 05 30  -0.623   1.107  -1.040   1.642
 91 176 20 06 30  -0.547   1.048  -1.130   1.638
 91 176 20 07 30  -0.564   1.080  -1.094   1.639
 91 176 20 08 30  -0.579   1.045  -1.130   1.645
 91 176 20 09 30  -0.519   1.062  -1.113   1.638
 91 176 20 10 30  -0.545   1.041  -1.124   1.628
 91 176 20 11 30  -0.621   0.992  -1.114   1.620
 91 176 20 12 30  -0.644   0.949  -1.143   1.621
 91 176 20 13 30  -0.668   0.903  -1.151   1.610
 91 176 20 14 30  -0.689   0.882  -1.144   1.604
 91 176 20 15 30  -0.816   0.719  -1.173   1.602
 91 176 20 16 30  -0.748   0.673  -1.250   1.609
 91 176 20 17 30  -0.559   0.782  -1.292   1.613
 91 176 20 18 30  -0.584   0.752  -1.294   1.608
 91 176 20 19 30  -0.625   0.699  -1.284   1.592
 91 176 20 20 30  -0.649   0.739  -1.231   1.582
 91 176 20 21 30  -0.706   0.735  -1.191   1.576
 91 176 20 22 30  -0.533   0.685  -1.293   1.559
 91 176 20 23 30  -0.489   0.689  -1.306   1.558
 91 176 20 24 30  -0.462   0.611  -1.352   1.556
 91 176 20 25 30  -0.508   0.290  -1.434   1.571
 91 176 20 26 30  -0.599   0.181  -1.449   1.585
 91 176 20 27 30  -0.583   0.365  -1.426   1.586
 91 176 20 28 30  -0.664   0.515  -1.352   1.594
 91 176 20 29 30  -0.656   0.558  -1.329   1.588
 91 176 20 30 30  -0.676   0.655  -1.289   1.598
 91 176 20 31 30  -0.692   0.633  -1.298   1.604
 91 176 20 32 30  -0.716   0.770  -1.212   1.607
 91 176 20 33 30  -0.775   0.871  -1.103   1.608
 91 176 20 34 30  -0.682   0.970  -1.084   1.608
 91 176 20 35 30  -0.631   0.890  -1.187   1.612
 91 176 20 36 30  -0.558   0.935  -1.205   1.626
 91 176 20 37 30  -0.675   0.928  -1.135   1.635
 91 176 20 38 30  -0.750   1.156  -0.894   1.645
 91 176 20 39 30  -0.654   1.188  -0.918   1.645
 91 176 20 40 30  -0.568   1.072  -1.089   1.637
 91 176 20 41 30  -0.590   1.068  -1.107   1.649
 91 176 20 42 30  -0.555   1.033  -1.152   1.648
 91 176 20 43 30  -0.542   0.949  -1.230   1.647
 91 176 20 44 30  -0.480   1.015  -1.199   1.648
 91 176 20 45 30  -0.420   0.980  -1.243   1.639
 91 176 20 46 30  -0.374   1.019  -1.233   1.644
 91 176 20 47 30  -0.339   0.903  -1.329   1.647
 91 176 20 48 30  -0.392   0.664  -1.451   1.646
 91 176 20 49 30  -0.402   0.576  -1.482   1.645
 91 176 20 50 30  -0.454   0.974  -1.220   1.636
 91 176 20 51 30  -0.333   0.292  -1.406   1.627
 91 176 20 52 30  -0.258  -0.350  -1.571   1.631
 91 176 20 53 30  -0.283  -0.376  -1.576   1.646
 91 176 20 54 30  -0.310  -0.311  -1.591   1.654
 91 176 20 55 30  -0.339   0.022  -1.628   1.667
 91 176 20 56 30  -0.411  -0.109  -1.623   1.680
 91 176 20 57 30  -0.379  -0.003  -1.631   1.677
 91 176 20 58 30  -0.313   0.195  -1.624   1.668
 91 176 20 59 30  -0.302   0.259  -1.570   1.633
 91 176 21 00 30  -0.244  -0.055  -1.601   1.631
 91 176 21 01 30  -0.242   0.137  -1.606   1.645
 91 176 21 02 30  -0.258   0.133  -1.624   1.666
 91 176 21 03 30  -0.390   0.005  -1.615   1.668
 91 176 21 04 30  -0.508  -0.069  -1.588   1.673
 91 176 21 05 30  -0.561  -0.059  -1.567   1.668
 91 176 21 06 30  -0.574   0.124  -1.566   1.675
 91 176 21 07 30  -0.531   0.233  -1.566   1.675
 91 176 21 08 30  -0.540   0.197  -1.536   1.659
 91 176 21 09 30  -0.351   0.443  -1.506   1.624
 91 176 21 10 30  -0.268   0.609  -1.447   1.621
 91 176 21 11 30  -0.547   0.213  -1.445   1.562
 91 176 21 12 30  -0.644   0.320  -1.399   1.577
 91 176 21 13 30  -0.635   0.200  -1.434   1.582
 91 176 21 14 30  -0.678   0.103  -1.416   1.574
 91 176 21 15 30  -0.692   0.053  -1.426   1.587
 91 176 21 16 30  -0.669   0.136  -1.520   1.668
 91 176 21 17 30  -0.667   0.030  -1.533   1.674
 91 176 21 18 30  -0.583  -0.021  -1.556   1.664
 91 176 21 19 30  -0.603   0.147  -1.545   1.671
 91 176 21 20 30  -0.565   0.339  -1.539   1.676
 91 176 21 21 30  -0.598   0.261  -1.542   1.675
 91 176 21 22 30  -0.588   0.209  -1.565   1.685
 91 176 21 23 30  -0.615   0.226  -1.556   1.689
 91 176 21 24 30  -0.636   0.171  -1.559   1.700
 91 176 21 25 30  -0.618   0.041  -1.599   1.715
 91 176 21 26 30  -0.600   0.075  -1.607   1.718
 91 176 21 27 30  -0.601   0.165  -1.605   1.723
 91 176 21 28 30  -0.625   0.262  -1.561   1.708
 91 176 21 29 30  -0.697   0.361  -1.521   1.713
 91 176 21 30 30  -0.635   0.353  -1.545   1.707
 91 176 21 31 30  -0.640   0.360  -1.549   1.715
 91 176 21 32 30  -0.623   0.343  -1.563   1.719
 91 176 21 33 30  -0.641   0.370  -1.556   1.725
 91 176 21 34 30  -0.697   0.238  -1.545   1.713
 91 176 21 35 30  -0.578   0.434  -1.520   1.694
 91 176 21 36 30  -0.701   0.411  -1.479   1.689
 91 176 21 37 30  -0.652   0.447  -1.489   1.688
 91 176 21 38 30  -0.690   0.479  -1.508   1.731
 91 176 21 39 30  -0.603   0.560  -1.445   1.664
 91 176 21 40 30  -0.591   0.566  -1.435   1.653
 91 176 21 41 30  -0.572   0.677  -1.374   1.635
 91 176 21 42 30  -0.598   0.632  -1.417   1.664
 91 176 21 43 30  -0.521   0.668  -1.454   1.685
 91 176 21 44 30  -0.485   0.763  -1.440   1.701
 91 176 21 45 30  -0.423   0.773  -1.451   1.698
 91 176 21 46 30  -0.393   0.830  -1.457   1.722
 91 176 21 47 30  -0.307   0.855  -1.445   1.707
 91 176 21 48 30  -0.301   0.866  -1.395   1.672
 91 176 21 49 30  -0.348   0.869  -1.366   1.656
 91 176 21 50 30  -0.363   0.907  -1.377   1.688
 91 176 21 51 30  -0.370   0.923  -1.428   1.740
 91 176 21 52 30  -0.442   0.937  -1.378   1.725
 91 176 21 53 30  -0.403   0.985  -1.384   1.746
 91 176 21 54 30  -0.379   0.912  -1.387   1.703
 91 176 21 55 30  -0.384   0.964  -1.380   1.727
 91 176 21 56 30  -0.393   0.985  -1.384   1.744
 91 176 21 57 30  -0.445   1.006  -1.349   1.742
 91 176 21 58 30  -0.395   0.991  -1.329   1.708
 91 176 21 59 30   0.012   1.202  -0.931   1.533
 91 176 22 00 30  -0.046   1.312  -0.980   1.640
 91 176 22 01 30   0.002   1.373  -0.925   1.658
 91 176 22 02 30   0.078   1.389  -0.985   1.708
 91 176 22 03 30   0.046   1.281  -1.168   1.734
 91 176 22 04 30  -0.034   1.258  -1.188   1.732
 91 176 22 05 30  -0.067   1.323  -1.113   1.735
 91 176 22 06 30  -0.081   1.312  -1.145   1.744
 91 176 22 07 30  -0.111   1.295  -1.163   1.745
 91 176 22 08 30  -0.099   1.279  -1.150   1.724
 91 176 22 09 30  -0.076   1.272  -1.131   1.704
 91 176 22 10 30  -0.056   1.225  -1.187   1.708
 91 176 22 11 30  -0.100   1.218  -1.185   1.703
 91 176 22 12 30  -0.091   1.224  -1.175   1.702
 91 176 22 13 30  -0.027   1.228  -1.151   1.684
 91 176 22 14 30  -0.046   1.235  -1.157   1.694
 91 176 22 15 30  -0.030   1.238  -1.146   1.688
 91 176 22 16 30  -0.026   1.251  -1.150   1.702
 91 176 22 17 30   0.136   1.291  -1.093   1.698
 91 176 22 18 30   0.097   1.218  -1.174   1.696
 91 176 22 19 30   0.117   1.196  -1.191   1.693
 91 176 22 20 30   0.019   1.226  -1.155   1.686
 91 176 22 21 30  -0.032   1.224  -1.153   1.684
 91 176 22 22 30   0.013   1.169  -1.224   1.693
 91 176 22 23 30   0.081   1.103  -1.273   1.688
 91 176 22 24 30   0.052   1.122  -1.266   1.695
 91 176 22 25 30   0.121   1.031  -1.357   1.709
 91 176 22 26 30   0.113   1.006  -1.375   1.708
 91 176 22 27 30   0.154   0.931  -1.414   1.702
 91 176 22 28 30   0.133   1.001  -1.368   1.701
 91 176 22 29 30   0.110   1.005  -1.361   1.697
 91 176 22 30 30   0.095   1.011  -1.361   1.700
 91 176 22 31 30   0.053   1.008  -1.370   1.702
 91 176 22 32 30   0.065   1.022  -1.352   1.697
 91 176 22 33 30   0.054   1.002  -1.370   1.699
 91 176 22 34 30   0.094   0.961  -1.367   1.678
 91 176 22 35 30   0.271   0.976  -1.316   1.664
 91 176 22 36 30   0.053   0.954  -1.374   1.675
 91 176 22 37 30  -0.076   0.892  -1.450   1.704
 91 176 22 38 30  -0.037   0.881  -1.448   1.696
 91 176 22 39 30   0.010   0.876  -1.451   1.695
 91 176 22 40 30   0.031   0.887  -1.444   1.696
 91 176 22 41 30   0.021   0.866  -1.450   1.690
 91 176 22 42 30   0.044   0.874  -1.425   1.673
 91 176 22 43 30   0.059   0.883  -1.432   1.683
 91 176 22 44 30   0.040   0.843  -1.461   1.688
 91 176 22 45 30   0.020   0.778  -1.451   1.647
 91 176 22 46 30   0.052   0.797  -1.421   1.645
 91 176 22 47 30   0.094   0.538  -1.526   1.621
 91 176 22 48 30   0.024   0.481  -1.536   1.611
 91 176 22 49 30   0.129   0.617  -1.494   1.631
 91 176 22 50 30   0.130   0.720  -1.446   1.623
 91 176 22 51 30   0.098   0.666  -1.479   1.626
 91 176 22 52 30   0.072   0.825  -1.432   1.657
 91 176 22 53 30   0.080   0.838  -1.418   1.652
 91 176 22 54 30   0.192   0.780  -1.428   1.641
 91 176 22 55 30   0.126   0.786  -1.430   1.643
 91 176 22 56 30   0.088   0.837  -1.396   1.631
 91 176 22 57 30   0.114   0.989  -1.375   1.699
 91 176 22 58 30   0.062   1.024  -1.357   1.702
 91 176 22 59 30   0.059   1.022  -1.344   1.692
 91 176 23 00 30  -0.002   0.791  -1.441   1.645
 91 176 23 01 30   0.066   0.864  -1.403   1.653
 91 176 23 02 30   0.095   0.785  -1.436   1.644
 91 176 23 03 30   0.123   0.719  -1.465   1.638
 91 176 23 04 30   0.166   0.695  -1.465   1.631
 91 176 23 05 30   0.176   0.719  -1.457   1.635
 91 176 23 06 30   0.137   0.710  -1.476   1.644
 91 176 23 07 30   0.219   0.693  -1.479   1.649
 91 176 23 08 30   0.089   0.708  -1.479   1.642
 91 176 23 09 30   0.124   0.704  -1.482   1.646
 91 176 23 10 30   0.118   0.719  -1.472   1.643
 91 176 23 11 30   0.075   0.644  -1.497   1.632
 91 176 23 12 30   0.071   0.606  -1.508   1.628
 91 176 23 13 30   0.062   0.502  -1.532   1.617
 91 176 23 14 30   0.052   0.503  -1.535   1.618
 91 176 23 15 30   0.034   0.520  -1.534   1.624
 91 176 23 16 30  -0.078   0.698  -1.464   1.626
 91 176 23 17 30  -0.121   0.657  -1.491   1.635
 91 176 23 18 30  -0.131   0.587  -1.518   1.634
 91 176 23 19 30  -0.096   0.559  -1.520   1.624
 91 176 23 20 30   0.032   0.620  -1.495   1.622
 91 176 23 21 30   0.023   0.551  -1.530   1.629
 91 176 23 22 30  -0.035   0.436  -1.571   1.632
 91 176 23 23 30  -0.036   0.427  -1.570   1.629
 91 176 23 24 30   0.096   0.370  -1.579   1.626
 91 176 23 25 30   0.122   0.243  -1.601   1.625
 91 176 23 26 30   0.086   0.143  -1.610   1.620
 91 176 23 27 30  -0.006   0.137  -1.613   1.620
 91 176 23 28 30  -0.015   0.183  -1.601   1.615
 91 176 23 29 30  -0.267   0.564  -1.485   1.632
 91 176 23 30 30  -0.282   0.710  -1.427   1.620
 91 176 23 31 30  -0.285   0.608  -1.467   1.616
 91 176 23 32 30  -0.251   0.527  -1.507   1.619
 91 176 23 33 30  -0.286   0.449  -1.539   1.630
 91 176 23 34 30  -0.332   0.446  -1.537   1.635
 91 176 23 36 30  -0.305   0.536  -1.481   1.604
 91 176 23 37 30  -0.304   0.542  -1.481   1.609
 91 176 23 38 30  -0.337   0.507  -1.463   1.589
 91 176 23 39 30  -0.285   0.495  -1.488   1.594
 91 176 23 40 30  -0.297   0.655  -1.455   1.628
 91 176 23 41 30  -0.281   0.472  -1.475   1.578
 91 176 23 42 30  -0.328   0.593  -1.442   1.594
 91 176 23 43 30  -0.231   0.463  -1.481   1.574
 91 176 23 44 30  -0.289   0.517  -1.467   1.586
 91 176 23 45 30  -0.269   0.481  -1.485   1.586
 91 176 23 46 30  -0.217   0.507  -1.480   1.585
 91 176 23 47 30  -0.289   0.436  -1.496   1.586
 91 176 23 48 30  -0.327   0.644  -1.415   1.604
 91 176 23 49 30  -0.461   0.867  -1.321   1.647
 91 176 23 50 30  -0.509   0.880  -1.312   1.662
 91 176 23 51 30  -0.408   0.609  -1.465   1.652
 91 176 23 52 30  -0.491   0.524  -1.488   1.659
 91 176 23 53 30  -0.571   0.618  -1.423   1.656
 91 176 23 54 30  -0.447   0.471  -1.501   1.641
 91 176 23 55 30  -0.499   0.525  -1.484   1.654
 91 176 23 56 30  -0.497   0.487  -1.493   1.649
 91 176 23 57 30  -0.439   0.502  -1.516   1.658
 91 176 23 58 30  -0.472   0.514  -1.522   1.676
 91 176 23 59 30  -0.433   0.504  -1.547   1.685
