 91 180 00 00 30  -0.555  -0.577  -0.318   0.862
 91 180 00 01 30  -0.557  -0.572  -0.320   0.860
 91 180 00 02 30  -0.559  -0.570  -0.323   0.861
 91 180 00 03 30  -0.500  -0.659  -0.269   0.871
 91 180 00 04 30  -0.505  -0.652  -0.282   0.872
 91 180 00 05 30  -0.511  -0.637  -0.297   0.869
 91 180 00 06 30  -0.496  -0.647  -0.299   0.868
 91 180 00 07 30  -0.475  -0.664  -0.285   0.865
 91 180 00 08 30  -0.470  -0.678  -0.262   0.866
 91 180 00 09 30  -0.478  -0.665  -0.278   0.866
 91 180 00 10 30  -0.507  -0.641  -0.293   0.868
 91 180 00 11 30  -0.495  -0.652  -0.289   0.869
 91 180 00 12 30  -0.504  -0.609  -0.294   0.844
 91 180 00 13 30  -0.507  -0.564  -0.300   0.816
 91 180 00 14 30  -0.502  -0.538  -0.313   0.801
 91 180 00 15 30  -0.464  -0.555  -0.286   0.778
 91 180 00 16 30  -0.501  -0.537  -0.311   0.798
 91 180 00 17 30  -0.485  -0.569  -0.292   0.806
 91 180 00 18 30  -0.541  -0.544  -0.343   0.842
 91 180 00 19 30  -0.580  -0.430  -0.398   0.826
 91 180 00 20 30  -0.550  -0.443  -0.403   0.814
 91 180 00 21 30  -0.545  -0.454  -0.419   0.824
 91 180 00 22 30  -0.517  -0.529  -0.366   0.826
 91 180 00 23 30  -0.560  -0.471  -0.403   0.836
 91 180 00 24 30  -0.591  -0.439  -0.419   0.847
 91 180 00 25 30  -0.594  -0.397  -0.413   0.826
 91 180 00 26 30  -0.557  -0.495  -0.346   0.829
 91 180 00 27 30  -0.525  -0.545  -0.329   0.826
 91 180 00 28 30  -0.508  -0.557  -0.317   0.818
 91 180 00 29 30  -0.506  -0.560  -0.305   0.814
 91 180 00 30 30  -0.514  -0.510  -0.322   0.795
 91 180 00 31 30  -0.551  -0.435  -0.374   0.795
 91 180 00 32 30  -0.548  -0.459  -0.343   0.793
 91 180 00 33 30  -0.526  -0.490  -0.316   0.788
 91 180 00 34 30  -0.513  -0.487  -0.323   0.779
 91 180 00 35 30  -0.523  -0.431  -0.361   0.768
 91 180 00 36 30  -0.454  -0.490  -0.310   0.752
 91 180 00 37 30  -0.104  -0.741   0.040   0.768
 91 180 00 38 30  -0.111  -0.749   0.062   0.764
 91 180 00 39 30  -0.159  -0.704  -0.059   0.752
 91 180 00 40 30   0.098  -0.715   0.185   0.746
 91 180 00 41 30   0.003  -0.737   0.144   0.752
 91 180 00 42 30   0.046  -0.717   0.140   0.732
 91 180 00 43 30  -0.024  -0.734   0.090   0.741
 91 180 00 44 30   0.023  -0.729   0.115   0.739
 91 180 00 45 30   0.052  -0.709   0.144   0.726
 91 180 00 46 30   0.117  -0.700   0.186   0.737
 91 180 00 47 30   0.169  -0.696   0.252   0.761
 91 180 00 48 30   0.104  -0.706   0.204   0.744
 91 180 00 49 30   0.119  -0.712   0.230   0.758
 91 180 00 50 30   0.131  -0.678   0.270   0.743
 91 180 00 51 30   0.159  -0.660   0.305   0.745
 91 180 00 52 30   0.197  -0.657   0.303   0.750
 91 180 00 53 30   0.178  -0.653   0.314   0.747
 91 180 00 54 30   0.146  -0.658   0.291   0.735
 91 180 00 55 30   0.100  -0.641   0.320   0.724
 91 180 00 56 30   0.144  -0.620   0.366   0.735
 91 180 00 57 30   0.162  -0.603   0.392   0.738
 91 180 00 58 30   0.228  -0.569   0.424   0.748
 91 180 00 59 30   0.297  -0.510   0.452   0.745
 91 180 01 00 30   0.349  -0.470   0.446   0.737
 91 180 01 01 30   0.382  -0.477   0.418   0.742
 91 180 01 02 30   0.380  -0.469   0.440   0.748
 91 180 01 03 30   0.346  -0.495   0.446   0.751
 91 180 01 04 30   0.327  -0.507   0.444   0.749
 91 180 01 05 30   0.325  -0.492   0.448   0.741
 91 180 01 06 30   0.318  -0.431   0.505   0.739
 91 180 01 07 30   0.300  -0.433   0.515   0.737
 91 180 01 08 30   0.304  -0.405   0.543   0.743
 91 180 01 09 30   0.319  -0.400   0.549   0.751
 91 180 01 10 30   0.320  -0.367   0.582   0.759
 91 180 01 11 30   0.318  -0.372   0.569   0.751
 91 180 01 12 30   0.337  -0.328   0.583   0.751
 91 180 01 13 30   0.304  -0.376   0.572   0.749
 91 180 01 14 30   0.314  -0.393   0.560   0.753
 91 180 01 15 30   0.322  -0.396   0.552   0.752
 91 180 01 16 30   0.334  -0.392   0.543   0.749
 91 180 01 17 30   0.342  -0.400   0.533   0.750
 91 180 01 18 30   0.340  -0.432   0.510   0.751
 91 180 01 19 30   0.326  -0.425   0.513   0.742
 91 180 01 20 30   0.332  -0.199   0.588   0.738
 91 180 01 21 30   0.356   0.282   0.559   0.725
 91 180 01 22 30   0.357   0.168   0.629   0.744
 91 180 01 23 30   0.327   0.120   0.654   0.741
 91 180 01 24 30   0.320   0.181   0.639   0.737
 91 180 01 25 30   0.320   0.218   0.619   0.730
 91 180 01 26 30   0.328   0.203   0.614   0.726
 91 180 01 27 30   0.315   0.221   0.618   0.729
 91 180 01 28 30   0.296   0.246   0.621   0.731
 91 180 01 29 30   0.281   0.279   0.610   0.728
 91 180 01 30 30   0.284   0.235   0.623   0.725
 91 180 01 31 30   0.296   0.245   0.614   0.724
 91 180 01 32 30   0.309   0.280   0.585   0.718
 91 180 01 33 30   0.306   0.266   0.591   0.717
 91 180 01 34 30   0.295   0.257   0.596   0.714
 91 180 01 35 30   0.290   0.257   0.608   0.721
 91 180 01 36 30   0.316   0.217   0.615   0.727
 91 180 01 37 30   0.342   0.208   0.608   0.729
 91 180 01 38 30   0.372   0.216   0.586   0.728
 91 180 01 39 30   0.381   0.216   0.574   0.723
 91 180 01 40 30   0.392   0.226   0.560   0.720
 91 180 01 41 30   0.369   0.258   0.569   0.726
 91 180 01 42 30   0.327   0.258   0.597   0.729
 91 180 01 43 30   0.346   0.271   0.586   0.733
 91 180 01 44 30   0.350   0.265   0.580   0.728
 91 180 01 45 30   0.335   0.276   0.579   0.723
 91 180 01 46 30   0.312   0.274   0.589   0.722
 91 180 01 47 30   0.312   0.299   0.587   0.729
 91 180 01 48 30   0.305   0.290   0.604   0.736
 91 180 01 49 30   0.340   0.316   0.572   0.737
 91 180 01 50 30   0.326   0.316   0.582   0.739
 91 180 01 51 30   0.303   0.321   0.595   0.741
 91 180 01 52 30   0.299   0.345   0.585   0.743
 91 180 01 53 30   0.308   0.339   0.579   0.738
 91 180 01 54 30   0.308   0.291   0.597   0.732
 91 180 01 55 30   0.330   0.248   0.619   0.744
 91 180 01 56 30   0.314   0.283   0.634   0.764
 91 180 01 57 30   0.333   0.240   0.638   0.760
 91 180 01 58 30   0.325   0.238   0.619   0.740
 91 180 01 59 30   0.303   0.310   0.621   0.757
 91 180 02 00 30   0.340   0.299   0.614   0.763
 91 180 02 01 30   0.312   0.318   0.594   0.743
 91 180 02 02 30   0.308   0.300   0.591   0.732
 91 180 02 03 30   0.268   0.353   0.576   0.727
 91 180 02 04 30   0.299   0.337   0.564   0.723
 91 180 02 05 30   0.308   0.240   0.612   0.727
 91 180 02 06 30   0.314   0.216   0.621   0.729
 91 180 02 07 30   0.356   0.216   0.557   0.702
 91 180 02 08 30   0.324   0.055   0.602   0.690
 91 180 02 09 30   0.373   0.087   0.568   0.692
 91 180 02 10 30   0.402   0.056   0.560   0.696
 91 180 02 11 30   0.377   0.134   0.560   0.689
 91 180 02 12 30   0.389   0.116   0.553   0.687
 91 180 02 13 30   0.312   0.252   0.557   0.691
 91 180 02 14 30   0.301   0.256   0.607   0.725
 91 180 02 15 30   0.310   0.248   0.574   0.699
 91 180 02 16 30   0.353   0.235   0.555   0.702
 91 180 02 17 30   0.379   0.189   0.550   0.696
 91 180 02 18 30   0.372   0.171   0.566   0.700
 91 180 02 19 30   0.380   0.140   0.560   0.691
 91 180 02 20 30   0.376   0.099   0.547   0.672
 91 180 02 21 30   0.393   0.092   0.536   0.673
 91 180 02 22 30   0.410   0.091   0.525   0.673
 91 180 02 23 30   0.415   0.072   0.512   0.665
 91 180 02 24 30   0.426   0.072   0.495   0.658
 91 180 02 25 30   0.432   0.048   0.485   0.652
 91 180 02 26 30   0.412   0.011   0.502   0.650
 91 180 02 27 30   0.414   0.000   0.503   0.653
 91 180 02 28 30   0.415  -0.016   0.515   0.662
 91 180 02 29 30   0.405  -0.059   0.523   0.665
 91 180 02 30 30   0.413  -0.079   0.508   0.661
 91 180 02 31 30   0.354  -0.107   0.525   0.646
 91 180 02 32 30   0.375  -0.110   0.512   0.645
 91 180 02 33 30   0.356  -0.105   0.536   0.655
 91 180 02 34 30   0.385  -0.089   0.523   0.661
 91 180 02 35 30   0.438   0.014   0.494   0.662
 91 180 02 36 30   0.435   0.244   0.454   0.679
 91 180 02 37 30   0.453   0.155   0.445   0.655
 91 180 02 38 30   0.463   0.184   0.449   0.672
 91 180 02 39 30   0.486   0.194   0.422   0.673
 91 180 02 40 30   0.491   0.111   0.446   0.674
 91 180 02 41 30   0.501   0.035   0.454   0.679
 91 180 02 42 30   0.483  -0.177   0.400   0.655
 91 180 02 43 30   0.471  -0.130   0.445   0.661
 91 180 02 44 30   0.461  -0.099   0.471   0.668
 91 180 02 45 30   0.459  -0.089   0.481   0.673
 91 180 02 46 30   0.472  -0.080   0.483   0.681
 91 180 02 47 30   0.478  -0.080   0.486   0.686
 91 180 02 48 30   0.444  -0.048   0.529   0.693
 91 180 02 49 30   0.420  -0.022   0.547   0.690
 91 180 02 50 30   0.423  -0.001   0.540   0.686
 91 180 02 51 30   0.414   0.006   0.560   0.697
 91 180 02 52 30   0.465  -0.028   0.530   0.706
 91 180 02 53 30   0.476  -0.014   0.519   0.704
 91 180 02 54 30   0.442   0.010   0.529   0.691
 91 180 02 55 30   0.480  -0.028   0.490   0.688
 91 180 02 56 30   0.482  -0.028   0.494   0.691
 91 180 02 57 30   0.448   0.009   0.547   0.710
 91 180 02 58 30   0.432   0.024   0.579   0.724
 91 180 02 59 30   0.418   0.021   0.577   0.713
 91 180 03 00 30   0.397   0.065   0.571   0.699
 91 180 03 01 30   0.394   0.110   0.563   0.696
 91 180 03 02 30   0.411   0.061   0.540   0.682
 91 180 03 03 30   0.408   0.072   0.538   0.679
 91 180 03 04 30   0.401   0.070   0.548   0.684
 91 180 03 05 30   0.396   0.049   0.553   0.682
 91 180 03 06 30   0.355   0.131   0.557   0.676
 91 180 03 07 30   0.388   0.089   0.544   0.675
 91 180 03 08 30   0.389   0.074   0.567   0.699
 91 180 03 09 30   0.379   0.059   0.576   0.692
 91 180 03 10 30   0.406   0.091   0.551   0.692
 91 180 03 11 30   0.368   0.091   0.564   0.681
 91 180 03 12 30   0.349   0.094   0.597   0.699
 91 180 03 13 30   0.377   0.106   0.601   0.718
 91 180 03 14 30   0.365   0.110   0.594   0.707
 91 180 03 15 30   0.372   0.114   0.592   0.709
 91 180 03 16 30   0.369   0.112   0.609   0.721
 91 180 03 19 30   0.389   0.091   0.594   0.716
 91 180 03 20 30   0.383   0.117   0.595   0.717
 91 180 03 21 30   0.393   0.109   0.587   0.716
 91 180 03 22 30   0.387   0.134   0.574   0.706
 91 180 03 23 30   0.393   0.130   0.581   0.714
 91 180 03 24 30   0.410   0.126   0.563   0.708
 91 180 03 25 30   0.392   0.139   0.578   0.713
 91 180 03 26 30   0.392   0.139   0.557   0.696
 91 180 03 27 30   0.397   0.138   0.545   0.689
 91 180 03 28 30   0.375   0.156   0.561   0.693
 91 180 03 29 30   0.385   0.117   0.578   0.705
 91 180 03 30 30   0.383   0.092   0.592   0.711
 91 180 03 31 30   0.404   0.123   0.569   0.710
 91 180 03 32 30   0.426   0.167   0.530   0.701
 91 180 03 33 30   0.429   0.159   0.541   0.709
 91 180 03 34 30   0.416   0.152   0.549   0.705
 91 180 03 35 30   0.430   0.181   0.551   0.724
 91 180 03 36 30   0.435   0.236   0.526   0.722
 91 180 03 37 30   0.427   0.245   0.548   0.737
 91 180 03 38 30   0.453   0.246   0.503   0.721
 91 180 03 39 30   0.462   0.238   0.505   0.725
 91 180 03 40 30   0.462   0.246   0.506   0.729
 91 180 03 41 30   0.499   0.246   0.459   0.721
 91 180 03 42 30   0.521   0.246   0.460   0.738
 91 180 03 43 30   0.528   0.230   0.469   0.743
 91 180 03 44 30   0.532   0.216   0.474   0.745
 91 180 03 45 30   0.500   0.233   0.487   0.736
 91 180 03 46 30   0.474   0.235   0.501   0.729
 91 180 03 47 30   0.449   0.222   0.508   0.713
 91 180 03 48 30   0.460   0.226   0.520   0.730
 91 180 03 49 30   0.477   0.222   0.526   0.744
 91 180 03 50 30   0.514   0.205   0.531   0.767
 91 180 03 51 30   0.512   0.213   0.539   0.773
 91 180 03 52 30   0.489   0.211   0.541   0.760
 91 180 03 53 30   0.506   0.208   0.536   0.767
 91 180 03 54 30   0.492   0.195   0.524   0.745
 91 180 03 55 30   0.486   0.190   0.521   0.737
 91 180 03 56 30   0.497   0.193   0.505   0.735
 91 180 03 57 30   0.511   0.202   0.485   0.733
 91 180 03 58 30   0.491   0.190   0.514   0.737
 91 180 03 59 30   0.498   0.183   0.503   0.731
 91 180 04 00 30   0.505   0.203   0.496   0.737
 91 180 04 01 30   0.513   0.212   0.493   0.742
 91 180 04 02 30   0.509   0.213   0.501   0.745
 91 180 04 03 30   0.511   0.222   0.497   0.746
 91 180 04 04 30   0.508   0.218   0.507   0.750
 91 180 04 05 30   0.518   0.209   0.485   0.740
 91 180 04 06 30   0.533   0.204   0.463   0.735
 91 180 04 07 30   0.527   0.180   0.472   0.730
 91 180 04 08 30   0.549   0.156   0.456   0.731
 91 180 04 09 30   0.534   0.194   0.468   0.736
 91 180 04 10 30   0.528   0.198   0.479   0.740
 91 180 04 11 30   0.505   0.198   0.493   0.733
 91 180 04 12 30   0.494   0.191   0.511   0.736
 91 180 04 13 30   0.467   0.209   0.526   0.734
 91 180 04 14 30   0.470   0.236   0.504   0.728
 91 180 04 15 30   0.463   0.238   0.487   0.714
 91 180 04 16 30   0.457   0.228   0.475   0.698
 91 180 04 17 30   0.469   0.218   0.466   0.697
 91 180 04 18 30   0.465   0.189   0.501   0.709
 91 180 04 19 30   0.481   0.167   0.484   0.704
 91 180 04 20 30   0.454   0.162   0.462   0.669
 91 180 04 21 30   0.462   0.162   0.484   0.689
 91 180 04 22 30   0.445   0.149   0.501   0.687
 91 180 04 23 30   0.422   0.247   0.437   0.673
 91 180 04 24 30   0.246   0.440   0.459   0.682
 91 180 04 25 30   0.222   0.491   0.434   0.693
 91 180 04 26 30   0.206   0.357   0.564   0.702
 91 180 04 27 30   0.187   0.381   0.550   0.696
 91 180 04 28 30   0.178   0.480   0.476   0.700
 91 180 04 29 30   0.194   0.486   0.468   0.703
 91 180 04 30 30   0.217   0.483   0.449   0.697
 91 180 04 31 30   0.242   0.435   0.490   0.699
 91 180 04 32 30   0.250   0.403   0.507   0.695
 91 180 04 33 30   0.240   0.363   0.556   0.707
 91 180 04 34 30   0.258   0.370   0.550   0.711
 91 180 04 35 30   0.211   0.373   0.559   0.706
 91 180 04 36 30   0.285   0.321   0.565   0.710
 91 180 04 37 30   0.293   0.328   0.557   0.710
 91 180 04 38 30   0.255   0.347   0.553   0.702
 91 180 04 39 30   0.199   0.386   0.549   0.700
 91 180 04 40 30   0.243   0.386   0.519   0.692
 91 180 04 41 30   0.304   0.339   0.534   0.707
 91 180 04 42 30   0.384   0.263   0.556   0.727
 91 180 04 43 30   0.312   0.348   0.534   0.710
 91 180 04 44 30   0.330   0.319   0.560   0.725
 91 180 04 45 30   0.346   0.308   0.563   0.729
 91 180 04 46 30   0.372   0.278   0.558   0.726
 91 180 04 47 30   0.365   0.265   0.556   0.716
 91 180 04 48 30   0.354   0.280   0.554   0.715
 91 180 04 49 30   0.314   0.301   0.557   0.707
 91 180 04 50 30   0.325   0.279   0.555   0.702
 91 180 04 51 30   0.347   0.280   0.550   0.708
 91 180 04 52 30   0.349   0.283   0.553   0.713
 91 180 04 53 30   0.371   0.290   0.546   0.721
 91 180 04 54 30   0.377   0.299   0.542   0.725
 91 180 04 55 30   0.362   0.325   0.538   0.726
 91 180 04 56 30   0.360   0.326   0.538   0.725
 91 180 04 57 30   0.384   0.286   0.551   0.731
 91 180 04 58 30   0.421   0.205   0.539   0.714
 91 180 04 59 30   0.421   0.228   0.547   0.728
 91 180 05 00 30   0.397   0.268   0.555   0.733
 91 180 05 01 30   0.388   0.279   0.554   0.732
 91 180 05 02 30   0.387   0.270   0.554   0.728
 91 180 05 03 30   0.388   0.280   0.550   0.729
 91 180 05 04 30   0.362   0.319   0.553   0.735
 91 180 05 05 30   0.367   0.308   0.556   0.734
 91 180 05 06 30   0.359   0.314   0.562   0.738
 91 180 05 07 30   0.376   0.318   0.552   0.740
 91 180 05 08 30   0.354   0.329   0.555   0.736
 91 180 05 09 30   0.364   0.320   0.543   0.729
 91 180 05 10 30   0.352   0.343   0.518   0.717
 91 180 05 11 30   0.306   0.410   0.487   0.707
 91 180 05 12 30   0.339   0.355   0.513   0.710
 91 180 05 13 30   0.350   0.340   0.512   0.708
 91 180 05 14 30   0.381   0.310   0.523   0.719
 91 180 05 15 30   0.406   0.289   0.522   0.722
 91 180 05 16 30   0.401   0.274   0.532   0.720
 91 180 05 17 30   0.403   0.282   0.527   0.722
 91 180 05 18 30   0.438   0.187   0.554   0.731
 91 180 05 19 30   0.381   0.289   0.526   0.718
 91 180 05 20 30   0.313   0.400   0.508   0.720
 91 180 05 21 30   0.327   0.340   0.546   0.722
 91 180 05 22 30   0.341   0.317   0.554   0.724
 91 180 05 23 30   0.330   0.319   0.546   0.714
 91 180 05 24 30   0.353   0.305   0.550   0.721
 91 180 05 25 30   0.357   0.291   0.557   0.723
 91 180 05 26 30   0.370   0.317   0.541   0.728
 91 180 05 27 30   0.368   0.305   0.551   0.730
 91 180 05 28 30   0.371   0.308   0.554   0.735
 91 180 05 29 30   0.382   0.300   0.557   0.739
 91 180 05 30 30   0.384   0.290   0.559   0.738
 91 180 05 31 30   0.376   0.296   0.562   0.738
 91 180 05 32 30   0.379   0.298   0.549   0.730
 91 180 05 33 30   0.364   0.319   0.548   0.731
 91 180 05 34 30   0.374   0.283   0.545   0.719
 91 180 05 35 30   0.376   0.287   0.534   0.714
 91 180 05 36 30   0.371   0.267   0.560   0.723
 91 180 05 37 30   0.375   0.247   0.584   0.737
 91 180 05 38 30   0.374   0.226   0.583   0.729
 91 180 05 39 30   0.371   0.189   0.593   0.724
 91 180 05 40 30   0.371   0.204   0.581   0.719
 91 180 05 41 30   0.364   0.221   0.578   0.718
 91 180 05 42 30   0.370   0.232   0.561   0.711
 91 180 05 43 30   0.353   0.233   0.571   0.711
 91 180 05 44 30   0.344   0.277   0.566   0.718
 91 180 05 45 30   0.334   0.257   0.576   0.714
 91 180 05 46 30   0.329   0.250   0.576   0.709
 91 180 05 47 30   0.318   0.269   0.582   0.716
 91 180 05 48 30   0.303   0.284   0.592   0.723
 91 180 05 49 30   0.290   0.283   0.602   0.726
 91 180 05 50 30   0.307   0.274   0.601   0.728
 91 180 05 51 30   0.320   0.268   0.600   0.731
 91 180 05 52 30   0.326   0.244   0.595   0.721
 91 180 05 53 30   0.325   0.239   0.587   0.713
 91 180 05 54 30   0.319   0.219   0.584   0.701
 91 180 05 55 30   0.338   0.216   0.587   0.712
 91 180 05 56 30   0.331   0.201   0.604   0.718
 91 180 05 57 30   0.320   0.150   0.620   0.714
 91 180 05 58 30   0.306   0.184   0.598   0.696
 91 180 05 59 30   0.298   0.192   0.602   0.699
 91 180 06 00 30   0.297   0.168   0.617   0.705
 91 180 06 01 30   0.294   0.177   0.615   0.704
 91 180 06 02 30   0.289   0.171   0.618   0.704
 91 180 06 03 30   0.291   0.169   0.642   0.725
 91 180 06 04 30   0.299   0.144   0.641   0.722
 91 180 06 05 30   0.300   0.180   0.643   0.732
 91 180 06 06 30   0.320   0.183   0.655   0.752
 91 180 06 07 30   0.342   0.198   0.653   0.764
 91 180 06 08 30   0.352   0.255   0.629   0.764
 91 180 06 09 30   0.372   0.276   0.606   0.764
 91 180 06 10 30   0.361   0.232   0.632   0.765
 91 180 06 11 30   0.331   0.211   0.657   0.766
 91 180 06 12 30   0.336   0.222   0.654   0.770
 91 180 06 13 30   0.369   0.225   0.633   0.767
 91 180 06 14 30   0.328   0.197   0.652   0.756
 91 180 06 15 30   0.346   0.225   0.624   0.749
 91 180 06 16 30   0.359   0.258   0.623   0.765
 91 180 06 17 30   0.378   0.244   0.612   0.760
 91 180 06 18 30   0.383   0.272   0.588   0.753
 91 180 06 19 30   0.389   0.257   0.586   0.749
 91 180 06 20 30   0.371   0.270   0.602   0.758
 91 180 06 21 30   0.373   0.228   0.623   0.762
 91 180 06 22 30   0.366   0.237   0.633   0.769
 91 180 06 23 30   0.366   0.223   0.643   0.773
 91 180 06 24 30   0.349   0.202   0.614   0.735
 91 180 06 25 30   0.356   0.211   0.622   0.747
 91 180 06 26 30   0.353   0.201   0.631   0.751
 91 180 06 27 30   0.351   0.225   0.618   0.747
 91 180 06 28 30   0.339   0.228   0.616   0.741
 91 180 06 29 30   0.350   0.200   0.602   0.726
 91 180 06 30 30   0.321   0.210   0.615   0.726
 91 180 06 31 30   0.329   0.210   0.607   0.723
 91 180 06 32 30   0.337   0.214   0.600   0.721
 91 180 06 33 30   0.334   0.195   0.624   0.734
 91 180 06 34 30   0.341   0.205   0.635   0.749
 91 180 06 35 30   0.356   0.224   0.624   0.753
 91 180 06 36 30   0.368   0.199   0.639   0.764
 91 180 06 37 30   0.345   0.198   0.630   0.745
 91 180 06 38 30   0.335   0.203   0.627   0.740
 91 180 06 39 30   0.362   0.214   0.613   0.743
 91 180 06 40 30   0.366   0.205   0.593   0.727
 91 180 06 41 30   0.345   0.181   0.600   0.715
 91 180 06 42 30   0.338   0.195   0.597   0.713
 91 180 06 43 30   0.330   0.200   0.591   0.707
 91 180 06 44 30   0.333   0.181   0.597   0.707
 91 180 06 45 30   0.333   0.184   0.600   0.711
 91 180 06 46 30   0.368   0.203   0.579   0.716
 91 180 06 47 30   0.364   0.225   0.579   0.720
 91 180 06 48 30   0.375   0.226   0.577   0.724
 91 180 06 49 30   0.373   0.225   0.584   0.729
 91 180 06 50 30   0.376   0.240   0.576   0.728
 91 180 06 51 30   0.380   0.247   0.587   0.742
 91 180 06 52 30   0.392   0.237   0.597   0.753
 91 180 06 53 30   0.371   0.241   0.615   0.758
 91 180 06 54 30   0.430   0.279   0.545   0.749
 91 180 06 55 30   0.426   0.259   0.558   0.749
 91 180 06 56 30   0.426   0.276   0.546   0.746
 91 180 06 57 30   0.412   0.274   0.566   0.752
 91 180 06 58 30   0.410   0.275   0.561   0.748
 91 180 06 59 30   0.398   0.276   0.573   0.751
 91 180 07 00 30   0.386   0.272   0.574   0.744
 91 180 07 01 30   0.401   0.271   0.570   0.748
 91 180 07 02 30   0.395   0.259   0.566   0.737
 91 180 07 03 30   0.402   0.262   0.546   0.727
 91 180 07 04 30   0.408   0.297   0.471   0.691
 91 180 07 05 30   0.434   0.315   0.442   0.695
 91 180 07 06 30   0.434   0.295   0.443   0.687
 91 180 07 07 30   0.441   0.274   0.457   0.691
 91 180 07 08 30   0.418   0.242   0.502   0.697
 91 180 07 09 30   0.431   0.230   0.508   0.705
 91 180 07 10 30   0.415   0.223   0.525   0.706
 91 180 07 11 30   0.408   0.212   0.505   0.683
 91 180 07 12 30   0.417   0.273   0.468   0.684
 91 180 07 13 30   0.430   0.323   0.430   0.690
 91 180 07 14 30   0.447   0.333   0.419   0.697
 91 180 07 15 30   0.458   0.361   0.362   0.693
 91 180 07 16 30   0.461   0.447   0.226   0.685
 91 180 07 17 30   0.450   0.421   0.299   0.686
 91 180 07 18 30   0.459   0.342   0.351   0.673
 91 180 07 19 30   0.449   0.372   0.333   0.672
 91 180 07 20 30   0.445   0.379   0.334   0.674
 91 180 07 21 30   0.438   0.375   0.335   0.667
 91 180 07 22 30   0.451   0.386   0.295   0.665
 91 180 07 23 30   0.441   0.394   0.281   0.659
 91 180 07 24 30   0.456   0.446   0.201   0.670
 91 180 07 25 30   0.438   0.452   0.234   0.672
 91 180 07 26 30   0.436   0.440   0.269   0.676
 91 180 07 27 30   0.447   0.452   0.235   0.678
 91 180 07 28 30   0.454   0.449   0.221   0.676
 91 180 07 29 30   0.443   0.462   0.208   0.674
 91 180 07 30 30   0.451   0.452   0.214   0.674
 91 180 07 31 30   0.455   0.456   0.206   0.677
 91 180 07 32 30   0.452   0.440   0.249   0.678
 91 180 07 33 30   0.446   0.440   0.260   0.679
 91 180 07 34 30   0.491   0.395   0.244   0.676
 91 180 07 35 30   0.478   0.413   0.250   0.680
 91 180 07 36 30   0.480   0.399   0.274   0.682
 91 180 07 37 30   0.497   0.363   0.303   0.687
 91 180 07 38 30   0.460   0.447   0.267   0.695
 91 180 07 39 30   0.464   0.432   0.285   0.695
 91 180 07 40 30   0.469   0.412   0.304   0.695
 91 180 07 41 30   0.454   0.385   0.341   0.687
 91 180 07 42 30   0.438   0.396   0.342   0.683
 91 180 07 43 30   0.406   0.342   0.422   0.679
 91 180 07 44 30   0.435   0.359   0.372   0.676
 91 180 07 45 30   0.475   0.354   0.322   0.674
 91 180 07 46 30   0.452   0.356   0.358   0.678
 91 180 07 47 30   0.429   0.322   0.402   0.671
 91 180 07 48 30   0.407   0.317   0.431   0.673
 91 180 07 49 30   0.412   0.310   0.431   0.672
 91 180 07 50 30   0.403   0.286   0.453   0.671
 91 180 07 51 30   0.399   0.250   0.486   0.678
 91 180 07 52 30   0.417   0.247   0.466   0.675
 91 180 07 53 30   0.469   0.281   0.422   0.690
 91 180 07 54 30   0.460   0.278   0.402   0.671
 91 180 07 55 30   0.455   0.275   0.428   0.683
 91 180 07 56 30   0.446   0.264   0.438   0.679
 91 180 07 57 30   0.441   0.267   0.431   0.672
 91 180 07 58 30   0.452   0.252   0.433   0.675
 91 180 07 59 30   0.439   0.232   0.448   0.670
 91 180 08 00 30   0.437   0.261   0.430   0.667
 91 180 08 01 30   0.432   0.221   0.465   0.674
 91 180 08 02 30   0.389   0.249   0.504   0.687
 91 180 08 03 30   0.348   0.208   0.559   0.691
 91 180 08 04 30   0.330   0.172   0.581   0.691
 91 180 08 05 30   0.300   0.149   0.596   0.684
 91 180 08 06 30   0.347   0.177   0.564   0.685
 91 180 08 07 30   0.327   0.190   0.566   0.681
 91 180 08 08 30   0.317   0.176   0.554   0.663
 91 180 08 09 30   0.293   0.148   0.570   0.658
 91 180 08 10 30   0.342   0.183   0.567   0.688
 91 180 08 11 30   0.337   0.179   0.558   0.676
 91 180 08 12 30   0.342   0.177   0.557   0.678
 91 180 08 13 30   0.345   0.188   0.570   0.692
 91 180 08 14 30   0.352   0.187   0.540   0.672
 91 180 08 15 30   0.364   0.189   0.513   0.658
 91 180 08 16 30   0.369   0.185   0.527   0.670
 91 180 08 17 30   0.339   0.218   0.529   0.665
 91 180 08 18 30   0.365   0.236   0.506   0.667
 91 180 08 19 30   0.352   0.213   0.499   0.647
 91 180 08 20 30   0.360   0.211   0.510   0.660
 91 180 08 21 30   0.362   0.213   0.508   0.660
 91 180 08 22 30   0.371   0.236   0.486   0.656
 91 180 08 23 30   0.372   0.222   0.500   0.662
 91 180 08 24 30   0.336   0.211   0.524   0.658
 91 180 08 25 30   0.381   0.191   0.504   0.661
 91 180 08 26 30   0.358   0.213   0.516   0.663
 91 180 08 27 30   0.326   0.202   0.536   0.659
 91 180 08 31 30   0.339   0.208   0.557   0.684
 91 180 08 32 30   0.360   0.201   0.558   0.694
 91 180 08 33 30   0.378   0.207   0.546   0.696
 91 180 08 34 30   0.361   0.190   0.546   0.682
 91 180 08 35 30   0.359   0.187   0.548   0.681
 91 180 08 36 30   0.333   0.174   0.565   0.679
 91 180 08 37 30   0.283   0.169   0.581   0.669
 91 180 08 38 30   0.245   0.185   0.590   0.665
 91 180 08 41 30   0.305   0.182   0.564   0.667
 91 180 08 42 30   0.293   0.199   0.559   0.662
 91 180 08 43 30   0.304   0.205   0.554   0.665
 91 180 08 44 30   0.336   0.188   0.555   0.676
 91 180 08 45 30   0.345   0.189   0.551   0.678
 91 180 08 46 30   0.353   0.218   0.542   0.683
 91 180 08 47 30   0.345   0.240   0.526   0.674
 91 180 08 48 30   0.342   0.259   0.510   0.667
 91 180 08 49 30   0.357   0.216   0.525   0.672
 91 180 08 50 30   0.354   0.215   0.527   0.671
 91 180 08 51 30   0.373   0.197   0.534   0.681
 91 180 08 52 30   0.381   0.199   0.534   0.686
 91 180 08 53 30   0.397   0.226   0.493   0.675
 91 180 08 54 30   0.418   0.267   0.450   0.670
 91 180 08 55 30   0.411   0.283   0.419   0.652
 91 180 08 56 30   0.422   0.294   0.400   0.652
 91 180 08 57 30   0.394   0.282   0.449   0.661
 91 180 08 58 30   0.424   0.270   0.442   0.670
 91 180 08 59 30   0.455   0.250   0.432   0.675
 91 180 09 00 30   0.426   0.267   0.436   0.666
 91 180 09 01 30   0.410   0.267   0.451   0.666
 91 180 09 02 30   0.431   0.360   0.272   0.653
 91 180 09 03 30   0.526   0.387   0.072   0.665
 91 180 09 04 30   0.544   0.359   0.173   0.676
 91 180 09 05 30   0.541   0.323   0.229   0.672
 91 180 09 06 30   0.528   0.320   0.262   0.671
 91 180 09 07 30   0.497   0.337   0.273   0.661
 91 180 09 08 30   0.460   0.311   0.323   0.663
 91 180 09 09 30   0.445   0.161   0.468   0.666
 91 180 09 10 30   0.457   0.195   0.441   0.668
 91 180 09 11 30   0.490   0.216   0.401   0.671
 91 180 09 12 30   0.488   0.295   0.326   0.659
 91 180 09 13 30   0.485   0.310   0.306   0.655
 91 180 09 14 30   0.496   0.269   0.340   0.659
 91 180 09 15 30   0.511   0.304   0.315   0.673
 91 180 09 16 30   0.505   0.262   0.349   0.668
 91 180 09 21 30   0.507   0.248   0.358   0.669
 91 180 09 22 30   0.525   0.249   0.342   0.674
 91 180 09 23 30   0.491   0.231   0.384   0.666
 91 180 09 24 30   0.526   0.228   0.345   0.669
 91 180 09 25 30   0.490   0.253   0.375   0.668
 91 180 09 26 30   0.520   0.251   0.343   0.672
 91 180 09 27 30   0.531   0.232   0.341   0.673
 91 180 09 28 30   0.515   0.229   0.340   0.658
 91 180 09 29 30   0.516   0.239   0.340   0.663
 91 180 09 30 30   0.507   0.243   0.333   0.654
 91 180 09 31 30   0.502   0.239   0.347   0.656
 91 180 09 32 30   0.507   0.235   0.347   0.658
 91 180 09 33 30   0.482   0.230   0.387   0.660
 91 180 09 34 30   0.485   0.227   0.407   0.673
 91 180 09 35 30   0.473   0.227   0.418   0.671
 91 180 09 36 30   0.477   0.216   0.425   0.675
 91 180 09 37 30   0.472   0.232   0.413   0.670
 91 180 09 38 30   0.464   0.238   0.407   0.662
 91 180 09 39 30   0.464   0.222   0.408   0.657
 91 180 09 40 30   0.467   0.213   0.400   0.651
 91 180 09 41 30   0.460   0.196   0.424   0.657
 91 180 09 42 30   0.459   0.178   0.426   0.651
 91 180 09 43 30   0.456   0.207   0.413   0.651
 91 180 09 44 30   0.465   0.252   0.377   0.651
 91 180 09 45 30   0.442   0.237   0.408   0.647
 91 180 09 46 30   0.452   0.201   0.439   0.662
 91 180 09 47 30   0.441   0.226   0.433   0.658
 91 180 09 48 30   0.439   0.212   0.451   0.665
 91 180 09 49 30   0.430   0.194   0.488   0.679
 91 180 09 50 30   0.438   0.175   0.500   0.688
 91 180 09 51 30   0.437   0.155   0.508   0.688
 91 180 09 52 30   0.461   0.128   0.492   0.687
 91 180 09 53 30   0.457   0.077   0.501   0.683
 91 180 09 54 30   0.461   0.080   0.502   0.686
 91 180 09 55 30   0.459   0.083   0.497   0.682
 91 180 09 56 30   0.411   0.135   0.510   0.677
 91 180 09 57 30   0.285   0.219   0.573   0.677
 91 180 09 58 30   0.341   0.175   0.567   0.685
 91 180 09 59 30   0.371   0.214   0.539   0.689
 91 180 10 00 30   0.362   0.210   0.554   0.695
 91 180 10 01 30   0.338   0.209   0.562   0.689
 91 180 10 02 30   0.330   0.237   0.562   0.693
 91 180 10 03 30   0.323   0.249   0.554   0.689
 91 180 10 04 30   0.337   0.244   0.541   0.683
 91 180 10 05 30   0.334   0.244   0.536   0.677
 91 180 10 06 30   0.346   0.243   0.521   0.671
 91 180 10 07 30   0.375   0.224   0.514   0.675
 91 180 10 08 30   0.357   0.245   0.518   0.677
 91 180 10 09 30   0.393   0.193   0.504   0.669
 91 180 10 10 30   0.386   0.215   0.502   0.669
 91 180 10 11 30   0.390   0.211   0.508   0.675
 91 180 10 12 30   0.409   0.209   0.491   0.673
 91 180 10 13 30   0.400   0.190   0.503   0.671
 91 180 10 14 30   0.409   0.184   0.500   0.672
 91 180 10 15 30   0.405   0.220   0.485   0.670
 91 180 10 16 30   0.419   0.253   0.465   0.675
 91 180 10 17 30   0.417   0.255   0.449   0.665
 91 180 10 18 30   0.425   0.201   0.459   0.659
 91 180 10 19 30   0.397   0.207   0.479   0.660
 91 180 10 20 30   0.364   0.295   0.455   0.654
 91 180 10 21 30   0.318   0.335   0.462   0.655
 91 180 10 22 30   0.171   0.394   0.504   0.664
 91 180 10 23 30   0.245   0.351   0.499   0.661
 91 180 10 24 30   0.231   0.367   0.485   0.655
 91 180 10 25 30   0.183   0.385   0.502   0.660
 91 180 10 26 30   0.169   0.378   0.523   0.668
 91 180 10 27 30   0.207   0.366   0.514   0.667
 91 180 10 28 30   0.348   0.262   0.484   0.652
 91 180 10 29 30   0.365   0.267   0.471   0.653
 91 180 10 30 30   0.348   0.259   0.487   0.653
 91 180 10 31 30   0.381   0.238   0.467   0.649
 91 180 10 32 30   0.396   0.203   0.476   0.652
 91 180 10 33 30   0.407   0.203   0.475   0.658
 91 180 10 34 30   0.422   0.182   0.466   0.655
 91 180 10 35 30   0.427   0.172   0.463   0.653
 91 180 10 36 30   0.442   0.170   0.450   0.653
 91 180 10 37 30   0.492   0.169   0.402   0.658
 91 180 10 38 30   0.505   0.139   0.391   0.659
 91 180 10 39 30   0.488   0.117   0.375   0.651
 91 180 10 40 30   0.415   0.215   0.458   0.655
 91 180 10 41 30   0.390   0.208   0.483   0.656
 91 180 10 42 30   0.339   0.281   0.478   0.651
 91 180 10 43 30   0.337   0.280   0.480   0.653
 91 180 10 44 30   0.409   0.196   0.475   0.657
 91 180 10 45 30   0.389   0.199   0.488   0.655
 91 180 10 46 30   0.367   0.209   0.499   0.655
 91 180 10 47 30   0.383   0.190   0.497   0.656
 91 180 10 48 30   0.391   0.178   0.500   0.660
 91 180 10 49 30   0.406   0.144   0.496   0.657
 91 180 10 50 30   0.388   0.153   0.504   0.654
 91 180 10 51 30   0.380   0.153   0.521   0.663
 91 180 10 52 30   0.377   0.160   0.524   0.665
 91 180 10 53 30   0.383   0.162   0.519   0.665
 91 180 10 54 30   0.394   0.156   0.506   0.660
 91 180 10 55 30   0.389   0.179   0.501   0.659
 91 180 10 56 30   0.396   0.158   0.503   0.660
 91 180 10 57 30   0.389   0.123   0.511   0.655
 91 180 10 58 30   0.379   0.163   0.508   0.655
 91 180 10 59 30   0.386   0.154   0.490   0.642
 91 180 11 00 30   0.379   0.143   0.486   0.633
 91 180 11 01 30   0.378   0.155   0.497   0.644
 91 180 11 02 30   0.374   0.123   0.477   0.619
 91 180 11 03 30   0.371   0.162   0.475   0.625
 91 180 11 04 30   0.373   0.166   0.489   0.637
 91 180 11 05 30   0.375   0.171   0.472   0.627
 91 180 11 06 30   0.333   0.166   0.482   0.609
 91 180 11 07 30   0.354   0.199   0.472   0.623
 91 180 11 08 30   0.348   0.215   0.463   0.619
 91 180 11 09 30   0.371   0.170   0.469   0.622
 91 180 11 10 30   0.396   0.145   0.480   0.639
 91 180 11 11 30   0.394   0.136   0.474   0.632
 91 180 11 12 30   0.371   0.171   0.483   0.633
 91 180 11 13 30   0.377   0.163   0.479   0.632
 91 180 11 14 30   0.345   0.200   0.469   0.616
 91 180 11 15 30   0.331   0.187   0.475   0.609
 91 180 11 16 30   0.313   0.216   0.476   0.612
 91 180 11 17 30   0.289   0.254   0.469   0.607
 91 180 11 18 30   0.300   0.258   0.461   0.608
 91 180 11 19 30   0.313   0.269   0.453   0.615
 91 180 11 20 30   0.371   0.124   0.454   0.607
 91 180 11 21 30   0.381   0.093   0.454   0.600
 91 180 11 22 30   0.323   0.237   0.436   0.593
 91 180 11 23 30   0.343   0.231   0.428   0.596
 91 180 11 24 30   0.333   0.205   0.433   0.585
 91 180 11 25 30   0.302   0.222   0.444   0.582
 91 180 11 26 30   0.396   0.140   0.414   0.592
 91 180 11 27 30   0.456   0.052   0.392   0.604
 91 180 11 28 30   0.441   0.084   0.413   0.610
 91 180 11 29 30   0.450   0.084   0.407   0.613
 91 180 11 30 30   0.455   0.058   0.390   0.604
 91 180 11 31 30   0.501  -0.004   0.333   0.602
 91 180 11 32 30   0.504  -0.003   0.328   0.603
 91 180 11 33 30   0.500  -0.003   0.328   0.600
 91 180 11 34 30   0.498  -0.058   0.312   0.591
 91 180 11 35 30   0.371   0.207   0.318   0.589
 91 180 11 36 30   0.348   0.383   0.312   0.608
 91 180 11 37 30   0.354   0.366   0.372   0.631
 91 180 11 38 30   0.335   0.365   0.393   0.633
 91 180 11 39 30   0.335   0.339   0.414   0.631
 91 180 11 40 30   0.359   0.316   0.411   0.631
 91 180 11 41 30   0.384   0.270   0.415   0.627
 91 180 11 42 30   0.376   0.272   0.421   0.627
 91 180 11 43 30   0.354   0.231   0.432   0.605
 91 180 11 44 30   0.384   0.207   0.403   0.595
 91 180 11 45 30   0.394   0.202   0.404   0.601
 91 180 11 46 30   0.439   0.142   0.391   0.606
 91 180 11 47 30   0.464   0.063   0.367   0.597
 91 180 11 48 30   0.488  -0.046   0.342   0.599
 91 180 11 49 30   0.457  -0.066   0.367   0.592
 91 180 11 50 30   0.402   0.163   0.433   0.614
 91 180 11 51 30   0.436   0.174   0.421   0.631
 91 180 11 52 30   0.423   0.162   0.436   0.631
 91 180 11 53 30   0.403   0.157   0.455   0.628
 91 180 11 54 30   0.396   0.182   0.449   0.627
 91 180 11 55 30   0.392   0.212   0.441   0.628
 91 180 11 56 30   0.407   0.237   0.410   0.625
 91 180 11 57 30   0.406   0.216   0.430   0.630
 91 180 11 58 30   0.411   0.138   0.451   0.627
 91 180 11 59 30   0.413   0.202   0.427   0.629
 91 180 12 00 30   0.400   0.174   0.464   0.638
 91 180 12 01 30   0.412   0.179   0.450   0.636
 91 180 12 02 30   0.421   0.153   0.444   0.631
 91 180 12 03 30   0.398   0.182   0.452   0.634
 91 180 12 04 30   0.307   0.290   0.486   0.644
 91 180 12 05 30   0.326   0.275   0.476   0.639
 91 180 12 06 30   0.327   0.250   0.486   0.638
 91 180 12 07 30   0.306   0.239   0.501   0.634
 91 180 12 08 30   0.317   0.226   0.498   0.633
 91 180 12 09 30   0.327   0.195   0.508   0.635
 91 180 12 10 30   0.324   0.205   0.501   0.632
 91 180 12 11 30   0.324   0.247   0.492   0.639
 91 180 12 12 30   0.336   0.249   0.488   0.643
 91 180 12 13 30   0.345   0.233   0.483   0.638
 91 180 12 14 30   0.337   0.241   0.473   0.630
 91 180 12 15 30   0.319   0.207   0.492   0.623
 91 180 12 16 30   0.288   0.247   0.489   0.619
 91 180 12 17 30   0.310   0.194   0.500   0.620
 91 180 12 18 30   0.311   0.128   0.529   0.628
 91 180 12 19 30   0.261   0.023   0.571   0.630
 91 180 12 20 30   0.255   0.022   0.561   0.620
 91 180 12 21 30   0.256   0.063   0.563   0.622
 91 180 12 22 30   0.320   0.085   0.523   0.620
 91 180 12 23 30   0.328   0.101   0.516   0.620
 91 180 12 24 30   0.352   0.111   0.501   0.623
 91 180 12 25 30   0.324   0.156   0.505   0.622
 91 180 12 26 30   0.344   0.196   0.483   0.625
 91 180 12 27 30   0.343   0.186   0.483   0.623
 91 180 12 28 30   0.327   0.110   0.516   0.622
 91 180 12 29 30   0.341   0.079   0.513   0.622
 91 180 12 30 30   0.355   0.014   0.492   0.608
 91 180 12 31 30   0.386   0.058   0.465   0.609
 91 180 12 32 30   0.376   0.017   0.470   0.603
 91 180 12 33 30   0.341   0.042   0.497   0.605
 91 180 12 34 30   0.323   0.046   0.505   0.603
 91 180 12 35 30   0.298   0.086   0.515   0.603
 91 180 12 36 30   0.364   0.060   0.477   0.604
 91 180 12 37 30   0.369   0.030   0.474   0.602
 91 180 12 38 30   0.373   0.076   0.458   0.598
 91 180 12 39 30   0.358   0.122   0.465   0.602
 91 180 12 40 30   0.346   0.127   0.475   0.602
 91 180 12 41 30   0.342   0.041   0.497   0.605
 91 180 12 42 30   0.332   0.105   0.484   0.599
 91 180 12 43 30   0.361   0.083   0.470   0.600
 91 180 12 44 30   0.374   0.036   0.471   0.602
 91 180 12 45 30   0.383   0.055   0.456   0.598
 91 180 12 46 30   0.393   0.096   0.441   0.599
 91 180 12 47 30   0.402   0.051   0.443   0.602
 91 180 12 48 30   0.402   0.065   0.443   0.603
 91 180 12 49 30   0.410   0.112   0.430   0.605
 91 180 12 50 30   0.391   0.112   0.456   0.612
 91 180 12 51 30   0.389   0.105   0.453   0.606
 91 180 12 52 30   0.365   0.094   0.471   0.604
 91 180 12 53 30   0.371   0.093   0.466   0.603
 91 180 12 54 30   0.346   0.081   0.489   0.605
 91 180 12 55 30   0.344   0.051   0.495   0.606
 91 180 12 56 30   0.348   0.045   0.495   0.607
 91 180 12 57 30   0.342   0.045   0.501   0.609
 91 180 12 58 30   0.351   0.042   0.498   0.611
 91 180 12 59 30   0.345   0.008   0.499   0.608
 91 180 13 00 30   0.405   0.209   0.353   0.598
 91 180 13 01 30   0.417   0.345   0.281   0.610
 91 180 13 02 30   0.395   0.325   0.338   0.614
 91 180 13 03 30   0.396   0.332   0.323   0.613
 91 180 13 04 30   0.389   0.321   0.352   0.618
 91 180 13 05 30   0.385   0.197   0.429   0.612
 91 180 13 06 30   0.318   0.051   0.519   0.616
 91 180 13 07 30   0.281   0.072   0.530   0.607
 91 180 13 08 30   0.262   0.064   0.545   0.610
 91 180 13 09 30   0.318  -0.009   0.519   0.612
 91 180 13 10 30   0.339  -0.047   0.488   0.604
 91 180 13 11 30   0.264   0.028   0.551   0.613
 91 180 13 12 30   0.253  -0.158   0.536   0.615
 91 180 13 13 30   0.364  -0.064   0.475   0.609
 91 180 13 14 30   0.395  -0.179   0.418   0.614
 91 180 13 15 30   0.398  -0.300   0.339   0.609
 91 180 13 16 30   0.415  -0.036   0.425   0.609
 91 180 13 17 30   0.409   0.022   0.444   0.610
 91 180 13 18 30   0.337   0.094   0.506   0.618
 91 180 13 19 30   0.376   0.023   0.479   0.612
 91 180 13 20 30   0.382   0.112   0.455   0.610
 91 180 13 22 30   0.414   0.010   0.461   0.621
 91 180 13 23 30   0.452   0.002   0.425   0.622
 91 180 13 24 30   0.453  -0.028   0.420   0.619
 91 180 13 25 30   0.434  -0.028   0.433   0.615
 91 180 13 26 30   0.466  -0.082   0.374   0.613
 91 180 13 27 30   0.336   0.150   0.490   0.614
 91 180 13 28 30   0.288   0.170   0.510   0.612
 91 180 13 29 30   0.324   0.152   0.493   0.610
 91 180 13 30 30   0.301   0.188   0.498   0.612
 91 180 13 31 30   0.286   0.207   0.504   0.615
 91 180 13 32 30   0.301   0.177   0.502   0.611
 91 180 13 33 30   0.297   0.195   0.487   0.603
 91 180 13 34 30   0.314   0.168   0.488   0.605
 91 180 13 35 30   0.348   0.137   0.478   0.607
 91 180 13 36 30   0.343   0.130   0.486   0.609
 91 180 13 37 30   0.339   0.136   0.485   0.607
 91 180 13 38 30   0.356   0.119   0.479   0.609
 91 180 13 39 30   0.380   0.101   0.467   0.610
 91 180 13 40 30   0.382   0.093   0.477   0.619
 91 180 13 41 30   0.453   0.045   0.416   0.617
 91 180 13 42 30   0.478   0.037   0.382   0.613
 91 180 13 43 30   0.477   0.040   0.390   0.618
 91 180 13 44 30   0.446   0.067   0.430   0.623
 91 180 13 45 30   0.390   0.104   0.468   0.619
 91 180 13 46 30   0.369   0.133   0.485   0.624
 91 180 13 47 30   0.343   0.159   0.496   0.624
 91 180 13 48 30   0.354   0.160   0.485   0.621
 91 180 13 49 30   0.377   0.109   0.471   0.615
 91 180 13 50 30   0.347   0.238   0.441   0.613
 91 180 13 51 30   0.303   0.303   0.443   0.617
 91 180 13 52 30   0.292   0.291   0.469   0.625
 91 180 13 53 30   0.281   0.208   0.511   0.623
 91 180 13 54 30   0.323   0.136   0.507   0.619
 91 180 13 55 30   0.252   0.168   0.521   0.612
 91 180 13 56 30   0.274   0.186   0.505   0.612
 91 180 13 57 30   0.377   0.192   0.446   0.615
 91 180 13 58 30   0.352   0.163   0.476   0.616
 91 180 13 59 30   0.305   0.179   0.497   0.610
 91 180 14 00 30   0.337   0.165   0.480   0.610
 91 180 14 01 30   0.357   0.161   0.472   0.614
 91 180 14 02 30   0.309   0.193   0.504   0.622
 91 180 14 03 30   0.283   0.201   0.516   0.623
 91 180 14 04 30   0.263   0.217   0.516   0.622
 91 180 14 05 30   0.296   0.214   0.504   0.623
 91 180 14 06 30   0.302   0.198   0.507   0.623
 91 180 14 07 30   0.301   0.216   0.501   0.623
 91 180 14 08 30   0.303   0.180   0.512   0.626
 91 180 14 09 30   0.296   0.053   0.547   0.625
 91 180 14 10 30   0.283   0.100   0.543   0.622
 91 180 14 11 30   0.279   0.127   0.530   0.613
 91 180 14 12 30   0.235   0.105   0.553   0.611
 91 180 14 13 30   0.256   0.099   0.554   0.619
 91 180 14 14 30   0.259   0.094   0.553   0.619
 91 180 14 15 30   0.273   0.090   0.543   0.615
 91 180 14 16 30   0.268   0.077   0.545   0.613
 91 180 14 17 30   0.354   0.082   0.482   0.607
 91 180 14 18 30   0.449   0.092   0.403   0.612
 91 180 14 19 30   0.460   0.076   0.401   0.615
 91 180 14 20 30   0.359   0.089   0.484   0.611
 91 180 14 21 30   0.336   0.101   0.506   0.616
 91 180 14 22 30   0.312   0.128   0.522   0.622
 91 180 14 23 30   0.322   0.107   0.523   0.624
 91 180 14 24 30   0.317   0.097   0.525   0.621
 91 180 14 25 30   0.322   0.092   0.519   0.619
 91 180 14 26 30   0.297   0.067   0.536   0.618
 91 180 14 27 30   0.302   0.025   0.540   0.620
 91 180 14 28 30   0.318   0.083   0.523   0.620
 91 180 14 29 30   0.330   0.097   0.516   0.620
 91 180 14 30 30   0.319   0.096   0.533   0.629
 91 180 14 31 30   0.287   0.114   0.557   0.637
 91 180 14 32 30   0.300   0.102   0.548   0.634
 91 180 14 33 30   0.304   0.120   0.532   0.625
 91 180 14 34 30   0.273   0.115   0.545   0.621
 91 180 14 35 30   0.283   0.147   0.540   0.628
 91 180 14 36 30   0.285   0.129   0.547   0.632
 91 180 14 37 30   0.303   0.182   0.520   0.631
 91 180 14 38 30   0.353   0.132   0.502   0.628
 91 180 14 39 30   0.325   0.208   0.489   0.623
 91 180 14 40 30   0.331   0.206   0.485   0.623
 91 180 14 41 30   0.304   0.222   0.497   0.624
 91 180 14 42 30   0.318   0.231   0.488   0.627
 91 180 14 43 30   0.341   0.217   0.470   0.621
 91 180 14 44 30   0.315   0.180   0.504   0.621
 91 180 14 45 30   0.333   0.212   0.478   0.621
 91 180 14 46 30   0.325   0.279   0.456   0.627
 91 180 14 47 30   0.354   0.236   0.467   0.633
 91 180 14 48 30   0.326   0.220   0.490   0.629
 91 180 14 49 30   0.358   0.219   0.461   0.624
 91 180 14 50 30   0.326   0.266   0.473   0.633
 91 180 14 51 30   0.301   0.225   0.509   0.633
 91 180 14 52 30   0.305   0.216   0.509   0.632
 91 180 14 53 30   0.381   0.250   0.431   0.629
 91 180 14 54 30   0.390   0.286   0.398   0.627
 91 180 14 55 30   0.393   0.282   0.401   0.629
 91 180 14 56 30   0.407   0.264   0.401   0.630
 91 180 14 57 30   0.421   0.272   0.376   0.627
 91 180 14 58 30   0.473   0.309   0.256   0.625
 91 180 14 59 30   0.509   0.247   0.266   0.627
 91 180 15 00 30   0.471   0.206   0.354   0.625
 91 180 15 01 30   0.437   0.155   0.420   0.626
 91 180 15 02 30   0.465   0.166   0.373   0.626
 91 180 15 03 30   0.065  -0.186   0.589   0.623
 91 180 15 04 30  -0.040  -0.279   0.577   0.644
 91 180 15 05 30  -0.110  -0.303   0.563   0.649
 91 180 15 06 30  -0.161  -0.294   0.552   0.647
 91 180 15 07 30  -0.134  -0.265   0.578   0.650
 91 180 15 08 30  -0.093  -0.281   0.580   0.652
 91 180 15 09 30   0.044  -0.160   0.614   0.649
 91 180 15 10 30   0.136  -0.078   0.630   0.650
 91 180 15 11 30   0.108  -0.101   0.635   0.654
 91 180 15 12 30   0.135  -0.015   0.634   0.650
 91 180 15 13 30   0.161   0.043   0.624   0.647
 91 180 15 14 30   0.178  -0.021   0.621   0.648
 91 180 15 15 30   0.142  -0.176   0.599   0.650
 91 180 15 16 30   0.098  -0.216   0.599   0.645
 91 180 15 17 30   0.087  -0.207   0.602   0.643
 91 180 15 18 30   0.122  -0.156   0.607   0.642
 91 180 15 19 30   0.280   0.054   0.579   0.646
 91 180 15 20 30   0.318   0.152   0.527   0.642
 91 180 15 21 30   0.292   0.103   0.553   0.642
 91 180 15 22 30   0.284   0.004   0.573   0.643
 91 180 15 23 30   0.416   0.074   0.475   0.646
 91 180 15 24 30   0.378   0.174   0.507   0.658
 91 180 15 25 30   0.367   0.173   0.527   0.668
 91 180 15 26 30   0.334   0.160   0.534   0.650
 91 180 15 27 30   0.366   0.164   0.505   0.645
 91 180 15 28 30   0.356   0.135   0.519   0.646
 91 180 15 29 30   0.336   0.130   0.532   0.644
 91 180 15 30 30   0.319   0.115   0.537   0.636
 91 180 15 31 30   0.270   0.194   0.540   0.638
 91 180 15 32 30   0.287   0.216   0.528   0.639
 91 180 15 33 30   0.361   0.106   0.529   0.650
 91 180 15 34 30   0.379   0.012   0.523   0.649
 91 180 15 35 30   0.377   0.029   0.524   0.651
 91 180 15 36 30   0.450  -0.043   0.461   0.648
 91 180 15 37 30   0.383  -0.019   0.526   0.655
 91 180 15 38 30   0.345   0.012   0.542   0.643
 91 180 15 39 30   0.378  -0.014   0.516   0.641
 91 180 15 40 30   0.370  -0.043   0.522   0.642
 91 180 15 41 30   0.386  -0.058   0.506   0.640
 91 180 15 42 30   0.352  -0.125   0.521   0.642
 91 180 15 43 30   0.323  -0.150   0.534   0.643
 91 180 15 44 30   0.308  -0.103   0.554   0.644
 91 180 15 45 30   0.338  -0.032   0.543   0.642
 91 180 15 46 30   0.253  -0.055   0.592   0.646
 91 180 15 47 30   0.163   0.107   0.609   0.650
 91 180 15 48 30   0.134   0.137   0.633   0.662
 91 180 15 49 30   0.229   0.169   0.610   0.673
 91 180 15 50 30   0.274   0.145   0.604   0.680
 91 180 15 51 30   0.272   0.093   0.598   0.665
 91 180 15 52 30   0.316   0.104   0.575   0.665
 91 180 15 53 30   0.332   0.115   0.564   0.666
 91 180 15 54 30   0.328   0.093   0.567   0.665
 91 180 15 55 30   0.354   0.079   0.549   0.659
 91 180 15 56 30   0.363   0.092   0.534   0.653
 91 180 15 57 30   0.372   0.076   0.524   0.648
 91 180 15 58 30   0.281   0.062   0.567   0.637
 91 180 15 59 30   0.302   0.082   0.565   0.647
 91 180 16 00 30   0.308   0.070   0.561   0.645
 91 180 16 01 30   0.301   0.030   0.577   0.652
 91 180 16 02 30   0.301   0.008   0.581   0.655
 91 180 16 03 30   0.313   0.025   0.562   0.644
 91 180 16 04 30   0.309   0.036   0.570   0.650
 91 180 16 05 30   0.286   0.030   0.588   0.655
 91 180 16 06 30   0.300   0.023   0.589   0.661
 91 180 16 07 30   0.289   0.037   0.572   0.643
 91 180 16 08 30   0.298   0.067   0.566   0.644
 91 180 16 09 30   0.201  -0.059   0.606   0.643
 91 180 16 10 30   0.200  -0.043   0.605   0.640
 91 180 16 11 30   0.225  -0.003   0.600   0.641
 91 180 16 12 30   0.243  -0.008   0.598   0.645
 91 180 16 13 30   0.245   0.014   0.595   0.647
 91 180 16 14 30   0.286   0.047   0.582   0.651
 91 180 16 15 30   0.286   0.060   0.580   0.649
 91 180 16 16 30   0.277   0.062   0.578   0.644
 91 180 16 17 30   0.307   0.111   0.554   0.644
 91 180 16 18 30   0.316   0.101   0.559   0.651
 91 180 16 19 30   0.301   0.088   0.571   0.652
 91 180 16 20 30   0.300   0.072   0.578   0.657
 91 180 16 21 30   0.313   0.048   0.571   0.653
 91 180 16 22 30   0.299   0.036   0.572   0.647
 91 180 16 23 30   0.321   0.169   0.517   0.653
 91 180 16 24 30   0.336   0.307   0.473   0.657
 91 180 16 25 30   0.368   0.289   0.476   0.667
 91 180 16 26 30   0.376   0.305   0.460   0.668
 91 180 16 27 30   0.370   0.324   0.448   0.666
 91 180 16 28 30   0.383   0.345   0.408   0.658
 91 180 16 29 30   0.387   0.411   0.338   0.659
 91 180 16 30 30   0.367   0.411   0.357   0.657
 91 180 16 31 30   0.376   0.366   0.419   0.672
 91 180 16 32 30   0.411   0.331   0.406   0.667
 91 180 16 33 30   0.371   0.335   0.440   0.667
 91 180 16 34 30   0.356   0.369   0.428   0.669
 91 180 16 35 30   0.351   0.393   0.399   0.661
 91 180 16 36 30   0.335   0.422   0.380   0.660
 91 180 16 37 30   0.329   0.433   0.380   0.664
 91 180 16 38 30   0.301   0.440   0.399   0.666
 91 180 16 39 30   0.269   0.463   0.396   0.666
 91 180 16 40 30   0.298   0.456   0.378   0.663
 91 180 16 41 30   0.320   0.448   0.369   0.663
 91 180 16 42 30   0.329   0.429   0.383   0.663
 91 180 16 43 30   0.303   0.460   0.370   0.664
 91 180 16 44 30   0.314   0.475   0.331   0.659
 91 180 16 45 30   0.289   0.448   0.383   0.658
 91 180 16 46 30   0.285   0.449   0.374   0.651
 91 180 16 47 30   0.303   0.452   0.358   0.652
 91 180 16 48 30   0.316   0.412   0.390   0.651
 91 180 16 49 30   0.312   0.542   0.180   0.654
 91 180 16 50 30   0.230   0.567   0.204   0.650
 91 180 16 51 30   0.249   0.583   0.133   0.650
 91 180 16 52 30   0.265   0.541   0.211   0.646
 91 180 16 53 30   0.305   0.454   0.363   0.658
 91 180 16 54 30   0.285   0.432   0.396   0.652
 91 180 16 55 30   0.270   0.405   0.435   0.654
 91 180 16 56 30   0.226   0.359   0.493   0.652
 91 180 16 57 30   0.152   0.403   0.483   0.647
 91 180 16 58 30   0.152   0.389   0.491   0.645
 91 180 16 59 30   0.150   0.360   0.517   0.648
 91 180 17 00 30   0.135   0.347   0.533   0.651
 91 180 17 01 30   0.122   0.317   0.554   0.650
 91 180 17 02 30   0.084   0.284   0.581   0.653
 91 180 17 03 30   0.086   0.307   0.567   0.651
 91 180 17 04 30   0.050   0.365   0.543   0.657
 91 180 17 05 30   0.087   0.211   0.613   0.659
 91 180 17 06 30   0.104   0.201   0.617   0.658
 91 180 17 07 30   0.064   0.241   0.604   0.654
 91 180 17 08 30   0.079   0.245   0.600   0.654
 91 180 17 09 30   0.115   0.260   0.587   0.654
 91 180 17 10 30   0.113   0.298   0.572   0.656
 91 180 17 11 30   0.060   0.214   0.618   0.658
 91 180 17 12 30   0.088   0.205   0.616   0.656
 91 180 17 13 30   0.087   0.191   0.618   0.653
 91 180 17 14 30   0.078   0.190   0.620   0.655
 91 180 17 15 30   0.232   0.284   0.459   0.653
 91 180 17 16 30   0.525   0.394   0.105   0.665
 91 180 17 17 30   0.498   0.413   0.179   0.672
 91 180 17 18 30   0.450   0.423   0.267   0.674
 91 180 17 19 30   0.442   0.434   0.273   0.678
 91 180 17 20 30   0.437   0.465   0.225   0.677
 91 180 17 21 30   0.444   0.474   0.177   0.676
 91 180 17 22 30   0.428   0.449   0.243   0.668
 91 180 17 23 30   0.388   0.488   0.202   0.661
 91 180 17 24 30   0.333   0.523   0.177   0.654
 91 180 17 25 30   0.364   0.530   0.068   0.648
 91 180 17 26 30   0.363   0.490   0.198   0.646
 91 180 17 27 30   0.360   0.496   0.186   0.643
 91 180 17 28 30   0.387   0.473   0.187   0.640
 91 180 17 29 30   0.440   0.459   0.083   0.642
 91 180 17 30 30   0.417   0.487   0.157   0.661
 91 180 17 31 30   0.405   0.478   0.216   0.663
 91 180 17 32 30   0.392   0.498   0.204   0.665
 91 180 17 33 30   0.371   0.518   0.211   0.672
 91 180 17 34 30   0.394   0.499   0.197   0.665
 91 180 17 35 30   0.385   0.504   0.206   0.668
 91 180 17 36 30   0.351   0.526   0.230   0.673
 91 180 17 37 30   0.365   0.516   0.246   0.678
 91 180 17 38 30   0.393   0.490   0.254   0.678
 91 180 17 39 30   0.395   0.487   0.241   0.673
 91 180 17 40 30   0.378   0.487   0.261   0.670
 91 180 17 41 30   0.386   0.441   0.306   0.665
 91 180 17 42 30   0.374   0.474   0.274   0.664
 91 180 17 43 30   0.380   0.508   0.154   0.655
 91 180 17 44 30   0.393   0.509   0.038   0.645
 91 180 17 45 30   0.381   0.511   0.128   0.650
 91 180 17 46 30   0.390   0.510   0.112   0.652
 91 180 17 47 30   0.367   0.486   0.215   0.655
 91 180 17 48 30   0.344   0.501   0.208   0.645
 91 180 17 49 30   0.358   0.514   0.156   0.647
 91 180 17 50 30   0.348   0.540   0.073   0.648
 91 180 17 51 30   0.347   0.490   0.260   0.656
 91 180 17 52 30   0.299   0.431   0.374   0.655
 91 180 17 53 30   0.255   0.399   0.445   0.651
 91 180 17 54 30   0.239   0.408   0.447   0.652
 91 180 17 55 30   0.275   0.412   0.417   0.649
 91 180 17 56 30   0.360   0.436   0.329   0.655
 91 180 17 57 30   0.346   0.425   0.360   0.656
 91 180 17 58 30   0.344   0.428   0.358   0.655
 91 180 17 59 30   0.329   0.401   0.399   0.655
 91 180 18 00 30   0.282   0.328   0.484   0.651
 91 180 18 01 30   0.282   0.375   0.459   0.658
 91 180 18 02 30   0.301   0.396   0.425   0.655
 91 180 18 03 30   0.294   0.419   0.412   0.657
 91 180 18 04 30   0.300   0.390   0.429   0.655
 91 180 18 05 30   0.311   0.364   0.426   0.642
 91 180 18 06 30   0.290   0.294   0.481   0.645
 91 180 18 07 30   0.263   0.221   0.554   0.652
 91 180 18 08 30   0.252   0.235   0.559   0.657
 91 180 18 09 30   0.281   0.354   0.433   0.633
 91 180 18 10 30   0.278   0.444   0.359   0.636
 91 180 18 11 30   0.272   0.418   0.410   0.646
 91 180 18 12 30   0.275   0.406   0.420   0.646
 91 180 18 13 30   0.291   0.429   0.394   0.651
 91 180 18 14 30   0.298   0.418   0.398   0.650
 91 180 18 15 30   0.260   0.397   0.442   0.649
 91 180 18 16 30   0.276   0.408   0.422   0.649
 91 180 18 17 30   0.280   0.394   0.432   0.648
 91 180 18 18 30   0.280   0.405   0.422   0.649
 91 180 18 19 30   0.277   0.388   0.438   0.647
 91 180 18 20 30   0.274   0.387   0.443   0.649
 91 180 18 21 30   0.301   0.383   0.418   0.643
 91 180 18 22 30   0.306   0.400   0.398   0.642
 91 180 18 23 30   0.272   0.403   0.427   0.648
 91 180 18 24 30   0.276   0.425   0.411   0.653
 91 180 18 25 30   0.278   0.440   0.401   0.657
 91 180 18 26 30   0.260   0.454   0.390   0.653
 91 180 18 27 30   0.282   0.465   0.361   0.653
 91 180 18 28 30   0.285   0.467   0.359   0.654
 91 180 18 29 30   0.244   0.572  -0.073   0.655
 91 180 18 30 30   0.265   0.582  -0.137   0.657
 91 180 18 31 30   0.315   0.551  -0.184   0.661
 91 180 18 32 30   0.329   0.543  -0.177   0.659
 91 180 18 33 30   0.332   0.549  -0.108   0.652
 91 180 18 34 30   0.338   0.552  -0.114   0.658
 91 180 18 35 30   0.325   0.569  -0.071   0.660
 91 180 18 36 30   0.328   0.563  -0.051   0.655
 91 180 18 37 30   0.360   0.537  -0.071   0.651
 91 180 18 38 30   0.365   0.533  -0.101   0.655
 91 180 18 39 30   0.372   0.531  -0.055   0.652
 91 180 18 40 30   0.425   0.488  -0.051   0.649
 91 180 18 41 30   0.390   0.519  -0.052   0.652
 91 180 18 42 30   0.416   0.484  -0.070   0.649
 91 180 18 43 30   0.436   0.485  -0.055   0.658
 91 180 18 44 30   0.373   0.542  -0.024   0.659
 91 180 18 45 30   0.419   0.498  -0.009   0.652
 91 180 18 46 30   0.419   0.501   0.026   0.654
 91 180 18 47 30   0.401   0.507   0.025   0.648
 91 180 18 48 30   0.427   0.482   0.039   0.648
 91 180 18 49 30   0.395   0.508   0.083   0.650
 91 180 18 50 30   0.354   0.539   0.051   0.650
 91 180 18 51 30   0.268   0.591  -0.033   0.650
 91 180 18 52 30   0.287   0.579   0.047   0.649
 91 180 18 53 30   0.367   0.512   0.146   0.648
 91 180 18 54 30   0.344   0.530   0.126   0.646
 91 180 18 55 30   0.204   0.610   0.022   0.652
 91 180 18 56 30   0.216   0.614  -0.037   0.652
 91 180 18 57 30   0.230   0.599  -0.053   0.648
 91 180 18 58 30   0.251   0.576  -0.135   0.645
 91 180 18 59 30   0.287   0.581  -0.042   0.651
 91 180 19 00 30   0.331   0.561   0.042   0.654
 91 180 19 01 30   0.343   0.552   0.050   0.654
 91 180 19 02 30   0.286   0.578   0.013   0.647
 91 180 19 03 30   0.270   0.580  -0.071   0.645
 91 180 19 04 30   0.255   0.589  -0.053   0.649
 91 180 19 05 30   0.242   0.594  -0.073   0.651
 91 180 19 06 30   0.375   0.505  -0.049   0.642
 91 180 19 07 30   0.358   0.527  -0.060   0.647
 91 180 19 08 30   0.324   0.553   0.068   0.650
 91 180 19 09 30   0.384   0.503   0.017   0.642
 91 180 19 10 30   0.431   0.475   0.028   0.644
 91 180 19 11 30   0.410   0.505   0.027   0.651
 91 180 19 12 30   0.413   0.520   0.002   0.665
 91 180 19 13 30   0.425   0.510   0.005   0.665
 91 180 19 14 30   0.432   0.510  -0.013   0.669
 91 180 19 15 30   0.416   0.521  -0.005   0.667
 91 180 19 16 30   0.392   0.543  -0.012   0.671
 91 180 19 17 30   0.362   0.553   0.015   0.662
 91 180 19 18 30   0.332   0.567   0.040   0.660
 91 180 19 19 30   0.394   0.522   0.015   0.655
 91 180 19 20 30   0.370   0.537  -0.046   0.657
 91 180 19 21 30   0.253   0.600  -0.045   0.655
 91 180 19 22 30   0.144   0.636  -0.019   0.652
 91 180 19 23 30   0.202   0.609  -0.068   0.647
 91 180 19 24 30   0.256   0.577  -0.117   0.646
 91 180 19 25 30   0.311   0.557  -0.153   0.657
 91 180 19 26 30   0.318   0.551  -0.196   0.666
 91 180 19 27 30   0.318   0.563  -0.176   0.671
 91 180 19 28 30   0.348   0.544  -0.169   0.669
 91 180 19 29 30   0.348   0.523  -0.246   0.675
 91 180 19 30 30   0.351   0.519  -0.254   0.677
 91 180 19 31 30   0.346   0.531  -0.233   0.676
 91 180 19 32 30   0.333   0.542  -0.218   0.673
 91 180 19 33 30   0.321   0.551  -0.213   0.673
 91 180 19 34 30   0.302   0.561  -0.237   0.680
 91 180 19 35 30   0.366   0.524  -0.216   0.675
 91 180 19 36 30   0.367   0.512  -0.239   0.674
 91 180 19 37 30   0.359   0.516  -0.253   0.678
 91 180 19 38 30   0.306   0.561  -0.227   0.679
 91 180 19 39 30   0.383   0.498  -0.253   0.680
 91 180 19 44 30   0.396   0.494  -0.253   0.682
 91 180 19 45 30   0.367   0.511  -0.253   0.678
 91 180 19 46 30   0.356   0.515  -0.267   0.681
 91 180 19 47 30   0.324   0.546  -0.259   0.685
 91 180 19 48 30   0.324   0.545  -0.263   0.687
 91 180 19 49 30   0.304   0.542  -0.276   0.683
 91 180 19 50 30   0.372   0.470  -0.295   0.676
 91 180 19 51 30   0.370   0.488  -0.300   0.682
 91 180 19 52 30   0.359   0.494  -0.301   0.681
 91 180 19 53 30   0.374   0.474  -0.309   0.679
 91 180 19 54 30   0.389   0.452  -0.325   0.680
 91 180 19 55 30   0.379   0.465  -0.314   0.678
 91 180 19 56 30   0.469   0.376  -0.295   0.670
 91 180 19 57 30   0.506   0.361  -0.270   0.678
 91 180 19 58 30   0.477   0.356  -0.318   0.676
 91 180 19 59 30   0.473   0.363  -0.321   0.678
 91 180 20 00 30   0.483   0.390  -0.250   0.670
 91 180 20 01 30   0.477   0.341  -0.327   0.673
 91 180 20 02 30   0.456   0.363  -0.323   0.671
 91 180 20 03 30   0.403   0.462  -0.266   0.669
 91 180 20 04 30   0.389   0.470  -0.273   0.668
 91 180 20 05 30   0.391   0.465  -0.277   0.668
 91 180 20 06 30   0.402   0.438  -0.306   0.669
 91 180 20 07 30   0.416   0.426  -0.290   0.663
 91 180 20 08 30   0.430   0.402  -0.305   0.664
 91 180 20 09 30   0.454   0.371  -0.310   0.664
 91 180 20 10 30   0.458   0.371  -0.301   0.662
 91 180 20 11 30   0.413   0.428  -0.262   0.651
 91 180 20 12 30   0.381   0.425  -0.303   0.647
 91 180 20 13 30   0.373   0.439  -0.307   0.654
 91 180 20 14 30   0.344   0.429  -0.348   0.651
 91 180 20 15 30   0.363   0.437  -0.311   0.649
 91 180 20 16 30   0.341   0.440  -0.330   0.648
 91 180 20 17 30   0.356   0.408  -0.343   0.642
 91 180 20 18 30   0.389   0.377  -0.343   0.642
 91 180 20 19 30   0.373   0.430  -0.308   0.648
 91 180 20 20 30   0.380   0.411  -0.315   0.646
 91 180 20 21 30   0.376   0.393  -0.346   0.644
 91 180 20 22 30   0.384   0.392  -0.341   0.647
 91 180 20 23 30   0.388   0.391  -0.347   0.652
 91 180 20 24 30   0.373   0.446  -0.298   0.654
 91 180 20 25 30   0.311   0.515  -0.255   0.655
 91 180 20 26 30   0.323   0.510  -0.249   0.653
 91 180 20 27 30   0.321   0.521  -0.228   0.654
 91 180 20 28 30   0.348   0.487  -0.249   0.649
 91 180 20 29 30   0.383   0.445  -0.273   0.648
 91 180 20 30 30   0.364   0.420  -0.317   0.643
 91 180 20 31 30   0.384   0.398  -0.342   0.653
 91 180 20 32 30   0.318   0.448  -0.337   0.647
 91 180 20 33 30   0.325   0.454  -0.313   0.641
 91 180 20 34 30   0.323   0.431  -0.345   0.640
 91 180 20 35 30   0.326   0.421  -0.363   0.646
 91 180 20 36 30   0.380   0.381  -0.358   0.647
 91 180 20 37 30   0.379   0.385  -0.354   0.646
 91 180 20 38 30   0.242   0.506  -0.313   0.648
 91 180 20 39 30   0.318   0.435  -0.327   0.636
 91 180 20 40 30   0.355   0.401  -0.360   0.646
 91 180 20 41 30   0.355   0.407  -0.343   0.640
 91 180 20 42 30   0.356   0.382  -0.365   0.638
 91 180 20 43 30   0.347   0.396  -0.357   0.638
 91 180 20 44 30   0.343   0.375  -0.392   0.643
 91 180 20 45 30   0.337   0.348  -0.422   0.644
 91 180 20 46 30   0.330   0.300  -0.466   0.646
 91 180 20 47 30   0.307   0.333  -0.451   0.641
 91 180 20 48 30   0.247   0.374  -0.454   0.640
 91 180 20 49 30   0.281   0.492  -0.274   0.648
 91 180 20 50 30   0.258   0.569  -0.104   0.636
 91 180 20 51 30   0.234   0.575  -0.125   0.635
 91 180 20 52 30   0.239   0.557  -0.189   0.637
 91 180 20 53 30   0.211   0.557  -0.212   0.634
 91 180 20 54 30   0.213   0.531  -0.255   0.635
 91 180 20 55 30   0.199   0.604  -0.014   0.637
 91 180 20 56 30   0.250   0.563  -0.117   0.629
 91 180 20 57 30   0.257   0.554  -0.159   0.633
 91 180 20 58 30   0.227   0.567  -0.166   0.634
 91 180 20 59 30   0.187   0.559  -0.228   0.633
 91 180 21 00 30   0.194   0.554  -0.242   0.636
 91 180 21 01 30   0.219   0.540  -0.247   0.634
 91 180 21 02 30   0.223   0.520  -0.287   0.636
 91 180 21 03 30   0.245   0.503  -0.298   0.635
 91 180 21 04 30   0.242   0.494  -0.319   0.636
 91 180 21 05 30   0.228   0.505  -0.307   0.635
 91 180 21 06 30   0.238   0.520  -0.256   0.627
 91 180 21 07 30   0.251   0.438  -0.363   0.629
 91 180 21 08 30   0.259   0.381  -0.429   0.630
 91 180 21 09 30   0.256   0.422  -0.399   0.636
 91 180 21 10 30   0.247   0.440  -0.375   0.630
 91 180 21 11 30   0.234   0.447  -0.384   0.635
 91 180 21 12 30   0.198   0.497  -0.342   0.635
 91 180 21 13 30   0.220   0.498  -0.314   0.629
 91 180 21 14 30   0.229   0.485  -0.335   0.632
 91 180 21 15 30   0.256   0.461  -0.346   0.631
 91 180 21 16 30   0.265   0.452  -0.343   0.627
 91 180 21 17 30   0.266   0.462  -0.308   0.619
 91 180 21 18 30   0.237   0.438  -0.340   0.611
 91 180 21 19 30   0.260   0.434  -0.307   0.594
 91 180 21 20 30   0.260   0.451  -0.281   0.594
 91 180 21 21 30   0.283   0.528  -0.110   0.611
 91 180 21 22 30   0.253   0.548  -0.064   0.610
 91 180 21 23 30   0.249   0.302  -0.310   0.576
 91 180 21 24 30   0.199   0.160  -0.501   0.564
 91 180 21 25 30   0.220   0.228  -0.497   0.590
 91 180 21 26 30   0.212   0.280  -0.465   0.591
 91 180 21 27 30   0.301   0.376  -0.350   0.599
 91 180 21 28 30   0.312   0.374  -0.336   0.593
 91 180 21 29 30   0.272   0.383  -0.369   0.598
 91 180 21 30 30   0.281   0.394  -0.343   0.594
 91 180 21 31 30   0.278   0.393  -0.337   0.589
 91 180 21 32 30   0.294   0.385  -0.326   0.586
 91 180 21 33 30   0.296   0.333  -0.347   0.566
 91 180 21 34 30   0.272   0.200  -0.390   0.530
 91 180 21 35 30   0.300   0.150  -0.432   0.548
 91 180 21 36 30   0.299   0.108  -0.467   0.566
 91 180 21 37 30   0.276   0.191  -0.460   0.572
 91 180 21 38 30   0.266   0.220  -0.454   0.571
 91 180 21 39 30   0.299   0.212  -0.434   0.569
 91 180 21 40 30   0.319   0.238  -0.404   0.568
 91 180 21 41 30   0.354   0.243  -0.363   0.563
 91 180 21 42 30   0.365   0.264  -0.327   0.558
 91 180 21 43 30   0.314   0.217  -0.396   0.551
 91 180 21 44 30   0.318   0.142  -0.459   0.578
 91 180 21 45 30   0.328   0.070  -0.492   0.597
 91 180 21 46 30   0.310   0.005  -0.517   0.609
 91 180 21 47 30   0.324   0.075  -0.513   0.613
 91 180 21 48 30   0.308   0.113  -0.484   0.587
 91 180 21 49 30   0.425  -0.124  -0.333   0.570
 91 180 21 50 30   0.457  -0.058  -0.351   0.584
 91 180 21 51 30   0.383   0.166  -0.373   0.563
 91 180 21 52 30   0.333   0.185  -0.411   0.565
 91 180 21 53 30   0.320   0.236  -0.384   0.560
 91 180 21 54 30   0.333   0.309  -0.336   0.570
 91 180 21 55 30   0.338   0.292  -0.342   0.569
 91 180 21 56 30   0.320   0.317  -0.357   0.577
 91 180 21 57 30   0.290   0.357  -0.353   0.581
 91 180 21 58 30   0.293   0.370  -0.350   0.588
 91 180 21 59 30   0.298   0.342  -0.361   0.591
 91 180 22 00 30   0.317   0.316  -0.388   0.594
 91 180 22 01 30   0.336   0.339  -0.350   0.593
 91 180 22 02 30   0.329   0.339  -0.358   0.594
 91 180 22 03 30   0.338   0.367  -0.331   0.600
 91 180 22 04 30   0.351   0.380  -0.320   0.611
 91 180 22 05 30   0.361   0.388  -0.283   0.602
 91 180 22 06 30   0.332   0.477  -0.111   0.594
 91 180 22 07 30   0.325   0.468  -0.158   0.593
 91 180 22 08 30   0.358   0.436  -0.180   0.593
 91 180 22 09 30   0.357   0.454  -0.142   0.596
 91 180 22 10 30   0.345   0.456  -0.161   0.597
 91 180 22 11 30   0.355   0.472  -0.099   0.599
 91 180 22 12 30   0.346   0.484  -0.053   0.598
 91 180 22 13 30   0.354   0.373  -0.245   0.578
 91 180 22 14 30   0.335   0.337  -0.333   0.582
 91 180 22 15 30   0.279   0.179  -0.455   0.565
 91 180 22 16 30   0.284   0.230  -0.439   0.572
 91 180 22 17 30   0.299   0.276  -0.400   0.572
 91 180 22 18 30   0.271   0.233  -0.434   0.569
 91 180 22 19 30   0.262   0.175  -0.481   0.576
 91 180 22 20 30   0.291   0.185  -0.465   0.579
 91 180 22 21 30   0.253   0.148  -0.507   0.587
 91 180 22 22 30   0.283   0.239  -0.422   0.593
 91 180 22 23 30   0.287   0.384  -0.328   0.586
 91 180 22 24 30   0.274   0.339  -0.365   0.575
 91 180 22 25 30   0.268   0.416  -0.275   0.569
 91 180 22 26 30   0.254   0.444  -0.247   0.568
 91 180 22 27 30   0.323   0.432  -0.252   0.596
 91 180 22 28 30   0.348   0.417  -0.249   0.599
 91 180 22 29 30   0.317   0.466  -0.194   0.599
 91 180 22 30 30   0.335   0.433  -0.215   0.590
 91 180 22 31 30   0.175   0.541   0.043   0.596
 91 180 22 32 30   0.070   0.580   0.142   0.604
 91 180 22 33 30   0.159   0.565   0.078   0.595
 91 180 22 34 30   0.192   0.561   0.101   0.602
 91 180 22 35 30   0.202   0.559   0.108   0.605
 91 180 22 36 30   0.205   0.560   0.111   0.607
 91 180 22 37 30   0.156   0.578   0.127   0.613
 91 180 22 38 30   0.075   0.587   0.150   0.613
 91 180 22 39 30   0.001   0.586   0.161   0.609
 91 180 22 40 30   0.061   0.588   0.161   0.614
 91 180 22 41 30   0.078   0.591   0.122   0.610
 91 180 22 42 30   0.075   0.603   0.086   0.614
 91 180 22 43 30   0.012   0.607   0.105   0.617
 91 180 22 44 30  -0.098   0.605   0.114   0.624
 91 180 22 45 30  -0.178   0.570   0.159   0.624
 91 180 22 46 30  -0.327   0.458   0.188   0.607
 91 180 22 47 30  -0.361   0.444   0.188   0.609
 91 180 22 48 30  -0.324   0.467   0.193   0.603
 91 180 22 49 30  -0.185   0.576   0.100   0.616
 91 180 22 50 30  -0.283   0.517   0.099   0.605
 91 180 22 51 30  -0.318   0.504  -0.010   0.600
 91 180 22 52 30  -0.255   0.541   0.046   0.603
 91 180 22 53 30  -0.208   0.538   0.077   0.589
 91 180 22 54 30  -0.195   0.557   0.051   0.597
 91 180 22 55 30  -0.020   0.541  -0.077   0.562
 91 180 22 56 30  -0.141   0.498  -0.118   0.543
 91 180 22 57 30   0.009   0.475  -0.181   0.514
 91 180 22 58 30   0.041   0.547  -0.160   0.576
 91 180 22 59 30   0.024   0.574   0.065   0.595
 91 180 23 00 30  -0.019   0.578   0.024   0.583
 91 180 23 01 30  -0.003   0.576   0.030   0.584
 91 180 23 02 30  -0.042   0.589   0.005   0.595
 91 180 23 03 30  -0.026   0.556  -0.199   0.594
 91 180 23 04 30   0.002   0.555  -0.194   0.589
 91 180 23 05 30  -0.035   0.548  -0.233   0.597
 91 180 23 06 30   0.058   0.533  -0.217   0.597
 91 180 23 07 30   0.314   0.505  -0.026   0.609
 91 180 23 08 30   0.392   0.445   0.101   0.603
 91 180 23 09 30   0.356   0.473   0.119   0.608
 91 180 23 10 30   0.372   0.483   0.034   0.613
 91 180 23 11 30   0.370   0.483  -0.008   0.610
 91 180 23 12 30   0.358   0.492   0.052   0.613
 91 180 23 13 30   0.369   0.492  -0.029   0.618
 91 180 23 14 30   0.274   0.547  -0.057   0.617
 91 180 23 15 30   0.251   0.560  -0.059   0.619
 91 180 23 16 30   0.300   0.543  -0.007   0.621
 91 180 23 17 30   0.306   0.537  -0.007   0.618
 91 180 23 18 30   0.059   0.568  -0.124   0.612
 91 180 23 19 30   0.049   0.596  -0.118   0.612
 91 180 23 20 30   0.078   0.587  -0.120   0.605
 91 180 23 21 30   0.083   0.606  -0.049   0.620
 91 180 23 22 30   0.061   0.606  -0.005   0.612
 91 180 23 23 30   0.028   0.608   0.014   0.610
 91 180 23 24 30   0.013   0.608   0.001   0.610
 91 180 23 25 30   0.102   0.587  -0.064   0.607
 91 180 23 26 30   0.112   0.585  -0.086   0.606
 91 180 23 27 30   0.225   0.565  -0.006   0.616
 91 180 23 28 30   0.298   0.534   0.048   0.615
 91 180 23 29 30   0.288   0.545   0.007   0.618
 91 180 23 30 30   0.310   0.541  -0.049   0.626
 91 180 23 31 30   0.326   0.523  -0.043   0.618
 91 180 23 32 30   0.319   0.525  -0.045   0.617
 91 180 23 33 30   0.322   0.529  -0.033   0.621
 91 180 23 34 30   0.327   0.532  -0.017   0.625
 91 180 23 35 30   0.316   0.544  -0.005   0.629
 91 180 23 36 30   0.293   0.542   0.000   0.617
 91 180 23 37 30   0.322   0.533   0.009   0.623
 91 180 23 38 30   0.310   0.537   0.027   0.621
 91 180 23 39 30   0.310   0.530   0.006   0.618
 91 180 23 40 30   0.338   0.508  -0.090   0.618
 91 180 23 41 30   0.354   0.500  -0.076   0.620
 91 180 23 42 30   0.321   0.527   0.000   0.622
 91 180 23 43 30   0.377   0.485  -0.091   0.623
 91 180 23 44 30   0.367   0.496  -0.023   0.618
 91 180 23 45 30   0.372   0.494  -0.066   0.622
 91 180 23 46 30   0.380   0.482  -0.069   0.618
 91 180 23 47 30   0.386   0.485  -0.033   0.622
 91 180 23 48 30   0.351   0.507  -0.011   0.618
 91 180 23 49 30   0.378   0.477  -0.012   0.610
 91 180 23 50 30   0.395   0.458  -0.053   0.608
 91 180 23 51 30   0.392   0.447  -0.104   0.606
 91 180 23 52 30   0.417   0.408  -0.159   0.606
 91 180 23 53 30   0.415   0.424  -0.084   0.609
 91 180 23 54 30   0.391   0.451  -0.075   0.606
 91 180 23 55 30   0.396   0.434  -0.112   0.609
 91 180 23 56 30   0.408   0.413  -0.080   0.611
 91 180 23 57 30   0.437   0.393   0.111   0.599
 91 180 23 58 30   0.439   0.396   0.052   0.594
 91 180 23 59 30   0.429   0.401   0.003   0.589
