 91 203 00 00 30  -0.204   0.572   0.160   0.660
 91 203 00 01 30  -0.250   0.543   0.250   0.665
 91 203 00 02 30  -0.080   0.641   0.118   0.668
 91 203 00 03 30  -0.216   0.614   0.215   0.687
 91 203 00 04 30  -0.233   0.572   0.258   0.671
 91 203 00 05 30  -0.278   0.573   0.195   0.668
 91 203 00 06 30  -0.227   0.606   0.184   0.674
 91 203 00 07 30  -0.195   0.610   0.217   0.678
 91 203 00 08 30  -0.168   0.629   0.213   0.686
 91 203 00 09 30  -0.164   0.633   0.178   0.679
 91 203 00 10 30  -0.124   0.668   0.107   0.689
 91 203 00 11 30  -0.146   0.673   0.084   0.695
 91 203 00 12 30  -0.138   0.663   0.092   0.688
 91 203 00 13 30  -0.143   0.665   0.105   0.691
 91 203 00 14 30  -0.156   0.670   0.092   0.695
 91 203 00 15 30  -0.156   0.662   0.111   0.693
 91 203 00 16 30  -0.232   0.620   0.213   0.696
 91 203 00 17 30  -0.233   0.639   0.163   0.701
 91 203 00 18 30  -0.262   0.638   0.087   0.696
 91 203 00 19 30  -0.246   0.643   0.055   0.692
 91 203 00 20 30  -0.184   0.657   0.137   0.699
 91 203 00 21 30  -0.162   0.662   0.161   0.701
 91 203 00 22 30  -0.170   0.661   0.162   0.706
 91 203 00 23 30  -0.276   0.641   0.075   0.704
 91 203 00 24 30  -0.270   0.647   0.000   0.701
 91 203 00 25 30  -0.241   0.648   0.028   0.696
 91 203 00 26 30  -0.131   0.683   0.112   0.706
 91 203 00 36 30  -0.035   0.666   0.085   0.672
 91 203 00 37 30  -0.051   0.666   0.066   0.672
 91 203 00 38 30  -0.077   0.656   0.062   0.664
 91 203 00 39 30  -0.063   0.656   0.053   0.663
 91 203 00 40 30  -0.046   0.639   0.160   0.661
 91 203 00 41 30   0.011   0.647   0.155   0.667
 91 203 00 42 30   0.072   0.646   0.133   0.665
 91 203 00 43 30   0.093   0.654   0.136   0.675
 91 203 00 47 30   0.070   0.640   0.077   0.649
 91 203 00 48 30   0.077   0.645   0.079   0.655
 91 203 00 49 30   0.058   0.663   0.084   0.671
 91 203 00 50 30   0.069   0.669   0.077   0.677
 91 203 00 51 30   0.064   0.661   0.076   0.668
 91 203 00 52 30   0.090   0.663   0.065   0.673
 91 203 00 53 30   0.120   0.651   0.086   0.668
 91 203 00 54 30   0.121   0.648   0.080   0.667
 91 203 00 55 30   0.115   0.656   0.128   0.679
 91 203 00 56 30   0.147   0.642   0.158   0.679
 91 203 00 58 30   0.072   0.650   0.099   0.662
 91 203 00 59 30   0.078   0.639   0.133   0.659
 91 203 01 00 30   0.026   0.638   0.133   0.658
 91 203 01 01 30   0.092   0.597   0.260   0.659
 91 203 01 02 30   0.040   0.575   0.237   0.630
 91 203 01 03 30  -0.367   0.169  -0.263   0.593
 91 203 01 04 30  -0.369   0.139  -0.444   0.598
 91 203 01 05 30  -0.343   0.198  -0.444   0.598
 91 203 01 06 30  -0.214   0.384  -0.309   0.611
 91 203 01 07 30   0.053   0.621   0.072   0.635
 91 203 01 08 30  -0.019   0.644   0.077   0.651
 91 203 01 09 30  -0.028   0.639  -0.004   0.641
 91 203 01 10 30  -0.038   0.652  -0.062   0.658
 91 203 01 11 30  -0.163   0.595  -0.210   0.666
 91 203 01 12 30   0.021   0.642  -0.042   0.674
 91 203 01 13 30   0.175   0.641   0.187   0.690
 91 203 01 14 30   0.166   0.640   0.207   0.693
 91 203 01 15 30   0.164   0.647   0.192   0.695
 91 203 01 16 30   0.084   0.658   0.133   0.680
 91 203 01 17 30   0.003   0.664   0.081   0.670
 91 203 01 18 30  -0.032   0.667   0.063   0.671
 91 203 01 19 30  -0.007   0.662   0.086   0.671
 91 203 01 20 30  -0.004   0.663   0.076   0.669
 91 203 01 21 30   0.062   0.688   0.044   0.693
 91 203 01 22 30   0.039   0.684   0.041   0.688
 91 203 01 23 30   0.023   0.685   0.011   0.687
 91 203 01 24 30   0.001   0.682   0.074   0.688
 91 203 01 25 30   0.013   0.687   0.050   0.690
 91 203 01 26 30   0.034   0.682  -0.003   0.686
 91 203 01 27 30   0.015   0.670   0.045   0.688
 91 203 01 28 30  -0.003   0.634   0.259   0.687
 91 203 01 29 30  -0.010   0.639   0.235   0.682
 91 203 01 30 30   0.011   0.644   0.217   0.682
 91 203 01 31 30   0.014   0.657   0.169   0.679
 91 203 01 32 30   0.014   0.670   0.092   0.678
 91 203 01 33 30   0.003   0.625   0.240   0.678
 91 203 01 34 30   0.012   0.651   0.223   0.690
 91 203 01 35 30  -0.011   0.664   0.180   0.689
 91 203 01 36 30  -0.054   0.651   0.198   0.683
 91 203 01 37 30  -0.047   0.659   0.196   0.693
 91 203 01 38 30  -0.086   0.668   0.130   0.687
 91 203 01 39 30  -0.103   0.665   0.101   0.681
 91 203 01 40 30  -0.076   0.670   0.082   0.680
 91 203 01 41 30  -0.042   0.666   0.128   0.683
 91 203 01 42 30   0.007   0.668   0.142   0.684
 91 203 01 43 30  -0.005   0.665   0.171   0.687
 91 203 01 44 30   0.061   0.654   0.166   0.688
 91 203 01 45 30   0.050   0.655   0.200   0.691
 91 203 01 46 30   0.071   0.675   0.141   0.695
 91 203 01 47 30   0.160   0.652   0.208   0.706
 91 203 01 48 30   0.104   0.689   0.010   0.700
 91 203 01 49 30   0.192   0.673   0.040   0.703
 91 203 01 50 30   0.292   0.638  -0.035   0.710
 91 203 01 51 30   0.331   0.619  -0.084   0.713
 91 203 01 52 30   0.277   0.650  -0.029   0.708
 91 203 01 53 30   0.196   0.669   0.004   0.701
 91 203 01 54 30   0.130   0.687  -0.001   0.702
 91 203 01 55 30   0.120   0.684   0.041   0.700
 91 203 01 56 30   0.109   0.692   0.048   0.705
 91 203 01 57 30   0.096   0.694   0.046   0.704
 91 203 01 58 30   0.129   0.688  -0.054   0.703
 91 203 01 59 30   0.123   0.680  -0.071   0.701
 91 203 02 00 30   0.093   0.692  -0.002   0.699
 91 203 02 01 30   0.014   0.698   0.040   0.701
 91 203 02 02 30   0.051   0.704   0.029   0.707
 91 203 02 03 30   0.074   0.704  -0.010   0.709
 91 203 02 04 30   0.089   0.702  -0.016   0.709
 91 203 02 05 30   0.092   0.706  -0.009   0.712
 91 203 02 09 30   0.084   0.703  -0.064   0.711
 91 203 02 10 30   0.092   0.698  -0.088   0.710
 91 203 02 11 30   0.049   0.690  -0.142   0.707
 91 203 02 12 30   0.035   0.683  -0.156   0.702
 91 203 02 13 30   0.036   0.683  -0.139   0.698
 91 203 02 14 30   0.066   0.685  -0.140   0.703
 91 203 02 15 30   0.110   0.678  -0.152   0.705
 91 203 02 16 30   0.149   0.690  -0.067   0.710
 91 203 02 17 30   0.168   0.675  -0.151   0.713
 91 203 02 18 30   0.157   0.676  -0.145   0.710
 91 203 02 19 30   0.156   0.683  -0.094   0.708
 91 203 02 20 30   0.164   0.675  -0.093   0.705
 91 203 02 21 30   0.107   0.666   0.094   0.689
 91 203 02 22 30  -0.056   0.578   0.347   0.678
 91 203 02 23 30  -0.061   0.582   0.360   0.688
 91 203 02 24 30  -0.120   0.608   0.306   0.692
 91 203 02 25 30  -0.125   0.610   0.304   0.693
 91 203 02 26 30  -0.121   0.620   0.287   0.695
 91 203 02 27 30  -0.161   0.624   0.259   0.695
 91 203 02 28 30  -0.146   0.633   0.257   0.699
 91 203 02 29 30  -0.171   0.632   0.242   0.699
 91 203 02 30 30  -0.122   0.643   0.231   0.696
 91 203 02 31 30  -0.113   0.655   0.217   0.700
 91 203 02 32 30  -0.127   0.653   0.207   0.697
 91 203 02 33 30  -0.120   0.645   0.198   0.686
 91 203 02 34 30  -0.044   0.666   0.131   0.682
 91 203 02 35 30  -0.046   0.664   0.138   0.680
 91 203 02 36 30  -0.011   0.674   0.106   0.683
 91 203 02 37 30  -0.012   0.674   0.107   0.683
 91 203 02 38 30  -0.027   0.670   0.109   0.680
 91 203 02 39 30  -0.030   0.672   0.089   0.680
 91 203 02 40 30   0.005   0.685   0.060   0.689
 91 203 02 41 30   0.013   0.684   0.110   0.694
 91 203 02 42 30  -0.004   0.679   0.116   0.690
 91 203 02 43 30  -0.026   0.684   0.061   0.689
 91 203 02 44 30  -0.037   0.683   0.077   0.690
 91 203 02 45 30  -0.034   0.676   0.127   0.690
 91 203 02 46 30  -0.037   0.671   0.139   0.687
 91 203 02 47 30   0.021   0.669   0.152   0.688
 91 203 02 48 30   0.066   0.669   0.155   0.691
 91 203 02 49 30  -0.031   0.666   0.153   0.685
 91 203 02 50 30   0.111   0.663   0.170   0.697
 91 203 02 51 30   0.205   0.648   0.142   0.696
 91 203 02 52 30   0.179   0.649   0.157   0.695
 91 203 02 53 30   0.005   0.671   0.161   0.692
 91 203 02 54 30  -0.009   0.670   0.187   0.696
 91 203 02 55 30  -0.026   0.672   0.190   0.699
 91 203 02 56 30   0.002   0.675   0.186   0.701
 91 203 02 57 30  -0.025   0.682   0.156   0.701
 91 203 02 58 30  -0.029   0.685   0.134   0.700
 91 203 02 59 30  -0.004   0.687   0.109   0.696
 91 203 03 00 30   0.026   0.687   0.105   0.697
 91 203 03 01 30   0.028   0.690   0.088   0.699
 91 203 03 02 30   0.044   0.690   0.074   0.697
 91 203 03 03 30   0.028   0.693   0.053   0.697
 91 203 03 04 30   0.039   0.693   0.014   0.696
 91 203 03 05 30   0.002   0.690   0.025   0.691
 91 203 03 06 30  -0.007   0.688   0.042   0.690
 91 203 03 07 30  -0.001   0.681   0.070   0.686
 91 203 03 08 30   0.045   0.682  -0.028   0.694
 91 203 03 09 30   0.013   0.686  -0.004   0.693
 91 203 03 10 30   0.001   0.687  -0.055   0.692
 91 203 03 11 30  -0.036   0.684  -0.003   0.685
 91 203 03 12 30  -0.011   0.685   0.043   0.688
 91 203 03 13 30   0.001   0.679   0.012   0.682
 91 203 03 14 30  -0.021   0.681   0.034   0.685
 91 203 03 15 30  -0.003   0.694   0.032   0.699
 91 203 03 16 30   0.019   0.694  -0.050   0.698
 91 203 03 17 30  -0.043   0.694  -0.041   0.697
 91 203 03 18 30  -0.021   0.692  -0.003   0.695
 91 203 03 19 30   0.067   0.701  -0.038   0.707
 91 203 03 20 30   0.081   0.704  -0.030   0.711
 91 203 03 21 30   0.082   0.705   0.008   0.713
 91 203 03 22 30   0.078   0.709  -0.035   0.717
 91 203 03 23 30  -0.016   0.555  -0.418   0.701
 91 203 03 24 30  -0.007   0.598  -0.358   0.700
 91 203 03 25 30  -0.036   0.592  -0.363   0.697
 91 203 03 26 30  -0.070   0.579  -0.377   0.696
 91 203 03 27 30  -0.045   0.584  -0.378   0.699
 91 203 03 28 30  -0.062   0.590  -0.365   0.697
 91 203 03 29 30  -0.044   0.580  -0.384   0.698
 91 203 03 30 30  -0.046   0.580  -0.374   0.693
 91 203 03 31 30   0.000   0.607  -0.335   0.694
 91 203 03 32 30   0.011   0.603  -0.340   0.693
 91 203 03 33 30  -0.017   0.599  -0.338   0.689
 91 203 03 34 30  -0.029   0.603  -0.321   0.685
 91 203 03 35 30  -0.051   0.597  -0.312   0.677
 91 203 03 36 30  -0.016   0.603  -0.309   0.678
 91 203 03 37 30  -0.022   0.601  -0.313   0.679
 91 203 03 38 30  -0.077   0.579  -0.331   0.672
 91 203 03 39 30  -0.097   0.554  -0.364   0.670
 91 203 03 40 30  -0.054   0.581  -0.311   0.663
 91 203 03 41 30   0.035   0.584  -0.308   0.662
 91 203 03 42 30   0.026   0.591  -0.293   0.663
 91 203 03 43 30  -0.041   0.600  -0.269   0.661
 91 203 03 44 30  -0.052   0.599  -0.254   0.655
 91 203 03 45 30  -0.052   0.607  -0.241   0.656
 91 203 03 46 30  -0.047   0.619  -0.213   0.657
 91 203 03 47 30   0.006   0.641  -0.191   0.671
 91 203 03 48 30   0.033   0.635  -0.227   0.675
 91 203 03 49 30   0.034   0.627  -0.237   0.671
 91 203 03 50 30   0.055   0.629  -0.240   0.677
 91 203 03 51 30   0.023   0.626  -0.232   0.669
 91 203 03 52 30  -0.033   0.623  -0.225   0.664
 91 203 03 53 30  -0.031   0.628  -0.219   0.667
 91 203 03 54 30   0.006   0.623  -0.242   0.670
 91 203 03 55 30  -0.013   0.603  -0.293   0.672
 91 203 03 56 30  -0.091   0.608  -0.250   0.664
 91 203 03 57 30  -0.111   0.611  -0.229   0.663
 91 203 03 58 30  -0.074   0.627  -0.205   0.664
 91 203 03 59 30  -0.089   0.636  -0.170   0.665
 91 203 04 00 30  -0.059   0.636  -0.199   0.671
 91 203 04 01 30  -0.031   0.643  -0.206   0.677
 91 203 04 02 30   0.077   0.622  -0.264   0.684
 91 203 04 03 30   0.020   0.631  -0.231   0.674
 91 203 04 04 30   0.020   0.627  -0.245   0.675
 91 203 04 05 30   0.053   0.620  -0.256   0.674
 91 203 04 06 30   0.093   0.617  -0.262   0.677
 91 203 04 07 30   0.096   0.574  -0.325   0.670
 91 203 04 08 30   0.176   0.534  -0.378   0.678
 91 203 04 09 30   0.161   0.496  -0.420   0.672
 91 203 04 10 30   0.134   0.518  -0.392   0.667
 91 203 04 11 30   0.117   0.512  -0.405   0.665
 91 203 04 12 30   0.081   0.527  -0.382   0.658
 91 203 04 13 30   0.114   0.541  -0.349   0.656
 91 203 04 14 30   0.078   0.563  -0.319   0.655
 91 203 04 15 30   0.091   0.529  -0.365   0.654
 91 203 04 16 30   0.149   0.564  -0.293   0.658
 91 203 04 17 30   0.051   0.569  -0.303   0.652
 91 203 04 18 30   0.008   0.555  -0.334   0.650
 91 203 04 19 30   0.012   0.593  -0.264   0.653
 91 203 04 20 30  -0.011   0.592  -0.278   0.658
 91 203 04 21 30  -0.008   0.585  -0.304   0.661
 91 203 04 22 30   0.021   0.569  -0.337   0.663
 91 203 04 23 30  -0.018   0.558  -0.364   0.667
 91 203 04 24 30   0.046   0.626  -0.213   0.665
 91 203 04 25 30   0.038   0.628  -0.214   0.665
 91 203 04 26 30   0.048   0.618  -0.216   0.658
 91 203 04 27 30   0.026   0.626  -0.172   0.652
 91 203 04 28 30   0.013   0.657  -0.036   0.661
 91 203 04 29 30  -0.006   0.664  -0.007   0.665
 91 203 04 30 30   0.008   0.663  -0.023   0.664
 91 203 04 31 30  -0.006   0.661  -0.038   0.663
 91 203 04 32 30   0.012   0.657  -0.026   0.659
 91 203 04 33 30   0.018   0.653  -0.055   0.658
 91 203 04 34 30  -0.005   0.647  -0.094   0.655
 91 203 04 35 30   0.004   0.651  -0.068   0.655
 91 203 04 36 30   0.053   0.646  -0.079   0.654
 91 203 04 37 30  -0.004   0.588  -0.161   0.645
 91 203 04 38 30   0.026   0.630  -0.120   0.650
 91 203 04 39 30   0.072   0.640   0.038   0.648
 91 203 04 40 30   0.069   0.636   0.032   0.645
 91 203 04 41 30  -0.052   0.644  -0.119   0.659
 91 203 04 42 30  -0.052   0.633  -0.145   0.653
 91 203 04 43 30  -0.066   0.634  -0.130   0.653
 91 203 04 44 30  -0.094   0.612  -0.179   0.645
 91 203 04 45 30  -0.084   0.613  -0.178   0.646
 91 203 04 46 30  -0.178   0.557  -0.260   0.641
 91 203 04 47 30  -0.229   0.572  -0.169   0.641
 91 203 04 48 30  -0.216   0.561  -0.214   0.639
 91 203 04 49 30  -0.234   0.543  -0.232   0.636
 91 203 04 50 30  -0.213   0.537  -0.279   0.642
 91 203 04 51 30  -0.187   0.549  -0.283   0.646
 91 203 04 52 30  -0.232   0.517  -0.307   0.647
 91 203 04 53 30  -0.227   0.518  -0.318   0.649
 91 203 04 54 30  -0.181   0.530  -0.323   0.647
 91 203 04 55 30  -0.166   0.552  -0.303   0.653
 91 203 04 56 30  -0.231   0.516  -0.316   0.648
 91 203 04 57 30  -0.300   0.500  -0.275   0.645
 91 203 04 58 30  -0.310   0.486  -0.293   0.648
 91 203 04 59 30  -0.340   0.455  -0.306   0.646
 91 203 05 00 30  -0.337   0.454  -0.328   0.654
 91 203 05 01 30  -0.313   0.529  -0.181   0.654
 91 203 05 02 30  -0.305   0.573  -0.073   0.655
 91 203 05 03 30  -0.289   0.577  -0.070   0.651
 91 203 05 04 30  -0.284   0.587  -0.069   0.657
 91 203 05 05 30  -0.300   0.570  -0.114   0.657
 91 203 05 06 30  -0.313   0.575  -0.028   0.657
 91 203 05 07 30  -0.316   0.572  -0.039   0.657
 91 203 05 08 30  -0.283   0.584  -0.076   0.656
 91 203 05 09 30  -0.315   0.565  -0.063   0.655
 91 203 05 10 30  -0.291   0.588  -0.035   0.659
 91 203 05 11 30  -0.318   0.573  -0.035   0.657
 91 203 05 12 30  -0.303   0.574  -0.061   0.654
 91 203 05 13 30  -0.279   0.584   0.014   0.651
 91 203 05 14 30  -0.175   0.604  -0.142   0.647
 91 203 05 15 30  -0.210   0.609  -0.031   0.647
 91 203 05 16 30  -0.111   0.596  -0.226   0.651
 91 203 05 17 30  -0.107   0.604  -0.228   0.656
 91 203 05 18 30  -0.128   0.615  -0.181   0.656
 91 203 05 19 30  -0.122   0.632  -0.100   0.654
 91 203 05 20 30  -0.141   0.627  -0.044   0.659
 91 203 05 21 30  -0.146   0.636  -0.059   0.656
 91 203 05 22 30  -0.191   0.624  -0.001   0.653
 91 203 05 23 30  -0.192   0.621  -0.045   0.652
 91 203 05 24 30  -0.188   0.619  -0.055   0.651
 91 203 05 25 30  -0.254   0.601   0.009   0.654
 91 203 05 26 30  -0.274   0.594   0.018   0.656
 91 203 05 27 30  -0.236   0.619  -0.008   0.664
 91 203 05 28 30  -0.223   0.622   0.030   0.663
 91 203 05 29 30  -0.190   0.617   0.108   0.663
 91 203 05 30 30  -0.186   0.631   0.066   0.662
 91 203 05 31 30  -0.234   0.611   0.064   0.659
 91 203 05 32 30  -0.265   0.595   0.049   0.656
 91 203 05 33 30  -0.253   0.599   0.097   0.659
 91 203 05 34 30  -0.279   0.570   0.166   0.656
 91 203 05 35 30  -0.305   0.556   0.176   0.659
 91 203 05 36 30  -0.362   0.521   0.173   0.658
 91 203 05 37 30  -0.340   0.504   0.238   0.656
 91 203 05 38 30  -0.316   0.493   0.304   0.660
 91 203 05 39 30  -0.380   0.458   0.264   0.656
 91 203 05 40 30  -0.384   0.458   0.254   0.651
 91 203 05 41 30  -0.385   0.455   0.235   0.642
 91 203 05 42 30  -0.401   0.442   0.227   0.639
 91 203 05 43 30  -0.392   0.390   0.329   0.645
 91 203 05 44 30  -0.396   0.335   0.373   0.640
 91 203 05 45 30  -0.367   0.369   0.368   0.643
 91 203 05 46 30  -0.373   0.449   0.276   0.650
 91 203 05 47 30  -0.255   0.511   0.309   0.652
 91 203 05 48 30  -0.332   0.463   0.292   0.642
 91 203 05 49 30  -0.309   0.476   0.283   0.638
 91 203 05 50 30  -0.222   0.471   0.338   0.639
 91 203 05 51 30  -0.226   0.542   0.242   0.635
 91 203 05 52 30  -0.239   0.519   0.289   0.641
 91 203 05 53 30  -0.255   0.528   0.261   0.643
 91 203 05 54 30  -0.276   0.516   0.248   0.639
 91 203 05 55 30  -0.212   0.587   0.136   0.642
 91 203 05 56 30  -0.228   0.583   0.085   0.634
 91 203 05 57 30  -0.211   0.576   0.119   0.637
 91 203 05 58 30  -0.274   0.523   0.233   0.635
 91 203 05 59 30  -0.250   0.533   0.239   0.637
 91 203 06 00 30  -0.256   0.517   0.257   0.635
 91 203 06 01 30  -0.298   0.445   0.343   0.639
 91 203 06 02 30  -0.281   0.440   0.367   0.639
 91 203 06 03 30  -0.258   0.457   0.362   0.639
 91 203 06 04 30  -0.132   0.599  -0.142   0.645
 91 203 06 05 30  -0.116   0.578  -0.240   0.643
 91 203 06 06 30  -0.052   0.605  -0.184   0.646
 91 203 06 07 30  -0.104   0.601  -0.153   0.637
 91 203 06 08 30  -0.155   0.602  -0.096   0.635
 91 203 06 09 30  -0.171   0.613   0.033   0.638
 91 203 06 10 30  -0.180   0.614   0.011   0.641
 91 203 06 11 30  -0.149   0.627  -0.014   0.645
 91 203 06 12 30  -0.135   0.631  -0.031   0.648
 91 203 06 13 30  -0.098   0.637  -0.041   0.648
 91 203 06 14 30  -0.152   0.619   0.004   0.639
 91 203 06 15 30  -0.166   0.598   0.118   0.634
 91 203 06 16 30  -0.189   0.582   0.068   0.623
 91 203 06 17 30  -0.163   0.570   0.188   0.622
 91 203 06 18 30  -0.179   0.574   0.175   0.628
 91 203 06 19 30  -0.131   0.551   0.279   0.633
 91 203 06 20 30  -0.097   0.528   0.338   0.635
 91 203 06 21 30  -0.128   0.513   0.341   0.631
 91 203 06 22 30  -0.102   0.544   0.300   0.631
 91 203 06 23 30  -0.117   0.520   0.334   0.630
 91 203 06 24 30  -0.115   0.494   0.380   0.636
 91 203 06 25 30  -0.137   0.491   0.386   0.643
 91 203 06 26 30  -0.151   0.530   0.317   0.637
 91 203 06 27 30  -0.159   0.517   0.319   0.629
 91 203 06 28 30  -0.166   0.531   0.279   0.623
 91 203 06 29 30  -0.118   0.486   0.367   0.623
 91 203 06 30 30  -0.282   0.524   0.135   0.620
 91 203 06 31 30  -0.328   0.504   0.087   0.609
 91 203 06 32 30  -0.332   0.502   0.096   0.611
 91 203 06 33 30  -0.308   0.510   0.138   0.614
 91 203 06 34 30  -0.344   0.481   0.151   0.613
 91 203 06 35 30  -0.343   0.476   0.099   0.598
 91 203 06 36 30  -0.341   0.461   0.144   0.594
 91 203 06 37 30  -0.294   0.458   0.244   0.598
 91 203 06 38 30  -0.272   0.445   0.298   0.605
 91 203 06 39 30  -0.289   0.414   0.327   0.603
 91 203 06 40 30  -0.337   0.358   0.349   0.605
 91 203 06 41 30  -0.339   0.291   0.408   0.607
 91 203 06 42 30  -0.324   0.426   0.279   0.611
 91 203 06 43 30  -0.305   0.500   0.165   0.613
 91 203 06 44 30  -0.317   0.498   0.086   0.605
 91 203 06 45 30  -0.377   0.377   0.266   0.598
 91 203 06 46 30  -0.251   0.465   0.245   0.600
 91 203 06 47 30  -0.342   0.403   0.272   0.601
 91 203 06 48 30  -0.371   0.288   0.297   0.586
 91 203 06 49 30  -0.430   0.271   0.292   0.589
 91 203 06 50 30  -0.373   0.341   0.281   0.591
 91 203 06 51 30  -0.355   0.293   0.374   0.599
 91 203 06 52 30  -0.310   0.332   0.317   0.597
 91 203 06 53 30  -0.063   0.097   0.595   0.609
 91 203 06 54 30  -0.131   0.133   0.579   0.609
 91 203 06 55 30   0.009   0.238   0.575   0.627
 91 203 06 56 30  -0.067   0.233   0.572   0.622
 91 203 06 57 30  -0.098   0.251   0.554   0.619
 91 203 06 58 30  -0.147   0.262   0.527   0.609
 91 203 06 59 30  -0.115   0.491   0.479   0.820
 91 203 07 00 30  -0.140   0.276   0.522   0.608
 91 203 07 01 30  -0.090   0.283   0.539   0.617
 91 203 07 02 30   0.007   0.294   0.548   0.623
 91 203 07 03 30  -0.001   0.300   0.545   0.623
 91 203 07 04 30  -0.022   0.327   0.522   0.618
 91 203 07 05 30  -0.044   0.302   0.530   0.619
 91 203 07 06 30  -0.128   0.316   0.506   0.612
 91 203 07 07 30  -0.099   0.337   0.507   0.618
 91 203 07 08 30  -0.091   0.402   0.456   0.615
 91 203 07 09 30  -0.116   0.409   0.440   0.613
 91 203 07 10 30  -0.166   0.437   0.396   0.614
 91 203 07 11 30  -0.156   0.403   0.420   0.604
 91 203 07 12 30  -0.166   0.393   0.432   0.608
 91 203 07 13 30  -0.047   0.396   0.468   0.619
 91 203 07 14 30  -0.061   0.416   0.470   0.688
 91 203 07 15 30  -0.106   0.412   0.436   0.610
 91 203 07 16 30  -0.061   0.431   0.432   0.614
 91 203 07 17 30   0.055   0.452   0.415   0.629
 91 203 07 20 30  -0.212   0.427   0.421   0.656
 91 203 07 21 30  -0.203   0.348   0.433   0.592
 91 203 07 23 30  -0.256   0.297   0.453   0.600
 91 203 07 35 30  -0.187   0.479   0.316   0.609
 91 203 07 36 30  -0.175   0.565   0.152   0.614
 91 203 07 37 30  -0.151   0.593   0.057   0.615
 91 203 07 39 30  -0.200   0.556   0.144   0.611
 91 203 07 40 30  -0.143   0.574   0.164   0.617
 91 203 07 41 30  -0.221   0.545   0.126   0.617
 91 203 07 42 30  -0.140   0.590   0.114   0.620
 91 203 07 43 30  -0.173   0.533   0.201   0.609
 91 203 07 44 30  -0.234   0.510   0.221   0.604
 91 203 07 45 30  -0.216   0.513   0.243   0.609
 91 203 07 46 30  -0.250   0.508   0.218   0.608
 91 203 07 47 30  -0.186   0.546   0.251   0.631
 91 203 07 48 30  -0.178   0.541   0.215   0.620
 91 203 07 49 30  -0.208   0.487   0.298   0.614
 91 203 07 50 30  -0.355   0.433   0.234   0.610
 91 203 07 51 30  -0.265   0.488   0.241   0.610
 91 203 07 52 30  -0.229   0.502   0.245   0.609
 91 203 07 53 30  -0.270   0.449   0.280   0.612
 91 203 07 54 30  -0.171   0.557   0.224   0.630
 91 203 07 55 30  -0.217   0.572   0.105   0.628
 91 203 07 56 30  -0.288   0.359   0.382   0.607
 91 203 07 57 30  -0.294   0.310   0.442   0.618
 91 203 07 58 30  -0.302   0.218   0.487   0.616
 91 203 07 59 30  -0.298   0.408   0.282   0.614
 91 203 08 00 30  -0.266   0.544   0.078   0.611
 91 203 08 01 30  -0.246   0.542   0.077   0.605
 91 203 08 02 30  -0.076   0.596   0.017   0.605
 91 203 08 03 30  -0.252   0.463   0.151   0.590
 91 203 08 04 30   0.027   0.484  -0.348   0.604
 91 203 08 05 30   0.026   0.552  -0.273   0.617
 91 203 08 06 30   0.024   0.551  -0.283   0.620
 91 203 08 07 30  -0.004   0.564  -0.248   0.617
 91 203 08 08 30  -0.018   0.577  -0.249   0.631
 91 203 08 09 30   0.021   0.587  -0.243   0.636
 91 203 08 10 30   0.001   0.586  -0.232   0.632
 91 203 08 11 30   0.003   0.552  -0.281   0.621
 91 203 08 12 30  -0.034   0.564  -0.258   0.622
 91 203 08 13 30  -0.066   0.591  -0.180   0.626
 91 203 08 14 30  -0.068   0.554  -0.294   0.634
 91 203 08 15 30  -0.110   0.510  -0.332   0.629
 91 203 08 16 30  -0.151   0.539  -0.291   0.632
 91 203 08 17 30  -0.133   0.498  -0.361   0.630
 91 203 08 18 30  -0.086   0.568  -0.240   0.627
 91 203 08 19 30  -0.115   0.591  -0.193   0.634
 91 203 08 20 30  -0.135   0.590  -0.181   0.634
 91 203 08 21 30  -0.122   0.591  -0.176   0.632
 91 203 08 22 30  -0.110   0.601  -0.165   0.634
 91 203 08 23 30  -0.051   0.582  -0.243   0.635
 91 203 08 24 30  -0.098   0.584  -0.221   0.634
 91 203 08 25 30  -0.054   0.592  -0.225   0.637
 91 203 08 26 30   0.007   0.590  -0.236   0.637
 91 203 08 27 30   0.001   0.583  -0.242   0.631
 91 203 08 28 30  -0.068   0.574  -0.252   0.632
 91 203 08 29 30  -0.094   0.570  -0.242   0.627
 91 203 08 30 30  -0.057   0.585  -0.215   0.628
 91 203 08 31 30  -0.116   0.600  -0.161   0.633
 91 203 08 32 30  -0.067   0.580  -0.286   0.653
 91 203 08 33 30  -0.054   0.549  -0.333   0.646
 91 203 08 34 30  -0.087   0.563  -0.298   0.644
 91 203 08 35 30  -0.090   0.560  -0.290   0.638
 91 203 08 36 30  -0.097   0.582  -0.239   0.637
 91 203 08 37 30  -0.111   0.577  -0.241   0.636
 91 203 08 38 30  -0.089   0.593  -0.202   0.634
 91 203 08 39 30  -0.124   0.586  -0.190   0.633
 91 203 08 40 30  -0.190   0.577  -0.155   0.634
 91 203 08 41 30  -0.127   0.592  -0.181   0.638
 91 203 08 42 30  -0.036   0.611   0.006   0.639
 91 203 08 43 30   0.208   0.616   0.088   0.657
 91 203 08 44 30   0.148   0.628   0.113   0.656
 91 203 08 45 30   0.111   0.627   0.101   0.645
 91 203 08 46 30   0.138   0.621   0.135   0.651
 91 203 08 47 30   0.173   0.619   0.104   0.655
 91 203 08 48 30   0.147   0.615   0.158   0.652
 91 203 08 49 30   0.089   0.625   0.139   0.647
 91 203 08 50 30   0.075   0.630   0.126   0.647
 91 203 08 51 30   0.024   0.621   0.135   0.636
 91 203 08 52 30   0.021   0.616   0.120   0.629
 91 203 08 53 30   0.024   0.619   0.108   0.629
 91 203 08 54 30   0.064   0.614   0.102   0.627
 91 203 08 55 30   0.059   0.614   0.102   0.625
 91 203 08 56 30   0.045   0.614   0.094   0.623
 91 203 08 57 30   0.050   0.614   0.090   0.623
 91 203 08 58 30   0.048   0.611   0.101   0.621
 91 203 08 59 30   0.020   0.602   0.107   0.612
 91 203 09 00 30   0.031   0.599   0.131   0.614
 91 203 09 01 30  -0.002   0.602   0.133   0.616
 91 203 09 02 30  -0.060   0.608   0.088   0.619
 91 203 09 03 30  -0.082   0.609   0.012   0.615
 91 203 09 04 30  -0.104   0.596   0.043   0.608
 91 203 09 05 30  -0.119   0.583   0.091   0.604
 91 203 09 06 30  -0.113   0.591   0.093   0.610
 91 203 09 07 30  -0.082   0.596   0.081   0.608
 91 203 09 08 30  -0.107   0.592   0.063   0.605
 91 203 09 09 30  -0.157   0.566   0.109   0.599
 91 203 09 10 30  -0.224   0.534   0.132   0.594
 91 203 09 11 30  -0.207   0.541   0.136   0.595
 91 203 09 12 30  -0.206   0.530   0.158   0.592
 91 203 09 13 30  -0.244   0.518   0.142   0.591
 91 203 09 14 30  -0.234   0.524   0.141   0.592
 91 203 09 15 30  -0.235   0.536   0.123   0.599
 91 203 09 16 30  -0.216   0.542   0.113   0.595
 91 203 09 17 30  -0.187   0.553   0.090   0.591
 91 203 09 18 30  -0.227   0.522   0.104   0.579
 91 203 09 19 30  -0.246   0.515   0.116   0.582
 91 203 09 20 30  -0.238   0.521   0.104   0.583
 91 203 09 21 30  -0.206   0.537   0.072   0.580
 91 203 09 22 30  -0.218   0.508   0.137   0.571
 91 203 09 23 30  -0.236   0.514   0.108   0.577
 91 203 09 24 30  -0.238   0.524   0.082   0.581
 91 203 09 25 30  -0.211   0.418   0.106   0.521
 91 203 09 26 30  -0.337   0.129   0.339   0.497
 91 203 09 27 30  -0.294   0.264   0.293   0.511
 91 203 09 28 30  -0.300   0.215   0.302   0.486
 91 203 09 29 30  -0.316   0.191   0.319   0.493
 91 203 09 30 30  -0.319   0.355   0.146   0.535
 91 203 09 31 30  -0.283   0.498  -0.012   0.574
 91 203 09 32 30  -0.267   0.503   0.028   0.571
 91 203 09 33 30  -0.273   0.499  -0.009   0.569
 91 203 09 34 30  -0.302   0.487  -0.024   0.574
 91 203 09 35 30  -0.257   0.495  -0.039   0.562
 91 203 09 36 30  -0.342   0.430   0.076   0.555
 91 203 09 37 30  -0.352   0.409   0.096   0.549
 91 203 09 38 30  -0.395   0.373   0.123   0.558
 91 203 09 39 30  -0.435   0.317   0.140   0.558
 91 203 09 40 30  -0.419   0.346   0.114   0.557
 91 203 09 41 30  -0.416   0.301   0.204   0.553
 91 203 09 42 30  -0.428   0.300   0.193   0.557
 91 203 09 43 30  -0.445   0.253   0.207   0.554
 91 203 09 44 30  -0.423   0.136   0.264   0.525
 91 203 09 45 30  -0.339  -0.089   0.414   0.547
 91 203 09 46 30  -0.269  -0.211   0.437   0.559
 91 203 09 47 30  -0.307  -0.172   0.440   0.571
 91 203 09 48 30  -0.336  -0.151   0.408   0.554
 91 203 09 49 30  -0.289  -0.226   0.423   0.561
 91 203 09 50 30  -0.250  -0.251   0.430   0.558
 91 203 09 51 30  -0.237  -0.280   0.414   0.555
 91 203 09 52 30  -0.161  -0.381   0.373   0.559
 91 203 09 53 30  -0.172  -0.361   0.386   0.557
 91 203 09 54 30  -0.117  -0.404   0.396   0.582
 91 203 09 55 30  -0.143  -0.267   0.497   0.584
 91 203 09 56 30  -0.202  -0.225   0.480   0.571
 91 203 09 57 30  -0.229  -0.255   0.475   0.588
 91 203 09 58 30  -0.264  -0.165   0.458   0.575
 91 203 09 59 30  -0.372   0.274   0.295   0.552
 91 203 10 00 30  -0.413   0.170   0.342   0.565
 91 203 10 01 30  -0.441   0.202   0.299   0.572
 91 203 10 02 30  -0.430   0.171   0.345   0.578
 91 203 10 03 30  -0.435   0.159   0.337   0.574
 91 203 10 04 30  -0.441   0.158   0.325   0.571
 91 203 10 05 30  -0.441   0.116   0.343   0.573
 91 203 10 06 30  -0.476  -0.028   0.296   0.567
 91 203 10 07 30  -0.435  -0.023   0.373   0.575
 91 203 10 08 30  -0.319   0.174   0.448   0.577
 91 203 10 09 30  -0.369   0.090   0.431   0.577
 91 203 10 10 30  -0.391   0.140   0.408   0.583
 91 203 10 11 30  -0.361   0.171   0.428   0.587
 91 203 10 12 30  -0.369   0.109   0.430   0.578
 91 203 10 13 30  -0.374   0.130   0.423   0.580
 91 203 10 14 30  -0.363   0.180   0.428   0.591
 91 203 10 15 30  -0.365   0.222   0.407   0.592
 91 203 10 16 30  -0.313   0.319   0.340   0.564
 91 203 10 17 30  -0.197   0.419   0.317   0.574
 91 203 10 18 30  -0.307   0.298   0.396   0.585
 91 203 10 19 30  -0.327   0.265   0.385   0.577
 91 203 10 20 30  -0.435   0.154   0.324   0.576
 91 203 10 21 30  -0.510  -0.167   0.031   0.548
 91 203 10 22 30  -0.451  -0.310   0.112   0.566
 91 203 10 23 30  -0.472  -0.252   0.179   0.567
 91 203 10 24 30  -0.519  -0.193   0.140   0.572
 91 203 10 25 30  -0.512  -0.210   0.148   0.573
 91 203 10 26 30  -0.503  -0.211   0.155   0.568
 91 203 10 27 30  -0.531  -0.190   0.092   0.573
 91 203 10 28 30  -0.532  -0.168   0.134   0.575
 91 203 10 29 30  -0.538  -0.128   0.150   0.574
 91 203 10 30 30  -0.538  -0.095   0.144   0.565
 91 203 10 31 30  -0.530  -0.085   0.162   0.562
 91 203 10 32 30  -0.540  -0.049   0.140   0.565
 91 203 10 33 30  -0.531  -0.014   0.203   0.570
 91 203 10 34 30  -0.511  -0.072   0.202   0.557
 91 203 10 35 30  -0.504  -0.040   0.235   0.558
 91 203 10 36 30  -0.508  -0.170   0.169   0.564
 91 203 10 37 30  -0.362  -0.210   0.373   0.572
 91 203 10 38 30  -0.216  -0.232   0.471   0.576
 91 203 10 39 30  -0.202  -0.196   0.522   0.595
 91 203 10 40 30  -0.173  -0.189   0.531   0.597
 91 203 10 41 30  -0.101  -0.162   0.564   0.596
 91 203 10 42 30  -0.083  -0.155   0.553   0.581
 91 203 10 43 30  -0.122  -0.138   0.532   0.564
 91 203 10 44 30  -0.460  -0.197   0.093   0.548
 91 203 10 45 30  -0.412  -0.292   0.250   0.569
 91 203 10 46 30  -0.512  -0.049   0.177   0.568
 91 203 10 47 30  -0.536  -0.036   0.072   0.545
 91 203 10 48 30  -0.519  -0.106   0.093   0.539
 91 203 10 49 30  -0.530  -0.043   0.061   0.536
 91 203 10 50 30  -0.519  -0.092   0.118   0.541
 91 203 10 51 30  -0.532  -0.065   0.103   0.546
 91 203 10 52 30  -0.510  -0.069   0.096   0.525
 91 203 10 53 30  -0.512  -0.084   0.125   0.534
 91 203 10 54 30  -0.505  -0.114   0.121   0.533
 91 203 10 55 30  -0.499  -0.143   0.133   0.536
 91 203 10 56 30  -0.464  -0.212   0.139   0.530
 91 203 10 57 30  -0.429  -0.246   0.160   0.520
 91 203 10 58 30  -0.375  -0.289   0.217   0.523
 91 203 10 59 30  -0.452  -0.247   0.025   0.521
 91 203 11 00 30  -0.451  -0.267   0.015   0.529
 91 203 11 01 30  -0.395  -0.289   0.188   0.528
 91 203 11 02 30  -0.358  -0.293   0.236   0.534
 91 203 11 03 30  -0.181  -0.259   0.448   0.565
 91 203 11 04 30  -0.080  -0.262   0.486   0.560
 91 203 11 05 30   0.045  -0.210   0.513   0.569
 91 203 11 06 30   0.021  -0.209   0.521   0.565
 91 203 11 07 30  -0.077  -0.226   0.489   0.547
 91 203 11 08 30  -0.136  -0.211   0.474   0.538
 91 203 11 09 30  -0.163  -0.230   0.449   0.533
 91 203 11 10 30  -0.178  -0.257   0.432   0.538
 91 203 11 11 30  -0.216  -0.264   0.398   0.528
 91 203 11 12 30  -0.293  -0.258   0.360   0.533
 91 203 11 13 30  -0.294  -0.242   0.375   0.535
 91 203 11 14 30  -0.315  -0.261   0.347   0.537
 91 203 11 15 30  -0.250  -0.244   0.402   0.534
 91 203 11 16 30  -0.368  -0.197   0.337   0.537
 91 203 11 17 30  -0.351  -0.207   0.347   0.537
 91 203 11 18 30  -0.392  -0.194   0.298   0.531
 91 203 11 19 30  -0.387  -0.184   0.311   0.532
 91 203 11 20 30  -0.376  -0.207   0.305   0.527
 91 203 11 21 30  -0.419  -0.117   0.279   0.519
 91 203 11 22 30  -0.383  -0.160   0.298   0.513
 91 203 11 23 30  -0.387  -0.161   0.293   0.514
 91 203 11 24 30  -0.373  -0.215   0.294   0.522
 91 203 11 25 30  -0.383  -0.210   0.279   0.519
 91 203 11 26 30  -0.368  -0.206   0.290   0.512
 91 203 11 27 30  -0.348  -0.217   0.302   0.510
 91 203 11 28 30  -0.366  -0.219   0.269   0.506
 91 203 11 29 30  -0.339  -0.194   0.309   0.502
 91 203 11 30 30  -0.338  -0.156   0.337   0.504
 91 203 11 31 30  -0.324  -0.185   0.321   0.493
 91 203 11 32 30  -0.399  -0.156   0.212   0.480
 91 203 11 33 30  -0.417  -0.154   0.214   0.494
 91 203 11 34 30  -0.421  -0.125   0.155   0.467
 91 203 11 35 30  -0.392  -0.096   0.113   0.420
 91 203 11 36 30  -0.409  -0.122   0.168   0.460
 91 203 11 37 30  -0.410  -0.111   0.174   0.459
 91 203 11 38 30  -0.405  -0.128   0.162   0.456
 91 203 11 39 30  -0.380  -0.148   0.206   0.458
 91 203 11 40 30  -0.374  -0.128   0.246   0.468
 91 203 11 41 30  -0.534  -0.061   0.186   0.580
 91 203 11 42 30  -0.383  -0.049   0.190   0.438
 91 203 11 43 30  -0.327  -0.189   0.231   0.447
 91 203 11 44 30  -0.350  -0.102   0.266   0.456
 91 203 11 45 30  -0.354  -0.046   0.271   0.451
 91 203 11 46 30  -0.416  -0.076   0.228   0.483
 91 203 11 47 30  -0.453  -0.100   0.219   0.513
 91 203 11 48 30  -0.465  -0.099   0.242   0.534
 91 203 11 49 30  -0.449  -0.100   0.258   0.528
 91 203 11 50 30  -0.462  -0.068   0.229   0.524
 91 203 11 51 30  -0.462  -0.063   0.178   0.500
 91 203 11 52 30  -0.447  -0.067   0.178   0.486
 91 203 11 53 30  -0.454  -0.087   0.189   0.500
 91 203 11 54 30  -0.479  -0.085   0.162   0.513
 91 203 11 55 30  -0.422  -0.174   0.185   0.496
 91 203 11 56 30  -0.446  -0.117   0.141   0.484
 91 203 11 57 30  -0.423  -0.032   0.119   0.442
 91 203 11 58 30  -0.450  -0.012   0.089   0.461
 91 203 11 59 30  -0.465  -0.053   0.095   0.479
 91 203 12 00 30  -0.444   0.000   0.094   0.455
 91 203 12 01 30  -0.452   0.065   0.092   0.466
 91 203 12 02 30  -0.449  -0.046   0.113   0.466
 91 203 12 03 30  -0.474  -0.038   0.116   0.490
 91 203 12 04 30  -0.450  -0.031   0.093   0.461
 91 203 12 05 30  -0.444  -0.050   0.160   0.479
 91 203 12 06 30  -0.437  -0.071   0.244   0.506
 91 203 12 07 30  -0.447  -0.045   0.230   0.512
 91 203 12 08 30  -0.339  -0.123   0.361   0.513
 91 203 12 09 30  -0.319  -0.133   0.370   0.508
 91 203 12 10 30  -0.350  -0.116   0.361   0.518
 91 203 12 11 30  -0.332  -0.107   0.396   0.529
 91 203 12 12 30  -0.311  -0.171   0.413   0.547
 91 203 12 13 30  -0.325  -0.185   0.400   0.550
 91 203 12 14 30  -0.288  -0.153   0.440   0.550
 91 203 12 15 30  -0.328  -0.173   0.402   0.548
 91 203 12 16 30  -0.367  -0.150   0.374   0.548
 91 203 12 17 30  -0.291  -0.198   0.416   0.546
 91 203 12 18 30  -0.274  -0.185   0.423   0.539
 91 203 12 19 30  -0.287  -0.142   0.443   0.548
 91 203 12 20 30  -0.312  -0.132   0.433   0.552
 91 203 12 21 30  -0.323  -0.178   0.394   0.542
 91 203 12 22 30  -0.371  -0.273   0.291   0.550
 91 203 12 23 30  -0.353  -0.256   0.317   0.563
 91 203 12 24 30  -0.305  -0.167   0.448   0.568
 91 203 12 25 30  -0.249  -0.151   0.485   0.567
 91 203 12 26 30  -0.224  -0.142   0.522   0.585
 91 203 12 27 30  -0.229  -0.163   0.519   0.591
 91 203 12 28 30  -0.213  -0.193   0.517   0.593
 91 203 12 29 30  -0.212  -0.232   0.490   0.586
 91 203 12 30 30  -0.347  -0.216   0.396   0.571
 91 203 12 31 30  -0.432  -0.199   0.291   0.557
 91 203 12 32 30  -0.423  -0.235   0.277   0.560
 91 203 12 33 30  -0.427  -0.215   0.295   0.564
 91 203 12 34 30  -0.418  -0.245   0.284   0.562
 91 203 12 35 30  -0.391  -0.270   0.260   0.544
 91 203 12 36 30  -0.362  -0.217   0.197   0.467
 91 203 12 37 30  -0.391  -0.220   0.199   0.492
 91 203 12 38 30  -0.420  -0.222   0.257   0.544
 91 203 12 39 30  -0.419  -0.254   0.220   0.538
 91 203 12 40 30  -0.436  -0.255   0.202   0.547
 91 203 12 41 30  -0.440  -0.249   0.258   0.575
 91 203 12 42 30  -0.442  -0.235   0.307   0.588
 91 203 12 43 30  -0.393  -0.236   0.369   0.591
 91 203 12 44 30  -0.420  -0.221   0.352   0.592
 91 203 12 45 30  -0.374  -0.272   0.371   0.594
 91 203 12 46 30  -0.395  -0.249   0.374   0.600
 91 203 12 47 30  -0.384  -0.230   0.391   0.595
 91 203 12 48 30  -0.376  -0.246   0.403   0.604
 91 203 12 49 30  -0.333  -0.231   0.456   0.612
 91 203 12 50 30  -0.337  -0.289   0.439   0.625
 91 203 12 51 30  -0.350  -0.324   0.412   0.631
 91 203 12 52 30  -0.383  -0.298   0.392   0.625
 91 203 12 53 30  -0.406  -0.270   0.373   0.616
 91 203 12 54 30  -0.439  -0.231   0.377   0.627
 91 203 12 55 30  -0.511  -0.151   0.313   0.619
 91 203 12 56 30  -0.506  -0.205   0.314   0.632
 91 203 12 57 30  -0.514  -0.127   0.326   0.625
 91 203 12 58 30  -0.542   0.055   0.286   0.617
 91 203 12 59 30  -0.516  -0.022   0.336   0.617
 91 203 13 00 30  -0.506   0.003   0.346   0.614
 91 203 13 01 30  -0.481  -0.034   0.371   0.610
 91 203 13 02 30  -0.498  -0.057   0.365   0.621
 91 203 13 03 30  -0.482  -0.107   0.378   0.625
 91 203 13 04 30  -0.466  -0.086   0.409   0.629
 91 203 13 05 30  -0.494  -0.065   0.382   0.630
 91 203 13 06 30  -0.477  -0.058   0.408   0.632
 91 203 13 07 30  -0.501  -0.089   0.375   0.633
 91 203 13 08 30  -0.447  -0.124   0.397   0.615
 91 203 13 09 30  -0.450  -0.137   0.366   0.601
 91 203 13 10 30  -0.454  -0.125   0.394   0.616
 91 203 13 11 30  -0.474  -0.109   0.410   0.637
 91 203 13 12 30  -0.482  -0.075   0.402   0.633
 91 203 13 13 30  -0.498  -0.061   0.380   0.631
 91 203 13 14 30  -0.506  -0.104   0.373   0.638
 91 203 13 15 30  -0.504  -0.075   0.383   0.638
 91 203 13 16 30  -0.506  -0.108   0.361   0.632
 91 203 13 17 30  -0.542  -0.203   0.234   0.625
 91 203 13 18 30  -0.564  -0.127   0.231   0.628
 91 203 13 19 30  -0.512  -0.103   0.349   0.629
 91 203 13 20 30  -0.512  -0.114   0.361   0.638
 91 203 13 21 30  -0.465  -0.076   0.439   0.645
 91 203 13 22 30  -0.480  -0.128   0.419   0.650
 91 203 13 23 30  -0.483  -0.120   0.408   0.646
 91 203 13 24 30  -0.513  -0.130   0.377   0.651
 91 203 13 25 30  -0.519  -0.016   0.274   0.654
 91 203 13 26 30  -0.488  -0.094   0.353   0.661
 91 203 13 27 30  -0.511  -0.034   0.412   0.658
 91 203 13 28 30  -0.515  -0.050   0.408   0.660
 91 203 13 29 30  -0.488  -0.082   0.435   0.660
 91 203 13 30 30  -0.470  -0.091   0.449   0.657
 91 203 13 31 30  -0.483  -0.061   0.445   0.660
 91 203 13 32 30  -0.504  -0.073   0.426   0.665
 91 203 13 33 30  -0.498  -0.077   0.433   0.665
 91 203 13 34 30  -0.492  -0.057   0.440   0.663
 91 203 13 35 30  -0.489  -0.059   0.435   0.658
 91 203 13 36 30  -0.478  -0.105   0.437   0.657
 91 203 13 37 30  -0.505  -0.063   0.418   0.659
 91 203 13 38 30  -0.504  -0.060   0.419   0.659
 91 203 13 39 30  -0.461  -0.124   0.474   0.673
 91 203 13 40 30  -0.473  -0.117   0.460   0.673
 91 203 13 41 30  -0.520  -0.013   0.423   0.671
 91 203 13 42 30  -0.498  -0.049   0.443   0.669
 91 203 13 43 30  -0.487  -0.062   0.451   0.668
 91 203 13 44 30  -0.511  -0.032   0.424   0.665
 91 203 13 45 30  -0.541   0.004   0.387   0.665
 91 203 13 46 30  -0.531  -0.002   0.396   0.663
 91 203 13 47 30  -0.532   0.020   0.392   0.662
 91 203 13 48 30  -0.553   0.045   0.361   0.663
 91 203 13 49 30  -0.557   0.029   0.356   0.663
 91 203 13 50 30  -0.539   0.096   0.383   0.669
 91 203 13 51 30  -0.538   0.109   0.376   0.666
 91 203 13 52 30  -0.544  -0.054   0.378   0.669
 91 203 13 53 30  -0.556  -0.082   0.365   0.671
 91 203 13 54 30  -0.541  -0.035   0.401   0.676
 91 203 13 55 30  -0.537  -0.080   0.408   0.680
 91 203 13 56 30  -0.542  -0.071   0.415   0.687
 91 203 13 57 30  -0.527  -0.033   0.440   0.687
 91 203 13 58 30  -0.541   0.002   0.423   0.688
 91 203 13 59 30  -0.527   0.028   0.432   0.682
 91 203 14 00 30  -0.526   0.047   0.433   0.684
 91 203 14 01 30  -0.519   0.066   0.436   0.682
 91 203 14 02 30  -0.537   0.013   0.413   0.681
 91 203 14 03 30  -0.540   0.027   0.421   0.686
 91 203 14 04 30  -0.541   0.012   0.425   0.688
 91 203 14 05 30  -0.544   0.026   0.416   0.685
 91 203 14 06 30  -0.546   0.024   0.418   0.689
 91 203 14 07 30  -0.566   0.028   0.390   0.688
 91 203 14 08 30  -0.549   0.010   0.410   0.686
 91 203 14 09 30  -0.538   0.044   0.427   0.689
 91 203 14 10 30  -0.544   0.071   0.412   0.687
 91 203 14 11 30  -0.550   0.072   0.412   0.691
 91 203 14 12 30  -0.535   0.075   0.435   0.694
 91 203 14 13 30  -0.531   0.070   0.442   0.696
 91 203 14 14 30  -0.551   0.040   0.413   0.690
 91 203 14 15 30  -0.551   0.098   0.396   0.687
 91 203 14 16 30  -0.544   0.057   0.406   0.681
 91 203 14 17 30  -0.561   0.043   0.376   0.677
 91 203 14 18 30  -0.548   0.076   0.411   0.691
 91 203 14 19 30  -0.545   0.097   0.411   0.690
 91 203 14 20 30  -0.523   0.133   0.419   0.686
 91 203 14 21 30  -0.417   0.238   0.421   0.674
 91 203 14 22 30  -0.206   0.456   0.399   0.642
 91 203 14 23 30  -0.208   0.450   0.399   0.638
 91 203 14 24 30  -0.247   0.442   0.358   0.632
 91 203 14 25 30  -0.546   0.250   0.229   0.643
 91 203 14 26 30  -0.563   0.232   0.215   0.646
 91 203 14 27 30  -0.580   0.217   0.211   0.654
 91 203 14 28 30  -0.580   0.219   0.207   0.654
 91 203 14 29 30  -0.556   0.234   0.231   0.646
 91 203 14 30 30  -0.462   0.337   0.266   0.632
 91 203 14 31 30  -0.516   0.225   0.270   0.625
 91 203 14 32 30  -0.459   0.291   0.293   0.627
 91 203 14 33 30  -0.384   0.384   0.313   0.629
 91 203 14 34 30  -0.404   0.343   0.337   0.629
 91 203 14 35 30  -0.412   0.335   0.350   0.636
 91 203 14 36 30  -0.387   0.362   0.342   0.632
 91 203 14 37 30  -0.382   0.371   0.342   0.634
 91 203 14 38 30  -0.399   0.347   0.337   0.628
 91 203 14 39 30  -0.410   0.402   0.294   0.646
 91 203 14 40 30  -0.412   0.378   0.307   0.639
 91 203 14 41 30  -0.416   0.394   0.276   0.637
 91 203 14 42 30  -0.411   0.409   0.260   0.636
 91 203 14 43 30  -0.267   0.490   0.226   0.635
 91 203 14 44 30  -0.292   0.471   0.262   0.625
 91 203 14 45 30  -0.340   0.480   0.263   0.645
 91 203 14 46 30  -0.378   0.438   0.263   0.636
 91 203 14 47 30  -0.355   0.457   0.269   0.639
 91 203 14 48 30  -0.368   0.411   0.306   0.631
 91 203 14 49 30  -0.400   0.390   0.293   0.631
 91 203 14 50 30  -0.408   0.424   0.230   0.632
 91 203 14 51 30  -0.402   0.404   0.234   0.617
 91 203 14 52 30  -0.384   0.420   0.245   0.621
 91 203 14 53 30  -0.394   0.416   0.245   0.623
 91 203 14 54 30  -0.388   0.436   0.230   0.628
 91 203 14 55 30  -0.376   0.456   0.204   0.626
 91 203 14 56 30  -0.347   0.440   0.261   0.619
 91 203 14 57 30  -0.332   0.455   0.273   0.626
 91 203 14 58 30  -0.339   0.464   0.284   0.641
 91 203 14 59 30  -0.313   0.478   0.291   0.643
 91 203 15 00 30  -0.292   0.468   0.318   0.637
 91 203 15 01 30  -0.310   0.462   0.291   0.629
 91 203 15 02 30  -0.303   0.472   0.287   0.631
 91 203 15 03 30  -0.297   0.457   0.299   0.628
 91 203 15 04 30  -0.344   0.424   0.277   0.613
 91 203 15 05 30  -0.328   0.420   0.301   0.613
 91 203 15 06 30  -0.362   0.427   0.265   0.621
 91 203 15 07 30  -0.353   0.417   0.289   0.619
 91 203 15 08 30  -0.393   0.388   0.273   0.617
 91 203 15 09 30  -0.363   0.393   0.312   0.621
 91 203 15 10 30  -0.363   0.365   0.349   0.624
 91 203 15 11 30  -0.329   0.336   0.398   0.618
 91 203 15 12 30  -0.322   0.335   0.390   0.608
 91 203 15 13 30  -0.323   0.350   0.372   0.606
 91 203 15 14 30  -0.303   0.354   0.394   0.611
 91 203 15 15 30  -0.317   0.372   0.380   0.620
 91 203 15 16 30  -0.352   0.351   0.366   0.618
 91 203 15 17 30  -0.388   0.339   0.333   0.615
 91 203 15 18 30  -0.320   0.379   0.364   0.616
 91 203 15 19 30  -0.323   0.367   0.377   0.619
 91 203 15 20 30  -0.302   0.342   0.408   0.613
 91 203 15 21 30  -0.291   0.386   0.364   0.610
 91 203 15 22 30  -0.298   0.391   0.364   0.613
 91 203 15 23 30  -0.303   0.365   0.386   0.612
 91 203 15 24 30  -0.301   0.350   0.393   0.607
 91 203 15 25 30  -0.322   0.337   0.378   0.601
 91 203 15 26 30  -0.319   0.351   0.375   0.605
 91 203 15 27 30  -0.328   0.340   0.383   0.609
 91 203 15 28 30  -0.323   0.383   0.369   0.623
 91 203 15 29 30  -0.330   0.397   0.341   0.620
 91 203 15 30 30  -0.312   0.398   0.362   0.623
 91 203 15 31 30  -0.338   0.363   0.372   0.621
 91 203 15 32 30  -0.331   0.408   0.332   0.622
 91 203 15 33 30  -0.322   0.401   0.325   0.610
 91 203 15 34 30  -0.313   0.419   0.300   0.604
 91 203 15 35 30  -0.344   0.347   0.342   0.597
 91 203 15 36 30  -0.349   0.322   0.363   0.599
 91 203 15 37 30  -0.327   0.343   0.371   0.603
 91 203 15 38 30  -0.328   0.357   0.348   0.604
 91 203 15 39 30  -0.352   0.315   0.343   0.592
 91 203 15 40 30  -0.329   0.302   0.375   0.585
 91 203 15 41 30  -0.349   0.314   0.345   0.583
 91 203 15 42 30  -0.349   0.321   0.325   0.576
 91 203 15 43 30  -0.335   0.361   0.308   0.582
 91 203 15 44 30  -0.310   0.406   0.276   0.586
 91 203 15 45 30  -0.201   0.483   0.191   0.558
 91 203 15 46 30  -0.266   0.415   0.220   0.542
 91 203 15 47 30  -0.272   0.419   0.190   0.535
 91 203 15 48 30  -0.256   0.416   0.172   0.520
 91 203 15 49 30  -0.225   0.433   0.138   0.510
 91 203 15 50 30  -0.213   0.445   0.118   0.508
 91 203 15 51 30  -0.211   0.441   0.132   0.507
 91 203 15 52 30  -0.186   0.445   0.144   0.504
 91 203 15 53 30  -0.201   0.444   0.138   0.509
 91 203 15 54 30  -0.195   0.453   0.094   0.503
 91 203 15 55 30  -0.198   0.455   0.085   0.504
 91 203 15 56 30  -0.192   0.469   0.083   0.516
 91 203 15 57 30  -0.191   0.469   0.031   0.508
 91 203 15 58 30  -0.198   0.475  -0.002   0.515
 91 203 15 59 30  -0.231   0.445   0.172   0.535
 91 203 16 00 30  -0.242   0.438   0.187   0.536
 91 203 16 01 30  -0.234   0.422   0.210   0.527
 91 203 16 02 30  -0.233   0.436   0.180   0.528
 91 203 16 03 30  -0.244   0.427   0.211   0.537
 91 203 16 04 30  -0.277   0.412   0.231   0.548
 91 203 16 05 30  -0.280   0.386   0.240   0.534
 91 203 16 06 30  -0.319   0.387   0.215   0.546
 91 203 16 07 30  -0.325   0.395   0.226   0.560
 91 203 16 08 30  -0.346   0.392   0.234   0.574
 91 203 16 09 30  -0.350   0.428   0.164   0.577
 91 203 16 10 30  -0.370   0.428   0.119   0.578
 91 203 16 11 30  -0.383   0.418   0.083   0.574
 91 203 16 12 30  -0.378   0.423   0.052   0.570
 91 203 16 13 30  -0.331   0.453   0.061   0.567
 91 203 16 14 30  -0.347   0.446   0.055   0.568
 91 203 16 15 30  -0.379   0.408   0.063   0.564
 91 203 16 16 30  -0.377   0.399   0.081   0.558
 91 203 16 17 30  -0.371   0.414   0.091   0.565
 91 203 16 18 30  -0.386   0.400   0.079   0.561
 91 203 16 19 30  -0.392   0.379   0.077   0.552
 91 203 16 20 30  -0.383   0.393   0.052   0.552
 91 203 16 21 30  -0.344   0.434   0.088   0.562
 91 203 16 22 30  -0.346   0.435   0.095   0.565
 91 203 16 23 30  -0.363   0.419   0.110   0.566
 91 203 16 24 30  -0.404   0.375   0.115   0.564
 91 203 16 25 30  -0.428   0.343   0.136   0.566
 91 203 16 26 30  -0.435   0.311   0.180   0.565
 91 203 16 27 30  -0.423   0.323   0.169   0.560
 91 203 16 28 30  -0.430   0.326   0.173   0.568
 91 203 16 29 30  -0.403   0.358   0.189   0.572
 91 203 16 30 30  -0.397   0.367   0.179   0.570
 91 203 16 31 30  -0.393   0.364   0.178   0.566
 91 203 16 32 30  -0.392   0.352   0.199   0.564
 91 203 16 33 30  -0.392   0.361   0.174   0.560
 91 203 16 34 30  -0.403   0.352   0.174   0.563
 91 203 16 35 30  -0.447   0.315   0.142   0.566
 91 203 16 36 30  -0.440   0.327   0.131   0.565
 91 203 16 37 30  -0.420   0.342   0.155   0.564
 91 203 16 38 30  -0.406   0.354   0.157   0.562
 91 203 16 39 30  -0.403   0.347   0.161   0.556
 91 203 16 40 30  -0.408   0.357   0.157   0.564
 91 203 16 41 30  -0.411   0.344   0.160   0.560
 91 203 16 42 30  -0.415   0.312   0.176   0.551
 91 203 16 43 30  -0.440   0.265   0.175   0.543
 91 203 16 44 30  -0.472   0.207   0.153   0.540
 91 203 16 45 30  -0.487   0.208   0.087   0.537
 91 203 16 46 30  -0.504   0.148   0.097   0.535
 91 203 16 47 30  -0.516   0.093   0.118   0.538
 91 203 16 48 30  -0.516   0.065   0.115   0.535
 91 203 16 49 30  -0.506   0.135   0.131   0.541
 91 203 16 50 30  -0.508   0.125   0.140   0.541
 91 203 16 51 30  -0.500   0.108   0.176   0.542
 91 203 16 52 30  -0.498   0.139   0.168   0.544
 91 203 16 53 30  -0.488   0.160   0.183   0.546
 91 203 16 54 30  -0.460   0.232   0.199   0.553
 91 203 16 55 30  -0.459   0.201   0.233   0.553
 91 203 16 56 30  -0.459   0.170   0.236   0.544
 91 203 16 57 30  -0.448   0.122   0.282   0.544
 91 203 16 58 30  -0.452   0.109   0.278   0.544
 91 203 16 59 30  -0.445   0.195   0.238   0.550
 91 203 17 00 30  -0.431   0.211   0.244   0.543
 91 203 17 01 30  -0.440   0.077   0.275   0.532
 91 203 17 02 30  -0.465  -0.052   0.232   0.531
 91 203 17 03 30  -0.330   0.349   0.170   0.556
 91 203 17 04 30  -0.157   0.538   0.085   0.569
 91 203 17 05 30  -0.179   0.515   0.077   0.552
 91 203 17 06 30  -0.208   0.488   0.118   0.544
 91 203 17 07 30  -0.273   0.407   0.210   0.535
 91 203 17 08 30  -0.277   0.406   0.202   0.534
 91 203 17 09 30  -0.269   0.403   0.180   0.531
 91 203 17 10 30  -0.321   0.320   0.257   0.536
 91 203 17 11 30  -0.173   0.513   0.020   0.544
 91 203 17 12 30  -0.110   0.528   0.071   0.548
 91 203 17 13 30  -0.117   0.490   0.143   0.543
 91 203 17 14 30  -0.093   0.518   0.132   0.549
 91 203 17 15 30   0.098   0.542  -0.007   0.555
 91 203 17 16 30  -0.202   0.354   0.135   0.514
 91 203 17 17 30  -0.400   0.223   0.159   0.494
 91 203 17 18 30  -0.116   0.467   0.121   0.521
 91 203 17 19 30   0.041   0.556   0.049   0.560
 91 203 17 20 30   0.023   0.571   0.051   0.574
 91 203 17 21 30   0.054   0.562   0.044   0.567
 91 203 17 22 30  -0.007   0.562   0.093   0.570
 91 203 17 23 30   0.027   0.570   0.078   0.577
 91 203 17 24 30   0.040   0.581   0.078   0.588
 91 203 17 25 30   0.056   0.580   0.079   0.588
 91 203 17 26 30   0.037   0.580   0.078   0.587
 91 203 17 27 30   0.001   0.578   0.101   0.587
 91 203 17 28 30   0.042   0.580   0.081   0.588
 91 203 17 29 30   0.042   0.581   0.075   0.588
 91 203 17 30 30   0.067   0.586   0.094   0.598
 91 203 17 31 30   0.072   0.576   0.111   0.591
 91 203 17 32 30   0.076   0.567   0.122   0.585
 91 203 17 33 30   0.077   0.571   0.129   0.591
 91 203 17 34 30   0.067   0.569   0.132   0.588
 91 203 17 35 30   0.122   0.554   0.158   0.589
 91 203 17 36 30   0.145   0.574   0.081   0.598
 91 203 17 37 30   0.072   0.578   0.093   0.592
 91 203 17 38 30  -0.005   0.528   0.184   0.565
 91 203 17 39 30  -0.106   0.449   0.264   0.534
 91 203 17 40 30  -0.122   0.415   0.292   0.530
 91 203 17 41 30  -0.130   0.452   0.236   0.530
 91 203 17 42 30  -0.072   0.479   0.206   0.532
 91 203 17 43 30  -0.109   0.491   0.174   0.535
 91 203 17 44 30  -0.053   0.509   0.202   0.557
 91 203 17 45 30  -0.003   0.537   0.136   0.555
 91 203 17 46 30  -0.003   0.558   0.095   0.566
 91 203 17 47 30  -0.019   0.548   0.087   0.559
 91 203 17 48 30  -0.061   0.490   0.197   0.538
 91 203 17 49 30   0.024   0.543   0.102   0.556
 91 203 17 50 30   0.051   0.481   0.138   0.506
 91 203 17 51 30   0.169   0.487   0.133   0.537
 91 203 17 52 30   0.120   0.502   0.096   0.529
 91 203 17 53 30   0.118   0.489   0.089   0.517
 91 203 17 54 30   0.052   0.496   0.030   0.502
 91 203 17 55 30   0.059   0.496   0.005   0.501
 91 203 17 56 30   0.117   0.497  -0.023   0.512
 91 203 17 57 30   0.003   0.501  -0.008   0.514
 91 203 17 58 30   0.119   0.498  -0.088   0.525
 91 203 17 59 30   0.047   0.509  -0.095   0.525
 91 203 18 00 30  -0.026   0.523   0.022   0.527
 91 203 18 01 30  -0.061   0.518   0.055   0.527
 91 203 18 02 30  -0.129   0.432   0.169   0.510
 91 203 18 03 30   0.016   0.487  -0.194   0.527
 91 203 18 04 30  -0.064   0.494  -0.037   0.506
 91 203 18 05 30  -0.090   0.437   0.169   0.486
 91 203 18 06 30  -0.078   0.449   0.167   0.493
 91 203 18 07 30   0.059   0.448   0.154   0.483
 91 203 18 08 30   0.128   0.477  -0.002   0.498
 91 203 18 09 30   0.281   0.411  -0.004   0.502
 91 203 18 10 30   0.110   0.436   0.061   0.473
 91 203 18 11 30  -0.101   0.423   0.011   0.441
 91 203 18 12 30  -0.158   0.395   0.031   0.441
 91 203 18 13 30  -0.240   0.363   0.085   0.449
 91 203 18 14 30  -0.248   0.358  -0.055   0.446
 91 203 18 15 30  -0.153   0.413   0.042   0.447
 91 203 18 16 30  -0.179   0.374   0.150   0.450
 91 203 18 17 30  -0.145   0.432   0.113   0.471
 91 203 18 18 30  -0.122   0.406   0.153   0.454
 91 203 18 19 30  -0.110   0.408   0.132   0.446
 91 203 18 20 30  -0.201   0.371   0.112   0.447
 91 203 18 21 30  -0.316   0.310   0.118   0.460
 91 203 18 22 30  -0.346   0.243   0.144   0.450
 91 203 18 23 30  -0.314   0.256   0.145   0.434
 91 203 18 24 30  -0.311   0.250   0.192   0.445
 91 203 18 25 30  -0.357   0.053   0.266   0.482
 91 203 18 26 30  -0.269  -0.151   0.365   0.487
 91 203 18 27 30  -0.291  -0.209   0.341   0.505
 91 203 18 28 30  -0.382  -0.038   0.244   0.462
 91 203 18 29 30  -0.409   0.003   0.218   0.465
 91 203 18 30 30  -0.431   0.055   0.179   0.470
 91 203 18 31 30  -0.421   0.070   0.156   0.456
 91 203 18 32 30  -0.415   0.037   0.177   0.456
 91 203 18 33 30  -0.417   0.060   0.153   0.454
 91 203 18 34 30  -0.436   0.077   0.099   0.460
 91 203 18 35 30  -0.429   0.189  -0.007   0.469
 91 203 18 36 30  -0.412   0.212  -0.002   0.464
 91 203 18 37 30  -0.416   0.193  -0.043   0.461
 91 203 18 38 30  -0.409   0.206  -0.070   0.464
 91 203 18 39 30  -0.430   0.202  -0.087   0.485
 91 203 18 40 30  -0.441   0.177  -0.106   0.488
 91 203 18 41 30  -0.441   0.191  -0.030   0.483
 91 203 18 42 30  -0.412   0.223  -0.088   0.482
 91 203 18 43 30  -0.444   0.231  -0.059   0.505
 91 203 18 44 30  -0.455   0.198  -0.073   0.502
 91 203 18 45 30  -0.451   0.193  -0.050   0.493
 91 203 18 46 30  -0.430   0.225  -0.035   0.487
 91 203 18 47 30  -0.408   0.261  -0.012   0.485
 91 203 18 48 30  -0.408   0.248  -0.006   0.478
 91 203 18 49 30  -0.422   0.247  -0.008   0.489
 91 203 18 50 30  -0.432   0.234  -0.015   0.493
 91 203 18 51 30  -0.415   0.254  -0.003   0.487
 91 203 18 52 30  -0.404   0.272   0.023   0.488
 91 203 18 53 30  -0.398   0.271   0.072   0.490
 91 203 18 54 30  -0.375   0.296   0.101   0.492
 91 203 18 55 30  -0.397   0.289  -0.004   0.493
 91 203 18 56 30  -0.391   0.283   0.023   0.485
 91 203 18 57 30  -0.415   0.274  -0.014   0.500
 91 203 18 58 30  -0.405   0.301   0.030   0.507
 91 203 18 59 30  -0.407   0.299   0.041   0.508
 91 203 19 00 30  -0.391   0.318   0.077   0.510
 91 203 19 01 30  -0.395   0.298   0.102   0.506
 91 203 19 02 30  -0.383   0.303   0.121   0.505
 91 203 19 03 30  -0.367   0.316   0.137   0.505
 91 203 19 04 30  -0.410   0.252   0.134   0.501
 91 203 19 05 30  -0.395   0.275   0.159   0.507
 91 203 19 06 30  -0.418   0.241   0.148   0.505
 91 203 19 07 30  -0.422   0.252   0.100   0.502
 91 203 19 08 30  -0.420   0.264   0.119   0.511
 91 203 19 09 30  -0.403   0.262   0.136   0.501
 91 203 19 10 30  -0.394   0.269   0.157   0.503
 91 203 19 11 30  -0.381   0.272   0.168   0.497
 91 203 19 12 30  -0.374   0.280   0.166   0.496
 91 203 19 13 30  -0.372   0.273   0.183   0.497
 91 203 19 14 30  -0.361   0.278   0.206   0.500
 91 203 19 15 30  -0.350   0.247   0.249   0.497
 91 203 19 16 30  -0.326   0.224   0.302   0.499
 91 203 19 17 30  -0.416   0.213   0.213   0.518
 91 203 19 18 30  -0.422   0.253   0.164   0.520
 91 203 19 19 30  -0.413   0.263   0.167   0.519
 91 203 19 20 30  -0.403   0.251   0.195   0.514
 91 203 19 21 30  -0.360   0.214   0.265   0.499
 91 203 19 22 30  -0.358   0.202   0.262   0.488
 91 203 19 23 30  -0.349   0.178   0.301   0.494
 91 203 19 24 30  -0.337   0.158   0.319   0.492
 91 203 19 25 30  -0.330   0.203   0.307   0.499
 91 203 19 26 30  -0.335   0.189   0.322   0.503
 91 203 19 27 30  -0.379   0.222   0.243   0.503
 91 203 19 28 30  -0.402   0.173   0.248   0.505
 91 203 19 29 30  -0.374   0.224   0.262   0.511
 91 203 19 30 30  -0.405   0.224   0.192   0.503
 91 203 19 31 30  -0.352   0.258   0.255   0.510
 91 203 19 32 30  -0.359   0.242   0.269   0.511
 91 203 19 33 30  -0.356   0.264   0.259   0.514
 91 203 19 34 30  -0.336   0.230   0.299   0.507
 91 203 19 35 30  -0.340   0.255   0.285   0.512
 91 203 19 36 30  -0.312   0.259   0.307   0.509
 91 203 19 37 30  -0.307   0.266   0.312   0.513
 91 203 19 38 30  -0.264   0.278   0.333   0.508
 91 203 19 39 30  -0.262   0.270   0.338   0.507
 91 203 19 40 30  -0.276   0.282   0.328   0.513
 91 203 19 41 30  -0.282   0.280   0.325   0.514
 91 203 19 42 30  -0.272   0.278   0.335   0.513
 91 203 19 43 30  -0.270   0.276   0.330   0.508
 91 203 19 44 30  -0.288   0.266   0.326   0.510
 91 203 19 45 30  -0.266   0.270   0.337   0.507
 91 203 19 46 30  -0.272   0.259   0.344   0.510
 91 203 19 47 30  -0.260   0.255   0.353   0.508
 91 203 19 48 30  -0.265   0.259   0.343   0.506
 91 203 19 49 30  -0.299   0.275   0.303   0.508
 91 203 19 50 30  -0.295   0.282   0.286   0.499
 91 203 19 51 30  -0.302   0.282   0.274   0.496
 91 203 19 52 30  -0.306   0.274   0.269   0.493
 91 203 19 53 30  -0.296   0.252   0.226   0.451
 91 203 19 54 30  -0.211   0.313   0.219   0.438
 91 203 19 55 30  -0.191   0.285   0.185   0.391
 91 203 19 56 30  -0.228   0.239   0.160   0.368
 91 203 19 57 30  -0.202   0.216   0.125   0.322
 91 203 19 58 30  -0.118   0.219   0.093   0.266
 91 203 19 59 30  -0.146   0.195   0.142   0.284
 91 203 20 00 30  -0.120   0.260   0.091   0.304
 91 203 20 01 30  -0.113   0.290   0.090   0.329
 91 203 20 02 30  -0.035   0.338   0.073   0.349
 91 203 20 03 30  -0.131   0.277   0.171   0.369
 91 203 20 04 30  -0.146   0.251   0.173   0.341
 91 203 20 05 30  -0.103   0.274   0.159   0.334
 91 203 20 06 30  -0.088   0.257   0.154   0.313
 91 203 20 07 30  -0.052   0.222   0.140   0.269
 91 203 20 08 30  -0.082   0.199   0.158   0.267
 91 203 20 09 30  -0.082   0.180   0.156   0.253
 91 203 20 10 30  -0.116   0.177   0.149   0.259
 91 203 20 11 30  -0.137   0.159   0.152   0.260
 91 203 20 12 30  -0.135   0.175   0.144   0.264
 91 203 20 13 30  -0.139   0.171   0.146   0.265
 91 203 20 14 30  -0.132   0.135   0.127   0.229
 91 203 20 15 30  -0.110   0.145   0.124   0.222
 91 203 20 16 30  -0.106   0.154   0.125   0.226
 91 203 20 17 30  -0.140   0.151   0.150   0.256
 91 203 20 18 30  -0.146   0.123   0.148   0.244
 91 203 20 19 30  -0.157   0.126   0.177   0.269
 91 203 20 20 30  -0.217   0.143   0.255   0.365
 91 203 20 21 30  -0.155   0.118   0.128   0.235
 91 203 20 22 30  -0.158   0.075   0.141   0.227
 91 203 20 23 30  -0.186   0.066   0.212   0.290
 91 203 20 24 30  -0.211   0.075   0.234   0.325
 91 203 20 25 30  -0.193   0.080   0.245   0.323
 91 203 20 26 30  -0.228   0.085   0.241   0.343
 91 203 20 27 30  -0.217   0.078   0.259   0.347
 91 203 20 28 30  -0.228   0.074   0.261   0.355
 91 203 20 29 30  -0.198   0.123   0.282   0.367
 91 203 20 30 30  -0.203   0.119   0.274   0.362
 91 203 20 31 30  -0.208   0.134   0.246   0.349
 91 203 20 32 30  -0.191   0.125   0.212   0.313
 91 203 20 33 30  -0.220   0.130   0.243   0.352
 91 203 20 34 30  -0.207   0.145   0.222   0.337
 91 203 20 35 30  -0.199   0.162   0.227   0.343
 91 203 20 36 30  -0.168   0.136   0.171   0.277
 91 203 20 37 30  -0.154   0.097   0.163   0.245
 91 203 20 38 30  -0.127   0.068   0.158   0.214
 91 203 20 39 30  -0.116   0.054   0.122   0.177
 91 203 20 40 30  -0.077   0.023   0.066   0.106
 91 203 20 41 30  -0.142  -0.012   0.223   0.269
 91 203 20 42 30  -0.279  -0.034   0.327   0.433
 91 203 20 43 30  -0.242  -0.014   0.344   0.422
 91 203 20 44 30  -0.252  -0.048   0.291   0.401
 91 203 20 45 30  -0.200   0.036   0.279   0.350
 91 203 20 46 30  -0.213   0.099   0.285   0.371
 91 203 20 47 30  -0.275   0.098   0.338   0.447
 91 203 20 48 30  -0.284   0.102   0.345   0.461
 91 203 20 49 30  -0.294   0.090   0.342   0.463
 91 203 20 50 30  -0.292   0.144   0.337   0.471
 91 203 20 51 30  -0.278   0.139   0.237   0.397
 91 203 20 52 30  -0.344   0.004   0.221   0.415
 91 203 20 53 30  -0.275   0.107   0.018   0.359
 91 203 20 54 30  -0.336  -0.015   0.153   0.386
 91 203 20 55 30  -0.316   0.028   0.223   0.388
 91 203 20 56 30  -0.275   0.043   0.175   0.330
 91 203 20 57 30  -0.271   0.067   0.166   0.326
 91 203 20 58 30  -0.247   0.082   0.168   0.312
 91 203 20 59 30  -0.222   0.086   0.150   0.284
 91 203 21 00 30  -0.199   0.106   0.137   0.268
 91 203 21 01 30  -0.244   0.130   0.206   0.349
 91 203 21 02 30  -0.245   0.175   0.186   0.356
 91 203 21 03 30  -0.219   0.151   0.286   0.393
 91 203 21 04 30  -0.200   0.202   0.253   0.391
 91 203 21 05 30  -0.153   0.303   0.132   0.374
 91 203 21 06 30  -0.073   0.389   0.027   0.399
 91 203 21 07 30  -0.095   0.364   0.038   0.381
 91 203 21 08 30  -0.033   0.381   0.055   0.387
 91 203 21 09 30  -0.106   0.315   0.093   0.357
 91 203 21 10 30  -0.156   0.275   0.192   0.378
 91 203 21 11 30  -0.161   0.326   0.197   0.415
 91 203 21 12 30  -0.149   0.375   0.171   0.439
 91 203 21 13 30  -0.142   0.352   0.163   0.416
 91 203 21 14 30  -0.055   0.389   0.068   0.401
 91 203 21 15 30  -0.032   0.483  -0.007   0.485
 91 203 21 16 30  -0.035   0.484  -0.051   0.489
 91 203 21 17 30  -0.007   0.472  -0.089   0.483
 91 203 21 18 30  -0.059   0.410   0.079   0.423
 91 203 21 19 30  -0.044   0.391   0.052   0.397
 91 203 21 20 30  -0.053   0.401   0.020   0.406
 91 203 21 21 30  -0.056   0.378   0.064   0.389
 91 203 21 22 30  -0.024   0.379   0.020   0.381
 91 203 21 23 30  -0.027   0.404   0.020   0.406
 91 203 21 24 30  -0.077   0.445   0.047   0.456
 91 203 21 25 30  -0.072   0.483   0.050   0.491
 91 203 21 26 30  -0.071   0.449   0.059   0.460
 91 203 21 27 30  -0.048   0.447   0.078   0.457
 91 203 21 28 30  -0.101   0.429   0.078   0.448
 91 203 21 29 30  -0.100   0.420   0.063   0.437
 91 203 21 30 30  -0.071   0.416   0.097   0.435
 91 203 21 31 30  -0.093   0.437   0.076   0.455
 91 203 21 32 30  -0.095   0.419   0.102   0.444
 91 203 21 33 30  -0.054   0.471   0.124   0.491
 91 203 21 34 30  -0.082   0.463   0.106   0.483
 91 203 21 35 30  -0.053   0.503   0.041   0.508
 91 203 21 36 30  -0.061   0.509   0.078   0.520
 91 203 21 37 30  -0.073   0.530   0.081   0.542
 91 203 21 38 30  -0.036   0.521   0.017   0.524
 91 203 21 39 30  -0.115   0.512   0.053   0.527
 91 203 21 40 30  -0.072   0.527   0.040   0.534
 91 203 21 41 30  -0.040   0.502   0.004   0.522
 91 203 21 42 30   0.196   0.451  -0.242   0.550
 91 203 21 43 30   0.212   0.438  -0.280   0.563
 91 203 21 44 30   0.194   0.487  -0.260   0.586
 91 203 21 45 30   0.180   0.510  -0.226   0.587
 91 203 21 46 30   0.187   0.528  -0.174   0.587
 91 203 21 47 30   0.187   0.533  -0.136   0.583
 91 203 21 48 30   0.149   0.539  -0.099   0.570
 91 203 21 49 30   0.205   0.530  -0.144   0.587
 91 203 21 50 30   0.196   0.519  -0.175   0.584
 91 203 21 51 30   0.180   0.533  -0.165   0.587
 91 203 21 52 30   0.164   0.520  -0.196   0.581
 91 203 21 53 30   0.198   0.497  -0.187   0.567
 91 203 21 54 30   0.246   0.461  -0.230   0.580
 91 203 21 55 30   0.236   0.487  -0.208   0.581
 91 203 21 56 30   0.214   0.464  -0.212   0.554
 91 203 21 57 30   0.216   0.472  -0.190   0.555
 91 203 21 58 30   0.221   0.469  -0.206   0.558
 91 203 21 59 30   0.299   0.417  -0.233   0.565
 91 203 22 00 30   0.274   0.457  -0.230   0.581
 91 203 22 01 30   0.170   0.490  -0.234   0.570
 91 203 22 02 30   0.223   0.459  -0.236   0.567
 91 203 22 03 30   0.316   0.431  -0.211   0.575
 91 203 22 04 30   0.307   0.422  -0.223   0.568
 91 203 22 05 30   0.329   0.400  -0.224   0.565
 91 203 22 06 30   0.316   0.409  -0.252   0.576
 91 203 22 07 30   0.299   0.417  -0.250   0.571
 91 203 22 08 30   0.317   0.378  -0.280   0.568
 91 203 22 09 30   0.213   0.429  -0.282   0.557
 91 203 22 10 30   0.145   0.478  -0.267   0.567
 91 203 22 11 30  -0.049   0.443  -0.095   0.529
 91 203 22 12 30  -0.274   0.423   0.065   0.512
 91 203 22 13 30  -0.225   0.476   0.030   0.529
 91 203 22 14 30  -0.227   0.482   0.050   0.538
 91 203 22 15 30  -0.178   0.496  -0.093   0.540
 91 203 22 16 30   0.062   0.469  -0.281   0.553
 91 203 22 17 30  -0.001   0.490  -0.228   0.542
 91 203 22 18 30  -0.072   0.498  -0.172   0.533
 91 203 22 19 30  -0.138   0.500  -0.099   0.531
 91 203 22 20 30  -0.154   0.477  -0.169   0.535
 91 203 22 21 30  -0.147   0.483  -0.171   0.535
 91 203 22 22 30  -0.149   0.486  -0.165   0.536
 91 203 22 23 30  -0.124   0.497  -0.159   0.537
 91 203 22 24 30  -0.107   0.493  -0.166   0.532
 91 203 22 25 30  -0.095   0.496  -0.129   0.524
 91 203 22 26 30  -0.098   0.492  -0.168   0.530
 91 203 22 27 30  -0.099   0.491  -0.167   0.532
 91 203 22 28 30  -0.008   0.488  -0.225   0.539
 91 203 22 29 30  -0.018   0.499  -0.173   0.531
 91 203 22 30 30  -0.032   0.496  -0.170   0.527
 91 203 22 31 30  -0.043   0.490  -0.190   0.528
 91 203 22 32 30  -0.046   0.482  -0.191   0.521
 91 203 22 33 30  -0.030   0.482  -0.195   0.523
 91 203 22 34 30  -0.111   0.463  -0.190   0.514
 91 203 22 35 30  -0.096   0.458  -0.212   0.516
 91 203 22 36 30  -0.167   0.460  -0.135   0.518
 91 203 22 37 30  -0.136   0.439  -0.173   0.499
 91 203 22 38 30  -0.112   0.397  -0.142   0.446
 91 203 22 39 30  -0.138   0.373  -0.252   0.476
 91 203 22 40 30  -0.078   0.199  -0.377   0.442
 91 203 22 41 30  -0.172   0.096  -0.255   0.411
 91 203 22 42 30  -0.062   0.401   0.022   0.427
 91 203 22 43 30   0.075   0.404   0.204   0.461
 91 203 22 51 30   0.247   0.452   0.102   0.525
 91 203 22 52 30   0.280   0.433   0.085   0.524
 91 203 22 53 30   0.295   0.412   0.144   0.533
 91 203 22 54 30   0.218   0.475   0.115   0.536
 91 203 22 55 30   0.226   0.481   0.113   0.544
 91 203 22 56 30   0.244   0.475   0.106   0.545
 91 203 22 57 30   0.321   0.456   0.058   0.563
 91 203 22 58 30   0.398   0.408   0.026   0.572
 91 203 23 00 30   0.417   0.378  -0.038   0.564
 91 203 23 01 30   0.094   0.471   0.057   0.511
 91 203 23 02 30   0.023   0.503   0.084   0.512
 91 203 23 03 30  -0.015   0.501   0.079   0.509
 91 203 23 04 30  -0.005   0.503   0.075   0.511
 91 203 23 05 30   0.082   0.504   0.019   0.514
 91 203 23 06 30   0.012   0.513   0.023   0.515
 91 203 23 07 30  -0.012   0.492   0.135   0.515
 91 203 23 08 30   0.000   0.501   0.138   0.521
 91 203 23 09 30  -0.008   0.495   0.145   0.517
 91 203 23 10 30   0.018   0.504   0.135   0.524
 91 203 23 11 30  -0.036   0.506   0.120   0.522
 91 203 23 12 30  -0.029   0.507   0.109   0.522
 91 203 23 13 30   0.015   0.502   0.122   0.520
 91 203 23 14 30  -0.007   0.507   0.123   0.524
 91 203 23 15 30  -0.032   0.503   0.133   0.523
 91 203 23 16 30  -0.067   0.497   0.134   0.522
 91 203 23 17 30  -0.060   0.499   0.140   0.522
 91 203 23 18 30   0.028   0.502   0.157   0.529
 91 203 23 19 30   0.027   0.485   0.217   0.536
 91 203 23 20 30  -0.001   0.512   0.141   0.532
 91 203 23 21 30  -0.050   0.509   0.137   0.531
 91 203 23 22 30  -0.041   0.513   0.136   0.532
 91 203 23 23 30  -0.032   0.507   0.168   0.536
 91 203 23 24 30  -0.037   0.498   0.193   0.537
 91 203 23 25 30  -0.044   0.503   0.172   0.537
 91 203 23 26 30  -0.063   0.512   0.147   0.537
 91 203 23 27 30  -0.070   0.508   0.139   0.534
 91 203 23 28 30  -0.075   0.499   0.148   0.527
 91 203 23 29 30  -0.107   0.470   0.155   0.514
 91 203 23 30 30  -0.169   0.443   0.149   0.499
 91 203 23 31 30  -0.191   0.432   0.201   0.517
 91 203 23 32 30  -0.128   0.483   0.151   0.524
 91 203 23 33 30  -0.137   0.477   0.161   0.524
 91 203 23 34 30  -0.201   0.463   0.130   0.526
 91 203 23 35 30  -0.164   0.483   0.086   0.520
 91 203 23 36 30  -0.155   0.486   0.052   0.514
 91 203 23 37 30  -0.204   0.466   0.076   0.515
 91 203 23 38 30  -0.180   0.484   0.013   0.520
 91 203 23 39 30  -0.138   0.499  -0.096   0.530
 91 203 23 40 30  -0.139   0.497  -0.108   0.531
 91 203 23 41 30  -0.153   0.488  -0.093   0.520
 91 203 23 42 30  -0.117   0.485  -0.105   0.511
 91 203 23 43 30  -0.105   0.484  -0.112   0.509
 91 203 23 44 30  -0.102   0.491  -0.102   0.513
 91 203 23 45 30  -0.087   0.497  -0.064   0.511
 91 203 23 46 30  -0.141   0.444  -0.184   0.510
 91 203 23 47 30  -0.142   0.420  -0.212   0.506
 91 203 23 48 30   0.056   0.433   0.276   0.521
 91 203 23 49 30   0.049   0.430   0.281   0.518
 91 203 23 50 30   0.036   0.469   0.212   0.516
 91 203 23 51 30   0.101   0.405   0.314   0.531
 91 203 23 52 30   0.126   0.377   0.368   0.545
 91 203 23 53 30   0.136   0.346   0.390   0.539
 91 203 23 54 30  -0.003   0.446   0.223   0.529
 91 203 23 55 30  -0.043   0.478   0.195   0.521
 91 203 23 56 30  -0.006   0.477   0.215   0.525
 91 203 23 57 30   0.023   0.475   0.226   0.528
 91 203 23 58 30   0.009   0.482   0.217   0.529
 91 203 23 59 30  -0.008   0.487   0.208   0.530
