 91 209 00 00 30   0.023   0.318  -0.109   0.338
 91 209 00 01 30  -0.012   0.344  -0.244   0.422
 91 209 00 02 30   0.023   0.399  -0.173   0.438
 91 209 00 03 30   0.044   0.427  -0.131   0.449
 91 209 00 04 30   0.053   0.424  -0.139   0.450
 91 209 00 05 30   0.040   0.415  -0.173   0.453
 91 209 00 06 30   0.054   0.410  -0.179   0.452
 91 209 00 07 30   0.071   0.418  -0.158   0.453
 91 209 00 08 30   0.056   0.425  -0.136   0.451
 91 209 00 09 30   0.037   0.415  -0.161   0.447
 91 209 00 10 30   0.018   0.410  -0.168   0.444
 91 209 00 11 30   0.030   0.407  -0.174   0.445
 91 209 00 12 30   0.027   0.403  -0.187   0.446
 91 209 00 13 30   0.030   0.408  -0.178   0.447
 91 209 00 14 30   0.031   0.418  -0.157   0.448
 91 209 00 15 30   0.067   0.422  -0.147   0.452
 91 209 00 16 30   0.064   0.421  -0.149   0.452
 91 209 00 17 30   0.055   0.411  -0.174   0.451
 91 209 00 18 30   0.002   0.373  -0.245   0.447
 91 209 00 19 30  -0.003   0.374  -0.243   0.447
 91 209 00 20 30   0.015   0.372  -0.245   0.446
 91 209 00 21 30   0.019   0.370  -0.244   0.445
 91 209 00 22 30   0.078   0.384  -0.223   0.451
 91 209 00 23 30   0.062   0.382  -0.234   0.453
 91 209 00 24 30   0.053   0.380  -0.239   0.452
 91 209 00 25 30  -0.003   0.378  -0.232   0.445
 91 209 00 26 30  -0.013   0.374  -0.249   0.450
 91 209 00 27 30  -0.044   0.358  -0.245   0.437
 91 209 00 28 30  -0.021   0.365  -0.257   0.447
 91 209 00 29 30  -0.012   0.355  -0.275   0.450
 91 209 00 30 30  -0.034   0.344  -0.289   0.452
 91 209 00 31 30   0.020   0.371  -0.262   0.460
 91 209 00 32 30   0.018   0.389  -0.249   0.464
 91 209 00 33 30   0.024   0.397  -0.227   0.459
 91 209 00 34 30   0.011   0.408  -0.206   0.458
 91 209 00 35 30  -0.001   0.417  -0.176   0.454
 91 209 00 36 30  -0.001   0.419  -0.168   0.452
 91 209 00 37 30  -0.013   0.413  -0.187   0.454
 91 209 00 38 30  -0.025   0.409  -0.191   0.453
 91 209 00 39 30  -0.028   0.407  -0.192   0.451
 91 209 00 40 30  -0.019   0.409  -0.195   0.454
 91 209 00 41 30  -0.028   0.410  -0.197   0.456
 91 209 00 42 30  -0.009   0.391  -0.217   0.448
 91 209 00 43 30  -0.018   0.397  -0.193   0.443
 91 209 00 44 30  -0.047   0.403  -0.173   0.443
 91 209 00 45 30  -0.041   0.403  -0.163   0.438
 91 209 00 46 30  -0.033   0.396  -0.194   0.443
 91 209 00 47 30  -0.014   0.421  -0.171   0.455
 91 209 00 48 30  -0.011   0.418  -0.184   0.457
 91 209 00 49 30  -0.030   0.421  -0.175   0.458
 91 209 00 50 30  -0.071   0.412  -0.183   0.457
 91 209 00 51 30  -0.037   0.400  -0.232   0.465
 91 209 00 52 30   0.008   0.411  -0.217   0.466
 91 209 00 53 30   0.020   0.431  -0.180   0.470
 91 209 00 54 30   0.036   0.435  -0.176   0.471
 91 209 00 55 30   0.023   0.434  -0.177   0.470
 91 209 00 56 30   0.006   0.430  -0.197   0.473
 91 209 00 57 30  -0.006   0.443  -0.136   0.464
 91 209 00 58 30  -0.027   0.428  -0.154   0.457
 91 209 00 59 30  -0.027   0.428  -0.165   0.461
 91 209 01 00 30  -0.044   0.439  -0.120   0.459
 91 209 01 01 30  -0.024   0.441  -0.155   0.469
 91 209 01 02 30  -0.021   0.435  -0.183   0.473
 91 209 01 03 30  -0.032   0.451  -0.148   0.476
 91 209 01 04 30  -0.031   0.455  -0.142   0.477
 91 209 01 05 30  -0.031   0.448  -0.172   0.482
 91 209 01 06 30  -0.038   0.459  -0.139   0.482
 91 209 01 07 30  -0.034   0.426  -0.186   0.478
 91 209 01 08 30   0.030   0.368  -0.295   0.475
 91 209 01 09 30   0.020   0.383  -0.260   0.471
 91 209 01 10 30  -0.002   0.423  -0.217   0.477
 91 209 01 11 30   0.001   0.439  -0.194   0.481
 91 209 01 12 30   0.000   0.419  -0.232   0.480
 91 209 01 13 30  -0.001   0.410  -0.260   0.486
 91 209 01 14 30  -0.025   0.409  -0.260   0.486
 91 209 01 15 30  -0.036   0.398  -0.278   0.487
 91 209 01 16 30  -0.036   0.404  -0.270   0.487
 91 209 01 17 30  -0.042   0.404  -0.270   0.488
 91 209 01 18 30  -0.046   0.391  -0.290   0.489
 91 209 01 19 30  -0.044   0.378  -0.298   0.484
 91 209 01 20 30  -0.038   0.384  -0.287   0.481
 91 209 01 21 30  -0.053   0.378  -0.292   0.481
 91 209 01 22 30  -0.030   0.395  -0.284   0.488
 91 209 01 23 30  -0.023   0.362  -0.317   0.482
 91 209 01 24 30  -0.017   0.372  -0.309   0.484
 91 209 01 25 30  -0.020   0.373  -0.308   0.484
 91 209 01 26 30  -0.027   0.374  -0.313   0.489
 91 209 01 27 30  -0.021   0.381  -0.305   0.489
 91 209 01 28 30  -0.026   0.390  -0.295   0.490
 91 209 01 29 30  -0.030   0.391  -0.290   0.488
 91 209 01 30 30  -0.055   0.399  -0.268   0.484
 91 209 01 31 30  -0.057   0.385  -0.287   0.485
 91 209 01 32 30  -0.023   0.377  -0.309   0.489
 91 209 01 33 30  -0.024   0.376  -0.305   0.485
 91 209 01 34 30  -0.061   0.465  -0.071   0.488
 91 209 01 35 30  -0.046   0.448   0.184   0.489
 91 209 01 36 30  -0.084   0.457   0.110   0.480
 91 209 01 37 30  -0.065   0.462   0.122   0.484
 91 209 01 38 30  -0.070   0.470   0.083   0.483
 91 209 01 39 30  -0.064   0.482   0.057   0.490
 91 209 01 40 30  -0.067   0.486   0.045   0.493
 91 209 01 41 30  -0.117   0.471  -0.001   0.486
 91 209 01 42 30  -0.137   0.457  -0.007   0.478
 91 209 01 43 30  -0.111   0.462   0.003   0.476
 91 209 01 44 30  -0.083   0.468   0.086   0.485
 91 209 01 45 30  -0.197   0.421   0.048   0.469
 91 209 01 46 30  -0.104   0.442   0.115   0.473
 91 209 01 47 30  -0.132   0.405   0.206   0.475
 91 209 01 48 30  -0.114   0.404   0.213   0.475
 91 209 01 49 30  -0.112   0.432   0.157   0.475
 91 209 01 50 30  -0.096   0.439   0.137   0.471
 91 209 01 51 30  -0.125   0.340   0.270   0.457
 91 209 01 52 30  -0.082   0.410   0.210   0.475
 91 209 01 53 30  -0.085   0.446   0.138   0.475
 91 209 01 54 30  -0.037   0.465   0.097   0.480
 91 209 01 55 30   0.028   0.476   0.038   0.481
 91 209 01 56 30  -0.015   0.469   0.079   0.477
 91 209 01 57 30   0.094   0.461   0.072   0.479
 91 209 01 58 30   0.029   0.473   0.057   0.479
 91 209 01 59 30   0.021   0.469   0.093   0.479
 91 209 02 00 30   0.004   0.461   0.124   0.480
 91 209 02 01 30  -0.083   0.462   0.040   0.472
 91 209 02 02 30  -0.149   0.443   0.029   0.469
 91 209 02 03 30  -0.116   0.447   0.076   0.469
 91 209 02 04 30  -0.076   0.455   0.085   0.470
 91 209 02 05 30  -0.075   0.456   0.081   0.470
 91 209 02 06 30  -0.093   0.443   0.101   0.465
 91 209 02 07 30  -0.158   0.412   0.126   0.459
 91 209 02 08 30  -0.163   0.403   0.131   0.455
 91 209 02 09 30  -0.148   0.402   0.146   0.455
 91 209 02 10 30  -0.122   0.400   0.186   0.460
 91 209 02 11 30  -0.054   0.441   0.134   0.467
 91 209 02 12 30  -0.088   0.430   0.141   0.462
 91 209 02 13 30  -0.057   0.424   0.180   0.465
 91 209 02 14 30  -0.102   0.436   0.133   0.469
 91 209 02 15 30  -0.092   0.443   0.147   0.476
 91 209 02 16 30  -0.097   0.435   0.164   0.475
 91 209 02 17 30  -0.096   0.416   0.195   0.471
 91 209 02 18 30  -0.103   0.411   0.201   0.470
 91 209 02 19 30  -0.129   0.395   0.199   0.464
 91 209 02 20 30  -0.135   0.373   0.205   0.448
 91 209 02 21 30  -0.152   0.359   0.245   0.462
 91 209 02 22 30  -0.124   0.369   0.253   0.464
 91 209 02 23 30  -0.093   0.375   0.251   0.463
 91 209 02 24 30  -0.125   0.356   0.260   0.460
 91 209 02 25 30  -0.142   0.346   0.278   0.466
 91 209 02 26 30  -0.153   0.339   0.278   0.465
 91 209 02 27 30  -0.148   0.303   0.281   0.440
 91 209 02 28 30  -0.135   0.267   0.290   0.418
 91 209 02 29 30  -0.146   0.243   0.286   0.404
 91 209 02 30 30  -0.152   0.264   0.262   0.402
 91 209 02 31 30  -0.151   0.259   0.284   0.413
 91 209 02 32 30  -0.167   0.238   0.281   0.405
 91 209 02 33 30  -0.198   0.220   0.288   0.413
 91 209 02 34 30  -0.198   0.229   0.276   0.411
 91 209 02 35 30  -0.201   0.235   0.259   0.404
 91 209 02 36 30  -0.198   0.235   0.267   0.407
 91 209 02 37 30  -0.196   0.236   0.267   0.407
 91 209 02 38 30  -0.176   0.242   0.275   0.406
 91 209 02 39 30  -0.161   0.243   0.272   0.400
 91 209 02 40 30  -0.163   0.242   0.275   0.402
 91 209 02 41 30  -0.147   0.247   0.279   0.401
 91 209 02 42 30  -0.152   0.242   0.288   0.406
 91 209 02 43 30  -0.112   0.298   0.287   0.430
 91 209 02 44 30  -0.073   0.358   0.265   0.452
 91 209 02 45 30  -0.101   0.339   0.280   0.452
 91 209 02 46 30  -0.109   0.344   0.275   0.454
 91 209 02 47 30  -0.109   0.344   0.283   0.459
 91 209 02 48 30  -0.102   0.368   0.269   0.468
 91 209 02 49 30  -0.104   0.360   0.274   0.465
 91 209 02 50 30  -0.121   0.342   0.292   0.466
 91 209 02 51 30  -0.135   0.299   0.322   0.463
 91 209 02 52 30  -0.157   0.259   0.338   0.454
 91 209 02 53 30  -0.140   0.300   0.318   0.459
 91 209 02 54 30  -0.129   0.320   0.306   0.462
 91 209 02 55 30  -0.121   0.328   0.302   0.463
 91 209 02 56 30  -0.122   0.324   0.302   0.460
 91 209 02 57 30  -0.121   0.313   0.316   0.461
 91 209 02 58 30  -0.104   0.349   0.288   0.465
 91 209 02 59 30  -0.107   0.337   0.303   0.465
 91 209 03 00 30  -0.106   0.339   0.303   0.467
 91 209 03 01 30  -0.108   0.332   0.301   0.461
 91 209 03 02 30  -0.115   0.333   0.299   0.463
 91 209 03 03 30  -0.108   0.336   0.299   0.464
 91 209 03 04 30  -0.097   0.337   0.316   0.472
 91 209 03 05 30  -0.099   0.344   0.309   0.473
 91 209 03 06 30  -0.103   0.351   0.294   0.470
 91 209 03 07 30  -0.073   0.363   0.283   0.467
 91 209 03 08 30  -0.086   0.324   0.316   0.462
 91 209 03 09 30  -0.103   0.336   0.295   0.460
 91 209 03 10 30  -0.082   0.339   0.300   0.460
 91 209 03 11 30  -0.103   0.330   0.296   0.456
 91 209 03 12 30  -0.093   0.359   0.275   0.462
 91 209 03 13 30  -0.108   0.346   0.284   0.460
 91 209 03 14 30  -0.106   0.334   0.292   0.457
 91 209 03 15 30  -0.109   0.321   0.306   0.457
 91 209 03 16 30  -0.097   0.334   0.297   0.458
 91 209 03 17 30  -0.110   0.324   0.302   0.457
 91 209 03 18 30  -0.114   0.325   0.303   0.459
 91 209 03 19 30  -0.128   0.328   0.296   0.461
 91 209 03 20 30  -0.123   0.347   0.281   0.464
 91 209 03 21 30  -0.131   0.345   0.270   0.457
 91 209 03 22 30  -0.128   0.344   0.279   0.461
 91 209 03 23 30  -0.127   0.341   0.284   0.462
 91 209 03 24 30  -0.113   0.351   0.277   0.461
 91 209 03 25 30  -0.119   0.356   0.257   0.455
 91 209 03 26 30  -0.137   0.346   0.250   0.449
 91 209 03 27 30  -0.127   0.338   0.267   0.449
 91 209 03 28 30  -0.111   0.337   0.281   0.453
 91 209 03 29 30  -0.142   0.314   0.288   0.450
 91 209 03 30 30  -0.171   0.306   0.282   0.450
 91 209 03 31 30  -0.155   0.306   0.292   0.451
 91 209 03 32 30  -0.176   0.277   0.308   0.451
 91 209 03 33 30  -0.165   0.291   0.307   0.456
 91 209 03 34 30  -0.145   0.335   0.269   0.454
 91 209 03 35 30  -0.145   0.346   0.256   0.454
 91 209 03 36 30  -0.142   0.356   0.250   0.458
 91 209 03 37 30  -0.146   0.358   0.244   0.457
 91 209 03 38 30  -0.136   0.376   0.235   0.464
 91 209 03 39 30  -0.149   0.372   0.225   0.460
 91 209 03 40 30  -0.143   0.372   0.231   0.461
 91 209 03 41 30  -0.159   0.365   0.232   0.462
 91 209 03 42 30  -0.159   0.362   0.226   0.456
 91 209 03 43 30  -0.195   0.319   0.245   0.448
 91 209 03 44 30  -0.213   0.316   0.237   0.450
 91 209 03 45 30  -0.208   0.312   0.250   0.452
 91 209 03 46 30  -0.193   0.338   0.235   0.455
 91 209 03 47 30  -0.204   0.334   0.229   0.454
 91 209 03 48 30  -0.225   0.330   0.212   0.452
 91 209 03 49 30  -0.204   0.352   0.196   0.452
 91 209 03 50 30  -0.203   0.337   0.214   0.448
 91 209 03 51 30  -0.206   0.333   0.225   0.452
 91 209 03 52 30  -0.192   0.358   0.217   0.461
 91 209 03 53 30  -0.168   0.370   0.226   0.467
 91 209 03 54 30  -0.140   0.418   0.163   0.471
 91 209 03 55 30  -0.174   0.400   0.168   0.468
 91 209 03 56 30  -0.194   0.387   0.177   0.468
 91 209 03 57 30  -0.225   0.366   0.174   0.464
 91 209 03 58 30  -0.196   0.385   0.167   0.464
 91 209 03 59 30  -0.210   0.374   0.173   0.463
 91 209 04 00 30  -0.219   0.367   0.160   0.457
 91 209 04 01 30  -0.238   0.366   0.133   0.456
 91 209 04 02 30  -0.192   0.376   0.171   0.457
 91 209 04 03 30  -0.161   0.381   0.199   0.460
 91 209 04 04 30  -0.171   0.386   0.177   0.458
 91 209 04 05 30  -0.166   0.385   0.187   0.460
 91 209 04 06 30  -0.142   0.373   0.209   0.451
 91 209 04 07 30  -0.136   0.375   0.212   0.452
 91 209 04 08 30  -0.130   0.386   0.215   0.461
 91 209 04 09 30  -0.134   0.363   0.251   0.462
 91 209 04 10 30  -0.161   0.374   0.211   0.459
 91 209 04 11 30  -0.118   0.393   0.208   0.460
 91 209 04 12 30  -0.114   0.373   0.240   0.460
 91 209 04 13 30  -0.125   0.378   0.218   0.455
 91 209 04 14 30  -0.122   0.386   0.213   0.458
 91 209 04 15 30  -0.143   0.380   0.200   0.453
 91 209 04 16 30  -0.123   0.390   0.208   0.459
 91 209 04 17 30  -0.122   0.373   0.233   0.456
 91 209 04 18 30  -0.147   0.359   0.225   0.449
 91 209 04 19 30  -0.158   0.359   0.234   0.457
 91 209 04 20 30  -0.143   0.374   0.233   0.464
 91 209 04 21 30  -0.146   0.393   0.186   0.459
 91 209 04 22 30  -0.130   0.398   0.175   0.454
 91 209 04 23 30  -0.143   0.358   0.227   0.449
 91 209 04 24 30  -0.112   0.399   0.193   0.458
 91 209 04 25 30  -0.106   0.380   0.233   0.458
 91 209 04 26 30  -0.089   0.358   0.276   0.462
 91 209 04 27 30  -0.148   0.388   0.202   0.465
 91 209 04 28 30  -0.143   0.394   0.207   0.468
 91 209 04 29 30  -0.154   0.391   0.215   0.472
 91 209 04 30 30  -0.173   0.397   0.190   0.473
 91 209 04 31 30  -0.150   0.405   0.191   0.473
 91 209 04 32 30  -0.153   0.401   0.192   0.471
 91 209 04 33 30  -0.144   0.406   0.186   0.469
 91 209 04 34 30  -0.122   0.422   0.161   0.469
 91 209 04 35 30  -0.136   0.406   0.188   0.468
 91 209 04 36 30  -0.172   0.337   0.249   0.459
 91 209 04 37 30  -0.195   0.296   0.285   0.456
 91 209 04 38 30  -0.200   0.338   0.226   0.454
 91 209 04 39 30  -0.178   0.364   0.209   0.456
 91 209 04 40 30  -0.195   0.354   0.211   0.458
 91 209 04 41 30  -0.204   0.333   0.234   0.456
 91 209 04 42 30  -0.185   0.330   0.254   0.456
 91 209 04 43 30  -0.180   0.322   0.265   0.455
 91 209 04 44 30  -0.168   0.308   0.298   0.461
 91 209 04 45 30  -0.178   0.314   0.288   0.463
 91 209 04 46 30  -0.182   0.341   0.248   0.459
 91 209 04 47 30  -0.204   0.332   0.243   0.460
 91 209 04 48 30  -0.213   0.313   0.258   0.459
 91 209 04 49 30  -0.208   0.323   0.249   0.458
 91 209 04 50 30  -0.217   0.308   0.255   0.455
 91 209 04 51 30  -0.212   0.312   0.257   0.457
 91 209 04 52 30  -0.209   0.309   0.264   0.457
 91 209 04 53 30  -0.204   0.298   0.279   0.457
 91 209 04 54 30  -0.199   0.321   0.265   0.462
 91 209 04 55 30  -0.203   0.316   0.262   0.459
 91 209 04 56 30  -0.199   0.316   0.272   0.463
 91 209 04 57 30  -0.191   0.306   0.290   0.463
 91 209 04 58 30  -0.170   0.309   0.309   0.469
 91 209 04 59 30  -0.196   0.311   0.284   0.465
 91 209 05 00 30  -0.182   0.312   0.298   0.469
 91 209 05 01 30  -0.171   0.336   0.275   0.467
 91 209 05 02 30  -0.168   0.340   0.271   0.467
 91 209 05 03 30  -0.150   0.354   0.267   0.469
 91 209 05 04 30  -0.137   0.336   0.287   0.464
 91 209 05 05 30  -0.101   0.358   0.252   0.459
 91 209 05 06 30   0.026   0.442   0.046   0.446
 91 209 05 07 30   0.086   0.454  -0.023   0.466
 91 209 05 08 30   0.145   0.442  -0.070   0.472
 91 209 05 09 30   0.114   0.446  -0.088   0.470
 91 209 05 10 30   0.123   0.453  -0.074   0.476
 91 209 05 11 30   0.118   0.455  -0.076   0.477
 91 209 05 12 30   0.106   0.455  -0.069   0.472
 91 209 05 13 30   0.108   0.458  -0.039   0.473
 91 209 05 14 30   0.105   0.462  -0.039   0.476
 91 209 05 15 30   0.100   0.462  -0.045   0.477
 91 209 05 16 30   0.105   0.464  -0.059   0.480
 91 209 05 17 30   0.097   0.467  -0.035   0.480
 91 209 05 18 30   0.122   0.468  -0.019   0.485
 91 209 05 19 30   0.127   0.470  -0.003   0.487
 91 209 05 20 30   0.128   0.470   0.007   0.487
 91 209 05 21 30   0.120   0.470  -0.008   0.486
 91 209 05 22 30   0.119   0.468  -0.021   0.483
 91 209 05 23 30   0.103   0.470  -0.019   0.482
 91 209 05 24 30   0.093   0.474  -0.018   0.483
 91 209 05 25 30   0.095   0.470  -0.023   0.480
 91 209 05 26 30   0.095   0.464  -0.029   0.475
 91 209 05 27 30   0.101   0.457  -0.032   0.470
 91 209 05 28 30   0.083   0.459  -0.040   0.469
 91 209 05 29 30   0.088   0.456  -0.041   0.467
 91 209 05 30 30   0.094   0.456  -0.048   0.468
 91 209 05 31 30   0.057   0.462   0.003   0.466
 91 209 05 32 30   0.042   0.460  -0.006   0.463
 91 209 05 33 30   0.030   0.458  -0.020   0.459
 91 209 05 34 30   0.022   0.455  -0.019   0.456
 91 209 05 35 30   0.017   0.458  -0.005   0.459
 91 209 05 36 30   0.038   0.460  -0.035   0.463
 91 209 05 37 30   0.043   0.456  -0.061   0.464
 91 209 05 38 30   0.075   0.454  -0.070   0.466
 91 209 05 39 30   0.079   0.461  -0.038   0.470
 91 209 05 40 30   0.085   0.457  -0.080   0.472
 91 209 05 41 30   0.095   0.452  -0.090   0.471
 91 209 05 42 30   0.118   0.446  -0.097   0.472
 91 209 05 43 30   0.136   0.433  -0.117   0.469
 91 209 05 44 30   0.153   0.434  -0.111   0.474
 91 209 05 45 30   0.131   0.444  -0.098   0.474
 91 209 05 46 30   0.113   0.445  -0.096   0.469
 91 209 05 47 30   0.121   0.444  -0.097   0.471
 91 209 05 48 30   0.123   0.445  -0.095   0.471
 91 209 05 49 30   0.099   0.445  -0.083   0.464
 91 209 05 50 30   0.146   0.425  -0.114   0.464
 91 209 05 51 30   0.155   0.423  -0.117   0.466
 91 209 05 52 30   0.159   0.426  -0.119   0.471
 91 209 05 53 30   0.168   0.423  -0.127   0.473
 91 209 05 54 30   0.137   0.434  -0.102   0.467
 91 209 05 55 30   0.146   0.437  -0.097   0.471
 91 209 05 56 30   0.147   0.434  -0.099   0.469
 91 209 05 57 30   0.166   0.434  -0.097   0.475
 91 209 05 58 30   0.178   0.431  -0.089   0.475
 91 209 05 59 30   0.213   0.423  -0.091   0.483
 91 209 06 00 30   0.185   0.434  -0.078   0.478
 91 209 06 01 30   0.143   0.454  -0.050   0.479
 91 209 06 02 30   0.135   0.455  -0.059   0.479
 91 209 06 03 30   0.129   0.451  -0.047   0.472
 91 209 06 04 30   0.114   0.452  -0.042   0.468
 91 209 06 05 30   0.109   0.457  -0.029   0.470
 91 209 06 06 30   0.187   0.416  -0.073   0.469
 91 209 06 07 30   0.105   0.456  -0.008   0.468
 91 209 06 08 30   0.095   0.461  -0.005   0.471
 91 209 06 09 30   0.087   0.461   0.002   0.470
 91 209 06 10 30   0.088   0.459  -0.017   0.468
 91 209 06 11 30   0.076   0.457  -0.007   0.464
 91 209 06 12 30   0.078   0.451   0.022   0.458
 91 209 06 18 30  -0.074   0.422   0.131   0.448
 91 209 06 19 30  -0.048   0.409   0.178   0.449
 91 209 06 20 30  -0.005   0.419   0.149   0.458
 91 209 06 21 30  -0.007   0.457  -0.025   0.458
 91 209 06 22 30  -0.014   0.457  -0.004   0.458
 91 209 06 23 30   0.024   0.448  -0.020   0.451
 91 209 06 24 30   0.022   0.434  -0.015   0.436
 91 209 06 25 30  -0.009   0.433   0.026   0.436
 91 209 06 26 30  -0.010   0.433  -0.031   0.436
 91 209 06 27 30  -0.045   0.418   0.044   0.424
 91 209 06 28 30  -0.068   0.414   0.086   0.429
 91 209 06 29 30  -0.067   0.411   0.107   0.430
 91 209 06 30 30  -0.102   0.406   0.124   0.437
 91 209 06 31 30  -0.105   0.411   0.104   0.437
 91 209 06 32 30  -0.089   0.415   0.102   0.437
 91 209 06 33 30  -0.090   0.412   0.100   0.433
 91 209 06 34 30  -0.085   0.416   0.086   0.434
 91 209 06 35 30  -0.097   0.417   0.116   0.444
 91 209 06 36 30  -0.094   0.406   0.139   0.440
 91 209 06 37 30  -0.094   0.409   0.162   0.450
 91 209 06 38 30  -0.099   0.413   0.138   0.447
 91 209 06 39 30  -0.094   0.413   0.145   0.448
 91 209 06 40 30  -0.100   0.396   0.129   0.431
 91 209 06 41 30  -0.047   0.398   0.145   0.432
 91 209 06 42 30  -0.049   0.406   0.156   0.439
 91 209 06 43 30  -0.073   0.399   0.145   0.433
 91 209 06 44 30  -0.065   0.409   0.103   0.427
 91 209 06 45 30  -0.075   0.409   0.086   0.425
 91 209 06 46 30  -0.074   0.414   0.062   0.426
 91 209 06 47 30  -0.063   0.412   0.060   0.422
 91 209 06 48 30  -0.077   0.414   0.032   0.424
 91 209 06 49 30  -0.122   0.399   0.112   0.433
 91 209 06 50 30  -0.064   0.434   0.012   0.441
 91 209 06 51 30  -0.072   0.431  -0.003   0.437
 91 209 06 52 30  -0.058   0.429  -0.023   0.434
 91 209 06 53 30  -0.027   0.431  -0.083   0.441
 91 209 06 54 30  -0.017   0.429  -0.096   0.441
 91 209 06 55 30   0.029   0.426  -0.144   0.452
 91 209 06 56 30  -0.008   0.436  -0.083   0.451
 91 209 06 57 30  -0.096   0.430   0.082   0.450
 91 209 06 58 30  -0.119   0.433   0.073   0.456
 91 209 06 59 30  -0.110   0.445   0.059   0.464
 91 209 07 00 30  -0.112   0.452   0.118   0.481
 91 209 07 01 30  -0.116   0.435   0.188   0.491
 91 209 07 02 30  -0.111   0.460   0.121   0.492
 91 209 07 03 30  -0.115   0.456   0.138   0.492
 91 209 07 04 30  -0.116   0.469   0.060   0.489
 91 209 07 05 30  -0.089   0.477   0.054   0.490
 91 209 07 06 30  -0.113   0.465   0.086   0.487
 91 209 07 07 30  -0.100   0.464   0.114   0.489
 91 209 07 08 30  -0.098   0.462   0.130   0.491
 91 209 07 09 30  -0.095   0.468   0.121   0.493
 91 209 07 10 30  -0.093   0.458   0.124   0.483
 91 209 07 11 30  -0.091   0.443   0.160   0.482
 91 209 07 12 30  -0.079   0.429   0.228   0.493
 91 209 07 13 30  -0.101   0.422   0.236   0.494
 91 209 07 14 30  -0.119   0.426   0.197   0.485
 91 209 07 15 30  -0.107   0.437   0.177   0.484
 91 209 07 16 30  -0.106   0.450   0.137   0.482
 91 209 07 17 30  -0.120   0.447   0.137   0.483
 91 209 07 18 30  -0.133   0.442   0.132   0.481
 91 209 07 19 30  -0.142   0.434   0.131   0.476
 91 209 07 20 30  -0.137   0.441   0.146   0.485
 91 209 07 21 30  -0.134   0.439   0.151   0.484
 91 209 07 22 30  -0.125   0.436   0.156   0.481
 91 209 07 23 30  -0.128   0.437   0.155   0.481
 91 209 07 24 30  -0.111   0.452   0.179   0.499
 91 209 07 25 30  -0.109   0.443   0.211   0.503
 91 209 07 26 30  -0.129   0.444   0.196   0.502
 91 209 07 27 30  -0.106   0.448   0.201   0.503
 91 209 07 28 30  -0.116   0.454   0.174   0.500
 91 209 07 29 30  -0.114   0.451   0.168   0.495
 91 209 07 30 30  -0.119   0.456   0.171   0.502
 91 209 07 31 30  -0.119   0.456   0.168   0.501
 91 209 07 32 30  -0.095   0.471   0.157   0.506
 91 209 07 33 30  -0.123   0.466   0.125   0.498
 91 209 07 34 30  -0.125   0.469   0.125   0.501
 91 209 07 35 30  -0.127   0.474   0.105   0.502
 91 209 07 36 30  -0.116   0.477   0.110   0.503
 91 209 07 37 30  -0.123   0.459   0.143   0.498
 91 209 07 38 30  -0.128   0.441   0.191   0.497
 91 209 07 39 30  -0.145   0.421   0.222   0.498
 91 209 07 40 30  -0.149   0.408   0.239   0.496
 91 209 07 41 30  -0.152   0.411   0.231   0.495
 91 209 07 42 30  -0.165   0.425   0.192   0.495
 91 209 07 43 30  -0.157   0.409   0.230   0.495
 91 209 07 44 30  -0.173   0.403   0.228   0.495
 91 209 07 45 30  -0.176   0.401   0.222   0.491
 91 209 07 46 30  -0.192   0.394   0.211   0.487
 91 209 07 47 30  -0.177   0.421   0.179   0.493
 91 209 07 48 30  -0.121   0.479   0.118   0.508
 91 209 07 49 30  -0.125   0.475   0.124   0.508
 91 209 07 50 30  -0.124   0.476   0.113   0.505
 91 209 07 51 30  -0.120   0.468   0.146   0.505
 91 209 07 52 30  -0.101   0.475   0.153   0.510
 91 209 07 53 30  -0.117   0.469   0.140   0.504
 91 209 07 54 30  -0.151   0.459   0.104   0.495
 91 209 07 55 30  -0.159   0.451   0.085   0.486
 91 209 07 56 30  -0.150   0.454   0.102   0.489
 91 209 07 57 30  -0.131   0.466   0.111   0.497
 91 209 07 58 30  -0.087   0.480   0.151   0.511
 91 209 07 59 30  -0.089   0.478   0.153   0.510
 91 209 08 00 30  -0.090   0.479   0.160   0.513
 91 209 08 01 30  -0.111   0.479   0.125   0.509
 91 209 08 02 30  -0.128   0.480   0.031   0.498
 91 209 08 03 30  -0.127   0.469   0.050   0.489
 91 209 08 04 30  -0.145   0.466   0.046   0.491
 91 209 08 05 30  -0.126   0.479   0.070   0.501
 91 209 08 06 30  -0.119   0.483   0.063   0.502
 91 209 08 07 30  -0.111   0.487   0.050   0.502
 91 209 08 08 30  -0.119   0.477   0.071   0.497
 91 209 08 09 30  -0.124   0.469   0.072   0.491
 91 209 08 10 30  -0.117   0.475   0.054   0.493
 91 209 08 11 30  -0.110   0.479   0.043   0.494
 91 209 08 12 30  -0.115   0.474   0.074   0.494
 91 209 08 13 30  -0.099   0.472   0.067   0.488
 91 209 08 14 30  -0.094   0.475   0.053   0.488
 91 209 08 15 30  -0.096   0.476   0.048   0.488
 91 209 08 16 30  -0.091   0.484   0.041   0.494
 91 209 08 17 30  -0.076   0.487   0.041   0.495
 91 209 08 18 30  -0.088   0.477   0.083   0.494
 91 209 08 19 30  -0.105   0.475   0.096   0.497
 91 209 08 20 30  -0.109   0.472   0.081   0.492
 91 209 08 21 30  -0.105   0.479   0.073   0.496
 91 209 08 22 30  -0.105   0.482   0.063   0.498
 91 209 08 23 30  -0.109   0.479   0.068   0.497
 91 209 08 24 30  -0.106   0.483   0.083   0.502
 91 209 08 25 30  -0.103   0.477   0.102   0.499
 91 209 08 26 30  -0.101   0.476   0.081   0.494
 91 209 08 27 30  -0.102   0.473   0.077   0.491
 91 209 08 28 30  -0.095   0.477   0.077   0.493
 91 209 08 29 30  -0.099   0.477   0.085   0.495
 91 209 08 30 30  -0.109   0.475   0.095   0.497
 91 209 08 31 30  -0.105   0.475   0.105   0.498
 91 209 08 32 30  -0.108   0.472   0.103   0.496
 91 209 08 33 30  -0.099   0.474   0.091   0.493
 91 209 08 34 30  -0.119   0.461   0.098   0.486
 91 209 08 35 30  -0.090   0.467   0.075   0.482
 91 209 08 36 30  -0.086   0.466   0.073   0.480
 91 209 08 37 30  -0.085   0.464   0.075   0.478
 91 209 08 38 30  -0.088   0.469   0.073   0.483
 91 209 08 39 30  -0.093   0.465   0.083   0.481
 91 209 08 40 30  -0.088   0.457   0.079   0.473
 91 209 08 41 30  -0.089   0.460   0.083   0.476
 91 209 08 42 30  -0.084   0.466   0.084   0.481
 91 209 08 43 30  -0.064   0.471   0.086   0.484
 91 209 08 44 30  -0.073   0.470   0.084   0.484
 91 209 08 45 30  -0.096   0.467   0.080   0.484
 91 209 08 46 30  -0.091   0.468   0.064   0.481
 91 209 08 47 30  -0.086   0.467   0.068   0.480
 91 209 08 48 30  -0.069   0.472   0.053   0.480
 91 209 08 49 30  -0.103   0.460   0.066   0.477
 91 209 08 50 30  -0.078   0.468   0.038   0.476
 91 209 08 51 30  -0.073   0.488   0.027   0.495
 91 209 08 52 30  -0.080   0.482   0.044   0.490
 91 209 08 53 30  -0.089   0.483   0.058   0.495
 91 209 08 54 30  -0.091   0.476   0.062   0.489
 91 209 08 55 30  -0.104   0.472   0.062   0.487
 91 209 08 56 30  -0.101   0.470   0.061   0.485
 91 209 08 57 30  -0.093   0.473   0.063   0.487
 91 209 08 58 30  -0.096   0.475   0.075   0.491
 91 209 08 59 30  -0.099   0.469   0.068   0.484
 91 209 09 00 30  -0.092   0.468   0.065   0.482
 91 209 09 01 30  -0.102   0.462   0.073   0.480
 91 209 09 02 30  -0.097   0.463   0.081   0.480
 91 209 09 03 30  -0.102   0.458   0.075   0.475
 91 209 09 04 30  -0.106   0.445   0.090   0.467
 91 209 09 05 30  -0.112   0.421   0.109   0.450
 91 209 09 06 30  -0.116   0.436   0.052   0.455
 91 209 09 07 30  -0.126   0.446   0.049   0.466
 91 209 09 08 30  -0.108   0.462   0.023   0.475
 91 209 09 09 30  -0.102   0.454   0.025   0.467
 91 209 09 10 30  -0.119   0.451   0.037   0.468
 91 209 09 11 30  -0.131   0.443   0.043   0.464
 91 209 09 12 30  -0.137   0.437   0.051   0.461
 91 209 09 13 30  -0.133   0.437   0.039   0.459
 91 209 09 14 30  -0.120   0.435   0.022   0.451
 91 209 09 15 30  -0.120   0.438   0.021   0.455
 91 209 09 16 30  -0.110   0.443   0.014   0.457
 91 209 09 17 30  -0.095   0.462   0.015   0.473
 91 209 09 18 30  -0.085   0.464   0.020   0.473
 91 209 09 19 30  -0.064   0.447   0.019   0.452
 91 209 09 20 30  -0.048   0.449   0.029   0.452
 91 209 09 21 30  -0.031   0.452   0.050   0.456
 91 209 09 22 30  -0.029   0.451   0.038   0.454
 91 209 09 23 30  -0.026   0.459   0.021   0.460
 91 209 09 24 30  -0.033   0.458   0.005   0.460
 91 209 09 25 30  -0.025   0.454   0.003   0.455
 91 209 09 26 30  -0.014   0.445   0.006   0.446
 91 209 09 27 30  -0.026   0.437   0.031   0.442
 91 209 09 28 30  -0.021   0.441  -0.018   0.444
 91 209 09 29 30   0.013   0.437  -0.082   0.448
 91 209 09 30 30   0.038   0.432  -0.048   0.451
 91 209 09 31 30   0.030   0.448  -0.045   0.455
 91 209 09 32 30   0.038   0.456  -0.128   0.476
 91 209 09 33 30   0.026   0.459  -0.114   0.477
 91 209 09 34 30  -0.145   0.452   0.073   0.486
 91 209 09 35 30  -0.192   0.460   0.156   0.523
 91 209 09 36 30  -0.191   0.461   0.167   0.526
 91 209 09 37 30  -0.186   0.461   0.174   0.526
 91 209 09 38 30  -0.189   0.471   0.152   0.530
 91 209 09 39 30  -0.190   0.467   0.163   0.530
 91 209 09 40 30  -0.194   0.457   0.176   0.527
 91 209 09 41 30  -0.184   0.460   0.170   0.525
 91 209 09 42 30  -0.165   0.473   0.151   0.523
 91 209 09 43 30  -0.151   0.485   0.123   0.523
 91 209 09 44 30  -0.150   0.482   0.119   0.519
 91 209 09 45 30  -0.159   0.475   0.143   0.521
 91 209 09 46 30  -0.156   0.478   0.138   0.522
 91 209 09 47 30  -0.150   0.483   0.124   0.521
 91 209 09 48 30  -0.161   0.472   0.152   0.522
 91 209 09 49 30  -0.168   0.468   0.153   0.521
 91 209 09 50 30  -0.151   0.469   0.146   0.515
 91 209 09 51 30  -0.162   0.468   0.143   0.516
 91 209 09 52 30  -0.155   0.470   0.137   0.513
 91 209 09 53 30  -0.134   0.477   0.140   0.516
 91 209 09 54 30  -0.120   0.487   0.126   0.518
 91 209 09 55 30  -0.130   0.487   0.107   0.516
 91 209 09 56 30  -0.147   0.482   0.115   0.518
 91 209 09 57 30  -0.133   0.493   0.094   0.519
 91 209 09 58 30  -0.152   0.475   0.130   0.516
 91 209 09 59 30  -0.133   0.481   0.134   0.517
 91 209 10 00 30  -0.125   0.476   0.150   0.515
 91 209 10 01 30  -0.120   0.459   0.172   0.505
 91 209 10 02 30  -0.122   0.457   0.177   0.506
 91 209 10 03 30  -0.123   0.459   0.181   0.508
 91 209 10 04 30  -0.119   0.461   0.179   0.509
 91 209 10 05 30  -0.111   0.461   0.179   0.507
 91 209 10 06 30  -0.108   0.466   0.179   0.511
 91 209 10 07 30  -0.108   0.478   0.179   0.522
 91 209 10 08 30  -0.102   0.470   0.182   0.515
 91 209 10 09 30  -0.108   0.478   0.189   0.525
 91 209 10 10 30  -0.107   0.475   0.191   0.523
 91 209 10 11 30  -0.103   0.468   0.197   0.519
 91 209 10 12 30  -0.100   0.463   0.199   0.514
 91 209 10 13 30  -0.107   0.450   0.193   0.502
 91 209 10 14 30  -0.125   0.438   0.179   0.489
 91 209 10 15 30  -0.129   0.442   0.179   0.494
 91 209 10 16 30  -0.127   0.441   0.174   0.491
 91 209 10 17 30  -0.124   0.441   0.183   0.493
 91 209 10 18 30  -0.125   0.444   0.174   0.493
 91 209 10 19 30  -0.132   0.441   0.172   0.491
 91 209 10 20 30  -0.139   0.448   0.153   0.494
 91 209 10 21 30  -0.139   0.447   0.152   0.493
 91 209 10 22 30  -0.139   0.450   0.161   0.498
 91 209 10 23 30  -0.151   0.456   0.161   0.507
 91 209 10 24 30  -0.172   0.459   0.139   0.510
 91 209 10 25 30  -0.161   0.471   0.147   0.519
 91 209 10 26 30  -0.171   0.468   0.150   0.521
 91 209 10 27 30  -0.169   0.472   0.147   0.523
 91 209 10 28 30  -0.176   0.468   0.147   0.521
 91 209 10 29 30  -0.170   0.473   0.143   0.523
 91 209 10 30 30  -0.147   0.485   0.152   0.530
 91 209 10 31 30  -0.164   0.479   0.156   0.530
 91 209 10 32 30  -0.168   0.477   0.162   0.531
 91 209 10 33 30  -0.154   0.489   0.144   0.533
 91 209 10 34 30  -0.163   0.452   0.171   0.510
 91 209 10 35 30  -0.154   0.450   0.179   0.509
 91 209 10 36 30  -0.146   0.444   0.170   0.497
 91 209 10 37 30  -0.153   0.421   0.180   0.483
 91 209 10 38 30  -0.173   0.424   0.164   0.487
 91 209 10 39 30  -0.165   0.433   0.161   0.491
 91 209 10 40 30  -0.155   0.430   0.184   0.493
 91 209 10 41 30  -0.156   0.423   0.192   0.491
 91 209 10 42 30  -0.170   0.425   0.167   0.487
 91 209 10 43 30  -0.161   0.440   0.176   0.501
 91 209 10 44 30  -0.171   0.448   0.165   0.507
 91 209 10 45 30  -0.189   0.469   0.144   0.526
 91 209 10 46 30  -0.192   0.468   0.122   0.521
 91 209 10 47 30  -0.181   0.451   0.135   0.506
 91 209 10 48 30  -0.169   0.411   0.185   0.482
 91 209 10 49 30  -0.169   0.407   0.200   0.484
 91 209 10 50 30  -0.168   0.409   0.195   0.483
 91 209 10 51 30  -0.166   0.402   0.204   0.481
 91 209 10 52 30  -0.164   0.404   0.197   0.479
 91 209 10 53 30  -0.157   0.406   0.198   0.478
 91 209 10 54 30  -0.169   0.406   0.202   0.484
 91 209 10 55 30  -0.183   0.394   0.208   0.482
 91 209 10 56 30  -0.157   0.387   0.232   0.478
 91 209 10 57 30  -0.150   0.387   0.242   0.480
 91 209 10 58 30  -0.154   0.403   0.216   0.483
 91 209 10 59 30  -0.148   0.414   0.186   0.478
 91 209 11 00 30  -0.144   0.388   0.217   0.468
 91 209 11 01 30  -0.165   0.384   0.215   0.470
 91 209 11 02 30  -0.145   0.400   0.203   0.472
 91 209 11 03 30  -0.166   0.415   0.177   0.481
 91 209 11 04 30  -0.140   0.421   0.167   0.474
 91 209 11 05 30  -0.128   0.428   0.180   0.482
 91 209 11 06 30  -0.144   0.414   0.203   0.483
 91 209 11 07 30  -0.145   0.416   0.198   0.483
 91 209 11 08 30  -0.145   0.425   0.169   0.481
 91 209 11 09 30  -0.157   0.418   0.185   0.484
 91 209 11 10 30  -0.156   0.406   0.202   0.480
 91 209 11 11 30  -0.163   0.411   0.193   0.483
 91 209 11 12 30  -0.165   0.428   0.163   0.487
 91 209 11 13 30  -0.157   0.426   0.174   0.487
 91 209 11 14 30  -0.160   0.415   0.186   0.482
 91 209 11 15 30  -0.155   0.420   0.173   0.480
 91 209 11 16 30  -0.143   0.429   0.153   0.479
 91 209 11 17 30  -0.153   0.418   0.176   0.479
 91 209 11 18 30  -0.139   0.421   0.191   0.483
 91 209 11 19 30  -0.149   0.417   0.192   0.483
 91 209 11 20 30  -0.163   0.419   0.186   0.487
 91 209 11 21 30  -0.165   0.430   0.176   0.493
 91 209 11 22 30  -0.167   0.434   0.177   0.498
 91 209 11 23 30  -0.165   0.452   0.162   0.508
 91 209 11 24 30  -0.162   0.446   0.165   0.503
 91 209 11 25 30  -0.164   0.444   0.161   0.500
 91 209 11 26 30  -0.133   0.451   0.170   0.500
 91 209 11 27 30  -0.143   0.446   0.172   0.500
 91 209 11 28 30  -0.135   0.453   0.156   0.498
 91 209 11 29 30  -0.154   0.447   0.160   0.499
 91 209 11 30 30  -0.149   0.442   0.180   0.501
 91 209 11 31 30  -0.149   0.441   0.178   0.499
 91 209 11 32 30  -0.175   0.433   0.160   0.494
 91 209 11 33 30  -0.163   0.430   0.169   0.490
 91 209 11 34 30  -0.165   0.427   0.175   0.491
 91 209 11 35 30  -0.160   0.430   0.181   0.494
 91 209 11 36 30  -0.156   0.434   0.170   0.491
 91 209 11 37 30  -0.170   0.426   0.169   0.489
 91 209 11 38 30  -0.177   0.426   0.163   0.490
 91 209 11 39 30  -0.163   0.420   0.182   0.486
 91 209 11 40 30  -0.163   0.424   0.182   0.489
 91 209 11 41 30  -0.171   0.424   0.170   0.488
 91 209 11 42 30  -0.169   0.409   0.190   0.482
 91 209 11 43 30  -0.151   0.413   0.215   0.489
 91 209 11 44 30  -0.156   0.411   0.213   0.489
 91 209 11 45 30  -0.137   0.417   0.217   0.490
 91 209 11 46 30  -0.123   0.422   0.238   0.500
 91 209 11 47 30  -0.121   0.422   0.235   0.499
 91 209 11 48 30  -0.138   0.408   0.232   0.489
 91 209 11 49 30  -0.147   0.411   0.220   0.489
 91 209 11 50 30  -0.157   0.411   0.210   0.488
 91 209 11 51 30  -0.170   0.405   0.218   0.491
 91 209 11 52 30  -0.174   0.389   0.238   0.488
 91 209 11 53 30  -0.165   0.392   0.237   0.487
 91 209 11 54 30  -0.183   0.379   0.262   0.496
 91 209 11 55 30  -0.200   0.370   0.270   0.500
 91 209 11 56 30  -0.175   0.384   0.261   0.496
 91 209 11 57 30  -0.172   0.389   0.249   0.493
 91 209 11 58 30  -0.163   0.393   0.255   0.496
 91 209 11 59 30  -0.165   0.386   0.259   0.493
 91 209 12 00 30  -0.164   0.383   0.263   0.493
 91 209 12 01 30  -0.165   0.386   0.260   0.494
 91 209 12 02 30  -0.183   0.380   0.258   0.494
 91 209 12 03 30  -0.184   0.390   0.252   0.499
 91 209 12 04 30  -0.169   0.384   0.262   0.495
 91 209 12 05 30  -0.167   0.373   0.282   0.497
 91 209 12 06 30  -0.161   0.368   0.289   0.495
 91 209 12 07 30  -0.164   0.365   0.281   0.489
 91 209 12 08 30  -0.151   0.359   0.291   0.486
 91 209 12 09 30  -0.163   0.365   0.275   0.486
 91 209 12 10 30  -0.146   0.363   0.289   0.487
 91 209 12 11 30  -0.158   0.367   0.274   0.485
 91 209 12 12 30  -0.177   0.362   0.269   0.485
 91 209 12 13 30  -0.178   0.366   0.270   0.489
 91 209 12 14 30  -0.182   0.363   0.258   0.481
 91 209 12 15 30  -0.185   0.354   0.267   0.480
 91 209 12 16 30  -0.175   0.358   0.269   0.481
 91 209 12 17 30  -0.181   0.364   0.262   0.484
 91 209 12 18 30  -0.179   0.375   0.248   0.484
 91 209 12 19 30  -0.180   0.371   0.254   0.485
 91 209 12 20 30  -0.178   0.378   0.245   0.484
 91 209 12 21 30  -0.174   0.393   0.221   0.484
 91 209 12 22 30  -0.178   0.395   0.227   0.489
 91 209 12 23 30  -0.161   0.385   0.269   0.497
 91 209 12 24 30  -0.163   0.359   0.299   0.496
 91 209 12 25 30  -0.172   0.359   0.297   0.497
 91 209 12 26 30  -0.184   0.347   0.304   0.497
 91 209 12 27 30  -0.176   0.364   0.294   0.500
 91 209 12 28 30  -0.183   0.367   0.292   0.503
 91 209 12 29 30  -0.179   0.367   0.279   0.495
 91 209 12 30 30  -0.181   0.350   0.302   0.496
 91 209 12 31 30  -0.176   0.342   0.316   0.498
 91 209 12 32 30  -0.171   0.331   0.328   0.497
 91 209 12 33 30  -0.162   0.332   0.327   0.494
 91 209 12 34 30  -0.158   0.337   0.324   0.495
 91 209 12 35 30  -0.182   0.346   0.301   0.494
 91 209 12 36 30  -0.172   0.340   0.315   0.495
 91 209 12 37 30  -0.170   0.335   0.323   0.496
 91 209 12 38 30  -0.166   0.323   0.340   0.497
 91 209 12 39 30  -0.162   0.328   0.334   0.496
 91 209 12 40 30  -0.161   0.326   0.346   0.502
 91 209 12 41 30  -0.163   0.324   0.344   0.501
 91 209 12 42 30  -0.180   0.329   0.333   0.502
 91 209 12 43 30  -0.181   0.321   0.335   0.498
 91 209 12 44 30  -0.172   0.316   0.343   0.497
 91 209 12 45 30  -0.160   0.339   0.334   0.502
 91 209 12 46 30  -0.168   0.354   0.315   0.503
 91 209 12 47 30  -0.160   0.348   0.320   0.500
 91 209 12 48 30  -0.157   0.358   0.313   0.501
 91 209 12 49 30  -0.166   0.347   0.319   0.499
 91 209 12 50 30  -0.182   0.338   0.322   0.501
 91 209 12 51 30  -0.196   0.315   0.333   0.500
 91 209 12 52 30  -0.159   0.248   0.408   0.503
 91 209 12 53 30  -0.165   0.272   0.388   0.505
 91 209 12 54 30  -0.176   0.325   0.347   0.507
 91 209 12 55 30  -0.184   0.317   0.354   0.510
 91 209 12 56 30  -0.162   0.274   0.394   0.508
 91 209 12 57 30  -0.154   0.269   0.407   0.512
 91 209 12 58 30  -0.158   0.285   0.390   0.509
 91 209 12 59 30  -0.160   0.296   0.380   0.507
 91 209 13 00 30  -0.150   0.319   0.364   0.507
 91 209 13 01 30  -0.150   0.320   0.362   0.506
 91 209 13 02 30  -0.146   0.326   0.357   0.506
 91 209 13 03 30  -0.158   0.312   0.362   0.503
 91 209 13 04 30  -0.168   0.303   0.372   0.509
 91 209 13 05 30  -0.191   0.301   0.362   0.508
 91 209 13 06 30  -0.172   0.298   0.372   0.507
 91 209 13 07 30  -0.164   0.285   0.385   0.507
 91 209 13 08 30  -0.150   0.289   0.384   0.504
 91 209 13 09 30  -0.157   0.285   0.382   0.503
 91 209 13 10 30  -0.179   0.309   0.355   0.504
 91 209 13 11 30  -0.161   0.312   0.363   0.505
 91 209 13 12 30  -0.161   0.301   0.377   0.509
 91 209 13 13 30  -0.166   0.322   0.359   0.510
 91 209 13 14 30  -0.163   0.261   0.405   0.512
 91 209 13 15 30  -0.151   0.231   0.430   0.511
 91 209 13 16 30  -0.152   0.234   0.427   0.510
 91 209 13 17 30  -0.145   0.234   0.431   0.511
 91 209 13 18 30  -0.139   0.231   0.438   0.514
 91 209 13 19 30  -0.125   0.228   0.447   0.517
 91 209 13 20 30  -0.134   0.222   0.446   0.516
 91 209 13 21 30  -0.158   0.223   0.435   0.514
 91 209 13 22 30  -0.176   0.231   0.422   0.513
 91 209 13 23 30  -0.169   0.240   0.424   0.516
 91 209 13 24 30  -0.149   0.220   0.449   0.523
 91 209 13 25 30  -0.132   0.226   0.453   0.523
 91 209 13 26 30  -0.125   0.211   0.461   0.523
 91 209 13 27 30  -0.126   0.215   0.460   0.523
 91 209 13 28 30  -0.106   0.228   0.459   0.524
 91 209 13 29 30  -0.125   0.208   0.463   0.523
 91 209 13 30 30  -0.137   0.189   0.472   0.526
 91 209 13 31 30  -0.156   0.192   0.462   0.525
 91 209 13 32 30  -0.142   0.214   0.455   0.523
 91 209 13 33 30  -0.119   0.220   0.457   0.521
 91 209 13 34 30  -0.125   0.217   0.452   0.517
 91 209 13 35 30  -0.123   0.206   0.461   0.519
 91 209 13 36 30  -0.120   0.182   0.472   0.520
 91 209 13 37 30  -0.132   0.175   0.477   0.526
 91 209 13 38 30  -0.152   0.207   0.457   0.525
 91 209 13 39 30  -0.154   0.220   0.450   0.524
 91 209 13 40 30  -0.145   0.197   0.462   0.523
 91 209 13 41 30  -0.136   0.189   0.468   0.523
 91 209 13 42 30  -0.133   0.191   0.465   0.521
 91 209 13 43 30  -0.144   0.198   0.460   0.521
 91 209 13 44 30  -0.148   0.201   0.455   0.519
 91 209 13 45 30  -0.144   0.196   0.452   0.514
 91 209 13 46 30  -0.147   0.200   0.445   0.510
 91 209 13 47 30  -0.135   0.202   0.440   0.503
 91 209 13 48 30  -0.131   0.208   0.436   0.500
 91 209 13 49 30  -0.128   0.194   0.440   0.498
 91 209 13 50 30  -0.145   0.194   0.441   0.503
 91 209 13 51 30  -0.154   0.190   0.446   0.509
 91 209 13 52 30  -0.150   0.187   0.437   0.499
 91 209 13 53 30  -0.157   0.188   0.432   0.496
 91 209 13 54 30  -0.161   0.184   0.436   0.500
 91 209 13 55 30  -0.162   0.170   0.447   0.505
 91 209 13 56 30  -0.166   0.156   0.451   0.506
 91 209 13 57 30  -0.149   0.173   0.445   0.501
 91 209 13 58 30  -0.140   0.173   0.441   0.495
 91 209 13 59 30  -0.151   0.166   0.441   0.495
 91 209 14 00 30  -0.173   0.147   0.440   0.496
 91 209 14 01 30  -0.181   0.149   0.441   0.500
 91 209 14 02 30  -0.191   0.149   0.431   0.495
 91 209 14 03 30  -0.178   0.152   0.432   0.492
 91 209 14 04 30  -0.202   0.148   0.424   0.493
 91 209 14 05 30  -0.140   0.179   0.436   0.494
 91 209 14 06 30  -0.059   0.218   0.436   0.491
 91 209 14 07 30  -0.068   0.227   0.437   0.498
 91 209 14 08 30  -0.064   0.232   0.452   0.512
 91 209 14 09 30  -0.059   0.231   0.451   0.510
 91 209 14 10 30  -0.063   0.229   0.451   0.510
 91 209 14 11 30  -0.071   0.220   0.453   0.509
 91 209 14 12 30  -0.076   0.225   0.450   0.509
 91 209 14 13 30  -0.081   0.219   0.448   0.506
 91 209 14 14 30  -0.072   0.216   0.456   0.510
 91 209 14 15 30  -0.089   0.204   0.452   0.504
 91 209 14 16 30  -0.099   0.204   0.445   0.499
 91 209 14 17 30  -0.104   0.203   0.445   0.500
 91 209 14 18 30  -0.095   0.208   0.443   0.499
 91 209 14 19 30  -0.094   0.207   0.444   0.499
 91 209 14 20 30  -0.094   0.205   0.447   0.501
 91 209 14 21 30  -0.085   0.198   0.463   0.510
 91 209 14 22 30  -0.085   0.207   0.458   0.510
 91 209 14 23 30  -0.086   0.208   0.453   0.506
 91 209 14 24 30  -0.086   0.206   0.452   0.505
 91 209 14 25 30  -0.049   0.197   0.460   0.504
 91 209 14 26 30  -0.095   0.210   0.445   0.502
 91 209 14 27 30  -0.091   0.216   0.450   0.508
 91 209 14 28 30  -0.099   0.214   0.448   0.506
 91 209 14 29 30  -0.097   0.218   0.436   0.497
 91 209 14 30 30  -0.086   0.224   0.433   0.496
 91 209 14 31 30  -0.071   0.217   0.416   0.474
 91 209 14 32 30  -0.071   0.234   0.407   0.476
 91 209 14 33 30  -0.073   0.246   0.400   0.475
 91 209 14 34 30  -0.081   0.232   0.416   0.484
 91 209 14 35 30  -0.129   0.139   0.439   0.481
 91 209 14 36 30  -0.111   0.157   0.439   0.480
 91 209 14 37 30  -0.115   0.140   0.438   0.474
 91 209 14 38 30  -0.118   0.135   0.440   0.475
 91 209 14 39 30  -0.100   0.156   0.432   0.470
 91 209 14 40 30  -0.122   0.158   0.422   0.467
 91 209 14 41 30  -0.112   0.182   0.417   0.469
 91 209 14 42 30  -0.092   0.192   0.419   0.470
 91 209 14 43 30  -0.097   0.165   0.426   0.468
 91 209 14 44 30  -0.099   0.145   0.437   0.471
 91 209 14 45 30  -0.107   0.171   0.429   0.475
 91 209 14 46 30  -0.108   0.172   0.433   0.479
 91 209 14 47 30  -0.104   0.173   0.440   0.484
 91 209 14 48 30  -0.099   0.160   0.450   0.487
 91 209 14 49 30  -0.095   0.156   0.461   0.496
 91 209 14 50 30  -0.095   0.156   0.464   0.499
 91 209 14 51 30  -0.096   0.176   0.453   0.496
 91 209 14 52 30  -0.102   0.189   0.443   0.492
 91 209 14 53 30  -0.096   0.172   0.440   0.483
 91 209 14 54 30  -0.102   0.178   0.437   0.483
 91 209 14 55 30  -0.099   0.182   0.438   0.485
 91 209 14 56 30  -0.091   0.176   0.440   0.483
 91 209 14 57 30  -0.092   0.153   0.450   0.484
 91 209 14 58 30  -0.102   0.166   0.451   0.492
 91 209 14 59 30  -0.098   0.149   0.457   0.491
 91 209 15 00 30  -0.089   0.144   0.455   0.485
 91 209 15 01 30  -0.070   0.125   0.459   0.482
 91 209 15 02 30  -0.078   0.132   0.451   0.477
 91 209 15 03 30  -0.078   0.130   0.450   0.475
 91 209 15 04 30  -0.090   0.147   0.434   0.468
 91 209 15 05 30  -0.092   0.159   0.431   0.469
 91 209 15 06 30  -0.098   0.163   0.423   0.464
 91 209 15 07 30  -0.096   0.183   0.420   0.468
 91 209 15 08 30  -0.109   0.203   0.421   0.483
 91 209 15 09 30  -0.143   0.274   0.382   0.492
 91 209 15 10 30  -0.171   0.238   0.389   0.488
 91 209 15 11 30  -0.163   0.281   0.370   0.493
 91 209 15 12 30  -0.168   0.291   0.363   0.496
 91 209 15 13 30  -0.160   0.298   0.363   0.497
 91 209 15 14 30  -0.150   0.292   0.373   0.498
 91 209 15 15 30  -0.145   0.282   0.380   0.496
 91 209 15 16 30  -0.161   0.246   0.397   0.495
 91 209 15 17 30  -0.153   0.224   0.431   0.509
 91 209 15 18 30  -0.133   0.222   0.446   0.516
 91 209 15 19 30  -0.162   0.232   0.429   0.515
 91 209 15 20 30  -0.180   0.248   0.408   0.510
 91 209 15 21 30  -0.158   0.228   0.435   0.516
 91 209 15 22 30  -0.148   0.214   0.446   0.516
 91 209 15 23 30  -0.121   0.216   0.457   0.520
 91 209 15 24 30  -0.132   0.222   0.450   0.520
 91 209 15 25 30  -0.147   0.225   0.445   0.520
 91 209 15 26 30  -0.136   0.230   0.443   0.518
 91 209 15 27 30  -0.123   0.221   0.445   0.512
 91 209 15 28 30  -0.113   0.218   0.454   0.516
 91 209 15 29 30  -0.110   0.210   0.458   0.516
 91 209 15 30 30  -0.129   0.211   0.449   0.514
 91 209 15 31 30  -0.145   0.239   0.423   0.508
 91 209 15 32 30  -0.151   0.253   0.409   0.504
 91 209 15 33 30  -0.142   0.273   0.401   0.506
 91 209 15 34 30  -0.147   0.290   0.389   0.508
 91 209 15 35 30  -0.135   0.296   0.396   0.513
 91 209 15 36 30  -0.142   0.250   0.423   0.512
 91 209 15 37 30  -0.153   0.257   0.408   0.506
 91 209 15 38 30  -0.155   0.280   0.389   0.505
 91 209 15 39 30  -0.150   0.297   0.386   0.510
 91 209 15 40 30  -0.126   0.319   0.379   0.512
 91 209 15 41 30  -0.139   0.311   0.380   0.510
 91 209 15 42 30  -0.126   0.323   0.374   0.510
 91 209 15 43 30  -0.159   0.284   0.388   0.507
 91 209 15 44 30  -0.187   0.241   0.398   0.502
 91 209 15 45 30  -0.196   0.236   0.402   0.506
 91 209 15 46 30  -0.190   0.253   0.407   0.515
 91 209 15 47 30  -0.187   0.274   0.399   0.519
 91 209 15 48 30  -0.179   0.282   0.401   0.522
 91 209 15 49 30  -0.174   0.272   0.410   0.522
 91 209 15 50 30  -0.170   0.264   0.411   0.518
 91 209 15 51 30  -0.180   0.264   0.408   0.519
 91 209 15 52 30  -0.182   0.290   0.384   0.515
 91 209 15 53 30  -0.179   0.292   0.380   0.512
 91 209 15 54 30  -0.187   0.296   0.367   0.509
 91 209 15 55 30  -0.217   0.319   0.331   0.509
 91 209 15 56 30  -0.193   0.326   0.359   0.523
 91 209 15 57 30  -0.205   0.332   0.350   0.525
 91 209 15 58 30  -0.209   0.344   0.328   0.520
 91 209 15 59 30  -0.200   0.355   0.324   0.521
 91 209 16 00 30  -0.187   0.359   0.329   0.522
 91 209 16 01 30  -0.185   0.352   0.345   0.526
 91 209 16 02 30  -0.197   0.333   0.346   0.520
 91 209 16 03 30  -0.201   0.350   0.323   0.517
 91 209 16 04 30  -0.228   0.289   0.350   0.508
 91 209 16 05 30  -0.245   0.286   0.337   0.506
 91 209 16 06 30  -0.235   0.302   0.341   0.513
 91 209 16 07 30  -0.213   0.300   0.353   0.510
 91 209 16 08 30  -0.195   0.304   0.361   0.511
 91 209 16 09 30  -0.188   0.296   0.363   0.505
 91 209 16 10 30  -0.210   0.261   0.385   0.511
 91 209 16 11 30  -0.194   0.286   0.371   0.508
 91 209 16 12 30  -0.186   0.309   0.360   0.511
 91 209 16 13 30  -0.205   0.309   0.337   0.501
 91 209 16 14 30  -0.244   0.262   0.357   0.507
 91 209 16 15 30  -0.226   0.290   0.364   0.518
 91 209 16 16 30  -0.237   0.282   0.362   0.517
 91 209 16 17 30  -0.231   0.302   0.353   0.519
 91 209 16 18 30  -0.224   0.326   0.336   0.519
 91 209 16 19 30  -0.224   0.345   0.315   0.518
 91 209 16 20 30  -0.219   0.343   0.322   0.519
 91 209 16 21 30  -0.219   0.339   0.329   0.521
 91 209 16 22 30  -0.214   0.343   0.332   0.523
 91 209 16 23 30  -0.211   0.355   0.321   0.523
 91 209 16 24 30  -0.213   0.360   0.324   0.529
 91 209 16 25 30  -0.208   0.378   0.312   0.533
 91 209 16 26 30  -0.208   0.387   0.285   0.524
 91 209 16 27 30  -0.207   0.401   0.279   0.531
 91 209 16 28 30  -0.227   0.400   0.266   0.532
 91 209 16 29 30  -0.226   0.395   0.257   0.523
 91 209 16 30 30  -0.232   0.409   0.241   0.529
 91 209 16 31 30  -0.212   0.406   0.256   0.525
 91 209 16 32 30  -0.208   0.407   0.265   0.528
 91 209 16 33 30  -0.214   0.387   0.292   0.531
 91 209 16 34 30  -0.206   0.364   0.313   0.522
 91 209 16 35 30  -0.199   0.370   0.313   0.524
 91 209 16 36 30  -0.211   0.363   0.308   0.521
 91 209 16 37 30  -0.207   0.361   0.305   0.516
 91 209 16 38 30  -0.196   0.367   0.304   0.516
 91 209 16 39 30  -0.181   0.389   0.286   0.516
 91 209 16 40 30  -0.204   0.370   0.299   0.518
 91 209 16 41 30  -0.209   0.363   0.301   0.516
 91 209 16 42 30  -0.204   0.372   0.297   0.518
 91 209 16 43 30  -0.191   0.382   0.295   0.519
 91 209 16 44 30  -0.191   0.383   0.294   0.519
 91 209 16 45 30  -0.201   0.386   0.285   0.521
 91 209 16 46 30  -0.202   0.388   0.273   0.516
 91 209 16 47 30  -0.211   0.375   0.272   0.509
 91 209 16 48 30  -0.215   0.383   0.262   0.512
 91 209 16 49 30  -0.214   0.407   0.232   0.516
 91 209 16 50 30  -0.224   0.402   0.221   0.512
 91 209 16 51 30  -0.201   0.421   0.199   0.508
 91 209 16 52 30  -0.182   0.389   0.198   0.473
 91 209 16 53 30  -0.181   0.364   0.175   0.443
 91 209 16 54 30  -0.182   0.348   0.172   0.429
 91 209 16 55 30  -0.168   0.370   0.138   0.429
 91 209 16 56 30  -0.149   0.394   0.077   0.430
 91 209 16 57 30  -0.130   0.430   0.042   0.452
 91 209 16 58 30  -0.121   0.418   0.020   0.436
 91 209 16 59 30  -0.115   0.417   0.006   0.432
 91 209 17 00 30  -0.117   0.415   0.004   0.431
 91 209 17 01 30  -0.150   0.401   0.035   0.430
 91 209 17 02 30  -0.147   0.399   0.049   0.429
 91 209 17 03 30  -0.145   0.394   0.075   0.426
 91 209 17 04 30  -0.141   0.411   0.037   0.436
 91 209 17 05 30  -0.137   0.412   0.034   0.436
 91 209 17 06 30  -0.135   0.405   0.040   0.429
 91 209 17 07 30  -0.127   0.408   0.029   0.428
 91 209 17 08 30  -0.141   0.397   0.035   0.423
 91 209 17 09 30  -0.131   0.401   0.036   0.424
 91 209 17 10 30  -0.123   0.409   0.018   0.428
 91 209 17 11 30  -0.111   0.414   0.016   0.429
 91 209 17 12 30  -0.083   0.422  -0.029   0.431
 91 209 17 13 30  -0.141   0.397   0.030   0.424
 91 209 17 14 30  -0.174   0.385   0.008   0.423
 91 209 17 15 30  -0.124   0.411  -0.027   0.432
 91 209 17 16 30  -0.127   0.405  -0.024   0.427
 91 209 17 17 30  -0.097   0.418  -0.049   0.433
 91 209 17 18 30  -0.136   0.403  -0.006   0.429
 91 209 17 19 30  -0.122   0.405  -0.075   0.438
 91 209 17 20 30  -0.102   0.412  -0.068   0.436
 91 209 17 21 30  -0.083   0.413  -0.107   0.437
 91 209 17 22 30   0.001   0.380  -0.213   0.442
 91 209 17 23 30  -0.087   0.408  -0.054   0.430
 91 209 17 24 30  -0.014   0.401  -0.041   0.432
 91 209 17 25 30   0.072   0.259  -0.360   0.455
 91 209 17 26 30   0.142   0.235  -0.363   0.456
 91 209 17 27 30   0.136   0.243  -0.359   0.457
 91 209 17 28 30   0.138   0.213  -0.377   0.458
 91 209 17 29 30   0.087   0.284  -0.355   0.463
 91 209 17 30 30   0.046   0.294  -0.345   0.456
 91 209 17 31 30   0.013   0.300  -0.333   0.448
 91 209 17 32 30   0.019   0.295  -0.334   0.449
 91 209 17 33 30   0.052   0.282  -0.358   0.459
 91 209 17 34 30   0.052   0.293  -0.353   0.462
 91 209 17 35 30   0.058   0.292  -0.353   0.462
 91 209 17 36 30   0.067   0.305  -0.346   0.467
 91 209 17 37 30   0.070   0.301  -0.343   0.462
 91 209 17 38 30   0.061   0.285  -0.363   0.466
 91 209 17 39 30   0.058   0.279  -0.362   0.461
 91 209 17 40 30   0.058   0.274  -0.366   0.461
 91 209 17 41 30   0.064   0.258  -0.367   0.454
 91 209 17 42 30   0.073   0.265  -0.365   0.458
 91 209 17 43 30   0.074   0.276  -0.355   0.457
 91 209 17 44 30   0.062   0.270  -0.361   0.455
 91 209 17 45 30   0.061   0.291  -0.345   0.456
 91 209 17 46 30   0.048   0.283  -0.352   0.454
 91 209 17 47 30   0.047   0.273  -0.365   0.459
 91 209 17 48 30   0.040   0.259  -0.373   0.457
 91 209 17 49 30   0.030   0.248  -0.365   0.447
 91 209 17 50 30   0.100   0.291  -0.311   0.442
 91 209 17 51 30   0.072   0.336  -0.288   0.449
 91 209 17 52 30   0.086   0.278  -0.343   0.451
 91 209 17 53 30   0.099   0.244  -0.371   0.457
 91 209 17 54 30   0.080   0.260  -0.352   0.453
 91 209 17 55 30  -0.020   0.280  -0.334   0.440
 91 209 17 56 30   0.086   0.260  -0.364   0.456
 91 209 17 57 30   0.089   0.289  -0.329   0.452
 91 209 17 58 30   0.099   0.238  -0.394   0.473
 91 209 17 59 30   0.112   0.188  -0.426   0.479
 91 209 18 00 30   0.133   0.162  -0.421   0.476
 91 209 18 01 30   0.137   0.124  -0.439   0.477
 91 209 18 02 30   0.149   0.186  -0.415   0.481
 91 209 18 03 30   0.189   0.174  -0.403   0.479
 91 209 18 04 30   0.184   0.157  -0.414   0.480
 91 209 18 05 30   0.169   0.162  -0.418   0.480
 91 209 18 06 30   0.178   0.167  -0.418   0.484
 91 209 18 07 30   0.199   0.142  -0.413   0.480
 91 209 18 08 30   0.197   0.131  -0.412   0.479
 91 209 18 09 30   0.156   0.107  -0.425   0.470
 91 209 18 10 30   0.107   0.260  -0.364   0.464
 91 209 18 11 30   0.116   0.116  -0.435   0.466
 91 209 18 12 30   0.168   0.081  -0.446   0.486
 91 209 18 13 30   0.231  -0.050  -0.412   0.476
 91 209 18 14 30   0.238  -0.054  -0.412   0.480
 91 209 18 15 30   0.229  -0.073  -0.410   0.476
 91 209 18 16 30   0.236  -0.059  -0.405   0.474
 91 209 18 17 30   0.235  -0.068  -0.412   0.480
 91 209 18 18 30   0.234  -0.037  -0.414   0.478
 91 209 18 19 30   0.235  -0.080  -0.406   0.477
 91 209 18 20 30   0.214  -0.097  -0.413   0.476
 91 209 18 21 30   0.129   0.057  -0.301   0.437
 91 209 18 22 30  -0.054   0.399  -0.092   0.417
 91 209 18 23 30  -0.074   0.406  -0.060   0.421
 91 209 18 24 30  -0.025   0.403  -0.167   0.442
 91 209 18 25 30  -0.019   0.413  -0.188   0.455
 91 209 18 26 30  -0.052   0.428  -0.089   0.441
 91 209 18 27 30  -0.073   0.435  -0.037   0.446
 91 209 18 28 30  -0.122   0.435   0.026   0.453
 91 209 18 29 30  -0.120   0.441   0.045   0.460
 91 209 18 30 30  -0.134   0.441   0.046   0.464
 91 209 18 31 30  -0.113   0.445   0.014   0.460
 91 209 18 32 30  -0.115   0.438   0.041   0.455
 91 209 18 33 30  -0.108   0.437   0.008   0.451
 91 209 18 34 30  -0.106   0.433  -0.009   0.446
 91 209 18 35 30  -0.104   0.441  -0.022   0.455
 91 209 18 36 30  -0.119   0.433  -0.101   0.463
 91 209 18 37 30  -0.143   0.441  -0.058   0.468
 91 209 18 38 30  -0.132   0.437  -0.093   0.467
 91 209 18 39 30  -0.134   0.434  -0.110   0.467
 91 209 18 40 30  -0.128   0.424  -0.096   0.454
 91 209 18 41 30  -0.125   0.429  -0.040   0.449
 91 209 18 42 30  -0.149   0.414  -0.055   0.444
 91 209 18 43 30  -0.147   0.426  -0.045   0.453
 91 209 18 44 30  -0.162   0.432  -0.051   0.464
 91 209 18 45 30  -0.134   0.441  -0.052   0.465
 91 209 18 46 30  -0.132   0.442  -0.048   0.464
 91 209 18 47 30  -0.125   0.436  -0.038   0.456
 91 209 18 48 30  -0.111   0.432  -0.026   0.448
 91 209 18 49 30  -0.084   0.431   0.060   0.444
 91 209 18 50 30  -0.097   0.427   0.062   0.443
 91 209 18 51 30  -0.098   0.429   0.057   0.444
 91 209 18 52 30  -0.100   0.426   0.049   0.441
 91 209 18 53 30  -0.096   0.437  -0.007   0.449
 91 209 18 54 30  -0.090   0.438   0.051   0.450
 91 209 18 55 30  -0.071   0.455   0.037   0.462
 91 209 18 56 30  -0.069   0.452   0.013   0.458
 91 209 18 57 30  -0.048   0.456   0.004   0.459
 91 209 18 58 30  -0.101   0.440  -0.021   0.454
 91 209 18 59 30  -0.088   0.429  -0.021   0.439
 91 209 19 00 30  -0.072   0.435   0.017   0.442
 91 209 19 01 30  -0.060   0.437   0.037   0.443
 91 209 19 02 30  -0.080   0.433   0.023   0.441
 91 209 19 03 30  -0.082   0.427   0.038   0.436
 91 209 19 04 30  -0.081   0.431   0.031   0.440
 91 209 19 05 30  -0.081   0.429  -0.001   0.438
 91 209 19 06 30  -0.098   0.427   0.003   0.438
 91 209 19 07 30  -0.085   0.430   0.006   0.439
 91 209 19 08 30  -0.106   0.423  -0.004   0.436
 91 209 19 09 30  -0.104   0.424  -0.013   0.437
 91 209 19 10 30  -0.107   0.428  -0.005   0.442
 91 209 19 11 30  -0.120   0.430  -0.003   0.447
 91 209 19 12 30  -0.135   0.426  -0.008   0.447
 91 209 19 13 30  -0.111   0.436   0.005   0.450
 91 209 19 14 30  -0.093   0.441   0.019   0.451
 91 209 19 15 30  -0.076   0.440   0.045   0.449
 91 209 19 16 30  -0.076   0.446   0.038   0.454
 91 209 19 17 30  -0.096   0.440   0.016   0.451
 91 209 19 18 30  -0.106   0.430   0.026   0.444
 91 209 19 19 30  -0.113   0.425   0.033   0.441
 91 209 19 20 30  -0.100   0.425   0.030   0.438
 91 209 19 21 30  -0.086   0.428   0.013   0.437
 91 209 19 22 30  -0.071   0.428   0.014   0.434
 91 209 19 23 30  -0.074   0.429   0.008   0.436
 91 209 19 24 30  -0.102   0.417   0.073   0.437
 91 209 19 25 30  -0.110   0.419   0.060   0.438
 91 209 19 26 30  -0.112   0.411   0.061   0.430
 91 209 19 27 30  -0.106   0.414   0.062   0.433
 91 209 19 28 30  -0.112   0.408   0.065   0.429
 91 209 19 29 30  -0.085   0.417   0.044   0.429
 91 209 19 30 30  -0.118   0.411   0.073   0.435
 91 209 19 31 30  -0.149   0.400   0.095   0.438
 91 209 19 32 30  -0.137   0.401   0.100   0.436
 91 209 19 33 30  -0.141   0.405   0.048   0.433
 91 209 19 34 30  -0.086   0.424   0.036   0.436
 91 209 19 35 30  -0.049   0.428   0.058   0.437
 91 209 19 36 30  -0.081   0.426   0.063   0.438
 91 209 19 37 30  -0.096   0.426   0.079   0.444
 91 209 19 38 30  -0.093   0.422   0.106   0.445
 91 209 19 39 30  -0.100   0.416   0.108   0.441
 91 209 19 40 30  -0.128   0.415   0.102   0.446
 91 209 19 41 30  -0.121   0.422   0.083   0.448
 91 209 19 42 30  -0.100   0.421   0.088   0.443
 91 209 19 43 30  -0.110   0.425   0.016   0.440
 91 209 19 44 30  -0.112   0.421   0.023   0.437
 91 209 19 45 30  -0.131   0.409   0.096   0.442
 91 209 19 46 30  -0.135   0.410   0.117   0.448
 91 209 19 47 30  -0.139   0.412   0.093   0.446
 91 209 19 48 30  -0.161   0.410   0.033   0.443
 91 209 19 49 30  -0.133   0.415  -0.020   0.438
 91 209 19 50 30  -0.121   0.421  -0.086   0.447
 91 209 19 51 30  -0.124   0.422  -0.058   0.444
 91 209 19 52 30  -0.118   0.420  -0.038   0.438
 91 209 19 53 30  -0.132   0.415   0.000   0.436
 91 209 19 54 30  -0.150   0.413   0.021   0.440
 91 209 19 55 30  -0.167   0.401   0.040   0.436
 91 209 19 56 30  -0.163   0.402   0.028   0.436
 91 209 19 57 30  -0.163   0.407  -0.015   0.439
 91 209 19 58 30  -0.165   0.408  -0.002   0.440
 91 209 19 59 30  -0.186   0.388   0.014   0.431
 91 209 20 00 30  -0.177   0.398   0.025   0.437
 91 209 20 01 30  -0.151   0.414   0.039   0.442
 91 209 20 02 30  -0.166   0.408   0.032   0.442
 91 209 20 03 30  -0.177   0.403   0.026   0.441
 91 209 20 04 30  -0.169   0.411   0.034   0.446
 91 209 20 05 30  -0.159   0.413   0.060   0.447
 91 209 20 06 30  -0.152   0.416   0.067   0.448
 91 209 20 07 30  -0.176   0.400   0.089   0.446
 91 209 20 08 30  -0.164   0.394   0.106   0.440
 91 209 20 09 30  -0.143   0.402   0.070   0.433
 91 209 20 10 30  -0.135   0.411   0.032   0.434
 91 209 20 11 30  -0.137   0.420  -0.010   0.443
 91 209 20 12 30  -0.162   0.403   0.117   0.453
 91 209 20 13 30  -0.157   0.413   0.097   0.453
 91 209 20 14 30  -0.182   0.417   0.103   0.467
 91 209 20 15 30  -0.170   0.409   0.119   0.459
 91 209 20 16 30  -0.171   0.393   0.120   0.446
 91 209 20 17 30  -0.194   0.403   0.053   0.452
 91 209 20 18 30  -0.199   0.408   0.035   0.455
 91 209 20 19 30  -0.202   0.398   0.039   0.448
 91 209 20 20 30  -0.213   0.394   0.104   0.460
 91 209 20 21 30  -0.192   0.402   0.078   0.453
 91 209 20 22 30  -0.198   0.399   0.094   0.456
 91 209 20 23 30  -0.196   0.399   0.024   0.449
 91 209 20 24 30  -0.206   0.405   0.030   0.456
 91 209 20 25 30  -0.240   0.389   0.018   0.458
 91 209 20 26 30  -0.247   0.374   0.032   0.450
 91 209 20 27 30  -0.256   0.368   0.028   0.450
 91 209 20 28 30  -0.243   0.376   0.047   0.453
 91 209 20 29 30  -0.195   0.375   0.127   0.445
 91 209 20 30 30  -0.151   0.389   0.195   0.461
 91 209 20 31 30  -0.149   0.389   0.189   0.458
 91 209 20 32 30  -0.123   0.389   0.196   0.453
 91 209 20 33 30  -0.146   0.379   0.197   0.453
 91 209 20 34 30  -0.188   0.346   0.206   0.446
 91 209 20 35 30  -0.206   0.316   0.227   0.441
 91 209 20 36 30  -0.189   0.332   0.234   0.449
 91 209 20 37 30  -0.194   0.338   0.226   0.451
 91 209 20 38 30  -0.187   0.338   0.216   0.443
 91 209 20 39 30  -0.186   0.337   0.202   0.436
 91 209 20 40 30  -0.207   0.335   0.195   0.440
 91 209 20 41 30  -0.198   0.332   0.211   0.441
 91 209 20 42 30  -0.211   0.325   0.201   0.437
 91 209 20 43 30  -0.220   0.324   0.203   0.441
 91 209 20 44 30  -0.216   0.319   0.218   0.443
 91 209 20 45 30  -0.208   0.309   0.233   0.440
 91 209 20 46 30  -0.223   0.285   0.253   0.442
 91 209 20 47 30  -0.189   0.302   0.263   0.443
 91 209 20 48 30  -0.178   0.293   0.281   0.443
 91 209 20 49 30  -0.161   0.299   0.275   0.437
 91 209 20 50 30  -0.141   0.327   0.262   0.443
 91 209 20 51 30  -0.122   0.338   0.258   0.443
 91 209 20 52 30  -0.154   0.301   0.275   0.437
 91 209 20 53 30  -0.164   0.277   0.293   0.436
 91 209 20 54 30  -0.167   0.282   0.287   0.436
 91 209 20 55 30  -0.166   0.283   0.285   0.435
 91 209 20 56 30  -0.124   0.269   0.319   0.435
 91 209 20 57 30  -0.133   0.267   0.317   0.436
 91 209 20 58 30  -0.092   0.301   0.294   0.433
 91 209 20 59 30  -0.111   0.306   0.287   0.436
 91 209 21 00 30  -0.131   0.305   0.275   0.431
 91 209 21 01 30  -0.142   0.277   0.302   0.434
 91 209 21 02 30  -0.149   0.256   0.311   0.429
 91 209 21 03 30  -0.139   0.240   0.324   0.427
 91 209 21 04 30  -0.139   0.199   0.348   0.425
 91 209 21 05 30  -0.144   0.282   0.294   0.434
 91 209 21 06 30  -0.154   0.283   0.288   0.433
 91 209 21 07 30  -0.155   0.291   0.282   0.435
 91 209 21 08 30  -0.172   0.305   0.246   0.430
 91 209 21 09 30  -0.182   0.330   0.214   0.435
 91 209 21 10 30  -0.181   0.320   0.227   0.437
 91 209 21 11 30  -0.205   0.298   0.244   0.439
 91 209 21 12 30  -0.215   0.311   0.230   0.443
 91 209 21 13 30  -0.218   0.316   0.222   0.444
 91 209 21 14 30  -0.209   0.320   0.222   0.442
 91 209 21 15 30  -0.178   0.330   0.232   0.441
 91 209 21 16 30  -0.204   0.311   0.229   0.437
 91 209 21 17 30  -0.246   0.309   0.209   0.447
 91 209 21 18 30  -0.241   0.304   0.221   0.448
 91 209 21 19 30  -0.258   0.293   0.220   0.449
 91 209 21 20 30  -0.250   0.300   0.219   0.448
 91 209 21 21 30  -0.252   0.298   0.202   0.440
 91 209 21 22 30  -0.250   0.316   0.190   0.446
 91 209 21 23 30  -0.249   0.311   0.187   0.440
 91 209 21 24 30  -0.252   0.307   0.192   0.442
 91 209 21 25 30  -0.259   0.309   0.192   0.447
 91 209 21 26 30  -0.272   0.296   0.196   0.448
 91 209 21 27 30  -0.293   0.264   0.209   0.447
 91 209 21 28 30  -0.278   0.302   0.156   0.440
 91 209 21 29 30  -0.264   0.323   0.143   0.441
 91 209 21 30 30  -0.259   0.326   0.146   0.441
 91 209 21 31 30  -0.256   0.313   0.180   0.443
 91 209 21 32 30  -0.269   0.310   0.155   0.440
 91 209 21 33 30  -0.274   0.312   0.149   0.441
 91 209 21 34 30  -0.266   0.319   0.155   0.444
 91 209 21 35 30  -0.310   0.298   0.120   0.447
 91 209 21 36 30  -0.238   0.319   0.192   0.445
 91 209 21 37 30  -0.179   0.334   0.242   0.452
 91 209 21 38 30  -0.134   0.339   0.276   0.458
 91 209 21 39 30  -0.133   0.377   0.233   0.464
 91 209 21 40 30  -0.165   0.378   0.189   0.457
 91 209 21 41 30  -0.153   0.358   0.222   0.450
 91 209 21 42 30  -0.191   0.336   0.214   0.442
 91 209 21 43 30  -0.224   0.331   0.191   0.444
 91 209 21 44 30  -0.230   0.337   0.180   0.446
 91 209 21 45 30  -0.227   0.321   0.191   0.438
 91 209 21 46 30  -0.230   0.325   0.187   0.440
 91 209 21 47 30  -0.208   0.345   0.177   0.440
 91 209 21 48 30  -0.213   0.342   0.184   0.443
 91 209 21 49 30  -0.213   0.323   0.215   0.442
 91 209 21 50 30  -0.225   0.329   0.201   0.447
 91 209 21 51 30  -0.226   0.335   0.196   0.450
 91 209 21 52 30  -0.233   0.338   0.186   0.451
 91 209 21 53 30  -0.237   0.336   0.178   0.448
 91 209 21 54 30  -0.247   0.331   0.166   0.446
 91 209 21 55 30  -0.248   0.338   0.148   0.445
 91 209 21 56 30  -0.247   0.332   0.158   0.443
 91 209 21 57 30  -0.247   0.339   0.138   0.442
 91 209 21 58 30  -0.249   0.338   0.144   0.444
 91 209 21 59 30  -0.239   0.350   0.138   0.446
 91 209 22 00 30  -0.238   0.361   0.112   0.447
 91 209 22 01 30  -0.260   0.338   0.129   0.446
 91 209 22 02 30  -0.253   0.339   0.130   0.443
 91 209 22 03 30  -0.263   0.331   0.114   0.439
 91 209 22 04 30  -0.241   0.359   0.079   0.440
 91 209 22 05 30  -0.275   0.326   0.113   0.442
 91 209 22 06 30  -0.279   0.325   0.103   0.441
 91 209 22 07 30  -0.263   0.339   0.106   0.444
 91 209 22 08 30  -0.252   0.334   0.130   0.439
 91 209 22 09 30  -0.252   0.346   0.101   0.440
 91 209 22 10 30  -0.237   0.357   0.088   0.438
 91 209 22 11 30  -0.251   0.349   0.080   0.438
 91 209 22 12 30  -0.253   0.356   0.071   0.442
 91 209 22 13 30  -0.242   0.359   0.053   0.436
 91 209 22 14 30  -0.246   0.354   0.067   0.437
 91 209 22 15 30  -0.236   0.358   0.066   0.435
 91 209 22 16 30  -0.229   0.370   0.037   0.438
 91 209 22 17 30  -0.229   0.372   0.037   0.439
 91 209 22 18 30  -0.226   0.375   0.033   0.439
 91 209 22 19 30  -0.214   0.386   0.004   0.442
 91 209 22 20 30  -0.201   0.383   0.025   0.434
 91 209 22 21 30  -0.204   0.383   0.050   0.437
 91 209 22 22 30  -0.191   0.385   0.059   0.434
 91 209 22 23 30  -0.190   0.384   0.063   0.433
 91 209 22 24 30  -0.203   0.378   0.051   0.432
 91 209 22 25 30  -0.203   0.374   0.067   0.432
 91 209 22 26 30  -0.215   0.374   0.082   0.439
 91 209 22 27 30  -0.211   0.375   0.035   0.432
 91 209 22 28 30  -0.203   0.369   0.109   0.436
 91 209 22 29 30  -0.199   0.359   0.131   0.431
 91 209 22 30 30  -0.178   0.358   0.156   0.430
 91 209 22 31 30  -0.194   0.353   0.149   0.430
 91 209 22 32 30  -0.211   0.358   0.105   0.431
 91 209 22 33 30  -0.204   0.372   0.042   0.427
 91 209 22 34 30  -0.230   0.361   0.011   0.429
 91 209 22 35 30  -0.222   0.371   0.005   0.433
 91 209 22 36 30  -0.223   0.364   0.038   0.430
 91 209 22 37 30  -0.198   0.378   0.075   0.434
 91 209 22 38 30  -0.202   0.371   0.070   0.429
 91 209 22 39 30  -0.222   0.363   0.071   0.432
 91 209 22 40 30  -0.201   0.370   0.063   0.426
 91 209 22 41 30  -0.203   0.375   0.073   0.433
 91 209 22 42 30  -0.220   0.363   0.056   0.428
 91 209 22 43 30  -0.209   0.365   0.072   0.427
 91 209 22 44 30  -0.202   0.370   0.087   0.431
 91 209 22 45 30  -0.188   0.370   0.089   0.425
 91 209 22 46 30  -0.213   0.362   0.070   0.426
 91 209 22 47 30  -0.202   0.365   0.057   0.424
 91 209 22 48 30   0.000   0.352  -0.268   0.443
 91 209 22 49 30  -0.003   0.353  -0.262   0.439
 91 209 22 50 30   0.004   0.367  -0.248   0.443
 91 209 22 51 30  -0.010   0.369  -0.241   0.442
 91 209 22 52 30  -0.016   0.381  -0.221   0.441
 91 209 22 53 30  -0.018   0.383  -0.222   0.444
 91 209 22 54 30  -0.009   0.381  -0.235   0.448
 91 209 22 55 30  -0.010   0.378  -0.243   0.450
 91 209 22 56 30  -0.019   0.369  -0.252   0.448
 91 209 22 57 30  -0.020   0.360  -0.261   0.445
 91 209 22 58 30  -0.035   0.371  -0.251   0.449
 91 209 22 59 30  -0.033   0.377  -0.242   0.449
 91 209 23 00 30  -0.030   0.378  -0.239   0.449
 91 209 23 01 30  -0.031   0.383  -0.240   0.453
 91 209 23 02 30  -0.021   0.395  -0.224   0.455
 91 209 23 03 30  -0.020   0.395  -0.243   0.465
 91 209 23 04 30  -0.091   0.397  -0.191   0.450
 91 209 23 05 30  -0.103   0.398  -0.166   0.447
 91 209 23 06 30  -0.206   0.371  -0.026   0.425
 91 209 23 07 30  -0.201   0.375  -0.020   0.427
 91 209 23 08 30  -0.195   0.385  -0.017   0.433
 91 209 23 09 30  -0.194   0.385  -0.036   0.434
 91 209 23 10 30  -0.172   0.394  -0.066   0.435
 91 209 23 11 30  -0.198   0.382  -0.051   0.433
 91 209 23 12 30  -0.181   0.388  -0.055   0.432
 91 209 23 13 30  -0.176   0.396  -0.060   0.438
 91 209 23 17 30  -0.179   0.399  -0.053   0.441
 91 209 23 18 30  -0.170   0.405  -0.041   0.442
 91 209 23 19 30  -0.172   0.389  -0.072   0.435
 91 209 23 20 30  -0.185   0.388  -0.058   0.434
 91 209 23 21 30  -0.193   0.386  -0.053   0.435
 91 209 23 22 30  -0.182   0.395  -0.017   0.436
 91 209 23 23 30  -0.189   0.391  -0.013   0.435
 91 209 23 24 30  -0.183   0.396  -0.015   0.438
 91 209 23 44 30  -0.204   0.378   0.075   0.437
 91 209 23 45 30  -0.206   0.374   0.064   0.432
 91 209 23 46 30  -0.203   0.378   0.079   0.437
 91 209 23 47 30  -0.200   0.376   0.084   0.435
 91 209 23 48 30  -0.204   0.375   0.076   0.434
 91 209 23 49 30  -0.217   0.362   0.094   0.433
 91 209 23 50 30  -0.223   0.358   0.102   0.434
 91 209 23 51 30  -0.229   0.352   0.107   0.434
 91 209 23 52 30  -0.217   0.354   0.103   0.428
 91 209 23 53 30  -0.223   0.343   0.108   0.424
 91 209 23 54 30  -0.239   0.311   0.157   0.423
 91 209 23 55 30  -0.243   0.331   0.118   0.430
 91 209 23 56 30  -0.239   0.349   0.058   0.428
 91 209 23 57 30  -0.253   0.321   0.109   0.424
 91 209 23 58 30  -0.228   0.338   0.090   0.418
 91 209 23 59 30  -0.238   0.341   0.098   0.428
