 91 212 00 00 30   0.280   0.336  -0.176   0.472
 91 212 00 01 30   0.259   0.344  -0.190   0.472
 91 212 00 02 30   0.248   0.351  -0.184   0.468
 91 212 00 03 30   0.259   0.360  -0.153   0.469
 91 212 00 04 30   0.248   0.369  -0.139   0.466
 91 212 00 05 30   0.253   0.361  -0.135   0.461
 91 212 00 06 30   0.272   0.349  -0.141   0.465
 91 212 00 07 30   0.276   0.354  -0.132   0.468
 91 212 00 08 30   0.276   0.350  -0.128   0.464
 91 212 00 09 30   0.287   0.344  -0.124   0.465
 91 212 00 10 30   0.289   0.343  -0.124   0.465
 91 212 00 11 30   0.271   0.361  -0.120   0.468
 91 212 00 12 30   0.269   0.364  -0.124   0.469
 91 212 00 13 30   0.263   0.366  -0.129   0.469
 91 212 00 14 30   0.265   0.360  -0.124   0.465
 91 212 00 15 30   0.268   0.362  -0.116   0.466
 91 212 00 16 30   0.278   0.363  -0.102   0.468
 91 212 00 17 30   0.286   0.357  -0.103   0.469
 91 212 00 18 30   0.299   0.352  -0.090   0.471
 91 212 00 19 30   0.286   0.362  -0.089   0.470
 91 212 00 20 30   0.270   0.367  -0.106   0.469
 91 212 00 21 30   0.281   0.365  -0.094   0.470
 91 212 00 22 30   0.282   0.366  -0.090   0.471
 91 212 00 23 30   0.302   0.352  -0.082   0.472
 91 212 00 24 30   0.311   0.344  -0.086   0.472
 91 212 00 25 30   0.306   0.351  -0.085   0.473
 91 212 00 26 30   0.286   0.369  -0.072   0.473
 91 212 00 27 30   0.269   0.380  -0.075   0.472
 91 212 00 28 30   0.273   0.382  -0.063   0.474
 91 212 00 29 30   0.289   0.369  -0.061   0.474
 91 212 00 30 30   0.305   0.353  -0.066   0.472
 91 212 00 31 30   0.303   0.347  -0.055   0.464
 91 212 00 32 30   0.301   0.352  -0.052   0.466
 91 212 00 33 30   0.293   0.355  -0.047   0.463
 91 212 00 34 30   0.286   0.363  -0.030   0.464
 91 212 00 35 30   0.276   0.374  -0.015   0.465
 91 212 00 36 30   0.288   0.360  -0.043   0.464
 91 212 00 37 30   0.302   0.338  -0.102   0.465
 91 212 00 38 30   0.305   0.314  -0.141   0.462
 91 212 00 39 30   0.309   0.316  -0.125   0.465
 91 212 00 40 30   0.274   0.257  -0.240   0.447
 91 212 00 41 30   0.295   0.286  -0.160   0.441
 91 212 00 42 30   0.279   0.270  -0.190   0.433
 91 212 00 43 30   0.261   0.260  -0.239   0.439
 91 212 00 44 30   0.259   0.237  -0.271   0.444
 91 212 00 45 30   0.301   0.258  -0.193   0.443
 91 212 00 46 30   0.299   0.275  -0.179   0.444
 91 212 00 47 30   0.267   0.283  -0.213   0.444
 91 212 00 48 30   0.255   0.309  -0.191   0.444
 91 212 00 49 30   0.211   0.340  -0.191   0.444
 91 212 00 50 30   0.200   0.352  -0.169   0.440
 91 212 00 51 30   0.225   0.344  -0.168   0.445
 91 212 00 52 30   0.213   0.358  -0.135   0.438
 91 212 00 53 30   0.135   0.404  -0.125   0.448
 91 212 00 54 30   0.151   0.372  -0.152   0.438
 91 212 00 55 30   0.152   0.391  -0.131   0.446
 91 212 00 56 30   0.170   0.397  -0.135   0.454
 91 212 00 57 30   0.119   0.411  -0.142   0.453
 91 212 00 58 30   0.158   0.402  -0.138   0.455
 91 212 00 59 30   0.103   0.415  -0.116   0.444
 91 212 01 00 30   0.052   0.412  -0.125   0.434
 91 212 01 01 30   0.098   0.393  -0.147   0.433
 91 212 01 02 30   0.115   0.407  -0.125   0.442
 91 212 01 03 30   0.098   0.423  -0.125   0.452
 91 212 01 04 30   0.095   0.435  -0.118   0.461
 91 212 01 05 30   0.070   0.436  -0.108   0.455
 91 212 01 06 30   0.025   0.449  -0.092   0.459
 91 212 01 07 30   0.035   0.441  -0.104   0.455
 91 212 01 08 30   0.032   0.446  -0.100   0.458
 91 212 01 09 30   0.045   0.441  -0.113   0.458
 91 212 01 10 30   0.031   0.439  -0.106   0.454
 91 212 01 11 30   0.008   0.429  -0.086   0.439
 91 212 01 12 30  -0.011   0.428  -0.058   0.433
 91 212 01 13 30   0.005   0.420  -0.061   0.425
 91 212 01 14 30   0.010   0.425  -0.073   0.434
 91 212 01 15 30   0.027   0.424  -0.147   0.451
 91 212 01 16 30   0.052   0.429  -0.128   0.451
 91 212 01 17 30   0.066   0.428  -0.128   0.452
 91 212 01 18 30   0.060   0.425  -0.139   0.452
 91 212 01 19 30   0.053   0.423  -0.146   0.451
 91 212 01 20 30   0.044   0.424  -0.149   0.452
 91 212 01 21 30   0.034   0.426  -0.144   0.452
 91 212 01 22 30   0.062   0.414  -0.182   0.458
 91 212 01 23 30   0.049   0.427  -0.183   0.467
 91 212 01 24 30   0.040   0.428  -0.182   0.467
 91 212 01 28 30   0.087   0.417  -0.190   0.467
 91 212 01 29 30   0.084   0.414  -0.204   0.469
 91 212 01 30 30   0.088   0.418  -0.194   0.469
 91 212 01 31 30   0.091   0.401  -0.219   0.467
 91 212 01 32 30   0.112   0.327  -0.310   0.464
 91 212 01 33 30   0.106   0.350  -0.288   0.466
 91 212 01 34 30   0.098   0.359  -0.282   0.468
 91 212 01 35 30   0.100   0.390  -0.245   0.472
 91 212 01 36 30   0.098   0.400  -0.223   0.468
 91 212 01 37 30   0.095   0.400  -0.215   0.465
 91 212 01 38 30   0.083   0.393  -0.230   0.463
 91 212 01 39 30   0.085   0.387  -0.228   0.458
 91 212 01 40 30   0.089   0.387  -0.214   0.451
 91 212 01 41 30   0.087   0.395  -0.209   0.456
 91 212 01 42 30   0.078   0.407  -0.207   0.464
 91 212 01 43 30   0.083   0.408  -0.215   0.469
 91 212 01 44 30   0.085   0.405  -0.209   0.464
 91 212 01 45 30   0.072   0.411  -0.207   0.466
 91 212 01 46 30   0.059   0.411  -0.204   0.463
 91 212 01 47 30   0.051   0.414  -0.194   0.461
 91 212 01 48 30   0.043   0.419  -0.196   0.465
 91 212 01 49 30   0.057   0.423  -0.193   0.469
 91 212 01 50 30   0.056   0.422  -0.194   0.468
 91 212 01 51 30   0.047   0.418  -0.194   0.463
 91 212 01 52 30   0.045   0.421  -0.196   0.466
 91 212 01 53 30   0.047   0.424  -0.199   0.470
 91 212 01 54 30   0.053   0.418  -0.206   0.469
 91 212 01 55 30   0.066   0.431  -0.194   0.478
 91 212 01 56 30   0.072   0.430  -0.187   0.475
 91 212 01 57 30   0.059   0.440  -0.174   0.477
 91 212 01 58 30   0.061   0.426  -0.179   0.466
 91 212 01 59 30   0.069   0.416  -0.191   0.464
 91 212 02 00 30   0.065   0.441  -0.191   0.485
 91 212 02 01 30   0.064   0.443  -0.178   0.482
 91 212 02 02 30   0.062   0.430  -0.186   0.473
 91 212 02 03 30   0.063   0.442  -0.187   0.484
 91 212 02 04 30   0.059   0.439  -0.177   0.477
 91 212 02 05 30   0.054   0.425  -0.183   0.467
 91 212 02 06 30   0.056   0.429  -0.191   0.474
 91 212 02 07 30   0.047   0.438  -0.162   0.469
 91 212 02 08 30   0.045   0.428  -0.154   0.457
 91 212 02 09 30   0.050   0.445  -0.160   0.476
 91 212 02 10 30   0.055   0.445  -0.190   0.487
 91 212 02 11 30   0.050   0.448  -0.185   0.487
 91 212 02 12 30   0.053   0.455  -0.184   0.493
 91 212 02 13 30   0.055   0.452  -0.183   0.491
 91 212 02 14 30   0.046   0.452  -0.183   0.490
 91 212 02 15 30   0.041   0.453  -0.190   0.493
 91 212 02 16 30   0.032   0.437  -0.197   0.480
 91 212 02 17 30   0.032   0.443  -0.181   0.480
 91 212 02 18 30   0.048   0.451  -0.167   0.483
 91 212 02 19 30   0.046   0.444  -0.165   0.476
 91 212 02 20 30   0.053   0.437  -0.161   0.469
 91 212 02 21 30   0.055   0.437  -0.165   0.470
 91 212 02 22 30   0.056   0.437  -0.165   0.471
 91 212 02 23 30   0.061   0.437  -0.173   0.475
 91 212 02 24 30   0.070   0.439  -0.165   0.475
 91 212 02 25 30   0.067   0.440  -0.154   0.471
 91 212 02 26 30   0.058   0.438  -0.142   0.464
 91 212 02 27 30   0.055   0.435  -0.153   0.464
 91 212 02 28 30   0.061   0.438  -0.141   0.464
 91 212 02 29 30   0.064   0.446  -0.141   0.472
 91 212 02 30 30   0.064   0.453  -0.137   0.478
 91 212 02 31 30   0.072   0.452  -0.136   0.478
 91 212 02 32 30   0.059   0.432  -0.135   0.457
 91 212 02 33 30   0.058   0.432  -0.138   0.457
 91 212 02 34 30   0.054   0.432  -0.142   0.459
 91 212 02 35 30   0.048   0.438  -0.139   0.462
 91 212 02 36 30   0.047   0.438  -0.136   0.461
 91 212 02 37 30   0.052   0.439  -0.132   0.461
 91 212 02 38 30   0.052   0.437  -0.129   0.459
 91 212 02 39 30   0.057   0.441  -0.126   0.462
 91 212 02 40 30   0.058   0.446  -0.134   0.470
 91 212 02 41 30   0.058   0.446  -0.141   0.472
 91 212 02 42 30   0.057   0.448  -0.139   0.472
 91 212 02 43 30   0.051   0.444  -0.128   0.465
 91 212 02 44 30   0.057   0.441  -0.134   0.465
 91 212 02 45 30   0.066   0.435  -0.139   0.461
 91 212 02 46 30   0.059   0.432  -0.154   0.463
 91 212 02 47 30   0.063   0.432  -0.156   0.464
 91 212 02 48 30   0.053   0.424  -0.156   0.455
 91 212 02 49 30   0.070   0.424  -0.152   0.456
 91 212 02 50 30   0.083   0.427  -0.140   0.457
 91 212 02 51 30   0.079   0.415  -0.164   0.454
 91 212 02 52 30   0.069   0.425  -0.164   0.461
 91 212 02 53 30   0.067   0.421  -0.170   0.459
 91 212 02 54 30   0.068   0.419  -0.168   0.457
 91 212 02 55 30   0.067   0.418  -0.168   0.456
 91 212 02 56 30   0.056   0.419  -0.170   0.456
 91 212 02 57 30   0.059   0.422  -0.168   0.459
 91 212 02 58 30   0.061   0.416  -0.169   0.454
 91 212 02 59 30   0.070   0.415  -0.172   0.454
 91 212 03 00 30   0.075   0.412  -0.172   0.453
 91 212 03 01 30   0.077   0.413  -0.175   0.455
 91 212 03 02 30   0.084   0.412  -0.185   0.460
 91 212 03 03 30   0.080   0.422  -0.163   0.459
 91 212 03 04 30   0.088   0.419  -0.171   0.461
 91 212 03 05 30   0.076   0.448  -0.162   0.482
 91 212 03 06 30   0.076   0.451  -0.166   0.486
 91 212 03 07 30   0.079   0.450  -0.170   0.488
 91 212 03 08 30   0.082   0.447  -0.165   0.484
 91 212 03 09 30   0.082   0.441  -0.157   0.476
 91 212 03 10 30   0.084   0.442  -0.161   0.478
 91 212 03 11 30   0.081   0.450  -0.154   0.482
 91 212 03 12 30   0.086   0.456  -0.149   0.487
 91 212 03 13 30   0.087   0.463  -0.139   0.492
 91 212 03 14 30   0.087   0.476  -0.121   0.499
 91 212 03 15 30   0.080   0.482  -0.118   0.503
 91 212 03 16 30   0.077   0.482  -0.109   0.501
 91 212 03 17 30   0.067   0.481  -0.116   0.500
 91 212 03 18 30   0.093   0.460  -0.150   0.493
 91 212 03 19 30   0.102   0.464  -0.145   0.498
 91 212 03 20 30   0.048   0.519  -0.062   0.530
 91 212 03 21 30   0.018   0.554  -0.019   0.555
 91 212 03 22 30   0.025   0.547  -0.040   0.549
 91 212 03 23 30   0.003   0.542   0.022   0.544
 91 212 03 24 30  -0.027   0.539   0.016   0.541
 91 212 03 25 30  -0.003   0.540  -0.012   0.541
 91 212 03 26 30   0.011   0.545  -0.022   0.546
 91 212 03 27 30   0.032   0.532  -0.019   0.537
 91 212 03 28 30   0.036   0.515   0.001   0.516
 91 212 03 29 30   0.024   0.534  -0.024   0.535
 91 212 03 30 30   0.031   0.537  -0.017   0.539
 91 212 03 31 30   0.050   0.527  -0.037   0.531
 91 212 03 32 30   0.072   0.519  -0.043   0.526
 91 212 03 33 30   0.059   0.558  -0.047   0.563
 91 212 03 34 30   0.068   0.535  -0.042   0.541
 91 212 03 35 30   0.038   0.562  -0.018   0.563
 91 212 03 36 30   0.034   0.560  -0.006   0.562
 91 212 03 37 30  -0.012   0.573  -0.005   0.574
 91 212 03 38 30   0.009   0.567  -0.035   0.570
 91 212 03 39 30   0.039   0.555  -0.054   0.559
 91 212 03 40 30   0.039   0.551  -0.049   0.555
 91 212 03 41 30   0.035   0.549  -0.041   0.551
 91 212 03 42 30   0.044   0.548  -0.032   0.551
 91 212 03 43 30   0.041   0.553  -0.025   0.555
 91 212 03 44 30   0.045   0.545  -0.030   0.548
 91 212 03 45 30   0.046   0.549  -0.035   0.552
 91 212 03 46 30   0.072   0.557  -0.011   0.562
 91 212 03 47 30   0.079   0.554   0.000   0.560
 91 212 03 48 30   0.060   0.566   0.006   0.569
 91 212 03 49 30   0.064   0.565  -0.002   0.569
 91 212 03 50 30   0.064   0.571   0.006   0.575
 91 212 03 51 30   0.064   0.566   0.015   0.571
 91 212 03 52 30   0.062   0.561   0.018   0.565
 91 212 03 53 30   0.080   0.564   0.018   0.570
 91 212 03 54 30   0.081   0.571   0.021   0.577
 91 212 03 55 30   0.062   0.576   0.031   0.581
 91 212 03 56 30   0.045   0.567   0.016   0.569
 91 212 03 57 30   0.047   0.557   0.033   0.560
 91 212 03 58 30   0.044   0.570   0.021   0.573
 91 212 03 59 30   0.027   0.569   0.016   0.570
 91 212 04 00 30   0.080   0.571  -0.002   0.578
 91 212 04 01 30   0.067   0.576   0.010   0.580
 91 212 04 02 30   0.038   0.580  -0.008   0.581
 91 212 04 03 30   0.024   0.584   0.015   0.585
 91 212 04 04 30   0.045   0.581   0.040   0.585
 91 212 04 05 30   0.052   0.571   0.016   0.574
 91 212 04 06 30   0.051   0.579   0.021   0.582
 91 212 04 07 30   0.045   0.580   0.030   0.583
 91 212 04 08 30   0.045   0.578   0.026   0.581
 91 212 04 09 30   0.037   0.581   0.014   0.582
 91 212 04 10 30   0.031   0.579   0.016   0.580
 91 212 04 11 30   0.030   0.580   0.015   0.581
 91 212 04 12 30   0.037   0.572   0.042   0.575
 91 212 04 13 30   0.033   0.559   0.029   0.561
 91 212 04 14 30   0.046   0.536   0.004   0.539
 91 212 04 15 30   0.047   0.535   0.003   0.537
 91 212 04 16 30   0.053   0.525   0.016   0.529
 91 212 04 17 30   0.056   0.533   0.012   0.536
 91 212 04 18 30   0.051   0.514   0.010   0.517
 91 212 04 19 30   0.045   0.523   0.008   0.525
 91 212 04 20 30   0.037   0.521   0.012   0.523
 91 212 04 21 30   0.021   0.525   0.011   0.526
 91 212 04 22 30   0.025   0.529   0.013   0.531
 91 212 04 23 30  -0.004   0.528   0.024   0.529
 91 212 04 24 30  -0.018   0.530   0.019   0.531
 91 212 04 25 30   0.078   0.526   0.002   0.534
 91 212 04 26 30   0.113   0.522   0.027   0.536
 91 212 04 27 30   0.035   0.544   0.043   0.547
 91 212 04 28 30   0.013   0.533   0.057   0.537
 91 212 04 29 30  -0.007   0.534   0.057   0.537
 91 212 04 30 30  -0.028   0.533   0.055   0.537
 91 212 04 31 30  -0.052   0.550   0.035   0.554
 91 212 04 32 30  -0.050   0.553   0.031   0.556
 91 212 04 33 30  -0.053   0.551   0.039   0.555
 91 212 04 34 30  -0.051   0.556   0.036   0.560
 91 212 04 35 30  -0.056   0.561   0.030   0.564
 91 212 04 36 30  -0.054   0.549   0.028   0.553
 91 212 04 37 30  -0.066   0.543   0.011   0.547
 91 212 04 38 30  -0.066   0.537   0.013   0.542
 91 212 04 39 30  -0.056   0.553   0.020   0.556
 91 212 04 40 30  -0.044   0.560   0.046   0.564
 91 212 04 41 30  -0.043   0.537   0.034   0.540
 91 212 04 42 30  -0.056   0.536   0.022   0.540
 91 212 04 43 30  -0.069   0.545  -0.008   0.549
 91 212 04 44 30  -0.067   0.536   0.034   0.542
 91 212 04 45 30  -0.070   0.521   0.059   0.529
 91 212 04 46 30  -0.063   0.521   0.057   0.528
 91 212 04 47 30  -0.057   0.514   0.051   0.520
 91 212 04 48 30  -0.038   0.527   0.044   0.530
 91 212 04 49 30  -0.014   0.527   0.071   0.532
 91 212 04 50 30  -0.006   0.526   0.102   0.536
 91 212 04 51 30  -0.009   0.517   0.142   0.537
 91 212 04 52 30  -0.012   0.521   0.117   0.534
 91 212 04 53 30  -0.013   0.510   0.120   0.524
 91 212 04 54 30  -0.015   0.502   0.128   0.519
 91 212 04 55 30   0.001   0.506   0.112   0.518
 91 212 04 56 30   0.022   0.531   0.104   0.542
 91 212 04 57 30  -0.015   0.506   0.124   0.522
 91 212 04 58 30   0.019   0.567   0.105   0.577
 91 212 04 59 30   0.018   0.552   0.103   0.562
 91 212 05 00 30   0.012   0.515   0.105   0.526
 91 212 05 01 30   0.020   0.496   0.094   0.506
 91 212 05 02 30   0.009   0.496   0.093   0.505
 91 212 05 03 30   0.018   0.503   0.100   0.513
 91 212 05 04 30   0.015   0.501   0.110   0.514
 91 212 05 05 30   0.013   0.503   0.102   0.514
 91 212 05 06 30   0.007   0.503   0.098   0.513
 91 212 05 07 30   0.008   0.501   0.097   0.511
 91 212 05 08 30   0.006   0.491   0.110   0.503
 91 212 05 09 30   0.015   0.488   0.110   0.501
 91 212 05 10 30   0.001   0.488   0.109   0.501
 91 212 05 11 30   0.000   0.490   0.111   0.503
 91 212 05 12 30   0.009   0.488   0.124   0.504
 91 212 05 13 30  -0.012   0.489   0.128   0.506
 91 212 05 14 30   0.001   0.499   0.121   0.515
 91 212 05 15 30   0.004   0.479   0.169   0.509
 91 212 05 16 30  -0.004   0.474   0.176   0.507
 91 212 05 17 30  -0.016   0.472   0.162   0.500
 91 212 05 18 30  -0.023   0.466   0.187   0.503
 91 212 05 19 30  -0.022   0.473   0.168   0.503
 91 212 05 20 30  -0.008   0.484   0.137   0.503
 91 212 05 21 30  -0.008   0.484   0.135   0.503
 91 212 05 22 30  -0.014   0.487   0.136   0.506
 91 212 05 23 30  -0.013   0.492   0.132   0.510
 91 212 05 24 30  -0.054   0.472   0.213   0.521
 91 212 05 25 30  -0.060   0.471   0.201   0.516
 91 212 05 26 30  -0.054   0.461   0.222   0.515
 91 212 05 27 30  -0.052   0.451   0.226   0.508
 91 212 05 28 30  -0.039   0.454   0.212   0.503
 91 212 05 29 30  -0.054   0.448   0.210   0.498
 91 212 05 30 30  -0.052   0.444   0.223   0.499
 91 212 05 31 30  -0.054   0.442   0.225   0.500
 91 212 05 32 30  -0.053   0.446   0.220   0.501
 91 212 05 33 30  -0.070   0.443   0.222   0.501
 91 212 05 34 30  -0.052   0.450   0.213   0.501
 91 212 05 35 30  -0.059   0.453   0.214   0.505
 91 212 05 36 30  -0.065   0.443   0.226   0.501
 91 212 05 37 30  -0.078   0.445   0.230   0.507
 91 212 05 38 30  -0.072   0.441   0.224   0.500
 91 212 05 39 30  -0.084   0.444   0.224   0.504
 91 212 05 40 30  -0.090   0.433   0.230   0.499
 91 212 05 41 30  -0.092   0.449   0.203   0.503
 91 212 05 42 30  -0.100   0.457   0.193   0.506
 91 212 05 43 30  -0.099   0.452   0.198   0.504
 91 212 05 44 30  -0.099   0.436   0.241   0.508
 91 212 05 45 30  -0.105   0.433   0.235   0.504
 91 212 05 46 30  -0.105   0.432   0.245   0.508
 91 212 05 47 30  -0.105   0.423   0.257   0.506
 91 212 05 48 30  -0.081   0.494   0.165   0.535
 91 212 05 49 30  -0.095   0.554   0.120   0.575
 91 212 05 50 30  -0.095   0.533   0.137   0.559
 91 212 05 51 30  -0.083   0.508   0.164   0.541
 91 212 05 52 30  -0.055   0.450   0.205   0.499
 91 212 05 53 30  -0.064   0.455   0.178   0.494
 91 212 05 54 30  -0.108   0.455   0.139   0.489
 91 212 05 55 30  -0.068   0.438   0.176   0.478
 91 212 05 56 30  -0.090   0.468   0.142   0.498
 91 212 05 57 30  -0.073   0.475   0.134   0.499
 91 212 05 58 30  -0.082   0.484   0.125   0.508
 91 212 05 59 30  -0.101   0.499   0.150   0.531
 91 212 06 00 30  -0.095   0.514   0.172   0.550
 91 212 06 01 30  -0.111   0.512   0.159   0.548
 91 212 06 02 30  -0.124   0.512   0.162   0.551
 91 212 06 03 30  -0.126   0.533   0.169   0.573
 91 212 06 04 30  -0.115   0.528   0.150   0.562
 91 212 06 05 30  -0.120   0.539   0.080   0.559
 91 212 06 06 30  -0.123   0.518   0.072   0.537
 91 212 06 07 30  -0.138   0.487   0.052   0.510
 91 212 06 08 30  -0.100   0.493   0.078   0.510
 91 212 06 09 30  -0.109   0.485   0.085   0.504
 91 212 06 10 30  -0.124   0.483   0.094   0.508
 91 212 06 11 30  -0.121   0.477   0.104   0.503
 91 212 06 12 30  -0.125   0.499   0.092   0.526
 91 212 06 13 30  -0.113   0.524   0.086   0.543
 91 212 06 14 30  -0.119   0.514   0.106   0.539
 91 212 06 15 30  -0.112   0.579   0.096   0.599
 91 212 06 16 30  -0.099   0.583   0.070   0.596
 91 212 06 17 30  -0.099   0.589   0.060   0.601
 91 212 06 18 30  -0.100   0.584   0.054   0.596
 91 212 06 19 30  -0.093   0.580   0.025   0.588
 91 212 06 20 30  -0.095   0.576   0.061   0.587
 91 212 06 21 30  -0.108   0.565   0.089   0.582
 91 212 06 22 30  -0.115   0.568   0.101   0.588
 91 212 06 23 30  -0.122   0.572   0.087   0.591
 91 212 06 24 30  -0.139   0.570   0.110   0.597
 91 212 06 25 30  -0.136   0.566   0.102   0.592
 91 212 06 26 30  -0.122   0.561   0.103   0.584
 91 212 06 27 30  -0.149   0.560   0.126   0.594
 91 212 06 28 30  -0.159   0.559   0.140   0.598
 91 212 06 29 30  -0.151   0.563   0.133   0.598
 91 212 06 30 30  -0.157   0.562   0.136   0.600
 91 212 06 31 30  -0.151   0.564   0.134   0.599
 91 212 06 32 30  -0.150   0.564   0.124   0.597
 91 212 06 33 30  -0.152   0.559   0.130   0.593
 91 212 06 34 30  -0.165   0.549   0.145   0.591
 91 212 06 35 30  -0.174   0.540   0.148   0.586
 91 212 06 36 30  -0.165   0.542   0.161   0.589
 91 212 06 37 30  -0.168   0.539   0.154   0.586
 91 212 06 38 30  -0.185   0.546   0.161   0.599
 91 212 06 39 30  -0.132   0.561   0.135   0.594
 91 212 06 40 30  -0.132   0.536   0.212   0.593
 91 212 06 41 30  -0.144   0.534   0.178   0.591
 91 212 06 42 30  -0.332   0.377   0.299   0.584
 91 212 06 43 30  -0.332   0.361   0.291   0.571
 91 212 06 44 30  -0.329   0.319   0.290   0.542
 91 212 06 45 30  -0.343   0.132   0.334   0.500
 91 212 06 46 30  -0.333  -0.018   0.323   0.468
 91 212 06 47 30  -0.287  -0.076   0.291   0.416
 91 212 06 48 30  -0.289  -0.074   0.282   0.410
 91 212 06 49 30  -0.289  -0.072   0.282   0.410
 91 212 06 50 30  -0.294  -0.063   0.285   0.415
 91 212 06 51 30  -0.284  -0.083   0.279   0.408
 91 212 06 52 30  -0.281  -0.087   0.266   0.397
 91 212 06 53 30  -0.285  -0.089   0.273   0.406
 91 212 06 54 30  -0.289  -0.077   0.267   0.402
 91 212 06 55 30  -0.292  -0.067   0.269   0.403
 91 212 06 56 30  -0.287  -0.107   0.254   0.399
 91 212 06 57 30  -0.259  -0.147   0.222   0.373
 91 212 06 58 30  -0.240  -0.201   0.217   0.382
 91 212 06 59 30  -0.219  -0.222   0.212   0.377
 91 212 07 00 30  -0.207  -0.218   0.219   0.373
 91 212 07 01 30  -0.181  -0.216   0.201   0.347
 91 212 07 02 30  -0.205  -0.210   0.219   0.367
 91 212 07 03 30  -0.221  -0.198   0.227   0.374
 91 212 07 04 30  -0.228  -0.201   0.225   0.379
 91 212 07 05 30  -0.186  -0.216   0.221   0.361
 91 212 07 06 30  -0.234  -0.169   0.220   0.364
 91 212 07 07 30  -0.228  -0.224   0.183   0.370
 91 212 07 08 30  -0.220  -0.253   0.174   0.379
 91 212 07 09 30  -0.210  -0.264   0.170   0.378
 91 212 07 10 30  -0.216  -0.262   0.171   0.380
 91 212 07 11 30  -0.217  -0.281   0.178   0.397
 91 212 07 12 30  -0.222  -0.276   0.163   0.390
 91 212 07 13 30  -0.221  -0.293   0.167   0.405
 91 212 07 14 30  -0.218  -0.323   0.150   0.418
 91 212 07 15 30  -0.217  -0.326   0.144   0.418
 91 212 07 16 30  -0.212  -0.332   0.142   0.419
 91 212 07 17 30  -0.210  -0.347   0.115   0.422
 91 212 07 18 30  -0.212  -0.342   0.124   0.421
 91 212 07 19 30  -0.210  -0.352   0.116   0.426
 91 212 07 20 30  -0.188  -0.356   0.108   0.417
 91 212 07 21 30  -0.191  -0.354   0.104   0.415
 91 212 07 22 30  -0.169  -0.351   0.097   0.402
 91 212 07 23 30  -0.152  -0.338   0.083   0.380
 91 212 07 24 30  -0.166  -0.317   0.071   0.366
 91 212 07 25 30  -0.129  -0.318   0.035   0.346
 91 212 07 26 30  -0.105  -0.299   0.019   0.320
 91 212 07 27 30  -0.153  -0.280   0.043   0.323
 91 212 07 28 30  -0.145  -0.277   0.022   0.315
 91 212 07 29 30  -0.185  -0.267   0.034   0.327
 91 212 07 30 30  -0.167  -0.309   0.055   0.356
 91 212 07 31 30  -0.150  -0.298   0.092   0.348
 91 212 07 32 30  -0.116  -0.301   0.056   0.330
 91 212 07 33 30  -0.113  -0.273   0.023   0.300
 91 212 07 34 30  -0.008  -0.287  -0.056   0.297
 91 212 07 35 30   0.059  -0.352  -0.122   0.379
 91 212 07 36 30   0.053  -0.392  -0.116   0.413
 91 212 07 37 30   0.038  -0.395  -0.129   0.418
 91 212 07 38 30   0.045  -0.383  -0.139   0.410
 91 212 07 39 30   0.037  -0.373  -0.155   0.407
 91 212 07 40 30   0.026  -0.356  -0.162   0.393
 91 212 07 41 30  -0.010  -0.323  -0.183   0.372
 91 212 07 42 30   0.051  -0.284  -0.235   0.374
 91 212 07 43 30   0.055  -0.302  -0.176   0.367
 91 212 07 44 30   0.089  -0.390  -0.024   0.402
 91 212 07 45 30   0.077  -0.412  -0.004   0.420
 91 212 07 46 30   0.078  -0.402  -0.010   0.411
 91 212 07 47 30   0.116  -0.394   0.042   0.414
 91 212 07 48 30   0.086  -0.397  -0.024   0.408
 91 212 07 49 30   0.048  -0.400  -0.084   0.415
 91 212 07 50 30   0.156  -0.359  -0.150   0.422
 91 212 07 51 30   0.146  -0.374  -0.151   0.429
 91 212 07 52 30   0.150  -0.370  -0.186   0.442
 91 212 07 53 30   0.190  -0.352  -0.186   0.443
 91 212 07 54 30   0.190  -0.352  -0.201   0.449
 91 212 07 55 30   0.069  -0.403  -0.147   0.437
 91 212 07 56 30   0.087  -0.395  -0.141   0.432
 91 212 07 57 30   0.205  -0.362  -0.196   0.465
 91 212 07 58 30   0.214  -0.373  -0.174   0.465
 91 212 07 59 30   0.224  -0.366  -0.183   0.467
 91 212 08 00 30   0.223  -0.359  -0.180   0.460
 91 212 08 01 30   0.203  -0.372  -0.136   0.453
 91 212 08 02 30   0.256  -0.342  -0.125   0.447
 91 212 08 03 30   0.290  -0.340  -0.128   0.466
 91 212 08 04 30   0.313  -0.315  -0.160   0.473
 91 212 08 05 30   0.337  -0.288  -0.188   0.481
 91 212 08 06 30   0.362  -0.268  -0.188   0.489
 91 212 08 07 30   0.326  -0.275  -0.225   0.486
 91 212 08 08 30   0.339  -0.252  -0.248   0.491
 91 212 08 09 30   0.335  -0.293  -0.247   0.510
 91 212 08 10 30   0.322  -0.316  -0.231   0.508
 91 212 08 11 30   0.333  -0.320  -0.254   0.527
 91 212 08 12 30   0.314  -0.326  -0.271   0.529
 91 212 08 13 30   0.279  -0.331  -0.277   0.514
 91 212 08 14 30   0.240  -0.333  -0.273   0.496
 91 212 08 15 30   0.285  -0.346  -0.256   0.518
 91 212 08 16 30   0.262  -0.352  -0.275   0.522
 91 212 08 17 30   0.283  -0.350  -0.256   0.518
 91 212 08 18 30   0.305  -0.347  -0.274   0.540
 91 212 08 19 30   0.286  -0.395  -0.261   0.556
 91 212 08 20 30   0.325  -0.347  -0.287   0.565
 91 212 08 21 30   0.385  -0.334  -0.299   0.594
 91 212 08 22 30   0.411  -0.390  -0.425   0.711
 91 212 08 23 30   0.436  -0.438  -0.425   0.755
 91 212 08 24 30   0.427  -0.440  -0.415   0.748
 91 212 08 25 30   0.446  -0.444  -0.455   0.779
 91 212 08 26 30   0.439  -0.450  -0.462   0.783
 91 212 08 27 30   0.451  -0.475  -0.422   0.783
 91 212 08 28 30   0.478  -0.451  -0.433   0.792
 91 212 08 29 30   0.475  -0.495  -0.483   0.842
 91 212 08 30 30   0.524  -0.444  -0.474   0.836
 91 212 08 31 30   0.556  -0.388  -0.502   0.850
 91 212 08 32 30   0.442  -0.557  -0.481   0.860
 91 212 08 33 30   0.405  -0.607  -0.439   0.854
 91 212 08 34 30   0.479  -0.567  -0.385   0.838
 91 212 08 35 30   0.489  -0.513  -0.467   0.856
 91 212 08 36 30   0.501  -0.472  -0.494   0.852
 91 212 08 37 30   0.472  -0.578  -0.473   0.885
 91 212 08 38 30   0.444  -0.633  -0.449   0.894
 91 212 08 39 30   0.504  -0.564  -0.496   0.906
 91 212 08 40 30   0.519  -0.534  -0.491   0.894
 91 212 08 41 30   0.543  -0.479  -0.469   0.863
 91 212 08 42 30   0.499  -0.515  -0.509   0.881
 91 212 08 43 30   0.416  -0.641  -0.465   0.898
 91 212 08 44 30   0.462  -0.606  -0.472   0.897
 91 212 08 45 30   0.429  -0.561  -0.459   0.846
 91 212 08 46 30   0.425  -0.523  -0.421   0.798
 91 212 08 47 30   0.400  -0.567  -0.415   0.811
 91 212 08 48 30   0.452  -0.484  -0.413   0.784
 91 212 08 49 30   0.433  -0.542  -0.403   0.804
 91 212 08 50 30   0.420  -0.501  -0.423   0.782
 91 212 08 51 30   0.512  -0.443  -0.401   0.797
 91 212 08 52 30   0.527  -0.370  -0.452   0.789
 91 212 08 53 30   0.529  -0.356  -0.407   0.759
 91 212 08 54 30   0.504  -0.372  -0.394   0.745
 91 212 08 55 30   0.509  -0.346  -0.420   0.747
 91 212 08 56 30   0.513  -0.344  -0.406   0.741
 91 212 08 57 30   0.473  -0.311  -0.440   0.731
 91 212 08 58 30   0.470  -0.334  -0.435   0.727
 91 212 08 59 30   0.496  -0.340  -0.411   0.730
 91 212 09 00 30   0.483  -0.341  -0.434   0.735
 91 212 09 01 30   0.471  -0.382  -0.437   0.748
 91 212 09 02 30   0.447  -0.415  -0.436   0.757
 91 212 09 03 30   0.397  -0.492  -0.431   0.766
 91 212 09 04 30   0.375  -0.475  -0.449   0.754
 91 212 09 05 30   0.412  -0.438  -0.405   0.726
 91 212 09 06 30   0.426  -0.370  -0.418   0.708
 91 212 09 07 30   0.399  -0.410  -0.408   0.704
 91 212 09 08 30   0.409  -0.372  -0.431   0.702
 91 212 09 09 30   0.415  -0.346  -0.422   0.688
 91 212 09 10 30   0.369  -0.454  -0.340   0.679
 91 212 09 11 30   0.388  -0.414  -0.343   0.668
 91 212 09 12 30   0.436  -0.424  -0.348   0.702
 91 212 09 13 30   0.357  -0.470  -0.358   0.692
 91 212 09 14 30   0.386  -0.409  -0.375   0.679
 91 212 09 15 30   0.357  -0.484  -0.304   0.677
 91 212 09 16 30   0.404  -0.417  -0.364   0.687
 91 212 09 17 30   0.405  -0.431  -0.413   0.723
 91 212 09 18 30   0.431  -0.432  -0.408   0.735
 91 212 09 19 30   0.415  -0.454  -0.402   0.737
 91 212 09 20 30   0.391  -0.498  -0.395   0.749
 91 212 09 21 30   0.322  -0.563  -0.319   0.730
 91 212 09 22 30   0.380  -0.513  -0.370   0.739
 91 212 09 23 30   0.392  -0.483  -0.373   0.726
 91 212 09 24 30   0.372  -0.494  -0.368   0.722
 91 212 09 25 30   0.384  -0.527  -0.341   0.737
 91 212 09 26 30   0.392  -0.514  -0.314   0.726
 91 212 09 27 30   0.358  -0.550  -0.312   0.729
 91 212 09 28 30   0.392  -0.464  -0.421   0.742
 91 212 09 29 30   0.350  -0.512  -0.377   0.727
 91 212 09 30 30   0.383  -0.532  -0.333   0.738
 91 212 09 31 30   0.283  -0.546  -0.388   0.730
 91 212 09 32 30   0.343  -0.581  -0.316   0.747
 91 212 09 33 30   0.320  -0.573  -0.307   0.731
 91 212 09 34 30   0.294  -0.596  -0.292   0.728
 91 212 09 35 30   0.267  -0.615  -0.258   0.721
 91 212 09 36 30   0.282  -0.612  -0.259   0.723
 91 212 09 37 30   0.273  -0.630  -0.230   0.726
 91 212 09 38 30   0.358  -0.564  -0.264   0.721
 91 212 09 39 30   0.277  -0.583  -0.319   0.723
 91 212 09 40 30   0.256  -0.597  -0.315   0.726
 91 212 09 41 30   0.199  -0.618  -0.301   0.719
 91 212 09 42 30   0.211  -0.652  -0.237   0.728
 91 212 09 43 30   0.245  -0.640  -0.248   0.730
 91 212 09 44 30   0.241  -0.658  -0.253   0.746
 91 212 09 45 30   0.204  -0.679  -0.214   0.741
 91 212 09 46 30   0.209  -0.670  -0.226   0.738
 91 212 09 47 30   0.204  -0.670  -0.181   0.724
 91 212 09 48 30   0.234  -0.591  -0.172   0.664
 91 212 09 49 30   0.249  -0.561  -0.218   0.652
 91 212 09 50 30   0.241  -0.553  -0.211   0.643
 91 212 09 51 30   0.280  -0.537  -0.236   0.654
 91 212 09 52 30   0.295  -0.513  -0.271   0.654
 91 212 09 53 30   0.346  -0.542  -0.296   0.710
 91 212 09 54 30   0.373  -0.514  -0.314   0.710
 91 212 09 55 30   0.362  -0.533  -0.316   0.725
 91 212 09 56 30   0.373  -0.518  -0.264   0.697
 91 212 09 57 30   0.363  -0.558  -0.163   0.700
 91 212 09 58 30   0.421  -0.491  -0.265   0.702
 91 212 09 59 30   0.322  -0.511  -0.297   0.675
 91 212 10 00 30   0.360  -0.482  -0.291   0.669
 91 212 10 01 30   0.380  -0.486  -0.245   0.666
 91 212 10 02 30   0.435  -0.395  -0.394   0.713
 91 212 10 03 30   0.448  -0.449  -0.356   0.728
 91 212 10 04 30   0.463  -0.355  -0.425   0.725
 91 212 10 05 30   0.472  -0.233  -0.488   0.718
 91 212 10 06 30   0.457  -0.314  -0.465   0.724
 91 212 10 07 30   0.387  -0.419  -0.393   0.709
 91 212 10 08 30  -0.058  -0.671  -0.055   0.677
 91 212 10 09 30  -0.028  -0.662  -0.030   0.665
 91 212 10 10 30   0.012  -0.643  -0.101   0.654
 91 212 10 11 30   0.044  -0.615  -0.143   0.634
 91 212 10 12 30   0.043  -0.611  -0.154   0.632
 91 212 10 13 30   0.018  -0.619  -0.119   0.632
 91 212 10 14 30   0.013  -0.599  -0.095   0.608
 91 212 10 15 30   0.026  -0.600  -0.099   0.610
 91 212 10 16 30   0.044  -0.618  -0.113   0.633
 91 212 10 17 30   0.042  -0.624  -0.109   0.636
 91 212 10 18 30   0.066  -0.614  -0.097   0.627
 91 212 10 19 30   0.061  -0.613  -0.153   0.636
 91 212 10 20 30   0.072  -0.598  -0.172   0.627
 91 212 10 21 30   0.084  -0.581  -0.222   0.629
 91 212 10 22 30   0.170  -0.551  -0.286   0.657
 91 212 10 23 30   0.029  -0.695  -0.062   0.700
 91 212 10 24 30  -0.023  -0.676   0.063   0.687
 91 212 10 25 30  -0.006  -0.634  -0.018   0.636
 91 212 10 26 30  -0.015  -0.656   0.006   0.659
 91 212 10 27 30  -0.068  -0.660   0.128   0.682
 91 212 10 28 30  -0.025  -0.647   0.189   0.679
 91 212 10 29 30  -0.108  -0.608   0.282   0.680
 91 212 10 30 30  -0.112  -0.611   0.253   0.672
 91 212 10 31 30  -0.088  -0.646   0.178   0.681
 91 212 10 32 30  -0.068  -0.645   0.219   0.692
 91 212 10 33 30  -0.002  -0.694   0.090   0.700
 91 212 10 34 30   0.006  -0.667   0.098   0.674
 91 212 10 35 30   0.028  -0.657   0.088   0.664
 91 212 10 36 30   0.018  -0.660   0.169   0.691
 91 212 10 37 30  -0.008  -0.678   0.251   0.725
 91 212 10 38 30  -0.024  -0.833   0.276   0.879
 91 212 10 39 30  -0.022  -0.973   0.296   1.018
 91 212 10 40 30  -0.009  -0.959   0.269   0.996
 91 212 10 41 30   0.000  -0.943   0.300   0.990
 91 212 10 42 30   0.015  -0.950   0.286   0.992
 91 212 10 43 30  -0.005  -0.954   0.286   0.996
 91 212 10 44 30   0.031  -0.956   0.265   0.993
 91 212 10 45 30   0.072  -0.974   0.231   1.005
 91 212 10 46 30   0.009  -0.741   0.202   0.771
 91 212 10 47 30  -0.017  -0.711   0.197   0.738
 91 212 10 48 30   0.046  -0.816   0.154   0.833
 91 212 10 49 30   0.132  -1.003   0.113   1.019
 91 212 10 50 30   0.301  -0.999  -0.029   1.049
 91 212 10 51 30   0.381  -0.976  -0.066   1.050
 91 212 10 52 30   0.364  -1.035  -0.033   1.098
 91 212 10 53 30   0.363  -1.044  -0.009   1.106
 91 212 10 54 30   0.323  -1.082   0.029   1.130
 91 212 10 55 30   0.307  -1.073   0.055   1.118
 91 212 10 56 30   0.314  -1.066   0.040   1.112
 91 212 10 57 30   0.346  -1.078   0.018   1.132
 91 212 10 58 30   0.308  -1.104   0.030   1.147
 91 212 10 59 30   0.305  -1.100  -0.010   1.143
 91 212 11 00 30   0.258  -1.097   0.066   1.130
 91 212 11 01 30   0.284  -1.108  -0.012   1.145
 91 212 11 02 30   0.251  -1.102   0.091   1.136
 91 212 11 03 30   0.240  -1.099   0.094   1.129
 91 212 11 04 30   0.237  -1.100   0.103   1.130
 91 212 11 05 30   0.255  -1.097   0.101   1.131
 91 212 11 06 30   0.262  -1.110   0.059   1.143
 91 212 11 07 30   0.232  -1.059   0.065   1.088
 91 212 11 08 30   0.204  -1.060   0.097   1.084
 91 212 11 09 30   0.203  -1.035   0.126   1.063
 91 212 11 10 30   0.191  -1.010   0.138   1.038
 91 212 11 11 30   0.176  -1.004   0.120   1.027
 91 212 11 12 30   0.214  -1.003   0.107   1.032
 91 212 11 13 30   0.144  -0.983   0.198   1.014
 91 212 11 14 30   0.160  -1.008   0.192   1.040
 91 212 11 15 30   0.141  -1.027   0.154   1.049
 91 212 11 16 30   0.040  -1.013   0.211   1.039
 91 212 11 17 30  -0.070  -0.997   0.234   1.026
 91 212 11 18 30  -0.065  -0.993   0.228   1.021
 91 212 11 19 30  -0.069  -1.006   0.209   1.030
 91 212 11 20 30  -0.097  -1.018   0.224   1.048
 91 212 11 21 30  -0.119  -0.999   0.232   1.033
 91 212 11 22 30  -0.149  -0.938   0.228   0.977
 91 212 11 23 30  -0.145  -0.958   0.231   0.997
 91 212 11 24 30  -0.118  -0.995   0.230   1.028
 91 212 11 25 30   0.021  -1.004   0.272   1.041
 91 212 11 26 30   0.027  -1.013   0.271   1.049
 91 212 11 27 30   0.060  -1.048   0.253   1.080
 91 212 11 28 30   0.008  -1.015   0.267   1.053
 91 212 11 29 30  -0.077  -1.016   0.170   1.049
 91 212 11 30 30  -0.040  -1.120   0.113   1.127
 91 212 11 31 30  -0.045  -1.126   0.106   1.133
 91 212 11 32 30  -0.036  -1.116   0.114   1.123
 91 212 11 33 30  -0.031  -1.078   0.144   1.088
 91 212 11 34 30  -0.004  -1.075   0.087   1.079
 91 212 11 35 30   0.003  -1.067   0.077   1.070
 91 212 11 36 30   0.024  -1.070   0.103   1.077
 91 212 11 37 30   0.043  -1.089   0.058   1.092
 91 212 11 38 30   0.043  -1.122   0.020   1.123
 91 212 11 39 30   0.051  -1.123   0.009   1.125
 91 212 11 40 30   0.018  -1.123  -0.008   1.124
 91 212 11 41 30  -0.007  -1.123  -0.015   1.123
 91 212 11 42 30   0.015  -1.110  -0.038   1.112
 91 212 11 43 30   0.036  -1.076  -0.001   1.077
 91 212 11 44 30   0.079  -1.060   0.008   1.065
 91 212 11 45 30   0.063  -1.031   0.023   1.035
 91 212 11 46 30   0.031  -1.013   0.038   1.015
 91 212 11 47 30   0.089  -1.008   0.047   1.015
 91 212 11 48 30   0.091  -1.053  -0.091   1.062
 91 212 11 49 30   0.089  -1.083  -0.010   1.088
 91 212 11 50 30   0.049  -1.053   0.077   1.060
 91 212 11 51 30   0.117  -1.074   0.000   1.082
 91 212 11 52 30   0.084  -1.074   0.090   1.081
 91 212 11 53 30   0.074  -1.074   0.064   1.079
 91 212 11 54 30   0.110  -1.070   0.023   1.077
 91 212 11 55 30   0.146  -1.080  -0.129   1.107
 91 212 11 56 30   0.085  -1.109  -0.017   1.113
 91 212 11 57 30   0.095  -1.108   0.033   1.114
 91 212 11 58 30   0.088  -1.110   0.015   1.114
 91 212 11 59 30   0.058  -1.136   0.035   1.138
 91 212 12 00 30   0.102  -1.105  -0.039   1.112
 91 212 12 01 30   0.080  -1.092  -0.038   1.098
 91 212 12 02 30   0.161  -1.063  -0.106   1.082
 91 212 12 03 30   0.173  -1.062  -0.135   1.085
 91 212 12 04 30   0.203  -1.063  -0.160   1.096
 91 212 12 05 30   0.129  -1.073  -0.146   1.092
 91 212 12 06 30   0.142  -1.094  -0.203   1.125
 91 212 12 07 30   0.170  -1.065  -0.233   1.104
 91 212 12 08 30   0.210  -1.059  -0.242   1.108
 91 212 12 09 30   0.345  -1.005  -0.265   1.098
 91 212 12 10 30   0.242  -1.021  -0.241   1.077
 91 212 12 11 30   0.240  -1.022  -0.274   1.085
 91 212 12 12 30   0.278  -1.017  -0.269   1.089
 91 212 12 13 30   0.277  -0.979  -0.324   1.068
 91 212 12 14 30   0.257  -1.011  -0.303   1.087
 91 212 12 15 30   0.267  -1.014  -0.315   1.095
 91 212 12 16 30   0.241  -1.006  -0.323   1.084
 91 212 12 17 30   0.240  -0.965  -0.362   1.062
 91 212 12 18 30   0.231  -0.955  -0.388   1.057
 91 212 12 19 30   0.244  -0.957  -0.430   1.078
 91 212 12 20 30   0.275  -0.968  -0.395   1.081
 91 212 12 21 30   0.245  -0.926  -0.344   1.018
 91 212 12 22 30   0.205  -0.910  -0.344   1.002
 91 212 12 23 30   0.227  -0.905  -0.175   0.953
 91 212 12 24 30   0.307  -0.857  -0.267   0.952
 91 212 12 25 30   0.212  -0.860  -0.356   0.956
 91 212 12 26 30   0.167  -0.871  -0.332   0.949
 91 212 12 27 30   0.228  -0.902  -0.135   0.948
 91 212 12 28 30   0.240  -0.912  -0.159   0.959
 91 212 12 29 30   0.217  -0.952  -0.016   0.986
 91 212 12 30 30   0.193  -1.006   0.124   1.035
 91 212 12 31 30   0.192  -1.022   0.157   1.052
 91 212 12 32 30   0.189  -1.063   0.094   1.088
 91 212 12 33 30   0.165  -1.079   0.042   1.093
 91 212 12 34 30   0.179  -1.115   0.048   1.131
 91 212 12 35 30   0.164  -1.119  -0.014   1.132
 91 212 12 36 30   0.153  -1.130  -0.043   1.142
 91 212 12 37 30   0.162  -1.121  -0.014   1.133
 91 212 12 38 30   0.139  -1.052   0.013   1.063
 91 212 12 39 30   0.105  -0.989   0.063   0.997
 91 212 12 40 30   0.053  -0.959   0.073   0.964
 91 212 12 41 30   0.075  -0.975   0.063   0.981
 91 212 12 42 30   0.066  -0.964   0.047   0.968
 91 212 12 43 30   0.054  -0.993   0.014   0.995
 91 212 12 44 30   0.085  -0.986   0.028   0.992
 91 212 12 45 30   0.068  -0.978   0.032   0.982
 91 212 12 46 30   0.032  -0.980   0.040   0.982
 91 212 12 47 30   0.003  -1.015   0.000   1.016
 91 212 12 48 30   0.126  -1.015  -0.111   1.034
 91 212 12 49 30   0.259  -1.009  -0.236   1.069
 91 212 12 50 30   0.285  -1.060  -0.202   1.117
 91 212 12 51 30   0.277  -1.092  -0.201   1.145
 91 212 12 52 30   0.278  -1.097  -0.154   1.143
 91 212 12 53 30   0.278  -1.035  -0.279   1.109
 91 212 12 54 30   0.228  -1.061  -0.179   1.103
 91 212 12 55 30   0.199  -1.040  -0.122   1.067
 91 212 12 56 30   0.163  -1.026  -0.194   1.057
 91 212 12 57 30   0.216  -1.001  -0.202   1.044
 91 212 12 58 30   0.224  -0.979  -0.214   1.027
 91 212 12 59 30   0.226  -0.974  -0.235   1.027
 91 212 13 00 30   0.170  -0.848  -0.200   0.893
 91 212 13 01 30   0.171  -0.783  -0.018   0.803
 91 212 13 02 30   0.158  -0.807   0.007   0.824
 91 212 13 03 30   0.169  -0.820  -0.073   0.842
 91 212 13 04 30   0.175  -0.806  -0.128   0.835
 91 212 13 05 30   0.208  -0.791  -0.089   0.824
 91 212 13 06 30   0.154  -0.741  -0.095   0.764
 91 212 13 07 30   0.165  -0.784  -0.095   0.807
 91 212 13 08 30   0.178  -0.787  -0.110   0.815
 91 212 13 09 30   0.178  -0.796  -0.128   0.827
 91 212 13 10 30   0.221  -0.761  -0.197   0.817
 91 212 13 11 30   0.241  -0.764  -0.194   0.825
 91 212 13 12 30   0.246  -0.751  -0.186   0.817
 91 212 13 13 30   0.334  -0.650  -0.284   0.798
 91 212 13 14 30   0.298  -0.395  -0.419   0.680
 91 212 13 15 30   0.358  -0.152  -0.533   0.662
 91 212 13 16 30   0.268   0.465  -0.406   0.779
 91 212 13 17 30   0.296   0.756  -0.496   0.952
 91 212 13 18 30   0.305   0.734  -0.548   0.966
 91 212 13 19 30   0.333   0.564  -0.560   0.864
 91 212 13 20 30   0.321   0.568  -0.562   0.862
 91 212 13 21 30   0.331   0.591  -0.547   0.871
 91 212 13 22 30   0.303   0.641  -0.525   0.883
 91 212 13 23 30   0.318   0.616  -0.542   0.880
 91 212 13 24 30   0.362   0.578  -0.557   0.882
 91 212 13 25 30   0.352   0.543  -0.571   0.863
 91 212 13 26 30   0.359   0.474  -0.590   0.838
 91 212 13 27 30   0.345   0.454  -0.604   0.831
 91 212 13 28 30   0.331   0.533  -0.546   0.832
 91 212 13 29 30   0.336   0.549  -0.545   0.844
 91 212 13 30 30   0.344   0.568  -0.541   0.857
 91 212 13 31 30   0.332   0.603  -0.536   0.873
 91 212 13 32 30   0.272   0.680  -0.465   0.873
 91 212 13 33 30   0.234   0.798  -0.387   0.918
 91 212 13 34 30   0.235   0.764  -0.374   0.883
 91 212 13 35 30   0.243   0.760  -0.405   0.897
 91 212 13 36 30   0.164   0.604  -0.267   0.686
 91 212 13 37 30   0.073   0.498  -0.161   0.529
 91 212 13 38 30   0.038   0.332  -0.081   0.345
 91 212 13 39 30   0.013   0.259  -0.054   0.266
 91 212 13 40 30  -0.035   0.487  -0.124   0.508
 91 212 13 41 30  -0.055   0.299  -0.050   0.331
 91 212 13 42 30   0.053  -0.148  -0.097   0.241
 91 212 13 43 30   0.080  -0.233  -0.100   0.299
 91 212 13 44 30   0.121  -0.091  -0.127   0.239
 91 212 13 45 30   0.099   0.130  -0.117   0.202
 91 212 13 46 30   0.187   0.242  -0.141   0.342
 91 212 13 47 30   0.088   0.331  -0.156   0.381
 91 212 13 48 30   0.180   0.111  -0.157   0.312
 91 212 13 49 30   0.215   0.007  -0.177   0.280
 91 212 13 50 30   0.216  -0.008  -0.114   0.245
 91 212 13 51 30   0.265  -0.026  -0.121   0.294
 91 212 13 52 30   0.196   0.099  -0.122   0.254
 91 212 13 53 30   0.189   0.101  -0.121   0.249
 91 212 13 54 30   0.119   0.065  -0.097   0.167
 91 212 13 55 30   0.076   0.052  -0.047   0.107
 91 212 13 56 30   0.196   0.059  -0.100   0.236
 91 212 13 57 30   0.217  -0.093  -0.061   0.250
 91 212 13 58 30   0.133   0.131  -0.082   0.224
 91 212 13 59 30   0.174   0.188  -0.110   0.280
 91 212 14 00 30   0.180   0.155  -0.126   0.271
 91 212 14 01 30   0.158   0.200  -0.154   0.299
 91 212 14 02 30   0.083   0.118  -0.100   0.177
 91 212 14 03 30   0.138   0.116  -0.135   0.228
 91 212 14 04 30   0.144   0.050  -0.099   0.186
 91 212 14 05 30   0.160   0.024  -0.108   0.196
 91 212 14 06 30   0.183   0.000  -0.111   0.215
 91 212 14 07 30   0.171   0.020  -0.115   0.208
 91 212 14 08 30   0.186   0.027  -0.124   0.225
 91 212 14 09 30   0.138   0.035  -0.087   0.168
 91 212 14 10 30   0.332   0.012  -0.197   0.387
 91 212 14 11 30   0.285   0.016  -0.170   0.333
 91 212 14 12 30   0.163   0.006  -0.090   0.187
 91 212 14 13 30   0.132  -0.001  -0.080   0.156
 91 212 14 14 30   0.366  -0.028  -0.174   0.407
 91 212 14 15 30   0.291  -0.013  -0.177   0.342
 91 212 14 16 30   0.278  -0.036  -0.123   0.312
 91 212 14 17 30   0.259  -0.073  -0.121   0.303
 91 212 14 18 30  -0.072   0.476  -0.039   0.517
 91 212 14 19 30   0.028   0.624  -0.043   0.629
 91 212 14 20 30   0.116   0.629  -0.078   0.645
 91 212 14 21 30   0.067   0.652  -0.062   0.660
 91 212 14 22 30   0.039   0.802  -0.047   0.806
 91 212 14 23 30   0.089   0.883  -0.137   0.899
 91 212 14 24 30   0.109   0.907  -0.085   0.919
 91 212 14 25 30   0.139   0.895  -0.083   0.910
 91 212 14 26 30   0.076   0.907  -0.037   0.912
 91 212 14 27 30   0.066   0.875  -0.073   0.884
 91 212 14 28 30   0.042   0.897  -0.142   0.911
 91 212 14 29 30   0.094   0.803  -0.162   0.826
 91 212 14 30 30   0.111   0.770  -0.145   0.793
 91 212 14 31 30   0.082   0.720  -0.164   0.743
 91 212 14 32 30   0.090   0.735  -0.135   0.754
 91 212 14 33 30   0.097   0.735  -0.144   0.755
 91 212 14 34 30   0.084   0.905  -0.226   0.937
 91 212 14 35 30   0.107   0.871  -0.160   0.893
 91 212 14 36 30   0.108   0.821  -0.193   0.851
 91 212 14 37 30   0.067   0.630  -0.148   0.651
 91 212 14 38 30   0.094   0.679  -0.161   0.705
 91 212 14 39 30   0.018   0.586  -0.176   0.615
 91 212 14 40 30  -0.063   0.558  -0.185   0.593
 91 212 14 41 30   0.017   0.580  -0.181   0.608
 91 212 14 42 30   0.022   0.570  -0.181   0.599
 91 212 14 43 30   0.033   0.588  -0.130   0.604
 91 212 14 44 30   0.075   0.571  -0.110   0.588
 91 212 14 45 30   0.060   0.561  -0.088   0.575
 91 212 14 46 30   0.070   0.540  -0.174   0.573
 91 212 14 47 30   0.031   0.541  -0.127   0.557
 91 212 14 48 30   0.046   0.516  -0.094   0.528
 91 212 14 49 30   0.139   0.497  -0.133   0.535
 91 212 14 50 30   0.134   0.660  -0.131   0.687
 91 212 14 51 30   0.143   0.670  -0.157   0.703
 91 212 14 52 30   0.161   0.735  -0.151   0.772
 91 212 14 53 30   0.135   0.743  -0.097   0.762
 91 212 14 54 30   0.146   0.744  -0.135   0.771
 91 212 14 55 30   0.120   0.756  -0.122   0.776
 91 212 14 56 30   0.117   0.769  -0.148   0.793
 91 212 14 57 30   0.161   0.759  -0.181   0.801
 91 212 14 58 30   0.153   0.755  -0.185   0.794
 91 212 14 59 30   0.163   0.702  -0.169   0.741
 91 212 15 00 30   0.179   0.657  -0.158   0.699
 91 212 15 01 30   0.164   0.617  -0.173   0.662
 91 212 15 02 30   0.124   0.610  -0.162   0.644
 91 212 15 03 30   0.156   0.675  -0.178   0.715
 91 212 15 04 30   0.117   0.595  -0.155   0.628
 91 212 15 05 30   0.184   0.572  -0.145   0.619
 91 212 15 06 30   0.220   0.577  -0.173   0.641
 91 212 15 07 30   0.195   0.578  -0.157   0.631
 91 212 15 08 30   0.163   0.602  -0.137   0.639
 91 212 15 09 30   0.174   0.606  -0.145   0.647
 91 212 15 10 30   0.183   0.607  -0.135   0.649
 91 212 15 11 30   0.216   0.564  -0.136   0.620
 91 212 15 12 30   0.264   0.564  -0.141   0.640
 91 212 15 13 30   0.271   0.534  -0.149   0.618
 91 212 15 14 30   0.338   0.540  -0.131   0.651
 91 212 15 15 30   0.311   0.528  -0.116   0.626
 91 212 15 16 30   0.175   0.436  -0.144   0.492
 91 212 15 17 30   0.180   0.433  -0.145   0.492
 91 212 15 18 30   0.165   0.451  -0.152   0.504
 91 212 15 19 30   0.116   0.434  -0.028   0.468
 91 212 15 20 30   0.188   0.549  -0.040   0.583
 91 212 15 21 30   0.156   0.505  -0.042   0.539
 91 212 15 22 30   0.147   0.561  -0.122   0.593
 91 212 15 23 30   0.167   0.667  -0.172   0.710
 91 212 15 24 30   0.269   0.691  -0.210   0.771
 91 212 15 25 30   0.320   0.709  -0.276   0.827
 91 212 15 26 30   0.467   0.817  -0.371   1.012
 91 212 15 27 30   0.473   0.845  -0.375   1.039
 91 212 15 28 30   0.452   0.924  -0.356   1.089
 91 212 15 29 30   0.469   0.908  -0.398   1.098
 91 212 15 30 30   0.463   0.964  -0.403   1.147
 91 212 15 31 30   0.482   0.992  -0.418   1.180
 91 212 15 32 30   0.469   1.020  -0.402   1.194
 91 212 15 33 30   0.560   1.055  -0.442   1.276
 91 212 15 34 30   0.527   1.117  -0.330   1.286
 91 212 15 35 30   0.343   1.188  -0.297   1.276
 91 212 15 36 30   0.284   1.247  -0.236   1.301
 91 212 15 37 30   0.421   1.227  -0.306   1.338
 91 212 15 38 30   0.619   1.056  -0.499   1.323
 91 212 15 39 30   0.672   0.962  -0.536   1.291
 91 212 15 40 30   0.699   0.921  -0.568   1.289
 91 212 15 41 30   0.716   0.862  -0.586   1.265
 91 212 15 42 30   0.797   0.719  -0.668   1.267
 91 212 15 43 30   0.737   0.909  -0.589   1.311
 91 212 15 44 30   0.690   1.008  -0.549   1.340
 91 212 15 45 30   0.539   1.144  -0.354   1.318
 91 212 15 46 30   0.387   1.259  -0.205   1.341
 91 212 15 47 30   0.327   1.374  -0.105   1.430
 91 212 15 48 30   0.518   1.288  -0.379   1.440
 91 212 15 49 30   0.466   1.331  -0.299   1.443
 91 212 15 50 30   0.580   1.217  -0.521   1.448
 91 212 15 51 30   0.444   1.322  -0.353   1.442
 91 212 15 52 30   0.426   1.340  -0.292   1.437
 91 212 15 53 30   0.420   1.349  -0.292   1.443
 91 212 15 54 30   0.392   1.386  -0.197   1.458
 91 212 15 55 30   0.424   1.368  -0.233   1.452
 91 212 15 56 30   0.496   1.249  -0.447   1.424
 91 212 15 57 30   0.478   1.256  -0.372   1.398
 91 212 15 58 30   0.585   1.156  -0.541   1.409
 91 212 15 59 30   0.710   0.786  -0.759   1.308
 91 212 16 00 30   0.879  -0.078  -1.017   1.364
 91 212 16 01 30   0.868  -0.082  -1.101   1.405
 91 212 16 02 30   0.876  -0.058  -1.083   1.395
 91 212 16 03 30   0.852  -0.046  -1.026   1.335
 91 212 16 04 30   0.815   0.012  -1.022   1.308
 91 212 16 05 30   0.836  -0.030  -0.973   1.284
 91 212 16 06 30   0.834  -0.052  -0.974   1.284
 91 212 16 07 30   0.819  -0.087  -0.977   1.278
 91 212 16 08 30   0.841  -0.115  -0.958   1.280
 91 212 16 09 30   0.810  -0.183  -0.879   1.210
 91 212 16 10 30   0.764  -0.210  -0.888   1.190
 91 212 16 11 30   0.747  -0.234  -0.897   1.191
 91 212 16 12 30   0.767  -0.220  -0.876   1.186
 91 212 16 13 30   0.819  -0.208  -0.923   1.252
 91 212 16 14 30   0.934  -0.227  -0.988   1.379
 91 212 16 15 30   0.885  -0.234  -0.984   1.345
 91 212 16 16 30   0.690  -0.328  -0.839   1.147
 91 212 16 17 30   0.777  -0.542  -0.995   1.374
 91 212 16 18 30   0.822  -0.509  -1.037   1.418
 91 212 16 19 30   0.828  -0.502  -1.053   1.431
 91 212 16 20 30   0.855  -0.430  -1.043   1.416
 91 212 16 21 30   0.855  -0.411  -1.028   1.400
 91 212 16 22 30   0.808  -0.540  -1.069   1.450
 91 212 16 23 30   0.740  -0.668  -1.032   1.436
 91 212 16 24 30   0.726  -0.662  -1.024   1.419
 91 212 16 25 30   0.700  -0.665  -1.030   1.413
 91 212 16 26 30   0.712  -0.705  -0.991   1.409
 91 212 16 27 30   0.727  -0.690  -1.021   1.431
 91 212 16 28 30   0.739  -0.694  -1.024   1.442
 91 212 16 29 30   0.735  -0.770  -0.961   1.435
 91 212 16 30 30   0.747  -0.786  -0.915   1.419
 91 212 16 31 30   0.748  -0.796  -0.889   1.408
 91 212 16 32 30   0.727  -0.778  -0.918   1.407
 91 212 16 33 30   0.732  -0.748  -0.976   1.431
 91 212 16 34 30   0.743  -0.755  -0.973   1.438
 91 212 16 35 30   0.754  -0.754  -0.954   1.431
 91 212 16 36 30   0.774  -0.760  -0.940   1.436
 91 212 16 37 30   0.779  -0.751  -0.975   1.457
 91 212 16 38 30   0.800  -0.746  -0.996   1.479
 91 212 16 39 30   0.771  -0.784  -0.973   1.469
 91 212 16 40 30   0.780  -0.785  -0.973   1.474
 91 212 16 41 30   0.794  -0.801  -0.941   1.469
 91 212 16 42 30   0.752  -0.783  -0.999   1.476
 91 212 16 43 30   0.768  -0.783  -0.979   1.470
 91 212 16 44 30   0.791  -0.786  -0.948   1.464
 91 212 16 45 30   0.799  -0.772  -0.957   1.466
 91 212 16 46 30   0.816  -0.722  -0.990   1.472
 91 212 16 47 30   0.820  -0.713  -1.037   1.503
 91 212 16 48 30   0.861  -0.701  -1.116   1.575
 91 212 16 49 30   0.854  -0.739  -1.073   1.558
 91 212 16 50 30   0.749  -0.878  -0.899   1.467
 91 212 16 51 30   0.736  -0.901  -0.896   1.470
 91 212 16 52 30   0.755  -1.003  -0.937   1.569
 91 212 16 53 30   0.759  -1.008  -0.964   1.589
 91 212 16 54 30   0.766  -0.988  -0.973   1.585
 91 212 16 55 30   0.776  -1.016  -0.953   1.594
 91 212 16 56 30   0.749  -1.074  -0.945   1.617
 91 212 16 57 30   0.743  -1.093  -0.937   1.621
 91 212 16 58 30   0.764  -1.047  -0.974   1.622
 91 212 16 59 30   0.796  -1.054  -0.942   1.623
 91 212 17 00 30   0.772  -1.114  -0.890   1.622
 91 212 17 01 30   0.737  -1.146  -0.861   1.613
 91 212 17 02 30   0.738  -1.163  -0.830   1.609
 91 212 17 03 30   0.699  -1.142  -0.849   1.591
 91 212 17 04 30   0.738  -0.995  -1.003   1.594
 91 212 17 05 30   0.736  -1.083  -0.900   1.604
 91 212 17 06 30   0.703  -1.305  -0.571   1.599
 91 212 17 07 30   0.671  -1.370  -0.469   1.598
 91 212 17 08 30   0.627  -1.363  -0.492   1.580
 91 212 17 09 30   0.618  -1.356  -0.557   1.592
 91 212 17 10 30   0.677  -1.341  -0.547   1.601
 91 212 17 11 30   0.661  -1.370  -0.556   1.622
 91 212 17 12 30   0.669  -1.376  -0.497   1.614
 91 212 17 13 30   0.852  -1.168  -0.707   1.611
 91 212 17 14 30   0.944  -1.120  -0.680   1.617
 91 212 17 15 30   0.951  -1.084  -0.722   1.613
 91 212 17 16 30   0.931  -1.071  -0.772   1.616
 91 212 17 17 30   0.969  -1.054  -0.771   1.627
 91 212 17 18 30   1.007  -1.038  -0.765   1.637
 91 212 17 19 30   1.104  -1.026  -0.641   1.638
 91 212 17 20 30   1.113  -1.014  -0.646   1.640
 91 212 17 21 30   1.092  -1.024  -0.661   1.637
 91 212 17 22 30   1.059  -1.033  -0.695   1.635
 91 212 17 23 30   1.047  -1.027  -0.734   1.641
 91 212 17 24 30   1.071  -1.001  -0.754   1.649
 91 212 17 25 30   1.048  -1.021  -0.737   1.638
 91 212 17 26 30   1.094  -0.984  -0.745   1.649
 91 212 17 27 30   1.060  -1.038  -0.714   1.647
 91 212 17 28 30   1.071  -0.984  -0.767   1.645
 91 212 17 29 30   1.029  -1.020  -0.766   1.641
 91 212 17 30 30   0.995  -1.039  -0.775   1.643
 91 212 17 31 30   0.959  -1.091  -0.741   1.632
 91 212 17 32 30   0.914  -1.100  -0.798   1.638
 91 212 17 33 30   0.933  -1.092  -0.777   1.633
 91 212 17 34 30   0.921  -1.086  -0.788   1.628
 91 212 17 35 30   0.888  -1.094  -0.817   1.629
 91 212 17 36 30   0.852  -1.104  -0.842   1.630
 91 212 17 37 30   0.849  -1.116  -0.861   1.646
 91 212 17 38 30   0.856  -1.119  -0.841   1.641
 91 212 17 39 30   0.795  -1.161  -0.820   1.629
 91 212 17 40 30   0.826  -1.147  -0.829   1.639
 91 212 17 41 30   0.809  -1.117  -0.906   1.650
 91 212 17 42 30   0.809  -1.139  -0.864   1.643
 91 212 17 43 30   0.803  -1.153  -0.858   1.647
 91 212 17 44 30   0.768  -1.192  -0.852   1.655
 91 212 17 45 30   0.722  -1.176  -0.916   1.657
 91 212 17 46 30   0.716  -1.129  -0.986   1.662
 91 212 17 47 30   0.795  -1.166  -0.886   1.671
 91 212 17 48 30   0.758  -1.200  -0.850   1.663
 91 212 17 49 30   0.670  -1.223  -0.949   1.690
 91 212 17 50 30   0.968  -1.196  -0.698   1.695
 91 212 17 51 30   1.024  -1.192  -0.638   1.696
 91 212 17 52 30   1.052  -1.198  -0.582   1.697
 91 212 17 53 30   1.042  -1.211  -0.577   1.698
 91 212 17 54 30   1.040  -1.203  -0.591   1.697
 91 212 17 55 30   1.020  -1.203  -0.623   1.696
 91 212 17 56 30   1.020  -1.206  -0.614   1.695
 91 212 17 57 30   1.050  -1.201  -0.542   1.685
 91 212 17 58 30   1.039  -1.201  -0.540   1.678
 91 212 17 59 30   0.976  -1.207  -0.658   1.687
 91 212 18 00 30   0.947  -1.223  -0.701   1.699
 91 212 18 01 30   0.995  -1.221  -0.626   1.695
 91 212 18 02 30   0.979  -1.245  -0.635   1.707
 91 212 18 03 30   0.952  -1.258  -0.644   1.705
 91 212 18 04 30   0.958  -1.260  -0.654   1.713
 91 212 18 05 30   0.991  -1.244  -0.649   1.718
 91 212 18 10 30   1.029  -1.236  -0.608   1.719
 91 212 18 11 30   1.022  -1.232  -0.601   1.711
 91 212 18 12 30   1.058  -1.195  -0.604   1.707
 91 212 18 13 30   1.066  -1.178  -0.623   1.707
 91 212 18 14 30   1.060  -1.171  -0.643   1.706
 91 212 18 15 30   1.023  -1.250  -0.594   1.722
 91 212 18 16 30   0.996  -1.296  -0.569   1.731
 91 212 18 17 30   0.961  -1.311  -0.565   1.721
 91 212 18 18 30   0.978  -1.307  -0.547   1.722
 91 212 18 19 30   0.987  -1.312  -0.540   1.728
 91 212 18 20 30   1.033  -1.293  -0.489   1.726
 91 212 18 21 30   1.021  -1.303  -0.467   1.720
 91 212 18 22 30   0.992  -1.297  -0.507   1.710
 91 212 18 23 30   0.834  -1.321  -0.652   1.700
 91 212 18 24 30   0.820  -1.338  -0.684   1.712
 91 212 18 25 30   0.796  -1.366  -0.673   1.719
 91 212 18 26 30   0.820  -1.382  -0.612   1.720
 91 212 18 27 30   0.815  -1.370  -0.644   1.720
 91 212 18 28 30   0.800  -1.402  -0.596   1.721
 91 212 18 29 30   0.734  -1.446  -0.593   1.727
 91 212 18 30 30   0.775  -1.433  -0.564   1.724
 91 212 18 31 30   0.798  -1.407  -0.577   1.718
 91 212 18 32 30   0.812  -1.389  -0.583   1.713
 91 212 18 33 30   0.860  -1.400  -0.507   1.719
 91 212 18 34 30   0.836  -1.406  -0.530   1.720
 91 212 18 35 30   0.649  -1.492  -0.593   1.733
 91 212 18 36 30   0.674  -1.496  -0.558   1.734
 91 212 18 37 30   0.742  -1.461  -0.559   1.731
 91 212 18 38 30   0.718  -1.496  -0.519   1.739
 91 212 18 39 30   0.716  -1.485  -0.541   1.736
 91 212 18 40 30   0.747  -1.485  -0.522   1.742
 91 212 18 41 30   0.760  -1.479  -0.490   1.734
 91 212 18 42 30   0.765  -1.487  -0.464   1.736
 91 212 18 43 30   0.665  -1.526  -0.523   1.747
 91 212 18 44 30   0.690  -1.516  -0.514   1.744
 91 212 18 45 30   0.758  -1.494  -0.475   1.741
 91 212 18 46 30   0.720  -1.510  -0.482   1.741
 91 212 18 47 30   0.710  -1.520  -0.464   1.741
 91 212 18 48 30   0.708  -1.516  -0.465   1.737
 91 212 18 49 30   0.704  -1.506  -0.462   1.726
 91 212 18 50 30   0.662  -1.517  -0.452   1.716
 91 212 18 51 30   0.686  -1.500  -0.457   1.712
 91 212 18 52 30   0.657  -1.516  -0.463   1.716
 91 212 18 53 30   0.678  -1.512  -0.466   1.722
 91 212 18 54 30   0.700  -1.499  -0.492   1.727
 91 212 18 55 30   0.698  -1.515  -0.435   1.724
 91 212 18 56 30   0.661  -1.523  -0.447   1.720
 91 212 18 57 30   0.691  -1.518  -0.420   1.721
 91 212 18 58 30   0.722  -1.513  -0.348   1.713
 91 212 18 59 30   0.721  -1.490  -0.430   1.711
 91 212 19 00 30   0.637  -1.505  -0.513   1.715
 91 212 19 01 30   0.603  -1.547  -0.469   1.725
 91 212 19 02 30   0.613  -1.546  -0.447   1.722
 91 212 19 03 30   0.596  -1.540  -0.462   1.715
 91 212 19 04 30   0.580  -1.543  -0.476   1.716
 91 212 19 05 30   0.592  -1.542  -0.477   1.720
 91 212 19 06 30   0.593  -1.543  -0.509   1.730
 91 212 19 07 30   0.586  -1.545  -0.531   1.737
 91 212 19 08 30   0.651  -1.531  -0.484   1.733
 91 212 19 09 30   0.635  -1.550  -0.516   1.753
 91 212 19 10 30   0.635  -1.541  -0.513   1.744
 91 212 19 11 30   0.610  -1.554  -0.468   1.734
 91 212 19 12 30   0.606  -1.555  -0.468   1.733
 91 212 19 13 30   0.625  -1.545  -0.480   1.735
 91 212 19 14 30   0.639  -1.565  -0.409   1.740
 91 212 19 15 30   0.616  -1.583  -0.382   1.741
 91 212 19 16 30   0.616  -1.584  -0.361   1.738
 91 212 19 17 30   0.586  -1.597  -0.370   1.741
 91 212 19 18 30   0.538  -1.619  -0.363   1.744
 91 212 19 19 30   0.529  -1.632  -0.348   1.752
 91 212 19 20 30   0.428  -1.667  -0.301   1.747
 91 212 19 21 30   0.527  -1.609  -0.299   1.720
 91 212 19 22 30   0.546  -1.596  -0.303   1.714
 91 212 19 23 30   0.596  -1.559  -0.358   1.707
 91 212 19 24 30   0.608  -1.570  -0.322   1.715
 91 212 19 25 30   0.546  -1.597  -0.255   1.709
 91 212 19 26 30   0.549  -1.581  -0.252   1.693
 91 212 19 27 30   0.557  -1.571  -0.275   1.690
 91 212 19 28 30   0.488  -1.601  -0.234   1.691
 91 212 19 29 30   0.495  -1.603  -0.268   1.700
 91 212 19 30 30   0.510  -1.589  -0.273   1.694
 91 212 19 31 30   0.591  -1.566  -0.315   1.704
 91 212 19 32 30   0.583  -1.576  -0.310   1.709
 91 212 19 33 30   0.567  -1.581  -0.325   1.711
 91 212 19 34 30   0.561  -1.591  -0.340   1.721
 91 212 19 35 30   0.528  -1.590  -0.374   1.719
 91 212 19 36 30   0.499  -1.593  -0.353   1.708
 91 212 19 37 30   0.501  -1.603  -0.320   1.710
 91 212 19 38 30   0.565  -1.586  -0.310   1.712
 91 212 19 39 30   0.576  -1.608  -0.271   1.730
 91 212 19 40 30   0.561  -1.592  -0.308   1.717
 91 212 19 41 30   0.573  -1.592  -0.317   1.722
 91 212 19 42 30   0.587  -1.591  -0.248   1.714
 91 212 19 43 30   0.552  -1.595  -0.224   1.704
 91 212 19 44 30   0.554  -1.593  -0.228   1.702
 91 212 19 45 30   0.558  -1.598  -0.202   1.705
 91 212 19 46 30   0.496  -1.589  -0.400   1.723
 91 212 19 47 30   0.602  -1.588  -0.344   1.735
 91 212 19 48 30   0.528  -1.562  -0.519   1.729
 91 212 19 49 30   0.492  -1.583  -0.493   1.730
 91 212 19 50 30   0.515  -1.570  -0.524   1.734
 91 212 19 51 30   0.515  -1.564  -0.378   1.701
 91 212 19 52 30   0.543  -1.577  -0.284   1.702
 91 212 19 53 30   0.562  -1.521   0.130   1.627
 91 212 19 54 30   0.394  -1.555  -0.429   1.662
 91 212 19 55 30   0.403  -1.554  -0.428   1.662
 91 212 19 56 30   0.416  -1.526  -0.445   1.644
 91 212 19 57 30   0.432  -1.532  -0.426   1.650
 91 212 19 58 30   0.443  -1.542  -0.434   1.663
 91 212 19 59 30   0.479  -1.537  -0.412   1.663
 91 212 20 00 30   0.517  -1.523  -0.406   1.659
 91 212 20 01 30   0.450  -1.515  -0.520   1.665
 91 212 20 02 30   0.415  -1.496  -0.578   1.657
 91 212 20 03 30   0.400  -1.499  -0.581   1.657
 91 212 20 04 30   0.382  -1.486  -0.618   1.655
 91 212 20 05 30   0.393  -1.493  -0.631   1.668
 91 212 20 06 30   0.405  -1.485  -0.643   1.669
 91 212 20 07 30   0.419  -1.427  -0.716   1.651
 91 212 20 08 30   0.435  -1.405  -0.747   1.649
 91 212 20 09 30   0.431  -1.383  -0.807   1.660
 91 212 20 10 30   0.427  -1.405  -0.880   1.713
 91 212 20 11 30   0.319  -1.318  -0.929   1.645
 91 212 20 12 30   0.322  -1.273  -0.950   1.621
 91 212 20 13 30   0.289  -1.286  -0.953   1.627
 91 212 20 14 30   0.319  -1.377  -0.861   1.655
 91 212 20 15 30   0.308  -1.402  -0.852   1.669
 91 212 20 16 30   0.265  -1.410  -0.838   1.663
 91 212 20 17 30   0.240  -1.380  -0.894   1.663
 91 212 20 18 30   0.275  -1.462  -0.771   1.679
 91 212 20 19 30   0.365  -1.568  -0.442   1.672
 91 212 20 20 30   0.371  -1.587  -0.341   1.666
 91 212 20 21 30   0.269  -1.600  -0.376   1.669
 91 212 20 22 30  -0.028  -1.484  -0.750   1.672
 91 212 20 23 30   0.117  -1.589  -0.585   1.698
 91 212 20 24 30   0.229  -1.609  -0.454   1.690
 91 212 20 25 30   0.227  -1.700  -0.224   1.741
 91 212 20 26 30   0.273  -1.738   0.018   1.760
 91 212 20 27 30   0.257  -1.731   0.085   1.753
 91 212 20 28 30   0.279  -1.716   0.128   1.745
 91 212 20 29 30   0.320  -1.730   0.048   1.760
 91 212 20 30 30   0.336  -1.714   0.130   1.752
 91 212 20 31 30   0.305  -1.698   0.190   1.736
 91 212 20 32 30   0.346  -1.696   0.167   1.740
 91 212 20 33 30   0.331  -1.691   0.179   1.732
 91 212 20 34 30   0.312  -1.683   0.216   1.726
 91 212 20 35 30   0.313  -1.678   0.258   1.727
 91 212 20 36 30   0.311  -1.726   0.151   1.761
 91 212 20 37 30   0.326  -1.746   0.122   1.781
 91 212 20 38 30   0.337  -1.739   0.115   1.775
 91 212 20 39 30   0.357  -1.727   0.147   1.770
 91 212 20 40 30   0.351  -1.705   0.082   1.744
 91 212 20 41 30   0.342  -1.708   0.101   1.745
 91 212 20 42 30   0.367  -1.706   0.082   1.748
 91 212 20 43 30   0.382  -1.687   0.062   1.731
 91 212 20 44 30   0.380  -1.665   0.060   1.710
 91 212 20 45 30   0.387  -1.666   0.040   1.711
 91 212 20 46 30   0.397  -1.677   0.062   1.725
 91 212 20 47 30   0.408  -1.673   0.085   1.725
 91 212 20 48 30   0.447  -1.659   0.094   1.721
 91 212 20 49 30   0.430  -1.653   0.156   1.715
 91 212 20 50 30   0.437  -1.645   0.112   1.707
 91 212 20 51 30   0.420  -1.642  -0.048   1.697
 91 212 20 52 30   0.420  -1.636  -0.130   1.695
 91 212 20 53 30   0.391  -1.647  -0.154   1.700
 91 212 20 54 30   0.350  -1.648  -0.177   1.694
 91 212 20 55 30   0.431  -1.612  -0.110   1.677
 91 212 20 56 30   0.384  -1.615  -0.106   1.664
 91 212 20 57 30   0.358  -1.636  -0.103   1.678
 91 212 20 58 30   0.351  -1.623  -0.056   1.662
 91 212 20 59 30   0.354  -1.621  -0.120   1.664
 91 212 21 00 30   0.397  -1.596  -0.268   1.667
 91 212 21 01 30   0.254  -1.625   0.094   1.661
 91 212 21 02 30   0.245  -1.613   0.220   1.647
 91 212 21 03 30   0.227  -1.594   0.244   1.629
 91 212 21 04 30   0.181  -1.604   0.240   1.632
 91 212 21 05 30   0.172  -1.593   0.237   1.620
 91 212 21 06 30   0.189  -1.574   0.245   1.605
 91 212 21 07 30   0.191  -1.539   0.256   1.572
 91 212 21 08 30   0.182  -1.532   0.262   1.565
 91 212 21 09 30   0.188  -1.538   0.248   1.569
 91 212 21 10 30   0.142  -1.579  -0.034   1.590
 91 212 21 11 30   0.116  -1.563   0.088   1.570
 91 212 21 12 30   0.131  -1.543   0.138   1.555
 91 212 21 13 30   0.128  -1.536   0.106   1.546
 91 212 21 14 30   0.134  -1.535   0.025   1.541
 91 212 21 15 30   0.138  -1.531   0.081   1.540
 91 212 21 16 30   0.197  -1.539   0.096   1.555
 91 212 21 17 30   0.206  -1.546   0.075   1.563
 91 212 21 18 30   0.156  -1.569   0.027   1.582
 91 212 21 19 30   0.219  -1.539   0.012   1.559
 91 212 21 20 30   0.230  -1.590  -0.051   1.608
 91 212 21 21 30   0.225  -1.611  -0.031   1.627
 91 212 21 22 30   0.224  -1.612  -0.058   1.629
 91 212 21 23 30   0.337  -1.576  -0.136   1.617
 91 212 21 24 30   0.184  -1.584   0.074   1.610
 91 212 21 25 30   0.066  -1.528   0.174   1.540
 91 212 21 26 30   0.046  -1.528   0.186   1.541
 91 212 21 27 30   0.035  -1.541   0.137   1.548
 91 212 21 28 30   0.024  -1.559   0.114   1.563
 91 212 21 29 30   0.012  -1.571   0.113   1.576
 91 212 21 30 30   0.027  -1.587   0.077   1.590
 91 212 21 31 30  -0.029  -1.581  -0.020   1.581
 91 212 21 32 30  -0.012  -1.569   0.038   1.571
 91 212 21 33 30  -0.022  -1.535   0.137   1.542
 91 212 21 34 30  -0.031  -1.530   0.128   1.536
 91 212 21 35 30  -0.012  -1.530   0.106   1.534
 91 212 21 36 30  -0.001  -1.530   0.104   1.534
 91 212 21 37 30  -0.020  -1.528   0.099   1.531
 91 212 21 38 30  -0.128  -1.520   0.260   1.555
 91 212 21 39 30  -0.308  -1.472   0.462   1.574
 91 212 21 40 30  -0.320  -1.484   0.447   1.583
 91 212 21 41 30  -0.300  -1.499   0.433   1.590
 91 212 21 42 30  -0.280  -1.514   0.379   1.587
 91 212 21 43 30  -0.227  -1.543   0.315   1.592
 91 212 21 44 30  -0.214  -1.546   0.330   1.595
 91 212 21 45 30  -0.190  -1.559   0.315   1.602
 91 212 21 46 30  -0.181  -1.575   0.248   1.606
 91 212 21 47 30  -0.231  -1.568   0.278   1.610
 91 212 21 48 30  -0.236  -1.567   0.262   1.606
 91 212 21 49 30  -0.205  -1.570   0.266   1.605
 91 212 21 50 30  -0.210  -1.575   0.251   1.609
 91 212 21 51 30  -0.223  -1.562   0.272   1.601
 91 212 21 52 30  -0.198  -1.573   0.235   1.603
 91 212 21 53 30  -0.228  -1.573   0.161   1.598
 91 212 21 54 30  -0.215  -1.539   0.268   1.577
 91 212 21 55 30  -0.192  -1.542   0.303   1.584
 91 212 21 56 30  -0.184  -1.551   0.298   1.591
 91 212 21 57 30  -0.190  -1.549   0.305   1.590
 91 212 21 58 30  -0.173  -1.544   0.272   1.578
 91 212 21 59 30  -0.178  -1.563   0.251   1.593
 91 212 22 00 30  -0.183  -1.566   0.246   1.596
 91 212 22 01 30  -0.170  -1.563   0.250   1.592
 91 212 22 02 30  -0.174  -1.556   0.253   1.586
 91 212 22 03 30  -0.164  -1.564   0.296   1.600
 91 212 22 04 30  -0.165  -1.557   0.312   1.596
 91 212 22 05 30  -0.186  -1.552   0.278   1.588
 91 212 22 06 30  -0.190  -1.563   0.274   1.598
 91 212 22 07 30  -0.171  -1.554   0.275   1.587
 91 212 22 08 30  -0.140  -1.562   0.254   1.589
 91 212 22 09 30  -0.132  -1.571   0.246   1.598
 91 212 22 10 30  -0.223  -1.550   0.347   1.605
 91 212 22 11 30  -0.157  -1.573   0.254   1.603
 91 212 22 12 30  -0.074  -1.587   0.186   1.600
 91 212 22 13 30  -0.081  -1.578   0.200   1.593
 91 212 22 14 30  -0.024  -1.574   0.180   1.585
 91 212 22 15 30  -0.008  -1.595   0.211   1.609
 91 212 22 16 30  -0.005  -1.578   0.229   1.595
 91 212 22 17 30  -0.038  -1.566   0.259   1.589
 91 212 22 18 30  -0.042  -1.554   0.295   1.583
 91 212 22 19 30  -0.020  -1.551   0.369   1.595
 91 212 22 20 30  -0.101  -1.550   0.316   1.585
 91 212 22 21 30  -0.068  -1.557   0.374   1.603
 91 212 22 22 30  -0.073  -1.568   0.368   1.613
 91 212 22 23 30  -0.116  -1.565   0.412   1.622
 91 212 22 24 30  -0.116  -1.560   0.408   1.618
 91 212 22 25 30  -0.161  -1.541   0.464   1.619
 91 212 22 26 30  -0.215  -1.550   0.528   1.653
 91 212 22 27 30  -0.377  -1.506   0.662   1.687
 91 212 22 28 30  -0.384  -1.478   0.673   1.669
 91 212 22 29 30  -0.389  -1.464   0.670   1.657
 91 212 22 30 30  -0.375  -1.462   0.649   1.643
 91 212 22 31 30  -0.333  -1.498   0.583   1.642
 91 212 22 32 30  -0.274  -1.596   0.482   1.690
 91 212 22 33 30  -0.274  -1.612   0.486   1.706
 91 212 22 34 30  -0.287  -1.595   0.504   1.699
 91 212 22 35 30  -0.289  -1.565   0.539   1.681
 91 212 22 36 30  -0.287  -1.549   0.562   1.673
 91 212 22 37 30  -0.284  -1.560   0.535   1.675
 91 212 22 38 30  -0.274  -1.565   0.538   1.678
 91 212 22 39 30  -0.262  -1.552   0.547   1.667
 91 212 22 40 30  -0.274  -1.543   0.557   1.663
 91 212 22 41 30  -0.260  -1.569   0.530   1.677
 91 212 22 42 30  -0.300  -1.563   0.526   1.676
 91 212 22 43 30  -0.281  -1.561   0.534   1.675
 91 212 22 44 30  -0.213  -1.536   0.629   1.674
 91 212 22 45 30  -0.246  -1.547   0.586   1.673
 91 212 22 46 30  -0.259  -1.555   0.539   1.666
 91 212 22 47 30  -0.266  -1.571   0.492   1.668
 91 212 22 48 30  -0.270  -1.570   0.493   1.669
 91 212 22 49 30  -0.294  -1.565   0.494   1.667
 91 212 22 50 30  -0.357  -1.543   0.486   1.657
 91 212 22 51 30  -0.353  -1.559   0.478   1.669
 91 212 22 52 30  -0.352  -1.568   0.437   1.666
 91 212 22 53 30  -0.344  -1.558   0.437   1.655
 91 212 22 54 30  -0.351  -1.547   0.477   1.657
 91 212 22 55 30  -0.376  -1.535   0.500   1.659
 91 212 22 56 30  -0.406  -1.509   0.542   1.655
 91 212 22 57 30  -0.444  -1.458   0.597   1.637
 91 212 22 58 30  -0.385  -1.476   0.577   1.632
 91 212 22 59 30  -0.433  -1.457   0.604   1.636
 91 212 23 00 30  -0.334  -1.523   0.535   1.649
 91 212 23 01 30  -0.257  -1.555   0.500   1.654
 91 212 23 02 30  -0.242  -1.561   0.517   1.663
 91 212 23 03 30  -0.220  -1.594   0.477   1.679
 91 212 23 04 30  -0.233  -1.591   0.476   1.678
 91 212 23 05 30  -0.230  -1.564   0.548   1.675
 91 212 23 06 30  -0.227  -1.470   0.713   1.653
 91 212 23 07 30  -0.227  -1.498   0.533   1.614
 91 212 23 08 30  -0.145  -1.458   0.328   1.513
 91 212 23 09 30  -0.027  -1.548   0.063   1.551
 91 212 23 10 30   0.007  -1.556   0.127   1.570
 91 212 23 11 30  -0.278  -1.471   0.428   1.559
 91 212 23 12 30  -0.234  -1.460   0.453   1.547
 91 212 23 13 30  -0.208  -1.469   0.426   1.544
 91 212 23 14 30  -0.190  -1.423   0.519   1.539
 91 212 23 15 30  -0.309  -1.495   0.101   1.530
 91 212 23 16 30  -0.271  -1.495   0.097   1.522
 91 212 23 17 30  -0.261  -1.509   0.089   1.535
 91 212 23 18 30  -0.050  -1.589  -0.227   1.623
 91 212 23 19 30  -0.037  -1.608  -0.183   1.620
 91 212 23 20 30  -0.025  -1.571  -0.082   1.573
 91 212 23 21 30  -0.087  -1.590  -0.192   1.606
 91 212 23 22 30  -0.053  -1.550   0.120   1.567
 91 212 23 23 30  -0.089  -1.560   0.024   1.572
 91 212 23 24 30  -0.076  -1.561  -0.191   1.575
 91 212 23 25 30  -0.106  -1.602  -0.118   1.612
 91 212 23 26 30  -0.115  -1.626  -0.044   1.632
 91 212 23 27 30  -0.132  -1.630   0.029   1.637
 91 212 23 28 30  -0.153  -1.661   0.105   1.674
 91 212 23 29 30  -0.355  -1.506   0.510   1.674
 91 212 23 30 30  -0.467  -1.461   0.673   1.675
 91 212 23 31 30  -0.448  -1.488   0.637   1.680
 91 212 23 32 30  -0.429  -1.518   0.647   1.706
 91 212 23 33 30  -0.423  -1.513   0.662   1.705
 91 212 23 34 30  -0.406  -1.520   0.657   1.706
 91 212 23 35 30  -0.409  -1.503   0.702   1.709
 91 212 23 36 30  -0.434  -1.507   0.667   1.707
 91 212 23 37 30  -0.477  -1.477   0.716   1.709
 91 212 23 38 30  -0.475  -1.461   0.761   1.715
 91 212 23 39 30  -0.466  -1.487   0.718   1.718
 91 212 23 40 30  -0.405  -1.527   0.628   1.708
 91 212 23 41 30  -0.342  -1.586   0.468   1.690
 91 212 23 42 30  -0.342  -1.596   0.471   1.700
 91 212 23 43 30  -0.401  -1.545   0.547   1.691
 91 212 23 44 30  -0.445  -1.543   0.527   1.693
 91 212 23 45 30  -0.520  -1.505   0.619   1.722
 91 212 23 46 30  -0.508  -1.433   0.808   1.723
 91 212 23 47 30  -0.602  -1.375   0.859   1.732
 91 212 23 48 30  -0.623  -1.217   1.038   1.717
 91 212 23 49 30  -0.643  -1.137   1.051   1.677
 91 212 23 50 30  -0.647  -1.134   0.978   1.632
 91 212 23 51 30  -0.664  -1.149   0.958   1.638
 91 212 23 52 30  -0.675  -1.112   0.978   1.628
 91 212 23 53 30  -0.694  -1.114   0.971   1.633
 91 212 23 54 30  -0.732  -1.122   0.935   1.634
 91 212 23 55 30  -0.680  -1.120   0.980   1.637
 91 212 23 56 30  -0.672  -1.104   0.997   1.633
 91 212 23 57 30  -0.634  -1.092   1.027   1.629
 91 212 23 58 30  -0.683  -1.053   1.075   1.653
 91 212 23 59 30  -0.650  -1.070   1.094   1.663
