 91 213 00 00 30  -0.573  -1.176   0.993   1.646
 91 213 00 01 30  -0.549  -1.201   0.979   1.644
 91 213 00 02 30  -0.600  -1.171   1.041   1.678
 91 213 00 03 30  -0.606  -1.167   1.031   1.671
 91 213 00 04 30  -0.576  -1.147   1.060   1.665
 91 213 00 05 30  -0.566  -1.117   1.099   1.667
 91 213 00 06 30  -0.587  -1.129   1.115   1.692
 91 213 00 07 30  -0.602  -1.084   1.133   1.680
 91 213 00 08 30  -0.642  -1.119   1.126   1.714
 91 213 00 09 30  -0.653  -1.110   1.110   1.701
 91 213 00 10 30  -0.718  -1.058   1.158   1.727
 91 213 00 11 30  -0.710  -1.051   1.164   1.723
 91 213 00 12 30  -0.544  -1.239   1.063   1.722
 91 213 00 13 30  -0.593  -1.158   1.169   1.750
 91 213 00 14 30  -0.661  -1.054   1.216   1.742
 91 213 00 15 30  -0.826  -0.627   1.390   1.738
 91 213 00 16 30  -0.803  -0.635   1.392   1.728
 91 213 00 17 30  -0.838  -0.641   1.374   1.734
 91 213 00 18 30  -0.828  -0.809   1.310   1.749
 91 213 00 19 30  -0.831  -0.900   1.241   1.744
 91 213 00 20 30  -0.826  -0.686   1.331   1.716
 91 213 00 21 30  -0.859  -0.461   1.439   1.739
 91 213 00 22 30  -0.883  -0.498   1.422   1.747
 91 213 00 23 30  -0.887  -0.395   1.452   1.748
 91 213 00 24 30  -0.912  -0.317   1.442   1.736
 91 213 00 25 30  -0.900  -0.377   1.437   1.737
 91 213 00 26 30  -0.892  -0.384   1.436   1.734
 91 213 00 27 30  -0.897  -0.448   1.451   1.766
 91 213 00 28 30  -0.898  -0.485   1.463   1.784
 91 213 00 29 30  -0.883  -0.464   1.441   1.753
 91 213 00 30 30  -0.854  -0.493   1.417   1.727
 91 213 00 31 30  -0.832  -0.515   1.411   1.717
 91 213 00 32 30  -0.823  -0.604   1.390   1.730
 91 213 00 33 30  -0.808  -0.699   1.353   1.725
 91 213 00 34 30  -0.756  -0.754   1.354   1.727
 91 213 00 35 30  -0.652  -0.783   1.418   1.748
 91 213 00 36 30  -0.698  -0.924   1.291   1.744
 91 213 00 37 30  -0.727  -0.967   1.245   1.737
 91 213 00 38 30  -0.693  -0.971   1.247   1.726
 91 213 00 39 30  -0.700  -0.956   1.258   1.729
 91 213 00 40 30  -0.712  -0.955   1.244   1.726
 91 213 00 41 30  -0.792  -0.806   1.315   1.735
 91 213 00 42 30  -0.797  -0.853   1.294   1.744
 91 213 00 43 30  -0.739  -0.849   1.339   1.750
 91 213 00 44 30  -0.741  -0.862   1.330   1.750
 91 213 00 45 30  -0.778  -0.902   1.287   1.754
 91 213 00 46 30  -0.781  -0.872   1.280   1.735
 91 213 00 47 30  -0.825  -0.883   1.238   1.730
 91 213 00 48 30  -0.831  -0.893   1.212   1.720
 91 213 00 49 30  -0.839  -0.914   1.221   1.741
 91 213 00 50 30  -0.889  -0.886   1.215   1.748
 91 213 00 51 30  -0.950  -0.915   1.149   1.750
 91 213 00 52 30  -0.967  -0.829   1.201   1.751
 91 213 00 53 30  -0.994  -0.768   1.223   1.753
 91 213 00 54 30  -0.903  -0.755   1.277   1.739
 91 213 00 55 30  -0.912  -0.796   1.252   1.742
 91 213 00 56 30  -0.929  -0.726   1.295   1.754
 91 213 00 57 30  -0.952  -0.714   1.288   1.755
 91 213 00 58 30  -0.889  -0.682   1.339   1.747
 91 213 00 59 30  -0.894  -0.731   1.332   1.763
 91 213 01 00 30  -0.889  -0.708   1.342   1.760
 91 213 01 01 30  -0.873  -0.769   1.334   1.772
 91 213 01 02 30  -0.860  -0.776   1.343   1.774
 91 213 01 03 30  -0.865  -0.757   1.358   1.779
 91 213 01 04 30  -0.905  -0.704   1.357   1.777
 91 213 01 05 30  -0.625  -0.992   1.288   1.754
 91 213 01 06 30  -0.661  -0.982   1.287   1.750
 91 213 01 07 30  -0.640  -1.026   1.273   1.757
 91 213 01 08 30  -0.654  -1.092   1.217   1.763
 91 213 01 09 30  -0.622  -1.049   1.267   1.759
 91 213 01 10 30  -0.629  -1.109   1.208   1.757
 91 213 01 11 30  -0.652  -1.081   1.232   1.766
 91 213 01 12 30  -0.524  -1.178   1.197   1.763
 91 213 01 13 30  -0.670  -0.934   1.331   1.763
 91 213 01 14 30  -0.727  -0.862   1.351   1.760
 91 213 01 15 30  -0.690  -0.879   1.385   1.780
 91 213 01 16 30  -0.732  -0.839   1.392   1.783
 91 213 01 17 30  -0.732  -0.843   1.385   1.781
 91 213 01 18 30  -0.788  -0.752   1.401   1.775
 91 213 01 19 30  -0.779  -0.703   1.424   1.769
 91 213 01 20 30  -0.681  -0.783   1.436   1.774
 91 213 01 21 30  -0.604  -0.824   1.438   1.764
 91 213 01 22 30  -0.646  -0.767   1.405   1.726
 91 213 01 23 30  -0.656  -0.697   1.374   1.676
 91 213 01 24 30  -0.598  -0.752   1.309   1.626
 91 213 01 25 30  -0.745  -0.633   1.292   1.622
 91 213 01 26 30  -0.796  -0.633   1.250   1.612
 91 213 01 27 30  -0.770  -0.725   1.201   1.603
 91 213 01 28 30  -0.605  -0.750   1.274   1.599
 91 213 01 29 30  -0.697  -0.588   1.275   1.572
 91 213 01 30 30  -0.894  -0.592   1.191   1.605
 91 213 01 31 30  -0.794  -0.659   1.231   1.608
 91 213 01 32 30  -0.754  -0.666   1.310   1.653
 91 213 01 33 30  -0.808  -0.796   1.223   1.670
 91 213 01 34 30  -0.800  -0.773   1.212   1.646
 91 213 01 35 30  -0.765  -0.765   1.244   1.649
 91 213 01 36 30  -0.698  -0.867   1.270   1.691
 91 213 01 37 30  -0.723  -0.823   1.282   1.688
 91 213 01 38 30  -0.796  -0.881   1.293   1.756
 91 213 01 39 30  -0.759  -0.885   1.288   1.738
 91 213 01 40 30  -0.728  -0.925   1.308   1.760
 91 213 01 41 30  -0.693  -0.934   1.351   1.783
 91 213 01 42 30  -0.688  -0.948   1.362   1.797
 91 213 01 43 30  -0.675  -0.955   1.354   1.790
 91 213 01 44 30  -0.713  -1.028   1.281   1.792
 91 213 01 45 30  -0.673  -1.113   1.268   1.817
 91 213 01 46 30  -0.671  -1.092   1.256   1.795
 91 213 01 47 30  -0.663  -1.111   1.186   1.756
 91 213 01 48 30  -0.723  -1.018   1.164   1.708
 91 213 01 49 30  -0.695  -1.035   1.130   1.684
 91 213 01 50 30  -0.738  -1.110   0.955   1.640
 91 213 01 51 30  -0.464  -0.926   1.203   1.604
 91 213 01 52 30  -0.306  -0.892   1.311   1.616
 91 213 01 53 30  -0.361  -0.893   1.334   1.648
 91 213 01 54 30  -0.371  -1.065   1.228   1.668
 91 213 01 55 30  -0.511  -1.036   1.216   1.679
 91 213 01 56 30  -0.522  -1.042   1.237   1.700
 91 213 01 57 30  -0.517  -1.042   1.258   1.714
 91 213 01 58 30  -0.518  -1.019   1.254   1.697
 91 213 01 59 30  -0.597  -1.002   1.196   1.672
 91 213 02 00 30  -0.549  -1.057   1.150   1.657
 91 213 02 01 30  -0.611  -1.069   1.120   1.664
 91 213 02 02 30  -0.655  -1.043   1.106   1.656
 91 213 02 03 30  -0.485  -1.063   1.147   1.638
 91 213 02 04 30  -0.524  -1.049   1.162   1.652
 91 213 02 05 30  -0.530  -1.075   1.167   1.674
 91 213 02 06 30  -0.626  -1.104   1.153   1.715
 91 213 02 07 30  -0.731  -1.109   1.136   1.748
 91 213 02 08 30  -0.660  -1.165   1.143   1.761
 91 213 02 13 30  -0.581  -1.347   1.053   1.807
 91 213 02 14 30  -0.558  -1.286   1.057   1.757
 91 213 02 15 30  -0.562  -1.009   1.305   1.748
 91 213 02 16 30  -0.565  -1.122   1.219   1.751
 91 213 02 17 30  -0.437  -1.141   1.243   1.747
 91 213 02 18 30  -0.449  -1.192   1.204   1.755
 91 213 02 19 30  -0.591  -1.171   1.143   1.742
 91 213 02 20 30  -0.643  -1.062   1.225   1.746
 91 213 02 21 30  -0.579  -1.052   1.251   1.734
 91 213 02 22 30  -0.586  -1.047   1.190   1.691
 91 213 02 23 30  -0.600  -0.839   1.237   1.620
 91 213 02 24 30  -0.650  -0.507   1.342   1.577
 91 213 02 25 30  -0.628  -0.396   1.325   1.520
 91 213 02 26 30  -0.626  -0.447   1.358   1.563
 91 213 02 27 30  -0.656  -0.535   1.335   1.581
 91 213 02 28 30  -0.636  -0.729   1.264   1.602
 91 213 02 29 30  -0.643  -0.995   1.032   1.572
 91 213 02 30 30  -0.575  -0.959   1.072   1.551
 91 213 02 31 30  -0.695  -0.917   1.006   1.530
 91 213 02 32 30  -0.692  -0.803   1.071   1.514
 91 213 02 33 30  -0.754  -0.600   1.161   1.554
 91 213 02 34 30  -0.397  -1.259   0.783   1.540
 91 213 02 35 30  -0.456  -1.159   0.861   1.520
 91 213 02 36 30  -0.515  -1.180   0.759   1.506
 91 213 02 37 30  -0.533  -1.120   0.839   1.519
 91 213 02 38 30  -0.764  -1.160   0.598   1.535
 91 213 02 39 30  -0.750  -1.260   0.426   1.533
 91 213 02 40 30  -0.657  -1.206   0.777   1.581
 91 213 02 41 30  -0.742  -1.191   0.700   1.573
 91 213 02 42 30  -0.748  -1.063   0.909   1.592
 91 213 02 43 30  -0.937  -1.039   0.853   1.641
 91 213 02 44 30  -1.013  -0.727   1.077   1.654
 91 213 02 45 30  -0.969  -0.491   1.265   1.670
 91 213 02 46 30  -0.891  -0.612   1.326   1.719
 91 213 02 47 30  -0.807  -0.815   1.281   1.720
 91 213 02 48 30  -0.819  -0.832   1.288   1.738
 91 213 02 49 30  -0.826  -0.918   1.247   1.756
 91 213 02 50 30  -0.777  -0.945   1.212   1.728
 91 213 02 51 30  -0.577  -1.114   1.106   1.676
 91 213 02 52 30  -0.771  -0.950   1.153   1.684
 91 213 02 53 30  -0.764  -0.988   1.186   1.723
 91 213 02 54 30  -0.773  -0.983   1.213   1.742
 91 213 02 55 30  -0.700  -1.085   1.163   1.741
 91 213 02 56 30  -0.713  -1.002   1.223   1.742
 91 213 02 57 30  -0.802  -0.941   1.255   1.765
 91 213 02 58 30  -0.786  -0.908   1.144   1.665
 91 213 02 59 30  -0.574  -0.990   1.173   1.648
 91 213 03 00 30  -0.618  -1.177   1.010   1.676
 91 213 03 01 30  -0.717  -1.042   1.077   1.668
 91 213 03 02 30  -0.787  -1.092   0.932   1.638
 91 213 03 03 30  -0.717  -1.179   0.876   1.635
 91 213 03 04 30  -0.673  -1.206   0.896   1.647
 91 213 03 05 30  -0.708  -1.161   0.893   1.629
 91 213 03 06 30  -0.768  -1.127   0.914   1.645
 91 213 03 07 30  -0.778  -1.158   0.833   1.626
 91 213 03 08 30  -0.625  -1.176   0.898   1.607
 91 213 03 09 30  -0.605  -1.176   0.896   1.599
 91 213 03 10 30  -0.590  -1.210   0.829   1.585
 91 213 03 11 30  -0.580  -1.235   0.928   1.655
 91 213 03 12 30  -0.568  -1.249   0.922   1.656
 91 213 03 13 30  -0.639  -1.253   0.883   1.662
 91 213 03 14 30  -0.678  -1.290   0.843   1.688
 91 213 03 15 30  -0.725  -1.227   0.789   1.639
 91 213 03 16 30  -0.588  -1.134   1.010   1.633
 91 213 03 17 30  -0.630  -1.080   1.094   1.668
 91 213 03 18 30  -0.560  -1.347   0.978   1.759
 91 213 03 19 30  -0.579  -1.442   0.915   1.805
 91 213 03 20 30  -0.628  -1.511   0.440   1.696
 91 213 03 21 30  -0.525  -1.490   0.505   1.662
 91 213 03 22 30  -0.503  -1.345   0.703   1.602
 91 213 03 23 30  -0.450  -1.208   0.814   1.527
 91 213 03 24 30  -0.705  -1.162   0.744   1.560
 91 213 03 25 30  -0.746  -1.311   0.780   1.701
 91 213 03 26 30  -0.755  -1.342   0.684   1.690
 91 213 03 27 30  -0.749  -1.297   0.718   1.667
 91 213 03 28 30  -0.570  -1.327   0.783   1.646
 91 213 03 29 30  -0.707  -1.306   0.806   1.700
 91 213 03 30 30  -0.560  -1.302   0.852   1.660
 91 213 03 31 30  -0.531  -1.165   0.998   1.628
 91 213 03 32 30  -0.451  -1.152   1.154   1.694
 91 213 03 33 30  -0.857  -2.222   1.931   3.097
 91 213 03 34 30  -1.058  -4.430   3.119   5.548
 91 213 03 35 30  -1.107  -6.222   1.724   6.650
 91 213 03 36 30  -1.354  -6.103   2.133   6.632
 91 213 03 37 30  -1.204  -4.245   3.291   5.607
 91 213 03 38 30  -0.999  -0.734   4.236   4.833
 91 213 03 39 30  -1.433  -2.694   3.366   4.573
 91 213 03 40 30  -1.196  -2.474   3.571   4.517
 91 213 03 41 30  -1.303  -3.062   3.584   4.904
 91 213 03 42 30  -0.643  -4.271   1.682   4.908
 91 213 03 43 30   0.188  -4.643   0.200   4.705
 91 213 03 44 30  -0.942  -4.130   2.246   4.845
 91 213 03 45 30  -0.572  -4.444   1.088   4.671
 91 213 03 46 30  -0.448  -4.583   0.850   4.707
 91 213 03 47 30  -0.281  -4.796   0.778   4.911
 91 213 03 48 30  -0.311  -4.524   1.401   4.766
 91 213 03 49 30   0.404  -4.560   0.999   4.699
 91 213 03 50 30   0.880  -4.462   1.099   4.699
 91 213 03 51 30   1.445  -3.932   1.710   4.540
 91 213 03 52 30   0.587  -3.957   1.945   4.561
 91 213 03 53 30  -0.332  -4.594   1.762   4.948
 91 213 03 54 30   0.029  -4.560   1.916   4.957
 91 213 03 55 30  -0.856  -4.394   1.989   4.910
 91 213 03 56 30  -1.158  -4.400   2.126   5.052
 91 213 03 57 30  -1.164  -4.705   2.512   5.489
 91 213 03 58 30  -1.034  -4.724   2.711   5.573
 91 213 03 59 30  -1.123  -4.757   1.905   5.313
 91 213 04 00 30  -0.511  -3.620   2.806   4.686
 91 213 04 01 30  -0.652  -4.247   2.684   5.111
 91 213 04 02 30  -0.718  -4.308   2.797   5.223
 91 213 04 03 30  -0.750  -4.804   2.489   5.544
 91 213 04 04 30  -0.770  -5.444   1.851   5.804
 91 213 04 05 30  -0.705  -5.187   1.688   5.509
 91 213 04 06 30  -0.881  -5.454   1.827   5.827
 91 213 04 07 30  -0.942  -5.194   1.918   5.620
 91 213 04 08 30  -0.927  -5.106   1.941   5.557
 91 213 04 09 30  -0.445  -4.747   1.112   4.923
 91 213 04 10 30  -0.493  -4.706   1.506   4.975
 91 213 04 11 30  -0.610  -4.541   1.828   4.954
 91 213 04 12 30  -0.337  -4.372   1.201   4.550
 91 213 04 13 30  -0.806  -4.152   1.762   4.617
 91 213 04 14 30  -1.482  -3.501   2.903   4.797
 91 213 04 15 30  -1.609  -3.542   3.098   4.982
 91 213 04 16 30  -0.830  -4.244   2.210   4.889
 91 213 04 17 30  -0.747  -4.444   1.853   4.889
 91 213 04 18 30  -0.963  -2.961   3.020   4.661
 91 213 04 19 30  -1.237   0.088   4.319   4.595
 91 213 04 20 30  -1.144   1.466   4.340   4.736
 91 213 04 21 30  -1.773   0.088   5.024   5.386
 91 213 04 22 30  -1.758  -0.033   5.106   5.413
 91 213 04 23 30  -1.616   0.350   5.059   5.334
 91 213 04 24 30  -1.497   0.974   4.857   5.193
 91 213 04 25 30  -1.654   1.071   5.071   5.442
 91 213 04 26 30  -1.571   1.208   5.297   5.657
 91 213 04 27 30  -1.643   1.120   5.225   5.592
 91 213 04 28 30  -1.616   1.229   5.310   5.688
 91 213 04 29 30  -1.574   1.528   5.398   5.832
 91 213 04 30 30  -1.610   1.693   5.395   5.883
 91 213 04 31 30  -1.706   1.762   5.355   5.891
 91 213 04 32 30  -1.696   1.841   5.371   5.927
 91 213 04 33 30  -1.556   2.134   5.335   5.964
 91 213 04 34 30  -1.540   1.770   5.439   5.926
 91 213 04 35 30  -1.320   1.616   5.389   5.784
 91 213 04 36 30  -1.295   1.602   5.175   5.574
 91 213 04 37 30  -1.271   1.789   5.276   5.723
 91 213 04 38 30  -0.978   1.644   5.298   5.634
 91 213 04 46 30  -1.009   0.754   5.338   5.486
 91 213 04 47 30  -0.963   1.181   4.946   5.224
 91 213 04 48 30  -0.831   1.950   4.309   4.808
 91 213 04 49 30  -0.897   1.478   4.518   4.846
 91 213 04 50 30  -0.940   0.796   4.825   4.989
 91 213 04 51 30  -0.895   0.882   4.489   4.674
 91 213 04 52 30  -0.259   2.420   3.905   4.623
 91 213 04 53 30  -0.187   3.166   3.793   4.949
 91 213 04 54 30  -0.076   3.290   3.306   4.681
 91 213 04 55 30   0.423   3.126   3.135   4.558
 91 213 04 56 30   0.999   4.228   0.591   4.474
 91 213 04 57 30   0.653   3.418   0.337   4.119
 91 213 04 58 30  -0.716   1.774   3.388   3.923
 91 213 04 59 30  -0.590   1.734   3.061   3.658
 91 213 05 00 30  -0.915   0.583   3.080   3.275
 91 213 05 01 30  -1.035   0.219   3.275   3.445
 91 213 05 02 30  -1.065   0.312   3.538   3.715
 91 213 05 03 30  -1.080   0.075   3.807   3.962
 91 213 05 04 30  -1.304  -0.384   3.768   4.010
 91 213 05 05 30  -1.240  -0.831   3.691   3.988
 91 213 05 06 30  -0.986  -1.385   3.299   3.739
 91 213 05 07 30  -0.523  -1.933   2.622   3.305
 91 213 05 08 30  -0.646  -1.874   2.574   3.278
 91 213 05 09 30  -0.769  -2.005   2.411   3.241
 91 213 05 10 30  -0.733  -1.633   2.777   3.316
 91 213 05 11 30  -0.479  -1.823   1.924   2.697
 91 213 05 12 30  -0.841  -2.174   2.026   3.105
 91 213 05 13 30  -0.754  -2.032   1.754   2.798
 91 213 05 14 30  -0.743  -2.617   1.617   3.175
 91 213 05 15 30  -0.892  -3.778   1.385   4.135
 91 213 05 16 30  -0.587  -2.582   1.240   2.937
 91 213 05 17 30  -0.388  -2.663   0.929   2.923
 91 213 05 18 30  -0.271  -3.615   0.677   3.706
 91 213 05 19 30  -0.120  -4.245  -0.161   4.254
 91 213 05 20 30  -0.783  -4.286   0.160   4.375
 91 213 05 21 30  -0.850  -4.883  -0.064   4.960
 91 213 05 22 30  -0.684  -4.432  -0.213   4.491
 91 213 05 23 30  -0.663  -4.484  -0.377   4.549
 91 213 05 24 30  -0.778  -4.289  -0.669   4.414
 91 213 05 25 30  -0.742  -4.109  -0.816   4.260
 91 213 05 26 30  -0.328  -5.360  -0.488   5.397
 91 213 05 27 30  -0.507  -6.080  -0.754   6.151
 91 213 05 28 30  -0.542  -5.924  -0.505   5.974
 91 213 05 29 30  -0.327  -4.991  -0.052   5.006
 91 213 05 30 30  -0.209  -4.048  -0.502   4.087
 91 213 05 31 30  -0.289  -3.652  -0.460   3.695
 91 213 05 32 30  -0.368  -3.926  -0.468   3.980
 91 213 05 33 30  -0.645  -4.456  -0.464   4.529
 91 213 05 34 30  -0.354  -4.725  -0.934   4.845
 91 213 05 35 30  -0.456  -5.091  -0.768   5.174
 91 213 05 36 30  -0.182  -5.450  -1.462   5.648
 91 213 05 37 30  -0.026  -5.932  -1.874   6.224
 91 213 05 38 30  -0.436  -4.462  -1.100   4.685
 91 213 05 39 30   1.062  -4.489  -3.904   6.238
 91 213 05 40 30   1.034  -4.369  -4.300   6.237
 91 213 05 41 30   1.082  -4.496  -4.185   6.244
 91 213 05 42 30   0.793  -4.582  -4.082   6.202
 91 213 05 43 30   0.961  -4.699  -4.105   6.326
 91 213 05 44 30   1.020  -4.737  -4.287   6.472
 91 213 05 45 30   0.867  -4.838  -4.217   6.485
 91 213 05 46 30   0.928  -4.721  -4.360   6.501
 91 213 05 47 30   0.836  -4.744  -4.448   6.559
 91 213 05 48 30   0.955  -4.805  -4.439   6.613
 91 213 05 49 30   0.679  -4.808  -4.371   6.539
 91 213 05 50 30   0.894  -5.148  -4.085   6.636
 91 213 05 51 30   0.888  -5.309  -3.997   6.706
 91 213 05 52 30   0.850  -5.245  -4.022   6.666
 91 213 05 53 30   0.729  -5.371  -3.618   6.523
 91 213 05 54 30   0.512  -5.630  -3.440   6.624
 91 213 05 55 30   0.390  -5.246  -3.456   6.402
 91 213 05 56 30   0.775  -3.674  -4.671   6.000
 91 213 05 57 30  -0.026  -6.589  -1.458   6.915
 91 213 05 58 30  -0.036  -7.695  -0.183   7.708
 91 213 05 59 30   0.120  -7.580   0.345   7.613
 91 213 06 00 30   0.423  -7.084   0.912   7.184
 91 213 06 01 30   0.181  -7.157   0.535   7.192
 91 213 06 02 30  -0.374  -7.062   1.531   7.245
 91 213 06 03 30  -0.629  -7.171   1.708   7.411
 91 213 06 04 30  -0.455  -7.430   1.843   7.670
 91 213 06 05 30  -1.420  -6.195   3.422   7.716
 91 213 06 06 30  -2.394  -4.961   5.749   8.025
 91 213 06 07 30  -2.521  -4.925   5.753   8.026
 91 213 06 08 30  -2.705  -5.191   5.482   8.023
 91 213 06 09 30  -2.754  -4.681   5.809   7.960
 91 213 06 10 30  -3.256  -5.229   5.098   8.046
 91 213 06 11 30  -3.412  -5.098   5.139   8.046
 91 213 06 12 30  -3.145  -5.367   5.014   8.003
 91 213 06 13 30  -3.309  -5.295   4.918   7.956
 91 213 06 14 30  -3.173  -5.056   5.101   7.859
 91 213 06 15 30  -2.879  -5.493   4.707   7.815
 91 213 06 16 30  -2.682  -5.360   4.668   7.714
 91 213 06 17 30  -2.772  -4.777   5.343   7.707
 91 213 06 18 30  -2.877  -4.395   5.800   7.828
 91 213 06 19 30  -2.846  -3.993   6.259   7.961
 91 213 06 20 30  -2.673  -3.457   6.539   7.882
 91 213 06 21 30  -2.278  -3.285   6.685   7.793
 91 213 06 22 30  -2.539  -1.967   6.983   7.719
 91 213 06 23 30  -2.784  -1.612   6.968   7.677
 91 213 06 24 30  -2.742  -1.696   6.953   7.669
 91 213 06 25 30  -2.535  -1.821   7.036   7.699
 91 213 06 26 30  -2.500  -1.514   7.107   7.691
 91 213 06 27 30  -2.954  -0.183   7.193   7.796
 91 213 06 28 30  -2.421  -1.056   7.426   7.898
 91 213 06 29 30  -2.308  -1.137   7.473   7.905
 91 213 06 30 30  -2.319  -1.241   7.434   7.886
 91 213 06 31 30  -2.301  -1.391   7.372   7.848
 91 213 06 32 30  -2.168  -1.533   7.377   7.841
 91 213 06 33 30  -2.156  -1.689   7.289   7.787
 91 213 06 34 30  -1.963  -1.829   7.282   7.762
 91 213 06 35 30  -1.798  -2.037   7.254   7.747
 91 213 06 36 30  -1.846  -2.018   7.243   7.743
 91 213 06 37 30  -1.779  -2.203   7.190   7.728
 91 213 06 38 30  -1.891  -2.219   7.136   7.720
 91 213 06 39 30  -1.989  -2.199   7.128   7.725
 91 213 06 40 30  -1.971  -2.121   7.060   7.632
 91 213 06 41 30  -1.928  -2.473   6.864   7.549
 91 213 06 42 30  -2.019  -2.889   6.731   7.602
 91 213 06 43 30  -1.925  -2.774   6.963   7.750
 91 213 06 44 30  -1.833  -2.616   7.096   7.783
 91 213 06 45 30  -1.938  -2.745   6.953   7.726
 91 213 06 46 30  -1.926  -3.517   6.524   7.693
 91 213 06 47 30  -1.741  -4.554   5.958   7.704
 91 213 06 48 30  -1.969  -4.517   5.949   7.727
 91 213 06 49 30  -2.087  -4.023   6.236   7.712
 91 213 06 50 30  -2.082  -4.266   6.137   7.760
 91 213 06 51 30  -2.031  -4.165   6.245   7.780
 91 213 06 52 30  -2.071  -4.007   6.344   7.799
 91 213 06 53 30  -2.184  -3.293   6.688   7.769
 91 213 06 54 30  -2.126  -3.224   6.802   7.824
 91 213 06 55 30  -2.219  -3.504   6.670   7.857
 91 213 06 56 30  -2.162  -4.244   6.473   8.040
 91 213 06 57 30  -2.178  -4.337   6.343   7.988
 91 213 06 58 30  -2.218  -4.624   6.134   8.005
 91 213 06 59 30  -2.193  -4.846   6.039   8.049
 91 213 07 00 30  -2.269  -4.918   5.961   8.055
 91 213 07 01 30  -2.301  -4.871   6.006   8.068
 91 213 07 02 30  -2.261  -4.874   5.973   8.036
 91 213 07 03 30  -2.078  -5.079   5.774   7.971
 91 213 07 04 30  -1.859  -5.502   5.383   7.919
 91 213 07 05 30  -1.831  -5.591   5.207   7.858
 91 213 07 06 30  -1.858  -5.593   5.179   7.847
 91 213 07 07 30  -1.844  -5.588   5.039   7.750
 91 213 07 08 30  -1.867  -5.547   5.048   7.730
 91 213 07 09 30  -1.897  -5.492   5.171   7.790
 91 213 07 10 30  -1.795  -5.573   5.255   7.869
 91 213 07 11 30  -1.736  -5.894   5.012   7.930
 91 213 07 12 30  -1.813  -6.098   4.827   7.987
 91 213 07 13 30  -1.721  -6.177   4.742   7.985
 91 213 07 14 30  -1.701  -6.463   4.412   8.010
 91 213 07 15 30  -1.669  -6.160   4.876   8.033
 91 213 07 16 30  -1.634  -5.881   5.109   7.970
 91 213 07 17 30  -1.663  -6.765   3.547   7.865
 91 213 07 18 30  -1.568  -7.052   2.975   7.816
 91 213 07 19 30  -1.631  -7.123   2.734   7.806
 91 213 07 20 30  -1.463  -7.236   2.744   7.881
 91 213 07 21 30  -1.987  -6.246   4.104   7.760
 91 213 07 22 30  -1.372  -6.647   3.757   7.781
 91 213 07 23 30  -1.476  -6.773   3.300   7.696
 91 213 07 24 30  -1.426  -6.991   3.291   7.882
 91 213 07 25 30  -1.063  -7.506   2.842   8.099
 91 213 07 26 30  -0.955  -7.582   2.576   8.067
 91 213 07 27 30  -0.814  -7.609   2.430   8.033
 91 213 07 28 30  -0.827  -7.489   2.577   7.967
 91 213 07 29 30  -0.950  -7.615   2.673   8.130
 91 213 07 30 30  -0.872  -7.712   2.435   8.137
 91 213 07 31 30  -0.931  -7.799   2.152   8.149
 91 213 07 32 30  -0.969  -7.862   1.903   8.147
 91 213 07 33 30  -0.927  -7.876   1.774   8.127
 91 213 07 34 30  -0.919  -7.855   1.804   8.116
 91 213 07 35 30  -0.758  -7.991   1.438   8.159
 91 213 07 36 30  -0.746  -7.972   1.537   8.157
 91 213 07 37 30  -0.704  -7.971   1.499   8.148
 91 213 07 38 30  -0.161  -8.110   0.718   8.158
 91 213 07 39 30  -0.515  -8.093   0.531   8.129
 91 213 07 40 30  -0.425  -8.160   0.262   8.176
 91 213 07 41 30  -0.419  -8.166   0.298   8.183
 91 213 07 42 30  -0.325  -8.173   0.249   8.184
 91 213 07 43 30  -0.412  -8.173   0.156   8.188
 91 213 07 44 30  -0.549  -8.155   0.223   8.182
 91 213 07 45 30  -0.524  -8.152   0.245   8.175
 91 213 07 46 30  -0.752  -8.159   0.345   8.206
 91 213 07 47 30  -0.717  -8.175   0.423   8.219
 91 213 07 48 30  -0.601  -8.197   0.347   8.229
 91 213 07 49 30   0.021  -8.085  -0.752   8.122
 91 213 07 50 30  -0.104  -8.053  -0.454   8.067
 91 213 07 51 30  -0.261  -8.113  -0.040   8.120
 91 213 07 52 30  -0.320  -8.113   0.052   8.121
 91 213 07 53 30  -0.492  -8.112   0.076   8.134
 91 213 07 54 30  -0.296  -8.148  -0.305   8.160
 91 213 07 55 30  -0.306  -8.152  -0.318   8.167
 91 213 07 56 30  -0.323  -8.148  -0.117   8.159
 91 213 07 57 30  -0.535  -8.111  -0.259   8.136
 91 213 07 58 30  -0.764  -8.085   0.058   8.126
 91 213 07 59 30  -0.310  -7.982  -0.430   8.011
 91 213 08 00 30  -0.203  -7.947  -0.341   7.976
 91 213 08 01 30  -0.219  -7.949  -0.528   8.037
 91 213 08 02 30  -0.111  -7.945  -1.095   8.040
 91 213 08 03 30  -0.410  -8.192  -0.625   8.227
 91 213 08 04 30  -0.382  -8.223  -0.726   8.265
 91 213 08 05 30  -0.245  -8.203  -1.048   8.277
 91 213 08 06 30   0.058  -8.241  -2.260   8.550
 91 213 08 07 30  -0.011  -8.345  -2.174   8.627
 91 213 08 08 30  -0.116  -8.393  -2.109   8.656
 91 213 08 09 30  -0.009  -8.358  -2.204   8.647
 91 213 08 10 30   0.060  -8.301  -2.420   8.649
 91 213 08 11 30   0.272  -8.270  -2.529   8.654
 91 213 08 12 30   0.238  -8.253  -2.535   8.637
 91 213 08 13 30   0.086  -8.251  -2.574   8.644
 91 213 08 14 30   0.064  -8.226  -2.582   8.624
 91 213 08 15 30   0.114  -8.230  -2.328   8.555
 91 213 08 16 30   0.185  -8.242  -2.201   8.539
 91 213 08 17 30   0.080  -8.046  -2.436   8.410
 91 213 08 18 30   0.294  -7.969  -2.184   8.279
 91 213 08 19 30   0.150  -7.769  -2.599   8.196
 91 213 08 20 30  -0.038  -7.487  -1.762   7.704
 91 213 08 21 30  -0.050  -7.457  -1.579   7.639
 91 213 08 22 30   0.276  -7.164  -3.087   7.811
 91 213 08 23 30   0.626  -6.728  -3.790   7.766
 91 213 08 24 30   0.193  -6.734  -3.836   7.756
 91 213 08 25 30   0.222  -6.489  -4.198   7.736
 91 213 08 26 30   0.686  -5.996  -4.926   7.817
 91 213 08 27 30   0.605  -5.457  -5.525   7.796
 91 213 08 28 30   0.862  -5.615  -5.295   7.778
 91 213 08 29 30   0.458  -5.382  -5.442   7.680
 91 213 08 30 30   0.403  -5.434  -4.750   7.245
 91 213 08 31 30   1.236  -4.690  -4.764   6.843
 91 213 08 32 30   1.469  -4.166  -5.033   6.708
 91 213 08 33 30   1.903  -3.820  -5.230   6.786
 91 213 08 34 30  -0.694  -5.378  -3.851   6.695
 91 213 08 35 30   1.422  -4.287  -4.988   6.771
 91 213 08 36 30   1.551  -4.575  -4.661   6.720
 91 213 08 37 30   0.828  -5.159  -3.951   6.575
 91 213 08 38 30   0.433  -5.132  -3.687   6.350
 91 213 08 39 30   0.321  -5.075  -3.314   6.091
 91 213 08 40 30   0.314  -4.346  -4.215   6.095
 91 213 08 41 30   0.401  -4.661  -3.612   5.989
 91 213 08 42 30  -0.077  -2.751  -4.974   5.950
 91 213 08 43 30   0.154  -4.388  -3.894   6.006
 91 213 08 44 30   0.816  -4.486  -3.790   5.953
 91 213 08 45 30  -0.018  -3.943  -4.347   5.934
 91 213 08 46 30   0.055  -4.364  -4.043   5.974
 91 213 08 47 30  -0.109  -3.656  -4.777   6.031
 91 213 08 48 30  -0.206  -3.136  -5.230   6.117
 91 213 08 49 30  -0.237  -2.310  -5.513   6.005
 91 213 08 50 30   0.220  -2.172  -5.526   5.967
 91 213 08 51 30   0.193  -2.987  -4.926   5.860
 91 213 08 52 30   0.552  -3.627  -4.313   5.673
 91 213 08 53 30   1.348  -2.974  -4.093   5.815
 91 213 08 54 30   2.207   2.970  -5.566   6.692
 91 213 08 55 30   1.934   2.511  -6.094   6.877
 91 213 08 56 30   1.645   2.090  -6.265   6.823
 91 213 08 57 30   1.710   2.080  -6.147   6.724
 91 213 08 58 30   1.653   2.387  -6.121   6.779
 91 213 08 59 30   2.479   1.225  -6.054   6.750
 91 213 09 00 30   3.267   1.129  -5.578   6.637
 91 213 09 01 30   2.412   1.562  -6.658   7.360
 91 213 09 02 30   2.665   1.840  -6.858   7.588
 91 213 09 03 30   2.922   1.978  -6.779   7.650
 91 213 09 04 30   3.030   2.228  -6.722   7.712
 91 213 09 05 30   2.867   1.984  -6.950   7.781
 91 213 09 06 30   2.965   0.780  -7.135   7.774
 91 213 09 07 30   2.981   0.808  -7.115   7.776
 91 213 09 08 30   3.078   1.286  -6.969   7.732
 91 213 09 09 30   3.205   0.523  -7.019   7.774
 91 213 09 10 30   3.189  -0.033  -7.151   7.833
 91 213 09 11 30   3.138   0.190  -7.136   7.799
 91 213 09 12 30   3.209   0.164  -7.117   7.809
 91 213 09 13 30   3.201   0.249  -7.152   7.841
 91 213 09 14 30   3.225   0.343  -7.280   7.971
 91 213 09 15 30   2.930   0.744  -7.366   7.963
 91 213 09 16 30   3.030   0.613  -7.322   7.951
 91 213 09 17 30   2.956   0.816  -7.438   8.051
 91 213 09 18 30   3.381  -0.251  -7.461   8.204
 91 213 09 19 30   3.436  -0.738  -7.294   8.130
 91 213 09 20 30   3.168   0.406  -7.399   8.060
 91 213 09 21 30   3.330  -0.175  -7.265   8.018
 91 213 09 22 30   3.351  -0.098  -7.338   8.068
 91 213 09 23 30   3.468  -0.332  -7.268   8.062
 91 213 09 24 30   3.576  -0.247  -7.149   8.011
 91 213 09 25 30   3.488   0.037  -7.208   8.010
 91 213 09 26 30   3.369  -0.350  -7.259   8.019
 91 213 09 27 30   3.341  -0.343  -7.281   8.023
 91 213 09 28 30   3.496  -0.310  -7.256   8.069
 91 213 09 29 30   3.188  -0.005  -7.382   8.042
 91 213 09 30 30   3.158   0.005  -7.436   8.080
 91 213 09 31 30   3.253   0.061  -7.435   8.116
 91 213 09 32 30   3.170  -0.065  -7.489   8.133
 91 213 09 33 30   3.155   0.036  -7.532   8.167
 91 213 09 34 30   3.646  -0.174  -7.518   8.361
 91 213 09 35 30   3.884  -0.301  -7.339   8.309
 91 213 09 36 30   3.798  -0.074  -7.323   8.250
 91 213 09 40 30   3.595   0.004  -7.451   8.276
 91 213 09 41 30   3.467  -0.126  -7.573   8.331
 91 213 09 42 30   3.711   0.001  -7.414   8.291
 91 213 09 43 30   3.778  -0.006  -7.408   8.316
 91 213 09 44 30   3.790  -0.111  -7.398   8.315
 91 213 09 45 30   2.989  -1.095  -7.460   8.124
 91 213 09 46 30   2.838  -1.261  -7.484   8.104
 91 213 09 47 30   3.028  -1.151  -7.421   8.098
 91 213 09 48 30   3.022  -1.055  -7.435   8.095
 91 213 09 49 30   2.924  -0.952  -7.510   8.116
 91 213 09 50 30   2.963  -0.852  -7.476   8.087
 91 213 09 51 30   2.970  -0.767  -7.531   8.133
 91 213 09 52 30   2.806  -0.913  -7.606   8.160
 91 213 09 53 30   3.247  -1.272  -7.416   8.203
 91 213 09 54 30   3.419  -1.068  -7.368   8.193
 91 213 09 55 30   3.306  -0.951  -7.321   8.090
 91 213 09 56 30   3.206  -1.108  -7.270   8.023
 91 213 09 57 30   3.117  -0.999  -7.195   7.905
 91 213 09 58 30   3.209  -0.921  -7.178   7.916
 91 213 09 59 30   3.217  -0.863  -7.191   7.925
 91 213 10 00 30   3.245  -0.768  -7.186   7.922
 91 213 10 01 30   3.200  -0.848  -7.165   7.893
 91 213 10 02 30   3.148  -0.877  -7.180   7.890
 91 213 10 03 30   3.149  -0.801  -7.178   7.879
 91 213 10 04 30   3.098  -0.761  -7.203   7.878
 91 213 10 05 30   3.081  -0.758  -7.205   7.873
 91 213 10 06 30   3.142  -0.803  -7.166   7.866
 91 213 10 07 30   3.132  -0.784  -7.174   7.867
 91 213 10 08 30   3.187  -0.817  -7.153   7.873
 91 213 10 09 30   3.079  -0.770  -7.177   7.848
 91 213 10 10 30   3.069  -0.747  -7.173   7.838
 91 213 10 11 30   2.993  -0.773  -7.173   7.811
 91 213 10 12 30   3.081  -0.718  -7.110   7.782
 91 213 10 13 30   3.023  -0.809  -7.120   7.777
 91 213 10 14 30   3.187  -0.628  -7.127   7.835
 91 213 10 15 30   3.160  -0.757  -7.121   7.829
 91 213 10 16 30   2.950  -0.779  -7.265   7.881
 91 213 10 17 30   2.834  -0.800  -7.367   7.934
 91 213 10 18 30   2.733  -0.782  -7.393   7.921
 91 213 10 19 30   2.692  -0.727  -7.370   7.881
 91 213 10 20 30   2.505  -0.271  -7.396   7.821
 91 213 10 21 30   3.049  -0.731  -7.105   7.768
 91 213 10 22 30   3.056  -0.826  -7.033   7.714
 91 213 10 23 30   2.968  -0.625  -7.069   7.698
 91 213 10 24 30   2.882   0.375  -7.093   7.669
 91 213 10 25 30   2.897   1.025  -7.020   7.666
 91 213 10 26 30   2.837   0.615  -7.023   7.600
 91 213 10 27 30   2.910   0.681  -7.011   7.623
 91 213 10 28 30   2.913   0.968  -7.043   7.683
 91 213 10 29 30   2.926   0.852  -7.086   7.715
 91 213 10 30 30   2.984   0.624  -7.044   7.679
 91 213 10 31 30   3.143   0.232  -7.190   7.851
 91 213 10 32 30   3.159   0.054  -7.126   7.796
 91 213 10 33 30   3.231  -0.207  -7.082   7.788
 91 213 10 34 30   3.176  -0.418  -7.047   7.741
 91 213 10 35 30   3.144  -0.446  -7.001   7.688
 91 213 10 36 30   3.095  -0.515  -6.975   7.650
 91 213 10 37 30   3.245  -1.453  -6.985   7.848
 91 213 10 38 30   3.360  -1.765  -6.967   7.938
 91 213 10 39 30   3.189  -0.802  -7.184   7.904
 91 213 10 40 30   2.629   0.807  -7.230   7.860
 91 213 10 41 30   2.221   2.303  -7.267   7.941
 91 213 10 42 30   2.273   2.236  -7.243   7.918
 91 213 10 43 30   2.859   1.934  -7.198   7.984
 91 213 10 44 30   3.055   1.995  -7.186   8.062
 91 213 10 45 30   2.861   2.420  -7.195   8.115
 91 213 10 46 30   2.950   2.649  -7.153   8.179
 91 213 10 47 30   2.973   2.634  -7.152   8.183
 91 213 10 48 30   2.949   2.714  -7.110   8.166
 91 213 10 49 30   2.785   2.527  -7.193   8.125
 91 213 10 50 30   2.778   2.737  -7.283   8.266
 91 213 10 51 30   3.043   3.037  -7.224   8.407
 91 213 10 52 30   2.895   3.223  -7.261   8.456
 91 213 10 53 30   2.880   3.278  -7.258   8.471
 91 213 10 54 30   3.021   3.429  -7.209   8.537
 91 213 10 55 30   3.030   3.522  -7.081   8.471
 91 213 10 56 30   3.041   3.428  -7.007   8.383
 91 213 10 57 30   2.891   2.541  -7.287   8.267
 91 213 10 58 30   2.868   3.267  -7.194   8.407
 91 213 10 59 30   2.856   3.364  -7.115   8.377
 91 213 11 00 30   2.515   4.249  -6.799   8.410
 91 213 11 01 30   2.580   4.763  -6.642   8.572
 91 213 11 02 30   2.625   5.130  -6.832   8.938
 91 213 11 03 30   2.653   5.108  -6.851   8.948
 91 213 11 04 30   2.609   5.081  -6.908   8.963
 91 213 11 05 30   2.551   5.103  -6.911   8.962
 91 213 11 06 30   2.552   5.128  -6.896   8.965
 91 213 11 07 30   2.570   5.212  -6.840   8.977
 91 213 11 08 30   2.567   5.355  -6.740   8.986
 91 213 11 09 30   2.649   4.653  -7.184   8.963
 91 213 11 10 30   2.610   4.693  -7.093   8.900
 91 213 11 11 30   2.596   4.680  -7.114   8.902
 91 213 11 12 30   2.673   4.548  -7.176   8.907
 91 213 11 13 30   2.683   4.443  -7.250   8.916
 91 213 11 14 30   2.703   4.166  -7.406   8.918
 91 213 11 15 30   2.730   4.125  -7.412   8.911
 91 213 11 16 30   2.698   3.979  -7.452   8.869
 91 213 11 17 30   2.614   3.870  -7.265   8.637
 91 213 11 18 30   2.765   4.071  -7.092   8.646
 91 213 11 19 30   2.728   4.161  -7.032   8.616
 91 213 11 20 30   2.879   4.154  -6.960   8.605
 91 213 11 21 30   3.111   3.725  -7.087   8.594
 91 213 11 22 30   2.784   2.842  -7.655   8.654
 91 213 11 23 30   2.611   1.895  -7.970   8.600
 91 213 11 24 30   2.493   2.169  -7.876   8.542
 91 213 11 25 30   2.086   3.796  -7.137   8.364
 91 213 11 27 30   2.424   3.630  -7.077   8.316
 91 213 11 30 30   2.549   3.171  -7.476   8.513
 91 213 11 31 30   2.569   3.259  -7.437   8.518
 91 213 11 32 30   2.624   3.331  -7.446   8.570
 91 213 11 33 30   2.500   3.326  -7.399   8.490
 91 213 11 34 30   2.618   3.225  -7.428   8.511
 91 213 11 35 30   2.506   3.628  -7.344   8.567
 91 213 11 36 30   2.370   3.355  -7.464   8.521
 91 213 11 37 30   2.456   2.942  -7.558   8.476
 91 213 11 38 30   2.621   2.784  -7.553   8.469
 91 213 11 39 30   2.647   2.448  -7.668   8.476
 91 213 11 40 30   2.497   3.046  -7.636   8.595
 91 213 11 41 30   2.762   2.917  -7.603   8.599
 91 213 11 42 30   2.775   2.929  -7.615   8.618
 91 213 11 43 30   2.787   2.833  -7.570   8.551
 91 213 11 44 30   2.824   2.636  -7.542   8.493
 91 213 11 45 30   2.752   2.399  -7.484   8.331
 91 213 11 46 30   2.872   2.107  -7.502   8.308
 91 213 11 47 30   2.958   1.965  -7.584   8.375
 91 213 11 48 30   2.743   2.053  -7.707   8.435
 91 213 11 49 30   2.745   1.988  -7.703   8.417
 91 213 11 50 30   2.794   1.862  -7.722   8.420
 91 213 11 51 30   2.686   2.125  -7.555   8.297
 91 213 11 52 30   2.853   1.853  -7.610   8.339
 91 213 11 53 30   2.954   1.547  -7.649   8.345
 91 213 11 54 30   2.923   1.616  -7.662   8.359
 91 213 11 55 30   2.910   1.730  -7.668   8.383
 91 213 11 56 30   2.941   1.936  -7.618   8.393
 91 213 11 57 30   3.028   1.885  -7.628   8.421
 91 213 11 58 30   3.060   1.906  -7.605   8.417
 91 213 11 59 30   3.090   1.738  -7.663   8.444
 91 213 12 00 30   3.107   1.622  -7.674   8.437
 91 213 12 01 30   3.116   1.618  -7.658   8.425
 91 213 12 02 30   3.085   1.505  -7.711   8.441
 91 213 12 03 30   3.092   1.609  -7.681   8.435
 91 213 12 04 30   3.052   1.610  -7.707   8.446
 91 213 12 05 30   2.977   1.579  -7.779   8.478
 91 213 12 06 30   2.965   1.477  -7.787   8.462
 91 213 12 07 30   2.922   1.493  -7.811   8.475
 91 213 12 08 30   3.109   1.026  -7.771   8.436
 91 213 12 09 30   3.154   0.768  -7.753   8.405
 91 213 12 10 30   3.192   0.817  -7.696   8.371
 91 213 12 11 30   3.248   0.814  -7.667   8.366
 91 213 12 12 30   3.267   0.948  -7.691   8.410
 91 213 12 13 30   3.269   0.933  -7.718   8.434
 91 213 12 14 30   3.338   0.804  -7.695   8.427
 91 213 12 15 30   3.337   0.767  -7.674   8.404
 91 213 12 16 30   3.177   0.687  -7.748   8.402
 91 213 12 17 30   3.277   0.636  -7.719   8.411
 91 213 12 18 30   3.320   0.572  -7.712   8.416
 91 213 12 19 30   3.312   0.598  -7.732   8.433
 91 213 12 20 30   3.251   0.643  -7.759   8.437
 91 213 12 21 30   3.282   0.914  -7.668   8.393
 91 213 12 22 30   3.376   0.999  -7.562   8.342
 91 213 12 23 30   3.311   0.855  -7.616   8.350
 91 213 12 24 30   3.418   0.723  -7.611   8.376
 91 213 12 25 30   3.402   0.685  -7.574   8.333
 91 213 12 26 30   3.507   0.645  -7.553   8.352
 91 213 12 27 30   3.622   0.620  -7.475   8.329
 91 213 12 28 30   3.630   0.554  -7.456   8.311
 91 213 12 29 30   3.584   0.498  -7.476   8.306
 91 213 12 30 30   3.654   0.545  -7.482   8.346
 91 213 12 31 30   3.621   0.586  -7.537   8.382
 91 213 12 32 30   3.627   0.674  -7.530   8.386
 91 213 12 33 30   3.571   0.825  -7.644   8.481
 91 213 12 34 30   3.678   0.714  -7.590   8.465
 91 213 12 35 30   3.601   0.836  -7.616   8.466
 91 213 12 36 30   3.597   0.830  -7.621   8.468
 91 213 12 37 30   3.716   0.709  -7.562   8.456
 91 213 12 38 30   3.864   0.627  -7.484   8.447
 91 213 12 39 30   3.860   0.634  -7.551   8.504
 91 213 12 40 30   3.915   0.538  -7.531   8.505
 91 213 12 41 30   3.897   0.530  -7.488   8.458
 91 213 12 42 30   3.807   0.630  -7.483   8.419
 91 213 12 43 30   3.778   0.654  -7.363   8.303
 91 213 12 44 30   3.777   0.650  -7.082   8.054
 91 213 12 45 30   3.715   0.694  -7.048   8.004
 91 213 12 46 30   3.841   0.019  -7.040   8.026
 91 213 12 47 30   3.879   0.211  -7.149   8.138
 91 213 12 48 30   3.952   0.327  -7.122   8.152
 91 213 12 49 30   4.025   0.412  -7.096   8.171
 91 213 12 50 30   3.987   0.300  -7.116   8.165
 91 213 12 51 30   3.904   0.287  -7.139   8.143
 91 213 12 52 30   3.887   0.333  -7.119   8.119
 91 213 12 53 30   3.581   0.009  -7.276   8.112
 91 213 12 54 30   3.432  -0.165  -7.299   8.072
 91 213 12 55 30   3.382   0.098  -7.250   8.001
 91 213 12 56 30   3.426   0.079  -7.252   8.022
 91 213 12 57 30   3.412   0.143  -7.232   7.999
 91 213 12 58 30   3.360  -0.100  -7.202   7.960
 91 213 12 59 30   3.488   0.010  -7.117   7.927
 91 213 13 00 30   3.550   0.088  -7.067   7.914
 91 213 13 01 30   3.758  -0.529  -6.867   7.880
 91 213 13 02 30   3.681   0.424  -6.902   7.859
 91 213 13 03 30   3.756  -0.209  -6.881   7.847
 91 213 13 04 30   4.078   0.037  -6.666   7.839
 91 213 13 05 30   4.488   0.405  -6.449   7.875
 91 213 13 06 30   4.548   0.587  -6.548   8.005
 91 213 13 07 30   4.660   1.533  -6.339   8.031
 91 213 13 08 30   4.633   1.782  -6.225   7.966
 91 213 13 09 30   4.636   1.940  -6.068   7.879
 91 213 13 10 30   4.815   2.055  -5.917   7.905
 91 213 13 11 30   4.899   2.335  -5.765   7.920
 91 213 13 12 30   4.628   2.374  -5.862   7.856
 91 213 13 13 30   2.942   1.836  -3.910   5.329
 91 213 13 14 30   0.643   0.356  -0.465   1.145
 91 213 13 15 30  -0.452  -0.095   0.088   0.620
 91 213 13 16 30  -0.608  -0.592   1.458   2.793
 91 213 13 17 30  -0.599  -0.978   5.157   5.405
 91 213 13 18 30  -0.982  -0.287   5.208   5.324
 91 213 13 19 30  -0.509   0.350   5.045   5.103
 91 213 13 20 30  -0.624   0.585   5.125   5.276
 91 213 13 21 30  -1.198   0.319   5.107   5.284
 91 213 13 22 30  -1.147  -0.734   4.120   4.391
 91 213 13 23 30  -0.584  -1.031   3.353   3.573
 91 213 13 24 30   0.266   1.179   1.553   2.411
 91 213 13 25 30   2.812   3.086  -0.942   4.476
 91 213 13 26 30   2.979   2.748  -1.620   4.428
 91 213 13 27 30   2.801   3.193  -1.289   4.484
 91 213 13 28 30   3.298   3.360  -1.122   4.939
 91 213 13 29 30   3.539   3.562  -0.746   5.152
 91 213 13 30 30   3.799   2.155  -2.191   4.921
 91 213 13 31 30   3.272   3.475  -1.009   4.993
 91 213 13 32 30   4.102   2.495  -1.881   5.208
 91 213 13 33 30   4.467   1.705  -1.938   5.170
 91 213 13 34 30   4.468   1.907  -1.852   5.203
 91 213 13 35 30   4.516   2.182  -1.543   5.265
 91 213 13 36 30   4.496   1.940  -1.359   5.107
 91 213 13 37 30   4.546   1.876  -1.236   5.100
 91 213 13 38 30   4.273   2.112  -1.719   5.093
 91 213 13 39 30   3.344   2.606  -2.577   4.984
 91 213 13 40 30   3.416   2.890  -2.085   4.950
 91 213 13 41 30   3.743   2.632  -1.810   4.947
 91 213 13 42 30   3.940   2.552  -1.555   4.952
 91 213 13 43 30   3.722   2.759  -1.679   4.933
 91 213 13 44 30   3.415   3.126  -1.621   4.913
 91 213 13 45 30   3.481   3.112  -1.205   4.841
 91 213 13 46 30   3.334   3.334  -1.354   4.919
 91 213 13 47 30   3.411   3.291  -1.719   5.046
 91 213 13 48 30   3.586   2.945  -2.144   5.158
 91 213 13 49 30   3.830   2.050  -2.242   4.906
 91 213 13 50 30   3.298   2.557  -2.804   5.068
 91 213 13 51 30   3.696   3.388  -2.245   5.500
 91 213 13 52 30   4.071   2.853  -2.278   5.481
 91 213 13 53 30   4.040   2.494  -2.456   5.376
 91 213 13 54 30   4.347   2.101  -2.370   5.513
 91 213 13 55 30   4.639   1.668  -2.609   5.583
 91 213 13 56 30   4.545   1.835  -2.900   5.700
 91 213 13 57 30   4.384   1.701  -3.175   5.676
 91 213 13 58 30   4.428   1.659  -3.126   5.671
 91 213 13 59 30   4.517   1.164  -3.172   5.645
 91 213 14 00 30   4.405   1.150  -3.144   5.555
 91 213 14 01 30   4.063   1.397  -3.219   5.386
 91 213 14 02 30   4.143   1.368  -2.982   5.308
 91 213 14 03 30   4.063   1.460  -3.242   5.422
 91 213 14 04 30   3.760   1.329  -3.461   5.294
 91 213 14 05 30   3.126   2.565  -3.461   5.357
 91 213 14 06 30   2.542   2.881  -2.862   4.802
 91 213 14 07 30   2.739   3.654  -2.899   5.423
 91 213 14 08 30   3.043   2.875  -2.550   4.929
 91 213 14 09 30   3.077   2.922  -2.373   4.876
 91 213 14 10 30   2.718   4.108  -2.045   5.347
 91 213 14 11 30   2.501   3.417  -3.598   5.580
 91 213 14 12 30   2.727   3.932  -3.306   5.841
 91 213 14 13 30   2.533   2.630  -4.226   5.692
 91 213 14 14 30   1.620   1.152  -4.470   5.000
 91 213 14 15 30   1.339   0.870  -3.142   3.533
 91 213 14 16 30   0.934   0.587  -3.222   3.414
 91 213 14 17 30   0.499   0.373  -3.227   3.307
 91 213 14 18 30   0.182   0.120  -3.022   3.042
 91 213 14 19 30  -0.088  -0.332  -3.026   3.084
 91 213 14 20 30  -0.401  -0.782  -3.101   3.245
 91 213 14 21 30  -0.116  -0.677  -3.186   3.279
 91 213 14 22 30   0.657   0.151  -3.309   3.387
 91 213 14 23 30   0.846   0.329  -3.246   3.375
 91 213 14 24 30   1.032   0.516  -3.131   3.343
 91 213 14 25 30   0.659   0.629  -2.753   2.908
 91 213 14 26 30   0.597   0.569  -2.770   2.902
 91 213 14 27 30   1.019   0.692  -2.750   3.024
 91 213 14 28 30   1.288   1.176  -2.723   3.248
 91 213 14 29 30   1.389   1.136  -2.433   3.198
 91 213 14 30 30  -1.505  -2.193  -0.271   3.572
 91 213 14 31 30  -2.215  -3.137   0.623   3.897
 91 213 14 32 30  -1.965  -3.196  -0.251   3.762
 91 213 14 33 30  -1.853  -3.230  -0.742   3.833
 91 213 14 34 30  -1.705  -3.133  -1.317   3.860
 91 213 14 35 30  -1.692  -2.885  -1.125   3.591
 91 213 14 36 30  -1.519  -3.002  -1.343   3.790
 91 213 14 37 30  -0.996  -2.558  -2.597   3.796
 91 213 14 38 30  -1.160  -2.909  -2.336   3.937
 91 213 14 39 30  -1.781  -3.324  -2.089   4.343
 91 213 14 40 30  -1.474  -2.836  -3.371   4.721
 91 213 14 41 30  -1.094  -1.977  -4.453   5.014
 91 213 14 42 30  -0.316  -0.881  -5.000   5.186
 91 213 14 43 30  -0.024  -0.172  -5.833   5.840
 91 213 14 44 30  -0.047  -0.274  -5.739   5.748
 91 213 14 45 30   0.255  -0.394  -5.665   5.686
 91 213 14 46 30   0.425  -0.369  -5.626   5.670
 91 213 14 47 30   0.410  -0.121  -5.903   5.923
 91 213 14 48 30   0.609  -0.134  -6.059   6.091
 91 213 14 49 30   0.708  -0.148  -6.083   6.127
 91 213 14 50 30   0.928  -0.144  -6.163   6.236
 91 213 14 51 30   0.893  -0.233  -6.267   6.336
 91 213 14 52 30   1.043  -0.184  -6.501   6.586
 91 213 14 53 30   1.062  -0.174  -6.421   6.511
 91 213 14 54 30   1.028  -0.116  -6.326   6.410
 91 213 14 55 30   1.025  -0.097  -6.336   6.419
 91 213 14 56 30   1.076  -0.068  -6.315   6.407
 91 213 14 57 30   1.053  -0.134  -6.426   6.513
 91 213 14 58 30   1.064  -0.102  -6.547   6.634
 91 213 14 59 30   1.207  -0.039  -6.592   6.703
 91 213 15 00 30   1.255  -0.009  -6.526   6.646
 91 213 15 01 30   1.290   0.041  -6.542   6.668
 91 213 15 02 30   1.332   0.056  -6.583   6.716
 91 213 15 03 30   1.274   0.064  -6.567   6.690
 91 213 15 04 30   1.307   0.089  -6.457   6.589
 91 213 15 05 30   1.255   0.079  -6.453   6.575
 91 213 15 06 30   1.193   0.046  -6.491   6.599
 91 213 15 07 30   1.198  -0.014  -6.505   6.614
 91 213 15 08 30   1.238   0.023  -6.456   6.573
 91 213 15 09 30   1.252   0.024  -6.443   6.563
 91 213 15 10 30   1.246   0.029  -6.508   6.627
 91 213 15 11 30   1.239   0.006  -6.453   6.571
 91 213 15 12 30   1.236   0.032  -6.473   6.590
 91 213 15 13 30   1.239   0.023  -6.487   6.604
 91 213 15 14 30   1.219   0.030  -6.599   6.711
 91 213 15 15 30   1.148  -0.036  -6.562   6.662
 91 213 15 16 30   1.081   0.013  -6.526   6.616
 91 213 15 17 30   1.276   0.094  -6.497   6.624
 91 213 15 18 30   1.333   0.175  -6.386   6.527
 91 213 15 19 30   1.469   0.204  -6.500   6.668
 91 213 15 20 30   1.384   0.110  -6.571   6.716
 91 213 15 21 30   1.358   0.071  -6.565   6.704
 91 213 15 22 30   1.402   0.031  -6.587   6.735
 91 213 15 23 30   1.377  -0.069  -6.608   6.751
 91 213 15 24 30   1.405  -0.005  -6.556   6.706
 91 213 15 25 30   1.379   0.028  -6.507   6.652
 91 213 15 26 30   1.302  -0.050  -6.483   6.612
 91 213 15 27 30   1.270   0.000  -6.453   6.577
 91 213 15 28 30   1.238  -0.066  -6.428   6.547
 91 213 15 29 30   1.119  -0.081  -6.375   6.473
 91 213 15 30 30   1.177  -0.094  -6.443   6.550
 91 213 15 31 30   1.077  -0.021  -6.503   6.591
 91 213 15 32 30   0.949  -0.160  -6.519   6.590
 91 213 15 33 30   1.025  -0.039  -6.560   6.640
 91 213 15 34 30   0.930  -0.043  -6.568   6.636
 91 213 15 35 30   0.736  -0.244  -6.525   6.572
 91 213 15 36 30   0.874  -0.331  -6.527   6.595
 91 213 15 37 30   0.841  -0.291  -6.573   6.636
 91 213 15 38 30   0.867  -0.405  -6.481   6.557
 91 213 15 39 30   0.822  -0.308  -6.457   6.519
 91 213 15 40 30   0.601  -0.479  -6.471   6.518
 91 213 15 41 30   0.979  -0.359  -6.427   6.517
 91 213 15 42 30   1.199  -0.083  -6.428   6.543
 91 213 15 43 30   1.075  -0.182  -6.475   6.567
 91 213 15 44 30   1.318  -0.460  -6.383   6.540
 91 213 15 45 30   1.264  -0.458  -6.427   6.570
 91 213 15 46 30   1.323  -0.242  -6.455   6.597
 91 213 15 47 30   1.216  -0.284  -6.453   6.573
 91 213 15 48 30   1.044  -0.484  -6.479   6.582
 91 213 15 49 30   1.092  -0.468  -6.473   6.602
 91 213 15 50 30   1.238  -0.321  -6.484   6.620
 91 213 15 51 30   0.930  -0.651  -6.538   6.641
 91 213 15 52 30   1.485  -0.106  -6.669   6.878
 91 213 15 53 30   1.621  -0.101  -6.718   6.916
 91 213 15 54 30   1.589   0.012  -6.708   6.895
 91 213 15 55 30   1.670   0.139  -6.679   6.892
 91 213 15 56 30   1.631   0.078  -6.665   6.862
 91 213 15 57 30   1.621   0.143  -6.659   6.855
 91 213 15 58 30   1.692   0.285  -6.679   6.896
 91 213 15 59 30   1.688   0.356  -6.691   6.910
 91 213 16 00 30   1.767   0.488  -6.656   6.904
 91 213 16 01 30   1.786   0.453  -6.684   6.934
 91 213 16 02 30   1.788   0.430  -6.687   6.935
 91 213 16 03 30   1.785   0.329  -6.662   6.905
 91 213 16 04 30   1.781   0.426  -6.665   6.912
 91 213 16 05 30   1.809   0.490  -6.656   6.915
 91 213 16 06 30   1.850   0.488  -6.681   6.950
 91 213 16 07 30   1.879   0.491  -6.685   6.962
 91 213 16 08 30   1.861   0.411  -6.692   6.959
 91 213 16 09 30   1.911   0.407  -6.704   6.983
 91 213 16 10 30   1.926   0.380  -6.719   7.000
 91 213 16 11 30   1.878   0.317  -6.730   6.995
 91 213 16 12 30   1.850   0.230  -6.774   7.026
 91 213 16 13 30   1.882   0.113  -6.771   7.029
 91 213 16 14 30   1.984  -0.049  -6.781   7.068
 91 213 16 15 30   1.711  -0.111  -6.752   6.971
 91 213 16 16 30   1.695  -0.414  -7.004   7.219
 91 213 16 17 30   1.734  -0.341  -7.237   7.451
 91 213 16 18 30   1.788  -0.169  -7.329   7.547
 91 213 16 19 30   1.937  -0.128  -7.375   7.628
 91 213 16 20 30   2.052  -0.244  -7.347   7.635
 91 213 16 21 30   2.166  -0.353  -7.291   7.618
 91 213 16 22 30   1.799  -0.402  -7.420   7.648
 91 213 16 23 30   1.698  -0.425  -7.454   7.658
 91 213 16 24 30   1.919  -0.302  -7.402   7.656
 91 213 16 25 30   1.794  -0.369  -7.420   7.646
 91 213 16 26 30   1.874  -0.349  -7.411   7.654
 91 213 16 27 30   2.037  -0.142  -7.331   7.616
 91 213 16 28 30   2.005  -0.242  -7.402   7.674
 91 213 16 29 30   1.993  -0.280  -7.374   7.645
 91 213 16 30 30   1.974  -0.434  -7.362   7.636
 91 213 16 31 30   1.922  -0.678  -7.286   7.566
 91 213 16 32 30   1.827  -0.664  -7.287   7.544
 91 213 16 33 30   1.828  -0.712  -7.381   7.640
 91 213 16 34 30   1.971  -0.760  -7.412   7.709
 91 213 16 35 30   1.984  -0.669  -7.424   7.714
 91 213 16 36 30   1.940  -0.509  -7.469   7.735
 91 213 16 37 30   1.931  -0.558  -7.484   7.751
 91 213 16 38 30   2.049  -0.861  -7.366   7.695
 91 213 16 39 30   2.003  -0.820  -7.368   7.680
 91 213 16 40 30   2.106  -0.811  -7.344   7.683
 91 213 16 41 30   1.942  -0.966  -7.381   7.694
 91 213 16 42 30   1.985  -0.992  -7.365   7.693
 91 213 16 43 30   1.853  -0.844  -7.401   7.676
 91 213 16 44 30   1.830  -0.825  -7.408   7.676
 91 213 16 45 30   1.832  -1.101  -7.366   7.671
 91 213 16 46 30   1.824  -1.193  -7.354   7.670
 91 213 16 47 30   1.781  -1.363  -7.336   7.671
 91 213 16 48 30   1.812  -1.470  -7.285   7.653
 91 213 16 49 30   1.823  -1.626  -7.236   7.639
 91 213 16 50 30   1.771  -2.049  -7.181   7.679
 91 213 16 51 30   1.689  -1.937  -7.303   7.746
 91 213 16 52 30   1.643  -1.757  -7.370   7.754
 91 213 16 53 30   1.543  -1.614  -7.355   7.694
 91 213 16 54 30   1.534  -1.525  -7.311   7.632
 91 213 16 55 30   1.424  -0.952  -7.489   7.690
 91 213 16 56 30   1.238   0.156  -7.660   7.765
 91 213 16 57 30   1.534  -0.476  -7.849   8.042
 91 213 16 58 30   1.658  -0.578  -7.867   8.064
 91 213 16 59 30   1.681  -1.018  -7.778   8.030
 91 213 17 00 30   1.364  -1.422  -7.651   7.925
 91 213 17 01 30   1.774  -1.424  -7.607   7.944
 91 213 17 02 30   1.788  -1.709  -7.543   7.952
 91 213 17 03 30   1.996  -1.391  -7.646   8.042
 91 213 17 04 30   2.058  -1.504  -7.658   8.075
 91 213 17 05 30   2.053  -1.579  -7.642   8.070
 91 213 17 06 30   2.028  -1.525  -7.575   7.996
 91 213 17 07 30   2.060  -1.795  -7.541   8.025
 91 213 17 08 30   2.008  -1.562  -7.550   7.974
 91 213 17 09 30   1.919  -1.330  -7.629   7.981
 91 213 17 10 30   2.102  -1.438  -7.630   8.046
 91 213 17 11 30   2.098  -1.439  -7.621   8.045
 91 213 17 12 30   2.072  -1.486  -7.574   7.992
 91 213 17 13 30   2.109  -1.372  -7.623   8.030
 91 213 17 14 30   2.019  -1.117  -7.700   8.042
 91 213 17 15 30   1.768  -1.077  -7.714   7.992
 91 213 17 16 30   1.600  -1.274  -7.714   7.981
 91 213 17 17 30   1.665  -1.369  -7.691   7.988
 91 213 17 18 30   1.773  -1.442  -7.655   7.991
 91 213 17 19 30   1.790  -1.718  -7.599   7.994
 91 213 17 20 30   1.879  -1.737  -7.579   8.002
 91 213 17 21 30   1.861  -1.755  -7.572   7.995
 91 213 17 22 30   1.895  -1.593  -7.594   7.988
 91 213 17 23 30   1.857  -1.533  -7.593   7.966
 91 213 17 24 30   1.931  -1.475  -7.580   7.960
 91 213 17 25 30   1.822  -1.530  -7.579   7.946
 91 213 17 26 30   1.712  -1.562  -7.577   7.924
 91 213 17 27 30   1.713  -1.582  -7.556   7.908
 91 213 17 28 30   1.689  -1.703  -7.459   7.837
 91 213 17 29 30   1.538  -1.886  -7.412   7.803
 91 213 17 30 30   1.682  -1.761  -7.443   7.832
 91 213 17 31 30   1.537  -1.978  -7.453   7.865
 91 213 17 32 30   1.487  -1.247  -7.569   7.893
 91 213 17 33 30   0.959   0.018  -7.358   7.429
 91 213 17 34 30   1.171  -0.114  -7.227   7.324
 91 213 17 35 30   1.526  -0.668  -7.325   7.520
 91 213 17 36 30   1.552  -1.103  -7.344   7.621
 91 213 17 37 30   2.132  -0.981  -7.363   7.734
 91 213 17 38 30   2.466  -1.484  -7.497   8.044
 91 213 17 39 30   2.414  -1.597  -7.504   8.048
 91 213 17 40 30   2.194  -1.656  -7.487   7.988
 91 213 17 41 30   2.132  -1.449  -7.481   7.926
 91 213 17 42 30   2.634  -1.838  -7.295   7.974
 91 213 17 43 30   1.784  -1.664  -7.239   7.685
 91 213 17 44 30   0.763  -0.969  -7.211   7.321
 91 213 17 45 30   0.884  -1.384  -7.231   7.444
 91 213 17 46 30   1.084  -1.422  -7.364   7.583
 91 213 17 47 30   0.951  -1.531  -7.191   7.422
 91 213 17 48 30   1.021  -1.321  -7.130   7.324
 91 213 17 49 30   0.684  -0.811  -7.249   7.328
 91 213 17 50 30   0.617  -1.397  -7.055   7.254
 91 213 17 51 30   1.175  -1.580  -6.919   7.239
 91 213 17 52 30   0.809  -1.060  -7.213   7.345
 91 213 17 53 30   0.586  -2.257  -6.676   7.142
 91 213 17 54 30   0.275  -1.032  -7.100   7.255
 91 213 17 55 30   0.003  -1.312  -7.085   7.223
 91 213 17 56 30  -0.284  -2.175  -6.968   7.318
 91 213 17 57 30  -0.451  -1.922  -6.991   7.286
 91 213 17 58 30  -0.113  -1.852  -6.985   7.244
 91 213 17 59 30   0.397  -2.555  -6.751   7.241
 91 213 18 00 30   0.355  -2.601  -6.727   7.241
 91 213 18 01 30   0.292  -2.951  -6.511   7.168
 91 213 18 02 30  -0.131  -3.374  -6.271   7.140
 91 213 18 03 30  -0.649  -2.999  -6.251   7.025
 91 213 18 04 30   0.522  -2.353  -6.489   7.102
 91 213 18 05 30   2.471  -1.423  -7.234   7.802
 91 213 18 06 30   2.876  -1.209  -7.285   7.928
 91 213 18 07 30   2.907  -1.429  -7.187   7.887
 91 213 18 08 30   2.479  -1.631  -7.253   7.845
 91 213 18 09 30   2.396  -1.549  -7.264   7.808
 91 213 18 10 30   2.156  -1.846  -7.239   7.778
 91 213 18 11 30   2.209  -1.807  -7.205   7.755
 91 213 18 12 30   2.417  -2.040  -7.070   7.752
 91 213 18 13 30   2.457  -2.776  -6.832   7.779
 91 213 18 14 30   2.423  -3.167  -6.638   7.757
 91 213 18 15 30   1.703  -3.415  -6.634   7.664
 91 213 18 16 30   1.126  -4.487  -5.863   7.501
 91 213 18 17 30   0.176  -4.553  -4.351   6.329
 91 213 18 18 30   0.649  -4.540  -3.507   5.821
 91 213 18 19 30  -0.119  -4.749  -3.327   5.813
 91 213 18 20 30   0.028  -4.920  -3.059   5.813
 91 213 18 21 30   0.011  -4.569  -3.481   5.779
 91 213 18 22 30  -0.197  -4.487  -3.663   5.804
 91 213 18 23 30  -0.157  -4.265  -3.767   5.736
 91 213 18 24 30  -0.242  -4.129  -3.310   5.312
 91 213 18 25 30  -0.256  -4.006  -3.495   5.331
 91 213 18 26 30  -0.275  -4.388  -3.027   5.347
 91 213 18 27 30  -0.172  -4.626  -2.579   5.303
 91 213 18 28 30  -0.068  -4.697  -2.488   5.318
 91 213 18 29 30  -0.417  -4.690  -2.488   5.336
 91 213 18 30 30  -0.466  -4.493  -3.073   5.468
 91 213 18 31 30  -0.378  -4.652  -3.062   5.585
 91 213 18 32 30  -0.362  -4.581  -3.143   5.570
 91 213 18 33 30  -0.462  -4.527  -3.428   5.703
 91 213 18 34 30  -0.232  -4.813  -3.118   5.745
 91 213 18 35 30  -0.227  -4.517  -3.540   5.768
 91 213 18 36 30  -0.331  -4.174  -3.929   5.760
 91 213 18 37 30  -0.623  -4.069  -3.931   5.696
 91 213 18 38 30  -0.725  -4.010  -4.114   5.792
 91 213 18 39 30  -1.088  -4.094  -3.985   5.820
 91 213 18 40 30  -1.298  -4.067  -4.068   5.903
 91 213 18 41 30  -1.797  -3.747  -4.193   5.919
 91 213 18 42 30  -1.925  -3.411  -4.479   5.953
 91 213 18 43 30  -1.612  -4.120  -4.093   6.065
 91 213 18 44 30  -2.483  -3.699  -4.329   6.223
 91 213 18 45 30  -2.574  -3.697  -4.334   6.259
 91 213 18 46 30  -2.371  -3.962  -4.156   6.218
 91 213 18 47 30  -2.305  -4.355  -3.922   6.302
 91 213 18 48 30  -2.405  -4.203  -3.956   6.255
 91 213 18 49 30  -2.312  -4.183  -3.911   6.179
 91 213 18 50 30  -2.020  -4.081  -3.888   6.034
 91 213 18 51 30  -1.354  -4.014  -4.123   5.919
 91 213 18 52 30  -0.844  -3.998  -4.466   6.062
 91 213 18 53 30  -0.494  -3.848  -4.754   6.152
 91 213 18 54 30  -0.490  -3.886  -4.947   6.321
 91 213 18 55 30  -0.784  -3.906  -4.738   6.200
 91 213 18 56 30  -0.466  -3.877  -4.701   6.113
 91 213 18 57 30  -0.423  -4.122  -4.568   6.168
 91 213 18 58 30  -0.442  -4.210  -4.442   6.138
 91 213 18 59 30  -0.641  -4.463  -4.217   6.180
 91 213 19 00 30  -0.783  -4.536  -4.010   6.130
 91 213 19 01 30  -0.785  -4.319  -4.239   6.131
 91 213 19 02 30  -1.017  -4.399  -4.019   6.116
 91 213 19 03 30  -0.244  -3.993  -4.796   6.282
 91 213 19 04 30  -0.314  -4.220  -5.135   6.697
 91 213 19 05 30   0.718  -3.395  -6.162   7.096
 91 213 19 06 30   0.900  -3.168  -5.773   6.659
 91 213 19 07 30   0.422  -3.948  -5.221   6.569
 91 213 19 08 30   0.308  -4.206  -4.996   6.540
 91 213 19 09 30   0.308  -3.947  -5.174   6.525
 91 213 19 10 30  -0.035  -4.375  -4.368   6.191
 91 213 19 11 30  -0.455  -4.916  -3.951   6.338
 91 213 19 12 30  -0.671  -5.165  -3.471   6.296
 91 213 19 13 30  -0.467  -5.021  -3.388   6.117
 91 213 19 14 30  -0.584  -5.159  -3.188   6.096
 91 213 19 15 30  -0.358  -4.794  -3.493   5.982
 91 213 19 16 30  -0.787  -5.072  -2.754   5.827
 91 213 19 17 30  -0.507  -4.803  -3.195   5.812
 91 213 19 18 30  -0.597  -4.551  -3.730   5.919
 91 213 19 19 30  -0.558  -4.371  -3.238   5.485
 91 213 19 20 30  -1.065  -4.020  -3.619   5.532
 91 213 19 21 30  -1.668  -4.547  -2.824   5.621
 91 213 19 22 30  -2.467  -4.774  -2.154   5.820
 91 213 19 23 30  -1.254  -5.864   0.182   6.008
 91 213 19 24 30  -1.711  -5.175   0.739   5.523
 91 213 19 25 30  -1.810  -4.781   0.279   5.122
 91 213 19 26 30  -1.817  -4.828   0.234   5.164
 91 213 19 27 30  -1.638  -4.759  -0.345   5.048
 91 213 19 28 30  -1.559  -4.777   0.013   5.032
 91 213 19 29 30  -1.518  -4.685   0.233   4.934
 91 213 19 30 30  -1.520  -4.805  -0.544   5.128
 91 213 19 31 30  -1.285  -4.954  -1.282   5.278
 91 213 19 32 30  -1.843  -5.345  -0.294   5.696
 91 213 19 33 30  -2.051  -5.225   0.668   5.657
 91 213 19 34 30  -1.474  -5.529  -0.710   5.934
 91 213 19 35 30  -1.065  -5.471  -2.512   6.118
 91 213 19 36 30  -1.062  -5.380  -2.532   6.047
 91 213 19 37 30  -0.990  -5.365  -2.653   6.076
 91 213 19 38 30  -0.989  -5.432  -2.923   6.257
 91 213 19 39 30  -1.292  -5.607  -2.540   6.290
 91 213 19 40 30  -1.268  -5.577  -2.603   6.286
 91 213 19 41 30  -0.662  -4.939  -3.809   6.399
 91 213 19 42 30  -0.381  -4.587  -4.520   6.453
 91 213 19 43 30  -1.481  -5.907  -1.116   6.410
 91 213 19 44 30  -1.807  -6.166   1.308   6.562
 91 213 19 45 30  -1.181  -6.347   1.433   6.617
 91 213 19 46 30  -1.122  -6.529   0.735   6.680
 91 213 19 47 30  -1.490  -6.374  -0.094   6.555
 91 213 19 48 30  -1.247  -6.416  -0.154   6.552
 91 213 19 49 30  -1.170  -6.547  -0.627   6.695
 91 213 19 50 30  -1.074  -6.454  -1.306   6.674
 91 213 19 51 30  -0.739  -6.483  -1.310   6.668
 91 213 19 52 30  -0.570  -5.536  -3.592   6.671
 91 213 19 53 30  -0.636  -5.294  -3.786   6.558
 91 213 19 54 30  -0.728  -5.584  -3.222   6.491
 91 213 19 55 30  -0.879  -5.396  -3.393   6.437
 91 213 19 56 30  -0.683  -5.220  -3.493   6.366
 91 213 19 57 30   0.593  -4.321  -4.419   6.242
 91 213 19 58 30   0.722  -4.068  -4.662   6.231
 91 213 19 59 30   0.310  -4.146  -4.612   6.216
 91 213 20 00 30   0.370  -4.143  -4.641   6.233
 91 213 20 01 30   0.361  -4.052  -4.718   6.231
 91 213 20 02 30   0.352  -4.157  -4.509   6.144
 91 213 20 03 30   0.478  -4.116  -4.503   6.120
 91 213 20 04 30   0.472  -4.103  -4.559   6.152
 91 213 20 05 30   0.489  -4.088  -4.585   6.163
 91 213 20 06 30   0.398  -4.156  -4.572   6.192
 91 213 20 07 30   0.290  -4.231  -4.532   6.207
 91 213 20 08 30   0.470  -4.262  -4.500   6.216
 91 213 20 09 30   0.421  -4.420  -4.331   6.204
 91 213 20 10 30   0.011  -4.680  -4.150   6.267
 91 213 20 11 30  -0.129  -4.841  -3.959   6.275
 91 213 20 12 30  -0.603  -5.761  -2.265   6.240
 91 213 20 13 30  -0.747  -5.771  -2.322   6.271
 91 213 20 14 30  -0.812  -5.304  -2.285   6.250
 91 213 20 15 30  -0.624  -5.673  -2.634   6.288
 91 213 20 16 30  -0.610  -5.644  -2.763   6.318
 91 213 20 17 30  -0.568  -5.547  -2.957   6.313
 91 213 20 18 30  -0.291  -5.412  -3.088   6.251
 91 213 20 19 30  -0.038  -5.487  -3.121   6.314
 91 213 20 20 30   0.007  -5.397  -3.240   6.296
 91 213 20 21 30   0.264  -5.262  -3.339   6.263
 91 213 20 22 30   1.257  -4.775  -3.770   6.217
 91 213 20 23 30   1.384  -4.653  -3.790   6.166
 91 213 20 24 30   0.987  -4.719  -3.864   6.185
 91 213 20 25 30   1.562  -4.763  -3.619   6.190
 91 213 20 26 30   1.232  -4.854  -3.687   6.237
 91 213 20 27 30   0.913  -4.948  -3.702   6.250
 91 213 20 28 30   0.748  -4.960  -3.692   6.229
 91 213 20 29 30   0.837  -4.925  -3.702   6.219
 91 213 20 30 30   0.707  -4.901  -3.769   6.224
 91 213 20 31 30   0.600  -4.891  -3.780   6.212
 91 213 20 32 30   0.488  -4.787  -3.939   6.220
 91 213 20 33 30   0.476  -4.753  -3.862   6.154
 91 213 20 34 30   0.296  -4.331  -4.288   6.105
 91 213 20 35 30  -0.093  -4.621  -4.022   6.136
 91 213 20 36 30  -0.388  -5.039  -3.735   6.285
 91 213 20 37 30  -0.365  -5.055  -3.733   6.295
 91 213 20 38 30  -0.646  -5.164  -3.540   6.299
 91 213 20 39 30  -0.826  -5.250  -3.127   6.167
 91 213 20 40 30  -0.945  -5.285  -3.092   6.196
 91 213 20 41 30  -0.999  -5.260  -3.114   6.194
 91 213 20 42 30  -1.134  -5.235  -3.130   6.205
 91 213 20 43 30  -1.218  -5.130  -3.230   6.189
 91 213 20 44 30  -1.742  -4.803  -3.522   6.209
 91 213 20 45 30  -2.243  -4.486  -3.718   6.260
 91 213 20 46 30  -1.679  -5.012  -3.380   6.283
 91 213 20 47 30  -1.380  -5.367  -3.208   6.406
 91 213 20 48 30  -1.162  -5.498  -2.950   6.364
 91 213 20 49 30  -1.253  -5.586  -2.919   6.428
 91 213 20 50 30  -1.157  -5.626  -2.856   6.416
 91 213 20 51 30  -1.213  -5.629  -2.678   6.352
 91 213 20 52 30  -1.494  -5.554  -2.635   6.335
 91 213 20 53 30  -1.596  -5.454  -2.810   6.341
 91 213 20 54 30  -1.539  -5.638  -2.511   6.363
 91 213 20 55 30  -1.504  -5.650  -2.544   6.377
 91 213 20 56 30  -1.594  -5.678  -2.400   6.368
 91 213 20 57 30  -1.732  -5.666  -2.230   6.331
 91 213 20 58 30  -1.829  -5.648  -2.151   6.316
 91 213 20 59 30  -1.892  -5.646  -2.009   6.286
 91 213 21 00 30  -2.145  -5.611  -2.031   6.345
 91 213 21 01 30  -2.318  -5.615  -1.896   6.365
 91 213 21 02 30  -2.475  -5.606  -1.608   6.339
 91 213 21 03 30  -2.526  -5.640  -1.522   6.366
 91 213 21 04 30  -2.345  -5.659  -1.676   6.353
 91 213 21 05 30  -2.165  -5.744  -1.644   6.363
 91 213 21 06 30  -1.958  -5.794  -1.761   6.366
 91 213 21 07 30  -2.101  -5.823  -1.489   6.370
 91 213 21 08 30  -2.104  -5.800  -1.562   6.366
 91 213 21 09 30  -2.247  -5.776  -1.411   6.357
 91 213 21 10 30  -2.249  -5.839  -1.196   6.372
 91 213 21 11 30  -2.251  -5.833  -1.115   6.353
 91 213 21 12 30  -2.273  -5.820  -1.183   6.360
 91 213 21 13 30  -2.138  -5.864  -1.191   6.356
 91 213 21 14 30  -1.999  -5.991  -0.953   6.397
 91 213 21 15 30  -1.009  -6.074  -1.835   6.435
 91 213 21 16 30  -0.942  -6.162  -1.846   6.510
 91 213 21 17 30  -0.767  -6.047  -2.087   6.445
 91 213 21 18 30  -0.912  -5.962  -1.863   6.315
 91 213 21 19 30  -1.015  -5.954  -1.831   6.317
 91 213 21 20 30  -0.990  -5.935  -1.811   6.284
 91 213 21 21 30  -1.058  -5.947  -1.638   6.263
 91 213 21 22 30  -0.825  -5.786  -1.813   6.120
 91 213 21 23 30  -0.960  -5.844  -1.559   6.129
 91 213 21 24 30  -1.054  -5.957  -1.502   6.233
 91 213 21 25 30  -1.050  -5.809  -1.471   6.085
 91 213 21 26 30  -1.079  -5.897  -1.396   6.156
 91 213 21 27 30  -1.053  -5.871  -1.397   6.127
 91 213 21 28 30  -0.957  -5.881  -1.421   6.126
 91 213 21 29 30  -1.048  -6.029  -1.477   6.296
 91 213 21 30 30  -1.179  -6.186  -1.512   6.477
 91 213 21 31 30  -1.145  -6.198  -1.509   6.482
 91 213 21 32 30  -1.094  -6.219  -1.491   6.490
 91 213 21 33 30  -1.013  -6.283  -1.472   6.533
 91 213 21 34 30  -1.086  -6.322  -1.375   6.561
 91 213 21 35 30  -1.142  -6.466  -1.051   6.654
 91 213 21 36 30  -0.896  -6.536  -0.964   6.671
 91 213 21 37 30  -0.684  -6.398  -1.292   6.565
 91 213 21 38 30  -0.666  -6.360  -1.376   6.543
 91 213 21 39 30  -0.597  -6.343  -1.435   6.531
 91 213 21 40 30  -0.181  -6.204  -1.911   6.522
 91 213 21 41 30  -0.162  -6.222  -2.062   6.558
 91 213 21 42 30  -0.179  -6.254  -1.965   6.559
 91 213 21 43 30  -0.355  -6.324  -1.890   6.635
 91 213 21 44 30   0.459  -5.907  -2.697   6.511
 91 213 21 45 30   0.434  -5.934  -2.695   6.532
 91 213 21 46 30   0.369  -5.995  -2.654   6.567
 91 213 21 47 30   0.372  -6.031  -2.764   6.646
 91 213 21 48 30   0.035  -6.201  -2.310   6.619
 91 213 21 49 30  -0.133  -6.117  -2.527   6.627
 91 213 21 50 30  -0.328  -6.228  -2.496   6.718
 91 213 21 51 30  -0.440  -6.275  -2.517   6.777
 91 213 21 52 30  -0.307  -6.356  -2.332   6.785
 91 213 21 53 30  -0.151  -6.395  -2.053   6.719
 91 213 21 54 30  -0.250  -6.433  -1.939   6.724
 91 213 21 55 30  -0.245  -6.418  -1.812   6.677
 91 213 21 56 30  -0.419  -6.482  -1.610   6.695
 91 213 21 57 30  -0.442  -6.470  -1.795   6.732
 91 213 21 58 30  -0.514  -6.428  -1.907   6.727
 91 213 21 59 30  -0.407  -6.351  -1.798   6.613
 91 213 22 00 30  -0.669  -6.390  -1.708   6.649
 91 213 22 01 30  -0.764  -6.430  -1.541   6.660
 91 213 22 02 30  -0.821  -6.453  -1.615   6.703
 91 213 22 03 30  -0.860  -6.416  -1.668   6.685
 91 213 22 04 30  -0.868  -6.469  -1.866   6.791
 91 213 22 05 30  -0.993  -6.689  -1.369   6.906
 91 213 22 06 30  -1.092  -7.038  -1.309   7.241
 91 213 22 07 30  -1.079  -7.000  -1.380   7.217
 91 213 22 08 30  -0.919  -7.078  -1.138   7.229
 91 213 22 09 30  -1.169  -6.837  -1.840   7.180
 91 213 22 10 30  -0.931  -6.948  -1.517   7.174
 91 213 22 11 30  -1.202  -6.933  -1.300   7.159
 91 213 22 12 30  -1.214  -6.913  -1.246   7.129
 91 213 22 14 30  -0.931  -6.837  -1.741   7.117
 91 213 22 15 30  -0.984  -6.854  -1.611   7.111
 91 213 22 16 30  -1.038  -6.860  -1.461   7.091
 91 213 22 17 30  -1.104  -6.883  -1.321   7.095
 91 213 22 18 30  -1.205  -6.881  -1.262   7.099
 91 213 22 19 30  -1.117  -6.872  -1.373   7.097
 91 213 22 20 30  -0.914  -6.965  -0.960   7.108
 91 213 22 21 30  -0.894  -6.994  -0.630   7.117
 91 213 22 22 30  -1.210  -6.560  -2.501   7.129
 91 213 22 23 30  -1.303  -6.481  -2.619   7.111
 91 213 22 24 30  -1.776  -6.406  -2.527   7.119
 91 213 22 25 30  -1.484  -6.599  -1.992   7.061
 91 213 22 26 30  -1.416  -6.614  -1.837   7.011
 91 213 22 27 30  -1.283  -6.659  -1.854   7.031
 91 213 22 28 30  -1.073  -6.624  -2.062   7.021
 91 213 22 29 30  -1.170  -6.641  -1.951   7.021
 91 213 22 30 30  -1.223  -6.659  -2.016   7.065
 91 213 22 31 30  -1.243  -6.599  -2.197   7.066
 91 213 22 32 30  -1.187  -6.512  -2.354   7.027
 91 213 22 33 30  -0.955  -6.589  -2.210   7.017
 91 213 22 34 30  -0.781  -6.607  -2.216   7.015
 91 213 22 35 30  -1.092  -6.508  -2.365   7.014
 91 213 22 36 30  -1.111  -6.341  -2.715   6.991
 91 213 22 37 30  -1.138  -6.438  -2.506   7.016
 91 213 22 38 30  -1.154  -6.588  -2.173   7.036
 91 213 22 39 30  -1.153  -6.565  -2.152   7.004
 91 213 22 40 30  -1.105  -6.583  -2.140   7.011
 91 213 22 41 30  -1.187  -6.653  -1.942   7.032
 91 213 22 42 30  -1.216  -6.612  -2.032   7.024
 91 213 22 43 30  -1.275  -6.660  -1.876   7.036
 91 213 22 44 30  -1.383  -6.688  -1.632   7.022
 91 213 22 45 30  -1.349  -6.676  -1.680   7.015
 91 213 22 46 30  -1.211  -6.638  -1.689   6.966
 91 213 22 47 30  -1.534  -6.761  -0.262   6.945
 91 213 22 48 30  -1.505  -6.815  -0.515   7.001
 91 213 22 49 30  -1.159  -6.798  -0.946   6.963
 91 213 22 50 30  -1.145  -6.809  -0.867   6.959
 91 213 22 51 30  -1.292  -6.783  -0.908   6.966
 91 213 22 52 30  -1.470  -6.707  -1.268   6.989
 91 213 22 53 30  -1.672  -6.647  -1.424   7.005
 91 213 22 54 30  -1.529  -6.711  -1.170   6.987
 91 213 22 55 30  -1.550  -6.690  -1.402   7.011
 91 213 22 56 30  -1.443  -6.640  -1.613   6.984
 91 213 22 57 30  -1.501  -6.633  -1.694   7.009
 91 213 22 58 30  -1.368  -6.629  -1.617   6.960
 91 213 22 59 30  -1.213  -6.672  -1.570   6.962
 91 213 23 00 30  -1.292  -6.676  -1.486   6.967
 91 213 23 01 30  -1.542  -6.613  -1.658   6.990
 91 213 23 02 30  -1.393  -6.625  -1.694   6.981
 91 213 23 03 30  -1.350  -6.651  -1.552   6.963
 91 213 23 04 30  -1.372  -6.604  -1.703   6.961
 91 213 23 05 30  -1.367  -6.608  -1.585   6.940
 91 213 23 06 30  -1.336  -6.704  -1.375   6.980
 91 213 23 07 30  -1.468  -6.700  -1.247   6.976
 91 213 23 08 30  -1.399  -6.730  -1.215   6.984
 91 213 23 09 30  -1.467  -6.735  -1.092   6.984
 91 213 23 10 30  -1.258  -6.711  -1.474   6.985
 91 213 23 11 30  -1.318  -6.766  -0.902   6.964
 91 213 23 12 30  -1.538  -6.565  -1.607   6.961
 91 213 23 13 30  -1.395  -6.611  -1.616   6.956
 91 213 23 14 30  -1.439  -6.774  -0.848   6.981
 91 213 23 15 30  -1.481  -6.810  -0.594   6.997
 91 213 23 16 30  -1.540  -6.838  -0.205   7.020
 91 213 23 17 30  -1.517  -6.857  -0.033   7.029
 91 213 23 18 30  -1.160  -6.935  -0.290   7.038
 91 213 23 19 30  -1.351  -6.879  -0.437   7.026
 91 213 23 20 30  -1.172  -6.926  -0.379   7.038
 91 213 23 21 30  -1.266  -6.886  -0.529   7.022
 91 213 23 22 30  -0.651  -6.951  -0.616   7.013
 91 213 23 23 30  -0.853  -6.923  -0.664   7.009
 91 213 23 24 30  -1.200  -6.852  -0.787   7.023
 91 213 23 25 30  -1.455  -6.852  -0.761   7.051
 91 213 23 26 30  -1.466  -6.831  -0.822   7.038
 91 213 23 31 30  -1.507  -6.638  -1.590   6.995
 91 213 23 32 30  -1.493  -6.685  -1.221   6.959
 91 213 23 33 30  -1.728  -6.623  -1.329   6.982
 91 213 23 34 30  -1.578  -6.729  -1.051   6.998
 91 213 23 35 30  -1.689  -6.703  -1.028   6.989
 91 213 23 36 30  -1.651  -6.719  -0.914   6.980
 91 213 23 37 30  -1.645  -6.710  -0.629   6.948
 91 213 23 38 30  -1.759  -6.698  -0.459   6.945
 91 213 23 39 30  -1.830  -6.680  -0.873   6.990
 91 213 23 40 30  -1.790  -6.681  -1.080   7.002
 91 213 23 41 30  -1.825  -6.594  -1.357   6.984
 91 213 23 42 30  -1.929  -6.692  -0.585   6.992
 91 213 23 43 30  -1.925  -6.683  -0.632   6.985
 91 213 23 44 30  -1.871  -6.700  -0.408   6.971
 91 213 23 45 30  -1.775  -6.740  -0.155   6.978
 91 213 23 46 30  -1.709  -6.768  -0.024   6.981
 91 213 23 47 30  -1.785  -6.757  -0.095   6.990
 91 213 23 48 30  -1.981  -6.677  -0.539   6.987
 91 213 23 49 30  -1.798  -6.691  -0.225   6.941
 91 213 23 50 30  -1.684  -6.718  -0.298   6.934
 91 213 23 51 30  -1.738  -6.708  -0.305   6.937
 91 213 23 52 30  -1.879  -6.704  -0.489   6.981
 91 213 23 53 30  -1.809  -6.725  -0.146   6.981
 91 213 23 54 30  -1.628  -6.733  -0.116   6.938
 91 213 23 55 30  -1.418  -6.780  -0.184   6.930
 91 213 23 56 30  -1.684  -6.782   0.045   6.989
 91 213 23 57 30  -1.741  -6.749   0.158   6.972
 91 213 23 58 30  -1.850  -6.693  -0.128   6.947
 91 213 23 59 30  -1.705  -6.700   0.096   6.917
