 91 219 00 00 30   0.214  -0.497   0.337   0.640
 91 219 00 01 30   0.212  -0.507   0.322   0.638
 91 219 00 02 30   0.226  -0.501   0.323   0.638
 91 219 00 03 30   0.205  -0.495   0.339   0.635
 91 219 00 04 30   0.182  -0.495   0.357   0.639
 91 219 00 05 30   0.179  -0.553   0.294   0.652
 91 219 00 06 30   0.229  -0.541   0.262   0.643
 91 219 00 07 30   0.188  -0.552   0.277   0.647
 91 219 00 08 30   0.190  -0.536   0.288   0.639
 91 219 00 09 30   0.166  -0.517   0.313   0.632
 91 219 00 10 30   0.199  -0.463   0.380   0.636
 91 219 00 11 30   0.191  -0.501   0.343   0.638
 91 219 00 12 30   0.193  -0.494   0.353   0.638
 91 219 00 13 30   0.198  -0.525   0.297   0.637
 91 219 00 14 30   0.155  -0.528   0.321   0.642
 91 219 00 15 30   0.164  -0.546   0.286   0.640
 91 219 00 16 30   0.193  -0.541   0.260   0.632
 91 219 00 17 30   0.264  -0.515   0.246   0.630
 91 219 00 18 30   0.240  -0.526   0.252   0.631
 91 219 00 19 30   0.232  -0.540   0.242   0.636
 91 219 00 20 30   0.229  -0.543   0.218   0.630
 91 219 00 21 30   0.105  -0.559   0.272   0.642
 91 219 00 26 30  -0.093  -0.573   0.345   0.676
 91 219 00 27 30  -0.045  -0.586   0.334   0.677
 91 219 00 28 30  -0.010  -0.588   0.306   0.665
 91 219 00 29 30   0.079  -0.617   0.241   0.667
 91 219 00 30 30   0.048  -0.620   0.245   0.668
 91 219 00 31 30   0.030  -0.646   0.176   0.677
 91 219 00 32 30   0.040  -0.654   0.158   0.676
 91 219 00 33 30  -0.025  -0.644   0.169   0.668
 91 219 00 34 30  -0.018  -0.653   0.148   0.670
 91 219 00 35 30  -0.001  -0.667   0.149   0.683
 91 219 00 36 30   0.016  -0.667   0.147   0.685
 91 219 00 37 30   0.036  -0.653   0.173   0.677
 91 219 00 38 30   0.023  -0.651   0.213   0.685
 91 219 00 39 30   0.083  -0.626   0.269   0.688
 91 219 00 40 30   0.062  -0.636   0.256   0.689
 91 219 00 41 30   0.035  -0.635   0.216   0.672
 91 219 00 42 30   0.035  -0.629   0.231   0.672
 91 219 00 43 30   0.054  -0.627   0.281   0.690
 91 219 00 44 30   0.046  -0.618   0.251   0.669
 91 219 00 45 30   0.074  -0.630   0.260   0.686
 91 219 00 46 30   0.031  -0.649   0.179   0.675
 91 219 00 47 30   0.070  -0.638   0.174   0.666
 91 219 00 48 30   0.124  -0.660   0.148   0.689
 91 219 00 49 30   0.094  -0.673   0.114   0.690
 91 219 00 50 30   0.111  -0.674   0.156   0.702
 91 219 00 51 30   0.141  -0.678   0.201   0.722
 91 219 00 52 30   0.127  -0.692   0.172   0.725
 91 219 00 53 30   0.146  -0.693   0.126   0.720
 91 219 00 54 30   0.125  -0.684   0.145   0.714
 91 219 00 55 30   0.117  -0.671   0.162   0.701
 91 219 00 56 30   0.107  -0.678   0.155   0.704
 91 219 00 57 30   0.148  -0.660   0.164   0.697
 91 219 00 58 30   0.129  -0.665   0.180   0.702
 91 219 00 59 30   0.131  -0.680   0.110   0.703
 91 219 01 00 30   0.161  -0.674   0.095   0.700
 91 219 01 01 30   0.167  -0.669   0.100   0.699
 91 219 01 02 30   0.166  -0.618   0.179   0.668
 91 219 01 03 30   0.168  -0.625   0.154   0.665
 91 219 01 04 30   0.179  -0.623   0.153   0.667
 91 219 01 05 30   0.201  -0.619   0.150   0.668
 91 219 01 06 30   0.178  -0.634   0.130   0.672
 91 219 01 07 30   0.183  -0.630   0.130   0.670
 91 219 01 08 30   0.198  -0.633   0.107   0.671
 91 219 01 09 30   0.172  -0.645   0.089   0.674
 91 219 01 10 30   0.175  -0.653   0.034   0.678
 91 219 01 11 30   0.175  -0.654   0.045   0.680
 91 219 01 12 30   0.191  -0.624   0.139   0.668
 91 219 01 13 30   0.199  -0.631   0.130   0.683
 91 219 01 14 30   0.191  -0.653   0.039   0.687
 91 219 01 15 30   0.154  -0.675   0.038   0.698
 91 219 01 16 30   0.130  -0.688  -0.039   0.702
 91 219 01 17 30   0.171  -0.661   0.000   0.696
 91 219 01 18 30   0.254  -0.646  -0.001   0.696
 91 219 01 19 30   0.237  -0.664   0.003   0.705
 91 219 01 20 30   0.235  -0.665  -0.012   0.706
 91 219 01 21 30   0.224  -0.660  -0.063   0.700
 91 219 01 22 30   0.222  -0.654  -0.093   0.697
 91 219 01 23 30   0.188  -0.661  -0.125   0.700
 91 219 01 24 30   0.226  -0.639  -0.124   0.690
 91 219 01 25 30   0.212  -0.630  -0.052   0.667
 91 219 01 26 30   0.217  -0.633  -0.087   0.676
 91 219 01 27 30   0.205  -0.627  -0.045   0.662
 91 219 01 28 30   0.218  -0.615   0.025   0.655
 91 219 01 29 30   0.153  -0.604  -0.152   0.647
 91 219 01 30 30   0.192  -0.570  -0.212   0.638
 91 219 01 31 30   0.166  -0.568  -0.175   0.618
 91 219 01 32 30   0.188  -0.556  -0.168   0.612
 91 219 01 33 30   0.024  -0.603  -0.112   0.620
 91 219 01 34 30  -0.114  -0.599  -0.136   0.627
 91 219 01 35 30  -0.066  -0.608  -0.123   0.625
 91 219 01 36 30  -0.080  -0.592  -0.135   0.621
 91 219 01 37 30  -0.079  -0.595  -0.180   0.628
 91 219 01 38 30  -0.005  -0.586  -0.230   0.630
 91 219 01 39 30  -0.028  -0.557  -0.290   0.632
 91 219 01 40 30  -0.011  -0.531  -0.333   0.629
 91 219 01 41 30  -0.013  -0.505  -0.379   0.632
 91 219 01 42 30   0.019  -0.485  -0.373   0.624
 91 219 01 43 30   0.119  -0.547  -0.269   0.622
 91 219 01 44 30   0.129  -0.397  -0.449   0.627
 91 219 01 45 30   0.089  -0.056  -0.606   0.619
 91 219 01 46 30   0.109  -0.141  -0.593   0.620
 91 219 01 47 30   0.128  -0.122  -0.590   0.619
 91 219 01 48 30   0.165  -0.058  -0.585   0.614
 91 219 01 49 30   0.125  -0.278  -0.546   0.627
 91 219 01 50 30   0.141  -0.323  -0.523   0.632
 91 219 01 51 30   0.146  -0.308  -0.534   0.634
 91 219 01 52 30   0.123  -0.373  -0.492   0.633
 91 219 01 53 30   0.149  -0.264  -0.553   0.636
 91 219 01 54 30   0.117  -0.218  -0.574   0.631
 91 219 01 55 30   0.140  -0.346  -0.502   0.629
 91 219 01 56 30   0.160  -0.354  -0.493   0.629
 91 219 01 57 30   0.154  -0.352  -0.487   0.623
 91 219 01 58 30   0.156  -0.437  -0.406   0.620
 91 219 01 59 30   0.162  -0.459  -0.384   0.624
 91 219 02 00 30   0.133  -0.491  -0.336   0.616
 91 219 02 01 30   0.197  -0.435  -0.406   0.629
 91 219 02 02 30   0.213  -0.429  -0.414   0.634
 91 219 02 03 30   0.174  -0.502  -0.334   0.629
 91 219 02 04 30   0.212  -0.498  -0.314   0.629
 91 219 02 05 30   0.180  -0.525  -0.300   0.633
 91 219 02 06 30   0.222  -0.532  -0.254   0.630
 91 219 02 07 30   0.130  -0.562  -0.184   0.631
 91 219 02 08 30  -0.055  -0.624  -0.100   0.635
 91 219 02 09 30  -0.040  -0.625  -0.101   0.635
 91 219 02 10 30   0.068  -0.618  -0.153   0.641
 91 219 02 11 30   0.129  -0.620  -0.064   0.638
 91 219 02 12 30   0.135  -0.623  -0.015   0.639
 91 219 02 13 30   0.065  -0.593  -0.152   0.628
 91 219 02 14 30   0.029  -0.603  -0.119   0.622
 91 219 02 15 30   0.095  -0.575  -0.081   0.619
 91 219 02 16 30   0.100  -0.584  -0.143   0.610
 91 219 02 17 30   0.071  -0.582  -0.145   0.607
 91 219 02 18 30   0.126  -0.576  -0.100   0.603
 91 219 02 19 30  -0.060  -0.592   0.088   0.605
 91 219 02 20 30  -0.149  -0.591   0.060   0.614
 91 219 02 21 30  -0.130  -0.599   0.030   0.614
 91 219 02 22 30  -0.126  -0.596   0.055   0.612
 91 219 02 23 30  -0.147  -0.593   0.052   0.615
 91 219 02 24 30  -0.148  -0.600   0.020   0.619
 91 219 02 25 30  -0.081  -0.604  -0.042   0.613
 91 219 02 26 30  -0.039  -0.589  -0.044   0.594
 91 219 02 27 30  -0.176  -0.563   0.043   0.593
 91 219 02 28 30  -0.059  -0.555   0.169   0.587
 91 219 02 29 30  -0.075  -0.539   0.209   0.591
 91 219 02 30 30  -0.008  -0.551   0.202   0.591
 91 219 02 31 30  -0.067  -0.488   0.301   0.585
 91 219 02 32 30  -0.066  -0.484   0.323   0.599
 91 219 02 33 30   0.010  -0.568   0.197   0.614
 91 219 02 34 30   0.106  -0.581   0.174   0.618
 91 219 02 35 30   0.064  -0.596   0.130   0.616
 91 219 02 36 30   0.144  -0.567   0.137   0.606
 91 219 02 37 30   0.212  -0.485   0.286   0.609
 91 219 02 38 30   0.174  -0.550   0.212   0.616
 91 219 02 39 30   0.119  -0.545   0.263   0.619
 91 219 02 40 30   0.082  -0.553   0.262   0.618
 91 219 02 41 30   0.038  -0.565   0.257   0.622
 91 219 02 42 30   0.100  -0.547   0.272   0.620
 91 219 02 43 30   0.094  -0.538   0.292   0.620
 91 219 02 44 30   0.118  -0.513   0.324   0.619
 91 219 02 45 30   0.117  -0.510   0.333   0.624
 91 219 02 46 30   0.163  -0.520   0.302   0.624
 91 219 02 47 30   0.229  -0.548   0.176   0.627
 91 219 02 48 30   0.279  -0.549   0.071   0.625
 91 219 02 49 30   0.279  -0.532   0.130   0.620
 91 219 02 50 30   0.241  -0.499   0.302   0.634
 91 219 02 51 30   0.249  -0.393   0.454   0.664
 91 219 02 52 30   0.210  -0.424   0.480   0.676
 91 219 02 53 30   0.212  -0.392   0.508   0.682
 91 219 02 54 30   0.177  -0.423   0.511   0.691
 91 219 02 55 30   0.150  -0.416   0.521   0.686
 91 219 02 56 30   0.155  -0.408   0.531   0.689
 91 219 02 57 30   0.170  -0.391   0.539   0.690
 91 219 02 58 30   0.160  -0.367   0.564   0.693
 91 219 02 59 30   0.179  -0.361   0.557   0.688
 91 219 03 00 30   0.186  -0.348   0.568   0.692
 91 219 03 01 30   0.188  -0.350   0.570   0.695
 91 219 03 02 30   0.215  -0.271   0.600   0.695
 91 219 03 03 30   0.137  -0.116   0.665   0.690
 91 219 03 04 30   0.159  -0.230   0.637   0.698
 91 219 03 05 30   0.147  -0.180   0.657   0.699
 91 219 03 06 30   0.096  -0.203   0.666   0.704
 91 219 03 07 30   0.155  -0.147   0.670   0.704
 91 219 03 08 30   0.175  -0.165   0.656   0.700
 91 219 03 09 30   0.180  -0.160   0.666   0.708
 91 219 03 10 30   0.179  -0.171   0.669   0.714
 91 219 03 11 30   0.157  -0.171   0.679   0.718
 91 219 03 12 30   0.161  -0.178   0.674   0.716
 91 219 03 13 30   0.104  -0.200   0.680   0.717
 91 219 03 14 30   0.069  -0.198   0.682   0.714
 91 219 03 15 30   0.054  -0.242   0.668   0.713
 91 219 03 16 30   0.103  -0.235   0.669   0.717
 91 219 03 17 30   0.114  -0.242   0.665   0.717
 91 219 03 18 30   0.114  -0.232   0.672   0.721
 91 219 03 19 30   0.103  -0.262   0.663   0.720
 91 219 03 20 30   0.084  -0.256   0.663   0.716
 91 219 03 21 30   0.062  -0.278   0.651   0.711
 91 219 03 22 30   0.075  -0.217   0.669   0.711
 91 219 03 23 30   0.080  -0.130   0.684   0.705
 91 219 03 24 30   0.093  -0.039   0.692   0.700
 91 219 03 25 30   0.089  -0.082   0.691   0.703
 91 219 03 26 30   0.114  -0.133   0.684   0.708
 91 219 03 27 30   0.133  -0.154   0.682   0.713
 91 219 03 28 30   0.074  -0.258   0.659   0.714
 91 219 03 29 30   0.102  -0.270   0.651   0.714
 91 219 03 30 30   0.083  -0.314   0.626   0.707
 91 219 03 31 30   0.059  -0.317   0.614   0.695
 91 219 03 32 30   0.120  -0.253   0.623   0.688
 91 219 03 33 30   0.100  -0.297   0.626   0.702
 91 219 03 34 30   0.134  -0.192   0.664   0.705
 91 219 03 35 30   0.094  -0.286   0.646   0.713
 91 219 03 36 30   0.088  -0.321   0.635   0.717
 91 219 03 37 30   0.037  -0.400   0.592   0.716
 91 219 03 38 30   0.055  -0.385   0.600   0.716
 91 219 03 39 30   0.067  -0.410   0.580   0.714
 91 219 03 40 30   0.090  -0.399   0.579   0.711
 91 219 03 41 30   0.093  -0.441   0.542   0.705
 91 219 03 42 30   0.095  -0.429   0.548   0.704
 91 219 03 43 30   0.152  -0.409   0.552   0.705
 91 219 03 44 30   0.169  -0.406   0.550   0.704
 91 219 03 45 30   0.128  -0.407   0.556   0.701
 91 219 03 46 30   0.072  -0.428   0.545   0.699
 91 219 03 47 30   0.054  -0.372   0.592   0.703
 91 219 03 48 30   0.069  -0.310   0.625   0.702
 91 219 03 49 30   0.144  -0.292   0.622   0.704
 91 219 03 50 30   0.115  -0.298   0.621   0.702
 91 219 03 51 30   0.135  -0.402   0.554   0.699
 91 219 03 52 30   0.112  -0.435   0.535   0.701
 91 219 03 53 30   0.140  -0.456   0.507   0.698
 91 219 03 54 30   0.147  -0.445   0.506   0.692
 91 219 03 55 30   0.125  -0.363   0.572   0.690
 91 219 03 56 30   0.159  -0.444   0.492   0.690
 91 219 03 57 30   0.102  -0.479   0.486   0.694
 91 219 03 58 30   0.129  -0.524   0.435   0.695
 91 219 03 59 30   0.150  -0.501   0.452   0.693
 91 219 04 00 30   0.158  -0.490   0.460   0.693
 91 219 04 01 30   0.189  -0.473   0.468   0.693
 91 219 04 02 30   0.161  -0.444   0.506   0.693
 91 219 04 03 30   0.128  -0.409   0.543   0.693
 91 219 04 04 30   0.163  -0.368   0.571   0.698
 91 219 04 05 30   0.153  -0.395   0.554   0.698
 91 219 07 03 30   0.098   0.357   0.478   0.606
 91 219 07 04 30   0.097   0.364   0.477   0.608
 91 219 07 05 30   0.073   0.336   0.499   0.607
 91 219 07 06 30   0.096   0.332   0.497   0.606
 91 219 07 07 30   0.078   0.363   0.483   0.610
 91 219 07 08 30   0.124   0.327   0.493   0.606
 91 219 07 09 30   0.100   0.312   0.505   0.603
 91 219 07 10 30   0.065   0.365   0.483   0.609
 91 219 07 11 30   0.044   0.376   0.475   0.608
 91 219 07 12 30   0.137   0.314   0.487   0.596
 91 219 07 13 30   0.098   0.332   0.484   0.596
 91 219 07 14 30   0.088   0.370   0.472   0.607
 91 219 07 15 30   0.100   0.357   0.477   0.605
 91 219 07 16 30   0.097   0.375   0.467   0.608
 91 219 07 17 30   0.114   0.370   0.464   0.607
 91 219 07 18 30   0.085   0.414   0.427   0.602
 91 219 07 19 30   0.105   0.382   0.430   0.589
 91 219 07 20 30   0.113   0.344   0.466   0.590
 91 219 07 21 30   0.100   0.313   0.487   0.589
 91 219 07 22 30   0.109   0.295   0.503   0.595
 91 219 07 23 30   0.047   0.235   0.545   0.596
 91 219 07 24 30   0.111   0.290   0.492   0.588
 91 219 07 25 30   0.088   0.240   0.534   0.594
 91 219 07 26 30   0.067   0.238   0.532   0.587
 91 219 07 27 30   0.048   0.247   0.528   0.586
 91 219 07 28 30   0.012   0.213   0.514   0.559
 91 219 07 29 30   0.009   0.258   0.457   0.526
 91 219 07 30 30  -0.036   0.236   0.453   0.514
 91 219 07 31 30  -0.009   0.198   0.497   0.538
 91 219 07 32 30  -0.002   0.262   0.457   0.535
 91 219 07 33 30   0.001   0.287   0.445   0.533
 91 219 07 34 30  -0.006   0.270   0.467   0.541
 91 219 07 35 30  -0.027   0.253   0.477   0.544
 91 219 07 36 30  -0.087   0.237   0.493   0.555
 91 219 07 37 30  -0.093   0.252   0.481   0.552
 91 219 07 38 30  -0.090   0.279   0.464   0.549
 91 219 07 39 30  -0.080   0.279   0.468   0.550
 91 219 07 40 30  -0.057   0.266   0.446   0.524
 91 219 07 41 30  -0.087   0.284   0.407   0.505
 91 219 07 42 30  -0.080   0.306   0.399   0.510
 91 219 07 43 30  -0.072   0.295   0.500   0.586
 91 219 07 44 30   0.010   0.323   0.484   0.582
 91 219 07 45 30  -0.046   0.287   0.541   0.615
 91 219 07 46 30  -0.055   0.241   0.575   0.627
 91 219 07 47 30  -0.027   0.172   0.595   0.621
 91 219 07 48 30  -0.035   0.139   0.581   0.612
 91 219 07 49 30  -0.137   0.361   0.479   0.616
 91 219 07 50 30  -0.165   0.320   0.526   0.638
 91 219 07 51 30  -0.146   0.299   0.550   0.644
 91 219 07 52 30  -0.093   0.244   0.576   0.635
 91 219 07 53 30  -0.035   0.201   0.570   0.608
 91 219 07 54 30  -0.076   0.205   0.582   0.622
 91 219 07 55 30  -0.106   0.166   0.593   0.626
 91 219 07 56 30  -0.196   0.132   0.579   0.627
 91 219 07 57 30  -0.191   0.178   0.568   0.629
 91 219 07 58 30  -0.174   0.176   0.579   0.633
 91 219 07 59 30  -0.174   0.201   0.568   0.631
 91 219 08 00 30  -0.106   0.109   0.622   0.642
 91 219 08 01 30  -0.061  -0.050   0.612   0.629
 91 219 08 02 30   0.017  -0.097   0.598   0.608
 91 219 08 03 30   0.108  -0.193   0.485   0.534
 91 219 08 04 30   0.082  -0.132   0.476   0.501
 91 219 08 05 30   0.111  -0.141   0.510   0.541
 91 219 08 06 30   0.097   0.022   0.608   0.619
 91 219 08 07 30   0.134   0.022   0.597   0.613
 91 219 08 08 30   0.140  -0.036   0.598   0.616
 91 219 08 09 30   0.118  -0.048   0.598   0.613
 91 219 08 10 30   0.141  -0.030   0.591   0.609
 91 219 08 11 30   0.194  -0.062   0.576   0.611
 91 219 08 12 30   0.225  -0.083   0.561   0.610
 91 219 08 13 30   0.230  -0.091   0.554   0.607
 91 219 08 14 30   0.217  -0.103   0.555   0.605
 91 219 08 15 30   0.238  -0.095   0.542   0.601
 91 219 08 16 30   0.246  -0.138   0.529   0.601
 91 219 08 17 30   0.220  -0.175   0.547   0.618
 91 219 08 18 30   0.216  -0.130   0.585   0.637
 91 219 08 19 30   0.196  -0.151   0.581   0.632
 91 219 08 20 30   0.202  -0.107   0.578   0.623
 91 219 08 21 30   0.198  -0.114   0.605   0.647
 91 219 08 22 30   0.209  -0.145   0.590   0.643
 91 219 08 23 30   0.235  -0.180   0.562   0.636
 91 219 08 24 30   0.250  -0.203   0.537   0.626
 91 219 08 25 30   0.283  -0.238   0.509   0.632
 91 219 08 26 30   0.380  -0.281   0.400   0.619
 91 219 08 27 30   0.359  -0.288   0.407   0.615
 91 219 08 28 30   0.346  -0.300   0.402   0.610
 91 219 08 29 30   0.331  -0.309   0.408   0.610
 91 219 08 30 30   0.355  -0.293   0.402   0.611
 91 219 08 31 30   0.351  -0.293   0.411   0.615
 91 219 08 32 30   0.341  -0.312   0.437   0.636
 91 219 08 33 30   0.326  -0.340   0.399   0.617
 91 219 08 34 30   0.340  -0.345   0.381   0.616
 91 219 08 35 30   0.339  -0.338   0.387   0.616
 91 219 08 36 30   0.342  -0.335   0.403   0.626
 91 219 08 37 30   0.288  -0.406   0.403   0.641
 91 219 08 41 30   0.335  -0.400   0.394   0.654
 91 219 08 42 30   0.315  -0.450   0.336   0.646
 91 219 08 43 30   0.362  -0.455   0.257   0.637
 91 219 08 44 30   0.388  -0.442   0.205   0.623
 91 219 08 45 30   0.368  -0.456   0.181   0.614
 91 219 08 46 30   0.334  -0.475   0.200   0.615
 91 219 08 47 30   0.340  -0.458   0.227   0.614
 91 219 08 48 30   0.345  -0.454   0.220   0.611
 91 219 08 49 30   0.359  -0.450   0.209   0.613
 91 219 08 50 30   0.337  -0.438   0.200   0.588
 91 219 08 51 30   0.358  -0.432   0.160   0.585
 91 219 08 52 30   0.380  -0.388   0.104   0.553
 91 219 08 53 30   0.352  -0.400   0.113   0.545
 91 219 08 54 30   0.352  -0.401   0.102   0.544
 91 219 08 55 30   0.334  -0.404   0.117   0.539
 91 219 08 56 30   0.326  -0.431   0.052   0.543
 91 219 08 57 30   0.315  -0.460   0.037   0.561
 91 219 08 58 30   0.294  -0.495  -0.044   0.578
 91 219 08 59 30   0.321  -0.461  -0.029   0.563
 91 219 09 00 30   0.234  -0.480  -0.096   0.545
 91 219 09 01 30   0.206  -0.465  -0.123   0.524
 91 219 09 02 30   0.217  -0.460  -0.103   0.520
 91 219 09 03 30   0.253  -0.468  -0.057   0.537
 91 219 09 04 30   0.183  -0.450  -0.148   0.508
 91 219 09 05 30   0.181  -0.461  -0.176   0.526
 91 219 09 06 30   0.172  -0.425  -0.109   0.471
 91 219 09 07 30   0.195  -0.452  -0.113   0.506
 91 219 09 08 30   0.200  -0.464  -0.065   0.510
 91 219 09 09 30   0.206  -0.474  -0.121   0.532
 91 219 09 10 30   0.199  -0.481  -0.160   0.544
 91 219 09 11 30   0.196  -0.463  -0.155   0.526
 91 219 09 12 30   0.190  -0.482  -0.202   0.557
 91 219 09 13 30   0.197  -0.468  -0.214   0.551
 91 219 09 14 30   0.244  -0.470  -0.175   0.558
 91 219 09 15 30   0.240  -0.469  -0.192   0.561
 91 219 09 16 30   0.259  -0.453  -0.241   0.575
 91 219 09 17 30   0.242  -0.427  -0.334   0.597
 91 219 09 18 30   0.228  -0.413  -0.381   0.607
 91 219 09 19 30   0.240  -0.397  -0.360   0.591
 91 219 09 20 30   0.214  -0.449  -0.295   0.578
 91 219 09 21 30   0.203  -0.439  -0.315   0.578
 91 219 09 22 30   0.195  -0.412  -0.311   0.552
 91 219 09 23 30   0.216  -0.453  -0.203   0.553
 91 219 09 24 30   0.246  -0.487  -0.113   0.558
 91 219 09 25 30   0.255  -0.496  -0.147   0.578
 91 219 09 26 30   0.248  -0.525  -0.095   0.590
 91 219 09 27 30   0.259  -0.516  -0.074   0.582
 91 219 09 28 30   0.244  -0.501  -0.070   0.576
 91 219 09 29 30   0.146  -0.417   0.183   0.564
 91 219 09 30 30  -0.027  -0.218   0.542   0.588
 91 219 09 31 30  -0.006  -0.177   0.564   0.592
 91 219 09 32 30  -0.007  -0.225   0.545   0.599
 91 219 09 33 30  -0.033  -0.218   0.549   0.597
 91 219 09 34 30   0.016  -0.350   0.491   0.604
 91 219 09 35 30   0.023  -0.361   0.482   0.604
 91 219 09 36 30   0.047  -0.413   0.442   0.607
 91 219 09 37 30   0.044  -0.398   0.441   0.596
 91 219 09 38 30   0.044  -0.445   0.334   0.580
 91 219 09 39 30   0.057  -0.394   0.421   0.587
 91 219 09 40 30   0.017  -0.516   0.263   0.581
 91 219 09 41 30   0.081  -0.430   0.366   0.578
 91 219 09 42 30   0.130  -0.396   0.395   0.578
 91 219 09 43 30   0.135  -0.448   0.345   0.590
 91 219 09 44 30   0.161  -0.513   0.253   0.595
 91 219 09 45 30   0.179  -0.413   0.385   0.596
 91 219 09 46 30   0.201  -0.463   0.306   0.591
 91 219 09 47 30   0.218  -0.477   0.285   0.599
 91 219 09 48 30   0.209  -0.507   0.260   0.607
 91 219 09 49 30   0.198  -0.507   0.275   0.611
 91 219 09 50 30   0.193  -0.483   0.309   0.606
 91 219 09 51 30   0.158  -0.479   0.340   0.609
 91 219 09 52 30   0.119  -0.495   0.339   0.612
 91 219 09 53 30   0.125  -0.488   0.346   0.612
 91 219 09 54 30   0.101  -0.499   0.343   0.616
 91 219 09 55 30   0.134  -0.506   0.323   0.617
 91 219 09 56 30   0.108  -0.528   0.299   0.618
 91 219 09 57 30   0.117  -0.526   0.302   0.618
 91 219 09 58 30   0.112  -0.547   0.260   0.616
 91 219 09 59 30   0.191  -0.509   0.277   0.611
 91 219 10 00 30   0.213  -0.502   0.270   0.609
 91 219 10 01 30   0.216  -0.500   0.276   0.612
 91 219 10 02 30   0.248  -0.525   0.215   0.620
 91 219 10 03 30   0.261  -0.522   0.224   0.625
 91 219 10 04 30   0.239  -0.521   0.219   0.615
 91 219 10 05 30   0.228  -0.527   0.209   0.612
 91 219 10 06 30   0.140  -0.571  -0.007   0.594
 91 219 10 07 30   0.125  -0.572  -0.056   0.589
 91 219 10 08 30   0.085  -0.531  -0.160   0.562
 91 219 10 09 30   0.153  -0.534  -0.105   0.567
 91 219 10 10 30   0.230  -0.527  -0.047   0.580
 91 219 10 11 30   0.228  -0.513  -0.079   0.570
 91 219 10 12 30   0.242  -0.515  -0.050   0.578
 91 219 10 13 30   0.132  -0.549  -0.090   0.576
 91 219 10 14 30   0.142  -0.542  -0.080   0.569
 91 219 10 15 30   0.221  -0.526  -0.049   0.586
 91 219 10 16 30   0.275  -0.510   0.020   0.581
 91 219 10 17 30   0.283  -0.504   0.073   0.587
 91 219 10 18 30   0.290  -0.473   0.171   0.586
 91 219 10 19 30   0.317  -0.500  -0.026   0.597
 91 219 10 20 30   0.318  -0.506  -0.075   0.604
 91 219 10 21 30   0.310  -0.516   0.005   0.603
 91 219 10 22 30   0.302  -0.517   0.000   0.599
 91 219 10 23 30   0.295  -0.519  -0.010   0.597
 91 219 10 24 30   0.300  -0.516  -0.026   0.598
 91 219 10 25 30   0.283  -0.522  -0.037   0.596
 91 219 10 26 30   0.292  -0.513  -0.072   0.595
 91 219 10 27 30   0.295  -0.510  -0.080   0.595
 91 219 10 28 30   0.293  -0.514  -0.080   0.597
 91 219 10 29 30   0.291  -0.518  -0.088   0.601
 91 219 10 30 30   0.263  -0.519  -0.097   0.590
 91 219 10 31 30   0.239  -0.520  -0.064   0.577
 91 219 10 32 30   0.236  -0.515  -0.102   0.579
 91 219 10 33 30   0.222  -0.438  -0.309   0.583
 91 219 10 34 30   0.196  -0.443  -0.314   0.577
 91 219 10 35 30   0.216  -0.442  -0.301   0.577
 91 219 10 36 30   0.189  -0.445  -0.313   0.577
 91 219 10 37 30   0.175  -0.449  -0.314   0.576
 91 219 10 38 30   0.183  -0.438  -0.321   0.575
 91 219 10 39 30   0.231  -0.441  -0.255   0.561
 91 219 10 40 30   0.204  -0.438  -0.294   0.570
 91 219 10 41 30   0.150  -0.432  -0.355   0.580
 91 219 10 42 30   0.154  -0.429  -0.356   0.579
 91 219 10 43 30   0.151  -0.412  -0.359   0.568
 91 219 10 44 30   0.125  -0.425  -0.351   0.566
 91 219 10 45 30   0.128  -0.422  -0.343   0.560
 91 219 10 46 30   0.106  -0.406  -0.362   0.555
 91 219 10 47 30   0.130  -0.430  -0.322   0.553
 91 219 10 48 30   0.174  -0.456  -0.259   0.557
 91 219 10 49 30   0.196  -0.481  -0.196   0.558
 91 219 10 50 30   0.173  -0.497  -0.176   0.556
 91 219 10 51 30   0.187  -0.500  -0.156   0.558
 91 219 10 52 30   0.191  -0.474  -0.216   0.557
 91 219 10 53 30   0.199  -0.454  -0.240   0.553
 91 219 10 54 30   0.260  -0.413  -0.249   0.552
 91 219 10 55 30   0.270  -0.415  -0.235   0.552
 91 219 10 56 30   0.244  -0.385  -0.310   0.552
 91 219 10 57 30   0.241  -0.355  -0.340   0.548
 91 219 10 58 30   0.243  -0.345  -0.345   0.547
 91 219 10 59 30   0.246  -0.367  -0.323   0.548
 91 219 11 00 30   0.222  -0.363  -0.346   0.549
 91 219 11 01 30   0.207  -0.370  -0.345   0.547
 91 219 11 02 30   0.201  -0.339  -0.380   0.548
 91 219 11 03 30   0.217  -0.368  -0.344   0.549
 91 219 11 04 30   0.212  -0.390  -0.325   0.552
 91 219 11 05 30   0.211  -0.412  -0.298   0.552
 91 219 11 06 30   0.240  -0.405  -0.272   0.546
 91 219 11 07 30   0.249  -0.369  -0.305   0.544
 91 219 11 08 30   0.256  -0.368  -0.307   0.545
 91 219 11 09 30   0.232  -0.359  -0.332   0.542
 91 219 11 10 30   0.269  -0.383  -0.271   0.542
 91 219 11 11 30   0.284  -0.404  -0.225   0.544
 91 219 11 12 30   0.310  -0.386  -0.240   0.550
 91 219 11 13 30   0.312  -0.394  -0.220   0.550
 91 219 11 14 30   0.326  -0.411  -0.155   0.550
 91 219 11 15 30   0.298  -0.359  -0.273   0.546
 91 219 11 16 30   0.270  -0.354  -0.304   0.541
 91 219 11 17 30   0.286  -0.374  -0.262   0.539
 91 219 11 18 30   0.300  -0.349  -0.272   0.538
 91 219 11 19 30   0.319  -0.316  -0.274   0.528
 91 219 11 20 30   0.320  -0.367  -0.218   0.540
 91 219 11 21 30   0.340  -0.363  -0.208   0.543
 91 219 11 22 30   0.362  -0.319  -0.237   0.540
 91 219 11 23 30   0.355  -0.306  -0.256   0.535
 91 219 11 24 30   0.332  -0.317  -0.268   0.533
 91 219 11 25 30   0.332  -0.318  -0.254   0.526
 91 219 11 26 30   0.311  -0.327  -0.257   0.520
 91 219 11 27 30   0.293  -0.302  -0.265   0.499
 91 219 11 28 30   0.259  -0.277  -0.301   0.485
 91 219 11 29 30   0.278  -0.267  -0.285   0.480
 91 219 11 30 30   0.370  -0.308  -0.226   0.535
 91 219 11 31 30   0.366  -0.345  -0.163   0.530
 91 219 11 32 30   0.365  -0.352  -0.157   0.535
 91 219 11 33 30   0.387  -0.317  -0.185   0.534
 91 219 11 34 30   0.387  -0.319  -0.180   0.533
 91 219 11 35 30   0.365  -0.343  -0.197   0.538
 91 219 11 36 30   0.377  -0.345  -0.192   0.546
 91 219 11 37 30   0.350  -0.351  -0.220   0.544
 91 219 11 38 30   0.353  -0.337  -0.244   0.546
 91 219 11 39 30   0.365  -0.339  -0.230   0.548
 91 219 11 40 30   0.330  -0.360  -0.246   0.549
 91 219 11 41 30   0.339  -0.415  -0.104   0.547
 91 219 11 42 30   0.359  -0.400  -0.094   0.547
 91 219 11 43 30   0.388  -0.361  -0.137   0.549
 91 219 11 44 30   0.375  -0.384  -0.120   0.551
 91 219 11 45 30   0.387  -0.211  -0.281   0.543
 91 219 11 46 30   0.381  -0.249  -0.332   0.564
 91 219 11 47 30   0.409  -0.271  -0.261   0.558
 91 219 11 48 30   0.392  -0.328  -0.204   0.551
 91 219 11 49 30   0.400  -0.339  -0.170   0.552
 91 219 11 50 30   0.427  -0.288  -0.223   0.563
 91 219 11 51 30   0.409  -0.310  -0.185   0.548
 91 219 11 52 30   0.380  -0.321  -0.211   0.544
 91 219 11 53 30   0.372  -0.331  -0.219   0.545
 91 219 11 54 30   0.374  -0.373  -0.142   0.552
 91 219 11 55 30   0.337  -0.421  -0.089   0.550
 91 219 11 56 30   0.356  -0.417  -0.062   0.554
 91 219 11 57 30   0.387  -0.391  -0.016   0.552
 91 219 11 58 30   0.409  -0.376   0.015   0.557
 91 219 11 59 30   0.377  -0.403  -0.005   0.553
 91 219 12 00 30   0.368  -0.412  -0.021   0.554
 91 219 12 01 30   0.390  -0.391  -0.008   0.553
 91 219 12 02 30   0.303  -0.432  -0.082   0.543
 91 219 12 03 30   0.303  -0.432  -0.114   0.544
 91 219 12 04 30   0.288  -0.458  -0.072   0.549
 91 219 12 05 30   0.258  -0.471  -0.065   0.544
 91 219 12 06 30   0.288  -0.461  -0.083   0.551
 91 219 12 07 30   0.319  -0.445  -0.047   0.550
 91 219 12 08 30   0.211  -0.475  -0.198   0.558
 91 219 12 09 30   0.131  -0.491  -0.225   0.565
 91 219 12 10 30   0.192  -0.457  -0.243   0.556
 91 219 12 11 30   0.265  -0.454  -0.178   0.557
 91 219 12 12 30   0.306  -0.436  -0.154   0.556
 91 219 12 13 30   0.233  -0.394  -0.302   0.557
 91 219 12 14 30   0.260  -0.320   0.136   0.545
 91 219 12 15 30   0.263  -0.323   0.351   0.551
 91 219 12 16 30   0.291  -0.368   0.285   0.551
 91 219 12 17 30   0.272  -0.387   0.274   0.548
 91 219 12 18 30   0.280  -0.353   0.308   0.547
 91 219 12 19 30   0.256  -0.357   0.308   0.540
 91 219 12 20 30   0.271  -0.264   0.372   0.534
 91 219 12 21 30   0.173  -0.378   0.298   0.531
 91 219 12 22 30   0.146  -0.290   0.406   0.526
 91 219 12 23 30   0.157  -0.459   0.104   0.508
 91 219 12 24 30   0.014  -0.497  -0.037   0.509
 91 219 12 25 30   0.052  -0.466  -0.204   0.515
 91 219 12 26 30   0.022  -0.326  -0.338   0.477
 91 219 12 27 30   0.063  -0.356  -0.115   0.459
 91 219 12 28 30   0.140  -0.416   0.030   0.446
 91 219 12 29 30   0.030  -0.369   0.315   0.529
 91 219 12 30 30   0.010  -0.353   0.468   0.588
 91 219 12 31 30  -0.049  -0.273   0.513   0.584
 91 219 12 32 30  -0.039  -0.288   0.506   0.585
 91 219 12 33 30  -0.068  -0.240   0.530   0.586
 91 219 12 34 30  -0.036  -0.248   0.532   0.589
 91 219 12 35 30  -0.020  -0.334   0.489   0.593
 91 219 12 36 30   0.012  -0.388   0.452   0.596
 91 219 12 37 30  -0.003  -0.390   0.438   0.588
 91 219 12 38 30  -0.004  -0.371   0.451   0.586
 91 219 12 39 30  -0.004  -0.371   0.456   0.590
 91 219 12 40 30  -0.016  -0.262   0.525   0.591
 91 219 12 41 30  -0.035  -0.243   0.539   0.597
 91 219 12 42 30  -0.009  -0.272   0.530   0.597
 91 219 12 43 30  -0.001  -0.304   0.510   0.594
 91 219 12 44 30   0.019  -0.281   0.523   0.595
 91 219 12 45 30   0.002  -0.295   0.519   0.597
 91 219 12 46 30   0.018  -0.308   0.498   0.594
 91 219 12 47 30   0.057  -0.395   0.427   0.586
 91 219 12 48 30   0.044  -0.375   0.450   0.589
 91 219 12 49 30   0.008  -0.385   0.446   0.591
 91 219 12 50 30   0.076  -0.438   0.386   0.589
 91 219 12 51 30   0.077  -0.390   0.432   0.588
 91 219 12 52 30   0.050  -0.413   0.413   0.588
 91 219 12 53 30  -0.006  -0.481   0.329   0.584
 91 219 12 54 30  -0.034  -0.503   0.290   0.583
 91 219 12 55 30   0.034  -0.466   0.334   0.581
 91 219 12 56 30   0.081  -0.388   0.436   0.591
 91 219 12 57 30   0.067  -0.375   0.440   0.584
 91 219 12 58 30  -0.006  -0.351   0.465   0.584
 91 219 12 59 30   0.023  -0.355   0.463   0.584
 91 219 13 00 30   0.003  -0.350   0.482   0.596
 91 219 13 01 30   0.092  -0.369   0.448   0.590
 91 219 13 02 30   0.153  -0.366   0.426   0.583
 91 219 13 03 30   0.138  -0.357   0.447   0.590
 91 219 13 04 30   0.142  -0.362   0.434   0.584
 91 219 13 05 30   0.127  -0.366   0.437   0.585
 91 219 13 06 30   0.104  -0.357   0.448   0.583
 91 219 13 07 30   0.092  -0.349   0.457   0.583
 91 219 13 08 30   0.108  -0.347   0.459   0.586
 91 219 13 09 30   0.097  -0.358   0.452   0.587
 91 219 13 10 30   0.071  -0.370   0.444   0.583
 91 219 13 11 30   0.038  -0.387   0.435   0.585
 91 219 13 12 30   0.065  -0.338   0.474   0.586
 91 219 13 13 30   0.075  -0.334   0.474   0.587
 91 219 13 14 30   0.089  -0.334   0.475   0.590
 91 219 13 15 30   0.082  -0.341   0.472   0.589
 91 219 13 16 30   0.069  -0.363   0.459   0.590
 91 219 13 17 30   0.084  -0.364   0.455   0.589
 91 219 13 18 30   0.101  -0.363   0.460   0.595
 91 219 13 19 30   0.102  -0.370   0.456   0.597
 91 219 13 20 30   0.112  -0.361   0.461   0.599
 91 219 13 21 30   0.082  -0.435   0.409   0.604
 91 219 13 22 30   0.108  -0.452   0.384   0.603
 91 219 13 23 30   0.107  -0.436   0.401   0.603
 91 219 13 24 30   0.127  -0.440   0.388   0.602
 91 219 13 25 30   0.148  -0.405   0.418   0.601
 91 219 13 26 30   0.135  -0.430   0.368   0.600
 91 219 13 27 30   0.075  -0.524   0.264   0.594
 91 219 13 28 30   0.111  -0.488   0.327   0.599
 91 219 13 29 30   0.056  -0.523   0.274   0.597
 91 219 13 30 30   0.012  -0.559   0.186   0.590
 91 219 13 31 30   0.008  -0.558   0.191   0.591
 91 219 13 32 30  -0.002  -0.559   0.190   0.591
 91 219 13 33 30   0.054  -0.553   0.191   0.589
 91 219 13 34 30   0.045  -0.532   0.242   0.588
 91 219 13 35 30  -0.005  -0.551   0.187   0.584
 91 219 13 36 30  -0.001  -0.552   0.171   0.579
 91 219 13 37 30   0.052  -0.550   0.153   0.574
 91 219 13 38 30  -0.020  -0.562   0.115   0.576
 91 219 13 39 30  -0.003  -0.562   0.136   0.579
 91 219 13 40 30   0.036  -0.552   0.183   0.583
 91 219 13 41 30   0.057  -0.537   0.215   0.585
 91 219 13 42 30   0.049  -0.548   0.185   0.584
 91 219 13 43 30   0.044  -0.556   0.156   0.580
 91 219 13 44 30  -0.012  -0.537   0.203   0.578
 91 219 13 45 30   0.040  -0.569   0.066   0.577
 91 219 13 46 30   0.014  -0.573   0.087   0.581
 91 219 13 47 30  -0.025  -0.579   0.065   0.584
 91 219 13 48 30  -0.051  -0.577   0.071   0.584
 91 219 13 49 30   0.039  -0.578   0.002   0.581
 91 219 13 50 30   0.023  -0.579  -0.002   0.581
 91 219 13 51 30   0.037  -0.571   0.011   0.579
 91 219 13 52 30   0.028  -0.574   0.081   0.581
 91 219 13 53 30   0.046  -0.575   0.046   0.579
 91 219 13 54 30   0.056  -0.568   0.070   0.576
 91 219 13 55 30   0.078  -0.567   0.082   0.579
 91 219 13 56 30   0.099  -0.565   0.082   0.579
 91 219 13 57 30   0.100  -0.564   0.088   0.580
 91 219 13 58 30   0.118  -0.561   0.068   0.577
 91 219 13 59 30   0.068  -0.574   0.063   0.582
 91 219 14 00 30   0.046  -0.578   0.049   0.583
 91 219 14 01 30   0.061  -0.567   0.033   0.571
 91 219 14 02 30   0.033  -0.568  -0.003   0.570
 91 219 14 03 30   0.031  -0.568  -0.005   0.570
 91 219 14 04 30   0.059  -0.568   0.056   0.574
 91 219 14 05 30   0.065  -0.567   0.045   0.572
 91 219 14 06 30   0.065  -0.566  -0.012   0.572
 91 219 14 07 30   0.082  -0.468   0.322   0.578
 91 219 14 08 30   0.063  -0.523   0.233   0.577
 91 219 14 09 30   0.089  -0.522   0.215   0.576
 91 219 14 10 30   0.055  -0.555   0.007   0.568
 91 219 14 11 30   0.095  -0.560  -0.004   0.568
 91 219 14 12 30   0.121  -0.545   0.026   0.564
 91 219 14 13 30   0.104  -0.550  -0.013   0.562
 91 219 14 14 30   0.135  -0.541   0.031   0.559
 91 219 14 15 30   0.166  -0.534   0.026   0.560
 91 219 14 16 30   0.131  -0.547   0.010   0.563
 91 219 14 17 30   0.118  -0.552   0.061   0.569
 91 219 14 18 30   0.087  -0.554   0.115   0.574
 91 219 14 19 30   0.066  -0.568   0.012   0.576
 91 219 14 20 30   0.087  -0.563   0.053   0.572
 91 219 14 21 30   0.072  -0.566   0.033   0.572
 91 219 14 22 30   0.033  -0.574   0.022   0.577
 91 219 14 23 30   0.052  -0.563   0.046   0.569
 91 219 14 24 30   0.046  -0.560  -0.010   0.568
 91 219 14 25 30  -0.085  -0.543  -0.052   0.561
 91 219 14 26 30  -0.163  -0.524  -0.055   0.559
 91 219 14 27 30  -0.278  -0.469  -0.111   0.565
 91 219 14 28 30  -0.210  -0.505  -0.098   0.557
 91 219 14 29 30  -0.188  -0.512  -0.059   0.562
 91 219 14 30 30  -0.262  -0.483  -0.067   0.558
 91 219 14 31 30  -0.270  -0.475  -0.083   0.556
 91 219 14 32 30  -0.228  -0.498  -0.069   0.554
 91 219 14 33 30  -0.188  -0.517  -0.041   0.554
 91 219 14 34 30  -0.206  -0.511  -0.025   0.560
 91 219 14 35 30   0.216  -0.499   0.079   0.552
 91 219 14 36 30   0.222  -0.497   0.059   0.553
 91 219 14 37 30   0.192  -0.522   0.014   0.558
 91 219 14 38 30   0.162  -0.541   0.045   0.567
 91 219 14 39 30   0.164  -0.538   0.049   0.567
 91 219 14 40 30   0.258  -0.457   0.127   0.555
 91 219 14 41 30   0.250  -0.462   0.171   0.554
 91 219 14 42 30   0.202  -0.503   0.145   0.565
 91 219 14 43 30   0.164  -0.530   0.129   0.570
 91 219 14 44 30   0.175  -0.530   0.104   0.568
 91 219 14 45 30   0.178  -0.528   0.105   0.567
 91 219 14 46 30   0.180  -0.528   0.105   0.568
 91 219 14 47 30   0.186  -0.524   0.108   0.566
 91 219 14 48 30   0.193  -0.519   0.101   0.563
 91 219 14 49 30   0.206  -0.511   0.117   0.564
 91 219 14 50 30   0.201  -0.516   0.104   0.564
 91 219 14 51 30   0.163  -0.529   0.102   0.564
 91 219 14 52 30   0.160  -0.532   0.105   0.565
 91 219 14 53 30   0.153  -0.532   0.100   0.562
 91 219 14 54 30   0.152  -0.536   0.093   0.565
 91 219 14 55 30   0.163  -0.532   0.094   0.564
 91 219 14 56 30   0.150  -0.534   0.086   0.562
 91 219 14 57 30   0.156  -0.535   0.079   0.563
 91 219 14 58 30   0.142  -0.535   0.090   0.562
 91 219 14 59 30   0.127  -0.539   0.093   0.562
 91 219 15 00 30   0.124  -0.540   0.099   0.563
 91 219 15 01 30   0.119  -0.538   0.107   0.561
 91 219 15 02 30   0.156  -0.529   0.064   0.562
 91 219 15 03 30   0.219  -0.503   0.041   0.551
 91 219 15 04 30   0.217  -0.498   0.064   0.547
 91 219 15 05 30   0.245  -0.490   0.042   0.551
 91 219 15 06 30   0.281  -0.467   0.059   0.549
 91 219 15 07 30   0.240  -0.495   0.089   0.558
 91 219 15 08 30   0.178  -0.520   0.079   0.556
 91 219 15 09 30   0.103  -0.551   0.063   0.564
 91 219 15 10 30   0.127  -0.540   0.051   0.557
 91 219 15 11 30   0.103  -0.537   0.067   0.551
 91 219 15 12 30   0.129  -0.527   0.079   0.553
 91 219 15 13 30   0.206  -0.507   0.026   0.550
 91 219 15 14 30   0.064  -0.541   0.110   0.557
 91 219 15 15 30   0.081  -0.537   0.112   0.555
 91 219 15 16 30   0.050  -0.545   0.060   0.552
 91 219 15 17 30   0.037  -0.550   0.015   0.553
 91 219 15 18 30   0.059  -0.545   0.013   0.553
 91 219 15 19 30   0.089  -0.296   0.185   0.489
 91 219 15 20 30   0.150  -0.131   0.491   0.543
 91 219 15 21 30   0.217  -0.136   0.504   0.567
 91 219 15 22 30   0.237  -0.183   0.480   0.567
 91 219 15 23 30   0.244  -0.213   0.464   0.567
 91 219 15 24 30   0.236  -0.214   0.469   0.568
 91 219 15 25 30   0.183  -0.286   0.446   0.566
 91 219 15 26 30   0.175  -0.258   0.461   0.560
 91 219 15 27 30   0.158  -0.309   0.440   0.563
 91 219 15 28 30   0.171  -0.284   0.444   0.564
 91 219 15 29 30   0.176  -0.278   0.463   0.569
 91 219 15 30 30   0.142  -0.356   0.418   0.570
 91 219 15 31 30   0.162  -0.450   0.256   0.560
 91 219 15 32 30   0.208  -0.374   0.357   0.564
 91 219 15 33 30   0.116  -0.419   0.361   0.565
 91 219 15 34 30   0.139  -0.415   0.356   0.565
 91 219 15 35 30   0.139  -0.406   0.374   0.570
 91 219 15 36 30   0.163  -0.371   0.405   0.574
 91 219 15 37 30   0.132  -0.417   0.375   0.577
 91 219 15 38 30   0.141  -0.462   0.315   0.578
 91 219 15 39 30   0.099  -0.467   0.322   0.576
 91 219 15 40 30   0.081  -0.468   0.321   0.574
 91 219 15 41 30   0.098  -0.453   0.346   0.580
 91 219 15 42 30   0.063  -0.471   0.318   0.577
 91 219 15 43 30   0.069  -0.508   0.245   0.569
 91 219 15 44 30   0.098  -0.502   0.242   0.568
 91 219 15 45 30   0.106  -0.473   0.298   0.570
 91 219 15 46 30   0.055  -0.481   0.306   0.575
 91 219 15 47 30   0.013  -0.503   0.270   0.572
 91 219 15 48 30   0.013  -0.487   0.300   0.573
 91 219 15 49 30  -0.019  -0.508   0.265   0.574
 91 219 15 50 30  -0.043  -0.485   0.300   0.573
 91 219 15 51 30  -0.010  -0.452   0.348   0.573
 91 219 15 52 30   0.083  -0.519   0.229   0.576
 91 219 15 53 30   0.111  -0.526   0.184   0.569
 91 219 15 54 30   0.086  -0.519   0.211   0.568
 91 219 15 55 30   0.085  -0.522   0.204   0.569
 91 219 15 56 30   0.119  -0.531   0.176   0.572
 91 219 15 57 30   0.136  -0.537   0.139   0.572
 91 219 15 58 30   0.122  -0.548   0.097   0.573
 91 219 15 59 30   0.113  -0.557   0.052   0.573
 91 219 16 00 30   0.132  -0.545   0.109   0.572
 91 219 16 01 30   0.154  -0.539   0.047   0.568
 91 219 16 02 30   0.174  -0.538   0.070   0.573
 91 219 16 03 30   0.137  -0.556  -0.024   0.574
 91 219 16 04 30   0.137  -0.552  -0.055   0.571
 91 219 16 05 30   0.116  -0.557  -0.018   0.571
 91 219 16 06 30   0.105  -0.558   0.005   0.568
 91 219 16 07 30   0.104  -0.558   0.036   0.571
 91 219 16 08 30   0.121  -0.553  -0.061   0.571
 91 219 16 09 30   0.134  -0.536  -0.108   0.566
 91 219 16 10 30   0.130  -0.526  -0.145   0.562
 91 219 16 11 30   0.140  -0.520  -0.121   0.553
 91 219 16 12 30   0.132  -0.502  -0.154   0.544
 91 219 16 13 30   0.136  -0.519  -0.041   0.540
 91 219 16 14 30   0.157  -0.514  -0.053   0.544
 91 219 16 15 30   0.085  -0.518  -0.145   0.547
 91 219 16 16 30   0.092  -0.522  -0.117   0.546
 91 219 16 17 30   0.094  -0.532  -0.096   0.552
 91 219 16 18 30   0.109  -0.529  -0.117   0.553
 91 219 16 19 30   0.122  -0.528  -0.083   0.549
 91 219 16 20 30   0.122  -0.526  -0.106   0.551
 91 219 16 21 30   0.107  -0.531  -0.090   0.550
 91 219 16 22 30   0.078  -0.540  -0.092   0.554
 91 219 16 23 30   0.067  -0.526  -0.140   0.550
 91 219 16 24 30   0.126  -0.494  -0.197   0.548
 91 219 16 25 30   0.082  -0.502  -0.179   0.548
 91 219 16 26 30   0.062  -0.527  -0.047   0.547
 91 219 16 27 30   0.141  -0.522  -0.081   0.551
 91 219 16 28 30   0.114  -0.530  -0.099   0.553
 91 219 16 29 30   0.048  -0.536   0.077   0.550
 91 219 16 30 30   0.079  -0.541   0.064   0.553
 91 219 16 31 30   0.085  -0.547   0.049   0.557
 91 219 16 32 30   0.094  -0.545   0.003   0.554
 91 219 16 33 30   0.068  -0.552   0.001   0.557
 91 219 16 34 30   0.106  -0.547   0.027   0.561
 91 219 16 35 30   0.118  -0.512  -0.181   0.556
 91 219 16 36 30   0.171  -0.477  -0.212   0.554
 91 219 16 37 30   0.188  -0.469  -0.199   0.547
 91 219 16 38 30   0.155  -0.502  -0.132   0.546
 91 219 16 39 30   0.151  -0.509  -0.144   0.551
 91 219 16 40 30   0.130  -0.519  -0.124   0.550
 91 219 16 41 30   0.133  -0.519  -0.101   0.548
 91 219 16 42 30   0.230  -0.492  -0.018   0.546
 91 219 16 43 30   0.091  -0.526  -0.119   0.551
 91 219 16 44 30   0.180  -0.514  -0.049   0.549
 91 219 16 45 30   0.187  -0.515  -0.044   0.553
 91 219 16 46 30   0.211  -0.485  -0.116   0.545
 91 219 16 47 30   0.245  -0.453  -0.112   0.545
 91 219 16 48 30   0.264  -0.416  -0.178   0.539
 91 219 16 49 30  -0.067  -0.405  -0.041   0.530
 91 219 16 50 30  -0.273  -0.149   0.447   0.561
 91 219 16 51 30  -0.307  -0.074   0.492   0.585
 91 219 16 52 30  -0.314  -0.185   0.448   0.578
 91 219 16 53 30  -0.328  -0.186   0.440   0.580
 91 219 16 54 30  -0.332  -0.175   0.445   0.584
 91 219 16 55 30  -0.323  -0.213   0.443   0.589
 91 219 16 56 30  -0.312  -0.225   0.437   0.583
 91 219 16 57 30  -0.298  -0.218   0.448   0.581
 91 219 16 58 30  -0.332  -0.198   0.436   0.583
 91 219 16 59 30  -0.331  -0.202   0.440   0.588
 91 219 17 00 30  -0.322  -0.230   0.435   0.589
 91 219 17 01 30  -0.322  -0.230   0.434   0.587
 91 219 17 02 30  -0.307  -0.211   0.456   0.589
 91 219 17 03 30  -0.312  -0.256   0.426   0.588
 91 219 17 04 30  -0.310  -0.267   0.426   0.592
 91 219 17 05 30  -0.315  -0.282   0.419   0.595
 91 219 17 06 30  -0.327  -0.291   0.405   0.597
 91 219 17 07 30  -0.312  -0.305   0.406   0.596
 91 219 17 08 30  -0.305  -0.326   0.393   0.595
 91 219 17 09 30  -0.275  -0.347   0.384   0.588
 91 219 17 10 30  -0.297  -0.332   0.385   0.589
 91 219 17 11 30  -0.295  -0.341   0.382   0.592
 91 219 17 12 30  -0.281  -0.361   0.373   0.591
 91 219 17 13 30  -0.278  -0.331   0.404   0.593
 91 219 17 14 30  -0.277  -0.296   0.433   0.601
 91 219 17 15 30  -0.122  -0.523   0.250   0.594
 91 219 17 16 30  -0.144  -0.502   0.276   0.591
 91 219 17 17 30  -0.151  -0.493   0.285   0.590
 91 219 17 18 30  -0.150  -0.498   0.271   0.589
 91 219 17 19 30  -0.125  -0.525   0.234   0.590
 91 219 17 20 30  -0.116  -0.532   0.226   0.590
 91 219 17 21 30  -0.129  -0.549   0.147   0.584
 91 219 17 22 30  -0.160  -0.532   0.178   0.584
 91 219 17 23 30  -0.116  -0.543   0.169   0.582
 91 219 17 24 30  -0.081  -0.516   0.238   0.579
 91 219 17 25 30  -0.050  -0.530   0.230   0.582
 91 219 17 26 30  -0.155  -0.501   0.239   0.579
 91 219 17 27 30  -0.159  -0.511   0.205   0.580
 91 219 17 28 30  -0.144  -0.534   0.152   0.575
 91 219 17 29 30  -0.185  -0.519   0.175   0.579
 91 219 17 30 30  -0.196  -0.513   0.191   0.582
 91 219 17 31 30  -0.153  -0.533   0.169   0.580
 91 219 17 32 30  -0.214  -0.500   0.204   0.583
 91 219 17 33 30  -0.171  -0.519   0.198   0.584
 91 219 17 34 30  -0.133  -0.541   0.180   0.586
 91 219 17 35 30  -0.106  -0.565   0.073   0.584
 91 219 17 36 30  -0.148  -0.563  -0.041   0.588
 91 219 17 37 30  -0.177  -0.551  -0.022   0.581
 91 219 17 38 30  -0.144  -0.559  -0.017   0.578
 91 219 17 39 30  -0.145  -0.555   0.015   0.575
 91 219 17 40 30  -0.170  -0.549   0.063   0.579
 91 219 17 41 30  -0.143  -0.553   0.084   0.578
 91 219 17 42 30  -0.149  -0.550   0.055   0.574
 91 219 17 43 30  -0.148  -0.545   0.099   0.574
 91 219 17 44 30  -0.188  -0.542   0.070   0.578
 91 219 17 45 30  -0.198  -0.539   0.049   0.577
 91 219 17 46 30  -0.179  -0.530   0.125   0.574
 91 219 17 47 30  -0.143  -0.513   0.194   0.571
 91 219 17 48 30  -0.182  -0.509   0.202   0.579
 91 219 17 49 30  -0.164  -0.521   0.176   0.574
 91 219 17 50 30  -0.191  -0.518   0.156   0.574
 91 219 17 51 30  -0.227  -0.520   0.086   0.574
 91 219 17 52 30  -0.248  -0.507   0.081   0.571
 91 219 17 53 30  -0.244  -0.499   0.126   0.570
 91 219 17 54 30  -0.254  -0.492   0.123   0.568
 91 219 17 55 30  -0.244  -0.500   0.119   0.569
 91 219 17 56 30  -0.259  -0.492   0.111   0.567
 91 219 17 57 30  -0.236  -0.489   0.143   0.564
 91 219 17 58 30  -0.255  -0.458   0.225   0.571
 91 219 17 59 30  -0.280  -0.474   0.183   0.580
 91 219 18 00 30  -0.280  -0.467   0.200   0.581
 91 219 18 01 30  -0.316  -0.450   0.194   0.584
 91 219 18 02 30  -0.316  -0.467   0.146   0.582
 91 219 18 03 30  -0.280  -0.494   0.138   0.585
 91 219 18 04 30  -0.268  -0.495   0.159   0.585
 91 219 18 05 30  -0.273  -0.489   0.152   0.583
 91 219 23 49 30   0.152  -0.544  -0.112   0.577
 91 219 23 50 30   0.149  -0.555  -0.082   0.581
 91 219 23 51 30   0.157  -0.554  -0.082   0.582
 91 219 23 52 30   0.121  -0.568  -0.064   0.586
 91 219 23 53 30   0.159  -0.560  -0.065   0.588
 91 219 23 54 30   0.175  -0.551  -0.072   0.583
 91 219 23 55 30   0.120  -0.568  -0.043   0.586
 91 219 23 56 30   0.081  -0.577  -0.062   0.587
 91 219 23 57 30   0.008  -0.568   0.026   0.582
 91 219 23 58 30  -0.056  -0.575   0.065   0.588
 91 219 23 59 30   0.111  -0.576  -0.006   0.590
