 91 227 10 13 30  -1.052   3.036   0.456   3.250
 91 227 10 14 30  -1.059   3.019   0.410   3.232
 91 227 10 15 30  -1.204   2.570   1.501   3.218
 91 227 10 16 30  -1.419   2.698   1.322   3.324
 91 227 10 17 30  -1.542   2.727   1.202   3.357
 91 227 10 18 30  -1.572   2.669   1.099   3.288
 91 227 10 19 30  -1.447   2.759   1.122   3.313
 91 227 10 20 30  -1.343   2.822   1.044   3.297
 91 227 10 21 30  -1.272   2.821   1.090   3.282
 91 227 10 22 30  -1.459   2.726   0.976   3.247
 91 227 10 23 30  -1.401   2.642   0.925   3.131
 91 227 10 24 30  -1.280   2.636   0.961   3.084
 91 227 10 25 30  -1.341   2.651   0.844   3.089
 91 227 10 26 30  -1.224   2.708   0.917   3.112
 91 227 10 27 30  -1.240   2.714   0.891   3.117
 91 227 10 28 30  -1.349   2.702   0.730   3.108
 91 227 10 29 30  -1.282   2.714   0.713   3.086
 91 227 10 30 30  -1.274   2.700   0.593   3.045
 91 227 10 31 30  -0.987   2.862  -0.117   3.054
 91 227 10 32 30  -0.823   2.796  -0.529   2.965
 91 227 10 33 30  -0.671   2.667  -1.102   2.977
 91 227 10 34 30  -0.601   2.642  -1.210   2.970
 91 227 10 35 30  -0.600   2.595  -1.186   2.917
 91 227 10 36 30  -0.660   2.582  -1.195   2.925
 91 227 10 37 30  -0.667   2.613  -1.037   2.891
 91 227 10 38 30  -0.625   2.616  -1.020   2.878
 91 227 10 39 30  -0.563   2.564  -1.073   2.838
 91 227 10 40 30  -0.619   2.550  -0.972   2.799
 91 227 10 41 30  -0.599   2.557  -0.985   2.806
 91 227 10 42 30  -0.567   2.525  -1.059   2.797
 91 227 10 43 30  -0.560   2.527  -1.052   2.795
 91 227 10 44 30  -0.542   2.497  -1.119   2.791
 91 227 10 45 30  -0.570   2.553  -0.973   2.793
 91 227 10 46 30  -0.637   2.589  -0.740   2.772
 91 227 10 47 30  -0.700   2.641  -0.521   2.787
 91 227 10 48 30  -0.709   2.650  -0.553   2.800
 91 227 10 49 30  -0.595   2.657  -0.557   2.781
 91 227 10 50 30  -0.587   2.576  -0.706   2.744
 91 227 10 51 30  -0.693   2.502  -0.865   2.745
 91 227 10 52 30  -0.643   2.514  -0.954   2.770
 91 227 10 53 30  -0.490   2.497  -0.975   2.750
 91 227 10 54 30  -0.668   2.459  -0.955   2.742
 91 227 10 55 30  -0.671   1.646  -1.904   2.726
 91 227 10 56 30   0.228   1.036  -2.369   2.690
 91 227 10 57 30   0.551   0.654  -2.597   2.736
 91 227 10 58 30   0.495   0.650  -2.683   2.806
 91 227 10 59 30   0.471   0.662  -2.669   2.791
 91 227 11 00 30   0.443   0.738  -2.638   2.775
 91 227 11 01 30   0.506   0.668  -2.635   2.768
 91 227 11 02 30   0.533   0.556  -2.686   2.795
 91 227 11 03 30   0.631   0.739  -2.635   2.813
 91 227 11 04 30   0.575   0.465  -2.725   2.826
 91 227 11 05 30   0.553   0.754  -2.613   2.777
 91 227 11 06 30   0.479   0.839  -2.596   2.772
 91 227 11 07 30   0.411   0.895  -2.501   2.705
 91 227 11 08 30   0.390   1.175  -2.350   2.660
 91 227 11 09 30   0.341   1.114  -2.364   2.638
 91 227 11 10 30   0.289   1.062  -2.356   2.602
 91 227 11 11 30   0.306   1.095  -2.345   2.608
 91 227 11 12 30   0.284   0.975  -2.391   2.606
 91 227 11 13 30   0.382   1.377  -2.133   2.583
 91 227 11 14 30   0.475   1.270  -2.192   2.594
 91 227 11 15 30   0.425   1.479  -2.116   2.621
 91 227 11 16 30   0.451   1.530  -2.100   2.638
 91 227 11 17 30   0.591   1.102  -2.307   2.650
 91 227 11 18 30   0.745   0.741  -2.433   2.650
 91 227 11 19 30   0.720   0.805  -2.423   2.654
 91 227 11 20 30   0.571   1.001  -2.361   2.629
 91 227 11 21 30   0.457   1.263  -2.240   2.614
 91 227 11 22 30   0.504   1.412  -2.146   2.620
 91 227 11 23 30   0.580   1.300  -2.199   2.622
 91 227 11 24 30   0.464   1.372  -2.175   2.616
 91 227 11 25 30   0.378   1.277  -2.252   2.619
 91 227 11 26 30   0.454   1.094  -2.339   2.624
 91 227 11 27 30   0.377   1.033  -2.378   2.621
 91 227 11 28 30   0.477   1.081  -2.313   2.603
 91 227 11 29 30   0.500   0.847  -2.405   2.602
 91 227 11 30 30   0.459   0.978  -2.357   2.600
 91 227 11 31 30   0.405   1.236  -2.251   2.601
 91 227 11 32 30   0.370   1.305  -2.210   2.596
 91 227 11 33 30   0.268   1.259  -2.250   2.593
 91 227 11 34 30   0.247   1.226  -2.268   2.593
 91 227 11 35 30   0.387   1.267  -2.229   2.594
 91 227 11 36 30   0.303   1.263  -2.256   2.604
 91 227 11 37 30   0.374   1.292  -2.218   2.595
 91 227 11 38 30   0.411   1.290  -2.232   2.611
 91 227 11 39 30   0.428   1.298  -2.237   2.622
 91 227 11 40 30   0.429   1.293  -2.229   2.613
 91 227 11 41 30   0.413   1.359  -2.214   2.631
 91 227 11 42 30   0.344   1.423  -2.210   2.652
 91 227 11 43 30   0.320   1.360  -2.237   2.639
 91 227 11 44 30   0.341   1.438  -2.173   2.629
 91 227 11 45 30   0.349   1.402  -2.186   2.622
 91 227 11 46 30   0.300   1.448  -2.117   2.583
 91 227 11 47 30   0.337   1.456  -2.124   2.598
 91 227 11 48 30   0.241   1.497  -2.157   2.639
 91 227 11 49 30   0.261   1.405  -2.177   2.607
 91 227 11 50 30   0.247   1.384  -2.180   2.596
 91 227 11 51 30   0.221   1.401  -2.198   2.618
 91 227 11 52 30   0.218   1.500  -2.128   2.617
 91 227 12 01 30   0.299   1.532  -2.052   2.580
 91 227 12 02 30   0.244   1.487  -2.138   2.616
 91 227 12 03 30   0.323   1.456  -2.095   2.572
 91 227 12 04 30   0.351   1.468  -2.075   2.566
 91 227 12 05 30   0.393   1.485  -2.095   2.598
 91 227 12 06 30   0.261   1.474  -2.125   2.600
 91 227 12 08 30   0.227   2.178  -2.329   3.299
 91 227 12 09 30   0.169   1.411  -2.157   2.583
 91 227 12 10 30   0.101   1.432  -2.137   2.574
 91 227 12 11 30   0.185   1.426  -2.126   2.569
 91 227 12 12 30   0.135   1.373  -2.174   2.576
 91 227 12 13 30   0.080   1.430  -2.129   2.566
 91 227 12 14 30   0.097   1.339  -2.187   2.567
 91 227 12 15 30   0.029   1.427  -2.081   2.670
 91 227 12 16 30   0.042   1.294  -2.202   2.555
 91 227 12 17 30  -0.051   1.205  -2.215   2.523
 91 227 12 18 30   0.041   1.273  -2.236   2.575
 91 227 12 19 30   0.075   1.281  -2.216   2.562
 91 227 12 20 30  -0.014   1.641  -1.888   2.508
 91 227 12 21 30  -0.422   1.936  -1.481   2.486
 91 227 12 22 30   0.093   1.864  -1.633   2.486
 91 227 12 23 30   0.257   1.843  -1.632   2.477
 91 227 12 24 30   0.313   1.723  -1.769   2.493
 91 227 12 25 30   0.298   1.777  -1.719   2.491
 91 227 12 26 30   0.245   1.852  -1.691   2.519
 91 227 12 27 30   0.200   1.849  -1.642   2.482
 91 227 12 28 30   0.421   1.813  -1.708   2.590
 91 227 12 29 30   0.113   1.812  -1.726   2.545
 91 227 12 30 30   0.202   1.752  -1.938   2.664
 91 227 12 31 30   0.085   1.833  -1.748   2.536
 91 227 12 32 30   0.188   1.812  -1.765   2.537
 91 227 12 33 30   0.239   1.739  -1.910   2.660
 91 227 12 37 30   0.175   1.917  -1.724   2.646
 91 227 12 38 30  -0.037   2.014  -1.417   2.473
 91 227 12 39 30  -0.105   1.904  -1.488   2.439
 91 227 12 40 30   0.065   1.911  -1.525   2.450
 91 227 12 41 30   0.152   2.084  -1.214   2.499
 91 227 12 42 30  -0.141   2.003  -1.338   2.414
 91 227 12 44 30   0.151   1.953  -1.357   2.411
 91 227 12 45 30   0.075   1.985  -1.626   2.735
 91 227 12 47 30   0.340   2.246  -1.668   2.824
 91 227 12 48 30   0.113   1.912  -1.576   2.497
 91 227 12 49 30   0.032   1.857  -1.592   2.447
 91 227 12 50 30   0.127   1.897  -1.560   2.463
 91 227 12 51 30   0.081   1.784  -1.663   2.443
 91 227 12 52 30   0.331   1.651  -1.703   2.403
 91 227 12 53 30   0.396   1.586  -1.761   2.406
 91 227 12 54 30   0.293   1.558  -1.751   2.363
 91 227 12 55 30   0.254   1.491  -1.829   2.375
 91 227 12 56 30   0.464   1.746  -1.494   2.355
 91 227 12 57 30   0.397   1.712  -1.538   2.359
 91 227 12 58 30   0.501   1.699  -1.577   2.380
 91 227 12 59 30   0.501   1.563  -1.698   2.365
 91 227 13 00 30   0.442   1.443  -1.801   2.352
 91 227 13 03 30   0.266   1.636  -1.714   2.387
 91 227 13 04 30   0.172   1.602  -1.759   2.388
 91 227 13 05 30  -0.012   1.494  -1.834   2.387
 91 227 13 06 30  -0.038   1.401  -1.786   2.498
 91 227 13 07 30  -0.058   1.390  -1.988   2.534
 91 227 13 08 30  -0.005   1.732  -2.078   2.715
 91 227 13 09 30  -0.197   1.719  -1.691   2.421
 91 227 13 10 30  -0.038   1.908  -1.522   2.444
 91 227 13 11 30  -0.080   1.722  -1.670   2.402
 91 227 13 12 30  -0.126   1.711  -1.666   2.402
 91 227 13 13 30  -0.052   1.803  -1.589   2.405
 91 227 13 14 30  -0.075   1.713  -1.691   2.412
 91 227 13 15 30  -0.123   1.746  -1.664   2.416
 91 227 13 16 30  -0.110   1.677  -1.778   2.448
 91 227 13 17 30  -0.094   1.705  -1.536   2.565
 91 227 13 18 30  -0.180   1.875  -1.616   2.491
 91 227 13 19 30  -0.347   1.773  -1.588   2.409
 91 227 13 20 30  -0.370   1.883  -1.496   2.433
 91 227 13 21 30   0.088   1.989  -1.030   2.679
 91 227 13 22 30  -0.065   1.788  -1.743   2.499
 91 227 13 23 30  -0.158   1.798  -1.703   2.483
 91 227 13 24 30  -0.269   1.894  -1.614   2.511
 91 227 13 25 30   0.039   1.877  -1.622   2.628
 91 227 13 26 30  -0.134   0.008  -0.034   2.482
 91 227 13 27 30  -0.415  -1.450   0.127   2.476
 91 227 13 28 30  -0.319   0.212   0.355   2.485
 91 227 13 29 30  -0.317  -0.251   0.455   2.487
 91 227 13 30 30  -0.194  -0.272   0.415   2.444
 91 227 13 31 30   0.067   0.442  -0.361   2.523
 91 227 13 32 30   0.133  -0.140  -0.116   2.484
 91 227 13 33 30  -0.201  -0.002   0.299   2.472
 91 227 13 34 30  -0.274   0.776  -0.929   2.469
 91 227 13 35 30  -0.477   1.853  -1.564   2.476
 91 227 13 36 30  -0.114   1.759  -1.711   2.458
 91 227 13 37 30  -0.172   1.821  -1.677   2.484
 91 227 13 38 30  -0.143   1.822  -1.647   2.461
 91 227 13 39 30  -0.256   1.792  -1.582   2.512
 91 227 13 40 30  -0.214   1.843  -1.472   2.454
 91 227 13 41 30  -0.153   1.979  -1.451   2.466
 91 227 13 42 30  -0.079   1.928  -1.450   2.416
 91 227 13 43 30   0.081   1.920  -1.437   2.400
 91 227 13 44 30   0.179   1.868  -1.474   2.388
 91 227 13 45 30   0.182   1.829  -1.515   2.385
 91 227 13 47 30  -0.037   1.922  -1.531   2.459
 91 227 13 48 30   0.008   1.951  -1.434   2.425
 91 227 13 49 30  -0.017   1.847  -1.562   2.419
 91 227 13 50 30  -0.149   1.795  -1.594   2.408
 91 227 13 51 30  -0.678   1.959  -1.512   2.920
 91 227 13 52 30  -0.227   1.850  -1.488   2.387
 91 227 13 53 30  -0.184   1.868  -1.482   2.393
 91 227 13 54 30  -0.143   1.804  -1.560   2.391
 91 227 13 55 30  -0.380   1.727  -1.698   2.460
 91 227 13 56 30  -0.375   1.554  -1.775   2.447
 91 227 13 57 30  -0.416   1.618  -1.762   2.431
 91 227 13 58 30  -0.535   1.615  -1.739   2.435
 91 227 13 59 30  -0.435   1.608  -1.786   2.446
 91 227 14 00 30  -0.542   1.543  -1.810   2.445
 91 227 14 01 30  -0.567   1.497  -1.838   2.440
 91 227 14 02 30  -0.524   1.623  -1.744   2.439
 91 227 14 03 30  -0.479   1.461  -1.863   2.418
 91 227 14 04 30  -0.400   1.358  -1.958   2.418
 91 227 14 06 30  -0.393   1.636  -1.772   2.451
 91 227 14 07 30  -0.548   1.763  -1.626   2.509
 91 227 14 08 30  -0.548   1.900  -1.398   2.451
 91 227 14 09 30  -0.436   1.727  -1.579   2.409
 91 227 14 10 30  -0.369   1.483  -1.820   2.395
 91 227 14 11 30  -0.257   1.716  -1.648   2.428
 91 227 14 12 30  -0.234   1.946  -1.451   2.450
 91 227 14 13 30  -0.312   1.746  -1.637   2.445
 91 227 14 14 30  -0.199   1.751  -1.610   2.393
 91 227 14 15 30  -0.037   1.526  -1.839   2.395
 91 227 14 17 30  -0.109   1.665  -1.659   2.359
 91 227 14 18 30  -0.143   1.879  -1.467   2.407
 91 227 14 19 30  -0.082   1.615  -1.763   2.400
 91 227 14 20 30   0.105   1.595  -1.778   2.397
 91 227 14 21 30   0.057   1.507  -1.897   2.425
 91 227 14 22 30   0.047   1.523  -1.850   2.421
 91 227 14 24 30   0.307   1.372  -1.978   2.430
 91 227 14 25 30   0.187   1.196  -2.087   2.418
 91 227 14 26 30   0.276   1.209  -2.053   2.403
 91 227 14 27 30   0.545   1.109  -2.020   2.384
 91 227 14 28 30   0.587   1.099  -2.058   2.416
 91 227 14 29 30   0.569   1.303  -2.048   2.503
 91 227 14 30 30   0.637   1.344  -2.414   2.841
 91 227 14 31 30   0.466   1.325  -2.107   2.534
 91 227 14 38 30   0.625   1.680  -1.909   2.619
 91 227 14 39 30   0.482   1.664  -1.912   2.581
 91 227 14 40 30   0.663   1.620  -1.774   2.496
 91 227 14 41 30   0.558   1.487  -1.986   2.543
 91 227 14 47 30   0.363   1.790  -1.789   2.558
 91 227 14 48 30   0.384   1.699  -1.712   2.445
 91 227 14 49 30   0.489   1.717  -1.750   2.503
 91 227 14 50 30   0.361   1.671  -1.827   2.505
 91 227 14 51 30   0.319   1.767  -1.778   2.528
 91 227 14 53 30   0.609   1.758  -1.698   2.520
 91 227 14 54 30   0.651   1.739  -1.739   2.545
 91 227 14 55 30   0.750   1.598  -1.786   2.512
 91 227 14 58 30   0.607   1.728  -1.747   2.532
 91 227 14 59 30   0.319   1.548  -2.030   2.593
 91 227 15 00 30   0.748   1.722  -1.752   2.572
 91 227 15 01 30   0.753   1.631  -1.771   2.527
 91 227 15 02 30   0.577   1.310  -2.048   2.507
 91 227 15 03 30   0.675   1.501  -1.966   2.606
 91 227 15 04 30   0.800   1.756  -1.575   2.494
 91 227 15 05 30   0.716   1.714  -1.652   2.486
 91 227 15 06 30   0.802   1.757  -1.577   2.496
 91 227 15 07 30   0.708   1.760  -1.653   2.520
 91 227 15 08 30   0.707   1.537  -1.731   2.605
 91 227 15 11 30   0.697   1.764  -1.699   2.549
 91 227 15 12 30   0.559   1.675  -1.855   2.562
 91 227 15 13 30   0.589   1.656  -1.883   2.595
 91 227 15 14 30   0.544   1.753  -1.801   2.572
 91 227 15 15 30   0.482   1.719  -1.859   2.581
 91 227 15 16 30   0.617   1.847  -1.699   2.589
 91 227 15 17 30   0.938   1.873  -1.565   2.639
 91 227 15 18 30   0.892   1.865  -1.533   2.574
 91 227 15 19 30   0.843   1.708  -1.701   2.623
 91 227 15 20 30   0.644   1.780  -1.617   2.493
 91 227 15 21 30   0.747   1.688  -1.644   2.478
 91 227 15 22 30   0.783   1.681  -1.631   2.472
 91 227 15 23 30   0.860   1.422  -1.756   2.550
 91 227 15 24 30   0.836   1.465  -1.838   2.498
 91 227 15 25 30   0.713   1.504  -1.859   2.501
 91 227 15 26 30   0.550   1.555  -1.894   2.514
 91 227 15 27 30   0.522   1.531  -1.896   2.496
 91 227 15 28 30   0.424   1.703  -1.772   2.498
 91 227 15 29 30   0.378   1.463  -1.991   2.502
 91 227 15 30 30   0.586   1.493  -1.947   2.527
 91 227 15 31 30   0.488   1.516  -1.743   2.570
 91 227 15 32 30   0.328   1.513  -1.956   2.504
 91 227 15 33 30   0.367   1.499  -1.954   2.495
 91 227 15 36 30   1.328   1.756  -1.079   2.452
 91 227 15 37 30   1.323   1.728  -1.045   2.420
 91 227 15 38 30   1.173   1.642  -1.309   2.408
 91 227 15 40 30   1.063   1.696  -1.379   2.431
 91 227 15 41 30   0.826   1.759  -1.743   2.641
 91 227 15 42 30   0.886   1.708  -1.569   2.485
 91 227 15 43 30   1.073   1.661  -1.476   2.469
 91 227 15 44 30   1.137   1.655  -1.424   2.462
 91 227 15 46 30   0.938   1.880  -1.261   2.453
 91 227 15 47 30   0.840   1.815  -1.536   2.563
 91 227 15 48 30   0.806   1.827  -1.435   2.464
 91 227 15 49 30   0.929   1.860  -1.351   2.495
 91 227 15 50 30   0.840   1.497  -1.313   2.609
 91 227 15 51 30   0.863   1.813  -1.469   2.487
 91 227 15 52 30   0.824   1.777  -1.487   2.460
 91 227 15 53 30   0.894   1.810  -1.477   2.502
 91 227 15 54 30   0.885   1.619  -1.560   2.521
 91 227 15 55 30   0.876   1.769  -1.394   2.431
 91 227 15 58 30   0.849   1.704  -1.701   2.576
 91 227 15 59 30   0.892   1.829  -1.549   2.559
 91 227 16 00 30   0.949   1.830  -1.518   2.562
 91 227 16 01 30   0.974   1.791  -1.529   2.550
 91 227 16 02 30   0.969   1.825  -1.493   2.550
 91 227 16 03 30   1.008   1.801  -1.403   2.498
 91 227 16 04 30   0.867   1.739  -1.592   2.517
 91 227 16 05 30   1.101   1.834  -1.361   2.546
 91 227 16 07 30   1.087   1.836  -1.390   2.548
 91 227 16 08 30   0.991   1.958  -1.316   2.563
 91 227 16 09 30   0.936   1.864  -1.340   2.519
 91 227 16 10 30   0.582   1.705  -1.830   2.569
 91 227 16 11 30   0.730   1.834  -1.672   2.590
 91 227 16 14 30   1.008   1.741  -1.568   2.555
 91 227 16 15 30   0.890   1.748  -1.675   2.582
 91 227 16 16 30   0.984   1.646  -1.646   2.530
 91 227 16 17 30   0.914   1.700  -1.732   2.594
 91 227 16 19 30   0.845   1.905  -1.586   2.621
 91 227 16 20 30   0.808   1.806  -1.706   2.616
 91 227 16 21 30   0.847   1.802  -1.642   2.586
 91 227 16 22 30   0.898   1.775  -1.755   2.694
 91 227 16 23 30   0.933   1.630  -1.836   2.628
 91 227 16 24 30   1.003   1.592  -1.830   2.626
 91 227 16 25 30   1.024   1.634  -1.741   2.601
 91 227 16 26 30   0.700   1.734  -1.762   2.574
 91 227 16 27 30   0.823   1.590  -1.634   2.673
 91 227 16 28 30   0.711   1.641  -1.865   2.586
 91 227 16 29 30   0.575   1.703  -1.799   2.543
 91 227 16 30 30   0.570   1.644  -1.964   2.625
 91 227 16 31 30   0.749   1.572  -1.938   2.608
 91 227 16 32 30   0.674   1.715  -1.824   2.593
 91 227 16 33 30   0.724   1.574  -1.893   2.566
 91 227 16 34 30   0.875   1.489  -1.893   2.564
 91 227 16 36 30   0.595   1.621  -1.979   2.627
 91 227 16 37 30   0.644   1.640  -1.945   2.625
 91 227 16 38 30   0.578   1.672  -1.915   2.608
 91 227 16 39 30   0.613   1.725  -1.811   2.580
 91 227 16 40 30   0.630   1.735  -1.788   2.571
 91 227 16 41 30   0.652   1.558  -1.935   2.569
 91 227 16 43 30   1.196   0.654  -1.786   2.249
 91 227 16 44 30   0.981   0.832  -1.816   2.238
 91 227 16 45 30   0.988   0.763  -1.813   2.211
 91 227 16 46 30   0.898   0.963  -1.744   2.194
 91 227 16 47 30   1.029   1.300  -1.719   2.531
 91 227 16 48 30   1.217   0.532  -1.986   2.446
 91 227 16 50 30   0.834   0.972  -1.872   2.305
 91 227 16 51 30   0.616   1.408  -1.660   2.265
 91 227 16 52 30   0.981   1.222  -1.634   2.276
 91 227 16 54 30   0.897   1.361  -1.659   2.333
 91 227 16 55 30   0.629   1.648  -1.631   2.413
 91 227 16 56 30   0.471   1.772  -1.636   2.462
 91 227 16 57 30   0.307   1.959  -1.460   2.471
 91 227 16 58 30   0.399   1.956  -1.347   2.426
 91 227 17 00 30  -0.960   2.082  -0.764   2.423
 91 227 17 01 30  -0.630   2.384  -1.114   2.738
 91 227 17 02 30  -0.112   2.230  -1.091   2.518
 91 227 17 03 30  -0.653   2.285  -0.849   2.553
 91 227 17 04 30  -0.197   2.300  -1.090   2.575
 91 227 17 05 30  -0.291   2.321  -1.101   2.642
 91 227 17 06 30   0.050   2.278  -1.679   2.903
 91 227 17 10 30  -1.487   2.315   2.307   3.601
 91 227 17 11 30  -0.989   2.539   2.412   3.648
 91 227 17 12 30  -1.193   2.282   2.599   3.662
 91 227 17 16 30  -0.697   3.130   1.551   3.589
 91 227 17 17 30  -0.862   3.160   1.502   3.608
 91 227 17 18 30  -1.138   2.705   2.130   3.683
 91 227 17 19 30  -0.988   2.942   2.067   3.738
 91 227 17 21 30  -1.260   3.322   0.805   3.647
 91 227 17 22 30  -1.085   3.347   0.883   3.633
 91 227 17 23 30  -1.049   3.478   0.342   3.754
 91 227 17 24 30  -0.490   3.256  -1.189   3.589
 91 227 17 25 30  -0.649   3.469  -0.286   3.554
 91 227 17 26 30  -0.313   3.286  -1.102   3.559
 91 227 17 27 30  -0.367   3.504  -0.366   3.668
 91 227 17 28 30  -0.264   2.953  -2.061   3.612
 91 227 17 29 30   0.098   2.318  -2.875   3.760
 91 227 17 31 30   0.084   2.165  -2.851   3.802
 91 227 17 32 30   0.238   2.063  -3.151   3.796
 91 227 17 33 30   0.180   1.888  -3.202   3.730
 91 227 17 34 30   0.544   2.455  -2.805   3.782
 91 227 17 35 30   0.797   1.672  -3.272   3.790
 91 227 17 39 30   0.179   2.808  -2.434   3.729
 91 227 17 40 30   0.042   2.649  -2.213   3.462
 91 227 17 41 30  -0.041   2.575  -2.310   3.466
 91 227 17 42 30   0.300   2.835  -2.170   3.633
 91 227 17 45 30  -0.570   2.835  -1.860   3.445
 91 227 17 46 30  -0.832   2.866  -1.842   3.508
 91 227 17 47 30  -0.732   3.113  -1.478   3.547
 91 227 17 48 30  -1.042   2.842  -1.941   3.665
 91 227 17 49 30  -1.270   2.933  -1.354   3.499
 91 227 17 50 30  -0.717   3.057  -1.543   3.519
 91 227 17 51 30  -0.652   3.040  -1.441   3.612
 91 227 17 52 30  -0.949   2.920  -1.654   3.506
 91 227 17 54 30  -0.959   3.047  -1.496   3.553
 91 227 17 55 30  -0.649   3.142  -1.541   3.573
 91 227 17 56 30  -0.758   3.340  -1.222   3.641
 91 227 17 58 30  -0.999   3.251  -1.170   3.606
 91 227 17 59 30  -0.999   3.936  -0.976   4.215
 91 227 18 00 30  -0.853   3.482  -0.394   3.607
 91 227 18 01 30  -0.697   3.522  -0.440   3.711
 91 227 18 04 30  -0.929   3.348  -0.656   3.537
 91 227 18 06 30  -1.047   3.104  -0.502   3.543
 91 227 18 07 30  -1.911   3.004   0.116   3.566
 91 227 18 12 30  -2.009   2.821   0.036   3.474
 91 227 18 13 30  -1.913   2.814   0.308   3.438
 91 227 18 14 30  -1.758   2.845  -0.524   3.389
 91 227 18 15 30  -1.842   2.716  -0.636   3.372
 91 227 18 16 30  -2.096   2.598  -0.537   3.403
 91 227 18 17 30  -2.066   2.445  -0.589   3.288
 91 227 18 18 30  -1.918   2.595  -0.367   3.343
 91 227 18 19 30  -1.042   2.841  -1.180   3.358
 91 227 18 20 30  -1.111   3.174   0.508   3.403
 91 227 18 21 30  -1.441   2.908   0.568   3.326
 91 227 18 22 30  -1.122   2.856  -0.021   3.199
 91 227 18 23 30   0.233   1.345  -2.880   3.210
 91 227 18 24 30   0.287   1.329  -2.878   3.251
 91 227 18 25 30   0.013   1.597  -2.935   3.352
 91 227 18 26 30   0.272   1.413  -3.014   3.352
 91 227 18 27 30  -0.028   2.445  -2.521   3.524
 91 227 18 28 30   0.122   2.440  -2.538   3.527
 91 227 18 29 30   0.114   2.776  -2.041   3.485
 91 227 18 30 30   0.179   3.104  -1.270   3.390
 91 227 18 31 30   0.060   3.269  -1.014   3.510
 91 227 18 32 30  -0.054   3.057  -1.681   3.548
 91 227 18 33 30   0.044   3.087  -1.885   3.623
 91 227 18 34 30   0.473   3.343  -0.781   3.544
 91 227 18 35 30   0.372   3.437  -0.748   3.550
 91 227 18 36 30   0.396   3.369  -0.829   3.535
 91 227 18 37 30   0.206   3.218  -1.472   3.554
 91 227 18 38 30   0.331   3.196  -1.700   3.643
 91 227 18 39 30   0.203   3.007  -1.912   3.600
 91 227 18 40 30   0.156   2.871  -2.166   3.623
 91 227 18 41 30  -0.353   3.226  -1.682   3.670
 91 227 18 42 30   0.088   3.005  -1.998   3.613
 91 227 18 43 30  -0.347   2.921  -2.175   3.665
 91 227 18 44 30  -0.278   2.783  -2.288   3.622
 91 227 18 45 30  -0.073   2.876  -2.267   3.666
 91 227 18 46 30  -0.110   2.894  -2.159   3.613
 91 227 18 47 30  -0.165   2.864  -2.068   3.554
 91 227 18 48 30  -0.245   2.985  -1.600   3.539
 91 227 18 49 30  -1.210   3.363  -0.646   3.652
 91 227 18 50 30  -0.906   3.306  -1.067   3.598
 91 227 18 51 30  -0.731   3.432  -0.991   3.649
 91 227 18 52 30  -0.551   3.503  -0.739   3.632
 91 227 18 53 30   0.174   3.481  -0.443   3.533
 91 227 18 54 30  -0.314   3.385  -0.616   3.493
 91 227 18 55 30  -1.028   3.287  -0.906   3.565
 91 227 18 56 30  -1.051   3.302  -0.960   3.597
 91 227 18 57 30  -0.768   3.344  -0.712   3.524
 91 227 18 58 30  -0.357   3.459  -0.153   3.494
 91 227 18 59 30  -0.666   3.382  -0.295   3.502
 91 227 19 00 30  -0.089   3.441  -0.147   3.458
 91 227 19 01 30  -0.576   3.436  -0.422   3.517
 91 227 19 02 30  -0.542   3.456  -0.355   3.521
 91 227 19 03 30  -0.614   3.324  -0.565   3.446
 91 227 19 04 30  -0.493   3.323  -0.797   3.463
 91 227 19 05 30  -0.477   3.070  -1.501   3.460
 91 227 19 06 30  -0.524   2.860  -1.940   3.505
 91 227 19 07 30  -1.067   3.083  -1.073   3.454
 91 227 19 08 30  -1.005   2.978  -1.135   3.356
 91 227 19 09 30  -1.047   3.067  -0.819   3.354
 91 227 19 10 30  -1.245   3.029  -0.604   3.340
 91 227 19 11 30  -1.203   2.909  -1.065   3.328
 91 227 19 12 30  -0.900   2.912  -1.379   3.350
 91 227 19 13 30  -1.159   2.811  -1.432   3.375
 91 227 19 14 30  -0.686   3.100  -0.956   3.363
 91 227 19 15 30  -0.265   2.963  -1.689   3.464
 91 227 19 16 30  -0.172   3.133  -1.430   3.495
 91 227 19 17 30  -0.025   3.637  -0.695   3.713
 91 227 19 18 30   0.234   3.739   0.154   3.762
 91 227 19 19 30   0.422   3.399   1.194   3.647
 91 227 19 20 30   0.032   3.381   1.003   3.542
 91 227 19 21 30   0.341   3.161   1.558   3.554
 91 227 19 22 30  -1.496   2.117  -1.671   3.326
 91 227 19 23 30  -1.703   2.125  -1.838   3.296
 91 227 19 24 30  -1.766   2.515  -1.464   3.407
 91 227 19 25 30  -1.741   2.605  -1.393   3.431
 91 227 19 26 30  -1.768   2.203  -1.725   3.345
 91 227 19 27 30  -1.311   2.491  -1.480   3.311
 91 227 19 28 30  -0.043   3.133   0.663   3.278
 91 227 19 29 30   0.876   3.005  -0.190   3.251
 91 227 19 30 30   0.967   2.961  -0.859   3.247
 91 227 19 31 30   0.588   2.901  -1.649   3.399
 91 227 19 32 30  -1.370   2.710  -0.563   3.330
 91 227 19 33 30  -1.119   3.022  -0.958   3.384
 91 227 19 34 30  -0.953   3.033  -0.914   3.378
 91 227 19 35 30  -0.021   2.642  -1.739   3.181
 91 227 19 36 30  -0.051   2.954  -1.361   3.265
 91 227 19 37 30   0.024   2.992  -1.508   3.357
 91 227 19 38 30   0.133   2.902  -1.589   3.318
 91 227 19 39 30   0.073   3.031  -1.329   3.322
 91 227 19 40 30  -0.087   3.195  -0.983   3.370
 91 227 19 41 30   0.118   2.967  -1.577   3.378
 91 227 19 42 30   0.421   2.456  -2.201   3.334
 91 227 19 43 30   0.803   2.383  -2.076   3.283
 91 227 19 44 30   0.435   2.853  -1.576   3.303
 91 227 19 45 30   0.397   2.857  -1.623   3.317
 91 227 19 46 30   0.487   3.058  -1.197   3.332
 91 227 19 47 30   0.329   3.071  -1.450   3.416
 91 227 19 48 30   0.734   2.964  -1.460   3.422
 91 227 19 49 30   0.602   2.925  -1.464   3.371
 91 227 19 50 30   0.011   3.250  -0.923   3.384
 91 227 19 51 30   0.362   3.063  -1.425   3.400
 91 227 19 53 30   0.439   3.181  -1.280   3.459
 91 227 19 54 30   0.257   3.216  -1.164   3.434
 91 227 19 55 30   0.173   3.231  -1.064   3.412
 91 227 19 56 30   0.360   3.256  -1.036   3.440
 91 227 19 57 30   0.454   3.211  -1.111   3.430
 91 227 19 58 30   0.370   3.234  -1.161   3.459
 91 227 19 59 30   0.228   3.264  -1.124   3.468
 91 227 20 00 30   0.537   3.264  -1.007   3.480
 91 227 20 01 30  -0.053   3.278  -1.074   3.473
 91 227 20 02 30  -0.382   3.296  -0.906   3.467
 91 227 20 03 30  -0.890   3.232  -0.566   3.459
 91 227 20 04 30  -0.952   3.227  -0.238   3.431
 91 227 20 05 30  -0.665   3.329  -0.364   3.443
 91 227 20 06 30  -0.743   3.294  -0.586   3.432
 91 227 20 07 30  -0.712   3.285  -0.640   3.424
 91 227 20 08 30  -0.808   3.281  -0.647   3.450
 91 227 20 09 30  -1.097   3.130  -0.789   3.413
 91 227 20 10 30  -1.014   3.246  -0.370   3.428
 91 227 20 11 30  -0.977   3.198  -0.666   3.451
 91 227 20 12 30  -0.999   3.279  -0.355   3.454
 91 227 20 13 30  -1.017   3.246  -0.074   3.404
 91 227 20 14 30  -1.009   3.271  -0.029   3.425
 91 227 20 15 30  -0.827   3.287   0.088   3.394
 91 227 20 16 30  -0.619   3.196   0.240   3.273
 91 227 20 17 30  -0.619   3.203  -0.096   3.271
 91 227 20 18 30  -1.426   2.441  -0.516   3.319
 91 227 20 19 30  -1.590   0.105  -0.014   3.259
 91 227 20 20 30  -1.654   0.005   0.108   3.346
 91 227 20 21 30  -1.791   0.049   0.080   3.340
 91 227 20 22 30  -1.633  -0.546   0.271   3.310
 91 227 20 27 30  -1.491   0.029   0.067   3.317
 91 227 20 28 30  -1.576  -0.063  -0.065   3.338
 91 227 20 29 30  -1.617  -0.041  -0.016   3.332
 91 227 20 30 30  -1.623   0.093  -0.086   3.358
 91 227 20 31 30  -1.674   0.075  -0.064   3.335
 91 227 20 32 30  -1.590   0.065   0.077   3.328
 91 227 20 33 30  -1.377   0.100   0.089   3.321
 91 227 20 34 30  -1.394   0.535   0.524   3.348
 91 227 20 44 30  -1.545   0.009   0.090   3.372
 91 227 20 45 30  -1.511   0.060   0.106   3.378
 91 227 20 46 30  -1.423  -0.066  -0.011   3.396
 91 227 20 47 30  -1.486  -0.070   0.017   3.364
 91 227 20 48 30  -1.468   0.093  -0.090   3.380
 91 227 20 49 30  -1.396   0.034  -0.090   3.374
 91 227 20 50 30  -1.253   0.103   0.053   3.377
 91 227 20 51 30  -1.281   0.132   0.041   3.360
 91 227 20 52 30  -1.016   1.113   1.149   3.356
 91 227 20 53 30  -0.762   2.717  -1.752   3.365
 91 227 20 54 30  -0.184   2.136  -2.403   3.231
 91 227 20 55 30  -0.332   2.303  -2.276   3.262
 91 227 20 56 30  -0.792   2.892  -1.514   3.369
 91 227 20 57 30  -0.892   3.150  -0.811   3.399
 91 227 20 58 30  -0.929   3.235  -0.315   3.395
 91 227 20 59 30  -0.020   3.259  -0.751   3.374
 91 227 21 00 30  -0.536   3.270   0.443   3.401
 91 227 21 01 30  -0.560   3.197   0.800   3.349
 91 227 21 02 30  -0.515   3.013   1.222   3.358
 91 227 21 03 30  -0.407   2.856   1.752   3.382
 91 227 21 04 30  -0.165   2.579   2.173   3.379
 91 227 21 05 30   0.106   2.422   2.251   3.317
 91 227 21 06 30   0.211   2.244   2.365   3.280
 91 227 21 07 30   0.134   2.319   1.999   3.125
 91 227 21 08 30  -0.644   2.554   1.061   3.156
 91 227 21 09 30  -0.160   2.244   2.048   3.046
 91 227 21 10 30  -0.134   2.315   1.986   3.056
 91 227 21 11 30  -0.327   2.413   1.865   3.103
 91 227 21 12 30  -0.608   2.884   0.961   3.154
 91 227 21 13 30  -0.749   3.112  -0.089   3.233
 91 227 21 14 30  -1.522   2.457  -1.213   3.191
 91 227 21 15 30  -1.973   2.080  -1.319   3.170
 91 227 21 16 30  -1.950   2.075  -1.303   3.146
 91 227 21 17 30  -2.048   1.931  -1.327   3.147
 91 227 21 18 30  -2.219   1.968  -1.062   3.165
 91 227 21 19 30  -1.979   2.160  -1.153   3.165
 91 227 21 20 30  -2.561   1.789  -0.722   3.217
 91 227 21 21 30  -2.530   1.929  -0.533   3.230
 91 227 21 22 30  -2.550   1.917  -0.461   3.235
 91 227 21 23 30  -2.613   2.040  -0.465   3.356
 91 227 21 24 30  -2.567   2.094  -0.302   3.333
 91 227 21 25 30  -2.525   2.001   0.318   3.243
 91 227 21 26 30  -2.415   2.140  -0.108   3.232
 91 227 21 27 30  -2.203   2.458  -0.127   3.307
 91 227 21 28 30  -2.066   2.593  -0.178   3.328
 91 227 21 29 30  -1.987   2.549  -0.033   3.248
 91 227 21 30 30  -2.238   2.366   0.455   3.300
 91 227 21 31 30  -2.203   2.439   0.515   3.329
 91 227 21 32 30  -2.125   2.429   0.607   3.302
 91 227 21 33 30  -2.177   2.287   0.816   3.267
 91 227 21 34 30  -2.060   2.367   0.783   3.236
 91 227 21 35 30  -1.987   2.284   1.086   3.223
 91 227 21 36 30  -1.930   2.138   1.328   3.240
 91 227 21 37 30  -1.668   1.390   2.377   3.222
 91 227 21 38 30  -1.736   1.329   2.345   3.210
 91 227 21 39 30  -1.699   1.364   2.333   3.211
 91 227 21 40 30  -1.834   1.819   1.835   3.190
 91 227 21 41 30  -1.571   2.268   1.470   3.141
 91 227 21 42 30  -1.675   2.356   1.162   3.137
 91 227 21 43 30  -1.553   1.947   1.669   3.125
 91 227 21 44 30  -1.459   1.815   2.132   3.161
 91 227 21 45 30  -1.745   1.704   1.917   3.108
 91 227 21 46 30  -1.362   1.906   1.827   3.053
 91 227 21 47 30  -1.599   2.009   1.533   3.013
 91 227 21 48 30  -1.292   2.523   0.917   3.007
 91 227 21 49 30  -1.385   2.574   0.807   3.043
 91 227 21 50 30  -1.402   2.254   1.364   2.991
 91 227 21 51 30  -1.271   2.359   1.491   3.078
 91 227 21 52 30  -1.332   2.402   1.569   3.181
 91 227 21 53 30  -1.245   2.025   2.044   3.255
 91 227 21 54 30  -1.295   1.826   2.454   3.333
 91 227 21 55 30  -1.383   1.693   2.529   3.345
 91 227 21 56 30  -1.301   1.696   2.536   3.318
 91 227 21 57 30  -1.159   1.964   2.364   3.306
 91 227 21 58 30  -1.113   2.435   1.944   3.321
 91 227 21 59 30  -0.818   2.792   1.522   3.300
 91 227 22 00 30  -0.498   2.834   1.490   3.266
 91 227 22 01 30  -0.651   2.741   1.563   3.234
 91 227 22 02 30  -0.665   2.816   1.404   3.233
 91 227 22 03 30  -1.039   2.515   1.887   3.315
 91 227 22 04 30  -0.943   2.635   1.782   3.321
 91 227 22 05 30  -1.019   2.525   1.888   3.317
 91 227 22 06 30  -0.764   2.649   1.845   3.322
 91 227 22 07 30  -0.838   2.543   1.944   3.311
 91 227 22 08 30  -0.773   2.495   2.035   3.316
 91 227 22 09 30  -0.843   2.468   2.033   3.310
 91 227 22 10 30  -1.096   2.316   2.083   3.304
 91 227 22 11 30  -1.181   2.212   2.162   3.314
 91 227 22 12 30  -1.270   1.975   2.339   3.315
 91 227 22 13 30  -1.484   1.739   2.357   3.287
 91 227 22 14 30  -1.480   1.712   2.380   3.290
 91 227 22 15 30  -1.306   2.104   2.116   3.275
 91 227 22 16 30  -1.045   2.238   2.005   3.189
 91 227 22 17 30  -1.121   2.068   2.106   3.162
 91 227 22 18 30  -1.293   1.520   2.464   3.200
 91 227 22 19 30  -1.373   0.956   2.683   3.245
 91 227 22 20 30  -1.815  -0.112   2.687   3.273
 91 227 22 21 30  -1.599   1.621   2.300   3.257
 91 227 22 22 30  -1.018   2.470   1.555   3.103
 91 227 22 23 30  -1.074   2.761   1.026   3.163
 91 227 22 24 30  -1.180   2.850   1.006   3.250
 91 227 22 25 30  -1.175   2.730   1.688   3.496
 91 227 22 26 30  -1.226   3.052   1.147   3.495
 91 227 22 27 30  -1.079   3.199   0.851   3.496
 91 227 22 28 30  -0.996   3.265   0.908   3.546
 91 227 22 29 30  -0.988   3.231   0.772   3.745
 91 227 22 30 30  -0.775   3.288   0.790   3.506
 91 227 22 31 30  -0.885   2.984   1.012   3.328
 91 227 22 32 30  -0.782   3.087   0.821   3.312
 91 227 22 33 30  -0.606   3.220   0.601   3.347
 91 227 22 34 30  -0.555   3.185   0.536   3.358
 91 227 22 35 30  -1.665   1.209   2.565   3.325
 91 227 22 36 30  -1.799   1.212   2.486   3.345
 91 227 22 37 30  -1.827   1.448   2.381   3.335
 91 227 22 38 30  -1.784   1.866   2.009   3.297
 91 227 22 39 30  -1.768   1.799   2.202   3.380
 91 227 22 40 30  -1.800   1.555   2.452   3.421
 91 227 22 41 30  -1.662   1.673   2.498   3.438
 91 227 22 42 30  -1.579   1.709   2.515   3.430
 91 227 22 43 30  -1.723   1.722   2.422   3.435
 91 227 22 44 30  -1.653   1.714   2.350   3.352
 91 227 22 45 30  -1.959   1.371   2.190   3.256
 91 227 22 46 30  -2.046   1.443   2.053   3.244
 91 227 22 47 30  -1.867   1.457   2.205   3.240
 91 227 22 48 30  -1.866   1.437   2.223   3.243
 91 227 22 49 30  -1.928   1.362   2.234   3.256
 91 227 22 50 30  -1.956   1.591   2.020   3.238
 91 227 22 51 30  -1.830   1.533   2.036   3.144
 91 227 22 52 30  -1.943   1.353   1.834   2.998
 91 227 22 53 30  -1.968   1.348   1.842   3.019
 91 227 22 54 30  -1.597   1.897   1.692   3.014
 91 227 22 55 30  -1.822   1.996   1.318   3.020
 91 227 22 56 30  -1.833   1.934   1.427   3.031
 91 227 22 57 30  -1.610   1.966   1.618   3.031
 91 227 22 58 30  -2.004   1.484   1.745   3.121
 91 227 22 59 30  -2.134   1.293   1.724   3.074
 91 227 23 00 30  -1.966   1.616   1.542   3.004
 91 227 23 01 30  -2.045   1.774   1.426   3.082
 91 227 23 02 30  -2.321   1.573   1.562   3.221
 91 227 23 03 30  -2.174   1.667   1.651   3.202
 91 227 23 04 30  -2.323   1.646   1.496   3.219
 91 227 23 05 30  -1.555   2.355   1.299   3.130
 91 227 23 06 30  -1.387   2.652   1.062   3.190
 91 227 23 07 30  -1.403   2.797   1.064   3.310
 91 227 23 08 30  -1.272   2.768   1.148   3.258
 91 227 23 09 30  -1.103   2.812   1.153   3.241
 91 227 23 10 30  -1.203   2.803   1.126   3.258
 91 227 23 11 30  -0.966   2.903   0.913   3.201
 91 227 23 12 30  -1.758   2.162   1.512   3.202
 91 227 23 13 30  -1.467   2.306   1.656   3.210
 91 227 23 14 30  -1.375   2.502   1.399   3.188
 91 227 23 15 30  -1.247   2.521   1.455   3.178
 91 227 23 16 30  -0.900   2.551   1.509   3.109
 91 227 23 17 30  -0.605   2.441   1.794   3.093
 91 227 23 18 30  -0.817   2.629   1.667   3.224
 91 227 23 19 30  -0.941   2.587   1.667   3.224
 91 227 23 20 30  -1.099   2.445   1.723   3.188
 91 227 23 21 30  -1.102   2.350   1.896   3.222
 91 227 23 22 30  -1.077   2.388   1.776   3.198
 91 227 23 23 30  -1.025   2.226   1.946   3.231
 91 227 23 24 30  -1.453   2.763   1.107   3.327
 91 227 23 25 30  -1.528   2.749   1.006   3.356
 91 227 23 26 30  -1.271   2.981   0.995   3.399
 91 227 23 27 30  -1.260   3.206   0.159   3.484
 91 227 23 28 30  -1.142   3.168   0.762   3.495
 91 227 23 29 30  -1.237   2.957   1.359   3.489
 91 227 23 30 30  -1.200   2.998   1.374   3.510
 91 227 23 31 30  -1.229   3.039   1.300   3.528
 91 227 23 32 30  -1.199   3.121   1.201   3.553
 91 227 23 33 30  -0.994   3.301   0.455   3.535
 91 227 23 34 30  -0.985   3.277   0.810   3.535
 91 227 23 35 30  -1.281   3.050   1.061   3.476
 91 227 23 36 30  -0.922   3.249   0.280   3.422
 91 227 23 37 30  -1.102   3.167   0.423   3.393
 91 227 23 38 30  -0.965   3.277   0.132   3.436
 91 227 23 39 30  -1.041   3.248  -0.468   3.478
 91 227 23 40 30  -1.027   3.242  -0.459   3.483
 91 227 23 41 30  -0.903   3.334   0.045   3.497
 91 227 23 42 30  -0.906   3.287   0.286   3.426
 91 227 23 43 30  -0.890   3.298   0.263   3.437
 91 227 23 44 30  -0.965   3.242   0.202   3.416
 91 227 23 45 30  -0.840   3.168   1.019   3.445
 91 227 23 46 30  -0.842   3.262  -0.877   3.512
 91 227 23 47 30  -1.025   3.317  -0.385   3.538
 91 227 23 48 30  -0.616   3.411  -0.603   3.532
 91 227 23 49 30  -0.195   3.499  -0.460   3.545
 91 227 23 50 30  -0.599   3.485  -0.155   3.551
 91 227 23 51 30  -0.831   3.441  -0.201   3.549
 91 227 23 52 30  -1.084   3.312  -0.061   3.502
 91 227 23 53 30  -1.090   3.263   0.288   3.469
 91 227 23 54 30  -0.886   3.339  -0.025   3.458
 91 227 23 55 30  -0.792   3.354  -0.159   3.451
 91 227 23 56 30  -0.757   3.378  -0.309   3.477
 91 227 23 57 30  -0.696   3.331  -0.281   3.419
 91 227 23 58 30  -0.616   3.341  -0.245   3.408
 91 227 23 59 30  -0.395   3.365  -0.282   3.407
