 91 245 12 28 30   0.236  -0.220  -0.025   0.324
 91 245 12 29 30   0.242  -0.215  -0.027   0.325
 91 245 12 30 30   0.243  -0.233  -0.024   0.338
 91 245 12 31 30   0.247  -0.233  -0.021   0.340
 91 245 12 32 30   0.254  -0.228  -0.023   0.343
 91 245 12 33 30   0.260  -0.207  -0.032   0.334
 91 245 12 34 30   0.264  -0.196  -0.040   0.332
 91 245 12 35 30   0.256  -0.208  -0.031   0.332
 91 245 12 36 30   0.253  -0.201  -0.034   0.325
 91 245 12 37 30   0.247  -0.209  -0.015   0.324
 91 245 12 38 30   0.241  -0.209  -0.043   0.323
 91 245 12 39 30   0.241  -0.191  -0.082   0.318
 91 245 12 40 30   0.244  -0.182  -0.078   0.314
 91 245 12 41 30   0.246  -0.183  -0.064   0.314
 91 245 12 42 30   0.210  -0.180  -0.163   0.325
 91 245 12 43 30   0.154  -0.168  -0.248   0.337
 91 245 12 44 30   0.138  -0.166  -0.258   0.337
 91 245 12 45 30   0.140  -0.171  -0.245   0.331
 91 245 12 46 30   0.132  -0.122  -0.279   0.332
 91 245 12 47 30   0.124  -0.030  -0.316   0.343
 91 245 12 48 30   0.101   0.000  -0.348   0.363
 91 245 12 49 30   0.093  -0.032  -0.350   0.364
 91 245 12 50 30   0.080  -0.038  -0.355   0.366
 91 245 12 51 30   0.081  -0.114  -0.323   0.355
 91 245 12 52 30   0.110  -0.100  -0.313   0.347
 91 245 12 53 30   0.111  -0.082  -0.325   0.353
 91 245 12 54 30   0.119  -0.094  -0.326   0.360
 91 245 12 55 30   0.128  -0.098  -0.317   0.356
 91 245 12 56 30   0.131  -0.111  -0.312   0.357
 91 245 12 57 30   0.125  -0.105  -0.315   0.355
 91 245 12 58 30   0.110  -0.091  -0.312   0.345
 91 245 12 59 30   0.103  -0.089  -0.313   0.343
 91 245 13 00 30   0.140  -0.098  -0.334   0.375
 91 245 13 01 30   0.113  -0.102  -0.340   0.373
 91 245 13 02 30   0.120  -0.126  -0.334   0.377
 91 245 13 03 30   0.106  -0.136  -0.336   0.378
 91 245 13 04 30   0.111  -0.143  -0.330   0.378
 91 245 13 05 30   0.145  -0.167  -0.304   0.376
 91 245 13 06 30   0.219  -0.202  -0.242   0.385
 91 245 13 07 30   0.207  -0.188  -0.272   0.392
 91 245 13 08 30   0.145  -0.100  -0.323   0.370
 91 245 13 09 30   0.147  -0.110  -0.319   0.369
 91 245 13 10 30   0.183  -0.126  -0.304   0.377
 91 245 13 11 30   0.181  -0.150  -0.299   0.381
 91 245 13 12 30   0.139  -0.131  -0.328   0.380
 91 245 13 13 30   0.126  -0.111  -0.337   0.377
 91 245 13 14 30   0.132  -0.086  -0.348   0.383
 91 245 13 15 30   0.137  -0.078  -0.349   0.387
 91 245 13 16 30   0.184  -0.079  -0.334   0.391
 91 245 13 17 30   0.197  -0.051  -0.334   0.391
 91 245 13 18 30   0.165  -0.130  -0.319   0.383
 91 245 13 19 30   0.084  -0.177  -0.317   0.374
 91 245 13 20 30   0.082  -0.202  -0.304   0.375
 91 245 13 21 30   0.082  -0.224  -0.285   0.372
 91 245 13 22 30   0.065  -0.238  -0.277   0.371
 91 245 13 23 30   0.066  -0.265  -0.253   0.373
 91 245 13 24 30   0.104  -0.233  -0.275   0.377
 91 245 13 25 30   0.095  -0.157  -0.322   0.371
 91 245 13 26 30   0.097  -0.142  -0.333   0.376
 91 245 13 27 30   0.116  -0.162  -0.319   0.378
 91 245 13 28 30   0.135  -0.215  -0.282   0.381
 91 245 13 29 30   0.147  -0.220  -0.283   0.388
 91 245 13 30 30   0.153  -0.198  -0.306   0.396
 91 245 13 31 30   0.165  -0.220  -0.288   0.399
 91 245 13 32 30   0.130  -0.257  -0.260   0.392
 91 245 13 33 30   0.096  -0.314  -0.201   0.386
 91 245 13 34 30   0.092  -0.291  -0.223   0.379
 91 245 13 35 30   0.108  -0.280  -0.237   0.383
 91 245 13 36 30   0.117  -0.277  -0.235   0.382
 91 245 13 37 30   0.137  -0.219  -0.285   0.386
 91 245 13 38 30   0.135  -0.238  -0.274   0.388
 91 245 13 39 30   0.132  -0.263  -0.251   0.387
 91 245 13 40 30   0.122  -0.259  -0.255   0.385
 91 245 13 41 30   0.088  -0.282  -0.235   0.379
 91 245 13 42 30   0.094  -0.290  -0.228   0.381
 91 245 13 43 30   0.103  -0.283  -0.233   0.382
 91 245 13 44 30   0.150  -0.252  -0.252   0.387
 91 245 13 45 30   0.139  -0.253  -0.252   0.386
 91 245 13 46 30   0.138  -0.260  -0.243   0.382
 91 245 13 47 30   0.164  -0.270  -0.218   0.384
 91 245 13 48 30   0.180  -0.269  -0.209   0.387
 91 245 13 49 30   0.097  -0.251  -0.266   0.379
 91 245 13 50 30   0.116  -0.266  -0.236   0.375
 91 245 13 51 30   0.119  -0.259  -0.237   0.371
 91 245 13 52 30   0.159  -0.244  -0.231   0.373
 91 245 13 53 30   0.153  -0.248  -0.241   0.380
 91 245 13 54 30   0.188  -0.193  -0.266   0.380
 91 245 13 55 30   0.209  -0.187  -0.264   0.388
 91 245 13 56 30   0.228  -0.152  -0.282   0.395
 91 245 13 57 30   0.336   0.012  -0.200   0.402
 91 245 13 58 30   0.308   0.098  -0.215   0.390
 91 245 13 59 30   0.325   0.063  -0.209   0.393
 91 245 14 00 30   0.316   0.002  -0.230   0.394
 91 245 14 01 30   0.320   0.032  -0.227   0.394
 91 245 14 02 30   0.284  -0.073  -0.256   0.390
 91 245 14 03 30   0.262  -0.122  -0.249   0.383
 91 245 14 04 30   0.274  -0.066  -0.265   0.388
 91 245 14 05 30   0.265  -0.018  -0.276   0.384
 91 245 14 06 30   0.254  -0.084  -0.279   0.387
 91 245 14 07 30   0.239  -0.152  -0.268   0.391
 91 245 14 08 30   0.231  -0.169  -0.274   0.397
 91 245 14 09 30   0.257  -0.134  -0.280   0.404
 91 245 14 13 30   0.210  -0.150  -0.272   0.376
 91 245 14 14 30   0.224  -0.147  -0.270   0.381
 91 245 14 15 30   0.211  -0.156  -0.273   0.379
 91 245 14 16 30   0.224  -0.124  -0.284   0.384
 91 245 14 17 30   0.240  -0.075  -0.291   0.385
 91 245 14 18 30   0.221  -0.095  -0.297   0.382
 91 245 14 19 30   0.208  -0.065  -0.311   0.382
 91 245 14 20 30   0.226  -0.085  -0.295   0.382
 91 245 14 21 30   0.219  -0.125  -0.286   0.382
 91 245 14 22 30   0.245  -0.129  -0.263   0.383
 91 245 14 23 30   0.275  -0.105  -0.241   0.381
 91 245 14 24 30   0.289  -0.106  -0.221   0.379
 91 245 14 25 30   0.244  -0.089  -0.266   0.373
 91 245 14 26 30   0.276  -0.070  -0.242   0.375
 91 245 14 27 30   0.279  -0.074  -0.238   0.375
 91 245 14 28 30   0.242  -0.060  -0.281   0.377
 91 245 14 29 30   0.270  -0.022  -0.257   0.375
 91 245 14 30 30   0.268  -0.076  -0.249   0.374
 91 245 14 31 30   0.253  -0.068  -0.266   0.374
 91 245 14 32 30   0.240  -0.067  -0.278   0.374
 91 245 14 33 30   0.223  -0.060  -0.293   0.373
 91 245 14 34 30   0.234  -0.049  -0.289   0.376
 91 245 14 35 30   0.232  -0.044  -0.295   0.379
 91 245 14 36 30   0.235  -0.047  -0.288   0.376
 91 245 14 37 30   0.232  -0.028  -0.297   0.379
 91 245 14 38 30   0.182  -0.100  -0.303   0.369
 91 245 14 39 30   0.174   0.003  -0.327   0.372
 91 245 14 40 30   0.195  -0.041  -0.321   0.379
 91 245 14 41 30   0.185  -0.057  -0.308   0.376
 91 245 14 42 30   0.251  -0.235  -0.155   0.386
 91 245 14 43 30   0.246  -0.301  -0.074   0.397
 91 245 14 44 30   0.250  -0.284  -0.108   0.393
 91 245 14 45 30   0.250  -0.273  -0.126   0.391
 91 245 14 46 30   0.269  -0.262  -0.101   0.391
 91 245 14 47 30   0.264  -0.288  -0.007   0.391
 91 245 14 48 30   0.256  -0.276   0.044   0.385
 91 245 14 49 30   0.236  -0.270   0.129   0.381
 91 245 14 50 30   0.238  -0.271   0.116   0.379
 91 245 14 51 30   0.250  -0.263   0.106   0.379
 91 245 14 52 30   0.245  -0.272   0.089   0.377
 91 245 14 53 30   0.232  -0.297   0.038   0.380
 91 245 14 54 30   0.196  -0.320   0.005   0.376
 91 245 14 55 30   0.189  -0.325  -0.015   0.377
 91 245 14 56 30   0.164  -0.326   0.001   0.366
 91 245 14 57 30   0.191  -0.316  -0.018   0.371
 91 245 14 58 30   0.209  -0.304   0.040   0.371
 91 245 14 59 30   0.227  -0.291  -0.014   0.371
 91 245 15 00 30   0.246  -0.280  -0.039   0.377
 91 245 15 01 30   0.308  -0.215  -0.075   0.384
 91 245 15 02 30   0.276  -0.246  -0.073   0.379
 91 245 15 03 30   0.247  -0.275  -0.037   0.372
 91 245 15 04 30   0.262  -0.259   0.007   0.369
 91 245 15 05 30   0.237  -0.277   0.032   0.368
 91 245 15 06 30   0.247  -0.284   0.008   0.377
 91 245 15 07 30   0.276  -0.245  -0.042   0.372
 91 245 15 08 30   0.283  -0.237  -0.042   0.372
 91 245 15 09 30   0.287  -0.235  -0.057   0.376
 91 245 15 10 30   0.302  -0.217  -0.071   0.380
 91 245 15 11 30   0.292  -0.216  -0.079   0.375
 91 245 15 12 30   0.300  -0.189  -0.111   0.376
 91 245 15 13 30   0.324  -0.177  -0.090   0.381
 91 245 15 14 30   0.299  -0.202  -0.111   0.378
 91 245 15 15 30   0.270  -0.224  -0.143   0.379
 91 245 15 16 30   0.256  -0.175  -0.209   0.375
 91 245 15 17 30   0.273  -0.161  -0.198   0.375
 91 245 15 18 30   0.257  -0.136  -0.223   0.370
 91 245 15 19 30   0.298  -0.176  -0.140   0.374
 91 245 15 20 30   0.319  -0.141  -0.149   0.379
 91 245 15 21 30   0.320  -0.153  -0.152   0.386
 91 245 15 22 30   0.323  -0.164  -0.147   0.391
 91 245 15 23 30   0.323  -0.170  -0.153   0.397
 91 245 15 24 30   0.320  -0.159  -0.165   0.394
 91 245 15 25 30   0.322  -0.162  -0.164   0.397
 91 245 15 26 30   0.293  -0.150  -0.215   0.393
 91 245 15 27 30   0.293  -0.127  -0.221   0.389
 91 245 15 28 30   0.326  -0.171  -0.122   0.392
 91 245 15 29 30   0.345  -0.170  -0.087   0.395
 91 245 15 30 30   0.342  -0.157  -0.115   0.394
 91 245 15 31 30   0.344  -0.159  -0.111   0.396
 91 245 15 32 30   0.364  -0.130  -0.111   0.402
 91 245 15 33 30   0.370  -0.128  -0.083   0.401
 91 245 15 34 30   0.378  -0.112  -0.084   0.404
 91 245 15 35 30   0.366  -0.122  -0.104   0.400
 91 245 15 36 30   0.351  -0.136  -0.131   0.399
 91 245 15 37 30   0.341  -0.104  -0.173   0.397
 91 245 15 38 30   0.343  -0.033  -0.185   0.394
 91 245 15 39 30   0.328  -0.157  -0.148   0.393
 91 245 15 40 30   0.334  -0.134  -0.161   0.395
 91 245 15 41 30   0.333  -0.094  -0.179   0.390
 91 245 15 42 30   0.338  -0.064  -0.182   0.389
 91 245 15 43 30   0.327  -0.073  -0.189   0.386
 91 245 15 44 30   0.327  -0.064  -0.203   0.391
 91 245 15 45 30   0.328  -0.073  -0.196   0.390
 91 245 15 46 30   0.357  -0.109  -0.126   0.395
 91 245 15 47 30   0.354  -0.108  -0.134   0.394
 91 245 15 48 30   0.354  -0.099  -0.125   0.389
 91 245 15 49 30   0.380  -0.082  -0.063   0.395
 91 245 15 50 30   0.385  -0.063  -0.054   0.394
 91 245 15 51 30   0.375  -0.061  -0.080   0.389
 91 245 15 52 30   0.351  -0.043  -0.143   0.382
 91 245 15 53 30   0.368  -0.044  -0.102   0.385
 91 245 15 54 30   0.370  -0.039  -0.090   0.384
 91 245 15 55 30   0.370  -0.033  -0.097   0.385
 91 245 15 56 30   0.365  -0.060  -0.099   0.384
 91 245 15 57 30   0.370  -0.050  -0.068   0.381
 91 245 15 58 30   0.372  -0.020  -0.065   0.380
 91 245 15 59 30   0.375   0.003  -0.043   0.380
 91 245 16 00 30   0.375   0.029  -0.058   0.381
 91 245 16 01 30   0.374   0.014  -0.068   0.381
 91 245 16 02 30   0.374   0.007  -0.080   0.383
 91 245 16 03 30   0.379  -0.013  -0.042   0.382
 91 245 16 04 30   0.383  -0.008  -0.020   0.384
 91 245 16 05 30   0.385   0.005   0.011   0.385
 91 245 16 06 30   0.383   0.017   0.019   0.385
 91 245 16 07 30   0.381  -0.018   0.034   0.384
 91 245 16 08 30   0.383  -0.007   0.050   0.387
 91 245 16 09 30   0.384  -0.011   0.034   0.386
 91 245 16 10 30   0.381  -0.014   0.066   0.387
 91 245 16 11 30   0.380  -0.034   0.049   0.385
 91 245 16 12 30   0.384  -0.004   0.041   0.386
 91 245 16 13 30   0.383   0.018   0.027   0.384
 91 245 16 14 30   0.384   0.006   0.025   0.385
 91 245 16 15 30   0.383  -0.015   0.008   0.384
 91 245 16 16 30   0.380  -0.029   0.016   0.382
 91 245 16 17 30   0.383  -0.026   0.007   0.384
 91 245 16 18 30   0.385   0.009   0.015   0.386
 91 245 16 19 30   0.379  -0.006   0.055   0.384
 91 245 16 20 30   0.377  -0.028   0.059   0.383
 91 245 16 21 30   0.374  -0.024   0.083   0.384
 91 245 16 22 30   0.369  -0.006   0.102   0.383
 91 245 16 23 30   0.373  -0.005   0.090   0.384
 91 245 16 24 30   0.373  -0.001   0.075   0.381
 91 245 16 25 30   0.374   0.022   0.090   0.385
 91 245 16 26 30   0.375   0.021   0.081   0.385
 91 245 16 27 30   0.371   0.009   0.097   0.383
 91 245 16 28 30   0.367  -0.010   0.086   0.378
 91 245 16 29 30   0.371  -0.042   0.078   0.383
 91 245 16 30 30   0.379  -0.045   0.046   0.385
 91 245 16 31 30   0.375  -0.064   0.054   0.385
 91 245 16 32 30   0.373  -0.061   0.042   0.381
 91 245 16 33 30   0.366   0.001   0.073   0.376
 91 245 16 34 30   0.357  -0.088   0.067   0.376
 91 245 16 35 30   0.350  -0.118   0.032   0.373
 91 245 16 36 30   0.369  -0.063   0.021   0.376
 91 245 16 37 30   0.360  -0.030   0.089   0.374
 91 245 16 38 30   0.358  -0.097   0.005   0.374
 91 245 16 39 30   0.355  -0.081   0.026   0.372
 91 245 16 40 30   0.336  -0.158  -0.021   0.373
 91 245 16 41 30   0.338  -0.126  -0.054   0.369
 91 245 16 42 30   0.362  -0.098  -0.014   0.377
 91 245 16 43 30   0.358  -0.119  -0.054   0.381
 91 245 16 44 30   0.376  -0.049  -0.049   0.383
 91 245 16 45 30   0.375  -0.028  -0.026   0.378
 91 245 16 46 30   0.367  -0.054   0.006   0.373
 91 245 16 47 30   0.355  -0.104  -0.022   0.376
 91 245 16 48 30   0.375  -0.029  -0.006   0.381
 91 245 16 49 30   0.359  -0.106  -0.025   0.376
 91 245 16 50 30   0.340  -0.109  -0.103   0.374
 91 245 16 51 30   0.352  -0.095  -0.113   0.382
 91 245 16 52 30   0.363  -0.045  -0.095   0.379
 91 245 16 53 30   0.372  -0.059  -0.049   0.381
 91 245 16 54 30   0.375  -0.059  -0.048   0.383
 91 245 16 55 30   0.377  -0.059  -0.042   0.384
 91 245 16 56 30   0.366  -0.061  -0.055   0.376
 91 245 16 57 30   0.367  -0.071  -0.056   0.379
 91 245 16 58 30   0.360  -0.090  -0.046   0.375
 91 245 16 59 30   0.365  -0.077  -0.045   0.376
 91 245 17 00 30   0.366  -0.064  -0.029   0.374
 91 245 17 01 30   0.372  -0.072  -0.015   0.380
 91 245 17 02 30   0.350  -0.119  -0.030   0.371
 91 245 17 03 30   0.343  -0.141  -0.060   0.376
 91 245 17 04 30   0.345  -0.135  -0.072   0.378
 91 245 17 05 30   0.352  -0.128  -0.040   0.379
 91 245 17 06 30   0.326  -0.179  -0.049   0.376
 91 245 17 07 30   0.329  -0.164  -0.054   0.373
 91 245 17 08 30   0.324  -0.160   0.021   0.373
 91 245 17 09 30   0.302  -0.199   0.009   0.368
 91 245 17 10 30   0.343  -0.136  -0.055   0.376
 91 245 17 11 30   0.361  -0.095   0.009   0.374
 91 245 17 12 30   0.365  -0.074  -0.042   0.377
 91 245 17 13 30   0.360  -0.075  -0.071   0.375
 91 245 17 14 30   0.365  -0.093  -0.044   0.380
 91 245 17 15 30   0.377  -0.065  -0.014   0.384
 91 245 17 16 30   0.366  -0.079  -0.038   0.377
 91 245 17 17 30   0.371  -0.084  -0.018   0.382
 91 245 17 18 30   0.369  -0.083  -0.027   0.381
 91 245 17 19 30   0.360  -0.098  -0.050   0.378
 91 245 17 20 30   0.358  -0.090  -0.062   0.377
 91 245 17 21 30   0.370  -0.083  -0.053   0.384
 91 245 17 22 30   0.383  -0.067  -0.015   0.390
 91 245 17 23 30   0.374  -0.061  -0.009   0.380
 91 245 17 24 30   0.365  -0.054  -0.039   0.374
 91 245 17 25 30   0.375  -0.014  -0.057   0.380
 91 245 17 26 30   0.377  -0.046  -0.058   0.384
 91 245 17 27 30   0.379  -0.041  -0.024   0.383
 91 245 17 28 30   0.383  -0.028  -0.052   0.388
 91 245 17 29 30   0.368  -0.063  -0.110   0.390
 91 245 17 30 30   0.372  -0.069  -0.094   0.390
 91 245 17 31 30   0.368  -0.088  -0.096   0.392
 91 245 17 32 30   0.353  -0.065  -0.135   0.384
 91 245 17 33 30   0.336  -0.073  -0.174   0.387
 91 245 17 34 30   0.333  -0.060  -0.190   0.388
 91 245 17 35 30   0.332  -0.035  -0.185   0.383
 91 245 17 36 30   0.331  -0.028  -0.190   0.384
 91 245 17 37 30   0.324  -0.057  -0.199   0.386
 91 245 17 38 30   0.307  -0.046  -0.229   0.387
 91 245 17 39 30   0.309  -0.065  -0.226   0.390
 91 245 17 40 30   0.302  -0.041  -0.235   0.388
 91 245 17 41 30   0.312  -0.101  -0.213   0.393
 91 245 17 42 30   0.306  -0.049  -0.241   0.394
 91 245 17 43 30   0.340  -0.064  -0.173   0.393
 91 245 17 44 30   0.324   0.080  -0.171   0.385
 91 245 17 45 30   0.285   0.155  -0.219   0.393
 91 245 17 46 30   0.276   0.173  -0.211   0.389
 91 245 17 47 30   0.286   0.162  -0.215   0.393
 91 245 17 48 30   0.305   0.072  -0.226   0.402
 91 245 17 49 30   0.324   0.091  -0.222   0.404
 91 245 17 50 30   0.312   0.092  -0.239   0.406
 91 245 17 51 30   0.291   0.025  -0.282   0.407
 91 245 17 52 30   0.309   0.036  -0.248   0.399
 91 245 17 53 30   0.307   0.056  -0.240   0.394
 91 245 17 54 30   0.279   0.100  -0.252   0.390
 91 245 17 55 30   0.257   0.109  -0.266   0.388
 91 245 17 56 30   0.268   0.183  -0.218   0.394
 91 245 17 57 30   0.236  -0.222   0.024   0.376
 91 245 17 58 30   0.238  -0.282   0.127   0.392
 91 245 17 59 30   0.273  -0.287   0.081   0.406
 91 245 18 00 30   0.295  -0.233   0.030   0.398
 91 245 18 01 30   0.262  -0.215  -0.134   0.398
 91 245 18 02 30   0.225  -0.319  -0.039   0.394
 91 245 18 03 30   0.227  -0.316  -0.071   0.397
 91 245 18 04 30   0.169  -0.341  -0.084   0.392
 91 245 18 05 30   0.214  -0.271  -0.182   0.394
 91 245 18 06 30   0.294  -0.156  -0.223   0.401
 91 245 18 07 30   0.266  -0.171  -0.243   0.400
 91 245 18 08 30   0.298  -0.136  -0.239   0.406
 91 245 18 09 30   0.324  -0.151  -0.184   0.403
 91 245 18 10 30   0.272  -0.129  -0.237   0.388
 91 245 18 11 30   0.308  -0.145  -0.200   0.397
 91 245 18 12 30   0.315  -0.162  -0.167   0.394
 91 245 18 13 30   0.308  -0.167  -0.191   0.401
 91 245 18 14 30   0.291  -0.186  -0.193   0.398
 91 245 18 15 30   0.277  -0.124  -0.238   0.389
 91 245 18 16 30   0.317  -0.105  -0.232   0.408
 91 245 18 17 30   0.334  -0.087  -0.208   0.404
 91 245 18 18 30   0.347  -0.064  -0.211   0.412
 91 245 18 19 30   0.338  -0.033  -0.212   0.403
 91 245 18 20 30   0.321  -0.074  -0.208   0.404
 91 245 18 21 30   0.325  -0.122  -0.198   0.404
 91 245 18 22 30   0.278  -0.105  -0.281   0.412
 91 245 18 23 30   0.311  -0.079  -0.238   0.409
 91 245 18 24 30   0.285  -0.020  -0.240   0.401
 91 245 18 25 30   0.304  -0.132  -0.253   0.435
 91 245 18 26 30   0.308  -0.144  -0.245   0.479
 91 245 18 27 30   0.303  -0.259  -0.202   0.503
 91 245 18 28 30   0.326  -0.223  -0.242   0.516
 91 245 18 29 30   0.353  -0.227  -0.292   0.558
 91 245 18 30 30   0.468  -0.062  -0.176   0.543
 91 245 18 31 30   0.169  -0.101  -0.333   0.467
 91 245 18 32 30   0.182  -0.104  -0.307   0.434
 91 245 18 33 30   0.307  -0.097  -0.343   0.474
 91 245 18 34 30   0.355  -0.238  -0.368   0.582
 91 245 18 35 30   0.334  -0.522  -0.182   0.651
 91 245 18 36 30   0.274  -0.539  -0.218   0.646
 91 245 18 37 30   0.362  -0.468  -0.171   0.623
 91 245 18 38 30   0.289  -0.481  -0.218   0.608
 91 245 18 39 30   0.330  -0.439  -0.257   0.616
 91 245 18 40 30   0.285  -0.441  -0.285   0.600
 91 245 18 41 30   0.459  -0.438  -0.031   0.659
 91 245 18 42 30   0.477  -0.468  -0.123   0.685
 91 245 18 43 30   0.464  -0.370  -0.081   0.622
 91 245 18 44 30   0.324  -0.529  -0.056   0.630
 91 245 18 45 30   0.324  -0.516  -0.104   0.621
 91 245 18 46 30   0.425  -0.369  -0.210   0.604
 91 245 18 47 30   0.370  -0.440  -0.186   0.607
 91 245 18 48 30   0.437  -0.402  -0.178   0.624
 91 245 18 49 30   0.458  -0.344  -0.128   0.588
 91 245 18 50 30   0.488  -0.251  -0.129   0.565
 91 245 18 51 30   0.486  -0.265  -0.092   0.562
 91 245 18 52 30   0.472  -0.320  -0.099   0.579
 91 245 18 53 30   0.471  -0.313  -0.109   0.577
 91 245 18 54 30   0.487  -0.279  -0.074   0.567
 91 245 18 55 30   0.481  -0.333  -0.056   0.588
 91 245 18 56 30   0.500  -0.297  -0.042   0.584
 91 245 18 57 30   0.526  -0.224  -0.019   0.573
 91 245 18 58 30   0.518  -0.214   0.006   0.561
 91 245 18 59 30   0.520  -0.252   0.052   0.581
 91 245 19 00 30   0.512  -0.284   0.086   0.592
 91 245 19 01 30   0.472  -0.356   0.081   0.604
 91 245 19 02 30   0.411  -0.454   0.053   0.618
 91 245 19 03 30   0.352  -0.484   0.037   0.600
 91 245 19 04 30   0.313  -0.515   0.023   0.604
 91 245 19 05 30   0.265  -0.554  -0.012   0.615
 91 245 19 06 30   0.289  -0.523  -0.016   0.610
 91 245 19 07 30   0.357  -0.430   0.187   0.593
 91 245 19 08 30   0.355  -0.424   0.190   0.586
 91 245 19 09 30   0.377  -0.387   0.255   0.598
 91 245 19 10 30   0.228  -0.508   0.045   0.609
 91 245 19 11 30   0.148  -0.580  -0.083   0.627
 91 245 19 12 30   0.172  -0.598  -0.041   0.625
 91 245 19 13 30   0.104  -0.602  -0.114   0.625
 91 245 19 14 30   0.092  -0.606  -0.073   0.623
 91 245 19 15 30   0.128  -0.596   0.007   0.610
 91 245 19 16 30   0.159  -0.573   0.014   0.597
 91 245 19 17 30   0.305  -0.515  -0.042   0.606
 91 245 19 18 30   0.181  -0.568   0.001   0.605
 91 245 19 19 30   0.223  -0.563   0.003   0.606
 91 245 19 20 30   0.267  -0.554  -0.017   0.618
 91 245 19 21 30   0.165  -0.602   0.036   0.626
 91 245 19 22 30   0.227  -0.577   0.056   0.628
 91 245 19 23 30   0.292  -0.532   0.075   0.613
 91 245 19 24 30   0.307  -0.526   0.137   0.626
 91 245 19 25 30   0.287  -0.531   0.148   0.622
 91 245 19 26 30   0.276  -0.539   0.142   0.630
 91 245 19 27 30   0.161  -0.597   0.046   0.625
 91 245 19 28 30   0.187  -0.541   0.162   0.602
 91 245 19 29 30   0.180  -0.412   0.361   0.582
 91 245 19 30 30   0.140  -0.501   0.275   0.590
 91 245 19 31 30   0.176  -0.526   0.202   0.591
 91 245 19 32 30   0.158  -0.551   0.156   0.597
 91 245 19 33 30   0.100  -0.598   0.076   0.612
 91 245 19 34 30   0.119  -0.578   0.066   0.595
 91 245 19 35 30   0.132  -0.584   0.052   0.602
 91 245 19 36 30   0.104  -0.621   0.035   0.631
 91 245 19 37 30   0.052  -0.629   0.006   0.631
 91 245 19 38 30   0.094  -0.617   0.000   0.625
 91 245 19 39 30   0.147  -0.617   0.027   0.636
 91 245 19 40 30   0.198  -0.603   0.046   0.642
 91 245 19 41 30   0.273  -0.582   0.093   0.653
 91 245 19 42 30   0.202  -0.604   0.033   0.639
 91 245 19 43 30   0.204  -0.641   0.074   0.679
 91 245 19 44 30   0.117  -0.665  -0.033   0.677
 91 245 19 45 30   0.064  -0.669  -0.049   0.676
 91 245 19 46 30   0.295  -0.528   0.185   0.648
 91 245 19 47 30   0.326  -0.534   0.198   0.657
 91 245 19 48 30   0.322  -0.552   0.122   0.653
 91 245 19 49 30   0.289  -0.604   0.107   0.680
 91 245 19 50 30   0.223  -0.636   0.045   0.676
 91 245 19 51 30   0.240  -0.630   0.047   0.676
 91 245 19 52 30   0.242  -0.629   0.034   0.676
 91 245 19 53 30   0.256  -0.607   0.031   0.663
 91 245 19 54 30   0.305  -0.610   0.029   0.683
 91 245 19 55 30   0.383  -0.516   0.050   0.656
 91 245 19 56 30   0.400  -0.498   0.121   0.664
 91 245 19 57 30   0.277  -0.595   0.101   0.668
 91 245 19 58 30   0.265  -0.603   0.059   0.662
 91 245 19 59 30   0.255  -0.619   0.061   0.673
 91 245 20 00 30   0.232  -0.621   0.030   0.665
 91 245 20 01 30   0.208  -0.597   0.053   0.636
 91 245 20 02 30   0.213  -0.619   0.044   0.656
 91 245 20 03 30   0.218  -0.640   0.003   0.676
 91 245 20 04 30   0.192  -0.653   0.041   0.682
 91 245 20 05 30   0.160  -0.676   0.007   0.695
 91 245 20 06 30   0.129  -0.680  -0.048   0.695
 91 245 20 07 30   0.119  -0.663  -0.095   0.682
 91 245 20 08 30   0.142  -0.662  -0.111   0.689
 91 245 20 09 30   0.121  -0.678  -0.167   0.710
 91 245 20 10 30   0.146  -0.670  -0.111   0.700
 91 245 20 11 30   0.162  -0.692  -0.029   0.714
 91 245 20 12 30   0.139  -0.695  -0.043   0.711
 91 245 20 13 30   0.272  -0.647   0.019   0.705
 91 245 20 14 30   0.378  -0.567  -0.066   0.693
 91 245 20 15 30   0.485  -0.398   0.208   0.684
 91 245 20 16 30   0.521  -0.233   0.283   0.638
 91 245 20 17 30   0.527  -0.210   0.302   0.646
 91 245 20 18 30   0.546  -0.194   0.286   0.648
 91 245 20 19 30   0.584  -0.074   0.330   0.677
 91 245 20 20 30   0.612   0.064   0.387   0.728
 91 245 20 21 30   0.614   0.061   0.373   0.721
 91 245 20 22 30   0.624   0.061   0.356   0.721
 91 245 20 23 30   0.626   0.040   0.340   0.715
 91 245 20 24 30   0.632   0.019   0.330   0.714
 91 245 20 25 30   0.632  -0.048   0.346   0.723
 91 245 20 26 30   0.492   0.157   0.422   0.670
 91 245 20 27 30   0.502   0.146   0.447   0.689
 91 245 20 28 30   0.532   0.100   0.443   0.700
 91 245 20 29 30   0.535   0.108   0.449   0.707
 91 245 20 30 30   0.523   0.113   0.463   0.708
 91 245 20 31 30   0.512   0.101   0.437   0.681
 91 245 20 32 30   0.485   0.103   0.409   0.643
 91 245 20 33 30   0.439   0.126   0.414   0.622
 91 245 20 34 30   0.417   0.172   0.423   0.620
 91 245 20 35 30   0.351   0.146   0.440   0.586
 91 245 20 36 30   0.360   0.188   0.424   0.588
 91 245 20 37 30   0.295   0.236   0.425   0.571
 91 245 20 38 30   0.274   0.240   0.447   0.578
 91 245 20 39 30   0.293   0.225   0.437   0.573
 91 245 20 40 30   0.304   0.230   0.419   0.567
 91 245 20 41 30   0.223   0.326   0.389   0.558
 91 245 20 42 30   0.211   0.316   0.404   0.560
 91 245 20 43 30   0.358   0.144   0.426   0.586
 91 245 20 44 30   0.356   0.113   0.443   0.581
 91 245 20 45 30   0.383   0.101   0.431   0.586
 91 245 20 46 30   0.251   0.314   0.399   0.577
 91 245 20 47 30   0.244   0.359   0.389   0.586
 91 245 20 48 30   0.314   0.266   0.412   0.584
 91 245 20 49 30   0.367   0.189   0.392   0.571
 91 245 20 50 30   0.405   0.160   0.382   0.582
 91 245 20 51 30   0.499   0.076   0.358   0.620
 91 245 20 52 30   0.499   0.047   0.370   0.624
 91 245 20 53 30   0.474   0.060   0.381   0.612
 91 245 20 54 30   0.513  -0.039   0.338   0.616
 91 245 20 55 30   0.476   0.008   0.351   0.593
 91 245 20 56 30   0.508  -0.145   0.307   0.614
 91 245 20 57 30   0.531  -0.144   0.318   0.637
 91 245 20 58 30   0.555  -0.079   0.277   0.627
 91 245 20 59 30   0.546  -0.112   0.287   0.629
 91 245 21 00 30   0.555  -0.060   0.323   0.647
 91 245 21 01 30   0.465  -0.010   0.419   0.634
 91 245 21 02 30   0.502  -0.091   0.338   0.618
 91 245 21 03 30   0.525  -0.077   0.331   0.627
 91 245 21 04 30   0.499  -0.078   0.342   0.611
 91 245 21 05 30   0.511  -0.098   0.339   0.621
 91 245 21 06 30   0.447  -0.113   0.404   0.616
 91 245 21 07 30   0.444  -0.093   0.400   0.606
 91 245 21 08 30   0.485  -0.068   0.364   0.611
 91 245 21 09 30   0.526  -0.066   0.326   0.626
 91 245 21 10 30   0.589   0.005   0.252   0.643
 91 245 21 11 30   0.591  -0.010   0.245   0.643
 91 245 21 12 30   0.640  -0.008   0.127   0.654
 91 245 21 13 30   0.616  -0.030   0.184   0.645
 91 245 21 14 30   0.623  -0.008   0.144   0.640
 91 245 21 15 30   0.644   0.017   0.169   0.667
 91 245 21 16 30   0.609   0.032   0.246   0.658
 91 245 21 17 30   0.563   0.027   0.319   0.653
 91 245 21 18 30   0.561   0.011   0.291   0.638
 91 245 21 19 30   0.588   0.090   0.245   0.644
 91 245 21 20 30   0.620   0.060   0.200   0.656
 91 245 21 21 30   0.623   0.038   0.185   0.651
 91 245 21 22 30   0.600   0.065   0.221   0.643
 91 245 21 23 30   0.599   0.068   0.214   0.640
 91 245 21 24 30   0.602   0.039   0.234   0.648
 91 245 21 25 30   0.586   0.044   0.243   0.637
 91 245 21 26 30   0.603   0.056   0.190   0.636
 91 245 21 27 30   0.602   0.078   0.212   0.644
 91 245 21 28 30   0.586   0.011   0.283   0.651
 91 245 21 29 30   0.585   0.012   0.278   0.649
 91 245 21 30 30   0.572  -0.140   0.274   0.659
 91 245 21 31 30   0.556   0.156   0.200   0.644
 91 245 21 32 30   0.561   0.266   0.200   0.654
 91 245 21 33 30   0.585   0.231   0.228   0.670
 91 245 21 34 30   0.596   0.198   0.196   0.658
 91 245 21 35 30   0.605   0.173   0.264   0.688
 91 245 21 36 30   0.614   0.175   0.272   0.694
 91 245 21 37 30   0.631   0.132   0.260   0.695
 91 245 21 38 30   0.617   0.125   0.271   0.686
 91 245 21 39 30   0.598   0.177   0.279   0.684
 91 245 21 40 30   0.600   0.127   0.293   0.680
 91 245 21 41 30   0.625   0.083   0.282   0.692
 91 245 21 42 30   0.624   0.026   0.297   0.698
 91 245 21 43 30   0.624  -0.075   0.312   0.703
 91 245 21 44 30   0.629  -0.139   0.291   0.709
 91 245 21 45 30   0.624  -0.127   0.284   0.698
 91 245 21 46 30   0.607  -0.123   0.285   0.688
 91 245 21 47 30   0.589  -0.106   0.358   0.703
 91 245 21 48 30   0.646  -0.139   0.279   0.718
 91 245 21 49 30   0.616  -0.160   0.308   0.709
 91 245 21 50 30   0.532  -0.130   0.400   0.692
 91 245 21 51 30   0.521  -0.213   0.381   0.686
 91 245 21 52 30   0.423  -0.311   0.386   0.656
 91 245 21 53 30   0.426  -0.290   0.391   0.649
 91 245 21 54 30   0.541  -0.274   0.296   0.676
 91 245 21 55 30   0.534  -0.258   0.316   0.673
 91 245 21 56 30   0.573  -0.207   0.247   0.661
 91 245 21 57 30   0.590  -0.203   0.236   0.668
 91 245 21 58 30   0.563  -0.271   0.264   0.679
 91 245 21 59 30   0.549  -0.268   0.275   0.671
 91 245 22 00 30   0.554  -0.262   0.275   0.673
 91 245 22 01 30   0.556  -0.245   0.276   0.669
 91 245 22 02 30   0.573  -0.225   0.239   0.663
 91 245 22 03 30   0.584  -0.221   0.230   0.666
 91 245 22 04 30   0.489  -0.451   0.194   0.702
 91 245 22 05 30   0.510  -0.423   0.163   0.684
 91 245 22 06 30   0.509  -0.389   0.155   0.664
 91 245 22 07 30   0.512  -0.298   0.267   0.659
 91 245 22 08 30   0.453  -0.089   0.328   0.635
 91 245 22 09 30   0.333   0.123   0.518   0.655
 91 245 22 10 30   0.483  -0.114   0.438   0.664
 91 245 22 11 30   0.443  -0.071   0.484   0.662
 91 245 22 12 30   0.459  -0.054   0.475   0.663
 91 245 22 13 30   0.476  -0.106   0.462   0.676
 91 245 22 14 30   0.534  -0.121   0.407   0.690
 91 245 22 15 30   0.542  -0.135   0.404   0.689
 91 245 22 16 30   0.540  -0.117   0.415   0.694
 91 245 22 17 30   0.572  -0.207   0.369   0.713
 91 245 22 18 30   0.559  -0.271   0.290   0.711
 91 245 22 19 30   0.585  -0.292   0.302   0.726
 91 245 22 20 30   0.592  -0.343   0.252   0.730
 91 245 22 21 30   0.595  -0.340   0.264   0.735
 91 245 22 22 30   0.600  -0.298   0.299   0.735
 91 245 22 23 30   0.577  -0.371   0.261   0.736
 91 245 22 24 30   0.473  -0.534   0.191   0.740
 91 245 22 25 30   0.427  -0.556   0.168   0.721
 91 245 22 26 30   0.451  -0.543   0.194   0.733
 91 245 22 27 30   0.447  -0.533   0.188   0.721
 91 245 22 28 30   0.520  -0.470   0.223   0.736
 91 245 22 29 30   0.537  -0.466   0.190   0.736
 91 245 22 30 30   0.395  -0.528   0.139   0.677
 91 245 22 31 30   0.327  -0.531   0.192   0.653
 91 245 22 32 30   0.260  -0.536   0.258   0.650
 91 245 22 33 30   0.287  -0.529   0.259   0.655
 91 245 22 34 30   0.378  -0.503   0.243   0.675
 91 245 22 35 30   0.403  -0.498   0.211   0.675
 91 245 22 45 30  -0.085  -0.455   0.404   0.615
 91 245 22 46 30  -0.056  -0.498   0.346   0.610
 91 245 22 47 30  -0.040  -0.477   0.388   0.618
 91 245 22 48 30  -0.072  -0.507   0.413   0.659
 91 245 22 49 30  -0.062  -0.502   0.427   0.662
 91 245 22 50 30  -0.081  -0.522   0.401   0.663
 91 245 22 51 30  -0.064  -0.541   0.378   0.666
 91 245 22 52 30  -0.083  -0.561   0.352   0.669
 91 245 22 53 30  -0.083  -0.540   0.393   0.674
 91 245 22 54 30  -0.102  -0.565   0.349   0.673
 91 245 22 55 30  -0.017  -0.552   0.380   0.675
 91 245 22 56 30  -0.015  -0.516   0.439   0.679
 91 245 22 57 30  -0.066  -0.514   0.429   0.677
 91 245 22 58 30  -0.084  -0.549   0.377   0.673
 91 245 22 59 30  -0.117  -0.541   0.389   0.680
 91 245 23 00 30  -0.248  -0.547   0.277   0.665
 91 245 23 01 30  -0.231  -0.563   0.263   0.664
 91 245 23 02 30  -0.325  -0.522   0.236   0.660
 91 245 23 03 30  -0.311  -0.541   0.188   0.654
 91 245 23 04 30  -0.235  -0.542   0.220   0.639
 91 245 23 05 30   0.436  -0.172   0.491   0.696
 91 245 23 06 30   0.490  -0.117   0.486   0.702
 91 245 23 07 30   0.434  -0.152   0.510   0.688
 91 245 23 08 30   0.434  -0.191   0.490   0.687
 91 245 23 09 30   0.359  -0.333   0.444   0.662
 91 245 23 10 30   0.392  -0.320   0.430   0.665
 91 245 23 11 30   0.376  -0.360   0.400   0.658
 91 245 23 12 30   0.353  -0.365   0.417   0.658
 91 245 23 13 30   0.338  -0.378   0.409   0.654
 91 245 23 14 30   0.392  -0.381   0.365   0.659
 91 245 23 15 30   0.408  -0.319   0.401   0.656
 91 245 23 16 30   0.390  -0.323   0.384   0.636
 91 245 23 17 30   0.411  -0.309   0.377   0.639
 91 245 23 18 30   0.402  -0.298   0.404   0.643
 91 245 23 19 30   0.413  -0.313   0.385   0.646
 91 245 23 20 30   0.414  -0.311   0.386   0.646
 91 245 23 21 30   0.409  -0.309   0.384   0.641
 91 245 23 22 30   0.388  -0.312   0.406   0.643
 91 245 23 23 30   0.378  -0.317   0.402   0.637
 91 245 23 24 30   0.398  -0.312   0.391   0.643
 91 245 23 25 30   0.543  -0.171   0.411   0.703
 91 245 23 26 30   0.508  -0.245   0.434   0.712
 91 245 23 27 30   0.497  -0.281   0.406   0.702
 91 245 23 28 30   0.398  -0.393   0.369   0.672
 91 245 23 29 30   0.338  -0.448   0.331   0.653
 91 245 23 30 30   0.290  -0.505   0.296   0.654
 91 245 23 31 30   0.234  -0.514   0.311   0.647
 91 245 23 32 30   0.227  -0.569   0.249   0.662
 91 245 23 33 30   0.226  -0.556   0.239   0.649
 91 245 23 34 30   0.181  -0.541   0.347   0.669
 91 245 23 35 30   0.223  -0.558   0.260   0.658
 91 245 23 36 30   0.307  -0.500   0.280   0.654
 91 245 23 37 30   0.360  -0.457   0.283   0.650
 91 245 23 38 30   0.321  -0.496   0.293   0.665
 91 245 23 39 30   0.239  -0.475   0.363   0.653
 91 245 23 40 30   0.266  -0.528   0.292   0.662
 91 245 23 41 30   0.345  -0.490   0.307   0.674
 91 245 23 42 30   0.339  -0.513   0.279   0.676
 91 245 23 43 30   0.338  -0.515   0.278   0.676
 91 245 23 44 30   0.303  -0.549   0.257   0.679
 91 245 23 45 30   0.334  -0.523   0.275   0.680
 91 245 23 46 30   0.289  -0.573   0.208   0.678
 91 245 23 47 30   0.242  -0.594   0.183   0.670
 91 245 23 48 30   0.243  -0.603   0.155   0.670
 91 245 23 49 30   0.223  -0.598   0.226   0.679
 91 245 23 50 30   0.251  -0.579   0.267   0.687
 91 245 23 51 30   0.269  -0.569   0.286   0.693
 91 245 23 52 30   0.230  -0.617   0.222   0.697
 91 245 23 53 30   0.235  -0.607   0.246   0.696
 91 245 23 54 30   0.279  -0.608   0.187   0.695
 91 245 23 55 30   0.283  -0.598   0.191   0.691
 91 245 23 56 30   0.211  -0.553   0.329   0.685
 91 245 23 57 30   0.248  -0.585   0.274   0.698
 91 245 23 58 30   0.282  -0.583   0.225   0.687
 91 245 23 59 30   0.331  -0.570   0.227   0.698
