 91 251 00 00 30   0.112   1.884   0.644   1.995
 91 251 00 01 30   0.116   1.922   0.520   1.995
 91 251 00 02 30   0.109   1.903   0.608   2.002
 91 251 00 03 30   0.083   1.900   0.608   1.997
 91 251 00 04 30   0.067   1.890   0.630   1.993
 91 251 00 05 30   0.092   1.899   0.633   2.004
 91 251 00 06 30   0.075   1.882   0.659   1.996
 91 251 00 07 30   0.096   1.863   0.678   1.987
 91 251 00 08 30   0.135   1.884   0.639   1.995
 91 251 00 09 30   0.119   1.888   0.642   1.998
 91 251 00 10 30   0.088   1.917   0.599   2.011
 91 251 00 11 30  -0.007   1.928   0.574   2.012
 91 251 00 12 30   0.207   1.881   0.650   2.009
 91 251 00 13 30   0.378   1.846   0.688   2.007
 91 251 00 14 30   0.374   1.852   0.681   2.011
 91 251 00 15 30   0.247   1.885   0.674   2.018
 91 251 00 16 30   0.224   1.870   0.700   2.010
 91 251 00 17 30   0.162   1.861   0.724   2.005
 91 251 00 18 30   0.170   1.877   0.670   2.002
 91 251 00 19 30   0.147   1.875   0.683   2.002
 91 251 00 20 30   0.197   1.886   0.667   2.011
 91 251 00 21 30   0.113   1.876   0.688   2.003
 91 251 00 22 30   0.089   1.863   0.724   2.003
 91 251 00 23 30   0.077   1.855   0.782   2.015
 91 251 00 24 30   0.102   1.855   0.787   2.019
 91 251 00 25 30   0.158   1.905   0.646   2.020
 91 251 00 26 30   0.129   1.912   0.642   2.021
 91 251 00 27 30   0.153   1.877   0.730   2.020
 91 251 00 28 30   0.142   1.867   0.768   2.024
 91 251 00 29 30   0.146   1.864   0.795   2.032
 91 251 00 30 30   0.147   1.875   0.767   2.032
 91 251 00 31 30   0.156   1.866   0.776   2.027
 91 251 00 32 30   0.151   1.864   0.787   2.029
 91 251 00 33 30   0.149   1.862   0.785   2.027
 91 251 00 34 30   0.136   1.868   0.773   2.026
 91 251 00 35 30   0.117   1.880   0.761   2.032
 91 251 00 36 30   0.049   1.961   0.534   2.035
 91 251 00 37 30   0.103   1.932   0.580   2.023
 91 251 00 38 30   0.064   2.001   0.353   2.036
 91 251 00 39 30   0.068   2.012   0.294   2.035
 91 251 00 40 30   0.083   2.012   0.301   2.036
 91 251 00 41 30   0.094   2.009   0.322   2.037
 91 251 00 42 30   0.100   2.010   0.314   2.037
 91 251 00 43 30   0.098   2.011   0.318   2.039
 91 251 00 44 30   0.075   2.003   0.328   2.031
 91 251 00 45 30   0.001   2.020  -0.072   2.045
 91 251 00 46 30  -0.082   2.010  -0.361   2.046
 91 251 00 47 30  -0.062   2.053  -0.197   2.065
 91 251 00 48 30  -0.084   2.066  -0.248   2.086
 91 251 00 49 30  -0.190   2.043  -0.357   2.084
 91 251 00 50 30  -0.109   2.042  -0.411   2.087
 91 251 00 51 30  -0.147   2.045  -0.457   2.103
 91 251 00 52 30  -0.114   2.009  -0.545   2.086
 91 251 00 53 30  -0.154   1.990  -0.539   2.068
 91 251 00 54 30  -0.216   1.980  -0.545   2.065
 91 251 00 55 30  -0.196   1.984  -0.575   2.075
 91 251 00 56 30  -0.232   1.978  -0.596   2.079
 91 251 00 57 30  -0.221   1.969  -0.628   2.079
 91 251 00 58 30  -0.206   1.977  -0.621   2.083
 91 251 00 59 30  -0.165   1.973  -0.658   2.087
 91 251 01 00 30  -0.128   1.983  -0.682   2.101
 91 251 01 01 30  -0.087   1.966  -0.741   2.103
 91 251 01 02 30  -0.073   1.953  -0.776   2.103
 91 251 01 03 30  -0.119   1.958  -0.782   2.113
 91 251 01 04 30  -0.127   1.943  -0.819   2.113
 91 251 01 05 30  -0.152   1.941  -0.832   2.117
 91 251 01 06 30  -0.161   1.936  -0.854   2.122
 91 251 01 07 30  -0.142   1.929  -0.890   2.130
 91 251 01 08 30  -0.160   1.915  -0.920   2.131
 91 251 01 09 30  -0.186   1.909  -0.915   2.125
 91 251 01 10 30  -0.151   1.881  -0.957   2.117
 91 251 01 11 30  -0.178   1.890  -0.914   2.107
 91 251 01 12 30  -0.162   1.883  -0.943   2.112
 91 251 01 13 30  -0.228   1.899  -0.909   2.120
 91 251 01 14 30  -0.303   1.958  -0.825   2.146
 91 251 01 15 30  -0.319   1.945  -0.868   2.155
 91 251 01 16 30  -0.386   1.902  -0.952   2.162
 91 251 01 17 30  -0.364   1.913  -0.926   2.157
 91 251 01 18 30  -0.341   1.941  -0.911   2.173
 91 251 01 19 30  -0.314   1.967  -0.878   2.177
 91 251 01 20 30  -0.317   1.973  -0.861   2.177
 91 251 01 21 30  -0.283   1.990  -0.833   2.176
 91 251 01 22 30  -0.330   1.985  -0.805   2.169
 91 251 01 23 30  -0.367   1.937  -0.974   2.199
 91 251 01 24 30  -0.418   1.885  -1.076   2.211
 91 251 01 25 30  -0.415   1.887  -1.081   2.214
 91 251 01 26 30  -0.394   1.937  -0.990   2.211
 91 251 01 27 30  -0.334   1.964  -0.928   2.200
 91 251 01 28 30  -0.332   1.937  -0.925   2.173
 91 251 01 29 30  -0.312   1.969  -0.842   2.171
 91 251 01 30 30  -0.297   1.983  -0.848   2.178
 91 251 01 31 30  -0.246   2.009  -0.806   2.179
 91 251 01 32 30  -0.184   2.019  -0.784   2.175
 91 251 01 33 30  -0.256   2.026  -0.751   2.177
 91 251 01 34 30  -0.239   2.024  -0.847   2.208
 91 251 01 35 30  -0.226   2.049  -0.803   2.212
 91 251 01 36 30  -0.263   2.055  -0.779   2.214
 91 251 01 37 30  -0.326   2.037  -0.794   2.211
 91 251 01 38 30  -0.290   2.063  -0.713   2.204
 91 251 01 39 30  -0.274   2.057  -0.739   2.204
 91 251 01 40 30  -0.199   2.059  -0.740   2.204
 91 251 01 41 30  -0.199   2.052  -0.749   2.195
 91 251 01 42 30  -0.254   2.062  -0.733   2.205
 91 251 01 43 30  -0.251   2.089  -0.650   2.203
 91 251 01 44 30  -0.292   2.093  -0.613   2.201
 91 251 01 45 30  -0.309   2.114  -0.568   2.212
 91 251 01 46 30  -0.257   2.118  -0.582   2.212
 91 251 01 47 30  -0.228   2.107  -0.645   2.216
 91 251 01 48 30  -0.302   2.098  -0.673   2.224
 91 251 01 49 30  -0.288   2.116  -0.617   2.224
 91 251 01 50 30  -0.268   2.127  -0.600   2.227
 91 251 01 51 30  -0.228   2.127  -0.623   2.228
 91 251 01 52 30  -0.253   2.130  -0.588   2.225
 91 251 01 53 30  -0.253   2.147  -0.534   2.227
 91 251 01 54 30  -0.238   2.140  -0.571   2.228
 91 251 01 55 30  -0.212   2.139  -0.587   2.229
 91 251 01 56 30  -0.224   2.098  -0.681   2.218
 91 251 01 57 30  -0.227   2.063  -0.785   2.220
 91 251 01 58 30  -0.194   2.065  -0.787   2.219
 91 251 01 59 30  -0.190   2.038  -0.820   2.206
 91 251 02 00 30  -0.193   2.055  -0.812   2.219
 91 251 02 01 30  -0.181   2.023  -0.877   2.214
 91 251 02 02 30  -0.175   2.111  -0.718   2.237
 91 251 02 03 30  -0.211   2.108  -0.701   2.233
 91 251 02 04 30  -0.200   2.171  -0.355   2.219
 91 251 02 05 30  -0.169   2.202  -0.055   2.213
 91 251 02 06 30  -0.206   2.204  -0.015   2.217
 91 251 02 07 30  -0.235   2.191  -0.192   2.219
 91 251 02 08 30  -0.263   2.168  -0.351   2.216
 91 251 02 09 30  -0.250   2.176  -0.361   2.221
 91 251 02 10 30  -0.344   2.147  -0.444   2.225
 91 251 02 11 30  -0.063   2.209  -0.127   2.217
 91 251 02 12 30   0.001   2.215  -0.156   2.223
 91 251 02 13 30  -0.022   2.211  -0.183   2.226
 91 251 02 14 30  -0.209   2.120  -0.579   2.219
 91 251 02 15 30  -0.413   2.079  -0.645   2.218
 91 251 02 16 30  -0.426   2.091  -0.620   2.228
 91 251 02 17 30  -0.351   2.152  -0.322   2.221
 91 251 02 18 30  -0.255   2.202  -0.155   2.227
 91 251 02 19 30  -0.366   2.168  -0.318   2.224
 91 251 02 20 30  -0.373   2.168  -0.256   2.221
 91 251 02 21 30  -0.363   2.173  -0.214   2.218
 91 251 02 22 30  -0.371   2.158  -0.335   2.218
 91 251 02 23 30  -0.431   2.155  -0.258   2.216
 91 251 02 24 30  -0.435   2.150  -0.247   2.216
 91 251 02 25 30  -0.563   2.110  -0.253   2.205
 91 251 02 26 30  -0.469   2.076  -0.561   2.207
 91 251 02 27 30  -0.434   2.085  -0.457   2.211
 91 251 02 28 30  -0.149   2.197  -0.270   2.222
 91 251 02 29 30  -0.155   2.207  -0.200   2.222
 91 251 02 30 30  -0.233   2.201  -0.161   2.221
 91 251 02 31 30  -0.134   2.199  -0.014   2.210
 91 251 02 32 30  -0.080   2.193  -0.193   2.219
 91 251 02 33 30  -0.135   2.202  -0.001   2.208
 91 251 02 34 30  -0.146   2.206  -0.212   2.222
 91 251 02 35 30  -0.233   2.195  -0.219   2.219
 91 251 02 36 30  -0.148   2.209  -0.254   2.230
 91 251 02 37 30  -0.141   2.211  -0.223   2.228
 91 251 02 38 30  -0.116   2.207  -0.325   2.235
 91 251 02 39 30  -0.159   2.221  -0.261   2.244
 91 251 02 40 30  -0.170   2.211  -0.255   2.234
 91 251 02 41 30  -0.090   2.221  -0.249   2.238
 91 251 02 42 30  -0.112   2.219  -0.205   2.236
 91 251 02 43 30  -0.257   2.215  -0.109   2.235
 91 251 02 44 30  -0.205   2.224  -0.112   2.238
 91 251 02 45 30  -0.231   2.217  -0.237   2.243
 91 251 02 46 30  -0.073   2.228  -0.218   2.242
 91 251 02 47 30  -0.093   2.217  -0.307   2.243
 91 251 02 48 30  -0.228   2.191  -0.415   2.242
 91 251 02 49 30  -0.328   2.166  -0.456   2.239
 91 251 02 50 30  -0.265   2.153  -0.518   2.237
 91 251 02 51 30  -0.281   2.186  -0.275   2.228
 91 251 02 52 30  -0.267   2.211  -0.079   2.232
 91 251 02 53 30  -0.277   2.203   0.067   2.226
 91 251 02 54 30  -0.236   2.212   0.017   2.227
 91 251 02 55 30  -0.242   2.210  -0.065   2.226
 91 251 02 56 30  -0.180   2.211   0.008   2.225
 91 251 02 57 30  -0.143   2.188   0.178   2.215
 91 251 02 58 30  -0.154   2.200   0.139   2.216
 91 251 02 59 30  -0.188   2.200   0.107   2.212
 91 251 03 00 30  -0.165   2.201   0.185   2.217
 91 251 03 01 30  -0.081   2.193   0.272   2.213
 91 251 03 02 30  -0.063   2.190   0.224   2.207
 91 251 03 03 30  -0.007   2.198   0.255   2.220
 91 251 03 04 30  -0.234   2.163  -0.188   2.209
 91 251 03 05 30  -0.296   2.109  -0.567   2.212
 91 251 03 06 30  -0.144   2.168  -0.273   2.213
 91 251 03 07 30  -0.064   2.206   0.041   2.220
 91 251 03 08 30   0.001   2.215   0.148   2.222
 91 251 03 09 30   0.070   2.219   0.151   2.226
 91 251 03 10 30   0.074   2.213   0.169   2.224
 91 251 03 11 30   0.012   2.203   0.241   2.220
 91 251 03 12 30  -0.066   2.199  -0.109   2.222
 91 251 03 13 30   0.039   2.109  -0.697   2.225
 91 251 03 14 30   0.021   2.135  -0.622   2.229
 91 251 03 15 30  -0.010   2.196  -0.332   2.230
 91 251 03 16 30  -0.210   2.130  -0.519   2.226
 91 251 03 17 30  -0.115   2.227  -0.104   2.240
 91 251 03 18 30  -0.082   2.250  -0.026   2.253
 91 251 03 19 30  -0.096   2.241  -0.023   2.244
 91 251 03 20 30  -0.136   2.242  -0.057   2.248
 91 251 03 21 30  -0.152   2.201   0.094   2.233
 91 251 03 22 30  -0.088   2.159   0.400   2.210
 91 251 03 23 30   0.040   2.154   0.433   2.203
 91 251 03 24 30  -0.208   2.194   0.129   2.214
 91 251 03 25 30  -0.022   2.184   0.305   2.207
 91 251 03 26 30   0.025   2.197   0.301   2.219
 91 251 03 27 30  -0.116   2.196   0.295   2.221
 91 251 03 28 30  -0.145   2.190   0.285   2.213
 91 251 03 29 30  -0.240   2.174   0.314   2.211
 91 251 03 30 30  -0.269   2.180   0.302   2.219
 91 251 03 31 30  -0.385   2.180   0.188   2.224
 91 251 03 32 30  -0.355   2.181   0.201   2.221
 91 251 03 33 30  -0.453   2.141   0.321   2.214
 91 251 03 34 30  -0.618   2.105   0.324   2.221
 91 251 03 35 30  -0.559   2.137   0.150   2.226
 91 251 03 36 30   0.323   2.177   0.121   2.217
 91 251 03 37 30   0.479   2.155   0.150   2.216
 91 251 03 38 30   0.304   2.197   0.213   2.235
 91 251 03 39 30   0.143   2.217   0.131   2.231
 91 251 03 40 30   0.286   2.193   0.210   2.226
 91 251 03 41 30   0.315   2.180   0.207   2.217
 91 251 03 42 30   0.090   2.223   0.188   2.239
 91 251 03 43 30  -0.283   2.211   0.070   2.234
 91 251 03 44 30  -0.587   2.137  -0.062   2.229
 91 251 03 45 30  -0.713   2.105  -0.047   2.223
 91 251 03 46 30  -0.749   2.080  -0.026   2.216
 91 251 03 47 30  -0.627   2.132  -0.026   2.223
 91 251 03 48 30  -0.526   2.155  -0.086   2.223
 91 251 03 49 30  -0.485   2.154  -0.084   2.212
 91 251 03 50 30  -0.521   2.164  -0.070   2.228
 91 251 03 51 30  -0.461   2.171  -0.024   2.220
 91 251 03 52 30  -0.501   2.161   0.001   2.219
 91 251 03 53 30  -0.477   2.175  -0.011   2.227
 91 251 03 54 30  -0.340   2.200   0.038   2.228
 91 251 03 55 30  -0.372   2.198  -0.013   2.230
 91 251 03 56 30  -0.325   2.198  -0.016   2.223
 91 251 03 57 30  -0.328   2.191  -0.054   2.222
 91 251 03 58 30  -0.236   2.213   0.131   2.233
 91 251 03 59 30  -0.324   2.209  -0.027   2.235
 91 251 04 00 30  -0.151   2.224   0.072   2.231
 91 251 04 01 30  -0.217   2.222   0.043   2.235
 91 251 04 02 30  -0.118   2.238   0.206   2.252
 91 251 04 03 30  -0.037   2.233   0.258   2.249
 91 251 04 04 30  -0.270   2.187   0.179   2.245
 91 251 04 05 30  -0.650   2.132  -0.159   2.241
 91 251 04 06 30  -0.414   2.196  -0.040   2.247
 91 251 04 07 30  -0.200   2.224   0.187   2.248
 91 251 04 08 30  -0.139   2.215   0.291   2.242
 91 251 04 09 30  -0.102   2.232   0.148   2.248
 91 251 04 10 30  -0.016   2.223   0.229   2.238
 91 251 04 11 30  -0.094   2.240   0.167   2.249
 91 251 04 12 30  -0.030   2.228   0.157   2.236
 91 251 04 13 30  -0.025   2.230   0.108   2.234
 91 251 04 14 30  -0.124   2.231   0.024   2.237
 91 251 04 15 30  -0.116   2.229   0.052   2.240
 91 251 04 16 30  -0.133   2.234   0.026   2.240
 91 251 04 17 30  -0.177   2.223   0.063   2.232
 91 251 04 18 30  -0.142   2.223   0.169   2.235
 91 251 04 19 30  -0.124   2.219   0.171   2.230
 91 251 04 20 30  -0.130   2.217   0.191   2.229
 91 251 04 21 30  -0.198   2.214   0.159   2.232
 91 251 04 22 30  -0.199   2.206   0.151   2.221
 91 251 04 23 30  -0.250   2.196   0.174   2.219
 91 251 04 24 30  -0.169   2.189   0.303   2.217
 91 251 04 25 30  -0.154   2.191   0.301   2.218
 91 251 04 26 30  -0.138   2.189   0.330   2.219
 91 251 04 27 30  -0.134   2.189   0.385   2.227
 91 251 04 28 30  -0.194   2.188   0.391   2.232
 91 251 04 29 30  -0.152   2.188   0.364   2.224
 91 251 04 30 30   0.038   2.183   0.391   2.220
 91 251 04 31 30  -0.045   2.184   0.382   2.219
 91 251 04 32 30  -0.043   2.180   0.377   2.214
 91 251 04 33 30  -0.024   2.181   0.419   2.223
 91 251 04 34 30  -0.005   2.171   0.464   2.221
 91 251 04 35 30  -0.077   2.170   0.476   2.224
 91 251 04 36 30  -0.131   2.164   0.462   2.217
 91 251 04 37 30  -0.060   2.176   0.438   2.221
 91 251 04 38 30  -0.050   2.130   0.580   2.209
 91 251 04 39 30  -0.111   2.112   0.555   2.188
 91 251 04 40 30  -0.135   2.127   0.554   2.203
 91 251 04 41 30  -0.076   2.126   0.535   2.195
 91 251 04 42 30  -0.038   2.136   0.501   2.197
 91 251 04 43 30   0.093   2.169   0.378   2.207
 91 251 04 44 30   0.130   2.132   0.519   2.201
 91 251 04 45 30   0.113   2.151   0.530   2.221
 91 251 04 46 30   0.106   2.169   0.519   2.234
 91 251 04 47 30   0.119   2.159   0.546   2.231
 91 251 04 48 30   0.166   2.166   0.428   2.214
 91 251 04 49 30   0.194   2.146   0.446   2.201
 91 251 04 50 30   0.138   2.173   0.413   2.218
 91 251 04 51 30   0.147   2.171   0.459   2.224
 91 251 04 52 30   0.117   2.186   0.394   2.225
 91 251 04 53 30   0.202   2.199   0.335   2.234
 91 251 04 54 30   0.190   2.197   0.324   2.230
 91 251 04 55 30   0.252   2.214   0.202   2.241
 91 251 04 56 30   0.083   2.229   0.070   2.235
 91 251 04 57 30   0.029   2.201   0.338   2.242
 91 251 04 58 30  -0.007   2.138   0.665   2.241
 91 251 04 59 30   0.004   2.170   0.541   2.238
 91 251 05 00 30   0.010   2.195   0.404   2.232
 91 251 05 01 30   0.061   2.029   0.828   2.194
 91 251 05 02 30   0.067   1.995   0.841   2.170
 91 251 05 03 30   0.037   2.026   0.743   2.161
 91 251 05 04 30  -0.084   2.117   0.084   2.143
 91 251 05 10 30  -0.043   2.043  -0.151   2.051
 91 251 05 11 30   0.212   2.061   0.317   2.119
 91 251 05 12 30   0.166   2.076   0.529   2.152
 91 251 05 13 30   0.002   2.009   0.729   2.144
 91 251 05 14 30   0.064   1.921   0.943   2.147
 91 251 05 15 30   0.075   1.852   1.049   2.141
 91 251 05 16 30  -0.076   1.967   0.836   2.146
 91 251 05 17 30  -0.096   1.984   0.820   2.151
 91 251 05 18 30  -0.089   1.965   0.867   2.151
 91 251 05 19 30  -0.135   1.944   0.882   2.140
 91 251 05 20 30  -0.098   1.937   0.920   2.147
 91 251 05 21 30  -0.093   1.855   1.030   2.136
 91 251 05 22 30  -0.027   1.548   1.435   2.129
 91 251 05 23 30  -0.102   1.608   1.366   2.120
 91 251 05 24 30  -0.065   1.720   1.249   2.131
 91 251 05 25 30  -0.050   1.793   1.160   2.141
 91 251 05 26 30  -0.071   1.707   1.286   2.146
 91 251 05 27 30  -0.073   1.759   1.233   2.150
 91 251 05 28 30  -0.102   1.801   1.157   2.145
 91 251 05 29 30  -0.136   1.740   1.228   2.143
 91 251 05 30 30  -0.002   1.847   1.029   2.124
 91 251 05 31 30  -0.019   1.965   0.791   2.127
 91 251 05 32 30   0.123   1.920   0.889   2.126
 91 251 05 33 30   0.179   1.960   0.795   2.129
 91 251 05 34 30   0.031   2.025   0.596   2.115
 91 251 05 35 30   0.044   1.994   0.637   2.103
 91 251 05 36 30  -0.027   1.973   0.712   2.113
 91 251 05 37 30  -0.105   2.057   0.515   2.127
 91 251 05 38 30  -0.420   1.953   0.672   2.112
 91 251 05 39 30  -0.378   1.932   0.735   2.112
 91 251 05 40 30  -0.068   1.885   0.861   2.100
 91 251 05 41 30   0.083   2.038   0.452   2.098
 91 251 05 42 30   0.215   2.059   0.254   2.095
 91 251 05 43 30  -0.217   2.016   0.503   2.096
 91 251 05 44 30  -0.437   1.949   0.574   2.083
 91 251 05 45 30  -0.280   1.995   0.548   2.092
 91 251 05 46 30  -0.200   2.008   0.470   2.081
 91 251 05 47 30  -0.074   2.053   0.413   2.097
 91 251 05 48 30  -0.339   1.959   0.574   2.077
 91 251 05 49 30  -0.482   1.982   0.373   2.079
 91 251 05 50 30  -0.391   2.037   0.052   2.087
 91 251 05 51 30  -0.470   2.024  -0.038   2.095
 91 251 05 52 30  -0.427   2.026   0.203   2.100
 91 251 05 53 30  -0.350   2.085   0.145   2.121
 91 251 05 54 30  -0.332   2.078   0.139   2.110
 91 251 05 55 30  -0.249   2.087   0.219   2.114
 91 251 05 56 30  -0.286   2.080   0.213   2.111
 91 251 05 57 30  -0.243   2.084   0.203   2.109
 91 251 05 58 30  -0.180   2.090   0.391   2.140
 91 251 05 59 30  -0.001   2.132   0.355   2.162
 91 251 06 00 30  -0.136   2.111   0.333   2.147
 91 251 06 01 30  -0.284   2.048   0.378   2.114
 91 251 06 02 30  -0.106   2.097   0.226   2.116
 91 251 06 03 30  -0.003   2.119   0.082   2.122
 91 251 06 04 30  -0.038   2.136   0.095   2.140
 91 251 06 05 30  -0.095   2.127   0.189   2.139
 91 251 06 06 30  -0.255   2.069   0.463   2.139
 91 251 06 07 30  -0.240   2.084   0.380   2.134
 91 251 06 08 30  -0.174   2.105   0.299   2.138
 91 251 06 09 30  -0.062   2.132   0.182   2.142
 91 251 06 10 30  -0.038   2.138   0.149   2.145
 91 251 06 11 30   0.025   2.144   0.109   2.147
 91 251 06 12 30   0.104   2.137   0.126   2.143
 91 251 06 13 30  -0.046   2.130   0.170   2.142
 91 251 06 14 30  -0.141   2.132   0.130   2.147
 91 251 06 15 30  -0.085   2.146   0.243   2.164
 91 251 06 16 30  -0.106   2.175   0.093   2.182
 91 251 06 17 30  -0.151   2.200   0.021   2.213
 91 251 06 18 30  -0.473   2.168  -0.272   2.242
 91 251 06 19 30  -0.511   2.115  -0.334   2.204
 91 251 06 20 30  -0.535   2.109  -0.318   2.200
 91 251 06 21 30  -0.486   2.121  -0.311   2.199
 91 251 06 22 30  -0.527   2.117  -0.280   2.200
 91 251 06 23 30  -0.512   2.141  -0.240   2.218
 91 251 06 24 30  -0.586   2.127  -0.355   2.237
 91 251 06 25 30  -0.606   2.130  -0.384   2.248
 91 251 06 26 30  -0.571   2.172  -0.398   2.286
 91 251 06 27 30  -0.597   2.201  -0.225   2.295
 91 251 06 28 30  -0.602   2.208  -0.178   2.296
 91 251 06 29 30  -0.596   2.208  -0.197   2.296
 91 251 06 30 30  -0.607   2.224  -0.277   2.322
 91 251 06 31 30  -0.615   2.242  -0.149   2.332
 91 251 06 32 30  -0.573   2.246  -0.334   2.343
 91 251 06 33 30  -0.533   2.258  -0.352   2.347
 91 251 06 34 30  -0.549   2.251  -0.385   2.349
 91 251 06 35 30  -0.580   2.216  -0.504   2.346
 91 251 06 36 30  -0.635   2.198  -0.526   2.348
 91 251 06 37 30  -0.631   2.177  -0.614   2.349
 91 251 06 38 30  -0.614   2.146  -0.720   2.347
 91 251 06 39 30  -0.618   2.119  -0.768   2.339
 91 251 06 40 30  -0.687   2.062  -0.897   2.355
 91 251 06 41 30  -0.765   2.022  -0.917   2.349
 91 251 06 42 30  -0.639   2.107  -0.816   2.352
 91 251 06 43 30  -0.624   2.125  -0.777   2.348
 91 251 06 44 30  -0.599   2.167  -0.661   2.344
 91 251 06 45 30  -0.638   2.150  -0.683   2.346
 91 251 06 46 30  -0.670   2.117  -0.737   2.343
 91 251 06 47 30  -0.751   2.066  -0.816   2.345
 91 251 06 48 30  -0.765   2.023  -0.888   2.339
 91 251 06 49 30  -0.766   2.023  -0.884   2.337
 91 251 06 50 30  -0.740   2.032  -0.861   2.329
 91 251 06 51 30  -0.746   2.010  -0.896   2.328
 91 251 06 52 30  -0.677   2.122  -0.640   2.321
 91 251 06 53 30  -0.645   2.141  -0.619   2.321
 91 251 06 54 30  -0.709   2.111  -0.672   2.326
 91 251 06 55 30  -0.643   2.125  -0.616   2.316
 91 251 06 56 30  -0.538   2.196  -0.548   2.329
 91 251 06 57 30  -0.130   2.294  -0.333   2.324
 91 251 06 58 30  -0.263   2.257  -0.388   2.310
 91 251 06 59 30  -0.422   2.225  -0.459   2.311
 91 251 07 00 30  -0.292   2.263  -0.373   2.314
 91 251 07 01 30  -0.333   2.251  -0.393   2.309
 91 251 07 02 30  -0.328   2.257  -0.355   2.308
 91 251 07 03 30  -0.399   2.246  -0.353   2.309
 91 251 07 04 30  -0.478   2.221  -0.407   2.308
 91 251 07 05 30  -0.501   2.215  -0.393   2.305
 91 251 07 06 30  -0.453   2.237  -0.367   2.312
 91 251 07 07 30  -0.396   2.243  -0.389   2.311
 91 251 07 08 30  -0.388   2.242  -0.429   2.316
 91 251 07 09 30  -0.378   2.232  -0.491   2.317
 91 251 07 10 30  -0.398   2.227  -0.498   2.317
 91 251 07 11 30  -0.380   2.224  -0.500   2.311
 91 251 07 12 30  -0.281   2.249  -0.447   2.311
 91 251 07 13 30  -0.255   2.261  -0.408   2.312
 91 251 07 14 30  -0.228   2.270  -0.389   2.315
 91 251 07 15 30  -0.115   2.279  -0.257   2.298
 91 251 07 16 30  -0.443   2.186  -0.538   2.296
 91 251 07 17 30  -0.348   2.206  -0.464   2.282
 91 251 07 18 30  -0.479   2.160  -0.570   2.296
 91 251 07 19 30  -0.676   2.078  -0.735   2.306
 91 251 07 20 30  -0.691   2.086  -0.727   2.315
 91 251 07 21 30  -0.623   2.104  -0.721   2.310
 91 251 07 22 30  -0.591   2.112  -0.722   2.309
 91 251 07 23 30  -0.637   2.102  -0.710   2.308
 91 251 07 24 30  -0.608   2.105  -0.718   2.306
 91 251 07 25 30  -0.823   2.078  -0.538   2.302
 91 251 07 26 30  -0.807   2.093  -0.549   2.311
 91 251 07 27 30  -0.748   2.102  -0.597   2.310
 91 251 07 28 30  -0.714   2.108  -0.607   2.308
 91 251 07 29 30  -0.600   2.132  -0.678   2.316
 91 251 07 30 30  -0.575   2.130  -0.706   2.316
 91 251 07 31 30  -0.513   2.167  -0.698   2.335
 91 251 07 32 30  -0.498   2.154  -0.740   2.332
 91 251 07 33 30  -0.497   2.150  -0.752   2.332
 91 251 07 34 30  -0.513   2.160  -0.727   2.336
 91 251 07 35 30  -0.512   2.173  -0.709   2.343
 91 251 07 36 30  -0.468   2.176  -0.705   2.335
 91 251 07 37 30  -0.416   2.186  -0.690   2.330
 91 251 07 38 30  -0.462   2.162  -0.671   2.310
 91 251 07 39 30  -0.418   2.183  -0.559   2.293
 91 251 07 40 30  -0.426   2.203  -0.489   2.298
 91 251 07 41 30  -0.263   2.199  -0.613   2.300
 91 251 07 42 30  -0.164   2.221  -0.557   2.297
 91 251 07 43 30  -0.285   2.215  -0.508   2.297
 91 251 07 44 30  -0.513   2.173  -0.577   2.307
 91 251 07 45 30  -0.427   2.199  -0.599   2.320
 91 251 07 46 30  -0.454   2.192  -0.585   2.315
 91 251 07 47 30  -0.396   2.184  -0.566   2.292
 91 251 07 48 30  -0.362   2.174  -0.571   2.277
 91 251 07 49 30  -0.373   2.166  -0.536   2.263
 91 251 07 50 30  -0.352   2.170  -0.519   2.260
 91 251 07 51 30  -0.336   2.170  -0.530   2.259
 91 251 07 52 30  -0.287   2.164  -0.556   2.253
 91 251 07 53 30  -0.332   2.166  -0.568   2.265
 91 251 07 54 30  -0.441   2.093  -0.604   2.227
 91 251 07 55 30  -0.393   2.061  -0.492   2.159
 91 251 07 56 30  -0.061   2.069  -0.353   2.120
 91 251 07 57 30   0.139   2.120  -0.116   2.139
 91 251 07 58 30   0.446   2.089  -0.021   2.145
 91 251 07 59 30   0.321   2.084  -0.118   2.133
 91 251 08 00 30   0.615   2.021  -0.179   2.135
 91 251 08 01 30   0.599   2.043  -0.231   2.148
 91 251 08 02 30   0.537   2.068  -0.197   2.148
 91 251 08 03 30   0.851   1.970  -0.071   2.156
 91 251 08 04 30   1.076   1.862  -0.243   2.168
 91 251 08 05 30   0.925   1.923  -0.371   2.168
 91 251 08 06 30   0.629   2.062  -0.159   2.163
 91 251 08 07 30   0.808   2.012  -0.054   2.174
 91 251 08 08 30   0.515   2.095  -0.306   2.193
 91 251 08 09 30   0.318   2.130  -0.412   2.195
 91 251 08 10 30   0.377   2.099  -0.450   2.182
 91 251 08 11 30   0.308   2.109  -0.462   2.184
 91 251 08 12 30   0.395   2.108  -0.403   2.185
 91 251 08 13 30   0.119   2.144  -0.440   2.198
 91 251 08 14 30   0.030   2.130  -0.455   2.181
 91 251 08 15 30   0.053   2.139  -0.431   2.185
 91 251 08 16 30   0.046   2.137  -0.466   2.191
 91 251 08 17 30   0.148   2.132  -0.519   2.201
 91 251 08 18 30   0.185   2.126  -0.561   2.208
 91 251 08 19 30   0.144   2.147  -0.502   2.211
 91 251 08 20 30   0.305   2.103  -0.566   2.202
 91 251 08 21 30   0.289   2.110  -0.580   2.210
 91 251 08 22 30   0.219   2.150  -0.529   2.227
 91 251 08 23 30   0.315   2.092  -0.624   2.213
 91 251 08 24 30   0.369   2.086  -0.650   2.221
 91 251 08 25 30   0.330   2.059  -0.712   2.216
 91 251 08 26 30   0.248   2.422  -0.837   2.622
 91 251 08 27 30  -0.026   3.175  -0.956   3.318
 91 251 08 28 30  -0.114   3.212  -0.951   3.354
 91 251 08 29 30  -0.045   3.280  -0.892   3.400
 91 251 08 30 30  -0.027   3.316  -0.930   3.446
 91 251 08 31 30  -0.159   3.317  -0.913   3.448
 91 251 08 32 30  -0.114   3.295  -0.967   3.438
 91 251 08 33 30  -0.091   3.311  -0.874   3.427
 91 251 08 34 30  -0.027   3.316  -0.832   3.421
 91 251 08 35 30  -0.143   3.317  -0.756   3.408
 91 251 08 36 30  -0.124   3.342  -0.698   3.418
 91 251 08 37 30  -0.200   3.353  -0.640   3.423
 91 251 08 38 30  -0.037   3.328  -0.633   3.391
 91 251 08 39 30  -0.263   3.321  -0.643   3.397
 91 251 08 40 30   0.008   3.322  -0.590   3.382
 91 251 08 41 30   0.059   3.305  -0.615   3.366
 91 251 08 42 30   0.018   3.294  -0.666   3.363
 91 251 08 43 30  -0.025   3.287  -0.714   3.364
 91 251 08 44 30  -0.069   3.283  -0.715   3.363
 91 251 08 45 30  -0.042   3.265  -0.732   3.347
 91 251 08 46 30  -0.100   3.265  -0.714   3.346
 91 251 08 47 30  -0.096   3.230  -0.539   3.278
 91 251 08 48 30  -0.065   3.271  -0.584   3.326
 91 251 08 49 30  -0.080   3.227  -0.699   3.303
 91 251 08 50 30  -0.150   3.271  -0.759   3.362
 91 251 08 51 30  -0.222   3.266  -0.718   3.352
 91 251 08 52 30  -0.253   3.256  -0.887   3.390
 91 251 08 53 30  -0.290   3.277  -0.759   3.378
 91 251 08 54 30  -0.334   3.290  -0.775   3.397
 91 251 08 55 30  -0.238   3.304  -0.715   3.392
 91 251 08 56 30  -0.048   3.321  -0.638   3.384
 91 251 08 57 30  -0.401   3.237  -0.763   3.355
 91 251 08 58 30  -0.626   3.039  -1.229   3.365
 91 251 08 59 30  -0.561   2.950  -1.463   3.356
 91 251 09 00 30  -0.222   3.215  -1.046   3.392
 91 251 09 01 30  -0.233   3.254  -0.891   3.388
 91 251 09 02 30  -1.117   2.730  -1.492   3.398
 91 251 09 03 30  -0.607   3.195  -0.770   3.355
 91 251 09 04 30  -1.263   2.845  -1.138   3.397
 91 251 09 05 30  -0.670   3.111  -0.905   3.344
 91 251 09 06 30  -0.598   3.162  -0.836   3.342
 91 251 09 07 30  -1.008   2.961  -1.172   3.364
 91 251 09 08 30  -1.035   2.888  -1.363   3.373
 91 251 09 09 30  -1.198   2.750  -1.554   3.382
 91 251 09 10 30  -1.169   2.746  -1.580   3.380
 91 251 09 11 30  -1.060   2.705  -1.637   3.338
 91 251 09 12 30  -1.028   2.690  -1.663   3.328
 91 251 09 13 30  -1.178   2.660  -1.651   3.350
 91 251 09 14 30  -1.055   2.740  -1.601   3.350
 91 251 09 15 30  -1.141   2.640  -1.707   3.348
 91 251 09 16 30  -1.093   2.756  -1.562   3.353
 91 251 09 17 30  -0.129   3.279  -0.873   3.412
 91 251 09 18 30  -0.780   2.866  -1.428   3.311
 91 251 09 19 30  -1.260   2.506  -1.773   3.322
 91 251 09 20 30  -1.283   2.660  -1.446   3.295
 91 251 09 21 30  -1.148   2.792  -1.414   3.338
 91 251 09 22 30  -1.128   2.821  -1.417   3.356
 91 251 09 23 30  -1.133   2.807  -1.510   3.385
 91 251 09 24 30  -1.333   2.729  -1.518   3.401
 91 251 09 25 30  -1.216   2.813  -1.409   3.405
 91 251 09 26 30  -0.810   3.104  -1.084   3.390
 91 251 09 27 30  -0.800   3.120  -1.077   3.401
 91 251 09 28 30  -0.804   3.164  -0.965   3.405
 91 251 09 29 30  -0.905   3.207  -0.774   3.422
 91 251 09 30 30  -0.868   3.261  -0.641   3.435
 91 251 09 31 30  -0.752   3.112  -1.044   3.378
 91 251 09 32 30  -0.727   3.222  -1.149   3.502
 91 251 09 33 30  -0.672   3.208  -1.190   3.491
 91 251 09 34 30  -0.676   3.212  -1.141   3.477
 91 251 09 35 30  -0.703   3.242  -1.064   3.484
 91 251 09 36 30  -0.676   3.262  -1.030   3.488
 91 251 09 37 30  -0.530   3.341  -0.946   3.513
 91 251 09 38 30  -0.616   3.308  -0.956   3.498
 91 251 09 39 30  -0.556   3.273  -1.019   3.473
 91 251 09 40 30  -0.550   3.280  -1.045   3.486
 91 251 09 41 30  -0.505   3.297  -1.055   3.500
 91 251 09 42 30  -0.342   3.298  -1.145   3.509
 91 251 09 43 30  -0.337   3.271  -1.189   3.499
 91 251 09 44 30  -0.419   3.286  -0.992   3.460
 91 251 09 45 30  -0.456   3.238  -1.128   3.464
 91 251 09 46 30  -0.453   3.321  -0.695   3.436
 91 251 09 47 30  -0.473   3.221  -1.027   3.418
 91 251 09 48 30  -0.410   3.279  -0.833   3.415
 91 251 09 49 30  -0.032   3.368  -0.640   3.438
 91 251 09 50 30  -0.492   3.340  -0.777   3.466
 91 251 09 51 30  -0.337   3.470  -0.725   3.564
 91 251 09 52 30  -0.303   3.495  -0.680   3.573
 91 251 09 53 30  -0.345   3.509  -0.540   3.568
 91 251 09 54 30  -0.371   3.506  -0.518   3.564
 91 251 09 55 30  -0.213   3.557  -0.405   3.588
 91 251 09 56 30  -0.186   3.574  -0.335   3.595
 91 251 09 57 30  -0.232   3.557  -0.323   3.580
 91 251 09 58 30  -0.304   3.539  -0.452   3.581
 91 251 09 59 30  -0.346   3.564  -0.466   3.613
 91 251 10 00 30  -0.302   3.594  -0.304   3.627
 91 251 10 01 30  -0.360   3.530  -0.416   3.582
 91 251 10 02 30  -0.325   3.498  -0.316   3.555
 91 251 10 03 30  -0.195   3.523   0.230   3.539
 91 251 10 04 30  -0.155   3.532   0.105   3.539
 91 251 10 05 30  -0.187   3.520   0.026   3.525
 91 251 10 06 30  -0.302   3.507  -0.071   3.522
 91 251 10 07 30  -0.326   3.505  -0.157   3.525
 91 251 10 08 30  -0.149   3.517   0.061   3.525
 91 251 10 09 30   0.046   3.474   0.040   3.479
 91 251 10 10 30   0.013   3.501  -0.061   3.513
 91 251 10 11 30  -0.072   3.632   0.369   3.654
 91 251 10 12 30  -0.128   3.619   0.392   3.645
 91 251 10 13 30   0.001   3.608   0.599   3.658
 91 251 10 14 30  -0.025   3.545   0.877   3.656
 91 251 10 15 30  -0.078   3.455   1.113   3.636
 91 251 10 16 30  -0.172   3.545   0.704   3.622
 91 251 10 17 30  -0.117   3.424   1.096   3.599
 91 251 10 18 30  -0.155   3.469   0.727   3.558
 91 251 10 19 30  -0.255   3.490   0.544   3.544
 91 251 10 20 30  -0.251   3.480   0.598   3.542
 91 251 10 21 30  -0.300   3.425  -0.016   3.480
 91 251 10 22 30  -1.206   2.684  -1.435   3.282
 91 251 10 23 30  -1.015   2.811  -1.293   3.267
 91 251 10 24 30  -1.084   2.698  -1.407   3.239
 91 251 10 25 30  -1.329   2.569  -1.427   3.232
 91 251 10 26 30  -1.442   2.492  -1.486   3.247
 91 251 10 27 30  -1.532   2.385  -1.580   3.262
 91 251 10 28 30  -1.596   2.117  -1.909   3.272
 91 251 10 29 30  -1.337   2.624  -1.332   3.300
 91 251 10 30 30  -1.137   2.963  -1.032   3.338
 91 251 10 31 30  -1.213   2.629  -1.519   3.292
 91 251 10 32 30  -1.808   2.594  -0.974   3.332
 91 251 10 33 30  -1.435   2.378  -1.636   3.233
 91 251 10 34 30  -1.297   2.240  -1.960   3.249
 91 251 10 35 30  -1.226   2.383  -1.866   3.279
 91 251 10 36 30  -1.226   2.724  -1.289   3.275
 91 251 10 37 30  -1.452   2.651  -1.252   3.292
 91 251 10 38 30  -1.714   2.020  -1.925   3.289
 91 251 10 39 30  -1.396   2.210  -1.922   3.293
 91 251 10 40 30  -1.367   2.159  -2.049   3.278
 91 251 10 41 30  -1.449   2.290  -1.727   3.225
 91 251 10 42 30  -1.404   2.501  -1.454   3.218
 91 251 10 43 30  -1.410   2.496  -1.447   3.214
 91 251 10 44 30  -1.243   2.476  -1.647   3.227
 91 251 10 45 30  -1.064   2.671  -1.518   3.253
 91 251 10 46 30  -1.166   2.645  -1.375   3.220
 91 251 10 47 30  -1.027   2.310  -2.015   3.237
 91 251 10 48 30  -0.860   2.337  -2.071   3.252
 91 251 10 49 30  -1.151   2.655  -1.346   3.233
 91 251 10 50 30  -1.079   2.776  -1.348   3.270
 91 251 10 51 30  -1.134   2.951  -0.967   3.307
 91 251 10 52 30  -1.122   3.011  -0.872   3.331
 91 251 10 53 30  -1.155   2.725  -1.400   3.300
 91 251 10 54 30  -1.138   2.645  -1.614   3.303
 91 251 10 55 30  -1.034   2.880  -1.252   3.308
 91 251 10 56 30  -0.993   2.955  -1.026   3.304
 91 251 10 57 30  -1.228   2.815  -1.060   3.298
 91 251 10 58 30  -1.194   2.883  -0.929   3.289
 91 251 10 59 30  -1.198   2.837  -1.057   3.277
 91 251 11 00 30  -0.935   2.614  -1.703   3.268
 91 251 11 01 30  -0.929   2.552  -1.840   3.287
 91 251 11 02 30  -0.846   2.652  -1.749   3.295
 91 251 11 03 30  -1.056   2.563  -1.714   3.265
 91 251 11 04 30  -0.960   2.478  -1.921   3.295
 91 251 11 05 30  -0.982   2.806  -1.356   3.284
 91 251 11 06 30  -0.858   2.755  -1.564   3.288
 91 251 11 07 30  -0.652   3.025  -1.038   3.293
 91 251 11 08 30  -0.609   2.977  -1.245   3.316
 91 251 11 09 30  -0.597   2.923  -1.362   3.286
 91 251 11 10 30  -0.644   2.997  -1.149   3.277
 91 251 11 11 30  -0.471   3.108  -1.038   3.319
 91 251 11 12 30  -0.432   3.301  -0.619   3.403
 91 251 11 13 30  -0.967   3.190  -0.504   3.437
 91 251 11 14 30  -0.400   3.479   0.125   3.519
 91 251 11 15 30  -0.795   3.291  -0.896   3.532
 91 251 11 16 30  -0.476   3.519  -0.083   3.558
 91 251 11 17 30  -0.325   3.620   0.610   3.694
 91 251 11 18 30  -0.438   3.654  -0.079   3.701
 91 251 11 19 30  -0.567   3.635  -0.297   3.697
 91 251 11 20 30  -0.458   3.633  -0.390   3.686
 91 251 11 21 30  -0.456   3.642  -0.382   3.701
 91 251 11 22 30  -0.563   3.630  -0.547   3.719
 91 251 11 23 30  -0.743   3.586  -0.051   3.673
 91 251 11 24 30  -0.537   3.623  -0.166   3.674
 91 251 11 25 30  -0.431   3.659  -0.306   3.703
 91 251 11 26 30  -0.438   3.647   0.103   3.690
 91 251 11 27 30  -0.573   3.661  -0.167   3.726
 91 251 11 28 30  -0.239   3.734  -0.192   3.763
 91 251 11 29 30  -0.691   3.668  -0.153   3.768
 91 251 11 30 30  -0.789   3.515  -0.528   3.693
 91 251 11 31 30  -0.825   3.182  -1.400   3.589
 91 251 11 32 30  -0.755   3.578  -0.311   3.711
 91 251 11 33 30  -0.997   3.554  -0.344   3.714
 91 251 11 34 30  -1.052   3.520  -0.681   3.743
 91 251 11 35 30  -0.880   3.476  -0.704   3.670
 91 251 11 36 30  -0.865   3.167  -1.276   3.559
 91 251 11 37 30  -0.889   2.649  -2.024   3.465
 91 251 11 38 30  -1.102   2.634  -1.831   3.399
 91 251 11 39 30  -0.920   2.223  -2.264   3.359
 91 251 11 40 30  -0.954   2.367  -2.179   3.402
 91 251 11 41 30  -1.021   2.425  -2.099   3.397
 91 251 11 42 30  -1.088   2.703  -1.798   3.453
 91 251 11 43 30  -1.172   3.047  -1.038   3.452
 91 251 11 44 30  -1.045   2.935  -1.433   3.448
 91 251 11 45 30  -0.910   3.337  -0.325   3.480
 91 251 11 46 30  -1.028   3.313  -0.298   3.484
 91 251 11 47 30  -1.121   3.204  -0.570   3.482
 91 251 11 48 30  -0.988   3.272  -0.678   3.489
 91 251 11 49 30  -0.991   3.287  -0.496   3.474
 91 251 11 50 30  -1.170   3.180  -0.646   3.451
 91 251 11 51 30  -1.090   3.215  -0.527   3.438
 91 251 11 52 30  -1.136   3.203  -0.576   3.450
 91 251 11 53 30  -1.201   3.193  -0.467   3.452
 91 251 11 54 30  -1.688   2.963  -0.291   3.442
 91 251 11 55 30  -1.052   3.278  -0.090   3.511
 91 251 11 56 30  -0.826   3.413  -0.371   3.533
 91 251 11 57 30  -0.806   3.330  -0.332   3.450
 91 251 11 58 30  -0.461   3.380  -0.439   3.447
 91 251 11 59 30  -0.327   3.473   0.176   3.498
 91 251 12 00 30  -0.555   3.476   0.066   3.528
 91 251 12 01 30  -0.380   3.552   0.073   3.574
 91 251 12 02 30  -0.252   3.574   0.031   3.584
 91 251 12 03 30  -0.220   3.606   0.144   3.618
 91 251 12 04 30  -0.268   3.617   0.387   3.667
 91 251 12 05 30   0.028   3.661   0.626   3.718
 91 251 12 06 30  -0.106   3.601   0.799   3.704
 91 251 12 07 30   0.349   3.580   1.002   3.747
 91 251 12 08 30   0.700   3.379   1.429   3.738
 91 251 12 09 30   0.804   3.246   1.584   3.705
 91 251 12 10 30  -0.165   3.402   0.803   3.547
 91 251 12 11 30   0.060   3.257   0.997   3.422
 91 251 12 12 30   0.152   3.299   0.920   3.432
 91 251 12 13 30   0.025   3.251   1.025   3.419
 91 251 12 14 30  -0.114   3.273   1.126   3.466
 91 251 12 15 30   0.103   3.334   1.009   3.487
 91 251 12 16 30  -0.142   3.323   1.062   3.492
 91 251 12 17 30   0.024   3.304   1.116   3.488
 91 251 12 18 30   0.171   3.328   1.184   3.537
 91 251 12 19 30  -0.045   3.041   1.610   3.442
 91 251 12 20 30  -0.026   3.006   1.724   3.466
 91 251 12 21 30  -0.031   3.028   1.659   3.485
 91 251 12 22 30   0.060   3.504   0.402   3.531
 91 251 12 23 30   0.196   3.477   0.649   3.545
 91 251 12 24 30   0.265   3.424   0.825   3.532
 91 251 12 25 30   0.173   3.468   0.805   3.566
 91 251 12 26 30   0.238   3.547   0.680   3.620
 91 251 12 27 30   0.234   3.606   0.642   3.675
 91 251 12 28 30   0.043   3.621   0.551   3.664
 91 251 12 29 30   0.055   3.595   0.629   3.654
 91 251 12 30 30   0.124   3.551   0.514   3.590
 91 251 12 31 30   0.123   3.599   0.416   3.625
 91 251 12 32 30   0.074   3.608   0.413   3.633
 91 251 12 33 30   0.049   3.581   0.480   3.615
 91 251 12 34 30   0.097   3.577   0.453   3.607
 91 251 12 35 30   0.107   3.559   0.367   3.579
 91 251 12 36 30   0.033   3.547   0.351   3.565
 91 251 12 37 30  -0.052   3.535   0.374   3.555
 91 251 12 38 30  -0.045   3.520   0.399   3.545
 91 251 12 39 30  -0.114   3.496   0.385   3.521
 91 251 12 40 30  -0.044   3.470   0.036   3.501
 91 251 12 41 30   0.043   3.425  -0.454   3.456
 91 251 12 42 30   0.042   3.485  -0.292   3.499
 91 251 12 43 30   0.033   3.483  -0.284   3.496
 91 251 12 44 30   0.046   3.518  -0.305   3.532
 91 251 12 45 30   0.048   3.458  -0.503   3.496
 91 251 12 46 30  -0.305   3.015   1.544   3.496
 91 251 12 47 30  -0.412   2.910   1.838   3.467
 91 251 12 48 30  -0.358   2.971   1.761   3.473
 91 251 12 49 30  -0.316   3.102   1.621   3.517
 91 251 12 50 30  -0.357   3.062   1.636   3.500
 91 251 12 51 30  -0.247   3.199   1.432   3.514
 91 251 12 52 30  -0.253   3.221   1.382   3.516
 91 251 12 53 30  -0.221   3.326   1.160   3.531
 91 251 12 54 30  -0.300   3.329   1.269   3.579
 91 251 12 55 30  -0.292   3.397   1.221   3.623
 91 251 12 56 30  -0.319   3.368   1.242   3.605
 91 251 12 57 30  -0.330   3.325   1.253   3.569
 91 251 12 58 30  -0.317   3.294   1.281   3.549
 91 251 12 59 30  -0.403   3.392   1.062   3.578
 91 251 13 00 30  -0.400   3.350   1.152   3.566
 91 251 13 01 30  -0.393   3.380   1.091   3.574
 91 251 13 02 30  -0.395   3.425   1.011   3.593
 91 251 13 03 30  -0.518   3.335   1.025   3.534
 91 251 13 04 30  -0.661   3.269   1.130   3.523
 91 251 13 05 30  -0.544   3.324   1.024   3.521
 91 251 13 06 30  -0.549   3.328   1.027   3.529
 91 251 13 07 30  -0.582   3.389   0.811   3.539
 91 251 13 08 30  -0.636   3.554   0.540   3.653
 91 251 13 09 30  -0.785   3.528   0.312   3.633
 91 251 13 10 30  -0.717   3.554  -0.052   3.638
 91 251 13 11 30  -0.768   3.519  -0.387   3.626
 91 251 13 12 30  -0.901   3.392  -0.585   3.564
 91 251 13 13 30  -1.038   3.251  -0.854   3.534
 91 251 13 14 30  -0.809   3.282  -0.626   3.444
 91 251 13 15 30  -1.184   3.039  -0.863   3.383
 91 251 13 16 30  -0.982   3.193  -0.653   3.414
 91 251 13 17 30  -0.951   3.217  -0.778   3.446
 91 251 13 18 30  -0.911   3.219  -0.815   3.446
 91 251 13 19 30  -0.949   3.133  -0.907   3.419
 91 251 13 20 30  -1.051   3.077  -1.062   3.430
 91 251 13 21 30  -0.644   3.142  -0.950   3.420
 91 251 13 22 30  -0.676   3.049  -1.135   3.435
 91 251 13 23 30  -0.749   2.097  -2.398   3.280
 91 251 13 24 30  -0.825   1.464  -2.738   3.226
 91 251 13 25 30  -0.680   2.068  -2.221   3.150
 91 251 13 26 30  -0.524   2.030  -2.314   3.151
 91 251 13 27 30  -0.576   1.985  -2.461   3.236
 91 251 13 28 30  -0.684   1.912  -2.547   3.261
 91 251 13 29 30  -0.874   2.064  -2.403   3.288
 91 251 13 30 30  -0.897   1.514  -2.795   3.328
 91 251 13 31 30  -0.691   0.955  -3.119   3.351
 91 251 13 32 30  -0.246  -0.068  -3.318   3.336
 91 251 13 33 30  -0.189  -0.269  -3.291   3.314
 91 251 13 34 30  -0.307  -0.077  -3.286   3.309
 91 251 13 35 30  -0.917   2.694  -1.209   3.257
 91 251 13 36 30  -0.947   2.824  -0.759   3.236
 91 251 13 37 30  -1.073   2.452  -1.953   3.317
 91 251 13 38 30  -0.778   2.818  -0.677   3.326
 91 251 13 39 30  -0.302   3.253   0.740   3.352
 91 251 13 40 30  -0.343   3.227   0.899   3.370
 91 251 13 41 30  -0.406   3.196   1.001   3.374
 91 251 13 42 30  -0.371   3.181   1.012   3.363
 91 251 13 43 30  -0.478   3.202   0.927   3.370
 91 251 13 44 30  -0.372   3.161   1.124   3.393
 91 251 13 45 30  -0.479   3.052   0.413   3.296
 91 251 13 46 30  -0.629   2.785  -1.552   3.272
 91 251 13 47 30  -0.677   3.243  -0.313   3.399
 91 251 13 48 30  -0.437   3.157   1.302   3.453
 91 251 13 49 30  -0.352   2.970   1.672   3.428
 91 251 13 50 30  -0.460   3.097   1.500   3.473
 91 251 13 51 30  -0.427   3.042   1.621   3.475
 91 251 13 52 30  -0.370   3.055   1.610   3.473
 91 251 13 53 30  -0.320   3.026   1.678   3.475
 91 251 13 54 30  -0.484   3.120   1.476   3.498
 91 251 13 55 30  -0.772   3.253   1.050   3.511
 91 251 13 56 30  -0.266   3.131   1.524   3.507
 91 251 13 57 30  -0.368   3.171   1.484   3.524
 91 251 13 58 30  -0.672   3.250   1.219   3.539
 91 251 13 59 30  -0.706   3.236   1.226   3.532
 91 251 14 00 30  -0.697   3.229   1.282   3.544
 91 251 14 01 30  -0.647   3.243   1.288   3.549
 91 251 14 02 30  -0.589   3.222   1.350   3.544
 91 251 14 03 30  -0.709   3.222   1.316   3.552
 91 251 14 04 30  -0.705   3.267   1.383   3.617
 91 251 14 05 30  -0.725   3.245   1.406   3.610
 91 251 14 06 30  -0.686   3.241   1.402   3.598
 91 251 14 07 30  -0.718   3.226   1.429   3.601
 91 251 14 08 30  -0.708   3.233   1.449   3.613
 91 251 14 09 30  -0.840   3.175   1.489   3.607
 91 251 14 10 30  -0.942   3.138   1.529   3.617
 91 251 14 11 30  -0.969   3.131   1.546   3.625
 91 251 14 12 30  -0.912   3.146   1.571   3.633
 91 251 14 13 30  -0.870   3.146   1.597   3.635
 91 251 14 14 30  -0.952   3.174   1.511   3.643
 91 251 14 15 30  -0.909   3.224   1.507   3.674
 91 251 14 16 30  -0.819   3.245   1.536   3.683
 91 251 14 17 30  -0.902   3.240   1.539   3.699
 91 251 14 18 30  -0.885   3.248   1.552   3.708
 91 251 14 19 30  -0.765   3.207   1.726   3.724
 91 251 14 20 30  -1.031   3.224   1.559   3.729
 91 251 14 21 30  -1.068   3.242   1.482   3.724
 91 251 14 22 30  -0.594   3.205   1.849   3.750
 91 251 14 23 30  -0.588   3.214   1.858   3.759
 91 251 14 24 30  -0.481   3.269   1.794   3.762
 91 251 14 25 30  -0.377   3.372   1.638   3.769
 91 251 14 26 30  -0.368   3.368   1.594   3.745
 91 251 14 27 30  -0.187   3.438   1.513   3.762
 91 251 14 28 30  -0.302   3.402   1.607   3.775
 91 251 14 29 30  -0.417   3.318   1.757   3.779
 91 251 14 30 30  -0.418   3.306   1.751   3.765
 91 251 14 31 30  -0.449   3.283   1.761   3.754
 91 251 14 32 30  -0.316   3.323   1.696   3.745
 91 251 14 33 30  -0.217   3.321   1.721   3.747
 91 251 14 34 30  -0.303   3.247   1.854   3.752
 91 251 14 35 30  -0.414   3.164   2.057   3.797
 91 251 14 36 30   0.020   3.488   1.314   3.732
 91 251 14 37 30  -0.027   3.534   1.197   3.732
 91 251 14 38 30   0.002   3.548   1.130   3.726
 91 251 14 39 30  -0.020   3.537   1.168   3.727
 91 251 14 40 30  -0.196   3.444   1.403   3.738
 91 251 14 41 30  -0.458   3.161   2.010   3.776
 91 251 14 42 30  -0.225   3.208   2.008   3.792
 91 251 14 43 30  -0.251   3.325   1.818   3.799
 91 251 14 44 30  -0.192   3.379   1.729   3.801
 91 251 14 45 30  -0.230   3.395   1.696   3.804
 91 251 14 46 30  -0.273   3.422   1.653   3.810
 91 251 14 47 30  -0.267   3.418   1.651   3.806
 91 251 14 48 30  -0.232   3.437   1.595   3.797
 91 251 14 49 30  -0.250   3.404   1.608   3.774
 91 251 14 50 30  -0.192   3.413   1.607   3.777
 91 251 14 51 30  -0.247   3.425   1.581   3.781
 91 251 14 52 30  -0.244   3.431   1.578   3.785
 91 251 14 53 30  -0.238   3.461   1.524   3.789
 91 251 14 54 30  -0.253   3.449   1.545   3.788
 91 251 14 55 30  -0.223   3.457   1.538   3.793
 91 251 14 56 30  -0.674   3.413   1.501   3.802
 91 251 14 57 30  -0.342   3.416   1.587   3.788
 91 251 14 58 30  -0.019   3.541   1.425   3.819
 91 251 14 59 30   0.050   3.550   1.386   3.811
 91 251 15 00 30   0.098   3.555   1.348   3.804
 91 251 15 01 30   0.228   3.573   1.264   3.797
 91 251 15 02 30   0.120   3.602   1.194   3.797
 91 251 15 03 30   0.074   3.617   1.139   3.794
 91 251 15 04 30   0.114   3.610   1.190   3.804
 91 251 15 05 30  -0.075   3.628   1.154   3.810
 91 251 15 06 30  -0.135   3.605   1.236   3.814
 91 251 15 07 30  -0.098   3.609   1.230   3.815
 91 251 15 08 30  -0.183   3.600   1.298   3.834
 91 251 15 09 30  -0.255   3.573   1.364   3.834
 91 251 15 10 30  -0.250   3.590   1.309   3.830
 91 251 15 11 30  -0.171   3.646   1.225   3.850
 91 251 15 12 30  -0.154   3.580   1.355   3.831
 91 251 15 13 30  -0.054   3.627   1.175   3.815
 91 251 15 14 30  -0.108   3.515   1.357   3.796
 91 251 15 15 30  -0.231   3.282   1.854   3.777
 91 251 15 16 30  -0.167   3.357   1.698   3.768
 91 251 15 17 30  -0.058   3.314   1.698   3.725
 91 251 15 18 30  -0.047   3.337   1.699   3.745
 91 251 15 19 30  -0.016   3.396   1.590   3.751
 91 251 15 20 30  -0.145   3.429   1.491   3.743
 91 251 15 21 30  -0.033   3.389   1.576   3.741
 91 251 15 22 30  -0.037   3.450   1.455   3.745
 91 251 15 23 30  -0.046   3.608   1.108   3.782
 91 251 15 24 30  -0.101   3.717   0.909   3.829
 91 251 15 25 30  -0.097   3.712   0.873   3.814
 91 251 15 26 30  -0.092   3.713   0.822   3.806
 91 251 15 27 30  -0.036   3.672   0.848   3.777
 91 251 15 28 30  -0.088   3.686   0.818   3.781
 91 251 15 29 30  -0.245   3.616   0.963   3.752
 91 251 15 30 30  -0.324   3.677   0.764   3.771
 91 251 15 31 30  -0.211   3.737   0.643   3.800
 91 251 15 32 30  -0.127   3.782   0.126   3.788
 91 251 15 33 30  -0.159   3.760   0.047   3.765
 91 251 15 34 30  -0.165   3.736   0.171   3.752
 91 251 15 35 30  -0.198   3.702   0.417   3.732
 91 251 15 36 30  -0.202   3.709   0.389   3.735
 91 251 15 37 30  -0.122   3.700   0.352   3.720
 91 251 15 38 30   0.002   3.695   0.262   3.705
 91 251 15 39 30   0.034   3.635   0.448   3.688
 91 251 15 40 30  -0.264   3.436   1.345   3.704
 91 251 15 41 30  -0.220   3.492   1.062   3.658
 91 251 15 42 30  -0.148   3.583   0.850   3.695
 91 251 15 43 30  -0.287   3.770   0.158   3.791
 91 251 15 44 30  -0.438   3.582   0.795   3.718
 91 251 15 45 30  -0.521   3.592   0.902   3.742
 91 251 15 46 30  -0.438   3.709   0.356   3.769
 91 251 15 47 30  -0.461   3.719   0.436   3.780
 91 251 15 48 30  -0.427   3.699   0.298   3.758
 91 251 15 49 30  -0.466   3.683   0.544   3.755
 91 251 15 50 30  -0.505   3.674   0.526   3.746
 91 251 15 51 30  -0.406   3.701   0.466   3.757
 91 251 15 52 30  -0.462   3.691   0.490   3.753
 91 251 15 53 30  -0.502   3.683   0.521   3.754
 91 251 15 54 30  -0.771   3.663   0.327   3.759
 91 251 15 55 30  -0.713   3.683   0.289   3.763
 91 251 15 56 30  -0.761   3.674   0.250   3.762
 91 251 15 57 30  -0.787   3.586  -0.139   3.679
 91 251 15 58 30  -1.018   3.485  -0.194   3.641
 91 251 15 59 30  -1.109   3.459  -0.179   3.647
 91 251 16 00 30  -0.883   3.464  -0.495   3.623
 91 251 16 01 30  -0.380   3.599   0.063   3.633
 91 251 16 02 30  -0.612   3.565  -0.358   3.638
 91 251 16 03 30  -0.480   3.560  -0.589   3.654
 91 251 16 04 30  -0.552   3.550  -0.384   3.640
 91 251 16 05 30  -0.526   3.464  -0.811   3.599
 91 251 16 06 30  -0.550   3.505  -0.778   3.633
 91 251 16 07 30  -0.547   3.480  -0.885   3.633
 91 251 16 08 30  -0.521   3.484  -0.923   3.643
 91 251 16 09 30  -0.947   3.341   0.366   3.644
 91 251 16 10 30  -0.833   3.370   0.101   3.562
 91 251 16 11 30  -0.731   3.464  -0.553   3.587
 91 251 16 12 30  -0.688   3.508  -0.329   3.596
 91 251 16 13 30  -0.744   3.508  -0.186   3.594
 91 251 16 14 30  -0.782   3.516   0.104   3.606
 91 251 16 15 30  -0.743   3.473   0.088   3.565
 91 251 16 16 30  -0.766   3.447   0.166   3.539
 91 251 16 17 30  -0.756   3.387   0.218   3.479
 91 251 16 18 30  -0.608   3.440   0.311   3.513
 91 251 16 19 30  -0.609   3.444   0.169   3.505
 91 251 16 20 30  -0.921   3.006   1.378   3.478
 91 251 16 21 30  -1.039   3.062   1.114   3.505
 91 251 16 22 30  -0.447   3.427  -0.309   3.499
 91 251 16 23 30  -0.372   3.465  -0.479   3.520
 91 251 16 24 30  -0.447   3.439  -0.677   3.539
 91 251 16 25 30  -0.411   3.386  -0.778   3.507
 91 251 16 26 30  -0.288   3.387  -0.557   3.447
 91 251 16 27 30  -0.620   3.325  -0.853   3.498
 91 251 16 28 30   0.101   3.485  -0.263   3.497
 91 251 16 29 30   0.189   3.474  -0.425   3.507
 91 251 16 30 30  -0.093   3.383  -0.842   3.498
 91 251 16 31 30  -0.301   3.282  -1.142   3.491
 91 251 16 32 30  -0.008   3.322  -1.018   3.475
 91 251 16 33 30  -0.087   3.331  -0.973   3.474
 91 251 16 34 30  -0.277   3.137  -1.435   3.467
 91 251 16 35 30  -0.245   3.193  -1.273   3.456
 91 251 16 36 30  -0.154   2.785  -1.464   3.151
 91 251 16 41 30  -0.323   3.006   0.752   3.118
 91 251 16 42 30  -0.235   2.937   0.929   3.094
 91 251 16 43 30  -0.187   2.885   0.979   3.055
 91 251 16 44 30   0.074   2.996   0.723   3.087
 91 251 16 45 30  -0.213   2.961   0.842   3.089
 91 251 16 46 30  -0.216   2.947   0.859   3.079
 91 251 16 47 30  -0.517   2.909   1.063   3.144
 91 251 16 48 30  -0.369   3.004   0.762   3.130
 91 251 16 49 30  -0.473   2.956   0.993   3.166
 91 251 16 50 30  -0.457   2.939   1.105   3.177
 91 251 16 51 30  -0.316   3.025   0.859   3.166
 91 251 16 52 30  -0.314   3.114   0.696   3.208
 91 251 16 53 30   0.084   3.077   0.301   3.098
 91 251 16 54 30  -0.009   3.118   0.238   3.138
 91 251 16 55 30  -0.204   3.175   0.325   3.208
 91 251 16 56 30   0.088   3.146   0.120   3.152
 91 251 16 57 30   0.107   3.169   0.089   3.173
 91 251 16 58 30   0.136   3.169  -0.009   3.173
 91 251 16 59 30   0.140   3.139  -0.116   3.150
 91 251 17 00 30   0.352   3.062   0.154   3.087
 91 251 17 01 30   0.360   3.058   0.092   3.082
 91 251 17 02 30   0.181   3.048  -0.020   3.055
 91 251 17 03 30   0.295   3.025   0.065   3.046
 91 251 17 04 30   0.316   3.029   0.033   3.047
 91 251 17 05 30   0.443   2.992   0.047   3.028
 91 251 17 06 30   0.446   2.994   0.078   3.030
 91 251 17 07 30   0.441   2.987  -0.028   3.022
 91 251 17 08 30   0.376   2.950  -0.169   2.979
 91 251 17 09 30   0.510   2.928  -0.236   2.983
 91 251 17 10 30   0.107   3.005  -0.194   3.024
 91 251 17 11 30   0.058   3.010  -0.237   3.021
 91 251 17 12 30   0.166   3.003  -0.338   3.028
 91 251 17 13 30   0.114   3.009  -0.305   3.028
 91 251 17 14 30   0.041   3.044  -0.301   3.060
 91 251 17 15 30   0.080   3.063  -0.333   3.082
 91 251 17 16 30   0.029   3.080  -0.323   3.098
 91 251 17 17 30   0.447   1.968  -1.165   2.339
 91 251 17 18 30   0.583   2.258  -0.996   2.557
 91 251 17 19 30   0.184   2.813   0.090   2.888
 91 251 17 20 30  -0.347   2.934   0.404   3.012
 91 251 17 21 30  -0.298   2.843  -0.222   2.876
 91 251 17 22 30  -0.232   2.842  -0.250   2.863
 91 251 17 23 30  -0.256   2.788  -0.456   2.847
 91 251 17 24 30  -0.394   2.797  -0.562   2.884
 91 251 17 25 30  -0.503   2.809  -0.307   2.877
 91 251 17 26 30  -0.484   2.796  -0.466   2.878
 91 251 17 27 30  -0.769   2.708  -0.303   2.864
 91 251 17 28 30  -0.261   2.727  -0.686   2.827
 91 251 17 29 30  -0.148   2.678  -0.838   2.812
 91 251 17 30 30  -0.264   2.604  -0.821   2.755
 91 251 17 31 30  -0.467   2.861  -0.543   2.976
 91 251 17 32 30  -0.364   2.448  -1.178   2.751
 91 251 17 33 30  -0.308   2.720  -0.908   2.895
 91 251 17 34 30  -0.414   2.729  -0.715   2.883
 91 251 17 35 30  -0.558   2.466  -1.192   2.798
 91 251 17 36 30  -0.544   2.385  -1.054   2.669
 91 251 17 37 30  -0.527   2.436  -0.789   2.643
 91 251 17 38 30  -0.508   2.322  -1.110   2.630
 91 251 17 39 30  -0.490   2.320  -1.126   2.625
 91 251 17 44 30  -0.184   2.463  -0.618   2.553
 91 251 17 45 30  -0.183   2.245  -1.277   2.613
 91 251 17 46 30  -0.236   1.549  -2.090   2.633
 91 251 17 47 30  -0.339   1.142  -2.291   2.589
 91 251 17 48 30  -0.337   0.707  -2.522   2.681
 91 251 17 49 30  -0.499   0.815  -2.605   2.805
 91 251 17 50 30  -0.655   0.429  -2.762   2.880
 91 251 17 51 30  -0.635   0.293  -2.773   2.871
 91 251 17 52 30  -0.746   0.158  -2.667   2.792
 91 251 17 53 30  -0.734   0.249  -2.729   2.878
 91 251 17 54 30  -0.764   0.413  -2.601   2.754
 91 251 17 55 30  -0.558   0.552  -2.557   2.681
 91 251 17 56 30  -0.535   0.646  -2.572   2.711
 91 251 17 57 30  -0.510   0.813  -2.572   2.749
 91 251 17 58 30  -0.641   0.988  -2.641   2.893
 91 251 17 59 30  -0.808   0.966  -2.572   2.868
 91 251 18 00 30  -0.953   0.891  -2.599   2.910
 91 251 18 01 30  -0.756   0.856  -2.656   2.893
 91 251 18 02 30  -0.786   0.907  -2.569   2.837
 91 251 18 03 30  -0.669   0.895  -2.644   2.873
 91 251 18 04 30  -0.692   0.890  -2.587   2.826
 91 251 18 05 30  -0.752   0.974  -2.595   2.875
 91 251 18 06 30  -0.775   0.946  -2.594   2.869
 91 251 18 07 30  -0.835   0.831  -2.591   2.848
 91 251 18 08 30  -0.197   0.943  -2.533   2.726
 91 251 18 09 30   0.112   1.001  -2.596   2.787
 91 251 18 10 30   0.173   1.201  -2.490   2.776
 91 251 18 11 30  -0.157   1.100  -2.485   2.729
 91 251 18 12 30  -0.431   0.982  -2.454   2.684
 91 251 18 13 30  -0.470   1.150  -2.362   2.677
 91 251 18 14 30  -0.600   1.201  -2.405   2.756
 91 251 18 15 30  -0.633   1.133  -2.491   2.815
 91 251 18 16 30  -0.346   0.591  -2.870   2.977
 91 251 18 17 30  -0.567   0.814  -2.784   2.968
 91 251 18 18 30  -0.750   0.529  -2.771   2.946
 91 251 18 19 30  -0.513   0.716  -2.775   2.936
 91 251 18 20 30  -0.779   0.565  -2.923   3.082
 91 251 18 21 30  -0.945   0.392  -2.885   3.074
 91 251 18 22 30  -1.141   0.689  -2.627   2.965
 91 251 18 23 30  -0.893   0.712  -2.580   2.825
 91 251 18 24 30  -0.880   1.512  -2.027   2.812
 91 251 18 25 30  -1.060   2.156  -1.392   2.784
 91 251 18 26 30  -1.122   2.253  -1.260   2.823
 91 251 18 27 30  -0.893   2.381  -1.283   2.852
 91 251 18 28 30  -0.785   2.406  -1.206   2.805
 91 251 18 29 30  -0.788   2.396  -1.230   2.807
 91 251 18 30 30  -0.804   2.378  -1.334   2.852
 91 251 18 31 30  -0.896   2.346  -1.431   2.895
 91 251 18 32 30  -0.742   2.415  -1.423   2.901
 91 251 18 33 30  -0.772   2.407  -1.431   2.906
 91 251 18 34 30  -0.863   2.414  -1.459   2.950
 91 251 18 35 30  -1.014   2.276  -1.498   2.912
 91 251 18 36 30  -0.924   2.390  -1.505   2.977
 91 251 18 37 30  -0.807   2.506  -1.380   2.973
 91 251 18 38 30  -0.882   2.389  -1.489   2.951
 91 251 18 39 30  -1.049   2.187  -1.612   2.921
 91 251 18 40 30  -1.355   1.953  -1.682   2.914
 91 251 18 41 30  -1.281   1.930  -1.745   2.902
 91 251 18 42 30  -1.225   1.959  -1.757   2.904
 91 251 18 43 30  -1.186   2.103  -1.645   2.923
 91 251 18 44 30  -1.134   2.272  -1.457   2.935
 91 251 18 45 30  -1.205   2.368  -1.259   2.941
 91 251 18 46 30  -1.244   2.313  -1.310   2.935
 91 251 18 47 30  -1.122   2.295  -1.448   2.945
 91 251 18 48 30  -0.994   2.267  -1.607   2.953
 91 251 18 49 30  -0.912   2.194  -1.767   2.965
 91 251 18 50 30  -0.850   2.384  -1.580   2.985
 91 251 18 51 30  -0.858   2.409  -1.547   2.989
 91 251 18 52 30  -0.863   2.413  -1.525   2.983
 91 251 18 53 30  -0.863   2.447  -1.459   2.977
 91 251 18 54 30  -0.824   2.471  -1.470   2.991
 91 251 18 55 30  -0.770   2.469  -1.516   2.998
 91 251 18 56 30  -0.828   2.368  -1.628   2.992
 91 251 18 57 30  -0.736   2.406  -1.568   2.965
 91 251 18 58 30  -0.797   2.394  -1.518   2.952
 91 251 18 59 30  -0.860   2.342  -1.595   2.969
 91 251 19 00 30  -0.830   2.375  -1.572   2.975
 91 251 19 01 30  -0.700   2.584  -1.298   2.977
 91 251 19 02 30  -0.695   2.547  -1.322   2.956
 91 251 19 03 30  -0.676   2.566  -1.283   2.950
 91 251 19 04 30  -0.920   2.536  -1.243   2.972
 91 251 19 05 30  -1.052   2.444  -1.323   2.974
 91 251 19 06 30  -1.226   2.484  -1.398   3.104
 91 251 19 07 30  -1.305   2.553  -1.403   3.193
 91 251 19 08 30  -1.257   2.585  -1.441   3.216
 91 251 19 09 30  -1.316   2.593  -1.358   3.211
 91 251 19 10 30  -1.144   2.679  -1.352   3.235
 91 251 19 11 30  -1.403   2.541  -1.470   3.254
 91 251 19 12 30  -1.373   2.606  -1.337   3.237
 91 251 19 13 30  -1.210   2.656  -1.179   3.154
 91 251 19 14 30  -1.113   2.615  -1.277   3.118
 91 251 19 15 30  -1.107   2.658  -1.315   3.169
 91 251 19 16 30  -1.315   2.746  -1.043   3.233
 91 251 19 17 30  -1.509   3.036  -0.424   3.420
 91 251 19 18 30  -1.632   3.049  -0.195   3.466
 91 251 19 19 30  -1.650   3.026  -0.199   3.453
 91 251 19 20 30  -1.556   3.033  -0.305   3.448
 91 251 19 21 30  -1.665   3.001  -0.360   3.460
 91 251 19 22 30  -1.625   3.010  -0.404   3.455
 91 251 19 23 30  -1.887   2.853  -0.570   3.468
 91 251 19 24 30  -1.705   3.021  -0.300   3.487
 91 251 19 25 30  -1.741   3.076  -0.241   3.545
 91 251 19 26 30  -1.713   3.124  -0.358   3.582
 91 251 19 27 30  -1.607   3.153  -0.501   3.583
 91 251 19 28 30  -1.572   3.211  -0.509   3.617
 91 251 19 29 30  -1.533   3.212  -0.555   3.632
 91 251 19 30 30  -0.978   3.119  -1.565   3.656
 91 251 19 31 30  -1.222   3.227  -1.293   3.689
 91 251 19 32 30  -1.256   3.332  -1.051   3.732
 91 251 19 33 30  -1.190   3.173  -1.570   3.747
 91 251 19 34 30  -1.343   3.334  -1.259   3.819
 91 251 19 35 30  -1.369   3.393  -1.065   3.814
 91 251 19 36 30  -1.348   3.375  -0.858   3.738
 91 251 19 37 30  -1.582   3.376   0.592   3.800
 91 251 19 38 30  -1.652   3.259   0.625   3.717
 91 251 19 39 30  -1.241   3.439  -0.093   3.662
 91 251 19 40 30  -1.376   3.475  -0.095   3.743
 91 251 19 41 30  -1.555   3.428   0.193   3.774
 91 251 19 42 30  -1.599   3.390   0.062   3.750
 91 251 19 43 30  -1.441   3.320   0.078   3.622
 91 251 19 44 30  -1.465   3.311   0.043   3.627
 91 251 19 45 30  -1.399   3.366  -0.067   3.649
 91 251 19 46 30  -1.491   3.013  -0.454   3.403
 91 251 19 47 30  -1.521   2.505  -0.863   3.084
 91 251 19 48 30  -1.756   1.845  -1.536   2.979
 91 251 19 49 30  -1.769   1.895  -1.432   2.967
 91 251 19 50 30  -1.520   2.346  -0.829   2.930
 91 251 19 51 30  -1.337   2.383  -1.076   2.949
 91 251 19 52 30  -1.531   2.341  -0.964   2.963
 91 251 19 53 30  -1.685   2.271  -0.899   2.975
 91 251 19 54 30  -1.783   2.085  -1.197   3.001
 91 251 19 55 30  -1.176   1.984  -1.946   3.032
 91 251 19 56 30  -1.387   2.103  -1.651   3.016
 91 251 19 57 30  -1.423   2.188  -1.449   3.035
 91 251 19 58 30  -1.023   3.028  -0.608   3.257
 91 251 19 59 30  -0.919   3.091  -0.529   3.271
 91 251 20 00 30  -1.140   2.701  -1.387   3.314
 91 251 20 01 30  -1.037   2.709  -1.341   3.256
 91 251 20 02 30  -1.007   2.654  -1.525   3.261
 91 251 20 03 30  -0.488   3.165  -0.998   3.378
 91 251 20 04 30  -0.156   3.355  -0.708   3.442
 91 251 20 05 30   0.297   3.314  -0.666   3.413
 91 251 20 06 30  -0.801   2.987  -0.786   3.363
 91 251 20 07 30  -2.526   1.989  -1.342   3.492
 91 251 20 08 30  -2.401   2.228  -1.195   3.502
 91 251 20 09 30  -2.098   2.556  -0.893   3.435
 91 251 20 10 30  -1.893   2.730  -0.837   3.435
 91 251 20 11 30  -2.203   2.580  -0.475   3.435
 91 251 20 12 30  -1.387   3.066  -0.402   3.409
 91 251 20 13 30  -1.144   3.146  -0.206   3.361
 91 251 20 14 30  -1.132   3.148  -0.332   3.367
 91 251 20 15 30  -1.441   3.067  -0.236   3.402
 91 251 20 16 30  -1.361   3.141  -0.423   3.453
 91 251 20 17 30  -1.125   3.222  -0.377   3.437
 91 251 20 18 30  -1.119   3.190  -0.516   3.436
 91 251 20 19 30  -1.180   3.143  -0.442   3.390
 91 251 20 20 30  -0.990   3.206  -0.475   3.408
 91 251 20 21 30  -0.076   3.482   0.391   3.525
 91 251 20 22 30  -0.118   3.510   0.290   3.529
 91 251 20 23 30  -0.082   3.477   0.254   3.496
 91 251 20 24 30  -0.399   3.452   0.252   3.499
 91 251 20 25 30  -0.801   3.352   0.578   3.503
 91 251 20 26 30  -0.489   3.437   0.519   3.517
 91 251 20 27 30  -0.662   3.408   0.335   3.500
 91 251 20 28 30  -0.402   3.409   0.205   3.481
 91 251 20 29 30  -1.366   3.189   0.534   3.516
 91 251 20 30 30  -1.172   3.277   0.198   3.509
 91 251 20 31 30  -0.624   3.436   0.184   3.501
 91 251 20 32 30  -0.508   3.440   0.459   3.514
 91 251 20 33 30  -0.564   3.420   0.474   3.501
 91 251 20 34 30  -0.783   3.389   0.326   3.497
 91 251 20 35 30  -0.774   3.373   0.247   3.477
 91 251 20 36 30  -0.733   3.408   0.107   3.491
 91 251 20 37 30  -0.701   3.394   0.313   3.491
 91 251 20 38 30  -0.732   3.389   0.555   3.517
 91 251 20 39 30  -0.844   3.363   0.526   3.528
 91 251 20 40 30  -0.908   3.348   0.461   3.529
 91 251 20 41 30  -1.443   3.153  -0.051   3.534
 91 251 20 42 30  -1.323   3.231   0.134   3.519
 91 251 20 43 30  -1.109   3.301   0.529   3.530
 91 251 20 44 30  -1.293   3.276   0.427   3.556
 91 251 20 45 30  -1.458   3.215   0.409   3.562
 91 251 20 46 30  -1.665   3.121   0.437   3.568
 91 251 20 47 30  -1.114   3.295   0.613   3.576
 91 251 20 48 30  -1.098   3.343   0.509   3.576
 91 251 20 49 30  -0.832   3.443   0.373   3.579
 91 251 20 50 30  -1.214   3.332   0.399   3.575
 91 251 20 51 30  -1.054   3.398   0.312   3.585
 91 251 20 52 30  -1.125   3.368   0.131   3.562
 91 251 20 53 30  -1.048   3.388   0.067   3.549
 91 251 20 54 30  -0.872   3.421   0.109   3.551
 91 251 20 55 30  -0.636   3.479   0.090   3.541
 91 251 20 56 30  -0.553   3.486   0.011   3.536
 91 251 20 57 30  -0.486   3.505  -0.045   3.546
 91 251 20 58 30  -0.777   3.339   0.099   3.534
 91 251 20 59 30  -1.287   3.224   0.557   3.547
 91 251 21 00 30  -0.567   3.471   0.115   3.545
 91 251 21 01 30  -0.874   3.439   0.060   3.565
 91 251 21 02 30  -1.404   3.248   0.167   3.553
 91 251 21 03 30  -1.197   3.295  -0.202   3.539
 91 251 21 04 30  -1.427   3.213  -0.357   3.552
 91 251 21 05 30  -1.644   3.131  -0.135   3.555
 91 251 21 06 30  -1.297   3.306  -0.253   3.571
 91 251 21 07 30  -1.488   3.156  -0.571   3.554
 91 251 21 08 30  -0.672   3.349   0.581   3.584
 91 251 21 09 30   0.549   3.297   1.271   3.597
 91 251 21 10 30   0.368   3.378   1.152   3.592
 91 251 21 11 30   0.280   3.436   0.983   3.590
 91 251 21 12 30   0.361   3.334   1.230   3.590
 91 251 21 13 30   0.224   3.269   1.346   3.581
 91 251 21 14 30   0.016   3.433   0.870   3.552
 91 251 21 15 30  -0.018   3.357   1.148   3.555
 91 251 21 16 30  -0.015   3.453   0.809   3.550
 91 251 21 17 30  -0.300   3.477   0.835   3.595
 91 251 21 18 30  -0.030   3.526   0.640   3.592
 91 251 21 19 30   0.183   3.517   0.502   3.560
 91 251 21 20 30  -0.177   3.488   0.348   3.518
 91 251 21 21 30  -0.158   3.470   0.550   3.532
 91 251 21 22 30  -0.489   3.446   0.518   3.537
 91 251 21 23 30  -0.224   3.380   0.588   3.554
 91 251 21 24 30  -0.733   3.360   0.820   3.565
 91 251 21 25 30  -1.418   3.111   0.893   3.538
 91 251 21 26 30  -1.634   3.022   0.834   3.538
 91 251 21 27 30  -1.802   2.950   0.708   3.543
 91 251 21 28 30  -1.642   2.851   1.227   3.531
 91 251 21 29 30  -1.410   2.960   1.313   3.536
 91 251 21 30 30  -1.019   3.173   1.191   3.584
 91 251 21 31 30   0.396   3.546   0.159   3.590
 91 251 21 32 30   0.373   3.574   0.180   3.612
 91 251 21 33 30  -0.001   3.589   0.484   3.626
 91 251 21 34 30  -0.093   3.564   0.437   3.609
 91 251 21 35 30  -0.270   3.543   0.585   3.608
 91 251 21 36 30  -0.386   3.536   0.597   3.610
 91 251 21 37 30  -0.248   3.561   0.553   3.615
 91 251 21 38 30   0.011   3.527   0.442   3.574
 91 251 21 39 30  -0.101   3.511   0.593   3.571
 91 251 21 40 30   0.086   3.551   0.582   3.602
 91 251 21 41 30   0.109   3.559   0.549   3.605
 91 251 21 42 30   0.044   3.565   0.428   3.594
 91 251 21 43 30  -0.081   3.551   0.460   3.584
 91 251 21 44 30  -0.092   3.591   0.540   3.637
 91 251 21 45 30  -0.085   3.566   0.474   3.600
 91 251 21 46 30  -0.093   3.584   0.245   3.600
 91 251 21 47 30   0.109   3.592   0.113   3.601
 91 251 21 48 30  -0.379   3.575   0.467   3.638
 91 251 21 49 30  -0.486   3.572   0.569   3.650
 91 251 21 50 30  -0.504   3.606   0.421   3.667
 91 251 21 51 30  -0.493   3.582   0.592   3.669
 91 251 21 52 30  -0.234   3.553   0.209   3.571
 91 251 21 53 30  -0.064   3.514   0.360   3.581
 91 251 21 54 30   0.112   3.546   0.376   3.585
 91 251 21 55 30   0.289   3.579   0.038   3.617
 91 251 21 56 30   0.777   3.510   0.081   3.617
 91 251 21 57 30  -0.148   3.577  -0.394   3.613
 91 251 21 58 30   0.706   3.515  -0.609   3.643
 91 251 21 59 30   0.707   3.491  -0.654   3.630
 91 251 22 00 30   0.581   3.592  -0.560   3.688
 91 251 22 01 30   0.090   3.576  -0.037   3.609
 91 251 22 02 30   0.354   3.641  -0.272   3.680
 91 251 22 03 30   0.631   3.573  -0.496   3.672
 91 251 22 04 30   1.062   3.391  -0.815   3.654
 91 251 22 05 30   1.486   3.257  -0.731   3.660
 91 251 22 06 30   1.681   3.140  -0.741   3.646
 91 251 22 07 30   1.190   3.333  -0.588   3.595
 91 251 22 08 30   0.670   3.456  -0.314   3.567
 91 251 22 09 30   0.178   3.541   0.201   3.563
 91 251 22 10 30  -0.099   3.556   0.318   3.587
 91 251 22 11 30  -0.359   3.372   0.825   3.532
 91 251 22 12 30  -0.463   3.315   0.939   3.522
 91 251 22 13 30  -0.196   3.322   0.970   3.502
 91 251 22 14 30   0.140   3.482   0.261   3.508
 91 251 22 15 30  -0.020   3.446   0.235   3.481
 91 251 22 16 30   0.376   3.442   0.177   3.504
 91 251 22 17 30   0.280   3.552   0.276   3.582
 91 251 22 18 30  -0.329   3.477   0.659   3.572
 91 251 22 19 30  -0.288   3.585   0.491   3.638
 91 251 22 20 30  -0.478   3.542   0.835   3.675
 91 251 22 21 30  -0.456   3.536   0.891   3.676
 91 251 22 22 30  -0.579   3.488   0.939   3.659
 91 251 22 23 30  -0.568   3.440   1.029   3.636
 91 251 22 24 30  -0.425   3.436   1.045   3.620
 91 251 22 25 30  -0.482   3.135   1.509   3.566
 91 251 22 26 30  -0.414   2.807   1.838   3.455
 91 251 22 27 30  -0.303   2.507   1.970   3.208
 91 251 22 28 30  -0.524   2.302   2.178   3.221
 91 251 22 29 30  -0.589   3.032   1.567   3.467
 91 251 22 30 30  -0.492   3.132   1.327   3.452
 91 251 22 31 30  -0.416   3.189   1.115   3.412
 91 251 22 32 30  -0.614   3.277   0.736   3.420
 91 251 22 33 30  -0.603   3.322   0.654   3.462
 91 251 22 34 30  -0.379   3.384   0.636   3.477
 91 251 22 35 30  -0.381   3.209   1.141   3.471
 91 251 22 36 30  -1.444   1.349   2.386   3.177
 91 251 22 37 30  -1.571   0.863   2.589   3.154
 91 251 22 38 30  -1.636   0.885   2.461   3.095
 91 251 22 39 30  -1.666   1.181   2.341   3.110
 91 251 22 40 30  -1.802   1.167   2.406   3.227
 91 251 22 41 30  -1.669   1.665   2.164   3.223
 91 251 22 42 30  -1.669   1.762   2.151   3.246
 91 251 22 43 30  -1.702   1.804   2.008   3.194
 91 251 22 44 30  -1.726   1.644   2.129   3.199
 91 251 22 45 30  -1.786   1.741   2.005   3.206
 91 251 22 46 30  -1.626   1.800   2.086   3.215
 91 251 22 47 30  -1.649   1.866   2.093   3.265
 91 251 22 48 30  -1.847   1.870   1.791   3.221
 91 251 22 49 30  -1.888   2.061   1.618   3.239
 91 251 22 50 30  -1.767   2.298   1.426   3.265
 91 251 22 51 30  -1.909   2.381   1.402   3.376
 91 251 22 52 30  -2.106   2.303   1.312   3.393
 91 251 22 53 30  -1.621   2.403   1.624   3.358
 91 251 22 54 30  -1.162   2.477   1.729   3.252
 91 251 22 55 30  -0.560   3.098   0.738   3.261
 91 251 22 56 30  -0.658   3.251   1.008   3.470
 91 251 22 57 30  -0.472   3.241   0.809   3.381
 91 251 22 58 30  -0.670   3.009   1.281   3.380
 91 251 22 59 30  -1.088   2.988   1.260   3.437
 91 251 23 00 30  -1.019   3.155   0.833   3.422
 91 251 23 01 30  -0.725   3.183   0.672   3.338
 91 251 23 02 30  -1.157   2.964   1.300   3.452
 91 251 23 03 30  -1.012   3.124   1.172   3.488
 91 251 23 04 30  -0.951   3.121   1.196   3.476
 91 251 23 05 30  -0.820   3.146   1.255   3.486
 91 251 23 06 30  -0.831   3.140   1.211   3.467
 91 251 23 07 30  -0.866   3.074   1.321   3.458
 91 251 23 08 30  -0.830   3.036   1.358   3.432
 91 251 23 09 30  -0.872   3.082   1.220   3.434
 91 251 23 10 30  -0.697   3.100   1.287   3.432
 91 251 23 11 30  -0.793   3.108   1.213   3.437
 91 251 23 12 30  -0.525   3.107   1.388   3.447
 91 251 23 13 30  -0.441   3.136   1.357   3.463
 91 251 23 14 30  -0.359   3.142   1.431   3.479
 91 251 23 15 30  -0.382   3.206   1.298   3.489
 91 251 23 16 30  -0.202   3.357   1.182   3.578
 91 251 23 17 30  -0.047   3.491   0.860   3.599
 91 251 23 18 30  -0.030   3.536   0.785   3.624
 91 251 23 19 30   0.113   3.632   0.656   3.694
 91 251 23 20 30   0.020   3.621   0.552   3.664
 91 251 23 21 30  -0.195   3.541   0.496   3.583
 91 251 23 22 30  -0.536   3.406   0.848   3.565
 91 251 23 23 30  -0.538   3.434   0.881   3.588
 91 251 23 24 30  -0.397   3.448   0.899   3.589
 91 251 23 25 30  -0.448   3.480   0.735   3.586
 91 251 23 26 30  -0.602   3.340   0.892   3.516
 91 251 23 27 30  -0.550   3.232   0.983   3.439
 91 251 23 28 30  -0.849   3.168   1.121   3.475
 91 251 23 29 30  -0.698   3.274   0.944   3.485
 91 251 23 30 30  -0.806   3.219   1.197   3.531
 91 251 23 31 30  -0.803   3.242   1.126   3.529
 91 251 23 32 30  -0.639   3.165   1.124   3.426
 91 251 23 33 30  -0.686   3.217   0.902   3.417
 91 251 23 34 30  -0.720   3.290   0.453   3.401
 91 251 23 35 30  -0.774   3.314   0.405   3.432
 91 251 23 36 30  -0.726   3.309   0.413   3.419
 91 251 23 37 30  -0.699   3.333   0.423   3.439
 91 251 23 38 30  -0.676   3.351   0.628   3.478
 91 251 23 39 30  -0.638   3.336   0.900   3.515
 91 251 23 40 30  -0.678   3.353   0.838   3.524
 91 251 23 41 30  -0.838   3.356   0.714   3.534
 91 251 23 42 30  -0.827   3.400   0.713   3.574
 91 251 23 43 30  -0.870   3.332   0.590   3.497
 91 251 23 44 30  -1.026   3.303   0.471   3.493
 91 251 23 45 30  -1.077   3.375   0.336   3.561
 91 251 23 55 30  -0.397   3.291   0.168   3.325
 91 251 23 56 30  -0.761   3.179   0.529   3.313
 91 251 23 57 30  -0.701   3.181   0.536   3.303
 91 251 23 58 30  -0.584   3.197   0.576   3.302
 91 251 23 59 30  -0.521   3.169   0.718   3.292
