 91 252 00 00 30  -0.337   3.161   0.791   3.278
 91 252 00 01 30  -0.374   3.185   0.693   3.283
 91 252 00 02 30  -0.427   3.182   0.638   3.275
 91 252 00 03 30  -0.401   3.197   0.628   3.283
 91 252 00 04 30  -0.418   3.200   0.565   3.278
 91 252 00 05 30  -0.457   3.186   0.639   3.282
 91 252 00 06 30  -0.586   3.123   0.699   3.257
 91 252 00 07 30  -0.689   3.100   0.297   3.298
 91 252 00 08 30  -1.026   3.050  -0.774   3.317
 91 252 00 09 30  -1.323   2.851  -1.020   3.340
 91 252 00 10 30  -0.698   3.336   0.043   3.429
 91 252 00 11 30  -0.691   3.352   0.178   3.430
 91 252 00 12 30  -0.691   3.332   0.327   3.426
 91 252 00 13 30  -0.772   3.328   0.161   3.427
 91 252 00 14 30  -0.606   3.385   0.105   3.443
 91 252 00 15 30  -0.886   3.325  -0.053   3.460
 91 252 00 16 30  -0.663   3.325  -0.041   3.410
 91 252 00 17 30  -1.029   2.952  -0.305   3.306
 91 252 00 18 30  -1.980   1.888  -1.354   3.060
 91 252 00 19 30  -2.026   2.027  -1.128   3.083
 91 252 00 20 30  -1.938   2.231  -1.023   3.130
 91 252 00 21 30  -1.781   2.452  -1.106   3.229
 91 252 00 22 30  -1.829   2.548  -0.977   3.287
 91 252 00 23 30  -1.889   2.460  -1.175   3.324
 91 252 00 24 30  -1.653   2.771  -0.686   3.376
 91 252 00 25 30  -0.341   3.335   0.612   3.414
 91 252 00 26 30  -0.328   3.326   0.682   3.412
 91 252 00 27 30  -0.423   3.324   0.530   3.395
 91 252 00 28 30  -0.293   3.324   0.394   3.364
 91 252 00 29 30  -0.401   3.196   0.227   3.232
 91 252 00 30 30  -0.334   3.314   0.406   3.359
 91 252 00 31 30  -0.228   3.321   0.324   3.347
 91 252 00 32 30  -0.149   3.306   0.287   3.323
 91 252 00 33 30  -0.560   3.286   0.129   3.338
 91 252 00 34 30  -1.112   3.144  -0.143   3.340
 91 252 00 35 30  -1.000   3.041  -0.003   3.214
 91 252 00 36 30  -0.736   3.101   0.144   3.197
 91 252 00 37 30  -0.950   3.062  -0.145   3.221
 91 252 00 38 30  -0.739   3.080   0.312   3.190
 91 252 00 39 30  -0.678   3.117   0.161   3.196
 91 252 00 40 30  -0.727   3.103   0.157   3.194
 91 252 00 41 30  -0.755   3.089   0.070   3.181
 91 252 00 42 30  -0.794   3.090   0.105   3.193
 91 252 00 43 30  -0.800   3.083   0.067   3.186
 91 252 00 44 30  -0.980   3.018  -0.069   3.175
 91 252 00 45 30  -1.079   2.991  -0.090   3.182
 91 252 00 46 30  -0.623   3.140   0.064   3.203
 91 252 00 47 30  -0.450   3.197  -0.056   3.231
 91 252 00 48 30  -0.713   3.132  -0.151   3.222
 91 252 00 49 30  -0.678   3.160  -0.304   3.260
 91 252 00 50 30  -0.489   3.142  -0.275   3.214
 91 252 00 51 30  -0.801   3.179  -0.207   3.285
 91 252 00 52 30  -0.853   3.141  -0.215   3.263
 91 252 00 53 30  -0.883   3.084  -0.272   3.220
 91 252 00 54 30  -0.921   3.093  -0.192   3.234
 91 252 00 55 30  -0.973   3.040  -0.198   3.199
 91 252 00 56 30  -0.980   3.010  -0.315   3.182
 91 252 00 57 30  -1.012   2.987  -0.582   3.213
 91 252 00 58 30  -0.810   3.041  -0.542   3.204
 91 252 00 59 30  -1.036   3.074  -0.367   3.266
 91 252 01 00 30  -0.958   3.107  -0.359   3.272
 91 252 01 01 30  -0.964   3.093  -0.448   3.271
 91 252 01 02 30  -0.953   3.076  -0.411   3.247
 91 252 01 03 30  -1.045   3.110  -0.285   3.295
 91 252 01 04 30  -1.199   3.083  -0.301   3.323
 91 252 01 05 30  -1.149   3.159  -0.188   3.367
 91 252 01 06 30  -1.097   3.219  -0.118   3.403
 91 252 01 07 30  -1.035   3.285  -0.171   3.450
 91 252 01 08 30  -1.195   3.224  -0.087   3.440
 91 252 01 09 30  -1.115   3.264  -0.133   3.456
 91 252 01 10 30  -1.065   3.099  -0.139   3.281
 91 252 01 11 30  -1.082   3.066  -0.084   3.253
 91 252 01 12 30  -1.058   3.021  -0.095   3.202
 91 252 01 13 30  -1.008   3.039  -0.131   3.207
 91 252 01 14 30  -1.081   3.000  -0.036   3.190
 91 252 01 15 30  -1.070   3.008   0.004   3.193
 91 252 01 16 30  -0.969   3.052  -0.033   3.204
 91 252 01 17 30  -0.976   3.034   0.101   3.190
 91 252 01 18 30  -0.918   3.074   0.070   3.209
 91 252 01 19 30  -1.024   3.024   0.127   3.195
 91 252 01 20 30  -1.053   3.021   0.188   3.206
 91 252 01 21 30  -1.069   3.039   0.090   3.224
 91 252 01 22 30  -1.061   3.019   0.451   3.234
 91 252 01 23 30  -1.045   3.012   0.402   3.214
 91 252 01 24 30  -1.032   3.058   0.277   3.240
 91 252 01 25 30  -1.075   3.222   0.087   3.400
 91 252 01 26 30  -1.059   3.153   0.333   3.344
 91 252 01 27 30  -1.121   3.233   0.230   3.431
 91 252 01 28 30  -1.086   3.188   0.341   3.391
 91 252 01 29 30  -1.090   3.148   0.354   3.351
 91 252 01 30 30  -1.129   3.222   0.006   3.420
 91 252 01 31 30  -1.153   3.173   0.187   3.383
 91 252 01 32 30  -1.150   3.175   0.146   3.380
 91 252 01 33 30  -1.181   3.176   0.107   3.391
 91 252 01 34 30  -1.161   3.158   0.179   3.370
 91 252 01 35 30  -1.105   3.172   0.033   3.361
 91 252 01 36 30  -1.121   3.241  -0.098   3.431
 91 252 01 37 30  -1.110   3.281  -0.234   3.475
 91 252 01 38 30  -1.117   3.274  -0.314   3.474
 91 252 01 39 30  -1.078   3.279  -0.329   3.467
 91 252 01 40 30  -1.142   3.218  -0.393   3.439
 91 252 01 41 30  -1.012   3.257   0.028   3.422
 91 252 01 42 30  -0.825   3.193   0.843   3.406
 91 252 01 43 30  -0.835   3.215   0.808   3.421
 91 252 01 44 30  -0.856   3.241   0.591   3.408
 91 252 01 45 30  -0.878   3.232   0.598   3.404
 91 252 01 46 30  -0.951   3.196   0.692   3.407
 91 252 01 47 30  -1.003   3.203   0.517   3.406
 91 252 01 48 30  -1.177   3.159   0.346   3.405
 91 252 01 49 30  -1.175   3.177   0.236   3.399
 91 252 01 50 30  -0.921   3.238   0.493   3.404
 91 252 01 51 30  -0.831   3.265   0.480   3.405
 91 252 01 52 30  -0.773   3.211   0.734   3.391
 91 252 01 53 30  -0.922   3.139   0.820   3.382
 91 252 01 54 30  -1.049   3.046   0.993   3.378
 91 252 01 55 30  -0.740   3.113   1.026   3.369
 91 252 01 56 30  -0.651   3.216   0.773   3.373
 91 252 01 57 30  -0.687   3.199   0.759   3.360
 91 252 01 58 30  -0.658   3.147   0.903   3.344
 91 252 01 59 30  -0.705   3.111   0.979   3.338
 91 252 02 00 30  -0.780   3.143   0.875   3.358
 91 252 02 01 30  -0.825   3.166   0.878   3.388
 91 252 02 02 30  -0.881   3.156   0.695   3.354
 91 252 02 03 30  -1.005   2.948   1.172   3.343
 91 252 02 04 30  -1.056   3.074   0.165   3.276
 91 252 02 05 30  -0.852   3.165   0.122   3.285
 91 252 02 06 30  -1.286   2.977  -0.255   3.268
 91 252 02 07 30  -1.230   2.940  -0.202   3.251
 91 252 02 08 30  -0.638   3.181   0.132   3.251
 91 252 02 09 30  -0.643   3.158   0.187   3.237
 91 252 02 10 30  -0.497   3.020   0.917   3.225
 91 252 02 11 30  -0.479   3.188   0.332   3.259
 91 252 02 12 30  -0.614   3.174   0.136   3.247
 91 252 02 13 30  -0.880   3.128  -0.103   3.259
 91 252 02 14 30  -1.054   3.010  -0.485   3.236
 91 252 02 15 30  -0.840   3.099  -0.110   3.222
 91 252 02 16 30  -0.775   3.113   0.022   3.221
 91 252 02 17 30  -0.860   3.104  -0.216   3.244
 91 252 02 18 30  -0.902   3.058  -0.319   3.212
 91 252 02 19 30  -0.962   3.000   0.288   3.204
 91 252 02 20 30  -1.185   2.804   0.865   3.189
 91 252 02 21 30  -0.796   2.977   0.846   3.204
 91 252 02 22 30  -0.777   3.056   0.499   3.201
 91 252 02 23 30  -0.727   2.973   0.824   3.184
 91 252 02 24 30  -0.720   2.969   0.899   3.191
 91 252 02 25 30  -0.783   2.930   0.918   3.181
 91 252 02 26 30  -1.045   2.975   0.561   3.209
 91 252 02 27 30  -1.222   2.930   0.238   3.194
 91 252 02 28 30  -0.991   3.024   0.315   3.205
 91 252 02 29 30  -0.950   3.021  -0.243   3.189
 91 252 02 30 30  -0.994   2.979  -0.088   3.175
 91 252 02 31 30  -0.972   2.994   0.524   3.192
 91 252 02 32 30  -1.042   2.992   0.283   3.185
 91 252 02 33 30  -1.017   2.924   0.544   3.149
 91 252 02 34 30  -1.212   2.849   0.512   3.159
 91 252 02 35 30  -1.258   2.840   0.546   3.157
 91 252 02 36 30  -1.146   2.855   0.653   3.153
 91 252 02 37 30  -1.383   2.765   0.487   3.133
 91 252 02 38 30  -1.378   2.714   0.667   3.121
 91 252 02 39 30  -1.444   2.664   0.715   3.126
 91 252 02 40 30  -1.591   2.601   0.647   3.124
 91 252 02 41 30  -1.358   2.749   0.593   3.130
 91 252 02 42 30  -1.295   2.755   0.722   3.132
 91 252 02 43 30  -1.015   2.830   0.877   3.138
 91 252 02 44 30  -0.932   2.772   1.064   3.116
 91 252 02 45 30  -1.004   2.700   0.916   3.051
 91 252 02 46 30  -1.140   2.843   0.296   3.109
 91 252 02 47 30  -1.285   2.803   0.309   3.107
 91 252 02 48 30  -1.436   2.723   0.320   3.104
 91 252 02 49 30  -1.103   2.711   0.750   3.076
 91 252 02 50 30  -0.931   2.692   1.027   3.038
 91 252 02 51 30  -1.083   2.631   1.025   3.033
 91 252 02 52 30  -1.019   2.690   0.597   3.003
 91 252 02 53 30  -0.125   1.877   2.175   3.009
 91 252 02 54 30  -0.065   1.958   2.275   3.006
 91 252 02 55 30  -0.055   1.902   2.312   2.999
 91 252 02 56 30  -0.401   2.240   1.903   2.991
 91 252 02 57 30  -0.184   2.042   2.231   3.033
 91 252 02 58 30  -0.348   2.286   1.910   3.025
 91 252 02 59 30  -1.042   2.545   0.925   2.949
 91 252 03 00 30  -0.793   2.298   1.639   2.958
 91 252 03 01 30  -0.744   2.278   1.653   2.993
 91 252 03 02 30  -0.520   2.591   1.330   2.974
 91 252 03 03 30  -0.568   2.656   1.086   2.974
 91 252 03 04 30  -0.449   2.696   0.708   2.962
 91 252 03 05 30  -0.182   2.020   2.114   2.941
 91 252 03 06 30  -0.255   2.380   1.727   2.980
 91 252 03 07 30  -0.832   2.705   0.822   2.982
 91 252 03 08 30  -0.736   2.866  -0.006   2.995
 91 252 03 09 30  -0.362   2.696   1.281   3.062
 91 252 03 10 30   0.071   2.210   2.178   3.109
 91 252 03 11 30   0.056   2.281   2.124   3.121
 91 252 03 12 30   0.088   2.439   1.945   3.121
 91 252 03 13 30  -0.009   2.502   1.859   3.121
 91 252 03 14 30  -0.139   2.470   1.880   3.110
 91 252 03 15 30  -0.225   2.593   1.717   3.121
 91 252 03 16 30  -0.149   2.644   1.658   3.126
 91 252 03 17 30  -0.195   2.670   1.577   3.109
 91 252 03 18 30  -0.364   2.716   1.433   3.095
 91 252 03 19 30  -0.536   2.696   1.386   3.081
 91 252 03 20 30  -0.446   2.820   1.196   3.109
 91 252 03 21 30  -0.116   2.807   1.261   3.091
 91 252 03 22 30  -0.306   2.638   1.569   3.102
 91 252 03 23 30  -0.386   2.675   1.552   3.117
 91 252 03 24 30  -0.507   2.617   1.624   3.123
 91 252 03 25 30  -0.255   2.439   1.935   3.126
 91 252 03 26 30  -0.287   2.477   1.870   3.119
 91 252 03 27 30  -0.461   2.445   1.883   3.121
 91 252 03 28 30  -0.270   2.727   1.384   3.100
 91 252 03 29 30  -0.164   2.841   1.168   3.079
 91 252 03 30 30  -0.208   2.804   1.223   3.070
 91 252 03 31 30  -0.225   2.855   1.128   3.082
 91 252 03 32 30  -0.200   2.888   1.108   3.101
 91 252 03 33 30  -0.169   2.891   1.068   3.088
 91 252 03 34 30  -0.211   2.880   1.061   3.078
 91 252 03 35 30  -0.230   2.835   1.110   3.053
 91 252 03 36 30  -0.284   2.752   1.228   3.030
 91 252 03 37 30  -0.476   2.660   1.420   3.056
 91 252 03 38 30  -0.463   2.666   1.335   3.030
 91 252 03 39 30  -0.353   2.868   0.799   3.006
 91 252 03 40 30  -0.285   2.765   1.166   3.018
 91 252 03 41 30  -0.858   2.351   1.535   2.987
 91 252 03 42 30  -0.766   2.163   1.855   2.967
 91 252 03 43 30  -0.899   2.432   1.388   2.967
 91 252 03 44 30  -0.892   2.558   1.141   2.968
 91 252 03 45 30  -0.844   2.574   1.179   2.978
 91 252 03 46 30  -0.788   2.581   1.266   2.985
 91 252 03 47 30  -0.782   2.648   1.158   2.995
 91 252 03 48 30  -0.773   2.744   0.928   3.001
 91 252 03 49 30  -0.769   2.690   1.000   2.973
 91 252 03 50 30  -0.824   2.647   1.007   2.953
 91 252 03 51 30  -0.808   2.694   0.866   2.953
 91 252 03 52 30  -0.755   2.641   0.987   2.934
 91 252 03 53 30  -0.441   2.681   1.131   2.950
 91 252 03 54 30  -0.091   2.886   0.702   2.973
 91 252 03 55 30  -0.171   2.924   0.579   2.987
 91 252 03 56 30  -0.033   2.943   0.522   2.991
 91 252 03 57 30   0.046   2.949   0.374   2.975
 91 252 03 58 30  -0.060   2.972   0.240   2.987
 91 252 03 59 30  -0.676   2.646   0.895   2.949
 91 252 04 00 30  -0.812   2.548   1.127   2.920
 91 252 04 01 30  -0.628   2.655   0.919   2.889
 91 252 04 02 30  -0.441   2.827   0.241   2.886
 91 252 04 03 30  -0.215   2.820   0.135   2.868
 91 252 04 04 30  -0.423   2.710   0.706   2.838
 91 252 04 05 30  -0.408   2.674   0.819   2.833
 91 252 04 06 30  -0.753   2.770  -0.327   2.928
 91 252 04 07 30  -0.730   2.708  -0.366   2.858
 91 252 04 08 30  -0.660   2.613  -0.068   2.707
 91 252 04 09 30  -0.605   2.596   0.561   2.735
 91 252 04 10 30  -0.638   2.549   0.725   2.755
 91 252 04 11 30  -0.609   2.565   0.734   2.741
 91 252 04 12 30  -0.218   2.319   1.608   2.851
 91 252 04 13 30  -0.580   2.535   0.720   2.767
 91 252 04 14 30  -0.763   2.429   0.516   2.600
 91 252 04 15 30  -0.768   2.329   0.869   2.610
 91 252 04 16 30  -0.671   2.332   0.962   2.622
 91 252 04 17 30  -0.476   2.439   1.063   2.706
 91 252 04 18 30  -0.576   2.495   0.863   2.706
 91 252 04 19 30  -0.746   2.378   1.085   2.724
 91 252 04 20 30  -0.693   2.398   1.078   2.722
 91 252 04 21 30  -0.679   2.423   1.019   2.718
 91 252 04 22 30  -0.829   2.327   1.070   2.696
 91 252 04 23 30  -0.998   2.283   1.067   2.713
 91 252 04 24 30  -1.023   2.313   0.985   2.717
 91 252 04 25 30  -0.991   2.315   1.026   2.724
 91 252 04 26 30  -0.938   2.317   1.235   2.791
 91 252 04 27 30  -0.878   2.438   1.281   2.895
 91 252 04 28 30  -0.715   2.581   1.065   2.887
 91 252 04 29 30  -0.637   2.564   1.072   2.858
 91 252 04 30 30  -0.723   2.468   1.180   2.844
 91 252 04 31 30  -0.413   2.616   0.751   2.773
 91 252 04 32 30  -0.348   2.544   0.906   2.735
 91 252 04 33 30  -0.547   2.526   0.955   2.760
 91 252 04 34 30  -0.396   2.500   0.993   2.736
 91 252 04 35 30  -0.246   2.556   0.760   2.693
 91 252 04 36 30  -0.295   2.602   0.490   2.684
 91 252 04 37 30  -0.355   2.624   0.170   2.688
 91 252 04 38 30  -0.731   2.588   0.177   2.706
 91 252 04 39 30  -0.615   2.614  -0.138   2.693
 91 252 04 40 30  -0.664   2.580   0.244   2.708
 91 252 04 41 30  -0.851   2.708  -0.054   2.845
 91 252 04 42 30  -0.982   2.738  -0.391   2.937
 91 252 04 43 30  -0.940   2.776  -0.338   2.953
 91 252 04 44 30  -0.683   2.849   0.082   2.950
 91 252 04 45 30  -0.386   2.851   0.491   2.925
 91 252 04 46 30  -0.584   2.880   0.338   2.960
 91 252 04 47 30  -0.628   2.866   0.220   2.949
 91 252 04 48 30  -0.706   2.850   0.021   2.937
 91 252 04 49 30  -0.699   2.871   0.004   2.956
 91 252 04 50 30  -0.811   2.843  -0.202   2.967
 91 252 04 51 30  -0.662   2.900  -0.214   2.984
 91 252 04 52 30  -0.654   2.908  -0.134   2.984
 91 252 04 53 30  -0.823   2.881  -0.212   3.008
 91 252 04 54 30  -0.829   2.838  -0.402   2.985
 91 252 04 55 30  -0.842   2.843  -0.490   3.006
 91 252 04 56 30  -0.801   2.848  -0.485   2.999
 91 252 04 57 30  -0.717   2.837  -0.431   2.964
 91 252 04 58 30  -0.880   2.758  -0.620   2.962
 91 252 04 59 30  -0.843   2.753  -0.670   2.958
 91 252 05 00 30  -0.875   2.766  -0.635   2.971
 91 252 05 01 30  -0.900   2.651  -0.926   2.952
 91 252 05 02 30  -0.859   2.679  -0.825   2.935
 91 252 05 03 30  -0.787   2.724  -0.768   2.939
 91 252 05 04 30  -0.759   2.689  -0.892   2.935
 91 252 05 05 30  -0.867   2.603  -1.066   2.944
 91 252 05 06 30  -0.890   2.581  -1.069   2.934
 91 252 05 07 30  -0.917   2.574  -1.029   2.923
 91 252 05 08 30  -0.868   2.638  -0.955   2.938
 91 252 05 09 30  -0.861   2.624  -0.951   2.922
 91 252 05 10 30  -1.121   2.627  -0.645   2.930
 91 252 05 11 30  -1.087   2.568  -0.881   2.925
 91 252 05 12 30  -1.322   2.500  -0.703   2.917
 91 252 05 13 30  -1.121   2.610  -0.739   2.936
 91 252 05 14 30  -1.162   2.592  -0.632   2.913
 91 252 05 15 30  -1.345   2.533  -0.505   2.914
 91 252 05 16 30  -1.169   2.574  -0.637   2.918
 91 252 05 17 30  -0.911   2.574  -1.010   2.918
 91 252 05 18 30  -0.851   2.620  -0.962   2.923
 91 252 05 19 30  -0.884   2.581  -1.040   2.923
 91 252 05 20 30  -0.841   2.556  -1.145   2.931
 91 252 05 21 30  -0.778   2.544  -1.175   2.919
 91 252 05 22 30  -0.743   2.582  -1.133   2.919
 91 252 05 23 30  -0.844   2.505  -1.201   2.907
 91 252 05 24 30  -0.921   2.543  -1.099   2.924
 91 252 05 25 30  -0.864   2.565  -1.098   2.923
 91 252 05 26 30  -0.779   2.574  -1.117   2.913
 91 252 05 27 30  -0.779   2.565  -1.125   2.907
 91 252 05 28 30  -0.898   2.515  -1.165   2.914
 91 252 05 29 30  -0.951   2.460  -1.245   2.917
 91 252 05 30 30  -0.961   2.418  -1.292   2.906
 91 252 05 31 30  -0.921   2.403  -1.313   2.890
 91 252 05 32 30  -0.911   2.409  -1.301   2.886
 91 252 05 33 30  -0.868   2.453  -1.269   2.896
 91 252 05 34 30  -0.798   2.453  -1.298   2.889
 91 252 05 35 30  -0.685   2.435  -1.280   2.849
 91 252 05 36 30  -0.698   2.254  -1.530   2.814
 91 252 05 37 30  -0.754   2.242  -1.531   2.818
 91 252 05 38 30  -0.816   2.244  -1.472   2.808
 91 252 05 39 30  -0.867   2.168  -1.526   2.792
 91 252 05 40 30  -0.921   2.116  -1.557   2.792
 91 252 05 41 30  -0.822   2.102  -1.624   2.791
 91 252 05 42 30  -0.856   2.014  -1.684   2.772
 91 252 05 43 30  -0.767   2.064  -1.663   2.774
 91 252 05 44 30  -0.921   2.083  -1.517   2.747
 91 252 05 45 30  -0.886   1.600  -2.048   2.751
 91 252 05 46 30  -0.816   1.725  -1.931   2.732
 91 252 05 47 30  -0.892   2.104  -1.623   2.809
 91 252 05 48 30  -0.837   2.176  -1.573   2.814
 91 252 05 49 30  -0.899   2.262  -1.336   2.777
 91 252 05 50 30  -0.889   2.215  -1.383   2.761
 91 252 05 51 30  -0.858   2.387  -1.169   2.802
 91 252 05 52 30  -0.844   2.496  -1.086   2.853
 91 252 05 53 30  -0.879   2.537  -0.950   2.849
 91 252 05 54 30  -0.863   2.553  -0.910   2.844
 91 252 05 55 30  -0.820   2.565  -0.881   2.833
 91 252 05 56 30  -0.763   2.602  -0.799   2.828
 91 252 05 57 30  -0.841   2.589  -0.738   2.822
 91 252 05 58 30  -0.793   2.613  -0.724   2.826
 91 252 05 59 30  -0.828   2.635  -0.638   2.836
 91 252 06 00 30  -0.816   2.607  -0.666   2.813
 91 252 06 01 30  -0.801   2.639  -0.606   2.824
 91 252 06 02 30  -0.798   2.643  -0.631   2.833
 91 252 06 03 30  -0.770   2.670  -0.582   2.840
 91 252 06 04 30  -0.759   2.689  -0.535   2.845
 91 252 06 05 30  -0.736   2.702  -0.525   2.850
 91 252 06 06 30  -0.730   2.681  -0.517   2.827
 91 252 06 07 30  -0.728   2.696  -0.409   2.823
 91 252 06 08 30  -0.676   2.695  -0.353   2.802
 91 252 06 09 30  -0.683   2.730  -0.098   2.824
 91 252 06 10 30  -0.684   2.780   0.097   2.868
 91 252 06 11 30  -0.701   2.761   0.174   2.855
 91 252 06 12 30  -0.714   2.680   0.478   2.829
 91 252 06 13 30  -0.654   2.645   0.656   2.807
 91 252 06 14 30  -0.548   2.699   0.558   2.817
 91 252 06 15 30  -0.600   2.715   0.474   2.825
 91 252 06 16 30  -0.652   2.632   0.890   2.856
 91 252 06 17 30  -0.618   2.691   0.767   2.866
 91 252 06 18 30  -0.603   2.721   0.751   2.886
 91 252 06 19 30  -0.634   2.702   0.658   2.853
 91 252 06 20 30  -0.628   2.701   0.633   2.845
 91 252 06 21 30  -0.622   2.692   0.669   2.843
 91 252 06 22 30  -0.710   2.660   0.695   2.840
 91 252 06 23 30  -0.732   2.632   0.721   2.825
 91 252 06 24 30  -0.682   2.649   0.692   2.822
 91 252 06 25 30  -0.770   2.658   0.661   2.846
 91 252 06 26 30  -0.719   2.682   0.629   2.847
 91 252 06 27 30  -0.810   2.637   0.664   2.839
 91 252 06 28 30  -0.746   2.648   0.699   2.841
 91 252 06 29 30  -0.628   2.692   0.615   2.833
 91 252 06 30 30  -0.652   2.666   0.648   2.823
 91 252 06 31 30  -0.644   2.639   0.749   2.819
 91 252 06 32 30  -0.695   2.628   0.783   2.829
 91 252 06 33 30  -0.656   2.652   0.703   2.822
 91 252 06 34 30  -0.725   2.614   0.772   2.821
 91 252 06 35 30  -0.701   2.628   0.731   2.819
 91 252 06 36 30  -0.641   2.640   0.747   2.820
 91 252 06 37 30  -0.660   2.633   0.766   2.823
 91 252 06 38 30  -0.568   2.724   0.533   2.836
 91 252 06 39 30  -0.456   2.734   0.619   2.841
 91 252 06 40 30  -0.497   2.746   0.601   2.855
 91 252 06 41 30  -0.447   2.735   0.592   2.834
 91 252 06 42 30  -0.430   2.730   0.626   2.834
 91 252 06 43 30  -0.411   2.736   0.670   2.847
 91 252 06 44 30  -0.384   2.732   0.677   2.841
 91 252 06 45 30  -0.423   2.721   0.684   2.839
 91 252 06 46 30  -0.463   2.721   0.648   2.840
 91 252 06 47 30  -0.707   2.708   0.324   2.821
 91 252 06 48 30  -0.601   2.752   0.289   2.834
 91 252 06 49 30  -0.567   2.749   0.279   2.823
 91 252 06 50 30  -0.445   2.797   0.344   2.855
 91 252 06 51 30  -0.417   2.809   0.239   2.853
 91 252 06 52 30  -0.671   2.755   0.273   2.853
 91 252 06 53 30  -0.678   2.776   0.190   2.868
 91 252 06 54 30  -0.566   2.799  -0.158   2.867
 91 252 06 55 30  -0.351   2.820  -0.346   2.870
 91 252 06 56 30  -0.039   2.881   0.119   2.888
 91 252 06 57 30  -0.063   2.855   0.361   2.883
 91 252 06 58 30  -0.350   2.841   0.145   2.870
 91 252 06 59 30  -0.456   2.830   0.100   2.869
 91 252 07 00 30  -0.567   2.815   0.032   2.874
 91 252 07 01 30  -0.623   2.814   0.086   2.886
 91 252 07 02 30  -0.551   2.814   0.156   2.876
 91 252 07 03 30  -0.576   2.799   0.058   2.859
 91 252 07 04 30  -0.611   2.789   0.012   2.858
 91 252 07 05 30  -0.999   2.610  -0.403   2.826
 91 252 07 06 30  -1.013   2.597  -0.295   2.814
 91 252 07 07 30  -0.836   2.693   0.002   2.822
 91 252 07 08 30  -0.792   2.702  -0.015   2.821
 91 252 07 09 30  -0.706   2.732   0.138   2.828
 91 252 07 10 30  -0.799   2.653  -0.304   2.796
 91 252 07 11 30  -0.800   2.702  -0.252   2.831
 91 252 07 12 30  -0.798   2.710  -0.255   2.838
 91 252 07 13 30  -0.839   2.694  -0.315   2.841
 91 252 07 14 30  -0.849   2.651  -0.458   2.821
 91 252 07 15 30  -0.849   2.651  -0.378   2.810
 91 252 07 16 30  -0.859   2.670  -0.311   2.824
 91 252 07 17 30  -0.989   2.624  -0.339   2.825
 91 252 07 18 30  -0.978   2.618  -0.326   2.814
 91 252 07 19 30  -0.969   2.629  -0.298   2.818
 91 252 07 20 30  -1.006   2.626  -0.284   2.827
 91 252 07 21 30  -0.999   2.628  -0.313   2.829
 91 252 07 22 30  -1.039   2.585  -0.145   2.792
 91 252 07 23 30  -1.121   2.559  -0.068   2.795
 91 252 07 24 30  -1.088   2.579  -0.056   2.800
 91 252 07 25 30  -1.121   2.569   0.009   2.804
 91 252 07 26 30  -1.025   2.611  -0.016   2.807
 91 252 07 27 30  -0.921   2.648  -0.047   2.806
 91 252 07 28 30  -0.844   2.676  -0.102   2.810
 91 252 07 29 30  -0.845   2.683  -0.008   2.814
 91 252 07 30 30  -0.859   2.671  -0.011   2.807
 91 252 07 31 30  -0.923   2.650   0.053   2.807
 91 252 07 32 30  -0.912   2.655   0.097   2.810
 91 252 07 33 30  -0.910   2.655   0.072   2.808
 91 252 07 34 30  -0.881   2.663  -0.180   2.814
 91 252 07 35 30  -0.836   2.654  -0.327   2.802
 91 252 07 36 30  -0.859   2.662  -0.280   2.818
 91 252 07 37 30  -0.929   2.673  -0.115   2.842
 91 252 07 38 30  -0.898   2.682  -0.270   2.843
 91 252 07 39 30  -0.921   2.679  -0.283   2.847
 91 252 07 40 30  -0.869   2.703  -0.175   2.847
 91 252 07 41 30  -0.895   2.694  -0.235   2.849
 91 252 07 42 30  -0.874   2.681  -0.333   2.841
 91 252 07 43 30  -0.904   2.666  -0.311   2.835
 91 252 07 44 30  -0.884   2.668  -0.312   2.829
 91 252 07 45 30  -0.883   2.658  -0.371   2.826
 91 252 07 46 30  -1.001   2.621  -0.426   2.840
 91 252 07 47 30  -0.938   2.664  -0.304   2.848
 91 252 07 48 30  -0.876   2.705  -0.187   2.851
 91 252 07 49 30  -0.822   2.719  -0.320   2.859
 91 252 07 50 30  -0.835   2.706  -0.309   2.850
 91 252 07 51 30  -0.816   2.697  -0.251   2.830
 91 252 07 52 30  -0.842   2.661  -0.300   2.808
 91 252 07 53 30  -0.757   2.701  -0.149   2.813
 91 252 07 54 30  -0.878   2.618  -0.427   2.803
 91 252 07 55 30  -0.867   2.649  -0.271   2.812
 91 252 07 56 30  -0.191   2.682   0.617   2.775
 91 252 07 57 30  -0.166   2.688   0.620   2.766
 91 252 07 58 30  -0.515   2.730   0.424   2.816
 91 252 07 59 30  -0.303   2.774   0.513   2.855
 91 252 08 00 30  -0.262   2.811   0.522   2.872
 91 252 08 01 30  -0.210   2.811   0.553   2.873
 91 252 08 02 30  -0.247   2.815   0.525   2.875
 91 252 08 03 30  -0.230   2.799   0.594   2.872
 91 252 08 04 30  -0.300   2.813   0.472   2.869
 91 252 08 05 30  -0.309   2.804   0.496   2.865
 91 252 08 06 30  -0.276   2.806   0.520   2.869
 91 252 08 07 30  -0.277   2.804   0.497   2.864
 91 252 08 08 30  -0.450   2.824   0.146   2.875
 91 252 08 09 30  -0.528   2.816   0.043   2.866
 91 252 08 10 30  -0.353   2.768   0.526   2.844
 91 252 08 11 30  -0.341   2.793   0.390   2.842
 91 252 08 12 30  -0.362   2.795   0.324   2.837
 91 252 08 13 30  -0.369   2.786   0.325   2.831
 91 252 08 14 30  -0.480   2.772   0.332   2.833
 91 252 08 15 30  -0.468   2.775   0.384   2.841
 91 252 08 16 30  -0.390   2.782   0.380   2.836
 91 252 08 17 30  -0.420   2.775   0.340   2.828
 91 252 08 18 30  -0.430   2.795   0.296   2.846
 91 252 08 19 30  -0.548   2.761   0.192   2.823
 91 252 08 20 30  -0.571   2.761   0.220   2.830
 91 252 08 21 30  -0.511   2.754   0.343   2.829
 91 252 08 22 30  -0.544   2.832   0.272   2.898
 91 252 08 23 30  -0.678   2.890   0.179   2.976
 91 252 08 24 30  -0.720   2.891  -0.032   2.981
 91 252 08 25 30  -0.712   2.891  -0.171   2.983
 91 252 08 26 30  -0.733   2.867  -0.331   2.980
 91 252 08 27 30  -0.608   2.904  -0.100   2.972
 91 252 08 28 30  -0.622   2.899   0.111   2.970
 91 252 08 29 30  -0.649   2.900  -0.102   2.975
 91 252 08 30 30  -0.685   2.889  -0.090   2.975
 91 252 08 31 30  -0.892   2.799  -0.238   2.963
 91 252 08 32 30  -0.691   2.866  -0.100   2.962
 91 252 08 33 30  -0.557   2.898  -0.133   2.957
 91 252 08 34 30  -0.461   2.906   0.120   2.954
 91 252 08 35 30  -0.279   2.895   0.338   2.940
 91 252 08 36 30  -0.630   2.789   0.424   2.918
 91 252 08 37 30  -0.914   2.557  -1.061   2.931
 91 252 08 38 30  -0.875   2.570  -1.113   2.936
 91 252 08 39 30  -0.914   2.597  -1.016   2.936
 91 252 08 40 30  -0.963   2.632  -0.860   2.933
 91 252 08 41 30  -1.020   2.620  -0.781   2.919
 91 252 08 42 30  -1.137   2.578  -0.750   2.916
 91 252 08 43 30  -1.118   2.570  -0.770   2.907
 91 252 08 44 30  -1.005   2.627  -0.776   2.919
 91 252 08 45 30  -0.967   2.679  -0.738   2.944
 91 252 08 46 30  -1.232   2.508  -0.878   2.947
 91 252 08 47 30  -0.904   2.755  -0.489   2.943
 91 252 08 48 30  -1.020   2.625  -0.855   2.952
 91 252 08 49 30  -1.017   2.678  -0.723   2.955
 91 252 08 50 30  -1.052   2.662  -0.685   2.944
 91 252 08 51 30  -1.068   2.669  -0.620   2.944
 91 252 08 52 30  -1.040   2.693  -0.540   2.941
 91 252 08 53 30  -1.056   2.699  -0.483   2.939
 91 252 08 54 30  -1.061   2.703  -0.408   2.934
 91 252 08 55 30  -0.571   2.858  -0.003   2.932
 91 252 08 56 30  -0.488   2.895  -0.163   2.947
 91 252 08 57 30  -0.529   2.879  -0.227   2.938
 91 252 08 58 30  -0.545   2.873  -0.114   2.933
 91 252 08 59 30  -0.716   2.827  -0.204   2.924
 91 252 09 00 30  -0.608   0.314  -1.185   2.919
 91 252 09 01 30  -0.731   2.833  -0.051   2.928
 91 252 09 18 30  -1.308   1.636  -2.031   2.917
 91 252 09 19 30  -1.273   1.680  -2.025   2.924
 91 252 09 20 30  -1.203   1.826  -1.921   2.912
 91 252 09 21 30  -1.255   1.760  -1.994   2.941
 91 252 09 22 30  -1.281   1.615  -2.081   2.932
 91 252 09 23 30  -1.287   1.684  -1.978   2.902
 91 252 09 24 30  -1.312   1.747  -1.922   2.910
 91 252 09 25 30  -1.288   1.772  -1.927   2.918
 91 252 09 26 30  -1.305   1.781  -1.919   2.927
 91 252 09 28 30  -1.394   1.821  -1.823   2.930
 91 252 09 29 30  -1.305   1.870  -1.783   2.898
 91 252 09 30 30  -1.268   1.882  -1.787   2.893
 91 252 09 31 30  -1.353   1.763  -1.871   2.906
 91 252 09 32 30  -1.426   1.824  -1.695   2.870
 91 252 09 33 30  -1.466   1.836  -1.688   2.893
 91 252 09 34 30  -1.323   1.840  -1.778   2.882
 91 252 09 35 30  -1.324   1.806  -1.841   2.899
 91 252 09 36 30  -1.381   1.739  -1.863   2.901
 91 252 09 37 30  -1.285   1.956  -1.643   2.861
 91 252 09 38 30  -1.265   1.948  -1.626   2.836
 91 252 09 39 30  -1.280   1.945  -1.609   2.832
 91 252 09 40 30  -1.273   1.988  -1.610   2.859
 91 252 09 41 30  -1.234   2.146  -1.379   2.851
 91 252 09 42 30  -1.163   2.279  -1.151   2.809
 91 252 09 43 30  -1.217   2.293  -1.214   2.865
 91 252 09 44 30  -1.171   2.260  -1.179   2.807
 91 252 09 45 30  -1.190   2.217  -1.245   2.808
 91 252 09 46 30  -1.182   2.186  -1.237   2.778
 91 252 09 47 30  -1.157   2.109  -1.260   2.724
 91 252 09 48 30  -1.183   2.096  -1.359   2.766
 91 252 09 49 30  -1.224   2.068  -1.346   2.756
 91 252 09 50 30  -1.251   2.092  -1.322   2.774
 91 252 09 51 30  -1.191   2.179  -1.308   2.807
 91 252 09 52 30  -1.192   2.191  -1.287   2.809
 91 252 09 58 30  -0.957   2.224  -1.674   2.946
 91 252 09 59 30  -0.972   2.168  -1.710   2.931
 91 252 10 00 30  -0.861   2.079  -1.866   2.940
 91 252 10 01 30  -0.980   2.051  -1.858   2.943
 91 252 10 02 30  -0.852   2.212  -1.740   2.947
 91 252 10 03 30  -0.872   2.295  -1.615   2.941
 91 252 10 04 30  -0.991   2.237  -1.620   2.936
 91 252 10 05 30  -1.136   2.239  -1.504   2.935
 91 252 10 07 30  -1.088   2.379  -1.289   2.917
 91 252 10 08 30  -1.076   2.383  -1.287   2.915
 91 252 10 09 30  -1.086   2.368  -1.310   2.917
 91 252 10 10 30  -1.104   2.397  -1.228   2.911
 91 252 10 11 30  -1.066   2.555  -0.983   2.941
 91 252 10 12 30  -0.967   2.735  -0.539   2.954
 91 252 10 13 30  -0.977   2.721  -0.578   2.949
 91 252 10 14 30  -0.988   2.731  -0.428   2.942
 91 252 10 15 30  -0.942   2.727  -0.563   2.941
 91 252 10 16 30  -0.990   2.701  -0.582   2.937
 91 252 10 17 30  -1.046   2.694  -0.555   2.944
 91 252 10 18 30  -0.970   2.722  -0.546   2.942
 91 252 10 19 30  -1.025   2.685  -0.595   2.936
 91 252 10 20 30  -1.108   2.678  -0.501   2.942
 91 252 10 21 30  -1.029   2.700  -0.534   2.939
 91 252 10 22 30  -1.025   2.695  -0.540   2.934
 91 252 10 23 30  -1.042   2.679  -0.532   2.925
 91 252 10 24 30  -1.142   2.654  -0.446   2.925
 91 252 10 25 30  -1.147   2.650  -0.457   2.925
 91 252 10 26 30  -1.142   2.638  -0.550   2.927
 91 252 10 27 30  -1.145   2.656  -0.464   2.931
 91 252 10 28 30  -1.094   2.644  -0.581   2.922
 91 252 10 29 30  -1.176   2.635  -0.494   2.928
 91 252 10 30 30  -1.101   2.677  -0.435   2.928
 91 252 10 31 30  -1.040   2.698  -0.460   2.930
 91 252 10 32 30  -1.077   2.676  -0.528   2.933
 91 252 10 33 30  -1.082   2.674  -0.501   2.928
 91 252 10 34 30  -1.064   2.682  -0.487   2.927
 91 252 10 35 30  -1.010   2.697  -0.495   2.924
 91 252 10 36 30  -1.037   2.703  -0.413   2.925
 91 252 10 37 30  -1.040   2.711  -0.372   2.929
 91 252 10 38 30  -1.046   2.699  -0.397   2.922
 91 252 10 39 30  -1.031   2.695  -0.398   2.913
 91 252 10 40 30  -1.098   2.671  -0.394   2.915
 91 252 10 41 30  -1.078   2.685  -0.384   2.919
 91 252 10 42 30  -1.068   2.692  -0.371   2.920
 91 252 10 43 30  -1.047   2.701  -0.369   2.922
 91 252 10 44 30  -1.069   2.665  -0.471   2.911
 91 252 10 45 30  -1.068   2.676  -0.417   2.913
 91 252 10 46 30  -1.120   2.666  -0.370   2.916
 91 252 10 47 30  -1.071   2.683  -0.352   2.912
 91 252 10 48 30  -1.149   2.651  -0.358   2.912
 91 252 10 49 30  -1.097   2.667  -0.392   2.911
 91 252 10 50 30  -1.083   2.687  -0.331   2.917
 91 252 10 51 30  -1.113   2.674  -0.332   2.918
 91 252 10 52 30  -0.988   2.731  -0.331   2.932
 91 252 10 53 30  -0.756   2.793   0.152   2.905
 91 252 10 54 30  -0.877   2.742  -0.069   2.883
 91 252 10 55 30  -0.892   2.720  -0.167   2.886
 91 252 10 56 30  -0.682   2.793   0.303   2.899
 91 252 10 57 30  -0.840   2.739   0.450   2.903
 91 252 10 58 30  -0.668   2.778   0.441   2.902
 91 252 10 59 30  -0.409   2.819   0.538   2.904
 91 252 11 00 30  -0.415   2.702   0.494   2.837
 91 252 11 01 30  -0.428   2.739   0.154   2.790
 91 252 11 02 30  -0.846   2.646   0.169   2.806
 91 252 11 03 30  -0.878   2.668   0.201   2.819
 91 252 11 04 30  -1.193   2.568  -0.005   2.834
 91 252 11 05 30  -1.087   2.627   0.110   2.847
 91 252 11 06 30  -1.054   2.645   0.140   2.852
 91 252 11 07 30  -1.041   2.622   0.306   2.841
 91 252 11 08 30  -0.987   2.627   0.297   2.825
 91 252 11 15 30  -0.808   2.724  -0.160   2.879
 91 252 11 16 30  -1.180   2.565  -0.508   2.876
 91 252 11 17 30  -0.967   2.665  -0.474   2.875
 91 252 11 18 30  -0.937   2.678  -0.430   2.872
 91 252 11 19 30  -0.956   2.674  -0.421   2.872
 91 252 11 20 30  -0.963   2.667  -0.431   2.869
 91 252 11 21 30  -0.947   2.668  -0.449   2.868
 91 252 11 22 30  -1.052   2.635  -0.419   2.871
 91 252 11 23 30  -0.990   2.656  -0.442   2.871
 91 252 11 24 30  -0.948   2.676  -0.392   2.867
 91 252 11 25 30  -0.880   2.702  -0.344   2.863
 91 252 11 26 30  -0.970   2.681  -0.308   2.869
 91 252 11 27 30  -0.973   2.673  -0.303   2.863
 91 252 11 28 30  -0.935   2.689  -0.286   2.864
 91 252 11 29 30  -1.072   2.653   0.027   2.866
 91 252 11 30 30  -0.931   2.702  -0.107   2.861
 91 252 11 31 30  -0.821   2.727  -0.223   2.860
 91 252 11 32 30  -0.740   2.752  -0.198   2.858
 91 252 11 33 30  -0.836   2.692  -0.448   2.858
 91 252 11 34 30  -0.855   2.653  -0.594   2.851
 91 252 11 35 30  -0.808   2.598  -0.800   2.837
 91 252 11 36 30  -0.774   2.520  -0.935   2.799
 91 252 11 37 30  -0.786   2.476  -0.629   2.750
 91 252 11 38 30  -0.860   2.270   0.975   2.621
 91 252 11 39 30  -0.826   2.367   0.878   2.658
 91 252 11 40 30  -0.876   2.368   0.738   2.632
 91 252 11 41 30  -0.849   2.343   0.833   2.629
 91 252 11 42 30  -0.812   2.375   0.829   2.645
 91 252 11 43 30  -0.730   2.415   0.949   2.696
 91 252 11 44 30  -0.772   2.441   0.841   2.695
 91 252 11 45 30  -0.762   2.450   0.828   2.698
 91 252 11 46 30  -0.978   2.421   0.554   2.672
 91 252 11 47 30  -0.752   2.339   0.846   2.601
 91 252 11 48 30  -1.004   2.333   0.496   2.591
 91 252 11 49 30  -0.969   2.366   0.456   2.598
 91 252 11 50 30  -0.911   2.381   0.463   2.591
 91 252 11 51 30  -0.816   2.381   0.564   2.581
 91 252 11 52 30  -0.774   2.383   0.533   2.562
 91 252 11 53 30  -0.709   2.406   0.577   2.574
 91 252 11 54 30  -0.787   2.414   0.447   2.578
 91 252 11 55 30  -0.840   2.401   0.379   2.573
 91 252 11 56 30  -0.988   2.381   0.145   2.584
 91 252 11 57 30  -0.809   2.407   0.366   2.570
 91 252 11 58 30  -0.841   2.419   0.329   2.585
 91 252 11 59 30  -0.878   2.385   0.271   2.557
 91 252 12 00 30  -0.925   2.384   0.158   2.562
 91 252 12 01 30  -0.885   2.379   0.209   2.547
 91 252 12 02 30  -0.886   2.390   0.146   2.553
 91 252 12 03 30  -0.879   2.388   0.091   2.547
 91 252 12 04 30  -0.865   2.397   0.053   2.549
 91 252 12 05 30  -0.849   2.407   0.033   2.552
 91 252 12 06 30  -0.742   2.432   0.066   2.545
 91 252 12 07 30  -0.772   2.398   0.258   2.539
 91 252 12 08 30  -0.792   2.361   0.367   2.519
 91 252 12 09 30  -0.849   2.369   0.196   2.531
 91 252 12 10 30  -0.854   2.387   0.014   2.538
 91 252 12 11 30  -0.776   2.401   0.018   2.524
 91 252 12 12 30  -0.792   2.408   0.027   2.535
 91 252 12 13 30  -0.730   2.386   0.027   2.496
 91 252 12 14 30  -0.733   2.393  -0.033   2.503
 91 252 12 15 30  -0.770   2.355  -0.055   2.479
 91 252 12 16 30  -0.792   2.347  -0.130   2.481
 91 252 12 17 30  -0.816   2.339  -0.165   2.485
 91 252 12 22 30  -1.157   1.955  -0.804   2.411
 91 252 12 23 30  -1.179   1.983  -0.674   2.404
 91 252 12 24 30  -1.150   2.006  -0.656   2.404
 91 252 12 25 30  -1.230   2.002  -0.514   2.414
 91 252 12 26 30  -1.197   1.992  -0.597   2.401
 91 252 12 27 30  -1.191   1.992  -0.626   2.408
 91 252 12 28 30  -1.251   2.024  -0.540   2.441
 91 252 12 29 30  -1.206   2.045  -0.539   2.435
 91 252 12 30 30  -1.241   2.063  -0.491   2.458
 91 252 12 31 30  -1.272   2.084  -0.489   2.490
 91 252 12 32 30  -1.269   2.097  -0.478   2.498
 91 252 12 33 30  -1.225   2.107  -0.489   2.486
 91 252 12 34 30  -1.206   2.115  -0.478   2.482
 91 252 12 35 30  -1.196   2.118  -0.493   2.482
 91 252 12 36 30  -1.228   2.087  -0.487   2.470
 91 252 12 37 30  -1.228   2.087  -0.508   2.474
 91 252 12 38 30  -1.220   2.082  -0.503   2.466
 91 252 12 39 30  -1.268   2.061  -0.492   2.470
 91 252 12 40 30  -1.306   2.052  -0.472   2.478
 91 252 12 41 30  -1.263   2.089  -0.458   2.484
 91 252 12 42 30  -1.229   2.106  -0.482   2.486
 91 252 12 43 30  -1.248   2.094  -0.491   2.487
 91 252 12 44 30  -1.282   2.057  -0.467   2.468
 91 252 12 45 30  -1.280   2.067  -0.402   2.464
 91 252 12 46 30  -1.257   2.064  -0.380   2.446
 91 252 12 47 30  -1.260   2.075  -0.377   2.460
 91 252 12 48 30  -1.351   2.015  -0.395   2.458
 91 252 12 49 30  -1.361   2.000  -0.403   2.453
 91 252 12 50 30  -1.399   1.981  -0.397   2.458
 91 252 12 51 30  -1.402   1.979  -0.372   2.454
 91 252 12 52 30  -1.407   1.964  -0.341   2.440
 91 252 12 53 30  -1.419   1.954  -0.321   2.436
 91 252 12 54 30  -1.396   1.982  -0.309   2.444
 91 252 12 55 30  -1.435   1.979  -0.335   2.468
 91 252 12 56 30  -1.396   1.975  -0.355   2.445
 91 252 12 57 30  -1.389   1.983  -0.318   2.442
 91 252 12 58 30  -1.329   2.016  -0.338   2.439
 91 252 12 59 30  -1.349   2.040  -0.290   2.463
 91 252 13 00 30  -1.398   1.996  -0.341   2.461
 91 252 13 01 30  -1.324   1.994  -0.338   2.418
 91 252 13 02 30  -1.273   2.084  -0.299   2.461
 91 252 13 03 30  -1.274   2.086  -0.288   2.462
 91 252 13 04 30  -1.135   2.129  -0.111   2.417
 91 252 13 05 30  -1.135   2.038  -0.423   2.382
 91 252 13 06 30  -1.202   1.917  -0.627   2.349
 91 252 13 07 30  -1.240   1.945  -0.608   2.387
 91 252 13 08 30  -1.174   2.030  -0.519   2.406
 91 252 13 09 30  -0.986   2.150  -0.140   2.373
 91 252 13 10 30  -1.080   2.093  -0.228   2.372
 91 252 13 11 30  -1.014   2.125  -0.120   2.365
 91 252 13 12 30  -1.043   2.120  -0.155   2.368
 91 252 13 13 30  -0.971   2.140  -0.066   2.353
 91 252 13 14 30  -0.989   2.139  -0.048   2.357
 91 252 13 15 30  -0.998   2.124  -0.034   2.348
 91 252 13 16 30  -1.074   2.095  -0.120   2.358
 91 252 13 17 30  -1.063   2.086  -0.187   2.349
 91 252 13 18 30  -1.055   2.113  -0.141   2.367
 91 252 13 19 30  -1.056   2.119  -0.085   2.370
 91 252 13 20 30  -1.014   2.116  -0.191   2.356
 91 252 13 21 30  -1.063   2.074  -0.217   2.343
 91 252 13 22 30  -1.030   2.096  -0.121   2.339
 91 252 13 23 30  -1.039   2.096  -0.022   2.342
 91 252 13 24 30  -1.010   2.068  -0.128   2.313
 91 252 13 25 30  -1.042   2.078   0.119   2.330
 91 252 13 26 30  -0.947   2.097  -0.150   2.340
 91 252 13 27 30  -0.743   2.172  -0.497   2.353
 91 252 13 28 30  -0.749   2.189  -0.373   2.346
 91 252 13 29 30  -0.857   2.161  -0.229   2.337
 91 252 13 30 30  -0.788   2.207  -0.254   2.359
 91 252 13 31 30  -0.841   2.194  -0.154   2.355
 91 252 13 32 30  -0.887   2.177  -0.008   2.352
 91 252 13 33 30  -0.851   2.214  -0.030   2.375
 91 252 13 34 30  -0.963   2.161  -0.119   2.369
 91 252 13 35 30  -0.920   2.172  -0.046   2.360
 91 252 13 36 30  -0.917   2.174  -0.050   2.360
 91 252 13 37 30  -0.914   2.185  -0.091   2.371
 91 252 13 38 30  -0.947   2.176  -0.113   2.376
 91 252 13 39 30  -0.803   2.228  -0.052   2.374
 91 252 13 40 30  -0.804   2.226  -0.185   2.381
 91 252 13 41 30  -0.874   2.221  -0.231   2.398
 91 252 13 42 30  -0.904   2.214  -0.248   2.405
 91 252 13 43 30  -0.938   2.195  -0.217   2.398
 91 252 13 44 30  -0.977   2.178  -0.231   2.399
 91 252 13 45 30  -0.929   2.203  -0.216   2.401
 91 252 13 46 30  -1.000   2.178  -0.210   2.406
 91 252 13 47 30  -0.969   2.188  -0.105   2.396
 91 252 13 48 30  -1.020   2.177  -0.102   2.408
 91 252 13 49 30  -1.061   2.170  -0.125   2.420
 91 252 13 50 30  -0.998   2.214  -0.011   2.431
 91 252 13 51 30  -1.075   2.136  -0.102   2.394
 91 252 13 52 30  -0.995   2.163  -0.003   2.382
 91 252 13 53 30  -0.919   2.187   0.231   2.389
 91 252 13 54 30  -0.795   2.217   0.367   2.384
 91 252 13 55 30  -0.745   2.222   0.348   2.370
 91 252 13 56 30  -0.713   2.239   0.377   2.380
 91 252 13 57 30  -0.763   2.232   0.387   2.390
 91 252 13 58 30  -0.798   2.228   0.345   2.392
 91 252 13 59 30  -0.820   2.216   0.354   2.391
 91 252 14 00 30  -0.861   2.210   0.340   2.398
 91 252 14 01 30  -0.895   2.198   0.272   2.390
 91 252 14 02 30  -0.786   2.208   0.380   2.382
 91 252 14 03 30  -0.816   2.245   0.247   2.402
 91 252 14 04 30  -0.756   2.214   0.234   2.355
 91 252 14 05 30  -0.618   2.210   0.411   2.340
 91 252 14 06 30  -0.578   2.186   0.493   2.315
 91 252 14 07 30  -0.647   2.202   0.404   2.331
 91 252 14 08 30  -0.539   2.240   0.453   2.350
 91 252 14 09 30  -0.502   2.254   0.539   2.375
 91 252 14 10 30  -0.477   2.239   0.539   2.353
 91 252 14 11 30  -0.467   2.205   0.686   2.357
 91 252 14 12 30  -0.449   2.213   0.772   2.387
 91 252 14 13 30  -0.466   2.184   0.789   2.370
 91 252 14 14 30  -0.493   2.133   0.864   2.358
 91 252 14 15 30  -0.438   2.117   0.879   2.336
 91 252 14 16 30  -0.399   2.128   0.819   2.315
 91 252 14 17 30  -0.408   2.095   0.875   2.308
 91 252 14 18 30  -0.487   2.118   0.772   2.307
 91 252 14 19 30  -0.452   2.132   0.707   2.293
 91 252 14 20 30  -0.354   2.207   0.462   2.283
 91 252 14 21 30  -0.508   2.187   0.590   2.323
 91 252 14 22 30  -0.457   2.205   0.569   2.324
 91 252 14 23 30  -0.425   2.223   0.472   2.314
 91 252 14 24 30  -0.393   2.144   0.579   2.257
 91 252 14 25 30  -0.377   2.115   0.695   2.259
 91 252 14 26 30  -0.400   2.132   0.781   2.307
 91 252 14 27 30  -0.356   2.173   0.818   2.351
 91 252 14 28 30  -0.468   2.117   0.981   2.381
 91 252 14 29 30  -0.403   2.168   0.884   2.378
 91 252 14 30 30  -0.419   2.114   1.034   2.393
 91 252 14 31 30  -0.278   2.187   0.938   2.397
 91 252 14 32 30  -0.205   2.220   0.807   2.393
 91 252 14 33 30  -0.288   2.188   0.884   2.389
 91 252 14 34 30  -0.206   2.082   1.082   2.356
 91 252 14 35 30  -0.213   2.088   1.061   2.353
 91 252 14 36 30  -0.365   2.094   0.840   2.327
 91 252 14 37 30  -0.499   2.162   0.285   2.240
 91 252 14 38 30  -0.493   2.155   0.360   2.243
 91 252 14 39 30  -0.483   2.163   0.290   2.237
 91 252 14 40 30  -0.516   2.149   0.273   2.235
 91 252 14 41 30  -0.569   2.117   0.247   2.206
 91 252 14 42 30  -0.594   2.081   0.301   2.187
 91 252 14 43 30  -0.623   2.097   0.279   2.205
 91 252 14 44 30  -0.513   2.157   0.259   2.234
 91 252 14 45 30  -0.491   2.106   0.641   2.264
 91 252 14 46 30  -0.377   2.070   0.994   2.328
 91 252 14 47 30  -0.377   2.123   0.981   2.375
 91 252 14 48 30  -0.345   2.131   0.950   2.370
 91 252 14 49 30  -0.565   2.163   0.650   2.330
 91 252 14 50 30  -0.519   2.164   0.757   2.354
 91 252 14 51 30  -0.471   2.133   0.879   2.356
 91 252 14 54 30  -0.367   2.211   0.536   2.304
 91 252 14 55 30  -0.392   2.216   0.547   2.317
 91 252 14 56 30  -0.321   2.255   0.366   2.308
 91 252 14 57 30  -0.348   2.250   0.443   2.320
 91 252 14 58 30  -0.301   2.216   0.430   2.284
 91 252 14 59 30  -0.226   2.229   0.271   2.257
 91 252 15 00 30  -0.309   2.225   0.268   2.263
 91 252 15 01 30  -0.241   2.233   0.301   2.266
 91 252 15 02 30  -0.232   2.233   0.273   2.263
 91 252 15 03 30  -0.284   2.224   0.268   2.259
 91 252 15 04 30  -0.404   2.225   0.208   2.273
 91 252 15 05 30  -0.350   2.259   0.102   2.292
 91 252 15 06 30  -0.367   2.249   0.018   2.279
 91 252 15 07 30  -0.415   2.262  -0.107   2.305
 91 252 15 08 30  -0.412   2.232  -0.054   2.281
 91 252 15 09 30  -0.468   2.220  -0.185   2.277
 91 252 15 10 30  -0.465   2.236   0.147   2.295
 91 252 15 11 30  -0.342   2.251   0.417   2.318
 91 252 15 12 30  -0.353   2.268   0.444   2.343
 91 252 15 13 30  -0.245   2.249   0.613   2.347
 91 252 15 14 30  -0.309   2.255   0.332   2.316
 91 252 15 15 30  -0.376   2.295   0.055   2.333
 91 252 15 16 30  -0.420   2.257  -0.268   2.330
 91 252 15 17 30  -0.196   2.256   0.438   2.334
 91 252 15 18 30  -0.039   2.163   0.743   2.291
 91 252 15 19 30   0.001   2.132   0.777   2.271
 91 252 15 20 30   0.078   2.077   0.877   2.260
 91 252 15 21 30  -0.168   2.205   0.532   2.283
 91 252 15 22 30  -0.224   2.215   0.542   2.292
 91 252 15 23 30  -0.148   2.244   0.514   2.309
 91 252 15 24 30  -0.202   2.261   0.491   2.325
 91 252 15 25 30  -0.275   2.279   0.328   2.323
 91 252 15 26 30  -0.244   2.274   0.372   2.320
 91 252 15 27 30  -0.087   1.714   1.317   2.308
 91 252 15 28 30  -0.027   1.534   1.722   2.307
 91 252 15 29 30  -0.051   1.528   1.734   2.312
 91 252 15 30 30  -0.012   1.479   1.778   2.313
 91 252 15 31 30   0.168   1.383   1.843   2.315
 91 252 15 32 30   0.209   1.452   1.786   2.313
 91 252 15 33 30   0.027   1.563   1.689   2.304
 91 252 15 34 30   0.026   1.698   1.557   2.307
 91 252 15 35 30  -0.011   1.508   1.707   2.284
 91 252 15 36 30  -0.123   1.499   1.715   2.303
 91 252 15 37 30  -0.020   1.814   1.385   2.294
 91 252 15 38 30   0.241   1.967   1.174   2.310
 91 252 15 39 30   0.370   2.020   1.078   2.326
 91 252 15 40 30   0.132   2.102   0.986   2.328
 91 252 15 41 30   0.239   2.153   0.811   2.314
 91 252 15 42 30   0.131   2.113   0.928   2.326
 91 252 15 43 30  -0.167   1.837   1.343   2.292
 91 252 15 44 30  -0.057   1.829   1.368   2.287
 91 252 15 45 30  -0.039   1.970   1.214   2.317
 91 252 15 46 30   0.066   1.903   1.315   2.324
 91 252 15 47 30   0.127   1.871   1.360   2.326
 91 252 15 48 30   0.110   1.854   1.380   2.318
 91 252 15 49 30   0.172   1.938   1.308   2.348
 91 252 15 50 30   0.206   2.019   1.175   2.349
 91 252 15 51 30   0.289   2.039   1.104   2.338
 91 252 15 52 30   0.229   2.100   0.958   2.332
 91 252 15 53 30   0.226   2.074   0.968   2.334
 91 252 15 54 30   0.056   2.282   0.378   2.314
 91 252 15 58 30   0.300   2.263   0.499   2.337
 91 252 15 59 30   0.301   2.282   0.464   2.350
 91 252 16 00 30   0.318   2.281   0.332   2.336
 91 252 16 01 30   0.340   2.219   0.391   2.287
 91 252 16 02 30   0.317   2.278   0.433   2.344
 91 252 16 03 30   0.229   2.248   0.443   2.309
 91 252 16 04 30   0.135   2.274   0.432   2.322
 91 252 16 05 30   0.094   2.270   0.446   2.318
 91 252 16 06 30   0.214   2.252   0.497   2.318
 91 252 16 07 30   0.271   2.249   0.511   2.324
 91 252 16 08 30   0.271   2.235   0.631   2.341
 91 252 16 09 30  -0.061   2.289   0.463   2.339
 91 252 16 10 30  -0.020   2.283   0.533   2.345
 91 252 16 11 30  -0.040   2.288   0.551   2.356
 91 252 16 12 30   0.052   2.263   0.620   2.353
 91 252 16 13 30  -0.077   2.269   0.578   2.351
 91 252 16 14 30  -0.437   2.254   0.391   2.335
 91 252 16 15 30  -0.413   2.244   0.447   2.334
 91 252 16 16 30  -0.161   2.300   0.384   2.342
 91 252 16 17 30  -0.209   2.306   0.400   2.351
 91 252 16 18 30  -0.277   2.303   0.432   2.360
 91 252 16 19 30  -0.250   2.305   0.373   2.350
 91 252 16 20 30  -0.290   2.287   0.304   2.328
 91 252 16 21 30  -0.193   2.296   0.340   2.337
 91 252 16 22 30   0.123   2.193   0.580   2.302
 91 252 16 23 30  -0.398   2.254   0.183   2.298
 91 252 16 24 30  -0.328   2.247   0.162   2.279
 91 252 16 25 30  -0.184   2.230   0.362   2.270
 91 252 16 26 30  -0.119   2.229   0.431   2.276
 91 252 16 27 30   0.044   2.219   0.519   2.281
 91 252 16 28 30   0.076   2.187   0.649   2.284
 91 252 16 29 30   0.190   2.105   0.873   2.288
 91 252 16 30 30   0.148   2.168   0.707   2.301
 91 252 16 31 30  -0.216   2.310   0.121   2.341
 91 252 16 32 30  -0.357   2.304  -0.170   2.346
 91 252 16 33 30  -0.307   2.293   0.126   2.330
 91 252 16 34 30  -0.237   2.269   0.265   2.325
 91 252 16 35 30  -0.386   2.297   0.005   2.332
 91 252 16 36 30  -0.503   2.265  -0.121   2.326
 91 252 16 37 30  -0.509   2.240  -0.203   2.314
 91 252 16 38 30  -0.551   2.169  -0.647   2.335
 91 252 16 39 30  -0.592   2.151  -0.707   2.346
 91 252 16 40 30  -0.543   2.233  -0.304   2.333
 91 252 16 41 30  -0.490   2.216  -0.515   2.329
 91 252 16 42 30  -0.379   2.220  -0.586   2.337
 91 252 16 43 30  -0.066   2.261  -0.699   2.379
 91 252 16 44 30  -0.478   2.335  -0.420   2.422
 91 252 16 45 30  -0.275   2.359  -0.286   2.397
 91 252 16 46 30  -0.102   2.400  -0.007   2.403
 91 252 16 47 30   0.091   2.410   0.165   2.422
 91 252 16 48 30   0.227   2.378   0.343   2.416
 91 252 16 49 30  -0.471   2.282  -0.196   2.402
 91 252 16 50 30  -0.627   2.307  -0.240   2.405
 91 252 16 51 30  -0.134   2.249   0.624   2.406
 91 252 16 52 30  -0.276   2.386   0.389   2.494
 91 252 16 53 30  -0.461   2.394   0.192   2.657
 91 252 16 54 30  -0.277   2.617   0.803   2.755
 91 252 16 55 30  -0.376   2.633   0.542   2.718
 91 252 16 56 30  -0.376   2.615   0.699   2.739
 91 252 16 57 30  -0.340   2.632   0.463   2.713
 91 252 16 58 30  -0.566   2.620   0.461   2.722
 91 252 16 59 30  -0.639   2.603   0.408   2.714
 91 252 17 00 30  -0.618   2.601   0.376   2.707
 91 252 17 01 30  -0.309   2.607   0.485   2.700
 91 252 17 02 30  -0.128   2.667   0.482   2.714
 91 252 17 03 30  -0.015   2.679   0.406   2.711
 91 252 17 04 30  -0.350   2.605   0.409   2.692
 91 252 17 05 30  -0.770   2.567   0.442   2.718
 91 252 17 06 30  -0.508   2.631   0.483   2.725
 91 252 17 07 30  -0.451   2.645   0.461   2.727
 91 252 17 08 30  -0.464   2.648   0.478   2.734
 91 252 17 09 30  -0.469   2.670   0.339   2.733
 91 252 17 10 30  -0.603   2.646   0.308   2.734
 91 252 17 11 30  -0.677   2.592   0.021   2.690
 91 252 17 12 30  -0.870   2.494  -0.377   2.671
 91 252 17 13 30  -0.936   2.472  -0.309   2.662
 91 252 17 14 30  -0.955   2.454  -0.235   2.650
 91 252 17 15 30  -1.013   2.420  -0.304   2.644
 91 252 17 16 30  -1.052   2.397  -0.301   2.638
 91 252 17 17 30  -1.081   2.394  -0.263   2.641
 91 252 17 18 30  -1.083   2.372  -0.381   2.641
 91 252 17 19 30  -0.968   2.443  -0.001   2.652
 91 252 17 20 30  -0.937   2.480   0.182   2.662
 91 252 17 21 30  -1.072   2.409  -0.151   2.646
 91 252 17 22 30  -1.078   2.349  -0.384   2.621
 91 252 17 23 30  -1.014   2.386  -0.324   2.616
 91 252 17 24 30  -0.970   2.422  -0.192   2.619
 91 252 17 25 30  -1.037   2.390  -0.053   2.613
 91 252 17 26 30  -1.188   2.325  -0.107   2.616
 91 252 17 27 30  -1.135   2.348  -0.025   2.613
 91 252 17 28 30  -1.330   2.216   0.075   2.601
 91 252 17 29 30  -1.181   2.297  -0.386   2.619
 91 252 17 30 30  -1.365   2.212  -0.351   2.624
 91 252 17 31 30  -1.411   2.180  -0.342   2.621
 91 252 17 32 30  -1.425   2.188  -0.309   2.632
 91 252 17 33 30  -1.329   2.241  -0.370   2.632
 91 252 17 34 30  -1.489   2.130  -0.314   2.625
 91 252 17 35 30  -1.567   2.089  -0.307   2.631
 91 252 17 36 30  -1.360   2.199  -0.490   2.633
 91 252 17 37 30  -1.433   2.152  -0.350   2.612
 91 252 17 38 30  -1.422   2.139  -0.549   2.628
 91 252 17 39 30  -1.511   2.111  -0.486   2.648
 91 252 17 40 30  -1.223   2.227  -0.692   2.643
 91 252 17 41 30  -1.261   2.175  -0.817   2.647
 91 252 17 42 30  -1.536   2.021  -0.705   2.640
 91 252 17 43 30  -1.510   1.990  -0.854   2.644
 91 252 17 44 30  -1.308   2.017  -0.911   2.661
 91 252 17 45 30  -0.636   2.585  -0.228   2.690
 91 252 17 46 30  -0.574   2.633   0.119   2.701
 91 252 17 47 30  -0.833   2.555   0.139   2.692
 91 252 17 48 30  -0.721   2.589   0.212   2.699
 91 252 17 49 30  -0.846   2.545   0.184   2.690
 91 252 17 50 30  -0.922   2.522   0.076   2.688
 91 252 17 51 30  -1.112   2.447  -0.043   2.690
 91 252 17 52 30  -1.112   2.455  -0.092   2.699
 91 252 17 53 30  -1.127   2.459  -0.087   2.707
 91 252 17 54 30  -1.167   2.450  -0.114   2.719
 91 252 17 55 30  -0.926   2.556   0.043   2.723
 91 252 17 56 30  -1.044   2.526  -0.137   2.741
 91 252 17 57 30  -1.157   2.472  -0.259   2.747
 91 252 17 58 30  -1.053   2.520  -0.271   2.748
 91 252 17 59 30  -1.381   2.333  -0.405   2.747
 91 252 18 00 30  -1.603   2.108  -0.609   2.722
 91 252 18 01 30  -1.664   2.056  -0.684   2.733
 91 252 18 02 30  -1.581   2.131  -0.582   2.719
 91 252 18 03 30  -1.482   2.191  -0.543   2.701
 91 252 18 04 30  -1.466   2.239  -0.405   2.713
 91 252 18 05 30  -1.497   2.292  -0.368   2.763
 91 252 18 06 30  -1.532   2.246  -0.482   2.762
 91 252 18 07 30  -1.654   2.106  -0.594   2.744
 91 252 18 08 30  -1.565   2.238  -0.400   2.762
 91 252 18 09 30  -1.616   2.220  -0.225   2.757
 91 252 18 10 30  -1.554   2.242  -0.271   2.743
 91 252 18 11 30  -1.527   2.240  -0.255   2.724
 91 252 18 12 30  -1.503   2.236  -0.240   2.707
 91 252 18 13 30  -1.530   2.222  -0.280   2.715
 91 252 18 14 30  -1.601   2.148  -0.380   2.711
 91 252 18 15 30  -1.497   2.247  -0.205   2.709
 91 252 18 16 30  -1.472   2.280  -0.180   2.723
 91 252 18 17 30  -1.482   2.227  -0.537   2.735
 91 252 18 18 30  -1.466   2.248  -0.503   2.732
 91 252 18 19 30  -1.416   2.307  -0.294   2.725
 91 252 18 20 30  -1.419   2.294  -0.238   2.714
 91 252 18 21 30  -1.171   2.461  -0.133   2.735
 91 252 18 22 30  -1.110   2.467  -0.112   2.716
 91 252 18 23 30  -1.370   2.350  -0.307   2.739
 91 252 18 24 30  -1.345   2.339  -0.312   2.726
 91 252 18 25 30  -1.379   2.310  -0.439   2.744
 91 252 18 26 30  -1.281   2.418  -0.159   2.749
 91 252 18 27 30  -1.485   2.287  -0.323   2.758
 91 252 18 28 30  -1.651   2.123  -0.470   2.736
 91 252 18 29 30  -1.496   2.250  -0.482   2.755
 91 252 18 30 30  -1.012   2.631  -0.019   2.822
 91 252 18 31 30  -1.039   2.622  -0.157   2.830
 91 252 18 32 30  -1.156   2.556  -0.352   2.830
 91 252 18 33 30  -0.966   2.668  -0.228   2.848
 91 252 18 34 30  -1.229   2.549   0.005   2.836
 91 252 18 35 30  -1.027   2.621  -0.047   2.819
 91 252 18 36 30  -1.046   2.588  -0.085   2.796
 91 252 18 37 30  -0.929   2.669  -0.001   2.827
 91 252 18 38 30  -0.730   2.743   0.065   2.840
 91 252 18 39 30  -0.841   2.692   0.183   2.828
 91 252 18 40 30  -0.818   2.651   0.170   2.784
 91 252 18 41 30  -0.767   2.607  -0.077   2.721
 91 252 18 42 30  -0.847   2.634  -0.022   2.770
 91 252 18 43 30  -0.821   2.660  -0.006   2.786
 91 252 18 44 30  -0.765   2.669   0.065   2.781
 91 252 18 45 30  -0.800   2.654   0.036   2.774
 91 252 18 46 30  -0.643   2.704   0.165   2.790
 91 252 18 47 30  -0.616   2.714   0.165   2.791
 91 252 18 48 30  -0.546   2.694   0.271   2.764
 91 252 18 49 30  -0.509   2.692   0.324   2.760
 91 252 18 50 30  -0.595   2.686   0.392   2.780
 91 252 18 51 30  -0.362   2.733   0.460   2.800
 91 252 18 52 30  -0.531   2.687   0.640   2.821
 91 252 18 53 30  -0.535   2.751   0.345   2.827
 91 252 18 54 30  -0.584   2.733   0.387   2.826
 91 252 18 55 30  -0.352   2.794   0.065   2.818
 91 252 18 56 30  -0.455   2.776   0.191   2.823
 91 252 18 57 30  -0.330   2.807   0.181   2.837
 91 252 18 58 30  -0.493   2.786   0.293   2.848
 91 252 18 59 30  -0.515   2.747   0.425   2.834
 91 252 19 00 30  -0.723   2.707   0.432   2.838
 91 252 19 01 30  -0.614   2.692   0.580   2.828
 91 252 19 02 30  -0.358   2.698   0.678   2.809
 91 252 19 03 30  -0.621   2.674   0.580   2.814
 91 252 19 04 30  -0.591   2.742   0.394   2.836
 91 252 19 05 30  -0.453   2.777   0.344   2.839
 91 252 19 06 30  -0.225   2.819   0.037   2.837
 91 252 19 07 30   0.005   2.790   0.463   2.878
 91 252 19 08 30  -0.354   2.713   0.852   2.869
 91 252 19 09 30  -0.163   2.613   1.129   2.857
 91 252 19 10 30  -0.253   2.679   0.930   2.852
 91 252 19 11 30  -0.329   2.637   1.022   2.855
 91 252 19 12 30  -0.240   2.635   1.056   2.858
 91 252 19 13 30  -0.259   2.659   1.024   2.866
 91 252 19 14 30  -0.250   2.671   0.982   2.859
 91 252 19 15 30  -0.160   2.624   1.092   2.847
 91 252 19 16 30  -0.259   2.630   1.054   2.847
 91 252 19 17 30  -0.255   2.644   0.980   2.838
 91 252 19 18 30  -0.078   2.586   1.161   2.838
 91 252 19 19 30   0.097   2.540   1.254   2.839
 91 252 19 20 30   0.006   2.534   1.242   2.825
 91 252 19 21 30   0.171   2.583   1.152   2.836
 91 252 19 22 30   0.136   2.594   1.160   2.848
 91 252 19 23 30   0.064   2.644   1.070   2.855
 91 252 19 24 30   0.013   2.676   1.001   2.858
 91 252 19 25 30   0.119   2.717   0.886   2.861
 91 252 19 26 30   0.040   2.694   0.956   2.862
 91 252 19 27 30   0.000   2.675   0.986   2.853
 91 252 19 28 30   0.029   2.685   0.966   2.855
 91 252 19 29 30  -0.037   2.687   0.941   2.853
 91 252 19 30 30  -0.183   2.721   0.821   2.853
 91 252 19 31 30  -0.101   2.697   0.888   2.852
 91 252 19 32 30   0.196   2.590   1.157   2.846
 91 252 19 33 30   0.041   2.718   0.829   2.858
 91 252 19 34 30  -0.136   2.747   0.762   2.860
 91 252 19 35 30  -0.101   2.753   0.726   2.858
 91 252 19 36 30  -0.211   2.760   0.731   2.865
 91 252 19 37 30  -0.227   2.711   0.854   2.857
 91 252 19 38 30  -0.169   2.765   0.698   2.860
 91 252 19 39 30  -0.146   2.778   0.629   2.853
 91 252 19 40 30  -0.284   2.789   0.515   2.862
 91 252 19 41 30  -0.307   2.815   0.437   2.870
 91 252 19 42 30  -0.279   2.805   0.532   2.870
 91 252 19 43 30  -0.252   2.767   0.640   2.852
 91 252 19 44 30  -0.222   2.803   0.497   2.856
 91 252 19 45 30  -0.244   2.807   0.499   2.862
 91 252 19 46 30  -0.256   2.814   0.410   2.858
 91 252 19 47 30  -0.255   2.797   0.506   2.863
 91 252 19 48 30  -0.323   2.767   0.677   2.870
 91 252 19 49 30  -0.354   2.787   0.602   2.876
 91 252 19 50 30  -0.254   2.816   0.360   2.859
 91 252 19 51 30  -0.144   2.821   0.366   2.853
 91 252 19 52 30  -0.306   2.787   0.500   2.850
 91 252 19 53 30  -0.327   2.764   0.576   2.845
 91 252 19 54 30  -0.258   2.781   0.493   2.848
 91 252 19 55 30  -0.390   2.749   0.602   2.847
 91 252 19 56 30  -0.245   2.777   0.586   2.851
 91 252 19 57 30  -0.081   2.806   0.541   2.861
 91 252 19 58 30   0.048   2.802   0.543   2.859
 91 252 19 59 30  -0.239   2.817   0.466   2.867
 91 252 20 00 30  -0.220   2.826   0.414   2.867
 91 252 20 01 30  -0.316   2.840  -0.039   2.873
 91 252 20 02 30  -0.438   2.824  -0.193   2.866
 91 252 20 03 30  -0.329   2.814  -0.027   2.846
 91 252 20 04 30  -0.417   2.812  -0.067   2.847
 91 252 20 05 30  -0.375   2.809  -0.188   2.841
 91 252 20 06 30  -0.407   2.798  -0.251   2.840
 91 252 20 07 30  -0.510   2.761  -0.349   2.833
 91 252 20 08 30  -0.542   2.767  -0.294   2.837
 91 252 20 09 30  -0.275   2.769   0.328   2.838
 91 252 20 10 30  -0.063   2.670   1.033   2.866
 91 252 20 11 30  -0.229   2.729   0.781   2.861
 91 252 20 12 30  -0.303   2.699   0.836   2.857
 91 252 20 13 30   0.110   2.597   1.176   2.862
 91 252 20 14 30   0.262   2.649   1.049   2.864
 91 252 20 15 30   0.236   2.671   0.984   2.864
 91 252 20 16 30  -0.049   2.690   1.012   2.876
 91 252 20 17 30  -0.011   2.717   0.914   2.867
 91 252 20 18 30  -0.049   2.740   0.830   2.866
 91 252 20 19 30   0.022   2.745   0.765   2.862
 91 252 20 20 30  -0.130   2.664   1.005   2.860
 91 252 20 21 30  -0.158   2.729   0.799   2.856
 91 252 20 22 30  -0.131   2.701   0.917   2.861
 91 252 20 23 30  -0.274   2.768   0.650   2.860
 91 252 20 24 30  -0.242   2.768   0.679   2.863
 91 252 20 25 30  -0.153   2.745   0.780   2.862
 91 252 20 26 30  -0.231   2.758   0.690   2.867
 91 252 20 27 30  -0.328   2.792   0.582   2.875
 91 252 20 28 30  -0.209   2.675   1.047   2.884
 91 252 20 29 30  -0.166   2.672   1.061   2.882
 91 252 20 30 30  -0.164   2.700   0.975   2.880
 91 252 20 31 30  -0.201   2.719   0.932   2.883
 91 252 20 32 30  -0.247   2.728   0.871   2.876
 91 252 20 33 30  -0.270   2.722   0.918   2.887
 91 252 20 34 30  -0.382   2.759   0.733   2.884
 91 252 20 35 30  -0.378   2.760   0.776   2.893
 91 252 20 36 30  -0.394   2.756   0.761   2.888
 91 252 20 37 30  -0.382   2.762   0.769   2.893
 91 252 20 38 30  -0.383   2.817   0.565   2.899
 91 252 20 39 30  -0.452   2.796   0.607   2.901
 91 252 20 40 30  -0.305   2.766   0.806   2.902
 91 252 20 41 30  -0.561   2.673   0.955   2.899
 91 252 20 42 30  -0.330   2.788   0.694   2.893
 91 252 20 43 30  -0.341   2.808   0.645   2.902
 91 252 20 44 30  -0.333   2.821   0.559   2.897
 91 252 20 45 30  -0.361   2.819   0.535   2.895
 91 252 20 46 30  -0.351   2.829   0.481   2.897
 91 252 20 47 30  -0.185   2.777   0.841   2.909
 91 252 20 48 30  -0.500   2.827   0.445   2.921
 91 252 20 49 30  -0.352   2.828   0.592   2.913
 91 252 20 50 30  -0.131   2.724   0.942   2.895
 91 252 20 51 30  -0.142   2.728   0.936   2.893
 91 252 20 52 30  -0.078   2.728   0.963   2.895
 91 252 20 53 30  -0.029   2.705   1.009   2.888
 91 252 20 54 30  -0.117   2.708   1.034   2.902
 91 252 20 55 30  -0.144   2.721   1.030   2.914
 91 252 20 56 30  -0.104   2.737   0.951   2.901
 91 252 20 57 30  -0.158   2.791   0.773   2.906
 91 252 20 58 30  -0.187   2.782   0.837   2.913
 91 252 20 59 30  -0.214   2.753   0.897   2.906
 91 252 21 00 30  -0.086   2.789   0.876   2.926
 91 252 21 01 30  -0.186   2.821   0.697   2.919
 91 252 21 02 30  -0.162   2.840   0.597   2.908
 91 252 21 03 30  -0.207   2.840   0.526   2.899
 91 252 21 04 30  -0.170   2.849   0.502   2.912
 91 252 21 05 30  -0.229   2.825   0.666   2.912
 91 252 21 06 30  -0.231   2.820   0.733   2.924
 91 252 21 07 30  -0.122   2.847   0.689   2.934
 91 252 21 08 30  -0.144   2.852   0.647   2.929
 91 252 21 09 30  -0.102   2.856   0.613   2.925
 91 252 21 10 30  -0.107   2.850   0.632   2.927
 91 252 21 11 30  -0.219   2.845   0.667   2.933
 91 252 21 12 30  -0.357   2.834   0.663   2.933
 91 252 21 13 30  -0.474   2.798   0.703   2.925
 91 252 21 14 30  -0.409   2.836   0.644   2.937
 91 252 21 15 30  -0.319   2.860   0.579   2.936
 91 252 21 16 30  -0.322   2.847   0.636   2.936
 91 252 21 17 30  -0.407   2.831   0.625   2.931
 91 252 21 18 30  -0.493   2.832   0.539   2.927
 91 252 21 19 30  -0.298   2.855   0.533   2.926
 91 252 21 20 30  -0.287   2.837   0.598   2.914
 91 252 21 21 30  -0.378   2.839   0.545   2.917
 91 252 21 22 30  -0.153   2.850   0.593   2.918
 91 252 21 23 30  -0.260   2.859   0.540   2.923
 91 252 21 24 30  -0.265   2.860   0.449   2.908
 91 252 21 25 30  -0.308   2.858   0.413   2.908
 91 252 21 26 30  -0.414   2.832   0.455   2.903
 91 252 21 27 30  -0.492   2.837   0.329   2.899
 91 252 21 28 30  -0.495   2.815   0.492   2.902
 91 252 21 29 30  -0.576   2.794   0.419   2.889
 91 252 21 30 30  -0.615   2.808   0.327   2.894
 91 252 21 31 30  -0.659   2.786   0.326   2.883
 91 252 21 32 30  -0.673   2.768   0.362   2.874
 91 252 21 33 30  -0.540   2.787   0.434   2.880
 91 252 21 34 30  -0.485   2.781   0.532   2.893
 91 252 21 35 30  -0.751   2.784   0.306   2.901
 91 252 21 36 30  -0.686   2.799   0.267   2.896
 91 252 21 37 30  -0.720   2.781   0.313   2.890
 91 252 21 38 30  -0.772   2.760   0.254   2.888
 91 252 21 39 30  -0.890   2.733   0.267   2.891
 91 252 21 40 30  -0.939   2.713   0.220   2.883
 91 252 21 41 30  -1.088   2.643   0.356   2.884
 91 252 21 42 30  -1.001   2.673   0.410   2.886
 91 252 21 43 30  -1.059   2.646   0.423   2.884
 91 252 21 44 30  -1.082   2.639   0.451   2.890
 91 252 21 45 30  -0.948   2.643   0.655   2.885
 91 252 21 46 30  -0.837   2.635   0.773   2.876
 91 252 21 47 30  -0.772   2.706   0.572   2.873
 91 252 21 48 30  -0.792   2.710   0.558   2.881
 91 252 21 49 30  -0.573   2.753   0.585   2.883
 91 252 21 50 30  -0.394   2.787   0.590   2.881
 91 252 21 51 30  -0.279   2.805   0.549   2.875
 91 252 21 52 30  -0.190   2.800   0.638   2.881
 91 252 21 53 30  -0.245   2.800   0.624   2.888
 91 252 21 54 30  -0.257   2.790   0.556   2.871
 91 252 21 55 30  -0.173   2.786   0.662   2.872
 91 252 21 56 30   0.013   2.754   0.789   2.868
 91 252 21 57 30  -0.007   2.769   0.765   2.874
 91 252 21 58 30   0.009   2.760   0.797   2.875
 91 252 21 59 30   0.149   2.753   0.820   2.879
 91 252 22 00 30   0.121   2.761   0.830   2.889
 91 252 22 01 30   0.050   2.707   0.957   2.879
 91 252 22 02 30  -0.092   2.708   0.962   2.879
 91 252 22 03 30   0.043   2.735   0.891   2.880
 91 252 22 04 30  -0.353   2.740   0.759   2.876
 91 252 22 05 30  -0.556   2.763   0.480   2.861
 91 252 22 06 30  -0.505   2.784   0.470   2.871
 91 252 22 07 30  -0.519   2.785   0.455   2.871
 91 252 22 08 30  -0.625   2.750   0.474   2.863
 91 252 22 09 30   0.077   2.617   1.178   2.874
 91 252 22 10 30  -0.040   2.590   1.287   2.894
 91 252 22 11 30   0.123   2.598   1.263   2.895
 91 252 22 12 30   0.215   2.582   1.287   2.894
 91 252 22 13 30   0.346   2.538   1.337   2.893
 91 252 22 14 30   0.405   2.404   1.553   2.894
 91 252 22 15 30   0.391   2.367   1.588   2.883
 91 252 22 16 30   0.378   2.503   1.410   2.900
 91 252 22 17 30   0.343   2.482   1.446   2.893
 91 252 22 18 30   0.343   2.510   1.403   2.896
 91 252 22 19 30   0.299   2.490   1.451   2.898
 91 252 22 20 30   0.284   2.479   1.465   2.897
 91 252 22 21 30   0.367   2.441   1.510   2.908
 91 252 22 22 30   0.360   2.629   1.166   2.925
 91 252 22 23 30   0.145   2.843   0.490   2.915
 91 252 22 24 30   0.070   2.645   1.132   2.901
 91 252 22 25 30   0.321   2.655   1.050   2.905
 91 252 22 26 30   0.323   2.425   1.552   2.911
 91 252 22 27 30   0.370   2.337   1.690   2.909
 91 252 22 28 30   0.140   2.626   1.093   2.910
 91 252 22 29 30  -0.105   2.760   0.896   2.909
 91 252 22 30 30  -0.203   2.724   0.992   2.911
 91 252 22 31 30  -0.100   2.809   0.764   2.914
 91 252 22 32 30  -0.084   2.805   0.781   2.914
 91 252 22 33 30  -0.096   2.780   0.848   2.909
 91 252 22 34 30  -0.125   2.815   0.683   2.906
 91 252 22 35 30  -0.015   2.725   1.003   2.909
 91 252 22 36 30  -0.022   2.781   0.754   2.898
 91 252 22 37 30  -0.088   2.872   0.306   2.900
 91 252 22 38 30  -0.012   2.815   0.462   2.888
 91 252 22 39 30  -0.345   2.861   0.035   2.886
 91 252 22 40 30  -0.502   2.835  -0.060   2.883
 91 252 22 41 30  -0.559   2.826  -0.128   2.887
 91 252 22 42 30  -0.108   2.823   0.308   2.888
 91 252 22 43 30   0.147   2.850   0.525   2.907
 91 252 22 44 30   0.356   2.815   0.610   2.904
 91 252 22 45 30   0.161   2.848   0.368   2.906
 91 252 22 46 30  -0.186   2.888   0.009   2.898
 91 252 22 47 30  -0.195   2.891   0.115   2.903
 91 252 22 48 30  -0.119   2.888   0.223   2.901
 91 252 22 49 30  -0.010   2.878   0.356   2.901
 91 252 22 50 30  -0.076   2.880   0.301   2.902
 91 252 22 51 30  -0.223   2.885   0.115   2.903
 91 252 22 52 30  -0.281   2.880  -0.011   2.898
 91 252 22 53 30  -0.245   2.901   0.090   2.913
 91 252 22 54 30  -0.109   2.905   0.197   2.916
 91 252 22 55 30  -0.061   2.896   0.279   2.912
 91 252 22 56 30  -0.014   2.860   0.431   2.896
 91 252 22 57 30   0.190   2.810   0.619   2.898
 91 252 22 58 30   0.092   2.833   0.523   2.895
 91 252 22 59 30   0.146   2.825   0.524   2.889
 91 252 23 00 30  -0.055   2.887   0.232   2.900
 91 252 23 01 30  -0.259   2.871   0.163   2.895
 91 252 23 02 30  -0.265   2.875   0.146   2.893
 91 252 23 03 30  -0.324   2.863  -0.027   2.886
 91 252 23 04 30  -0.525   2.802  -0.336   2.882
 91 252 23 05 30  -0.329   2.907   0.053   2.927
 91 252 23 06 30  -0.481   2.927  -0.070   2.972
 91 252 23 07 30  -0.159   2.947   0.265   2.965
 91 252 23 08 30  -0.079   2.936   0.293   2.955
 91 252 23 09 30  -0.157   2.950   0.236   2.968
 91 252 23 10 30  -0.148   2.941   0.269   2.958
 91 252 23 11 30  -0.015   2.914   0.333   2.940
 91 252 23 12 30   0.074   2.887   0.520   2.935
 91 252 23 13 30   0.096   2.925   0.411   2.957
 91 252 23 14 30   0.011   2.923   0.390   2.951
 91 252 23 15 30   0.024   2.919   0.440   2.953
 91 252 23 16 30  -0.024   2.921   0.462   2.959
 91 252 23 17 30  -0.087   2.916   0.507   2.963
 91 252 23 18 30  -0.167   2.930   0.385   2.962
 91 252 23 19 30  -0.018   2.890   0.469   2.938
 91 252 23 20 30  -0.112   2.866   0.491   2.913
 91 252 23 21 30  -0.223   2.905   0.366   2.937
 91 252 23 22 30  -0.188   2.926   0.369   2.956
 91 252 23 23 30  -0.188   2.938   0.269   2.959
 91 252 23 24 30  -0.189   2.942   0.262   2.960
 91 252 23 25 30  -0.195   2.942   0.252   2.960
 91 252 23 26 30  -0.179   2.989   0.269   3.007
 91 252 23 27 30  -0.196   3.009   0.257   3.027
 91 252 23 28 30  -0.211   2.990   0.272   3.011
 91 252 23 29 30  -0.215   3.004   0.229   3.021
 91 252 23 30 30  -0.216   3.010   0.180   3.024
 91 252 23 31 30  -0.250   3.001   0.164   3.018
 91 252 23 32 30  -0.301   2.996   0.111   3.015
 91 252 23 33 30  -0.222   2.965   0.130   2.977
 91 252 23 34 30  -0.358   2.981   0.042   3.003
 91 252 23 35 30  -0.375   3.011  -0.083   3.036
 91 252 23 36 30  -0.454   3.030  -0.149   3.068
 91 252 23 37 30  -0.440   3.009  -0.115   3.044
 91 252 23 38 30  -0.387   3.029  -0.223   3.063
 91 252 23 39 30  -0.450   3.010  -0.205   3.052
 91 252 23 40 30  -0.438   2.991  -0.257   3.035
 91 252 23 41 30  -0.459   2.983  -0.156   3.025
 91 252 23 42 30  -0.468   2.986  -0.123   3.026
 91 252 23 43 30  -0.516   2.981  -0.238   3.036
 91 252 23 44 30  -0.351   2.983   0.024   3.048
 91 252 23 45 30  -0.200   2.920   0.422   3.053
 91 252 23 46 30  -0.760   2.893  -0.646   3.060
 91 252 23 47 30  -0.712   2.911  -0.621   3.062
 91 252 23 48 30  -0.730   2.900  -0.638   3.058
 91 252 23 49 30  -0.638   2.911  -0.675   3.059
 91 252 23 50 30  -0.699   2.922  -0.657   3.079
 91 252 23 51 30  -0.713   2.898  -0.686   3.063
 91 252 23 52 30  -0.896   2.827  -0.786   3.068
 91 252 23 53 30  -0.910   2.736  -1.036   3.074
 91 252 23 54 30  -1.082   2.604  -1.237   3.081
 91 252 23 55 30  -1.224   2.605  -1.241   3.135
 91 252 23 56 30  -1.299   2.628  -1.170   3.160
 91 252 23 57 30  -1.272   2.600  -1.277   3.166
 91 252 23 59 30  -1.106   2.784  -0.865   3.118
