 91 260 00 00 30  -0.167   0.653   0.080   0.679
 91 260 00 01 30  -0.178   0.660   0.080   0.688
 91 260 00 02 30  -0.172   0.658   0.085   0.686
 91 260 00 03 30  -0.151   0.661   0.093   0.684
 91 260 00 04 30  -0.165   0.660   0.052   0.684
 91 260 00 05 30  -0.074   0.679   0.093   0.691
 91 260 00 06 30  -0.173   0.650   0.043   0.675
 91 260 00 07 30  -0.185   0.654   0.061   0.683
 91 260 00 08 30  -0.195   0.650   0.065   0.683
 91 260 00 09 30  -0.206   0.641   0.053   0.676
 91 260 00 10 30  -0.223   0.633   0.030   0.673
 91 260 00 11 30  -0.204   0.639   0.038   0.673
 91 260 00 12 30  -0.216   0.640   0.024   0.676
 91 260 00 13 30  -0.207   0.639   0.031   0.672
 91 260 00 14 30  -0.180   0.650   0.043   0.677
 91 260 00 15 30  -0.197   0.645   0.029   0.675
 91 260 00 16 30  -0.186   0.646   0.018   0.673
 91 260 00 17 30  -0.195   0.642   0.040   0.673
 91 260 00 18 30  -0.185   0.651   0.006   0.677
 91 260 00 19 30  -0.114   0.671   0.035   0.682
 91 260 00 20 30  -0.116   0.670   0.039   0.681
 91 260 00 21 30  -0.122   0.663   0.062   0.677
 91 260 00 22 30  -0.140   0.664   0.047   0.681
 91 260 00 23 30  -0.131   0.666   0.027   0.680
 91 260 00 24 30  -0.148   0.665   0.036   0.683
 91 260 00 25 30  -0.146   0.665   0.058   0.683
 91 260 00 26 30  -0.139   0.668   0.036   0.684
 91 260 00 27 30  -0.146   0.670   0.029   0.687
 91 260 00 28 30  -0.137   0.673   0.055   0.689
 91 260 00 29 30  -0.140   0.674   0.022   0.689
 91 260 00 30 30  -0.150   0.668   0.020   0.685
 91 260 00 31 30  -0.148   0.660   0.050   0.679
 91 260 00 32 30  -0.127   0.660   0.089   0.679
 91 260 00 33 30  -0.112   0.672   0.088   0.687
 91 260 00 34 30  -0.134   0.651   0.104   0.675
 91 260 00 35 30  -0.136   0.668   0.062   0.685
 91 260 00 36 30  -0.094   0.693   0.014   0.700
 91 260 00 37 30  -0.084   0.689  -0.027   0.696
 91 260 00 38 30  -0.073   0.684  -0.051   0.691
 91 260 00 39 30  -0.055   0.691  -0.040   0.695
 91 260 00 40 30  -0.105   0.680  -0.010   0.689
 91 260 00 41 30  -0.130   0.674  -0.004   0.687
 91 260 00 42 30  -0.162   0.663  -0.036   0.684
 91 260 00 43 30  -0.132   0.672  -0.061   0.688
 91 260 00 44 30  -0.115   0.682  -0.048   0.694
 91 260 00 45 30  -0.132   0.680   0.002   0.695
 91 260 00 46 30  -0.159   0.683   0.032   0.703
 91 260 00 47 30  -0.125   0.685   0.007   0.697
 91 260 00 48 30  -0.128   0.688   0.036   0.701
 91 260 00 49 30  -0.150   0.665   0.069   0.686
 91 260 00 50 30  -0.163   0.674   0.069   0.697
 91 260 00 51 30  -0.170   0.665   0.099   0.694
 91 260 00 52 30  -0.188   0.650   0.097   0.684
 91 260 00 53 30  -0.177   0.657   0.102   0.689
 91 260 00 54 30  -0.150   0.662   0.081   0.686
 91 260 00 55 30  -0.169   0.658   0.084   0.685
 91 260 00 56 30  -0.122   0.678   0.026   0.692
 91 260 00 57 30  -0.166   0.653   0.105   0.683
 91 260 00 58 30  -0.185   0.634   0.170   0.684
 91 260 00 59 30  -0.208   0.620   0.183   0.679
 91 260 01 00 30  -0.201   0.623   0.182   0.680
 91 260 01 01 30  -0.172   0.649   0.180   0.695
 91 260 01 02 30  -0.167   0.650   0.191   0.698
 91 260 01 03 30  -0.171   0.648   0.176   0.693
 91 260 01 04 30  -0.161   0.653   0.175   0.696
 91 260 01 05 30  -0.200   0.630   0.190   0.689
 91 260 01 06 30  -0.195   0.630   0.178   0.684
 91 260 01 07 30  -0.190   0.629   0.180   0.682
 91 260 01 08 30  -0.160   0.649   0.131   0.684
 91 260 01 09 30  -0.210   0.599   0.243   0.680
 91 260 01 10 30  -0.247   0.573   0.284   0.687
 91 260 01 11 30  -0.248   0.555   0.308   0.682
 91 260 01 12 30  -0.212   0.550   0.322   0.672
 91 260 01 13 30  -0.200   0.534   0.360   0.675
 91 260 01 14 30  -0.210   0.548   0.342   0.680
 91 260 01 15 30  -0.213   0.547   0.339   0.679
 91 260 01 16 30  -0.227   0.538   0.346   0.680
 91 260 01 17 30  -0.246   0.580   0.251   0.679
 91 260 01 18 30  -0.229   0.566   0.292   0.678
 91 260 01 19 30  -0.228   0.564   0.296   0.677
 91 260 01 20 30  -0.192   0.561   0.333   0.681
 91 260 01 21 30  -0.182   0.551   0.352   0.679
 91 260 01 22 30  -0.231   0.545   0.322   0.675
 91 260 01 23 30  -0.203   0.579   0.297   0.684
 91 260 01 24 30  -0.173   0.587   0.303   0.683
 91 260 01 25 30  -0.187   0.574   0.315   0.682
 91 260 01 26 30  -0.229   0.564   0.296   0.679
 91 260 01 27 30  -0.270   0.554   0.271   0.674
 91 260 01 28 30  -0.241   0.569   0.287   0.682
 91 260 01 29 30  -0.140   0.613   0.284   0.690
 91 260 01 30 30  -0.165   0.599   0.282   0.683
 91 260 01 31 30  -0.133   0.608   0.282   0.684
 91 260 01 32 30  -0.141   0.614   0.281   0.691
 91 260 01 33 30  -0.123   0.620   0.276   0.691
 91 260 01 34 30  -0.135   0.626   0.263   0.693
 91 260 01 35 30  -0.144   0.619   0.270   0.691
 91 260 01 36 30  -0.127   0.630   0.259   0.693
 91 260 01 37 30  -0.137   0.634   0.258   0.699
 91 260 01 38 30  -0.147   0.623   0.267   0.694
 91 260 01 39 30  -0.148   0.618   0.272   0.692
 91 260 01 40 30  -0.143   0.606   0.296   0.690
 91 260 01 41 30  -0.153   0.612   0.281   0.691
 91 260 01 42 30  -0.208   0.627   0.187   0.688
 91 260 01 43 30  -0.210   0.612   0.216   0.683
 91 260 01 44 30  -0.243   0.596   0.216   0.679
 91 260 01 45 30  -0.249   0.588   0.237   0.682
 91 260 01 46 30  -0.224   0.588   0.254   0.679
 91 260 01 47 30  -0.223   0.598   0.243   0.684
 91 260 01 48 30  -0.213   0.594   0.260   0.684
 91 260 01 49 30  -0.134   0.629   0.227   0.683
 91 260 01 50 30  -0.128   0.624   0.240   0.681
 91 260 01 51 30  -0.139   0.626   0.220   0.678
 91 260 01 52 30  -0.138   0.630   0.218   0.681
 91 260 01 53 30  -0.127   0.632   0.215   0.681
 91 260 01 54 30  -0.131   0.632   0.205   0.677
 91 260 01 55 30  -0.158   0.625   0.208   0.678
 91 260 01 56 30  -0.139   0.637   0.200   0.682
 91 260 01 57 30  -0.163   0.622   0.206   0.676
 91 260 01 58 30  -0.095   0.638   0.230   0.685
 91 260 01 59 30  -0.099   0.630   0.249   0.685
 91 260 02 00 30  -0.181   0.610   0.232   0.679
 91 260 02 01 30  -0.184   0.615   0.209   0.676
 91 260 02 02 30  -0.229   0.589   0.225   0.672
 91 260 02 03 30  -0.216   0.604   0.201   0.672
 91 260 02 04 30  -0.209   0.601   0.216   0.672
 91 260 02 05 30  -0.220   0.594   0.234   0.676
 91 260 02 06 30  -0.195   0.608   0.201   0.671
 91 260 02 07 30  -0.218   0.602   0.226   0.679
 91 260 02 08 30  -0.207   0.607   0.215   0.678
 91 260 02 09 30  -0.213   0.596   0.228   0.674
 91 260 02 10 30  -0.187   0.618   0.218   0.682
 91 260 02 11 30  -0.207   0.610   0.196   0.674
 91 260 02 12 30  -0.201   0.606   0.228   0.678
 91 260 02 13 30  -0.140   0.632   0.215   0.683
 91 260 02 14 30  -0.157   0.636   0.212   0.689
 91 260 02 15 30  -0.178   0.627   0.202   0.683
 91 260 02 16 30  -0.193   0.617   0.206   0.679
 91 260 02 17 30  -0.193   0.629   0.208   0.691
 91 260 02 18 30  -0.174   0.636   0.199   0.690
 91 260 02 19 30  -0.127   0.642   0.220   0.691
 91 260 02 20 30  -0.154   0.636   0.213   0.689
 91 260 02 21 30  -0.147   0.649   0.200   0.695
 91 260 02 22 30  -0.127   0.647   0.207   0.692
 91 260 02 23 30  -0.157   0.634   0.201   0.685
 91 260 02 24 30  -0.173   0.637   0.194   0.688
 91 260 02 25 30  -0.156   0.649   0.189   0.694
 91 260 02 26 30  -0.162   0.660   0.177   0.702
 91 260 02 27 30  -0.143   0.665   0.175   0.703
 91 260 02 28 30  -0.111   0.671   0.156   0.698
 91 260 02 29 30  -0.148   0.657   0.157   0.692
 91 260 02 30 30  -0.119   0.664   0.154   0.692
 91 260 02 31 30  -0.186   0.630   0.158   0.676
 91 260 02 32 30  -0.169   0.638   0.135   0.674
 91 260 02 33 30  -0.142   0.652   0.079   0.675
 91 260 02 34 30  -0.112   0.654   0.109   0.673
 91 260 02 35 30  -0.099   0.655   0.127   0.675
 91 260 02 36 30  -0.085   0.653   0.137   0.675
 91 260 02 37 30  -0.058   0.664   0.161   0.686
 91 260 02 38 30  -0.067   0.666   0.143   0.685
 91 260 02 39 30  -0.032   0.667   0.165   0.689
 91 260 02 40 30   0.001   0.673   0.192   0.700
 91 260 02 41 30   0.037   0.689   0.174   0.712
 91 260 02 42 30   0.033   0.684   0.184   0.710
 91 260 02 43 30   0.038   0.689   0.187   0.715
 91 260 02 44 30   0.031   0.697   0.170   0.719
 91 260 02 45 30   0.126   0.684   0.195   0.723
 91 260 02 46 30   0.097   0.689   0.125   0.712
 91 260 02 47 30  -0.065   0.680  -0.031   0.684
 91 260 02 48 30  -0.036   0.684  -0.025   0.686
 91 260 02 49 30  -0.025   0.690   0.001   0.692
 91 260 02 50 30   0.016   0.697   0.037   0.699
 91 260 02 51 30   0.014   0.689   0.023   0.691
 91 260 02 52 30   0.064   0.697  -0.033   0.701
 91 260 02 53 30   0.011   0.681   0.052   0.694
 91 260 02 54 30  -0.173   0.607   0.250   0.682
 91 260 02 55 30  -0.191   0.625   0.214   0.688
 91 260 02 56 30  -0.220   0.623   0.185   0.686
 91 260 02 57 30  -0.221   0.617   0.205   0.688
 91 260 02 58 30  -0.182   0.622   0.204   0.681
 91 260 02 59 30  -0.243   0.596   0.233   0.686
 91 260 03 00 30  -0.217   0.609   0.237   0.689
 91 260 03 01 30  -0.220   0.591   0.280   0.691
 91 260 03 02 30  -0.219   0.597   0.274   0.693
 91 260 03 03 30  -0.238   0.573   0.293   0.688
 91 260 03 04 30  -0.265   0.545   0.334   0.693
 91 260 03 05 30  -0.243   0.532   0.372   0.693
 91 260 03 06 30  -0.218   0.596   0.307   0.705
 91 260 03 07 30  -0.221   0.606   0.292   0.711
 91 260 03 08 30  -0.239   0.577   0.329   0.707
 91 260 03 09 30  -0.261   0.562   0.330   0.703
 91 260 03 10 30  -0.239   0.585   0.321   0.709
 91 260 03 11 30  -0.232   0.583   0.329   0.709
 91 260 03 12 30  -0.211   0.589   0.322   0.704
 91 260 03 13 30  -0.213   0.581   0.330   0.702
 91 260 03 14 30  -0.208   0.593   0.315   0.704
 91 260 03 15 30  -0.202   0.585   0.328   0.701
 91 260 03 16 30  -0.226   0.579   0.305   0.694
 91 260 03 17 30  -0.257   0.555   0.311   0.690
 91 260 03 18 30  -0.217   0.581   0.321   0.700
 91 260 03 19 30  -0.181   0.597   0.321   0.702
 91 260 03 20 30  -0.200   0.586   0.329   0.703
 91 260 03 21 30  -0.233   0.540   0.380   0.701
 91 260 03 22 30  -0.232   0.550   0.371   0.705
 91 260 03 23 30  -0.264   0.560   0.325   0.702
 91 260 03 24 30  -0.238   0.585   0.303   0.701
 91 260 03 25 30  -0.202   0.608   0.292   0.704
 91 260 03 26 30  -0.208   0.585   0.333   0.707
 91 260 03 27 30  -0.173   0.595   0.352   0.713
 91 260 03 28 30  -0.211   0.600   0.297   0.703
 91 260 03 29 30  -0.235   0.589   0.297   0.701
 91 260 03 30 30  -0.244   0.579   0.309   0.700
 91 260 03 31 30  -0.235   0.584   0.303   0.699
 91 260 03 32 30  -0.227   0.575   0.340   0.706
 91 260 03 33 30  -0.226   0.578   0.336   0.707
 91 260 03 34 30  -0.221   0.578   0.335   0.706
 91 260 03 35 30  -0.262   0.514   0.392   0.698
 91 260 03 36 30  -0.257   0.535   0.376   0.703
 91 260 03 37 30  -0.239   0.523   0.399   0.701
 91 260 03 38 30  -0.242   0.550   0.360   0.702
 91 260 03 39 30  -0.263   0.579   0.299   0.704
 91 260 03 40 30  -0.239   0.595   0.281   0.701
 91 260 03 41 30  -0.225   0.585   0.328   0.707
 91 260 03 42 30  -0.227   0.569   0.345   0.704
 91 260 03 43 30  -0.246   0.582   0.301   0.702
 91 260 03 44 30  -0.247   0.590   0.289   0.702
 91 260 03 45 30  -0.216   0.598   0.313   0.708
 91 260 03 46 30  -0.237   0.578   0.322   0.704
 91 260 03 47 30  -0.227   0.600   0.298   0.708
 91 260 03 48 30  -0.240   0.587   0.317   0.710
 91 260 03 49 30  -0.226   0.597   0.308   0.709
 91 260 03 50 30  -0.252   0.583   0.299   0.702
 91 260 03 51 30  -0.232   0.594   0.289   0.701
 91 260 03 52 30  -0.246   0.596   0.283   0.704
 91 260 03 53 30  -0.234   0.593   0.293   0.702
 91 260 03 54 30  -0.241   0.580   0.321   0.706
 91 260 03 55 30  -0.283   0.568   0.313   0.708
 91 260 03 56 30  -0.277   0.564   0.327   0.709
 91 260 03 57 30  -0.270   0.595   0.270   0.708
 91 260 03 58 30  -0.300   0.571   0.307   0.714
 91 260 03 59 30  -0.295   0.584   0.279   0.711
 91 260 04 00 30  -0.260   0.608   0.281   0.720
 91 260 04 01 30  -0.238   0.603   0.318   0.723
 91 260 04 02 30  -0.259   0.583   0.318   0.713
 91 260 04 03 30  -0.195   0.597   0.343   0.717
 91 260 04 04 30  -0.211   0.591   0.345   0.716
 91 260 04 05 30  -0.236   0.574   0.343   0.710
 91 260 04 06 30  -0.248   0.561   0.352   0.708
 91 260 04 07 30  -0.252   0.569   0.332   0.705
 91 260 04 08 30  -0.271   0.568   0.308   0.701
 91 260 04 09 30  -0.299   0.560   0.296   0.701
 91 260 04 10 30  -0.285   0.555   0.332   0.707
 91 260 04 11 30  -0.254   0.555   0.349   0.703
 91 260 04 12 30  -0.253   0.566   0.333   0.704
 91 260 04 13 30  -0.252   0.580   0.301   0.701
 91 260 04 14 30  -0.224   0.573   0.341   0.704
 91 260 04 15 30  -0.176   0.569   0.381   0.708
 91 260 04 16 30  -0.142   0.571   0.398   0.711
 91 260 04 17 30  -0.177   0.573   0.400   0.722
 91 260 04 18 30  -0.171   0.578   0.390   0.719
 91 260 04 19 30  -0.213   0.542   0.407   0.712
 91 260 04 20 30  -0.206   0.554   0.399   0.713
 91 260 04 21 30  -0.202   0.549   0.400   0.710
 91 260 04 22 30  -0.163   0.578   0.396   0.720
 91 260 04 23 30  -0.158   0.575   0.394   0.715
 91 260 04 24 30  -0.231   0.563   0.346   0.702
 91 260 04 25 30  -0.234   0.557   0.345   0.697
 91 260 04 26 30  -0.174   0.561   0.374   0.700
 91 260 04 27 30  -0.195   0.585   0.327   0.700
 91 260 04 28 30  -0.181   0.581   0.355   0.705
 91 260 04 29 30  -0.168   0.600   0.324   0.704
 91 260 04 30 30  -0.164   0.593   0.325   0.699
 91 260 04 31 30  -0.177   0.588   0.345   0.705
 91 260 04 32 30  -0.196   0.568   0.351   0.697
 91 260 04 33 30  -0.241   0.565   0.317   0.692
 91 260 04 34 30  -0.224   0.569   0.334   0.698
 91 260 04 35 30  -0.220   0.574   0.331   0.699
 91 260 04 36 30  -0.191   0.569   0.354   0.697
 91 260 04 37 30  -0.220   0.546   0.365   0.693
 91 260 04 38 30  -0.231   0.532   0.370   0.690
 91 260 04 39 30  -0.249   0.572   0.295   0.690
 91 260 04 40 30  -0.199   0.567   0.348   0.700
 91 260 04 41 30  -0.170   0.536   0.406   0.695
 91 260 04 42 30  -0.210   0.541   0.372   0.692
 91 260 04 43 30  -0.203   0.550   0.376   0.697
 91 260 04 44 30  -0.180   0.535   0.409   0.697
 91 260 04 45 30  -0.157   0.508   0.445   0.695
 91 260 04 46 30  -0.188   0.535   0.410   0.701
 91 260 04 47 30  -0.183   0.534   0.401   0.696
 91 260 04 48 30  -0.152   0.590   0.341   0.699
 91 260 04 49 30  -0.149   0.566   0.383   0.699
 91 260 04 50 30  -0.152   0.557   0.392   0.698
 91 260 04 51 30  -0.175   0.570   0.364   0.699
 91 260 04 52 30  -0.203   0.538   0.386   0.693
 91 260 04 53 30  -0.246   0.498   0.409   0.690
 91 260 04 54 30  -0.194   0.544   0.389   0.697
 91 260 04 55 30  -0.185   0.574   0.355   0.700
 91 260 04 56 30  -0.217   0.554   0.352   0.692
 91 260 04 57 30  -0.177   0.573   0.354   0.697
 91 260 04 58 30  -0.175   0.585   0.338   0.699
 91 260 04 59 30  -0.204   0.585   0.325   0.701
 91 260 05 00 30  -0.178   0.581   0.341   0.697
 91 260 05 01 30  -0.206   0.588   0.312   0.698
 91 260 05 02 30  -0.187   0.601   0.299   0.697
 91 260 05 03 30  -0.159   0.605   0.309   0.698
 91 260 05 04 30  -0.174   0.607   0.290   0.696
 91 260 05 05 30  -0.178   0.579   0.324   0.690
 91 260 05 06 30  -0.162   0.602   0.303   0.694
 91 260 05 07 30  -0.158   0.597   0.314   0.694
 91 260 05 08 30  -0.105   0.604   0.324   0.695
 91 260 05 09 30  -0.126   0.601   0.318   0.692
 91 260 05 10 30  -0.149   0.606   0.294   0.692
 91 260 05 11 30  -0.228   0.546   0.354   0.690
 91 260 05 12 30  -0.221   0.567   0.327   0.692
 91 260 05 13 30  -0.183   0.585   0.339   0.701
 91 260 05 14 30  -0.153   0.596   0.342   0.704
 91 260 05 15 30  -0.177   0.589   0.333   0.700
 91 260 05 16 30  -0.190   0.585   0.330   0.698
 91 260 05 17 30  -0.164   0.594   0.310   0.692
 91 260 05 18 30  -0.186   0.557   0.364   0.693
 91 260 05 19 30  -0.140   0.573   0.362   0.693
 91 260 05 20 30  -0.182   0.565   0.337   0.684
 91 260 05 21 30  -0.240   0.555   0.316   0.684
 91 260 05 22 30  -0.205   0.571   0.328   0.690
 91 260 05 23 30  -0.187   0.581   0.328   0.695
 91 260 05 24 30  -0.173   0.569   0.352   0.692
 91 260 05 25 30  -0.186   0.569   0.352   0.695
 91 260 05 26 30  -0.160   0.566   0.379   0.700
 91 260 05 27 30  -0.140   0.571   0.383   0.703
 91 260 05 28 30  -0.137   0.564   0.390   0.700
 91 260 05 29 30  -0.138   0.571   0.385   0.702
 91 260 05 30 30  -0.132   0.578   0.380   0.705
 91 260 05 31 30  -0.150   0.558   0.399   0.703
 91 260 05 32 30  -0.131   0.581   0.361   0.698
 91 260 05 33 30  -0.085   0.609   0.344   0.706
 91 260 05 34 30  -0.167   0.557   0.380   0.696
 91 260 05 35 30  -0.144   0.574   0.373   0.700
 91 260 05 36 30  -0.150   0.566   0.386   0.701
 91 260 05 37 30  -0.190   0.547   0.373   0.689
 91 260 05 38 30  -0.178   0.544   0.398   0.698
 91 260 05 39 30  -0.143   0.560   0.390   0.697
 91 260 05 40 30  -0.183   0.546   0.387   0.694
 91 260 05 41 30  -0.233   0.498   0.398   0.681
 91 260 05 42 30  -0.182   0.541   0.393   0.694
 91 260 05 43 30  -0.200   0.524   0.404   0.691
 91 260 05 44 30  -0.214   0.524   0.383   0.685
 91 260 05 45 30  -0.173   0.548   0.369   0.686
 91 260 05 46 30  -0.121   0.566   0.387   0.697
 91 260 05 47 30  -0.137   0.547   0.404   0.695
 91 260 05 48 30  -0.179   0.542   0.371   0.682
 91 260 05 49 30  -0.181   0.548   0.366   0.683
 91 260 05 50 30  -0.167   0.550   0.366   0.682
 91 260 05 51 30  -0.175   0.544   0.371   0.682
 91 260 05 52 30  -0.185   0.558   0.335   0.678
 91 260 05 53 30  -0.152   0.568   0.316   0.668
 91 260 05 54 30  -0.150   0.563   0.316   0.663
 91 260 05 55 30  -0.168   0.561   0.321   0.668
 91 260 05 56 30  -0.155   0.567   0.318   0.668
 91 260 05 57 30  -0.178   0.541   0.323   0.656
 91 260 05 58 30  -0.152   0.549   0.321   0.655
 91 260 05 59 30  -0.198   0.550   0.292   0.654
 91 260 06 00 30  -0.171   0.570   0.279   0.658
 91 260 06 01 30  -0.173   0.570   0.262   0.653
 91 260 06 02 30  -0.190   0.526   0.330   0.651
 91 260 06 03 30  -0.184   0.551   0.297   0.653
 91 260 06 04 30  -0.193   0.512   0.349   0.650
 91 260 06 05 30  -0.180   0.552   0.290   0.651
 91 260 06 06 30  -0.166   0.548   0.292   0.648
 91 260 06 07 30  -0.211   0.521   0.320   0.648
 91 260 06 08 30  -0.211   0.560   0.241   0.650
 91 260 06 09 30  -0.262   0.533   0.236   0.643
 91 260 06 10 30  -0.145   0.578   0.256   0.654
 91 260 06 11 30  -0.133   0.591   0.239   0.652
 91 260 06 12 30  -0.173   0.568   0.256   0.647
 91 260 06 13 30  -0.177   0.587   0.234   0.657
 91 260 06 14 30  -0.181   0.577   0.242   0.652
 91 260 06 15 30  -0.220   0.561   0.242   0.650
 91 260 06 16 30  -0.213   0.589   0.197   0.658
 91 260 06 17 30  -0.198   0.599   0.195   0.660
 91 260 06 18 30  -0.231   0.568   0.209   0.649
 91 260 06 19 30  -0.276   0.537   0.223   0.647
 91 260 06 20 30  -0.215   0.579   0.197   0.649
 91 260 06 21 30  -0.193   0.571   0.232   0.652
 91 260 06 22 30  -0.114   0.639   0.112   0.661
 91 260 06 23 30  -0.163   0.598   0.211   0.656
 91 260 06 24 30  -0.179   0.572   0.236   0.647
 91 260 06 25 30  -0.188   0.564   0.240   0.642
 91 260 06 26 30  -0.166   0.587   0.202   0.644
 91 260 06 27 30  -0.170   0.584   0.221   0.648
 91 260 06 28 30  -0.158   0.596   0.218   0.655
 91 260 06 29 30  -0.163   0.593   0.208   0.650
 91 260 06 30 30  -0.195   0.577   0.217   0.647
 91 260 06 31 30  -0.190   0.593   0.182   0.652
 91 260 06 32 30  -0.176   0.612   0.110   0.648
 91 260 06 33 30  -0.156   0.627   0.034   0.651
 91 260 06 34 30  -0.152   0.622   0.023   0.647
 91 260 06 35 30  -0.147   0.608   0.160   0.647
 91 260 06 36 30  -0.118   0.613   0.185   0.651
 91 260 06 37 30  -0.080   0.620   0.169   0.652
 91 260 06 38 30  -0.054   0.637   0.116   0.651
 91 260 06 39 30  -0.080   0.630   0.141   0.653
 91 260 06 40 30  -0.054   0.609   0.211   0.650
 91 260 06 41 30  -0.056   0.602   0.249   0.656
 91 260 06 42 30  -0.062   0.639   0.120   0.654
 91 260 06 43 30  -0.068   0.628   0.161   0.654
 91 260 06 44 30  -0.063   0.618   0.194   0.657
 91 260 06 45 30  -0.139   0.548   0.303   0.643
 91 260 06 46 30  -0.119   0.547   0.319   0.648
 91 260 06 47 30  -0.008   0.623   0.156   0.657
 91 260 06 48 30   0.098   0.650   0.056   0.668
 91 260 06 49 30   0.160   0.643   0.071   0.672
 91 260 06 50 30   0.089   0.610   0.151   0.664
 91 260 06 51 30  -0.127   0.554   0.297   0.643
 91 260 06 52 30  -0.121   0.572   0.283   0.650
 91 260 06 53 30  -0.125   0.572   0.285   0.652
 91 260 06 54 30  -0.159   0.563   0.275   0.648
 91 260 06 55 30  -0.198   0.546   0.282   0.646
 91 260 06 56 30  -0.155   0.576   0.273   0.656
 91 260 06 57 30  -0.181   0.563   0.280   0.655
 91 260 06 58 30  -0.223   0.527   0.293   0.645
 91 260 06 59 30  -0.216   0.518   0.324   0.650
 91 260 07 00 30  -0.194   0.530   0.328   0.653
 91 260 07 01 30  -0.170   0.539   0.326   0.653
 91 260 07 02 30  -0.201   0.525   0.319   0.647
 91 260 07 03 30  -0.159   0.545   0.318   0.653
 91 260 07 04 30  -0.225   0.517   0.306   0.647
 91 260 07 05 30  -0.331   0.478   0.277   0.646
 91 260 07 06 30  -0.274   0.510   0.287   0.649
 91 260 07 07 30  -0.194   0.504   0.372   0.659
 91 260 07 08 30  -0.016   0.607   0.289   0.677
 91 260 07 09 30   0.085   0.645   0.217   0.687
 91 260 07 10 30  -0.022   0.613   0.243   0.673
 91 260 07 11 30  -0.355   0.350   0.394   0.638
 91 260 07 12 30  -0.421   0.270   0.386   0.632
 91 260 07 13 30  -0.430   0.282   0.377   0.638
 91 260 07 14 30  -0.406   0.322   0.382   0.645
 91 260 07 15 30  -0.390   0.364   0.354   0.642
 91 260 07 16 30  -0.385   0.320   0.406   0.646
 91 260 07 17 30  -0.373   0.356   0.384   0.644
 91 260 07 18 30  -0.365   0.336   0.406   0.643
 91 260 07 19 30  -0.376   0.324   0.409   0.644
 91 260 07 20 30  -0.403   0.280   0.417   0.645
 91 260 07 21 30  -0.377   0.304   0.433   0.649
 91 260 07 22 30  -0.393   0.242   0.447   0.644
 91 260 07 23 30  -0.415   0.220   0.444   0.647
 91 260 07 24 30  -0.385   0.323   0.405   0.647
 91 260 07 25 30  -0.397   0.298   0.412   0.646
 91 260 07 26 30  -0.385   0.366   0.373   0.650
 91 260 07 27 30  -0.381   0.336   0.407   0.651
 91 260 07 28 30  -0.386   0.271   0.447   0.650
 91 260 07 29 30  -0.362   0.331   0.425   0.649
 91 260 07 30 30  -0.394   0.297   0.424   0.651
 91 260 07 31 30  -0.337   0.379   0.418   0.662
 91 260 07 32 30  -0.296   0.430   0.406   0.663
 91 260 07 33 30  -0.343   0.393   0.405   0.661
 91 260 07 34 30  -0.327   0.367   0.444   0.663
 91 260 07 35 30  -0.337   0.394   0.413   0.663
 91 260 07 36 30  -0.378   0.357   0.399   0.656
 91 260 07 38 30  -0.416   0.339   0.363   0.648
 91 260 07 39 30  -0.370   0.372   0.385   0.651
 91 260 07 40 30  -0.354   0.407   0.364   0.653
 91 260 07 41 30  -0.365   0.412   0.353   0.655
 91 260 07 42 30  -0.379   0.423   0.332   0.660
 91 260 07 43 30  -0.381   0.407   0.356   0.663
 91 260 07 44 30  -0.345   0.434   0.373   0.669
 91 260 07 45 30  -0.322   0.461   0.348   0.664
 91 260 07 46 30  -0.298   0.475   0.336   0.656
 91 260 07 47 30  -0.277   0.508   0.323   0.664
 91 260 07 48 30  -0.301   0.467   0.374   0.670
 91 260 07 49 30  -0.284   0.472   0.384   0.672
 91 260 07 50 30  -0.292   0.454   0.399   0.671
 91 260 07 51 30  -0.303   0.445   0.396   0.669
 91 260 07 52 30  -0.305   0.447   0.385   0.665
 91 260 07 53 30  -0.290   0.400   0.441   0.663
 91 260 07 54 30  -0.299   0.381   0.447   0.660
 91 260 07 55 30  -0.300   0.325   0.479   0.655
 91 260 07 56 30  -0.327   0.244   0.510   0.654
 91 260 07 57 30  -0.344   0.226   0.497   0.650
 91 260 07 58 30  -0.316   0.246   0.498   0.652
 91 260 07 59 30  -0.264   0.308   0.518   0.660
 91 260 08 00 30  -0.264   0.348   0.499   0.668
 91 260 08 01 30  -0.248   0.457   0.408   0.661
 91 260 08 02 30  -0.275   0.445   0.387   0.651
 91 260 08 03 30  -0.263   0.465   0.371   0.651
 91 260 08 04 30  -0.267   0.451   0.381   0.649
 91 260 08 05 30  -0.265   0.457   0.370   0.646
 91 260 08 06 30  -0.337   0.438   0.314   0.637
 91 260 08 07 30  -0.299   0.472   0.321   0.646
 91 260 08 08 30  -0.272   0.355   0.448   0.641
 91 260 08 09 30  -0.303   0.363   0.423   0.635
 91 260 08 10 30  -0.255   0.476   0.328   0.639
 91 260 08 11 30  -0.122   0.605   0.148   0.650
 91 260 08 12 30   0.074   0.670   0.026   0.676
 91 260 08 13 30  -0.032   0.659   0.042   0.665
 91 260 08 14 30  -0.212   0.589   0.155   0.646
 91 260 08 15 30  -0.188   0.595   0.197   0.655
 91 260 08 16 30  -0.166   0.607   0.195   0.659
 91 260 08 17 30  -0.177   0.601   0.214   0.662
 91 260 08 18 30  -0.201   0.582   0.214   0.653
 91 260 08 19 30  -0.165   0.591   0.228   0.655
 91 260 08 20 30  -0.099   0.623   0.208   0.665
 91 260 08 21 30  -0.070   0.631   0.190   0.664
 91 260 08 22 30  -0.121   0.613   0.200   0.658
 91 260 08 23 30  -0.174   0.568   0.251   0.646
 91 260 08 24 30  -0.231   0.528   0.274   0.640
 91 260 08 25 30  -0.170   0.565   0.268   0.650
 91 260 08 26 30  -0.169   0.568   0.255   0.646
 91 260 08 27 30  -0.175   0.562   0.255   0.643
 91 260 08 28 30  -0.170   0.566   0.259   0.646
 91 260 08 29 30  -0.211   0.533   0.290   0.644
 91 260 08 30 30  -0.181   0.548   0.278   0.641
 91 260 08 31 30  -0.169   0.541   0.298   0.641
 91 260 08 32 30  -0.103   0.472   0.421   0.650
 91 260 08 33 30  -0.071   0.448   0.463   0.651
 91 260 08 34 30  -0.175   0.472   0.379   0.631
 91 260 08 35 30  -0.196   0.462   0.372   0.625
 91 260 08 36 30  -0.198   0.498   0.314   0.622
 91 260 08 37 30  -0.166   0.523   0.299   0.626
 91 260 08 38 30  -0.178   0.554   0.219   0.624
 91 260 08 39 30  -0.155   0.576   0.168   0.627
 91 260 08 43 30  -0.208   0.459   0.371   0.629
 91 260 08 44 30  -0.170   0.474   0.369   0.629
 91 260 08 45 30  -0.178   0.520   0.286   0.628
 91 260 08 46 30  -0.200   0.446   0.386   0.624
 91 260 08 47 30  -0.182   0.501   0.319   0.622
 91 260 08 48 30  -0.198   0.543   0.229   0.625
 91 260 08 49 30  -0.197   0.569   0.172   0.627
 91 260 08 50 30  -0.186   0.589   0.122   0.629
 91 260 08 51 30  -0.190   0.588   0.124   0.631
 91 260 08 52 30  -0.195   0.583   0.134   0.630
 91 260 08 53 30  -0.201   0.580   0.125   0.627
 91 260 08 54 30  -0.190   0.594   0.090   0.631
 91 260 08 55 30  -0.186   0.595   0.090   0.630
 91 260 08 56 30  -0.193   0.586   0.092   0.624
 91 260 08 57 30  -0.183   0.598   0.059   0.629
 91 260 08 58 30  -0.201   0.597   0.040   0.632
 91 260 08 59 30  -0.194   0.601   0.044   0.634
 91 260 09 00 30  -0.176   0.610   0.037   0.636
 91 260 09 01 30  -0.172   0.612   0.018   0.637
 91 260 09 02 30  -0.207   0.594  -0.001   0.630
 91 260 09 03 30  -0.181   0.607   0.016   0.633
 91 260 09 04 30  -0.181   0.603  -0.007   0.630
 91 260 09 05 30  -0.199   0.599  -0.010   0.632
 91 260 09 06 30  -0.142   0.622   0.019   0.639
 91 260 09 07 30  -0.146   0.623   0.027   0.641
 91 260 09 08 30  -0.131   0.628   0.002   0.642
 91 260 09 09 30  -0.129   0.632  -0.002   0.645
 91 260 09 10 30  -0.122   0.629  -0.060   0.644
 91 260 09 11 30  -0.104   0.637  -0.058   0.649
 91 260 09 12 30  -0.084   0.637  -0.075   0.649
 91 260 09 13 30  -0.154   0.619  -0.004   0.639
 91 260 09 14 30  -0.080   0.628  -0.127   0.647
 91 260 09 15 30  -0.058   0.627  -0.151   0.648
 91 260 09 16 30  -0.071   0.619  -0.136   0.639
 91 260 09 17 30  -0.076   0.630  -0.121   0.646
 91 260 09 18 30  -0.107   0.621  -0.099   0.639
 91 260 09 19 30  -0.155   0.603  -0.102   0.634
 91 260 09 20 30  -0.161   0.589   0.097   0.631
 91 260 09 21 30  -0.163   0.570   0.187   0.622
 91 260 09 22 30  -0.163   0.566   0.171   0.615
 91 260 09 23 30  -0.171   0.561   0.140   0.605
 91 260 09 24 30  -0.165   0.563   0.132   0.602
 91 260 09 25 30  -0.153   0.567   0.103   0.599
 91 260 09 26 30  -0.119   0.538   0.221   0.597
 91 260 09 27 30  -0.151   0.553   0.132   0.589
 91 260 09 28 30  -0.136   0.569   0.108   0.597
 91 260 09 29 30  -0.128   0.575   0.101   0.600
 91 260 09 30 30  -0.098   0.604   0.003   0.613
 91 260 09 31 30  -0.096   0.612   0.066   0.624
 91 260 09 32 30  -0.108   0.607   0.040   0.618
 91 260 09 33 30  -0.065   0.613  -0.037   0.624
 91 260 09 34 30  -0.043   0.636  -0.066   0.644
 91 260 09 35 30  -0.096   0.624   0.068   0.635
 91 260 09 36 30  -0.124   0.619   0.068   0.635
 91 260 09 37 30  -0.096   0.634   0.043   0.645
 91 260 09 38 30  -0.085   0.628   0.092   0.642
 91 260 09 39 30  -0.092   0.626   0.054   0.635
 91 260 09 40 30  -0.097   0.630   0.030   0.639
 91 260 09 41 30  -0.104   0.630   0.017   0.639
 91 260 09 42 30  -0.079   0.636  -0.002   0.644
 91 260 09 43 30  -0.062   0.646   0.074   0.654
 91 260 09 44 30  -0.044   0.642   0.121   0.655
 91 260 09 45 30  -0.060   0.652   0.074   0.659
 91 260 09 46 30  -0.048   0.628   0.112   0.641
 91 260 09 47 30  -0.046   0.636   0.143   0.656
 91 260 09 48 30  -0.051   0.620   0.085   0.636
 91 260 09 49 30  -0.112   0.613  -0.098   0.632
 91 260 09 50 30  -0.106   0.611  -0.152   0.642
 91 260 09 51 30  -0.122   0.591  -0.214   0.645
 91 260 09 52 30  -0.109   0.620  -0.149   0.648
 91 260 09 53 30  -0.116   0.616  -0.170   0.650
 91 260 09 54 30  -0.114   0.623  -0.144   0.650
 91 260 09 55 30  -0.130   0.627  -0.188   0.668
 91 260 09 56 30  -0.109   0.628  -0.220   0.675
 91 260 09 57 30  -0.120   0.617  -0.231   0.670
 91 260 09 58 30  -0.127   0.617  -0.217   0.667
 91 260 09 59 30  -0.110   0.605  -0.258   0.668
 91 260 10 00 30  -0.097   0.605  -0.263   0.670
 91 260 10 01 30  -0.131   0.620  -0.207   0.667
 91 260 10 02 30  -0.150   0.604  -0.238   0.668
 91 260 10 03 30  -0.120   0.620  -0.245   0.678
 91 260 10 04 30  -0.125   0.610  -0.258   0.675
 91 260 10 05 30  -0.122   0.619  -0.246   0.678
 91 260 10 06 30  -0.105   0.633  -0.225   0.681
 91 260 10 07 30  -0.132   0.632  -0.214   0.681
 91 260 10 08 30  -0.120   0.627  -0.222   0.677
 91 260 10 09 30  -0.180   0.602  -0.230   0.670
 91 260 10 10 30  -0.130   0.621  -0.195   0.665
 91 260 10 11 30  -0.101   0.625  -0.213   0.669
 91 260 10 12 30  -0.113   0.625  -0.202   0.667
 91 260 10 13 30  -0.144   0.609  -0.209   0.663
 91 260 10 14 30  -0.219   0.597  -0.150   0.655
 91 260 10 15 30  -0.194   0.566  -0.275   0.662
 91 260 10 16 30  -0.207   0.553  -0.291   0.660
 91 260 10 17 30  -0.151   0.575  -0.295   0.664
 91 260 10 18 30  -0.173   0.515  -0.370   0.660
 91 260 10 19 30  -0.175   0.537  -0.343   0.661
 91 260 10 20 30  -0.173   0.532  -0.349   0.660
 91 260 10 21 30  -0.169   0.530  -0.344   0.658
 91 260 10 22 30  -0.194   0.454  -0.432   0.658
 91 260 10 23 30  -0.168   0.507  -0.388   0.663
 91 260 10 24 30  -0.199   0.558  -0.299   0.665
 91 260 10 25 30  -0.191   0.547  -0.327   0.667
 91 260 10 26 30  -0.196   0.536  -0.344   0.667
 91 260 10 27 30  -0.151   0.561  -0.328   0.669
 91 260 10 28 30  -0.174   0.551  -0.322   0.667
 91 260 10 29 30  -0.186   0.554  -0.315   0.664
 91 260 10 30 30  -0.188   0.555  -0.305   0.661
 91 260 10 31 30  -0.189   0.548  -0.318   0.662
 91 260 10 32 30  -0.145   0.573  -0.295   0.667
 91 260 10 33 30  -0.116   0.603  -0.267   0.671
 91 260 10 34 30  -0.125   0.579  -0.316   0.673
 91 260 10 35 30  -0.130   0.563  -0.327   0.669
 91 260 10 36 30  -0.106   0.570  -0.339   0.673
 91 260 10 37 30  -0.082   0.564  -0.355   0.673
 91 260 10 38 30  -0.031   0.549  -0.392   0.678
 91 260 10 39 30  -0.061   0.578  -0.339   0.674
 91 260 10 40 30   0.068   0.564  -0.390   0.690
 91 260 10 41 30   0.119   0.553  -0.407   0.697
 91 260 10 42 30   0.106   0.552  -0.407   0.694
 91 260 10 43 30   0.095   0.556  -0.398   0.692
 91 260 10 44 30  -0.136   0.557  -0.307   0.661
 91 260 10 45 30  -0.176   0.577  -0.272   0.663
 91 260 10 46 30  -0.124   0.585  -0.303   0.673
 91 260 10 47 30  -0.168   0.574  -0.284   0.664
 91 260 10 48 30  -0.130   0.594  -0.262   0.666
 91 260 10 49 30  -0.077   0.611  -0.259   0.670
 91 260 10 50 30  -0.123   0.592  -0.266   0.662
 91 260 10 51 30  -0.126   0.597  -0.251   0.661
 91 260 10 52 30  -0.101   0.590  -0.282   0.663
 91 260 10 53 30  -0.147   0.515  -0.376   0.659
 91 260 10 54 30  -0.135   0.498  -0.395   0.655
 91 260 10 55 30  -0.140   0.575  -0.296   0.662
 91 260 10 56 30  -0.135   0.569  -0.319   0.666
 91 260 10 57 30  -0.110   0.573  -0.320   0.666
 91 260 10 58 30  -0.144   0.561  -0.317   0.661
 91 260 10 59 30  -0.159   0.560  -0.303   0.657
 91 260 11 00 30  -0.154   0.554  -0.312   0.654
 91 260 11 01 30  -0.157   0.550  -0.314   0.654
 91 260 11 02 30  -0.162   0.547  -0.315   0.653
 91 260 11 03 30  -0.139   0.554  -0.317   0.656
 91 260 11 04 30  -0.144   0.578  -0.270   0.654
 91 260 11 05 30  -0.168   0.567  -0.274   0.652
 91 260 11 06 30  -0.212   0.561  -0.216   0.639
 91 260 11 07 30  -0.199   0.570  -0.205   0.638
 91 260 11 08 30  -0.168   0.576  -0.222   0.642
 91 260 11 09 30  -0.170   0.579  -0.212   0.641
 91 260 11 10 30  -0.142   0.583  -0.224   0.641
 91 260 11 11 30  -0.124   0.588  -0.200   0.636
 91 260 11 12 30  -0.167   0.573  -0.175   0.623
 91 260 11 13 30  -0.183   0.574  -0.168   0.626
 91 260 11 14 30  -0.159   0.563  -0.233   0.632
 91 260 11 15 30  -0.144   0.581  -0.216   0.637
 91 260 11 16 30  -0.118   0.593  -0.200   0.637
 91 260 11 17 30  -0.105   0.605  -0.179   0.641
 91 260 11 18 30  -0.143   0.588  -0.200   0.638
 91 260 11 19 30  -0.130   0.587  -0.216   0.640
 91 260 11 20 30  -0.137   0.586  -0.222   0.642
 91 260 11 21 30  -0.165   0.578  -0.212   0.638
 91 260 11 22 30  -0.118   0.604  -0.188   0.645
 91 260 11 23 30  -0.135   0.591  -0.233   0.650
 91 260 11 24 30  -0.177   0.564  -0.261   0.648
 91 260 11 25 30  -0.202   0.566  -0.226   0.644
 91 260 11 26 30  -0.206   0.562  -0.227   0.642
 91 260 11 27 30  -0.206   0.569  -0.221   0.645
 91 260 11 28 30  -0.186   0.567  -0.241   0.644
 91 260 11 29 30  -0.191   0.542  -0.273   0.638
 91 260 11 30 30  -0.150   0.550  -0.295   0.644
 91 260 11 31 30  -0.103   0.600  -0.224   0.649
 91 260 11 32 30  -0.082   0.618  -0.182   0.650
 91 260 11 33 30  -0.115   0.612  -0.184   0.650
 91 260 11 34 30  -0.158   0.591  -0.195   0.643
 91 260 11 35 30  -0.166   0.576  -0.224   0.640
 91 260 11 36 30  -0.170   0.568  -0.231   0.637
 91 260 11 37 30  -0.153   0.570  -0.238   0.637
 91 260 11 38 30  -0.153   0.570  -0.244   0.639
 91 260 11 39 30  -0.131   0.585  -0.234   0.645
 91 260 11 40 30  -0.159   0.596  -0.180   0.644
 91 260 11 41 30  -0.155   0.586  -0.228   0.649
 91 260 11 42 30  -0.151   0.556  -0.304   0.653
 91 260 11 43 30  -0.135   0.567  -0.298   0.655
 91 260 11 44 30  -0.154   0.547  -0.324   0.654
 91 260 11 45 30  -0.142   0.553  -0.320   0.655
 91 260 11 46 30  -0.142   0.571  -0.273   0.650
 91 260 11 47 30  -0.109   0.599  -0.231   0.652
 91 260 11 48 30  -0.087   0.618  -0.190   0.654
 91 260 11 49 30  -0.044   0.634  -0.172   0.660
 91 260 11 50 30  -0.049   0.627  -0.191   0.659
 91 260 11 51 30  -0.069   0.634  -0.156   0.658
 91 260 11 52 30  -0.096   0.612  -0.202   0.660
 91 260 11 53 30  -0.072   0.534  -0.360   0.661
 91 260 11 54 30  -0.171   0.494  -0.375   0.648
 91 260 11 55 30  -0.160   0.525  -0.331   0.650
 91 260 11 56 30  -0.206   0.537  -0.297   0.649
 91 260 11 57 30  -0.169   0.541  -0.320   0.652
 91 260 11 58 30  -0.150   0.550  -0.312   0.651
 91 260 11 59 30  -0.142   0.559  -0.317   0.660
 91 260 12 00 30  -0.115   0.546  -0.344   0.658
 91 260 12 01 30  -0.152   0.529  -0.325   0.643
 91 260 12 02 30  -0.140   0.527  -0.348   0.650
 91 260 12 03 30  -0.150   0.527  -0.341   0.647
 91 260 12 04 30  -0.155   0.539  -0.321   0.646
 91 260 12 05 30  -0.169   0.525  -0.327   0.641
 91 260 12 06 30  -0.151   0.525  -0.339   0.645
 91 260 12 07 30  -0.017   0.472  -0.444   0.654
 91 260 12 08 30   0.005   0.492  -0.430   0.655
 91 260 12 09 30   0.038   0.512  -0.410   0.660
 91 260 12 10 30   0.012   0.501  -0.415   0.652
 91 260 12 11 30  -0.070   0.521  -0.368   0.643
 91 260 12 12 30  -0.050   0.497  -0.404   0.646
 91 260 12 13 30  -0.068   0.503  -0.379   0.637
 91 260 12 14 30  -0.112   0.485  -0.384   0.636
 91 260 12 15 30  -0.073   0.541  -0.330   0.640
 91 260 12 16 30  -0.136   0.481  -0.385   0.638
 91 260 12 17 30  -0.151   0.448  -0.421   0.635
 91 260 12 18 30  -0.122   0.471  -0.415   0.642
 91 260 12 19 30  -0.100   0.467  -0.439   0.649
 91 260 12 20 30  -0.081   0.502  -0.405   0.652
 91 260 12 21 30  -0.066   0.518  -0.378   0.650
 91 260 12 22 30  -0.082   0.547  -0.350   0.655
 91 260 12 23 30  -0.079   0.567  -0.317   0.655
 91 260 12 24 30  -0.074   0.559  -0.329   0.653
 91 260 12 25 30  -0.065   0.542  -0.358   0.654
 91 260 12 26 30  -0.070   0.545  -0.356   0.654
 91 260 12 27 30  -0.073   0.543  -0.358   0.655
 91 260 12 28 30  -0.067   0.545  -0.353   0.654
 91 260 12 29 30  -0.063   0.548  -0.357   0.657
 91 260 12 30 30  -0.085   0.553  -0.344   0.657
 91 260 12 31 30  -0.085   0.542  -0.351   0.652
 91 260 12 32 30  -0.079   0.530  -0.370   0.652
 91 260 12 33 30  -0.067   0.525  -0.383   0.654
 91 260 12 34 30  -0.066   0.532  -0.369   0.651
 91 260 12 35 30  -0.092   0.536  -0.352   0.650
 91 260 12 36 30  -0.140   0.571  -0.262   0.646
 91 260 12 37 30  -0.124   0.547  -0.328   0.651
 91 260 12 38 30  -0.077   0.534  -0.370   0.657
 91 260 12 39 30  -0.076   0.588  -0.285   0.659
 91 260 12 40 30  -0.100   0.611  -0.220   0.658
 91 260 12 41 30  -0.128   0.596  -0.240   0.656
 91 260 12 42 30  -0.081   0.620  -0.203   0.660
 91 260 12 43 30  -0.082   0.627  -0.178   0.660
 91 260 12 44 30  -0.103   0.619  -0.173   0.652
 91 260 12 45 30  -0.129   0.600  -0.210   0.649
 91 260 12 46 30  -0.135   0.613  -0.191   0.657
 91 260 12 47 30  -0.100   0.619  -0.200   0.660
 91 260 12 48 30  -0.126   0.625  -0.137   0.653
 91 260 12 49 30  -0.122   0.624  -0.143   0.652
 91 260 12 50 30  -0.111   0.619  -0.161   0.652
 91 260 12 51 30  -0.080   0.617  -0.178   0.652
 91 260 12 52 30  -0.087   0.648  -0.015   0.655
 91 260 12 53 30  -0.091   0.648  -0.017   0.655
 91 260 12 54 30  -0.115   0.632  -0.076   0.652
 91 260 12 55 30  -0.191   0.595  -0.158   0.645
 91 260 12 56 30  -0.109   0.632  -0.108   0.652
 91 260 12 57 30  -0.098   0.641  -0.087   0.655
 91 260 12 58 30  -0.093   0.633  -0.124   0.652
 91 260 12 59 30  -0.032   0.649  -0.110   0.659
 91 260 13 00 30  -0.023   0.653  -0.102   0.662
 91 260 13 01 30  -0.037   0.654  -0.051   0.660
 91 260 13 02 30  -0.044   0.658  -0.059   0.663
 91 260 13 03 30  -0.083   0.652  -0.078   0.662
 91 260 13 04 30  -0.061   0.648  -0.106   0.661
 91 260 13 05 30  -0.042   0.653  -0.084   0.660
 91 260 13 06 30  -0.031   0.654  -0.084   0.661
 91 260 13 07 30  -0.006   0.658  -0.034   0.664
 91 260 13 08 30   0.012   0.651  -0.010   0.663
 91 260 13 09 30  -0.131   0.517  -0.339   0.634
 91 260 13 10 30  -0.164   0.455  -0.413   0.637
 91 260 13 11 30  -0.164   0.430  -0.440   0.637
 91 260 13 12 30  -0.175   0.411  -0.450   0.634
 91 260 13 13 30  -0.173   0.435  -0.434   0.639
 91 260 13 14 30  -0.179   0.436  -0.433   0.640
 91 260 13 15 30  -0.171   0.425  -0.445   0.638
 91 260 13 16 30  -0.174   0.422  -0.446   0.638
 91 260 13 17 30  -0.178   0.415  -0.452   0.639
 91 260 13 18 30  -0.209   0.424  -0.421   0.634
 91 260 13 19 30  -0.184   0.440  -0.431   0.644
 91 260 13 20 30  -0.172   0.453  -0.419   0.641
 91 260 13 21 30  -0.187   0.437  -0.430   0.642
 91 260 13 22 30  -0.193   0.416  -0.451   0.644
 91 260 13 23 30  -0.189   0.417  -0.448   0.641
 91 260 13 24 30  -0.198   0.414  -0.450   0.643
 91 260 13 25 30  -0.183   0.402  -0.465   0.641
 91 260 13 26 30  -0.192   0.406  -0.453   0.639
 91 260 13 27 30  -0.177   0.405  -0.467   0.643
 91 260 13 28 30  -0.171   0.392  -0.478   0.642
 91 260 13 29 30  -0.154   0.378  -0.497   0.643
 91 260 13 30 30  -0.137   0.390  -0.489   0.642
 91 260 13 31 30  -0.126   0.381  -0.498   0.641
 91 260 13 32 30  -0.140   0.420  -0.460   0.639
 91 260 13 33 30  -0.163   0.427  -0.439   0.634
 91 260 13 34 30  -0.127   0.460  -0.427   0.642
 91 260 13 35 30  -0.116   0.457  -0.433   0.641
 91 260 13 36 30  -0.087   0.427  -0.471   0.642
 91 260 13 37 30  -0.123   0.434  -0.456   0.642
 91 260 13 38 30  -0.130   0.461  -0.426   0.642
 91 260 13 39 30  -0.097   0.492  -0.405   0.645
 91 260 13 40 30  -0.101   0.489  -0.407   0.645
 91 260 13 41 30  -0.120   0.511  -0.366   0.641
 91 260 13 42 30  -0.128   0.476  -0.403   0.638
 91 260 13 43 30  -0.134   0.455  -0.422   0.636
 91 260 13 44 30  -0.157   0.437  -0.429   0.632
 91 260 13 45 30  -0.141   0.437  -0.433   0.631
 91 260 13 46 30  -0.124   0.433  -0.450   0.638
 91 260 13 47 30  -0.101   0.455  -0.444   0.644
 91 260 13 48 30  -0.105   0.490  -0.400   0.642
 91 260 13 49 30  -0.126   0.499  -0.374   0.638
 91 260 13 50 30  -0.075   0.533  -0.349   0.642
 91 260 13 51 30  -0.084   0.529  -0.357   0.644
 91 260 13 52 30  -0.091   0.518  -0.374   0.646
 91 260 13 53 30  -0.112   0.542  -0.330   0.645
 91 260 13 54 30  -0.141   0.545  -0.307   0.641
 91 260 13 55 30  -0.138   0.544  -0.306   0.640
 91 260 13 56 30  -0.132   0.543  -0.315   0.642
 91 260 13 57 30  -0.099   0.545  -0.334   0.647
 91 260 13 58 30  -0.067   0.544  -0.346   0.649
 91 260 13 59 30  -0.088   0.551  -0.324   0.646
 91 260 14 00 30  -0.095   0.524  -0.362   0.645
 91 260 14 01 30  -0.085   0.556  -0.324   0.651
 91 260 14 02 30  -0.090   0.576  -0.290   0.651
 91 260 14 03 30  -0.103   0.575  -0.266   0.642
 91 260 14 04 30  -0.126   0.570  -0.256   0.639
 91 260 14 05 30  -0.057   0.568  -0.298   0.644
 91 260 14 06 30  -0.044   0.571  -0.291   0.642
 91 260 14 07 30  -0.028   0.576  -0.290   0.645
 91 260 14 08 30  -0.045   0.575  -0.279   0.641
 91 260 14 09 30  -0.113   0.546  -0.290   0.632
 91 260 14 10 30  -0.189   0.512  -0.285   0.617
 91 260 14 11 30  -0.181   0.510  -0.305   0.622
 91 260 14 12 30  -0.208   0.489  -0.315   0.618
 91 260 14 13 30  -0.212   0.483  -0.326   0.620
 91 260 14 14 30  -0.121   0.525  -0.317   0.627
 91 260 14 15 30  -0.153   0.521  -0.304   0.622
 91 260 14 16 30  -0.176   0.520  -0.293   0.623
 91 260 14 17 30  -0.161   0.509  -0.319   0.624
 91 260 14 18 30  -0.160   0.509  -0.316   0.622
 91 260 14 19 30  -0.201   0.454  -0.359   0.614
 91 260 14 20 30  -0.272   0.401  -0.366   0.608
 91 260 14 21 30  -0.279   0.366  -0.391   0.606
 91 260 14 22 30  -0.248   0.387  -0.401   0.610
 91 260 14 23 30  -0.258   0.394  -0.389   0.612
 91 260 14 24 30  -0.235   0.410  -0.397   0.619
 91 260 14 25 30  -0.243   0.388  -0.402   0.610
 91 260 14 26 30  -0.189   0.402  -0.429   0.618
 91 260 14 27 30  -0.173   0.424  -0.425   0.625
 91 260 14 28 30  -0.116   0.472  -0.409   0.637
 91 260 14 29 30  -0.243   0.375  -0.432   0.623
 91 260 14 30 30  -0.212   0.392  -0.436   0.626
 91 260 14 31 30  -0.265   0.297  -0.453   0.604
 91 260 14 32 30  -0.267   0.300  -0.446   0.602
 91 260 14 33 30  -0.174   0.295  -0.506   0.612
 91 260 14 34 30  -0.207   0.217  -0.505   0.588
 91 260 14 35 30  -0.233   0.260  -0.485   0.602
 91 260 14 36 30  -0.186   0.259  -0.541   0.629
 91 260 14 37 30  -0.179   0.220  -0.557   0.626
 91 260 14 38 30  -0.108   0.148  -0.593   0.622
 91 260 14 39 30  -0.122   0.216  -0.563   0.616
 91 260 14 40 30  -0.230   0.204  -0.517   0.605
 91 260 14 41 30  -0.317   0.194  -0.456   0.590
 91 260 14 42 30  -0.370   0.232  -0.392   0.594
 91 260 14 43 30  -0.256   0.289  -0.465   0.607
 91 260 14 44 30  -0.265   0.287  -0.449   0.596
 91 260 14 45 30  -0.255   0.290  -0.464   0.604
 91 260 14 46 30  -0.218   0.298  -0.477   0.604
 91 260 14 47 30  -0.193   0.320  -0.481   0.609
 91 260 14 49 30  -0.221   0.266  -0.483   0.594
 91 260 14 50 30  -0.203   0.276  -0.501   0.608
 91 260 14 51 30  -0.207   0.249  -0.520   0.613
 91 260 14 52 30  -0.212   0.232  -0.527   0.615
 91 260 14 53 30  -0.178   0.216  -0.541   0.610
 91 260 14 56 30  -0.169   0.155  -0.572   0.617
 91 260 14 57 30  -0.198   0.191  -0.548   0.614
 91 260 14 58 30  -0.175   0.142  -0.584   0.626
 91 260 14 59 30  -0.166   0.173  -0.578   0.626
 91 260 15 00 30  -0.155   0.258  -0.553   0.631
 91 260 15 01 30  -0.162   0.158  -0.580   0.624
 91 260 15 02 30  -0.169   0.170  -0.579   0.629
 91 260 15 03 30  -0.161   0.208  -0.566   0.626
 91 260 15 04 30  -0.156   0.260  -0.546   0.625
 91 260 15 05 30  -0.165   0.269  -0.528   0.616
 91 260 15 06 30  -0.176   0.281  -0.524   0.621
 91 260 15 07 30  -0.167   0.277  -0.535   0.626
 91 260 15 08 30  -0.197   0.286  -0.519   0.625
 91 260 15 09 30  -0.181   0.302  -0.520   0.630
 91 260 15 10 30  -0.147   0.270  -0.549   0.630
 91 260 15 11 30  -0.112   0.227  -0.587   0.639
 91 260 15 12 30  -0.133   0.208  -0.585   0.635
 91 260 15 13 30  -0.170   0.191  -0.568   0.625
 91 260 15 14 30  -0.150   0.201  -0.577   0.630
 91 260 15 15 30  -0.147   0.245  -0.567   0.636
 91 260 15 16 30  -0.103   0.210  -0.595   0.640
 91 260 15 17 30  -0.147   0.240  -0.571   0.637
 91 260 15 18 30  -0.186   0.256  -0.540   0.626
 91 260 15 19 30  -0.168   0.278  -0.548   0.638
 91 260 15 20 30  -0.170   0.192  -0.583   0.638
 91 260 15 21 30  -0.142   0.214  -0.588   0.642
 91 260 15 22 30  -0.144   0.277  -0.557   0.639
 91 260 15 23 30  -0.146   0.250  -0.574   0.644
 91 260 15 24 30  -0.165   0.226  -0.572   0.637
 91 260 15 25 30  -0.148   0.248  -0.569   0.639
 91 260 15 26 30  -0.119   0.264  -0.562   0.633
 91 260 15 27 30  -0.107   0.261  -0.564   0.631
 91 260 15 28 30  -0.085   0.284  -0.556   0.632
 91 260 15 29 30  -0.119   0.254  -0.561   0.629
 91 260 15 30 30  -0.140   0.213  -0.574   0.629
 91 260 15 31 30  -0.177   0.203  -0.560   0.622
 91 260 15 32 30  -0.153   0.238  -0.561   0.630
 91 260 15 33 30  -0.145   0.240  -0.562   0.630
 91 260 15 34 30  -0.148   0.283  -0.545   0.632
 91 260 15 35 30  -0.155   0.280  -0.539   0.628
 91 260 15 36 30  -0.121   0.300  -0.551   0.640
 91 260 15 37 30  -0.128   0.293  -0.557   0.642
 91 260 15 38 30  -0.147   0.328  -0.525   0.637
 91 260 15 39 30  -0.160   0.300  -0.539   0.637
 91 260 15 40 30  -0.169   0.314  -0.516   0.629
 91 260 15 41 30  -0.170   0.319  -0.524   0.637
 91 260 15 42 30  -0.187   0.321  -0.527   0.645
 91 260 15 43 30  -0.173   0.304  -0.544   0.647
 91 260 15 44 30  -0.191   0.302  -0.531   0.641
 91 260 15 45 30  -0.188   0.316  -0.531   0.646
 91 260 15 46 30  -0.175   0.329  -0.532   0.650
 91 260 15 47 30  -0.155   0.310  -0.549   0.650
 91 260 15 48 30  -0.185   0.294  -0.541   0.643
 91 260 15 49 30  -0.238   0.291  -0.514   0.638
 91 260 15 50 30  -0.218   0.334  -0.507   0.645
 91 260 15 51 30  -0.162   0.331  -0.536   0.652
 91 260 15 52 30  -0.202   0.298  -0.520   0.634
 91 260 15 53 30  -0.185   0.328  -0.516   0.640
 91 260 15 54 30  -0.188   0.355  -0.514   0.653
 91 260 15 55 30  -0.135   0.350  -0.553   0.669
 91 260 15 56 30  -0.155   0.326  -0.549   0.660
 91 260 15 57 30  -0.223   0.294  -0.540   0.656
 91 260 15 58 30  -0.211   0.342  -0.524   0.660
 91 260 15 59 30  -0.188   0.319  -0.543   0.657
 91 260 16 00 30  -0.127   0.309  -0.566   0.658
 91 260 16 01 30  -0.135   0.318  -0.564   0.663
 91 260 16 02 30  -0.125   0.342  -0.554   0.664
 91 260 16 03 30  -0.144   0.382  -0.518   0.661
 91 260 16 04 30  -0.120   0.372  -0.533   0.662
 91 260 16 05 30  -0.066   0.365  -0.553   0.666
 91 260 16 06 30  -0.084   0.346  -0.560   0.664
 91 260 16 07 30  -0.100   0.355  -0.541   0.656
 91 260 16 08 30  -0.090   0.376  -0.527   0.654
 91 260 16 09 30  -0.109   0.380  -0.514   0.649
 91 260 16 10 30  -0.067   0.379  -0.533   0.660
 91 260 16 11 30  -0.083   0.284  -0.581   0.653
 91 260 16 12 30  -0.094   0.320  -0.551   0.645
 91 260 16 13 30  -0.041   0.340  -0.542   0.641
 91 260 16 14 30  -0.038   0.303  -0.570   0.647
 91 260 16 15 30  -0.071   0.293  -0.565   0.641
 91 260 16 16 30  -0.089   0.257  -0.587   0.648
 91 260 16 17 30  -0.118   0.285  -0.551   0.633
 91 260 16 18 30  -0.071   0.290  -0.567   0.641
 91 260 16 19 30  -0.034   0.304  -0.569   0.647
 91 260 16 20 30  -0.103   0.312  -0.537   0.631
 91 260 16 21 30  -0.111   0.318  -0.525   0.627
 91 260 16 22 30  -0.056   0.251  -0.586   0.640
 91 260 16 23 30  -0.047   0.257  -0.593   0.648
 91 260 16 24 30  -0.072   0.290  -0.563   0.642
 91 260 16 25 30  -0.075   0.268  -0.570   0.638
 91 260 16 26 30  -0.086   0.304  -0.547   0.633
 91 260 16 27 30  -0.082   0.274  -0.562   0.631
 91 260 16 28 30  -0.102   0.267  -0.572   0.639
 91 260 16 29 30  -0.101   0.276  -0.561   0.634
 91 260 16 30 30  -0.072   0.263  -0.573   0.636
 91 260 16 31 30  -0.036   0.232  -0.593   0.638
 91 260 16 32 30  -0.040   0.258  -0.581   0.638
 91 260 16 33 30  -0.022   0.287  -0.576   0.644
 91 260 16 34 30  -0.066   0.300  -0.557   0.637
 91 260 16 35 30  -0.053   0.309  -0.558   0.641
 91 260 16 36 30  -0.045   0.292  -0.573   0.646
 91 260 16 37 30  -0.066   0.289  -0.569   0.641
 91 260 16 38 30  -0.074   0.282  -0.573   0.644
 91 260 16 39 30  -0.068   0.316  -0.557   0.644
 91 260 16 40 30  -0.096   0.309  -0.549   0.638
 91 260 16 41 30  -0.060   0.339  -0.552   0.652
 91 260 16 42 30  -0.094   0.307  -0.566   0.653
 91 260 16 43 30  -0.130   0.308  -0.555   0.648
 91 260 16 44 30  -0.125   0.291  -0.555   0.639
 91 260 16 45 30  -0.143   0.283  -0.546   0.632
 91 260 16 46 30  -0.180   0.257  -0.558   0.641
 91 260 16 47 30  -0.203   0.255  -0.561   0.650
 91 260 16 48 30  -0.182   0.257  -0.566   0.648
 91 260 16 49 30  -0.058   0.410  -0.510   0.660
 91 260 16 50 30  -0.077   0.400  -0.515   0.657
 91 260 16 51 30  -0.090   0.393  -0.522   0.661
 91 260 16 52 30  -0.066   0.311  -0.584   0.666
 91 260 16 53 30  -0.081   0.333  -0.575   0.670
 91 260 16 54 30  -0.102   0.392  -0.531   0.668
 91 260 16 55 30  -0.087   0.419  -0.505   0.664
 91 260 16 56 30  -0.093   0.486  -0.459   0.678
 91 260 16 57 30  -0.127   0.556  -0.382   0.687
 91 260 16 58 30  -0.122   0.545  -0.390   0.681
 91 260 16 59 30  -0.172   0.587  -0.292   0.678
 91 260 17 00 30  -0.195   0.561  -0.319   0.674
 91 260 17 01 30  -0.228   0.569  -0.284   0.676
 91 260 17 02 30  -0.133   0.570  -0.367   0.691
 91 260 17 03 30  -0.152   0.558  -0.376   0.690
 91 260 17 04 30  -0.178   0.548  -0.383   0.692
 91 260 17 05 30  -0.160   0.540  -0.404   0.694
 91 260 17 06 30  -0.102   0.549  -0.422   0.701
 91 260 17 07 30  -0.082   0.540  -0.449   0.708
 91 260 17 08 30  -0.126   0.548  -0.418   0.701
 91 260 17 09 30  -0.118   0.533  -0.441   0.702
 91 260 17 10 30  -0.139   0.534  -0.434   0.704
 91 260 17 11 30  -0.150   0.534  -0.422   0.698
 91 260 17 12 30  -0.152   0.535  -0.406   0.689
 91 260 17 13 30  -0.134   0.556  -0.390   0.693
 91 260 17 14 30  -0.103   0.545  -0.421   0.697
 91 260 17 15 30  -0.099   0.529  -0.444   0.699
 91 260 17 16 30  -0.106   0.529  -0.442   0.698
 91 260 17 17 30  -0.108   0.531  -0.443   0.700
 91 260 17 18 30  -0.117   0.516  -0.438   0.687
 91 260 17 19 30  -0.126   0.493  -0.460   0.686
 91 260 17 20 30  -0.101   0.495  -0.457   0.683
 91 260 17 21 30  -0.108   0.535  -0.411   0.684
 91 260 17 22 30  -0.161   0.482  -0.446   0.676
 91 260 17 23 30  -0.137   0.492  -0.444   0.678
 91 260 17 24 30  -0.126   0.501  -0.438   0.678
 91 260 17 25 30  -0.105   0.506  -0.453   0.687
 91 260 17 26 30  -0.137   0.490  -0.457   0.684
 91 260 17 27 30  -0.156   0.478  -0.454   0.678
 91 260 17 28 30  -0.145   0.494  -0.443   0.681
 91 260 17 29 30  -0.198   0.367  -0.539   0.684
 91 260 17 30 30  -0.090   0.486  -0.479   0.689
 91 260 17 31 30  -0.074   0.520  -0.442   0.687
 91 260 17 32 30  -0.095   0.511  -0.449   0.687
 91 260 17 33 30  -0.072   0.515  -0.442   0.683
 91 260 17 34 30  -0.098   0.497  -0.451   0.679
 91 260 17 35 30  -0.091   0.521  -0.426   0.680
 91 260 17 36 30  -0.090   0.533  -0.413   0.681
 91 260 17 37 30  -0.094   0.539  -0.393   0.674
 91 260 17 38 30  -0.090   0.550  -0.385   0.677
 91 260 17 39 30  -0.075   0.524  -0.429   0.683
 91 260 17 40 30  -0.079   0.505  -0.450   0.681
 91 260 17 41 30  -0.083   0.508  -0.412   0.660
 91 260 17 42 30  -0.091   0.507  -0.403   0.654
 91 260 17 43 30  -0.069   0.501  -0.417   0.655
 91 260 17 44 30  -0.071   0.493  -0.423   0.654
 91 260 17 45 30  -0.070   0.471  -0.439   0.648
 91 260 17 46 30  -0.082   0.462  -0.454   0.653
 91 260 17 47 30  -0.069   0.479  -0.449   0.661
 91 260 17 48 30  -0.073   0.480  -0.447   0.660
 91 260 17 49 30  -0.094   0.476  -0.441   0.655
 91 260 17 50 30  -0.096   0.494  -0.417   0.654
 91 260 17 51 30  -0.133   0.520  -0.390   0.665
 91 260 17 52 30  -0.167   0.533  -0.378   0.674
 91 260 17 53 30  -0.156   0.559  -0.340   0.673
 91 260 17 54 30  -0.146   0.577  -0.318   0.675
 91 260 17 55 30  -0.117   0.579  -0.324   0.678
 91 260 17 56 30  -0.048   0.637  -0.231   0.682
 91 260 17 57 30  -0.094   0.594  -0.305   0.678
 91 260 17 58 30  -0.123   0.589  -0.282   0.665
 91 260 17 59 30  -0.085   0.595  -0.281   0.664
 91 260 18 00 30  -0.068   0.564  -0.341   0.663
 91 260 18 01 30  -0.105   0.550  -0.341   0.656
 91 260 18 02 30  -0.069   0.552  -0.354   0.661
 91 260 18 03 30  -0.060   0.523  -0.384   0.653
 91 260 18 04 30  -0.005   0.473  -0.455   0.657
 91 260 18 05 30   0.013   0.430  -0.482   0.647
 91 260 18 06 30   0.010   0.440  -0.466   0.641
 91 260 18 07 30   0.009   0.456  -0.456   0.645
 91 260 18 08 30  -0.005   0.459  -0.454   0.646
 91 260 18 09 30  -0.062   0.485  -0.416   0.643
 91 260 18 10 30  -0.048   0.471  -0.435   0.643
 91 260 18 11 30  -0.045   0.480  -0.435   0.649
 91 260 18 12 30  -0.038   0.486  -0.435   0.653
 91 260 18 13 30  -0.025   0.476  -0.438   0.648
 91 260 18 14 30  -0.039   0.481  -0.433   0.648
 91 260 18 15 30  -0.026   0.490  -0.425   0.649
 91 260 18 16 30  -0.046   0.463  -0.455   0.651
 91 260 18 17 30  -0.034   0.482  -0.446   0.658
 91 260 18 18 30   0.018   0.591  -0.322   0.677
 91 260 18 19 30   0.002   0.619  -0.273   0.678
 91 260 18 20 30  -0.015   0.576  -0.348   0.674
 91 260 18 21 30  -0.015   0.583  -0.341   0.676
 91 260 18 22 30  -0.017   0.578  -0.340   0.670
 91 260 18 23 30  -0.015   0.582  -0.334   0.671
 91 260 18 24 30  -0.006   0.581  -0.338   0.672
 91 260 18 25 30  -0.002   0.578  -0.351   0.677
 91 260 18 26 30   0.014   0.580  -0.357   0.682
 91 260 18 27 30   0.006   0.572  -0.355   0.673
 91 260 18 28 30  -0.027   0.585  -0.333   0.674
 91 260 18 29 30   0.000   0.569  -0.365   0.677
 91 260 18 30 30   0.026   0.551  -0.386   0.673
 91 260 18 31 30   0.007   0.514  -0.428   0.670
 91 260 18 32 30  -0.002   0.524  -0.421   0.673
 91 260 18 33 30   0.031   0.583  -0.309   0.662
 91 260 18 34 30   0.035   0.585  -0.316   0.667
 91 260 18 35 30  -0.016   0.542  -0.362   0.652
 91 260 18 36 30   0.006   0.535  -0.377   0.656
 91 260 18 37 30  -0.008   0.564  -0.346   0.662
 91 260 18 38 30   0.006   0.565  -0.346   0.663
 91 260 18 39 30   0.012   0.558  -0.358   0.664
 91 260 18 40 30   0.024   0.582  -0.335   0.674
 91 260 18 41 30   0.067   0.602  -0.273   0.667
 91 260 18 42 30   0.044   0.565  -0.331   0.657
 91 260 18 43 30   0.033   0.553  -0.332   0.647
 91 260 18 44 30   0.037   0.534  -0.362   0.647
 91 260 18 45 30  -0.005   0.511  -0.402   0.656
 91 260 18 46 30   0.021   0.565  -0.342   0.669
 91 260 18 47 30   0.050   0.655  -0.170   0.679
 91 260 18 48 30   0.061   0.659  -0.164   0.683
 91 260 18 49 30   0.070   0.658  -0.168   0.683
 91 260 18 50 30   0.065   0.631  -0.207   0.668
 91 260 18 51 30   0.059   0.637  -0.187   0.667
 91 260 18 52 30   0.036   0.634  -0.204   0.668
 91 260 18 53 30   0.004   0.627  -0.219   0.665
 91 260 18 54 30   0.036   0.647  -0.194   0.677
 91 260 18 55 30   0.018   0.652  -0.201   0.683
 91 260 18 56 30   0.025   0.641  -0.201   0.673
 91 260 18 57 30   0.008   0.615  -0.224   0.655
 91 260 18 58 30   0.013   0.621  -0.209   0.656
 91 260 18 59 30  -0.001   0.622  -0.215   0.659
 91 260 19 00 30  -0.006   0.624  -0.237   0.668
 91 260 19 01 30  -0.025   0.610  -0.244   0.658
 91 260 19 02 30  -0.020   0.617  -0.228   0.659
 91 260 19 03 30  -0.031   0.617  -0.241   0.663
 91 260 19 04 30  -0.036   0.623  -0.234   0.666
 91 260 19 05 30  -0.040   0.627  -0.232   0.670
 91 260 19 06 30  -0.042   0.632  -0.237   0.677
 91 260 19 07 30  -0.038   0.615  -0.305   0.688
 91 260 19 08 30  -0.070   0.601  -0.325   0.688
 91 260 19 09 30  -0.074   0.592  -0.336   0.685
 91 260 19 10 30  -0.065   0.586  -0.347   0.684
 91 260 19 11 30  -0.075   0.606  -0.309   0.685
 91 260 19 12 30  -0.099   0.611  -0.245   0.668
 91 260 19 13 30  -0.128   0.598  -0.254   0.663
 91 260 19 14 30  -0.128   0.590  -0.292   0.672
 91 260 19 15 30  -0.127   0.595  -0.284   0.671
 91 260 19 16 30  -0.110   0.599  -0.270   0.667
 91 260 19 17 30  -0.229   0.517  -0.316   0.650
 91 260 19 18 30  -0.228   0.523  -0.314   0.652
 91 260 19 19 30  -0.239   0.485  -0.337   0.639
 91 260 19 20 30  -0.243   0.491  -0.330   0.640
 91 260 19 21 30  -0.324   0.426  -0.353   0.642
 91 260 19 22 30  -0.375   0.403  -0.353   0.655
 91 260 19 23 30  -0.446   0.352  -0.341   0.663
 91 260 19 24 30  -0.408   0.371  -0.368   0.663
 91 260 19 25 30  -0.383   0.389  -0.376   0.663
 91 260 19 26 30  -0.369   0.410  -0.370   0.665
 91 260 19 27 30  -0.409   0.386  -0.357   0.666
 91 260 19 28 30  -0.428   0.380  -0.326   0.660
 91 260 19 29 30  -0.411   0.387  -0.339   0.659
 91 260 19 30 30  -0.410   0.401  -0.329   0.661
 91 260 19 31 30  -0.341   0.406  -0.383   0.655
 91 260 19 32 30  -0.336   0.401  -0.397   0.657
 91 260 19 33 30  -0.313   0.385  -0.421   0.653
 91 260 19 34 30  -0.285   0.333  -0.461   0.642
 91 260 19 35 30  -0.289   0.326  -0.490   0.656
 91 260 19 36 30  -0.306   0.351  -0.476   0.667
 91 260 19 37 30  -0.305   0.382  -0.445   0.662
 91 260 19 38 30  -0.329   0.402  -0.405   0.659
 91 260 19 39 30  -0.335   0.399  -0.405   0.661
 91 260 19 40 30  -0.356   0.407  -0.378   0.660
 91 260 19 41 30  -0.320   0.431  -0.390   0.664
 91 260 19 42 30  -0.324   0.449  -0.353   0.658
 91 260 19 43 30  -0.342   0.458  -0.318   0.657
 91 260 19 44 30  -0.341   0.445  -0.340   0.661
 91 260 19 45 30  -0.333   0.470  -0.329   0.671
 91 260 19 46 30  -0.290   0.448  -0.401   0.669
 91 260 19 47 30  -0.395   0.364  -0.396   0.669
 91 260 19 48 30  -0.394   0.371  -0.401   0.675
 91 260 19 49 30  -0.365   0.370  -0.403   0.660
 91 260 19 50 30  -0.395   0.393  -0.367   0.668
 91 260 19 52 30  -0.397   0.436  -0.333   0.677
 91 260 19 53 30  -0.398   0.419  -0.348   0.675
 91 260 19 54 30  -0.393   0.400  -0.378   0.677
 91 260 19 55 30  -0.373   0.429  -0.357   0.672
 91 260 19 56 30  -0.357   0.437  -0.376   0.678
 91 260 19 57 30  -0.352   0.414  -0.401   0.678
 91 260 19 58 30  -0.373   0.378  -0.433   0.686
 91 260 20 00 30  -0.392   0.416  -0.350   0.677
 91 260 20 01 30  -0.435   0.458  -0.245   0.678
 91 260 20 02 30  -0.435   0.446  -0.301   0.692
 91 260 20 03 30  -0.431   0.467  -0.297   0.702
 91 260 20 04 30  -0.431   0.448  -0.299   0.690
 91 260 20 05 30  -0.438   0.400  -0.331   0.680
 91 260 20 06 30  -0.419   0.430  -0.332   0.687
 91 260 20 07 30  -0.409   0.419  -0.331   0.674
 91 260 20 08 30  -0.398   0.417  -0.344   0.672
 91 260 20 09 30  -0.409   0.433  -0.309   0.671
 91 260 20 10 30  -0.435   0.409  -0.304   0.670
 91 260 20 11 30  -0.442   0.420  -0.280   0.671
 91 260 20 12 30  -0.421   0.421  -0.325   0.680
 91 260 20 13 30  -0.376   0.415  -0.407   0.693
 91 260 20 14 30  -0.345   0.447  -0.414   0.701
 91 260 20 15 30  -0.310   0.488  -0.398   0.703
 91 260 20 16 30  -0.362   0.446  -0.389   0.695
 91 260 20 17 30  -0.368   0.436  -0.397   0.695
 91 260 20 18 30  -0.373   0.422  -0.411   0.699
 91 260 20 19 30  -0.387   0.509  -0.229   0.687
 91 260 20 20 30  -0.386   0.530  -0.171   0.678
 91 260 20 21 30  -0.362   0.540  -0.178   0.675
 91 260 20 22 30  -0.331   0.563  -0.170   0.675
 91 260 20 23 30  -0.452   0.459  -0.205   0.678
 91 260 20 24 30  -0.467   0.441  -0.206   0.675
 91 260 20 25 30  -0.452   0.450  -0.210   0.672
 91 260 20 26 30  -0.478   0.410  -0.214   0.666
 91 260 20 27 30  -0.478   0.414  -0.218   0.670
 91 260 20 28 30  -0.462   0.443  -0.224   0.678
 91 260 20 29 30  -0.451   0.457  -0.225   0.681
 91 260 20 30 30  -0.463   0.449  -0.215   0.681
 91 260 20 31 30  -0.463   0.431  -0.242   0.678
 91 260 20 32 30  -0.455   0.459  -0.195   0.676
 91 260 20 33 30  -0.400   0.464  -0.276   0.672
 91 260 20 34 30  -0.402   0.433  -0.307   0.667
 91 260 20 35 30  -0.396   0.436  -0.307   0.665
 91 260 20 36 30  -0.403   0.495  -0.218   0.676
 91 260 20 37 30  -0.402   0.511  -0.180   0.675
 91 260 20 38 30  -0.394   0.523  -0.154   0.674
 91 260 20 39 30  -0.370   0.564  -0.075   0.679
 91 260 20 40 30  -0.403   0.471  -0.263   0.678
 91 260 20 41 30  -0.402   0.490  -0.235   0.678
 91 260 20 42 30  -0.398   0.527  -0.167   0.682
 91 260 20 43 30  -0.376   0.535  -0.168   0.676
 91 260 20 44 30  -0.379   0.557  -0.163   0.694
 91 260 20 45 30  -0.400   0.557  -0.171   0.707
 91 260 20 46 30  -0.399   0.542  -0.203   0.704
 91 260 20 47 30  -0.388   0.536  -0.198   0.691
 91 260 20 48 30  -0.369   0.534  -0.227   0.688
 91 260 20 49 30  -0.374   0.547  -0.217   0.697
 91 260 20 50 30  -0.379   0.544  -0.243   0.707
 91 260 20 51 30  -0.377   0.549  -0.236   0.709
 91 260 20 52 30  -0.353   0.550  -0.283   0.713
 91 260 20 53 30  -0.407   0.545  -0.182   0.705
 91 260 20 54 30  -0.388   0.538  -0.230   0.704
 91 260 20 55 30  -0.390   0.527  -0.218   0.693
 91 260 20 56 30  -0.404   0.512  -0.176   0.677
 91 260 20 57 30  -0.415   0.507  -0.162   0.675
 91 260 20 58 30  -0.431   0.497  -0.157   0.677
 91 260 20 59 30  -0.416   0.514  -0.161   0.681
 91 260 21 00 30  -0.412   0.510  -0.200   0.685
 91 260 21 01 30  -0.403   0.519  -0.189   0.685
 91 260 21 02 30  -0.427   0.503  -0.193   0.687
 91 260 21 03 30  -0.438   0.498  -0.155   0.682
 91 260 21 04 30  -0.468   0.481  -0.112   0.680
 91 260 21 08 30  -0.317   0.514  -0.338   0.692
 91 260 21 09 30  -0.300   0.515  -0.344   0.688
 91 260 21 10 30  -0.277   0.506  -0.375   0.689
 91 260 21 11 30  -0.283   0.549  -0.273   0.676
 91 260 21 12 30  -0.306   0.522  -0.294   0.674
 91 260 21 13 30  -0.275   0.538  -0.296   0.674
 91 260 21 14 30  -0.264   0.542  -0.302   0.675
 91 260 21 15 30  -0.278   0.526  -0.311   0.672
 91 260 21 16 30  -0.282   0.549  -0.264   0.672
 91 260 21 17 30  -0.291   0.535  -0.281   0.671
 91 260 21 18 30  -0.279   0.528  -0.300   0.669
 91 260 21 19 30  -0.256   0.558  -0.264   0.669
 91 260 21 20 30  -0.268   0.560  -0.257   0.673
 91 260 21 21 30  -0.278   0.561  -0.266   0.681
 91 260 21 22 30  -0.257   0.561  -0.287   0.681
 91 260 21 23 30  -0.265   0.556  -0.299   0.685
 91 260 21 24 30  -0.252   0.550  -0.318   0.684
 91 260 21 25 30  -0.238   0.558  -0.324   0.688
 91 260 21 26 30  -0.254   0.574  -0.283   0.689
 91 260 21 27 30  -0.245   0.566  -0.307   0.689
 91 260 21 28 30  -0.239   0.572  -0.299   0.688
 91 260 21 29 30  -0.236   0.572  -0.299   0.689
 91 260 21 30 30  -0.200   0.540  -0.375   0.687
 91 260 21 31 30  -0.279   0.542  -0.307   0.684
 91 260 21 32 30  -0.291   0.543  -0.292   0.682
 91 260 21 33 30  -0.288   0.544  -0.299   0.684
 91 260 21 34 30  -0.275   0.556  -0.298   0.689
 91 260 21 35 30  -0.265   0.558  -0.302   0.688
 91 260 21 36 30  -0.269   0.553  -0.325   0.695
 91 260 21 37 30  -0.257   0.553  -0.322   0.690
 91 260 21 38 30  -0.301   0.551  -0.277   0.687
 91 260 21 39 30  -0.314   0.544  -0.267   0.683
 91 260 21 40 30  -0.291   0.586  -0.209   0.687
 91 260 21 41 30  -0.312   0.573  -0.220   0.690
 91 260 21 42 30  -0.302   0.589  -0.203   0.693
 91 260 21 43 30  -0.293   0.597  -0.202   0.696
 91 260 21 44 30  -0.333   0.560  -0.230   0.691
 91 260 21 45 30  -0.328   0.560  -0.240   0.693
 91 260 21 46 30  -0.346   0.559  -0.219   0.694
 91 260 21 47 30  -0.359   0.558  -0.195   0.692
 91 260 21 48 30  -0.301   0.609  -0.193   0.708
 91 260 21 49 30  -0.304   0.607  -0.220   0.716
 91 260 21 50 30  -0.351   0.582  -0.220   0.715
 91 260 21 51 30  -0.356   0.579  -0.190   0.707
 91 260 21 52 30  -0.374   0.561  -0.192   0.701
 91 260 21 53 30  -0.353   0.574  -0.184   0.701
 91 260 21 56 30  -0.351   0.587  -0.169   0.705
 91 260 21 57 30  -0.392   0.564  -0.138   0.701
 91 260 21 58 30  -0.359   0.594  -0.142   0.709
 91 260 21 59 30  -0.358   0.592  -0.153   0.709
 91 260 22 00 30  -0.363   0.592  -0.133   0.708
 91 260 22 01 30  -0.361   0.594  -0.130   0.707
 91 260 22 02 30  -0.350   0.599  -0.126   0.706
 91 260 22 03 30  -0.318   0.609  -0.173   0.709
 91 260 22 04 30  -0.275   0.620  -0.217   0.713
 91 260 22 05 30  -0.331   0.607  -0.179   0.715
 91 260 22 06 30  -0.321   0.612  -0.182   0.715
 91 260 22 07 30  -0.309   0.614  -0.202   0.718
 91 260 22 08 30  -0.337   0.609  -0.153   0.714
 91 260 22 09 30  -0.334   0.615  -0.143   0.715
 91 260 22 10 30  -0.335   0.592  -0.201   0.710
 91 260 22 11 30  -0.323   0.599  -0.195   0.709
 91 260 22 12 30  -0.287   0.625  -0.193   0.716
 91 260 22 13 30  -0.242   0.636  -0.229   0.719
 91 260 22 14 30  -0.196   0.617  -0.321   0.725
 91 260 22 15 30  -0.228   0.623  -0.298   0.728
 91 260 22 16 30  -0.386   0.611   0.003   0.727
 91 260 22 17 30  -0.411   0.618   0.036   0.743
 91 260 22 18 30  -0.399   0.624   0.038   0.742
 91 260 22 19 30  -0.416   0.615   0.034   0.744
 91 260 22 20 30  -0.411   0.614   0.010   0.740
 91 260 22 21 30  -0.405   0.604   0.002   0.728
 91 260 22 22 30  -0.381   0.621  -0.017   0.730
 91 260 22 23 30  -0.397   0.616   0.007   0.733
 91 260 22 24 30  -0.406   0.608   0.017   0.731
 91 260 22 25 30  -0.402   0.606   0.037   0.729
 91 260 22 26 30  -0.394   0.616   0.001   0.731
 91 260 22 27 30  -0.400   0.619   0.005   0.738
 91 260 22 28 30  -0.403   0.620   0.030   0.741
 91 260 22 29 30  -0.376   0.628   0.011   0.732
 91 260 22 30 30  -0.373   0.643  -0.013   0.745
 91 260 22 31 30  -0.435   0.608   0.092   0.754
 91 260 22 32 30  -0.450   0.535   0.172   0.724
 91 260 22 33 30  -0.463   0.507   0.202   0.717
 91 260 22 34 30  -0.465   0.503   0.219   0.720
 91 260 22 35 30  -0.474   0.490   0.238   0.722
 91 260 22 36 30  -0.452   0.521   0.219   0.725
 91 260 22 37 30  -0.439   0.537   0.203   0.724
 91 260 22 38 30  -0.467   0.516   0.195   0.725
 91 260 22 39 30  -0.494   0.504   0.144   0.721
 91 260 22 40 30  -0.444   0.558   0.041   0.720
 91 260 22 41 30  -0.357   0.611  -0.109   0.717
 91 260 22 42 30  -0.358   0.599  -0.098   0.705
 91 260 22 43 30  -0.346   0.597  -0.100   0.698
 91 260 22 44 30  -0.338   0.600  -0.108   0.697
 91 260 22 45 30  -0.337   0.598  -0.102   0.694
 91 260 22 46 30  -0.337   0.593  -0.127   0.695
 91 260 22 47 30  -0.308   0.604  -0.181   0.703
 91 260 22 48 30  -0.313   0.620  -0.190   0.720
 91 260 22 49 30  -0.296   0.620  -0.225   0.724
 91 260 22 50 30  -0.301   0.620  -0.203   0.719
 91 260 22 51 30  -0.274   0.619  -0.247   0.722
 91 260 22 52 30  -0.246   0.617  -0.287   0.724
 91 260 22 53 30  -0.252   0.629  -0.261   0.727
 91 260 22 54 30  -0.189   0.613  -0.343   0.734
 91 260 22 55 30  -0.151   0.565  -0.448   0.739
 91 260 22 56 30  -0.159   0.558  -0.444   0.731
 91 260 22 57 30  -0.171   0.571  -0.434   0.738
 91 260 22 58 30  -0.200   0.605  -0.367   0.736
 91 260 22 59 30  -0.222   0.612  -0.336   0.733
 91 260 23 00 30  -0.193   0.613  -0.351   0.733
 91 260 23 01 30  -0.187   0.593  -0.385   0.732
 91 260 23 02 30  -0.205   0.599  -0.356   0.729
 91 260 23 03 30  -0.231   0.607  -0.328   0.728
 91 260 23 04 30  -0.224   0.594  -0.346   0.724
 91 260 23 05 30  -0.221   0.617  -0.317   0.728
 91 260 23 06 30  -0.242   0.661  -0.149   0.729
 91 260 23 07 30  -0.250   0.690  -0.056   0.738
 91 260 23 08 30  -0.284   0.683  -0.044   0.742
 91 260 23 09 30  -0.284   0.693  -0.036   0.750
 91 260 23 10 30  -0.282   0.692  -0.053   0.750
 91 260 23 11 30  -0.288   0.693  -0.028   0.751
 91 260 23 12 30  -0.276   0.699  -0.017   0.752
 91 260 23 13 30  -0.295   0.691  -0.012   0.752
 91 260 23 14 30  -0.293   0.689  -0.015   0.749
 91 260 23 15 30  -0.302   0.685  -0.041   0.750
 91 260 23 16 30  -0.285   0.685  -0.094   0.748
 91 260 23 17 30  -0.254   0.697  -0.120   0.752
 91 260 23 18 30  -0.225   0.713  -0.122   0.759
 91 260 23 19 30  -0.270   0.694  -0.093   0.752
 91 260 23 20 30  -0.281   0.688  -0.107   0.751
 91 260 23 21 30  -0.258   0.704  -0.079   0.754
 91 260 23 22 30  -0.263   0.701  -0.048   0.751
 91 260 23 23 30  -0.271   0.696  -0.018   0.748
 91 260 23 24 30  -0.287   0.681  -0.082   0.745
 91 260 23 25 30  -0.280   0.675  -0.125   0.742
 91 260 23 26 30  -0.270   0.685  -0.125   0.747
 91 260 23 27 30  -0.254   0.697  -0.091   0.748
 91 260 23 28 30  -0.261   0.684  -0.103   0.740
 91 260 23 29 30  -0.249   0.687  -0.120   0.741
 91 260 23 30 30  -0.252   0.680  -0.115   0.736
 91 260 23 31 30  -0.247   0.674  -0.143   0.733
 91 260 23 32 30  -0.212   0.684  -0.174   0.737
 91 260 23 33 30  -0.221   0.684  -0.167   0.739
 91 260 23 34 30  -0.212   0.681  -0.185   0.738
 91 260 23 35 30  -0.194   0.696  -0.211   0.754
 91 260 23 36 30  -0.166   0.721  -0.113   0.767
 91 260 23 37 30  -0.259   0.623   0.299   0.740
 91 260 23 38 30  -0.250   0.576   0.381   0.737
 91 260 23 39 30  -0.258   0.557   0.393   0.730
 91 260 23 40 30  -0.276   0.549   0.385   0.728
 91 260 23 41 30  -0.289   0.544   0.379   0.724
 91 260 23 42 30  -0.287   0.532   0.382   0.716
 91 260 23 43 30  -0.316   0.525   0.362   0.712
 91 260 23 44 30  -0.302   0.531   0.356   0.708
 91 260 23 45 30  -0.290   0.557   0.333   0.712
 91 260 23 46 30  -0.284   0.526   0.395   0.717
 91 260 23 47 30  -0.244   0.409   0.535   0.726
 91 260 23 48 30  -0.256   0.430   0.510   0.719
 91 260 23 49 30  -0.224   0.216   0.629   0.709
 91 260 23 50 30  -0.255   0.479   0.290   0.711
 91 260 23 51 30  -0.271   0.643   0.042   0.700
 91 260 23 52 30  -0.277   0.640   0.032   0.700
 91 260 23 53 30  -0.293   0.625   0.048   0.694
 91 260 23 54 30  -0.259   0.644   0.024   0.695
 91 260 23 55 30  -0.250   0.637   0.072   0.689
 91 260 23 56 30  -0.233   0.654   0.123   0.706
 91 260 23 57 30  -0.204   0.682   0.042   0.714
 91 260 23 58 30  -0.228   0.662   0.026   0.701
 91 260 23 59 30  -0.213   0.668   0.092   0.709
