 91 264 00 00 30   2.267   3.095   2.406   4.530
 91 264 00 01 30   2.268   3.087   2.494   4.573
 91 264 00 02 30   2.222   3.033   2.583   4.565
 91 264 00 03 30   2.239   2.918   2.741   4.588
 91 264 00 04 30   2.244   2.944   2.688   4.582
 91 264 00 05 30   2.391   3.093   2.427   4.604
 91 264 00 06 30   2.136   3.088   2.685   4.619
 91 264 00 07 30   2.117   3.053   2.741   4.620
 91 264 00 08 30   2.405   3.035   2.474   4.596
 91 264 00 09 30   2.392   3.026   2.484   4.588
 91 264 00 10 30   2.450   2.943   2.480   4.564
 91 264 00 11 30   2.449   2.932   2.493   4.564
 91 264 00 12 30   2.516   2.916   2.428   4.553
 91 264 00 13 30   2.497   2.929   2.498   4.590
 91 264 00 14 30   2.671   3.224   2.038   4.665
 91 264 00 15 30   2.788   3.303   2.048   4.783
 91 264 00 16 30   2.813   3.193   2.108   4.750
 91 264 00 17 30   2.740   2.959   2.428   4.713
 91 264 00 18 30   2.671   2.897   2.553   4.697
 91 264 00 19 30   2.608   2.960   2.470   4.655
 91 264 00 20 30   2.646   2.936   2.426   4.638
 91 264 00 21 30   2.596   3.074   2.303   4.637
 91 264 00 22 30   2.703   3.042   2.349   4.699
 91 264 00 23 30   2.677   3.146   2.312   4.735
 91 264 00 24 30   2.771   3.106   2.435   4.828
 91 264 00 25 30   2.862   2.755   2.566   4.730
 91 264 00 26 30   2.967   2.696   2.512   4.732
 91 264 00 27 30   3.006   2.737   2.394   4.718
 91 264 00 28 30   3.029   2.709   2.350   4.695
 91 264 00 29 30   2.794   2.965   2.383   4.725
 91 264 00 30 30   2.678   3.122   2.336   4.732
 91 264 00 31 30   2.807   3.114   2.234   4.751
 91 264 00 32 30   2.780   3.184   2.105   4.723
 91 264 00 33 30   2.678   3.231   1.992   4.647
 91 264 00 34 30   2.699   3.147   1.901   4.562
 91 264 00 35 30   2.688   3.192   1.782   4.538
 91 264 00 36 30   2.659   3.206   1.741   4.515
 91 264 00 37 30   2.441   3.229   1.963   4.502
 91 264 00 38 30   2.346   3.367   1.863   4.507
 91 264 00 39 30   2.453   3.423   1.670   4.531
 91 264 00 40 30   2.477   3.489   1.569   4.558
 91 264 00 41 30   2.412   3.578   1.413   4.542
 91 264 00 42 30   2.487   3.625   1.266   4.576
 91 264 00 43 30   2.354   3.699   0.969   4.492
 91 264 00 44 30   2.427   3.660   1.012   4.508
 91 264 00 45 30   2.467   3.525   1.214   4.472
 91 264 00 46 30   2.507   3.484   1.475   4.539
 91 264 00 47 30   2.459   3.338   1.671   4.472
 91 264 00 48 30   2.439   3.373   1.744   4.514
 91 264 00 49 30   2.353   3.338   1.685   4.419
 91 264 00 50 30   2.338   3.330   1.707   4.413
 91 264 00 51 30   2.363   3.281   1.880   4.462
 91 264 00 52 30   2.371   3.682   1.349   4.584
 91 264 00 53 30   2.408   3.789   1.398   4.703
 91 264 00 54 30   2.335   3.726   1.247   4.573
 91 264 00 55 30   2.101   3.858   0.322   4.431
 91 264 00 56 30   1.996   3.968  -0.022   4.443
 91 264 00 57 30   1.949   4.008  -0.131   4.469
 91 264 00 58 30   2.184   3.929  -0.013   4.500
 91 264 00 59 30   2.479   3.830   0.131   4.569
 91 264 01 00 30   2.461   3.952   0.175   4.660
 91 264 01 01 30   2.435   3.933   0.239   4.633
 91 264 01 02 30   2.579   3.761   0.561   4.599
 91 264 01 03 30   2.643   3.631   0.779   4.560
 91 264 01 04 30   2.495   3.767   0.697   4.575
 91 264 01 05 30   2.389   3.770   0.918   4.557
 91 264 01 06 30   2.406   3.771   0.919   4.567
 91 264 01 07 30   2.442   3.732   0.916   4.554
 91 264 01 08 30   2.453   3.744   0.907   4.567
 91 264 01 09 30   2.455   3.785   0.896   4.600
 91 264 01 10 30   2.438   3.777   0.990   4.604
 91 264 01 11 30   2.455   3.793   0.939   4.616
 91 264 01 12 30   2.730   3.638   0.792   4.620
 91 264 01 13 30   2.859   3.512   0.760   4.595
 91 264 01 14 30   2.817   3.523   0.794   4.581
 91 264 01 15 30   2.799   3.514   0.643   4.538
 91 264 01 16 30   2.784   3.467   0.715   4.505
 91 264 01 17 30   2.879   3.446   0.636   4.536
 91 264 01 18 30   2.874   3.517   0.658   4.590
 91 264 01 19 30   2.785   3.633   0.781   4.645
 91 264 01 20 30   2.899   3.665   0.906   4.764
 91 264 01 21 30   3.224   3.441   0.517   4.750
 91 264 01 22 30   3.377   3.261   0.279   4.705
 91 264 01 23 30   3.550   3.138   0.091   4.739
 91 264 01 24 30   3.668   2.960   0.175   4.718
 91 264 01 25 30   3.448   3.078   0.241   4.635
 91 264 01 26 30   2.969   3.326   0.687   4.519
 91 264 01 27 30   2.728   3.433   0.918   4.482
 91 264 01 28 30   2.735   3.321   0.899   4.397
 91 264 01 29 30   2.737   3.338   0.783   4.388
 91 264 01 30 30   2.751   3.317   0.694   4.366
 91 264 01 31 30   2.778   3.347   0.666   4.401
 91 264 01 32 30   2.834   3.318   0.660   4.414
 91 264 01 33 30   2.893   3.298   0.651   4.438
 91 264 01 34 30   2.915   3.259   0.692   4.429
 91 264 01 35 30   2.885   3.217   0.408   4.343
 91 264 01 36 30   2.808   3.429   0.342   4.448
 91 264 01 37 30   2.722   3.594   0.493   4.536
 91 264 01 38 30   2.716   3.572   0.676   4.540
 91 264 01 39 30   2.729   3.562   0.631   4.532
 91 264 01 40 30   2.646   3.615   0.734   4.540
 91 264 01 41 30   2.536   3.643   0.901   4.531
 91 264 01 42 30   2.441   3.663   1.067   4.531
 91 264 01 43 30   2.373   3.689   0.982   4.497
 91 264 01 44 30   2.445   3.658   0.914   4.495
 91 264 01 45 30   2.482   3.561   0.961   4.447
 91 264 01 46 30   2.450   3.559   0.995   4.435
 91 264 01 47 30   2.603   3.485   0.999   4.465
 91 264 01 48 30   2.240   3.780   0.919   4.500
 91 264 01 49 30   2.721   3.489   0.969   4.531
 91 264 01 50 30   2.629   3.562   0.922   4.523
 91 264 01 51 30   2.560   3.554   0.973   4.488
 91 264 01 52 30   2.489   3.523   0.999   4.429
 91 264 01 53 30   2.398   3.548   1.076   4.419
 91 264 01 54 30   2.385   3.560   1.019   4.405
 91 264 01 55 30   2.495   3.406   0.981   4.336
 91 264 01 56 30   2.464   3.367   0.997   4.290
 91 264 01 57 30   2.435   3.350   0.959   4.251
 91 264 01 58 30   2.422   3.378   0.934   4.261
 91 264 01 59 30   2.355   3.406   0.864   4.230
 91 264 02 00 30   2.300   3.393   0.882   4.194
 91 264 02 01 30   2.309   3.410   0.848   4.205
 91 264 02 02 30   2.248   3.471   0.890   4.231
 91 264 02 03 30   2.293   3.503   0.892   4.281
 91 264 02 04 30   2.170   3.461   1.022   4.214
 91 264 02 05 30   2.304   3.416   0.937   4.227
 91 264 02 06 30   2.380   3.240   0.714   4.102
 91 264 02 07 30   2.329   3.088   0.142   3.873
 91 264 02 08 30   2.401   3.070   0.242   3.914
 91 264 02 09 30   2.339   3.164   0.427   3.960
 91 264 02 10 30   2.458   3.238   0.469   4.093
 91 264 02 11 30   2.431   3.160   0.620   4.036
 91 264 02 12 30   2.447   3.116   0.503   3.999
 91 264 02 13 30   2.220   0.705   2.766   4.121
 91 264 02 14 30   1.912  -0.535   3.717   4.214
 91 264 02 15 30   1.686  -0.563   3.611   4.025
 91 264 02 16 30   1.632  -0.608   3.516   3.924
 91 264 02 17 30   1.622  -0.571   3.473   3.878
 91 264 02 18 30   1.643  -0.584   3.402   3.824
 91 264 02 19 30   1.629  -0.540   3.387   3.798
 91 264 02 20 30   1.594  -0.488   3.416   3.802
 91 264 02 21 30   1.527  -0.514   3.378   3.743
 91 264 02 22 30   1.305  -0.842   3.101   3.479
 91 264 02 23 30   1.255  -0.834   2.955   3.327
 91 264 02 24 30   1.476  -0.381   2.878   3.290
 91 264 02 25 30   1.655  -0.402   2.819   3.306
 91 264 02 26 30   1.954   0.418   2.427   3.367
 91 264 02 27 30   2.237   1.415   2.184   3.446
 91 264 02 28 30   2.019   0.681   2.567   3.371
 91 264 02 29 30   2.108  -0.216   2.500   3.303
 91 264 02 30 30   1.477  -0.447   2.852   3.250
 91 264 02 31 30   1.571   0.257   2.620   3.126
 91 264 02 32 30   1.729  -0.727   2.390   3.073
 91 264 02 33 30   1.440   0.661   2.366   2.950
 91 264 02 34 30   1.774  -0.348   2.284   2.999
 91 264 02 35 30   1.552   0.194   2.329   2.833
 91 264 02 36 30   1.133   0.465   2.512   2.857
 91 264 02 37 30   1.762  -0.305   2.263   2.892
 91 264 02 38 30   1.837  -0.612   1.994   2.785
 91 264 02 39 30   1.847  -0.462   1.954   2.746
 91 264 02 40 30   1.772  -0.188   2.125   2.800
 91 264 02 41 30   1.128  -1.187   2.261   2.820
 91 264 02 42 30   1.423  -0.746   2.136   2.682
 91 264 02 43 30   1.493  -0.141   2.076   2.611
 91 264 02 44 30   1.417   0.042   2.130   2.706
 91 264 02 45 30   1.821   1.758   1.205   2.818
 91 264 02 46 30   1.769   1.550   1.402   2.793
 91 264 02 47 30   1.483   1.809   1.070   2.708
 91 264 02 48 30   1.129   2.298   0.466   2.675
 91 264 02 49 30   1.526   2.029   1.284   2.853
 91 264 02 50 30   1.507   1.892   1.501   2.849
 91 264 02 51 30   1.469   1.542   1.768   2.781
 91 264 02 52 30   1.270   1.178   1.780   2.493
 91 264 02 53 30   1.103   1.262   1.640   2.357
 91 264 02 54 30   1.131   1.933   0.537   2.574
 91 264 02 55 30   0.577   1.651  -2.813   3.316
 91 264 02 56 30   0.549   1.900  -2.637   3.297
 91 264 02 57 30   0.618   2.099  -2.454   3.296
 91 264 02 58 30   0.676   2.254  -2.208   3.228
 91 264 02 59 30   0.751   2.329  -2.099   3.226
 91 264 03 00 30   0.840   2.379  -2.026   3.237
 91 264 03 01 30   0.747   2.277  -2.094   3.185
 91 264 03 02 30   0.708   2.229  -2.132   3.165
 91 264 03 03 30   0.959   2.308  -1.916   3.152
 91 264 03 04 30   0.884   2.349  -1.902   3.150
 91 264 03 05 30   0.758   2.416  -1.912   3.174
 91 264 03 06 30   0.640   2.488  -1.809   3.144
 91 264 03 07 30   0.510   2.549  -1.740   3.130
 91 264 03 08 30   0.564   2.602  -1.683   3.155
 91 264 03 09 30   0.401   2.561  -1.864   3.195
 91 264 03 10 30   0.320   2.506  -1.942   3.193
 91 264 03 11 30   0.634   2.490  -1.209   2.868
 91 264 03 12 30   0.573   2.736  -1.649   3.246
 91 264 03 16 30   0.229   2.694  -2.011   3.371
 91 264 03 17 30   0.614   2.783  -1.841   3.409
 91 264 03 18 30   0.361   2.804  -1.906   3.418
 91 264 03 20 30   0.867   2.647  -1.468   3.149
 91 264 03 21 30   0.728   2.657  -1.475   3.127
 91 264 03 22 30   0.476   2.859  -1.862   3.449
 91 264 03 23 30  -0.834   1.633  -2.761   3.381
 91 264 03 24 30  -1.280   1.280  -3.010   3.515
 91 264 03 25 30  -0.939   1.835  -2.876   3.542
 91 264 03 26 30  -0.888   1.951  -2.849   3.571
 91 264 03 27 30  -0.753   2.089  -2.854   3.619
 91 264 03 28 30  -0.742   2.189  -2.808   3.641
 91 264 03 29 30  -0.975   2.084  -2.741   3.581
 91 264 03 30 30  -0.880   2.142  -2.723   3.576
 91 264 03 31 30  -0.833   2.232  -2.700   3.605
 91 264 03 32 30  -0.765   2.287  -2.801   3.697
 91 264 03 33 30  -0.713   2.465  -2.708   3.733
 91 264 03 34 30  -0.744   2.304  -2.696   3.628
 91 264 03 35 30  -0.468   2.507  -2.576   3.631
 91 264 03 36 30  -0.643   2.391  -2.645   3.627
 91 264 03 37 30  -0.605   2.512  -2.559   3.638
 91 264 03 38 30  -0.610   2.543  -2.603   3.692
 91 264 03 39 30  -0.655   2.601  -2.631   3.761
 91 264 03 40 30  -0.723   2.743  -2.581   3.843
 91 264 03 41 30  -0.799   2.587  -2.829   3.919
 91 264 03 42 30  -0.824   2.586  -2.870   3.954
 91 264 03 43 30  -0.833   2.656  -2.895   4.017
 91 264 03 44 30  -0.574   2.942  -2.211   3.939
 91 264 03 45 30   0.683   3.505   0.443   3.602
 91 264 03 46 30   0.731   3.465   0.682   3.607
 91 264 03 47 30   0.771   3.543   0.805   3.715
 91 264 03 48 30   0.733   3.665   0.739   3.813
 91 264 03 49 30   0.654   3.780   0.554   3.876
 91 264 03 50 30   0.610   3.796   0.601   3.892
 91 264 03 51 30   0.629   3.943   0.595   4.038
 91 264 03 52 30   0.614   4.087   0.677   4.190
 91 264 03 53 30   0.520   4.002   0.780   4.112
 91 264 03 54 30   0.343   3.947   0.955   4.080
 91 264 03 55 30   0.492   3.913   0.613   3.993
 91 264 03 56 30   0.426   3.894   0.652   3.972
 91 264 03 57 30   0.343   3.897   0.747   3.987
 91 264 03 58 30   0.443   3.794   1.028   3.957
 91 264 03 59 30   0.429   3.783   1.100   3.966
 91 264 04 00 30   0.270   3.739   1.163   3.928
 91 264 04 01 30   0.277   3.701   1.347   3.949
 91 264 04 02 30   0.141   3.717   1.310   3.944
 91 264 04 03 30   0.297   3.634   1.418   3.913
 91 264 04 04 30   0.060   3.659   1.227   3.861
 91 264 04 05 30   0.203   3.520   1.391   3.794
 91 264 04 06 30   0.054   3.545   1.326   3.789
 91 264 04 07 30   0.046   3.543   1.466   3.842
 91 264 04 08 30   0.097   3.564   1.570   3.897
 91 264 04 09 30   0.087   3.450   1.669   3.835
 91 264 04 10 30   0.157   3.434   1.635   3.819
 91 264 04 11 30  -0.098   3.602   1.089   3.767
 91 264 04 12 30   0.029   3.564   1.265   3.783
 91 264 04 13 30  -0.088   3.560   1.138   3.740
 91 264 04 14 30  -0.075   3.535   1.224   3.743
 91 264 04 15 30  -0.166   3.556   1.114   3.734
 91 264 04 16 30  -0.211   3.522   1.374   3.788
 91 264 04 17 30  -0.219   3.486   1.462   3.788
 91 264 04 18 30  -0.430   3.492   1.282   3.747
 91 264 04 19 30  -0.343   3.244   1.732   3.701
 91 264 04 20 30  -0.396   3.323   1.585   3.712
 91 264 04 21 30  -0.369   2.954   2.062   3.659
 91 264 04 22 30  -0.492   2.842   2.283   3.702
 91 264 04 23 30  -0.277   2.729   2.414   3.681
 91 264 04 24 30   0.076   2.330   2.834   3.684
 91 264 04 25 30  -0.399   2.368   2.779   3.688
 91 264 04 26 30  -0.429   2.433   2.710   3.672
 91 264 04 27 30  -0.456   2.507   2.655   3.686
 91 264 04 28 30  -0.486   2.593   2.549   3.673
 91 264 04 29 30  -0.471   2.070   2.926   3.616
 91 264 04 30 30  -0.394   1.829   3.035   3.571
 91 264 04 31 30  -0.216   1.576   3.297   3.669
 91 264 04 32 30  -0.295   1.699   3.215   3.660
 91 264 04 33 30  -0.506   1.632   3.286   3.715
 91 264 04 34 30  -0.384   1.428   3.313   3.640
 91 264 04 35 30  -0.328   0.810   3.112   3.423
 91 264 04 36 30  -0.575   0.712   3.181   3.388
 91 264 04 37 30  -0.490   1.138   3.165   3.406
 91 264 04 38 30  -0.560   1.138   3.070   3.331
 91 264 04 39 30  -0.567   0.970   3.145   3.344
 91 264 04 40 30  -0.543   0.938   3.125   3.314
 91 264 04 41 30  -0.378   0.845   3.095   3.237
 91 264 04 42 30  -0.330   1.001   3.108   3.293
 91 264 04 43 30  -0.201   0.983   3.215   3.377
 91 264 04 44 30  -0.649   0.501   3.249   3.364
 91 264 04 45 30  -0.672   0.405   3.249   3.356
 91 264 04 46 30  -0.385   1.218   3.162   3.447
 91 264 04 47 30  -0.116   1.787   3.135   3.618
 91 264 04 48 30  -0.173   1.819   3.185   3.673
 91 264 04 49 30  -0.112   1.790   3.183   3.654
 91 264 04 50 30  -0.154   1.662   3.180   3.594
 91 264 04 51 30  -0.177   1.610   3.148   3.542
 91 264 04 52 30  -0.152   1.721   3.068   3.523
 91 264 04 53 30  -0.193   1.843   2.974   3.506
 91 264 04 54 30  -0.336   0.879   3.215   3.413
 91 264 04 55 30  -0.313   0.617   3.235   3.311
 91 264 04 56 30  -0.443   0.923   3.074   3.250
 91 264 04 57 30  -0.370   0.965   2.959   3.139
 91 264 04 58 30  -0.322   1.133   2.885   3.123
 91 264 04 59 30  -0.439   1.376   3.003   3.338
 91 264 05 00 30  -0.479   1.558   3.137   3.538
 91 264 05 01 30  -0.441   1.600   3.154   3.566
 91 264 05 02 30  -0.473   1.582   3.163   3.569
 91 264 05 03 30  -0.643   1.540   3.104   3.527
 91 264 05 04 30  -0.609   1.726   3.033   3.545
 91 264 05 05 30  -0.420   1.522   3.168   3.543
 91 264 05 06 30  -0.548   1.457   3.145   3.509
 91 264 05 07 30  -0.609   1.399   3.153   3.504
 91 264 05 08 30  -0.523   1.496   3.128   3.507
 91 264 05 09 30  -0.591   1.540   3.040   3.462
 91 264 05 10 30  -0.597   1.643   2.963   3.441
 91 264 05 11 30  -0.629   1.673   2.914   3.419
 91 264 05 12 30  -0.686   1.630   2.889   3.388
 91 264 05 13 30  -0.663   1.698   2.867   3.398
 91 264 05 14 30  -0.621   1.797   2.807   3.391
 91 264 05 15 30  -0.603   1.885   2.755   3.393
 91 264 05 16 30  -0.651   2.031   2.647   3.401
 91 264 05 17 30  -0.568   2.023   2.701   3.425
 91 264 05 18 30  -0.520   2.262   2.499   3.412
 91 264 05 19 30  -0.496   2.219   2.569   3.432
 91 264 05 20 30  -0.604   2.391   2.359   3.417
 91 264 05 21 30  -0.524   2.301   2.507   3.444
 91 264 05 22 30  -0.461   2.331   2.483   3.438
 91 264 05 23 30  -0.387   2.295   2.523   3.434
 91 264 05 24 30  -0.358   2.255   2.567   3.438
 91 264 05 25 30  -0.549   2.288   2.522   3.450
 91 264 05 26 30  -0.528   2.308   2.515   3.455
 91 264 05 27 30  -0.517   2.311   2.482   3.432
 91 264 05 28 30  -0.425   2.167   2.632   3.437
 91 264 05 29 30  -0.505   2.250   2.545   3.436
 91 264 05 30 30  -0.590   2.301   2.474   3.430
 91 264 05 31 30  -0.522   2.173   2.539   3.384
 91 264 05 32 30  -0.517   2.071   2.603   3.367
 91 264 05 33 30  -0.520   2.074   2.575   3.347
 91 264 05 34 30  -0.448   2.107   2.545   3.334
 91 264 05 35 30  -0.432   2.070   2.550   3.314
 91 264 05 36 30  -0.462   2.035   2.596   3.331
 91 264 05 37 30  -0.543   2.054   2.598   3.356
 91 264 05 38 30  -0.448   1.898   2.688   3.323
 91 264 05 39 30  -0.394   1.819   2.758   3.329
 91 264 05 40 30  -0.364   1.656   2.785   3.261
 91 264 05 41 30  -0.318   1.605   2.870   3.304
 91 264 05 42 30  -0.308   1.574   2.870   3.288
 91 264 05 43 30  -0.290   1.594   2.770   3.209
 91 264 05 44 30  -0.317   1.825   2.577   3.185
 91 264 05 45 30  -0.350   2.854   1.333   3.186
 91 264 05 46 30  -0.354   3.119   0.843   3.256
 91 264 05 47 30  -0.352   3.202   0.881   3.340
 91 264 05 48 30  -0.428   3.312   0.920   3.470
 91 264 05 49 30  -0.399   3.373   0.747   3.501
 91 264 05 50 30  -0.452   3.577   0.347   3.625
 91 264 05 51 30  -0.443   3.577   0.353   3.622
 91 264 05 52 30  -0.462   3.563   0.267   3.604
 91 264 05 53 30  -0.460   3.583   0.427   3.638
 91 264 05 54 30  -0.472   3.601   0.414   3.656
 91 264 05 55 30  -0.507   3.606   0.390   3.664
 91 264 05 56 30  -0.565   3.571   0.554   3.659
 91 264 05 57 30  -0.581   3.593   0.428   3.677
 91 264 05 58 30  -0.498   3.618   0.045   3.657
 91 264 05 59 30  -0.418   3.608   0.143   3.636
 91 264 06 00 30  -0.464   3.614   0.268   3.656
 91 264 06 01 30  -0.440   3.595  -0.061   3.631
 91 264 06 02 30  -0.313   3.591  -0.103   3.612
 91 264 06 03 30  -0.229   3.602  -0.022   3.613
 91 264 06 04 30  -0.487   3.591   0.132   3.628
 91 264 06 05 30  -0.369   3.596  -0.045   3.617
 91 264 06 06 30  -0.308   3.547  -0.147   3.565
 91 264 06 07 30  -0.243   3.562  -0.267   3.581
 91 264 06 08 30  -0.236   3.631  -0.260   3.653
 91 264 06 09 30  -0.324   3.650  -0.157   3.669
 91 264 06 10 30  -0.261   3.627  -0.289   3.650
 91 264 06 11 30  -0.355   3.600  -0.083   3.621
 91 264 06 12 30  -0.309   3.577  -0.060   3.594
 91 264 06 13 30  -0.409   3.470   0.198   3.502
 91 264 06 14 30  -0.248   3.442  -0.028   3.457
 91 264 06 15 30  -0.180   3.414   0.005   3.422
 91 264 06 16 30  -0.237   3.359   0.255   3.384
 91 264 06 17 30  -0.177   3.333   0.171   3.344
 91 264 06 18 30  -0.036   3.314   0.262   3.326
 91 264 06 19 30  -0.129   3.284   0.145   3.295
 91 264 06 20 30  -0.154   3.248  -0.115   3.256
 91 264 06 21 30  -0.138   3.147  -0.323   3.195
 91 264 06 22 30   0.039   0.974  -2.360   2.880
 91 264 06 23 30   0.007  -1.769  -1.685   2.464
 91 264 06 24 30   0.051  -1.159  -2.178   2.491
 91 264 06 25 30  -0.024  -0.605  -2.555   2.629
 91 264 06 26 30   0.080  -0.489  -2.594   2.642
 91 264 06 27 30   0.076  -0.385  -2.639   2.673
 91 264 06 28 30   0.004  -0.384  -2.693   2.723
 91 264 06 29 30  -0.059  -0.249  -2.823   2.838
 91 264 06 30 30  -0.405   0.239  -2.779   2.837
 91 264 06 31 30  -0.313   0.225  -2.756   2.807
 91 264 06 32 30  -0.313   0.192  -2.813   2.842
 91 264 06 33 30  -0.072  -0.234  -2.827   2.851
 91 264 06 34 30  -0.015  -0.257  -2.880   2.893
 91 264 06 35 30  -0.049  -0.122  -2.914   2.918
 91 264 06 36 30  -0.069   0.057  -2.873   2.875
 91 264 06 37 30  -0.101   0.280  -2.875   2.892
 91 264 06 38 30  -0.121   0.444  -2.806   2.844
 91 264 06 39 30  -0.143   0.350  -2.774   2.801
 91 264 06 40 30  -0.077   0.315  -2.753   2.788
 91 264 06 41 30  -0.081   0.672  -2.575   2.666
 91 264 06 42 30  -0.073   0.843  -2.516   2.686
 91 264 06 43 30  -0.066   0.821  -2.446   2.583
 91 264 06 44 30  -0.103   0.924  -2.427   2.603
 91 264 06 45 30   0.032   0.940  -2.549   2.723
 91 264 06 46 30   0.018   0.572  -2.777   2.839
 91 264 06 47 30   0.042   0.455  -2.869   2.910
 91 264 06 48 30  -0.024   0.605  -2.896   2.961
 91 264 06 49 30   0.056   0.460  -2.948   2.985
 91 264 06 50 30   0.025   0.329  -3.037   3.057
 91 264 06 51 30   0.025   0.318  -3.057   3.085
 91 264 06 52 30   0.037   0.041  -3.035   3.039
 91 264 06 53 30   0.079   0.310  -3.443   3.462
 91 264 06 54 30   0.044   0.231  -3.593   3.602
 91 264 06 55 30   0.017   0.234  -3.591   3.601
 91 264 06 56 30   0.039   0.258  -3.587   3.597
 91 264 06 57 30   0.082   0.256  -3.557   3.567
 91 264 06 58 30  -0.042   0.602  -3.503   3.612
 91 264 06 59 30  -0.224   1.223  -3.488   3.704
 91 264 07 00 30  -0.199   1.119  -3.585   3.761
 91 264 07 01 30  -0.159   1.064  -3.608   3.766
 91 264 07 02 30  -0.136   0.977  -3.622   3.755
 91 264 07 03 30  -0.096   0.823  -3.623   3.717
 91 264 07 04 30  -0.083   0.801  -3.630   3.719
 91 264 07 05 30  -0.117   0.886  -3.616   3.729
 91 264 07 06 30   0.021   0.589  -3.613   3.662
 91 264 07 07 30  -0.055   0.680  -3.590   3.654
 91 264 07 08 30  -0.028   0.630  -3.614   3.669
 91 264 07 09 30  -0.019   0.610  -3.613   3.664
 91 264 07 10 30  -0.003   0.654  -3.612   3.673
 91 264 07 11 30  -0.037   0.716  -3.617   3.687
 91 264 07 12 30   0.013   0.663  -3.615   3.676
 91 264 07 13 30   0.108   0.792  -3.556   3.645
 91 264 07 14 30   0.059   0.746  -3.593   3.670
 91 264 07 15 30   0.097   0.784  -3.584   3.670
 91 264 07 16 30   0.037   0.814  -3.582   3.674
 91 264 07 17 30   0.028   0.817  -3.589   3.682
 91 264 07 18 30   0.006   0.893  -3.588   3.697
 91 264 07 19 30   0.028   0.919  -3.593   3.709
 91 264 07 20 30   0.015   0.940  -3.576   3.698
 91 264 07 21 30  -0.051   0.959  -3.566   3.694
 91 264 07 22 30  -0.056   0.899  -3.582   3.694
 91 264 07 23 30   0.060   0.877  -3.598   3.704
 91 264 07 24 30   0.131   0.935  -3.580   3.702
 91 264 07 25 30   0.078   0.981  -3.571   3.704
 91 264 07 26 30   0.068   0.955  -3.563   3.690
 91 264 07 27 30   0.061   0.968  -3.556   3.686
 91 264 07 28 30   0.020   0.960  -3.552   3.680
 91 264 07 29 30  -0.125   0.990  -3.540   3.678
 91 264 07 30 30  -0.119   0.865  -3.583   3.688
 91 264 07 31 30  -0.111   0.765  -3.607   3.689
 91 264 07 32 30  -0.035   0.699  -3.611   3.678
 91 264 07 33 30  -0.011   0.718  -3.630   3.700
 91 264 07 34 30  -0.027   0.732  -3.625   3.699
 91 264 07 35 30  -0.009   0.720  -3.636   3.709
 91 264 07 36 30  -0.062   0.672  -3.651   3.713
 91 264 07 37 30  -0.071   0.680  -3.663   3.726
 91 264 07 38 30   0.021   0.780  -3.631   3.714
 91 264 07 39 30   0.025   0.761  -3.632   3.711
 91 264 07 40 30   0.029   0.768  -3.616   3.698
 91 264 07 41 30   0.033   0.747  -3.613   3.690
 91 264 07 42 30   0.090   0.774  -3.580   3.664
 91 264 07 43 30   0.105   0.771  -3.616   3.698
 91 264 07 44 30   0.075   0.782  -3.598   3.683
 91 264 07 45 30   0.044   0.778  -3.600   3.683
 91 264 07 46 30   0.039   0.763  -3.595   3.675
 91 264 07 47 30   0.071   0.693  -3.616   3.684
 91 264 07 48 30   0.128   0.682  -3.640   3.706
 91 264 07 49 30  -0.001   0.736  -3.629   3.704
 91 264 07 50 30   0.042   0.930  -3.585   3.708
 91 264 07 51 30   0.037   1.007  -3.559   3.702
 91 264 07 52 30   0.144   0.646  -3.631   3.694
 91 264 07 53 30   0.129   0.538  -3.612   3.657
 91 264 07 54 30   0.154   0.567  -3.606   3.656
 91 264 07 55 30   0.126   0.285  -3.636   3.653
 91 264 07 56 30   0.246   0.211  -3.671   3.690
 91 264 07 57 30   0.083   0.163  -3.689   3.701
 91 264 07 58 30   0.169   0.256  -3.684   3.708
 91 264 07 59 30   0.139   0.298  -3.697   3.718
 91 264 08 00 30   0.129   0.255  -3.690   3.705
 91 264 08 01 30   0.116   0.267  -3.688   3.701
 91 264 08 02 30  -0.184   0.572  -3.605   3.657
 91 264 08 03 30  -0.170   0.552  -3.616   3.662
 91 264 08 04 30   0.031   0.445  -3.635   3.664
 91 264 08 05 30   0.033   0.393  -3.642   3.663
 91 264 08 06 30  -0.038   0.461  -3.648   3.679
 91 264 08 07 30  -0.256   0.798  -3.589   3.692
 91 264 08 08 30  -0.328   0.925  -3.576   3.711
 91 264 08 09 30  -0.190   0.614  -3.662   3.719
 91 264 08 10 30  -0.209   0.661  -3.614   3.684
 91 264 08 11 30  -0.228   0.652  -3.467   3.571
 91 264 08 12 30   0.349  -0.671  -3.465   3.550
 91 264 08 13 30   0.407  -0.668  -3.438   3.526
 91 264 08 14 30   0.486  -0.593  -3.420   3.509
 91 264 08 15 30   0.819  -0.570  -3.386   3.536
 91 264 08 16 30   1.117  -0.784  -3.245   3.531
 91 264 08 17 30   0.550  -0.802  -3.399   3.538
 91 264 08 18 30   0.491  -0.767  -3.411   3.534
 91 264 08 19 30   0.310  -0.650  -3.476   3.552
 91 264 08 20 30   0.494  -0.806  -3.431   3.560
 91 264 08 21 30   0.197  -0.484  -3.623   3.661
 91 264 08 22 30   0.208  -0.425  -3.648   3.679
 91 264 08 23 30   0.186  -0.469  -3.627   3.663
 91 264 08 24 30   0.033  -0.333  -3.587   3.604
 91 264 08 25 30  -0.003  -0.357  -3.595   3.618
 91 264 08 26 30   0.014  -0.456  -3.591   3.620
 91 264 08 27 30   0.070  -0.411  -3.596   3.620
 91 264 08 28 30   0.206  -0.582  -3.556   3.611
 91 264 08 29 30   0.301  -0.758  -3.518   3.614
 91 264 08 30 30  -0.015  -0.058  -3.748   3.756
 91 264 08 31 30   0.230  -0.741  -3.682   3.774
 91 264 08 32 30   0.207  -0.752  -3.742   3.823
 91 264 08 33 30   0.241  -0.813  -3.728   3.824
 91 264 08 34 30   0.268  -0.824  -3.687   3.790
 91 264 08 35 30  -0.004   0.187  -3.758   3.774
 91 264 08 36 30  -0.036   0.188  -3.761   3.770
 91 264 08 37 30  -0.748   1.762  -3.232   3.757
 91 264 08 38 30  -0.672   1.640  -3.363   3.802
 91 264 08 39 30  -0.709   1.622  -3.383   3.818
 91 264 08 40 30  -0.764   1.664  -3.364   3.831
 91 264 08 41 30  -0.732   1.597  -3.408   3.836
 91 264 08 42 30  -0.702   1.590  -3.426   3.843
 91 264 08 43 30  -0.510   1.439  -3.533   3.851
 91 264 08 44 30  -0.475   1.491  -3.519   3.855
 91 264 08 45 30  -0.635   1.479  -3.498   3.856
 91 264 08 46 30  -0.770   0.921  -3.655   3.848
 91 264 08 47 30  -0.652   1.188  -3.577   3.827
 91 264 08 48 30  -0.730   1.084  -3.590   3.822
 91 264 08 49 30  -0.737   0.964  -3.637   3.835
 91 264 08 50 30  -0.771   0.908  -3.646   3.836
 91 264 08 51 30  -0.745   0.912  -3.661   3.846
 91 264 08 52 30  -0.771   0.871  -3.657   3.838
 91 264 08 53 30  -0.687   0.917  -3.662   3.838
 91 264 08 54 30  -0.762   0.815  -3.679   3.845
 91 264 08 55 30  -0.776   0.691  -3.713   3.856
 91 264 08 56 30  -0.763   0.685  -3.705   3.845
 91 264 08 57 30  -0.811   0.641  -3.716   3.859
 91 264 08 58 30  -0.731   0.569  -3.777   3.890
 91 264 08 59 30  -0.748   0.531  -3.792   3.902
 91 264 09 00 30  -0.751   0.526  -3.790   3.900
 91 264 09 01 30  -0.723   0.451  -3.817   3.911
 91 264 09 02 30  -0.736   0.412  -3.815   3.907
 91 264 09 03 30  -0.731   0.342  -3.800   3.889
 91 264 09 04 30  -0.650   0.180  -3.812   3.872
 91 264 09 05 30  -0.648   0.103  -3.842   3.899
 91 264 09 06 30  -0.677   0.057  -3.846   3.906
 91 264 09 07 30  -0.564   0.079  -3.866   3.908
 91 264 09 08 30  -0.533  -0.040  -3.859   3.896
 91 264 09 09 30  -0.558  -0.037  -3.859   3.900
 91 264 09 10 30  -0.537   0.062  -3.836   3.874
 91 264 09 11 30  -0.578   0.172  -3.844   3.891
 91 264 09 12 30  -0.544   0.334  -3.838   3.894
 91 264 09 13 30  -0.529   0.219  -3.806   3.855
 91 264 09 14 30  -0.437   0.069  -3.835   3.862
 91 264 09 15 30  -0.517  -0.052  -3.844   3.880
 91 264 09 16 30  -0.546   0.079  -3.848   3.891
 91 264 09 17 30  -0.663   1.168  -2.954   3.584
 91 264 09 18 30  -0.894   2.632  -1.532   3.182
 91 264 09 19 30  -0.846   2.352  -1.992   3.198
 91 264 09 20 30  -0.781   2.179  -2.132   3.153
 91 264 09 21 30  -0.649   2.076  -2.277   3.151
 91 264 09 22 30  -0.617   1.964  -2.333   3.113
 91 264 09 23 30  -0.429   2.034  -2.387   3.166
 91 264 09 24 30  -0.403   1.991  -2.466   3.195
 91 264 09 25 30  -0.352   2.084  -2.538   3.305
 91 264 09 26 30  -0.015   1.235  -2.897   3.153
 91 264 09 27 30  -0.037   1.224  -2.859   3.113
 91 264 09 28 30   0.204   0.983  -2.894   3.070
 91 264 09 29 30  -0.227   1.130  -2.923   3.144
 91 264 09 30 30  -0.376   1.362  -2.913   3.239
 91 264 09 31 30  -0.434   1.601  -2.772   3.234
 91 264 09 32 30  -0.437   1.595  -2.827   3.288
 91 264 09 33 30  -0.533   1.765  -2.702   3.276
 91 264 09 34 30  -0.606   1.794  -2.771   3.369
 91 264 09 35 30  -0.850   1.915  -2.666   3.393
 91 264 09 36 30  -0.443   1.381  -3.094   3.434
 91 264 09 37 30  -0.620   1.570  -2.993   3.440
 91 264 09 38 30  -0.501   1.585  -3.032   3.466
 91 264 09 39 30  -0.274   1.794  -2.864   3.396
 91 264 09 40 30  -0.371   1.662  -2.872   3.342
 91 264 09 41 30  -0.348   1.607  -2.910   3.344
 91 264 09 42 30  -0.345   1.580  -2.888   3.313
 91 264 09 43 30  -0.238   1.662  -2.875   3.330
 91 264 09 44 30  -0.369   1.427  -2.936   3.286
 91 264 09 45 30  -0.428   1.342  -3.118   3.460
 91 264 09 46 30  -1.151  -0.549  -3.223   3.475
 91 264 09 47 30  -1.106  -0.403  -3.230   3.439
 91 264 09 48 30  -1.025  -0.611  -3.221   3.442
 91 264 09 49 30  -1.203  -0.257  -3.240   3.467
 91 264 09 50 30  -1.093  -0.270  -3.211   3.404
 91 264 09 51 30  -1.062  -0.262  -3.226   3.407
 91 264 09 52 30  -1.101  -0.396  -3.229   3.436
 91 264 09 53 30  -1.159  -0.549  -3.195   3.444
 91 264 09 54 30  -1.290  -0.598  -3.152   3.459
 91 264 09 55 30  -1.172  -0.429  -3.178   3.418
 91 264 09 56 30  -0.962  -0.343  -3.263   3.425
 91 264 09 57 30  -0.746  -0.478  -3.263   3.401
 91 264 09 58 30  -0.620  -0.476  -3.268   3.361
 91 264 09 59 30  -0.519  -0.238  -3.311   3.365
 91 264 10 00 30  -0.546  -0.143  -3.364   3.412
 91 264 10 01 30  -0.571  -0.211  -3.395   3.450
 91 264 10 02 30  -0.560  -0.228  -3.404   3.458
 91 264 10 03 30  -0.530  -0.174  -3.377   3.424
 91 264 10 04 30  -0.512  -0.147  -3.348   3.395
 91 264 10 05 30  -0.350   0.134  -3.233   3.278
 91 264 10 06 30  -0.365   0.003  -3.287   3.313
 91 264 10 07 30  -0.500  -0.346  -3.549   3.605
 91 264 10 08 30  -0.447   0.060  -3.508   3.548
 91 264 10 09 30  -0.360   0.080  -3.515   3.536
 91 264 10 10 30  -0.467   0.134  -3.537   3.570
 91 264 10 11 30  -0.509   0.130  -3.515   3.555
 91 264 10 12 30  -0.473   0.095  -3.510   3.544
 91 264 10 13 30  -0.399   0.076  -3.511   3.537
 91 264 10 14 30  -0.398   0.204  -3.522   3.554
 91 264 10 15 30  -0.520   0.088  -3.552   3.595
 91 264 10 16 30  -0.494  -0.032  -3.528   3.563
 91 264 10 17 30  -0.488   0.007  -3.572   3.605
 91 264 10 18 30  -0.499   0.038  -3.589   3.624
 91 264 10 19 30  -0.545   0.048  -3.614   3.656
 91 264 10 20 30  -0.495   0.052  -3.562   3.597
 91 264 10 21 30  -0.461   0.030  -3.538   3.570
 91 264 10 22 30  -0.391  -0.162  -3.492   3.528
 91 264 10 23 30  -0.422  -0.307  -3.345   3.389
 91 264 10 24 30  -0.474  -0.481  -3.301   3.374
 91 264 10 25 30  -0.672  -0.469  -3.293   3.397
 91 264 10 26 30  -0.740  -0.520  -3.260   3.384
 91 264 10 27 30  -0.588  -0.558  -3.316   3.416
 91 264 10 28 30  -0.479  -0.963  -3.273   3.485
 91 264 10 29 30  -0.489  -1.868  -3.472   3.979
 91 264 10 30 30  -0.663  -1.882  -3.435   3.974
 91 264 10 31 30  -0.690  -1.878  -3.388   3.936
 91 264 10 32 30  -0.585  -1.942  -3.402   3.961
 91 264 10 33 30  -0.609  -1.715  -3.581   4.018
 91 264 10 34 30  -0.599  -1.577  -3.655   4.027
 91 264 10 35 30  -0.583  -1.353  -3.470   3.772
 91 264 10 36 30  -0.618  -1.401  -3.302   3.641
 91 264 10 37 30  -0.646  -1.499  -3.369   3.744
 91 264 10 38 30  -0.710  -1.866  -3.172   3.755
 91 264 10 39 30  -0.792  -1.712  -3.121   3.660
 91 264 10 40 30  -0.684  -2.030  -3.208   3.858
 91 264 10 41 30  -0.626  -1.939  -3.198   3.795
 91 264 10 42 30  -0.499  -1.737  -2.765   3.319
 91 264 10 43 30  -0.308  -2.077  -2.791   3.502
 91 264 10 44 30  -0.575  -2.001  -2.986   3.641
 91 264 10 45 30  -0.369  -2.136  -2.809   3.551
 91 264 10 46 30  -0.253  -2.255  -2.732   3.571
 91 264 10 47 30  -0.982  -2.970  -1.272   3.379
 91 264 10 48 30  -0.786  -3.018  -1.212   3.350
 91 264 10 49 30  -0.672  -2.970  -1.103   3.242
 91 264 10 50 30  -0.540  -2.837  -0.800   3.069
 91 264 10 51 30  -0.462  -2.775  -0.436   2.865
 91 264 10 52 30  -0.651  -2.745   0.620   2.942
 91 264 10 53 30  -0.646  -2.383   0.650   2.572
 91 264 10 54 30  -0.825  -2.276   0.243   2.448
 91 264 10 55 30  -0.393  -2.341   0.379   2.438
 91 264 10 56 30  -0.520  -2.420   0.076   2.584
 91 264 10 57 30  -0.890  -2.359  -0.714   2.642
 91 264 10 58 30  -1.011  -2.440  -0.886   2.800
 91 264 10 59 30  -0.972  -2.281  -0.390   2.513
 91 264 11 00 30  -1.144  -2.525   0.272   2.794
 91 264 11 01 30  -1.426  -2.496   0.488   2.934
 91 264 11 02 30  -1.038  -2.178   1.193   2.707
 91 264 11 03 30  -0.600  -1.305   2.186   2.706
 91 264 11 04 30  -0.386  -0.849   2.499   2.712
 91 264 11 05 30  -0.160  -0.881   2.617   2.870
 91 264 11 06 30   0.150  -0.255   2.832   2.910
 91 264 11 07 30   0.659   1.380   2.386   2.890
 91 264 11 08 30   0.461   1.196   2.465   2.824
 91 264 11 09 30   0.537   1.218   2.743   3.056
 91 264 11 10 30   0.581   1.483   2.718   3.160
 91 264 11 11 30   0.735   1.346   3.000   3.375
 91 264 11 12 30   0.761   1.354   3.101   3.470
 91 264 11 13 30   0.664   1.375   3.134   3.487
 91 264 11 14 30   0.699   1.590   3.131   3.582
 91 264 11 15 30   0.802   1.750   3.058   3.615
 91 264 11 16 30   0.774   2.041   2.779   3.538
 91 264 11 17 30   0.743   1.685   2.998   3.523
 91 264 11 18 30   0.546   1.608   3.029   3.479
 91 264 11 19 30   0.145   1.120   2.501   2.821
 91 264 11 20 30   0.820   2.310   0.420   2.544
 91 264 11 21 30   0.830   2.459  -0.327   2.624
 91 264 11 22 30   0.836   2.490  -0.572   2.693
 91 264 11 23 30   0.787   2.594  -0.631   2.791
 91 264 11 24 30   0.727   2.186  -1.183   2.623
 91 264 11 25 30   0.807   2.292  -0.218   2.525
 91 264 11 26 30   0.445   1.623  -1.332   2.239
 91 264 11 27 30   0.520   1.593  -1.415   2.227
 91 264 11 28 30   0.746   1.749  -1.109   2.203
 91 264 11 29 30   0.622   1.623  -1.179   2.102
 91 264 11 30 30   0.379   1.589  -1.247   2.059
 91 264 11 31 30   0.384   1.662  -1.104   2.039
 91 264 11 32 30   0.649   1.618  -1.055   2.039
 91 264 11 33 30   0.649   1.696  -0.864   2.017
 91 264 11 34 30   0.574   1.595  -1.071   2.014
 91 264 11 35 30   0.570   1.507  -1.494   2.214
 91 264 11 36 30   0.589   1.506  -1.826   2.444
 91 264 11 37 30   0.559   1.359  -2.006   2.490
 91 264 11 38 30   0.462   1.138  -2.127   2.471
 91 264 11 39 30   0.437   0.811  -2.305   2.488
 91 264 11 40 30   0.469   0.411  -2.490   2.569
 91 264 11 41 30   0.400   0.189  -2.541   2.582
 91 264 11 42 30   0.364   0.142  -2.449   2.485
 91 264 11 43 30   0.161   0.589  -2.384   2.487
 91 264 11 44 30   0.148  -0.144  -2.589   2.604
 91 264 11 45 30   0.137  -0.297  -2.539   2.562
 91 264 11 46 30   0.199  -0.216  -2.465   2.487
 91 264 11 47 30   0.129  -0.456  -2.365   2.431
 91 264 11 48 30  -0.324  -1.359  -1.389   2.065
 91 264 11 49 30  -0.116  -1.191  -1.555   1.994
 91 264 11 50 30  -0.074  -1.219  -1.760   2.160
 91 264 11 51 30   0.204  -1.057  -2.081   2.345
 91 264 11 52 30   0.126  -1.093  -2.102   2.377
 91 264 11 53 30   0.096  -1.415  -1.937   2.404
 91 264 11 54 30   0.069  -1.900  -1.567   2.480
 91 264 11 55 30  -0.192  -2.243  -0.677   2.417
 91 264 11 56 30  -0.187  -2.125  -1.305   2.506
 91 264 11 57 30  -0.139  -2.239  -1.083   2.493
 91 264 11 58 30  -0.104  -2.324  -0.948   2.516
 91 264 11 59 30  -0.174  -2.217  -0.647   2.328
 91 264 12 00 30  -0.123  -2.064  -0.713   2.205
 91 264 12 01 30  -0.120  -2.056  -0.578   2.175
 91 264 12 02 30  -0.608  -2.071   0.209   2.234
 91 264 12 03 30  -0.178  -2.127  -0.673   2.274
 91 264 12 04 30  -0.322  -2.133  -0.322   2.203
 91 264 12 05 30  -0.278  -2.077   0.162   2.115
 91 264 12 06 30  -0.277  -2.087   0.698   2.240
 91 264 12 07 30  -0.603  -2.791  -1.101   3.062
 91 264 12 08 30  -0.561  -2.844  -0.994   3.065
 91 264 12 09 30  -0.646  -2.905  -1.090   3.171
 91 264 12 10 30  -0.727  -2.806  -1.413   3.229
 91 264 12 11 30  -0.787  -2.779  -1.563   3.287
 91 264 12 12 30  -0.848  -2.730  -1.721   3.339
 91 264 12 13 30  -0.789  -2.875  -1.691   3.428
 91 264 12 14 30  -0.698  -2.878  -1.721   3.426
 91 264 12 15 30  -0.707  -2.836  -1.690   3.377
 91 264 12 16 30  -0.685  -2.866  -1.761   3.434
 91 264 12 17 30  -0.622  -2.924  -1.754   3.466
 91 264 12 18 30  -0.682  -2.806  -1.756   3.383
 91 264 12 19 30  -0.823  -2.702  -1.829   3.371
 91 264 12 20 30  -1.096  -2.501  -2.010   3.393
 91 264 12 21 30  -0.811  -2.722  -1.757   3.350
 91 264 12 22 30  -0.539  -3.046  -1.076   3.282
 91 264 12 23 30  -0.539  -3.087  -0.904   3.265
 91 264 12 24 30  -0.585  -3.139  -0.757   3.282
 91 264 12 25 30  -0.646  -3.163  -0.651   3.295
 91 264 12 26 30  -0.564  -3.099  -0.931   3.286
 91 264 12 27 30  -0.502  -3.118  -1.025   3.321
 91 264 12 28 30  -0.465  -3.122  -1.079   3.336
 91 264 12 29 30  -0.438  -3.144  -1.084   3.355
 91 264 12 30 30  -0.497  -3.183  -1.018   3.379
 91 264 12 31 30  -0.639  -3.224  -0.848   3.395
 91 264 12 32 30  -0.625  -3.277  -0.853   3.445
 91 264 12 33 30  -0.598  -3.309  -0.876   3.475
 91 264 12 34 30  -0.565  -3.282  -0.872   3.443
 91 264 12 35 30  -0.563  -3.255  -0.952   3.439
 91 264 12 36 30  -0.520  -3.278  -0.881   3.436
 91 264 12 37 30  -0.547  -3.314  -0.750   3.442
 91 264 12 38 30  -0.556  -3.287  -0.777   3.424
 91 264 12 39 30  -0.471  -3.328  -0.461   3.393
 91 264 12 40 30  -0.475  -3.233  -0.358   3.288
 91 264 12 41 30  -0.581  -3.249  -0.375   3.322
 91 264 12 42 30  -0.503  -3.316  -0.286   3.368
 91 264 12 43 30  -0.398  -3.190  -0.198   3.227
 91 264 12 44 30  -0.376  -3.212  -0.190   3.241
 91 264 12 45 30  -0.409  -3.195  -0.069   3.224
 91 264 12 46 30  -0.411  -3.098   0.190   3.147
 91 264 12 47 30  -0.591  -3.081   0.021   3.140
 91 264 12 48 30  -0.452  -3.148   0.126   3.185
 91 264 12 49 30  -0.464  -3.214  -0.087   3.254
 91 264 12 50 30  -0.483  -3.262  -0.083   3.305
 91 264 12 51 30  -0.437  -3.161  -0.117   3.194
 91 264 12 52 30  -0.375  -3.293   0.044   3.316
 91 264 12 53 30  -0.259  -3.171   0.135   3.187
 91 264 12 54 30  -0.215  -3.121   0.392   3.158
 91 264 12 55 30  -0.075  -3.203   0.207   3.212
 91 264 12 56 30  -0.300  -3.208   0.050   3.225
 91 264 12 57 30  -0.371  -3.339  -0.258   3.371
 91 264 12 58 30  -0.448  -3.091  -0.133   3.127
 91 264 12 59 30  -0.355  -2.835  -0.079   2.860
 91 264 13 00 30  -0.256  -2.777  -0.006   2.790
 91 264 13 01 30  -0.472  -2.584   0.457   2.674
 91 264 13 02 30  -0.562  -2.535   0.475   2.641
 91 264 13 03 30  -0.639  -2.635   0.128   2.726
 91 264 13 04 30  -0.461  -2.698   0.004   2.753
 91 264 13 05 30  -0.462  -2.689   0.118   2.751
 91 264 13 06 30  -0.282  -2.701   0.236   2.727
 91 264 13 07 30  -0.445  -2.912   0.350   2.971
 91 264 13 08 30  -0.395  -3.040   0.268   3.079
 91 264 13 09 30  -0.317  -3.079   0.202   3.102
 91 264 13 10 30  -0.287  -3.103   0.133   3.119
 91 264 13 11 30  -0.272  -3.013   0.076   3.027
 91 264 13 12 30  -0.283  -3.029   0.030   3.043
 91 264 13 13 30  -0.294  -3.182   0.024   3.198
 91 264 13 14 30  -0.234  -3.054  -0.144   3.072
 91 264 13 15 30  -0.170  -3.103  -0.137   3.111
 91 264 13 16 30  -0.158  -2.993   0.068   3.011
 91 264 13 17 30  -0.334  -2.862   0.565   2.944
 91 264 13 18 30  -0.230  -2.822   0.326   2.852
 91 264 13 19 30  -0.289  -2.924   0.370   2.962
 91 264 13 20 30  -0.191  -2.919   0.330   2.944
 91 264 13 21 30  -0.217  -2.921   0.373   2.954
 91 264 13 22 30  -0.197  -2.870   0.378   2.904
 91 264 13 23 30  -0.114  -2.870   0.445   2.908
 91 264 13 24 30  -0.213  -2.805   0.202   2.827
 91 264 13 25 30  -0.124  -2.796   0.307   2.836
 91 264 13 26 30   0.143  -2.631   0.841   2.769
 91 264 13 27 30   0.206  -2.659   0.766   2.778
 91 264 13 28 30   0.182  -2.613   0.953   2.798
 91 264 13 29 30   0.397  -2.573   1.253   2.895
 91 264 13 30 30   0.431  -2.544   1.083   2.923
 91 264 13 31 30  -0.306  -3.230   0.106   3.262
 91 264 13 32 30  -0.429  -3.321  -0.121   3.354
 91 264 13 33 30  -0.439  -3.131  -0.205   3.185
 91 264 13 34 30  -0.475  -3.260  -0.303   3.312
 91 264 13 35 30  -0.401  -3.271  -0.608   3.365
 91 264 13 36 30  -0.459  -3.318  -0.685   3.421
 91 264 13 37 30  -0.377  -3.391  -0.497   3.453
 91 264 13 38 30  -0.247  -3.413  -0.322   3.437
 91 264 13 39 30  -0.242  -3.396  -0.427   3.434
 91 264 13 40 30  -0.044  -3.414  -0.424   3.442
 91 264 13 41 30   0.004  -3.405  -0.492   3.443
 91 264 13 42 30  -0.141  -3.388  -0.546   3.443
 91 264 13 43 30  -0.531  -3.382  -0.238   3.434
 91 264 13 44 30  -0.484  -3.364  -0.266   3.409
 91 264 13 45 30  -0.314  -3.381  -0.387   3.419
 91 264 13 46 30  -0.410  -3.398  -0.232   3.432
 91 264 13 47 30  -0.496  -3.385  -0.192   3.428
 91 264 13 48 30  -0.525  -3.385  -0.012   3.428
 91 264 13 49 30  -0.536  -3.373  -0.262   3.428
 91 264 13 50 30  -0.500  -3.374  -0.260   3.422
 91 264 13 51 30  -0.484  -3.362  -0.285   3.411
 91 264 13 52 30  -0.328  -3.365  -0.288   3.401
 91 264 13 53 30  -0.645  -3.274   0.352   3.368
 91 264 13 54 30  -0.391  -3.333  -0.159   3.361
 91 264 13 55 30  -0.345  -3.347  -0.135   3.369
 91 264 13 56 30  -0.335  -3.354  -0.057   3.374
 91 264 13 57 30  -0.321  -3.350  -0.154   3.373
 91 264 13 58 30  -0.117  -3.361  -0.167   3.372
 91 264 13 59 30  -0.168  -3.365  -0.111   3.374
 91 264 14 00 30  -0.062  -3.377  -0.035   3.380
 91 264 14 01 30  -0.171  -3.361   0.188   3.374
 91 264 14 02 30  -0.290  -3.338   0.320   3.368
 91 264 14 03 30  -0.260  -3.340   0.176   3.359
 91 264 14 04 30  -0.348  -3.338   0.238   3.365
 91 264 14 05 30  -0.602  -3.273   0.391   3.366
 91 264 14 06 30  -0.615  -3.216   0.847   3.390
 91 264 14 07 30  -0.588  -3.212   0.888   3.388
 91 264 14 08 30  -0.528  -3.229   0.886   3.391
 91 264 14 09 30  -0.521  -3.325   0.491   3.409
 91 264 14 10 30  -0.616  -3.300   0.669   3.429
 91 264 14 11 30  -0.657  -3.290   0.743   3.438
 91 264 14 12 30  -0.900  -3.140   1.070   3.444
 91 264 14 13 30  -0.407  -3.447   0.267   3.489
 91 264 14 14 30  -0.437  -3.440   0.367   3.488
 91 264 14 15 30  -0.526  -3.412   0.473   3.486
 91 264 14 16 30  -0.688  -3.377   0.549   3.490
 91 264 14 17 30  -0.641  -3.332   0.718   3.471
 91 264 14 18 30  -0.761  -3.260   0.847   3.454
 91 264 14 19 30  -0.751  -3.185   1.101   3.454
 91 264 14 20 30  -0.707  -3.194   1.095   3.450
 91 264 14 21 30  -0.752  -3.198   1.103   3.466
 91 264 14 22 30  -0.721  -3.217   1.108   3.478
 91 264 14 23 30  -0.752  -3.223   1.125   3.496
 91 264 14 24 30  -0.716  -3.237   1.120   3.500
 91 264 14 25 30  -0.661  -3.253   1.104   3.498
 91 264 14 26 30  -0.668  -3.255   1.082   3.495
 91 264 14 27 30  -0.640  -3.240   1.131   3.492
 91 264 14 28 30  -0.625  -3.232   1.163   3.492
 91 264 14 29 30  -0.625  -3.238   1.136   3.489
 91 264 14 30 30  -0.550  -3.223   1.224   3.495
 91 264 14 31 30  -0.651  -3.259   1.070   3.494
 91 264 14 32 30  -0.704  -3.248   1.076   3.497
 91 264 14 33 30  -0.654  -3.212   1.180   3.490
 91 264 14 34 30  -0.724  -3.150   1.283   3.481
 91 264 14 35 30  -0.625  -3.123   1.412   3.487
 91 264 14 36 30  -0.663  -3.105   1.403   3.479
 91 264 14 37 30  -0.419  -3.149   1.371   3.462
 91 264 14 38 30  -0.317  -3.209   1.289   3.474
 91 264 14 39 30  -0.431  -3.139   1.431   3.477
 91 264 14 40 30  -0.392  -3.134   1.435   3.471
 91 264 14 41 30  -0.451  -3.046   1.592   3.468
 91 264 14 42 30  -0.454  -3.051   1.597   3.475
 91 264 14 43 30  -0.483  -3.025   1.652   3.481
 91 264 14 44 30  -0.456  -3.038   1.619   3.473
 91 264 14 45 30  -0.449  -3.079   1.603   3.501
 91 264 14 46 30  -0.462  -3.100   1.579   3.510
 91 264 14 47 30  -0.471  -3.094   1.574   3.503
 91 264 14 48 30  -0.518  -3.063   1.622   3.505
 91 264 14 49 30  -0.484  -3.072   1.620   3.507
 91 264 14 50 30  -0.486  -3.089   1.596   3.512
 91 264 14 51 30  -0.265  -3.044   1.754   3.534
 91 264 14 52 30  -0.499  -3.104   1.617   3.537
 91 264 14 53 30  -0.520  -3.060   1.697   3.544
 91 264 14 54 30  -0.311  -3.121   1.678   3.559
 91 264 14 55 30  -0.375  -3.146   1.617   3.566
 91 264 14 56 30  -0.395  -3.158   1.569   3.558
 91 264 14 57 30  -0.303  -3.082   1.763   3.569
 91 264 14 58 30  -0.403  -3.086   1.739   3.571
 91 264 14 59 30  -0.300  -3.061   1.802   3.566
 91 264 15 00 30  -0.238  -3.049   1.843   3.571
 91 264 15 01 30  -0.195  -3.051   1.847   3.572
 91 264 15 02 30  -0.264  -3.059   1.838   3.579
 91 264 15 03 30  -0.284  -3.074   1.824   3.587
 91 264 15 04 30  -0.250  -3.050   1.852   3.577
 91 264 15 05 30  -0.279  -3.031   1.881   3.578
 91 264 15 06 30  -0.297  -3.010   1.919   3.583
 91 264 15 07 30  -0.248  -2.975   1.985   3.585
 91 264 15 08 30  -0.240  -2.994   1.955   3.584
 91 264 15 09 30  -0.264  -3.013   1.925   3.586
 91 264 15 10 30  -0.259  -3.015   1.929   3.588
 91 264 15 11 30  -0.263  -3.002   1.941   3.585
 91 264 15 12 30  -0.244  -2.999   1.954   3.588
 91 264 15 13 30  -0.293  -3.013   1.926   3.588
 91 264 15 14 30  -0.269  -2.989   1.959   3.584
 91 264 15 15 30  -0.265  -2.964   1.993   3.582
 91 264 15 16 30  -0.357  -2.983   1.956   3.586
 91 264 15 17 30  -0.428  -2.951   1.992   3.587
 91 264 15 18 30  -0.320  -2.981   1.978   3.593
 91 264 15 19 30  -0.173  -2.912   2.085   3.594
 91 264 15 20 30  -0.029  -2.883   2.169   3.610
 91 264 15 21 30  -0.042  -2.871   2.183   3.609
 91 264 15 22 30  -0.024  -2.847   2.225   3.613
 91 264 15 23 30  -0.057  -2.851   2.218   3.614
 91 264 15 24 30   0.044  -2.829   2.234   3.608
 91 264 15 25 30  -0.068  -2.845   2.204   3.605
 91 264 15 26 30  -0.314  -2.915   2.077   3.594
 91 264 15 27 30  -0.176  -2.802   2.240   3.593
 91 264 15 28 30  -0.213  -2.823   2.223   3.600
 91 264 15 29 30  -0.176  -2.796   2.253   3.595
 91 264 15 30 30  -0.168  -2.799   2.238   3.588
 91 264 15 31 30  -0.118  -2.736   2.319   3.589
 91 264 15 32 30  -0.115  -2.664   2.400   3.587
 91 264 15 33 30  -0.212  -2.664   2.378   3.582
 91 264 15 34 30  -0.116  -2.569   2.482   3.576
 91 264 15 35 30   0.053  -2.535   2.515   3.573
 91 264 15 36 30  -0.215  -2.476   2.551   3.564
 91 264 15 37 30  -0.225  -2.411   2.610   3.563
 91 264 15 38 30  -0.192  -2.298   2.713   3.564
 91 264 15 39 30  -0.218  -2.356   2.658   3.559
 91 264 15 40 30  -0.188  -2.320   2.690   3.558
 91 264 15 41 30  -0.295  -2.311   2.680   3.552
 91 264 15 42 30  -0.187  -2.232   2.737   3.542
 91 264 15 43 30  -0.107  -2.248   2.736   3.544
 91 264 15 44 30   0.048  -2.008   2.913   3.548
 91 264 15 45 30  -0.296  -2.481   2.504   3.542
 91 264 15 46 30  -0.306  -2.457   2.571   3.570
 91 264 15 47 30  -0.295  -2.502   2.527   3.569
 91 264 15 48 30  -0.365  -2.486   2.518   3.557
 91 264 15 49 30  -0.272  -2.475   2.545   3.561
 91 264 15 50 30  -0.271  -2.512   2.507   3.560
 91 264 15 51 30  -0.320  -2.484   2.525   3.557
 91 264 15 52 30  -0.321  -2.550   2.449   3.552
 91 264 15 53 30  -0.278  -2.619   2.386   3.557
 91 264 15 54 30  -0.304  -2.501   2.498   3.548
 91 264 15 55 30  -0.338  -2.538   2.450   3.546
 91 264 15 56 30  -0.442  -2.276   2.664   3.535
 91 264 15 57 30  -0.747  -1.841   2.874   3.518
 91 264 15 58 30  -0.804  -1.111   3.206   3.507
 91 264 15 59 30  -0.711  -1.360   3.153   3.517
 91 264 16 00 30  -0.355  -1.327   3.211   3.516
 91 264 16 01 30  -0.429  -2.870   1.920   3.511
 91 264 16 02 30  -0.173  -3.197   1.337   3.476
 91 264 16 03 30  -0.087  -3.098   1.550   3.467
 91 264 16 04 30  -0.092  -3.036   1.676   3.470
 91 264 16 05 30  -0.081  -2.855   1.945   3.459
 91 264 16 06 30  -0.086  -2.577   2.293   3.466
 91 264 16 07 30   0.000  -2.570   2.319   3.474
 91 264 16 08 30   0.054  -2.855   1.863   3.462
 91 264 16 09 30   0.266  -2.520   2.317   3.451
 91 264 16 10 30   0.538  -2.712   2.057   3.456
 91 264 16 11 30   0.722  -2.620   2.093   3.446
 91 264 16 12 30   0.535  -2.916   1.719   3.445
 91 264 16 13 30  -0.195  -2.697   2.145   3.455
 91 264 16 14 30  -0.248  -2.799   2.026   3.465
 91 264 16 15 30  -0.341  -2.762   2.046   3.460
 91 264 16 16 30  -0.464  -2.769   2.015   3.470
 91 264 16 17 30  -0.981  -2.730   1.885   3.473
 91 264 16 18 30  -0.702  -2.738   2.026   3.483
 91 264 16 19 30  -1.020  -2.618   2.018   3.464
 91 264 16 20 30  -1.060  -2.574   1.969   3.433
 91 264 16 21 30  -0.371  -2.753   2.055   3.474
 91 264 16 22 30   0.162  -2.925   1.872   3.480
 91 264 16 23 30   0.131  -2.858   1.990   3.487
 91 264 16 24 30   0.000  -2.885   1.937   3.479
 91 264 16 25 30   0.014  -2.889   1.946   3.484
 91 264 16 26 30   0.106  -2.922   1.901   3.489
 91 264 16 27 30   0.081  -2.905   1.926   3.488
 91 264 16 28 30   0.002  -2.924   1.896   3.489
 91 264 16 29 30   0.069  -3.011   1.782   3.502
 91 264 16 30 30   0.179  -3.130   1.584   3.513
 91 264 16 31 30   0.064  -3.045   1.748   3.513
 91 264 16 32 30   0.142  -3.110   1.615   3.511
 91 264 16 33 30   0.150  -3.139   1.533   3.498
 91 264 16 34 30  -0.039  -3.079   1.682   3.509
 91 264 16 35 30  -0.011  -3.128   1.605   3.516
 91 264 16 36 30  -0.017  -3.094   1.665   3.514
 91 264 16 37 30  -0.015  -3.076   1.665   3.498
 91 264 16 38 30  -0.030  -3.036   1.727   3.493
 91 264 16 39 30  -0.039  -3.031   1.737   3.494
 91 264 16 40 30  -0.063  -3.014   1.761   3.493
 91 264 16 41 30  -0.146  -3.019   1.747   3.492
 91 264 16 42 30  -0.144  -2.949   1.859   3.490
 91 264 16 43 30  -0.171  -2.947   1.854   3.486
 91 264 16 44 30  -0.212  -2.942   1.858   3.486
 91 264 16 45 30  -0.287  -2.884   1.920   3.478
 91 264 16 46 30  -0.221  -2.964   1.831   3.496
 91 264 16 47 30  -0.265  -2.785   2.003   3.449
 91 264 16 48 30  -0.317  -2.809   1.920   3.418
 91 264 16 49 30  -0.301  -2.772   1.935   3.398
 91 264 16 50 30  -0.283  -2.904   1.682   3.381
 91 264 16 51 30  -0.334  -2.927   1.611   3.385
 91 264 16 52 30  -0.431  -2.817   1.832   3.397
 91 264 16 53 30  -0.345  -2.863   1.753   3.386
 91 264 16 54 30  -0.276  -2.799   1.900   3.404
 91 264 16 55 30  -0.559  -2.612   2.066   3.388
 91 264 16 56 30  -0.497  -2.689   1.999   3.389
 91 264 16 57 30   0.044  -3.043   1.449   3.380
 91 264 16 58 30   0.254  -3.106   1.295   3.375
 91 264 16 59 30   0.311  -3.118   1.248   3.373
 91 264 17 00 30   0.312  -3.164   1.157   3.387
 91 264 17 01 30   0.330  -3.176   1.163   3.399
 91 264 17 02 30   0.527  -3.165   0.954   3.371
 91 264 17 03 30   1.355  -3.054  -0.352   3.386
 91 264 17 04 30   1.340  -3.045  -0.560   3.381
 91 264 17 05 30   0.879  -3.181   0.279   3.345
 91 264 17 06 30   0.322  -3.136   1.100   3.343
 91 264 17 07 30   0.239  -3.087   1.271   3.411
 91 264 17 08 30   0.781  -3.213   0.747   3.393
 91 264 17 09 30   1.048  -3.264   0.608   3.484
 91 264 17 10 30   0.908  -3.267   0.562   3.478
 91 264 17 11 30   0.129  -3.070   1.671   3.506
 91 264 17 12 30  -0.555  -2.872   1.917   3.518
 91 264 17 13 30   0.728  -3.067   1.415   3.529
 91 264 17 14 30   0.379  -3.131   1.528   3.520
 91 264 17 15 30   0.337  -3.074   1.683   3.532
 91 264 17 16 30   0.241  -3.021   1.806   3.537
 91 264 17 17 30  -0.265  -2.410   2.529   3.527
 91 264 17 18 30  -0.394  -2.307   2.611   3.508
 91 264 17 19 30  -0.414  -2.412   2.528   3.520
 91 264 17 20 30  -0.328  -2.481   2.479   3.523
 91 264 17 21 30  -0.411  -2.410   2.538   3.525
 91 264 17 22 30  -0.491  -2.362   2.590   3.540
 91 264 17 23 30  -0.511  -2.385   2.585   3.557
 91 264 17 24 30  -0.232  -2.529   2.463   3.550
 91 264 17 25 30  -0.139  -2.638   2.393   3.570
 91 264 17 26 30  -0.388  -2.491   2.536   3.576
 91 264 17 27 30  -0.483  -2.389   2.621   3.579
 91 264 17 28 30  -0.541  -2.308   2.676   3.576
 91 264 17 29 30  -0.521  -2.254   2.707   3.564
 91 264 17 30 30  -0.578  -2.160   2.691   3.514
 91 264 17 31 30   0.160  -3.117   1.594   3.513
 91 264 17 32 30   0.331  -3.169   1.477   3.522
 91 264 17 33 30   0.461  -3.208   1.351   3.516
 91 264 17 34 30   0.516  -3.206   1.365   3.526
 91 264 17 35 30   0.391  -3.186   1.525   3.556
 91 264 17 36 30   0.324  -3.152   1.634   3.567
 91 264 17 37 30   0.176  -3.014   1.851   3.546
 91 264 17 38 30  -0.034  -2.687   2.295   3.537
 91 264 17 39 30  -0.089  -2.615   2.372   3.536
 91 264 17 40 30  -0.229  -2.450   2.524   3.528
 91 264 17 41 30  -0.159  -2.508   2.495   3.544
 91 264 17 42 30  -0.115  -2.557   2.431   3.531
 91 264 17 43 30  -0.098  -2.649   2.335   3.536
 91 264 17 44 30  -0.222  -2.826   2.132   3.555
 91 264 17 45 30  -0.125  -2.779   2.232   3.572
 91 264 17 46 30  -0.114  -2.766   2.262   3.578
 91 264 17 47 30  -0.135  -2.822   2.212   3.589
 91 264 17 48 30  -0.099  -2.801   2.231   3.583
 91 264 17 49 30  -0.085  -2.810   2.222   3.583
 91 264 17 50 30  -0.129  -2.859   2.162   3.587
 91 264 17 51 30  -0.040  -2.519   2.490   3.545
 91 264 17 52 30  -0.081  -2.769   2.236   3.571
 91 264 17 53 30  -0.043  -2.625   2.369   3.547
 91 264 17 54 30   0.008  -2.531   2.470   3.540
 91 264 17 55 30  -0.124  -2.677   2.312   3.539
 91 264 17 56 30  -0.218  -2.689   2.310   3.555
 91 264 17 57 30  -0.084  -3.023   1.802   3.533
 91 264 17 58 30  -0.090  -3.236   1.423   3.539
 91 264 17 59 30  -0.042  -3.190   1.532   3.541
 91 264 18 00 30  -0.060  -3.119   1.654   3.535
 91 264 18 01 30   0.030  -3.102   1.630   3.523
 91 264 18 02 30   0.023  -3.009   1.792   3.510
 91 264 18 03 30   0.016  -2.996   1.751   3.489
 91 264 18 04 30   0.205  -3.459   0.464   3.504
 91 264 18 05 30   0.213  -3.459   0.340   3.483
 91 264 18 06 30   0.244  -3.454   0.377   3.485
 91 264 18 07 30   0.237  -3.466   0.137   3.479
 91 264 18 08 30   0.245  -3.482   0.047   3.492
 91 264 18 09 30   0.396  -3.445   0.277   3.481
 91 264 18 10 30   0.442  -3.441   0.361   3.488
 91 264 18 11 30   0.440  -3.415   0.419   3.469
 91 264 18 12 30   0.419  -3.392   0.483   3.452
 91 264 18 13 30   0.325  -3.298   0.787   3.417
 91 264 18 14 30   0.153  -3.345   0.243   3.389
 91 264 18 15 30   0.091  -3.056  -1.341   3.448
 91 264 18 16 30  -0.338  -3.009  -1.210   3.400
 91 264 18 17 30   0.066  -2.465  -2.322   3.426
 91 264 18 18 30   0.060  -2.164  -2.596   3.411
 91 264 18 19 30   0.149  -2.362  -2.477   3.427
 91 264 18 20 30   0.155  -2.246  -2.599   3.440
 91 264 18 21 30   0.200  -2.014  -2.785   3.445
 91 264 18 22 30   0.184  -1.935  -2.843   3.445
 91 264 18 23 30   0.185  -1.912  -2.866   3.452
 91 264 18 24 30   0.316  -1.901  -2.873   3.461
 91 264 18 25 30   0.310  -1.850  -2.902   3.456
 91 264 18 26 30   0.300  -1.753  -2.955   3.449
 91 264 18 27 30   0.308  -1.713  -2.978   3.450
 91 264 18 28 30   0.399  -1.666  -3.006   3.463
 91 264 18 29 30   0.386  -1.651  -3.015   3.472
 91 264 18 30 30   0.319  -1.714  -2.941   3.421
 91 264 18 31 30   0.403  -1.648  -2.991   3.440
 91 264 18 32 30   0.444  -1.601  -3.035   3.460
 91 264 18 33 30   0.430  -1.633  -2.965   3.413
 91 264 18 34 30   0.477  -1.628  -2.970   3.421
 91 264 18 35 30   0.505  -1.610  -2.974   3.420
 91 264 18 36 30   0.314  -1.716  -2.927   3.408
 91 264 18 37 30   0.340  -1.683  -2.932   3.398
 91 264 18 38 30   0.181  -1.769  -2.903   3.406
 91 264 18 39 30   0.159  -1.681  -2.959   3.408
 91 264 18 40 30   0.182  -1.664  -2.961   3.402
 91 264 18 41 30   0.125  -1.803  -2.875   3.396
 91 264 18 42 30   0.199  -1.857  -2.833   3.394
 91 264 18 43 30   0.249  -1.898  -2.808   3.401
 91 264 18 44 30   0.246  -2.018  -2.761   3.432
 91 264 18 45 30   0.283  -1.890  -2.826   3.413
 91 264 18 46 30   0.299  -1.721  -2.898   3.391
 91 264 18 47 30   0.056  -1.923  -2.843   3.433
 91 264 18 48 30   0.181  -1.879  -2.878   3.442
 91 264 18 49 30   0.272  -1.761  -2.974   3.467
 91 264 18 50 30   0.281  -1.767  -2.967   3.464
 91 264 18 51 30   0.286  -1.757  -2.979   3.470
 91 264 18 52 30   0.315  -1.749  -2.987   3.476
 91 264 18 53 30   0.291  -1.786  -2.958   3.468
 91 264 18 54 30   0.288  -1.803  -2.955   3.474
 91 264 18 55 30   0.338  -1.639  -2.972   3.414
 91 264 18 56 30   0.330  -1.584  -3.016   3.422
 91 264 18 57 30   0.332  -1.607  -2.991   3.412
 91 264 18 58 30   0.408  -1.668  -2.939   3.405
 91 264 18 59 30   0.392  -1.614  -2.979   3.411
 91 264 19 00 30   0.435  -1.607  -2.943   3.382
 91 264 19 01 30   0.401  -1.585  -2.945   3.368
 91 264 19 02 30   0.437  -1.582  -2.947   3.373
 91 264 19 03 30   0.433  -1.543  -2.961   3.369
 91 264 19 04 30   0.505  -1.471  -3.002   3.382
 91 264 19 05 30   0.430  -1.509  -3.007   3.392
 91 264 19 06 30   0.331  -1.561  -2.983   3.385
 91 264 19 07 30   0.342  -1.535  -3.001   3.392
 91 264 19 08 30   0.078  -1.658  -2.933   3.371
 91 264 19 09 30   0.112  -1.668  -2.954   3.396
 91 264 19 10 30   0.135  -1.690  -2.939   3.394
 91 264 19 11 30   0.038  -1.588  -3.004   3.398
 91 264 19 12 30   0.144  -1.604  -2.969   3.379
 91 264 19 13 30   0.230  -1.485  -3.030   3.382
 91 264 19 14 30   0.334  -1.295  -3.124   3.399
 91 264 19 15 30   0.266  -1.467  -3.096   3.439
 91 264 19 16 30   0.274  -1.322  -3.186   3.463
 91 264 19 17 30   0.526  -1.067  -3.229   3.457
 91 264 19 18 30   0.988  -0.808  -3.323   3.563
 91 264 19 19 30   0.580  -1.433  -3.201   3.577
 91 264 19 20 30   0.173  -1.823  -3.140   3.635
 91 264 19 21 30   0.173  -1.828  -3.156   3.652
 91 264 19 22 30   0.132  -1.860  -3.153   3.663
 91 264 19 23 30   0.200  -1.895  -3.110   3.648
 91 264 19 24 30   0.182  -1.874  -3.108   3.635
 91 264 19 25 30   0.090  -1.789  -3.158   3.630
 91 264 19 26 30   0.081  -1.800  -3.151   3.630
 91 264 19 27 30   0.097  -1.847  -3.128   3.635
 91 264 19 28 30   0.133  -1.975  -3.058   3.644
 91 264 19 29 30   0.134  -1.904  -3.122   3.660
 91 264 19 30 30   0.098  -1.774  -3.222   3.682
 91 264 19 31 30   0.085  -1.754  -3.231   3.678
 91 264 19 32 30   0.036  -1.747  -3.240   3.682
 91 264 19 33 30   0.058  -1.852  -3.174   3.678
 91 264 19 34 30   0.071  -1.799  -3.184   3.658
 91 264 19 35 30   0.038  -1.817  -3.192   3.673
 91 264 19 36 30   0.054  -1.863  -3.179   3.685
 91 264 19 37 30   0.123  -2.024  -3.115   3.718
 91 264 19 38 30   0.342  -1.835  -3.202   3.714
 91 264 19 39 30  -0.013  -1.597  -3.336   3.710
 91 264 19 40 30  -0.092  -1.655  -3.333   3.723
 91 264 19 41 30  -0.052  -1.678  -3.328   3.728
 91 264 19 42 30  -0.093  -1.723  -3.291   3.717
 91 264 19 43 30  -0.121  -1.657  -3.319   3.712
 91 264 19 44 30  -0.172  -1.572  -3.340   3.698
 91 264 19 45 30  -0.043  -1.989  -3.079   3.679
 91 264 19 46 30   0.158  -2.394  -2.603   3.571
 91 264 19 47 30   0.199  -2.621  -2.006   3.370
 91 264 19 48 30   0.107  -2.383  -1.760   3.178
 91 264 19 49 30   0.265  -2.997  -1.125   3.214
 91 264 19 50 30   0.323  -3.093  -0.983   3.263
 91 264 19 51 30   0.387  -3.069  -0.915   3.237
 91 264 19 52 30   0.263  -2.596   0.827   3.203
 91 264 19 53 30   0.287  -2.824   1.636   3.276
 91 264 19 54 30   0.414  -2.970   1.408   3.315
 91 264 19 55 30   0.277  -2.995   1.392   3.317
 91 264 19 56 30   0.014  -3.014   1.367   3.311
 91 264 19 57 30  -0.065  -3.037   1.319   3.315
 91 264 19 58 30   0.090  -3.074   1.245   3.323
 91 264 19 59 30  -0.489  -2.848   1.435   3.228
 91 264 20 00 30  -0.057  -3.225   0.863   3.343
 91 264 20 01 30   0.079  -3.171   0.728   3.265
 91 264 20 02 30   0.257  -3.180   0.419   3.222
 91 264 20 03 30   0.296  -3.197   0.069   3.216
 91 264 20 04 30   0.261  -3.176   0.189   3.198
 91 264 20 05 30   0.388  -3.239   0.331   3.283
 91 264 20 06 30   0.475  -3.259   0.286   3.307
 91 264 20 07 30   0.391  -3.155   0.231   3.190
 91 264 20 08 30   0.428  -3.062   0.300   3.108
 91 264 20 09 30   0.435  -3.035   0.418   3.096
 91 264 20 10 30   0.406  -3.031   0.486   3.098
 91 264 20 11 30   0.398  -3.038   0.479   3.103
 91 264 20 12 30   0.436  -2.991   0.482   3.068
 91 264 20 13 30   0.525  -2.983   0.630   3.099
 91 264 20 14 30   0.609  -2.936   0.712   3.089
 91 264 20 15 30   0.541  -2.888   0.842   3.065
 91 264 20 16 30   0.659  -2.909   0.783   3.087
 91 264 20 17 30   0.504  -3.026   0.398   3.117
 91 264 20 18 30   0.579  -3.024   0.360   3.106
 91 264 20 19 30   0.504  -3.053   0.238   3.110
 91 264 20 20 30   0.407  -2.830  -0.473   2.908
 91 264 20 21 30   0.359  -2.843  -0.524   2.923
 91 264 20 22 30   0.647  -2.770  -0.659   2.942
 91 264 20 23 30   0.483  -2.782  -0.634   2.906
 91 264 20 24 30   0.346  -2.815  -0.622   2.915
 91 264 20 25 30   0.409  -2.879  -0.883   3.041
 91 264 20 26 30   0.350  -2.751  -1.162   3.009
 91 264 20 27 30   0.291  -2.657  -1.297   2.972
 91 264 20 28 30   0.300  -2.769  -1.171   3.037
 91 264 20 29 30   0.174  -2.799  -1.228   3.071
 91 264 20 30 30  -0.057  -2.400  -1.706   2.956
 91 264 20 31 30  -0.099  -2.676  -1.353   3.009
 91 264 20 32 30  -0.155  -2.920  -0.793   3.039
 91 264 20 33 30  -0.009  -2.919  -0.627   2.988
 91 264 20 34 30  -0.092  -2.890  -0.281   2.915
 91 264 20 35 30   0.019  -2.684  -0.298   2.707
 91 264 20 36 30   0.081  -2.654  -0.255   2.676
 91 264 20 37 30   0.190  -2.714  -0.224   2.740
 91 264 20 38 30   0.348  -2.714  -0.152   2.744
 91 264 20 39 30   0.275  -2.735  -0.131   2.754
 91 264 20 40 30   0.253  -2.691  -0.119   2.723
 91 264 20 41 30   0.186  -2.708  -0.276   2.731
 91 264 20 42 30   0.096  -2.636  -0.377   2.670
 91 264 20 43 30   0.428  -2.595  -0.112   2.639
 91 264 20 44 30   0.311  -2.487  -0.335   2.547
 91 264 20 45 30  -0.084  -2.453  -0.520   2.514
 91 264 20 46 30   0.076  -2.432  -0.444   2.495
 91 264 20 47 30   0.487  -2.502  -0.278   2.570
 91 264 20 48 30   0.264  -2.474  -0.316   2.519
 91 264 20 49 30   0.030  -2.419  -0.169   2.432
 91 264 20 50 30   0.090  -2.406  -0.106   2.427
 91 264 20 51 30   0.051  -2.382  -0.072   2.394
 91 264 20 52 30   0.197  -2.307  -0.368   2.347
 91 264 20 53 30   0.220  -2.328  -0.087   2.347
 91 264 20 54 30   0.250  -2.349   0.231   2.403
 91 264 20 55 30   0.275  -2.338   0.477   2.409
 91 264 20 56 30   0.351  -2.227   0.727   2.387
 91 264 20 57 30   0.379  -2.307   0.442   2.399
 91 264 20 58 30   0.612  -2.305   0.363   2.414
 91 264 20 59 30   0.616  -2.289   0.251   2.385
 91 264 21 00 30   0.611  -2.273   0.115   2.359
 91 264 21 01 30   0.617  -2.261  -0.015   2.347
 91 264 21 02 30   0.497  -2.284  -0.059   2.361
 91 264 21 03 30  -0.418  -2.273   0.030   2.316
 91 264 21 04 30  -0.306  -2.281  -0.202   2.313
 91 264 21 10 30   0.920  -2.121  -0.276   2.358
 91 264 21 11 30   0.900  -2.104  -0.318   2.316
 91 264 21 12 30   0.892  -2.110  -0.134   2.303
 91 264 21 13 30   0.738  -2.159  -0.078   2.305
 91 264 21 14 30   0.419  -2.195   0.359   2.307
 91 264 21 15 30   0.515  -2.217  -0.092   2.320
 91 264 21 16 30  -0.040  -2.264   0.542   2.360
 91 264 21 17 30   0.309  -2.319   0.385   2.376
 91 264 21 18 30   0.245  -2.307   0.471   2.369
 91 264 21 19 30   0.198  -2.345   0.298   2.382
 91 264 21 20 30   0.399  -2.300   0.315   2.360
 91 264 21 21 30   0.406  -2.346   0.094   2.390
 91 264 21 22 30   0.204  -2.341   0.113   2.376
 91 264 21 23 30   0.118  -2.111   0.924   2.316
 91 264 21 24 30   0.377  -2.234   0.274   2.291
 91 264 21 25 30   0.212  -2.223   0.565   2.311
 91 264 21 26 30   0.385  -2.297   0.083   2.454
 91 264 21 27 30   0.350  -2.333  -1.034   2.596
 91 264 21 28 30   0.172  -2.413  -0.969   2.612
 91 264 21 29 30   0.162  -2.494  -1.175   2.765
 91 264 21 30 30   0.250  -2.482  -1.081   2.720
 91 264 21 31 30   0.305  -2.508  -1.122   2.767
 91 264 21 32 30   0.396  -2.488  -1.037   2.731
 91 264 21 33 30   0.293  -2.372  -1.305   2.733
 91 264 21 34 30   0.279  -2.457  -1.423   2.879
 91 264 21 35 30   0.754  -2.442  -1.397   2.918
 91 264 21 36 30   0.668  -2.441  -1.415   2.901
 91 264 21 37 30   0.282  -2.512  -1.381   2.888
 91 264 21 38 30   0.243  -2.616  -1.223   2.909
 91 264 21 39 30   0.362  -2.701  -1.001   2.905
 91 264 21 40 30   0.318  -2.680  -1.146   2.933
 91 264 21 41 30   0.280  -2.607  -1.137   2.862
 91 264 21 42 30   0.234  -2.527  -1.322   2.881
 91 264 21 43 30   0.114  -2.935  -0.808   3.048
 91 264 21 44 30  -0.039  -3.003  -0.430   3.037
 91 264 21 45 30  -0.063  -2.781  -0.143   2.795
 91 264 21 46 30  -0.075  -2.976  -0.116   2.982
 91 264 21 47 30  -0.003  -2.995  -0.058   2.997
 91 264 21 48 30  -0.027  -3.083  -0.181   3.089
 91 264 21 49 30   0.082  -3.095  -0.402   3.124
 91 264 21 50 30   0.144  -3.102  -0.531   3.151
 91 264 21 51 30   0.190  -2.859  -0.685   2.954
 91 264 21 52 30   0.397  -2.634  -0.941   2.828
 91 264 21 53 30   0.351  -2.655  -0.856   2.812
 91 264 21 54 30   0.334  -2.530  -0.788   2.671
 91 264 21 55 30   0.340  -2.532  -0.724   2.656
 91 264 21 56 30   0.340  -2.535  -0.671   2.645
 91 264 21 57 30   0.337  -2.571  -0.677   2.680
 91 264 21 58 30   0.342  -2.535  -0.493   2.606
 91 264 21 59 30   0.453  -2.701  -0.519   2.790
 91 264 22 00 30   0.689  -2.742  -0.899   2.972
 91 264 22 01 30   0.511  -2.649  -1.209   2.959
 91 264 22 02 30   0.430  -2.392  -1.165   2.735
 91 264 22 03 30   0.053  -2.567  -0.142   2.571
 91 264 22 04 30   0.095  -2.697  -0.205   2.707
 91 264 22 05 30   0.070  -2.761  -0.162   2.767
 91 264 22 06 30   0.045  -2.808  -0.208   2.817
 91 264 22 07 30   0.002  -2.805  -0.140   2.809
 91 264 22 08 30   0.002  -2.819  -0.107   2.821
 91 264 22 09 30  -0.069  -2.798  -0.078   2.801
 91 264 22 10 30  -0.094  -2.822  -0.055   2.826
 91 264 22 11 30  -0.240  -2.783   0.008   2.794
 91 264 22 12 30  -0.311  -2.673   0.020   2.696
 91 264 22 13 30  -0.267  -2.454   0.647   2.554
 91 264 22 14 30  -0.290  -2.508   0.512   2.577
 91 264 22 15 30  -0.468  -2.498   0.176   2.551
 91 264 22 16 30  -0.400  -2.564  -0.015   2.598
 91 264 22 17 30  -0.345  -2.666  -0.037   2.690
 91 264 22 18 30  -0.345  -2.581  -0.120   2.608
 91 264 22 19 30  -0.191  -2.526  -0.340   2.567
 91 264 22 20 30   1.113  -1.728  -0.698   2.405
 91 264 22 21 30   2.181  -0.990  -0.492   2.454
 91 264 22 22 30   2.192  -1.082  -0.597   2.518
 91 264 22 23 30   2.160  -1.282  -0.187   2.540
 91 264 22 24 30   2.186  -1.244  -0.313   2.548
 91 264 22 25 30   2.129  -1.327   0.040   2.512
 91 264 22 26 30   2.099  -1.415   0.099   2.542
 91 264 22 27 30   1.742  -1.794  -0.042   2.525
 91 264 22 28 30   0.790  -2.197  -0.406   2.453
 91 264 22 29 30   0.312  -2.346  -0.547   2.442
 91 264 22 30 30   0.537  -2.379  -0.297   2.464
 91 264 22 31 30   0.712  -2.303  -0.042   2.432
 91 264 22 32 30   0.950  -2.099   0.201   2.314
 91 264 22 33 30   0.909  -1.974   0.300   2.200
 91 264 22 34 30   1.062  -2.047   0.470   2.355
 91 264 22 35 30   1.127  -1.917   0.539   2.332
 91 264 22 36 30   1.411  -1.664   0.741   2.305
 91 264 22 37 30   1.344  -1.695   0.634   2.256
 91 264 22 38 30   1.183  -1.838   0.483   2.247
 91 264 22 39 30   1.184  -1.878   0.499   2.276
 91 264 22 40 30   1.164  -1.982   0.563   2.367
 91 264 22 41 30   1.105  -1.960   0.573   2.323
 91 264 22 42 30   0.925  -1.999   0.394   2.242
 91 264 22 43 30   0.826  -2.105   0.343   2.288
 91 264 22 44 30   0.966  -2.020   0.408   2.278
 91 264 22 45 30   0.963  -2.020   0.467   2.287
 91 264 22 46 30   1.013  -2.099   0.506   2.387
 91 264 22 47 30   1.042  -2.160   0.442   2.442
 91 264 22 48 30   0.932  -2.217   0.456   2.453
 91 264 22 49 30   0.894  -2.164   0.753   2.470
 91 264 22 50 30   0.688  -2.521   0.422   2.655
 91 264 22 51 30   0.507  -2.679   0.332   2.747
 91 264 22 52 30   0.555  -2.657   0.423   2.748
 91 264 22 53 30   0.514  -2.561   0.447   2.652
 91 264 22 54 30   0.413  -2.523   0.415   2.591
 91 264 22 55 30   0.355  -2.551   0.411   2.609
 91 264 22 56 30   0.367  -2.584   0.265   2.629
 91 264 22 57 30   0.373  -2.548   0.227   2.594
 91 264 22 58 30   0.155  -2.610   0.281   2.640
 91 264 22 59 30   0.201  -2.639  -0.125   2.659
 91 264 23 00 30   0.087  -2.655  -0.014   2.676
 91 264 23 01 30  -0.221  -2.623  -0.268   2.648
 91 264 23 02 30  -0.106  -2.615  -0.333   2.639
 91 264 23 03 30  -0.094  -2.593  -0.468   2.639
 91 264 23 04 30  -0.129  -2.701  -0.420   2.737
 91 264 23 05 30  -0.303  -2.653  -0.516   2.724
 91 264 23 06 30  -0.243  -2.680  -0.499   2.741
 91 264 23 07 30  -0.311  -2.670  -0.534   2.745
 91 264 23 08 30  -0.074  -2.742  -0.349   2.771
 91 264 23 09 30   0.094  -2.747  -0.152   2.755
 91 264 23 10 30   0.117  -2.754  -0.057   2.777
 91 264 23 11 30  -0.088  -2.868  -0.422   2.901
 91 264 23 12 30  -0.124  -2.887  -0.418   2.921
 91 264 23 13 30  -0.121  -2.871  -0.368   2.899
 91 264 23 14 30   0.168  -2.778  -0.178   2.790
 91 264 23 15 30   0.104  -2.860  -0.151   2.867
 91 264 23 16 30   0.056  -2.900  -0.198   2.911
 91 264 23 17 30   0.177  -2.772   0.019   2.779
 91 264 23 18 30   0.218  -2.774  -0.010   2.783
 91 264 23 19 30   0.217  -2.697  -0.027   2.707
 91 264 23 20 30   0.272  -2.632   0.130   2.650
 91 264 23 21 30   0.320  -2.725   0.386   2.777
 91 264 23 22 30   0.351  -2.784   0.015   2.814
 91 264 23 23 30   0.176  -2.759  -0.197   2.776
 91 264 23 24 30   0.268  -2.759  -0.169   2.785
 91 264 23 25 30   0.244  -2.833  -0.192   2.853
 91 264 23 26 30   0.194  -2.885   0.207   2.900
 91 264 23 27 30   0.167  -2.847   0.322   2.872
 91 264 23 28 30   0.170  -2.817   0.157   2.830
 91 264 23 29 30  -0.094  -2.694   0.333   2.741
 91 264 23 30 30  -0.341  -2.576   0.665   2.689
 91 264 23 31 30  -0.310  -2.661   0.358   2.707
 91 264 23 32 30  -0.336  -2.677   0.334   2.720
 91 264 23 33 30  -0.207  -2.726   0.373   2.763
 91 264 23 34 30  -0.267  -2.698   0.153   2.717
 91 264 23 35 30  -0.412  -2.701   0.008   2.742
 91 264 23 36 30  -0.541  -2.538  -0.506   2.651
 91 264 23 37 30  -0.417  -2.595  -0.275   2.668
 91 264 23 38 30  -0.339  -2.626  -0.460   2.689
 91 264 23 39 30  -0.286  -2.619  -0.375   2.670
 91 264 23 40 30  -0.130  -2.629  -0.205   2.642
 91 264 23 41 30  -0.050  -2.616   0.000   2.621
 91 264 23 42 30   0.091  -2.664   0.119   2.670
 91 264 23 43 30  -0.128  -2.657  -0.213   2.699
 91 264 23 44 30   0.495  -2.526   0.623   2.667
 91 264 23 45 30   0.536  -2.516   0.662   2.657
 91 264 23 46 30   0.527  -2.550   0.338   2.661
 91 264 23 47 30   0.470  -2.600  -0.009   2.644
 91 264 23 48 30   0.433  -2.684   0.033   2.720
 91 264 23 49 30   0.304  -2.670   0.069   2.690
 91 264 23 50 30   0.288  -2.690   0.013   2.708
 91 264 23 51 30   0.405  -2.681   0.008   2.713
 91 264 23 52 30   0.407  -2.704  -0.173   2.741
 91 264 23 53 30   0.410  -2.705  -0.275   2.759
 91 264 23 54 30   0.053  -2.702  -0.154   2.708
 91 264 23 55 30   0.140  -2.741  -0.249   2.757
 91 264 23 56 30   0.151  -2.784  -0.272   2.802
 91 264 23 57 30   0.174  -2.795  -0.355   2.823
 91 264 23 58 30   0.320  -2.731  -0.321   2.771
 91 264 23 59 30   0.456  -2.712  -0.407   2.781
