 91 274 00 00 30   0.478  -0.426  -0.583   0.875
 91 274 00 01 30   0.424  -0.630  -0.297   0.828
 91 274 00 02 30   0.403  -0.652  -0.319   0.835
 91 274 00 03 30   0.376  -0.697  -0.186   0.818
 91 274 00 04 30   0.374  -0.668  -0.225   0.802
 91 274 00 05 30   0.321  -0.573  -0.340   0.743
 91 274 00 06 30   0.373  -0.558  -0.357   0.762
 91 274 00 07 30   0.328  -0.573  -0.363   0.762
 91 274 00 08 30   0.384  -0.344  -0.521   0.741
 91 274 00 09 30   0.456  -0.275  -0.608   0.811
 91 274 00 10 30   0.410  -0.457  -0.580   0.847
 91 274 00 11 30   0.410  -0.451  -0.614   0.870
 91 274 00 12 30   0.400  -0.482  -0.626   0.886
 91 274 00 13 30   0.408  -0.487  -0.601   0.880
 91 274 00 14 30   0.452  -0.537  -0.560   0.901
 91 274 00 15 30   0.447  -0.514  -0.590   0.901
 91 274 00 16 30   0.441  -0.477  -0.601   0.886
 91 274 00 17 30   0.451  -0.465  -0.624   0.900
 91 274 00 18 30   0.309  -0.467  -0.481   0.740
 91 274 00 19 30   0.347  -0.529  -0.498   0.807
 91 274 00 20 30   0.296  -0.495  -0.562   0.806
 91 274 00 21 30   0.226  -0.415  -0.509   0.696
 91 274 00 22 30   0.200  -0.370  -0.563   0.703
 91 274 00 23 30   0.319  -0.439  -0.622   0.830
 91 274 00 24 30   0.359  -0.493  -0.653   0.893
 91 274 00 25 30   0.395  -0.519  -0.612   0.896
 91 274 00 26 30   0.434  -0.522  -0.560   0.881
 91 274 00 27 30   0.394  -0.516  -0.595   0.881
 91 274 00 28 30   0.383  -0.513  -0.612   0.886
 91 274 00 29 30   0.397  -0.513  -0.601   0.885
 91 274 00 30 30   0.391  -0.519  -0.602   0.886
 91 274 00 31 30   0.360  -0.535  -0.614   0.891
 91 274 00 32 30   0.374  -0.529  -0.614   0.893
 91 274 00 33 30   0.389  -0.505  -0.623   0.892
 91 274 00 34 30   0.400  -0.495  -0.637   0.901
 91 274 00 35 30   0.410  -0.482  -0.640   0.901
 91 274 00 36 30   0.377  -0.493  -0.643   0.895
 91 274 00 37 30   0.367  -0.496  -0.656   0.901
 91 274 00 38 30   0.375  -0.498  -0.651   0.902
 91 274 00 39 30   0.389  -0.504  -0.647   0.908
 91 274 00 40 30   0.400  -0.521  -0.653   0.926
 91 274 00 41 30   0.399  -0.525  -0.634   0.915
 91 274 00 42 30   0.411  -0.540  -0.628   0.925
 91 274 00 43 30   0.408  -0.509  -0.634   0.910
 91 274 00 44 30   0.413  -0.564  -0.596   0.920
 91 274 00 45 30   0.411  -0.584  -0.576   0.918
 91 274 00 46 30   0.396  -0.628  -0.537   0.918
 91 274 00 47 30   0.401  -0.609  -0.563   0.921
 91 274 00 48 30   0.484  -0.583  -0.594   0.964
 91 274 00 49 30   0.474  -0.610  -0.600   0.979
 91 274 00 50 30   0.488  -0.623  -0.587   0.986
 91 274 00 51 30   0.482  -0.608  -0.602   0.982
 91 274 00 52 30   0.480  -0.598  -0.624   0.989
 91 274 00 53 30   0.518  -0.636  -0.562   0.995
 91 274 00 54 30   0.520  -0.639  -0.551   0.994
 91 274 00 55 30   0.398  -0.555  -0.692   0.974
 91 274 00 56 30   0.445  -0.585  -0.649   0.981
 91 274 00 57 30   0.464  -0.531  -0.692   0.988
 91 274 00 58 30   0.468  -0.541  -0.674   0.983
 91 274 00 59 30   0.450  -0.557  -0.661   0.977
 91 274 01 00 30   0.446  -0.542  -0.696   0.989
 91 274 01 01 30   0.449  -0.562  -0.681   0.992
 91 274 01 02 30   0.434  -0.484  -0.732   0.982
 91 274 01 03 30   0.454  -0.459  -0.757   0.995
 91 274 01 04 30   0.455  -0.492  -0.727   0.991
 91 274 01 05 30   0.418  -0.558  -0.691   0.983
 91 274 01 06 30   0.383  -0.629  -0.628   0.970
 91 274 01 07 30   0.450  -0.549  -0.666   0.978
 91 274 01 08 30   0.469  -0.535  -0.682   0.986
 91 274 01 09 30   0.459  -0.549  -0.670   0.981
 91 274 01 10 30   0.411  -0.584  -0.668   0.978
 91 274 01 11 30   0.372  -0.585  -0.677   0.969
 91 274 01 12 30   0.343  -0.576  -0.686   0.960
 91 274 01 13 30   0.343  -0.552  -0.708   0.964
 91 274 01 14 30   0.362  -0.534  -0.705   0.956
 91 274 01 15 30   0.306  -0.544  -0.727   0.959
 91 274 01 16 30   0.321  -0.535  -0.735   0.965
 91 274 01 17 30   0.340  -0.550  -0.717   0.966
 91 274 01 18 30   0.314  -0.538  -0.725   0.956
 91 274 01 19 30   0.327  -0.512  -0.748   0.964
 91 274 01 20 30   0.356  -0.518  -0.734   0.967
 91 274 01 21 30   0.447  -0.531  -0.664   0.963
 91 274 01 22 30   0.463  -0.573  -0.639   0.976
 91 274 01 23 30   0.462  -0.588  -0.639   0.984
 91 274 01 24 30   0.474  -0.584  -0.619   0.974
 91 274 01 25 30   0.515  -0.553  -0.635   0.987
 91 274 01 26 30   0.505  -0.548  -0.648   0.988
 91 274 01 27 30   0.497  -0.521  -0.686   0.994
 91 274 01 28 30   0.507  -0.496  -0.717   1.009
 91 274 01 29 30   0.490  -0.487  -0.717   0.996
 91 274 01 30 30   0.495  -0.499  -0.715   1.003
 91 274 01 31 30   0.475  -0.488  -0.744   1.010
 91 274 01 32 30   0.470  -0.514  -0.745   1.020
 91 274 01 33 30   0.515  -0.541  -0.698   1.022
 91 274 01 34 30   0.508  -0.512  -0.712   1.014
 91 274 01 35 30   0.483  -0.479  -0.724   0.994
 91 274 01 36 30   0.470  -0.460  -0.729   0.983
 91 274 01 37 30   0.442  -0.325  -0.826   0.996
 91 274 01 38 30   0.428  -0.248  -0.843   0.981
 91 274 01 39 30   0.391  -0.170  -0.827   0.931
 91 274 01 40 30   0.388  -0.190  -0.816   0.925
 91 274 01 41 30   0.414  -0.259  -0.792   0.932
 91 274 01 42 30   0.409  -0.222  -0.797   0.926
 91 274 01 43 30   0.333  -0.167  -0.805   0.895
 91 274 01 44 30   0.355   0.002  -0.815   0.893
 91 274 01 45 30   0.148   0.041  -0.869   0.887
 91 274 01 46 30   0.169  -0.016  -0.854   0.872
 91 274 01 47 30   0.075  -0.068  -0.881   0.894
 91 274 01 48 30   0.095   0.004  -0.876   0.884
 91 274 01 49 30   0.099  -0.033  -0.874   0.882
 91 274 01 50 30   0.047   0.069  -0.874   0.882
 91 274 01 51 30   0.088   0.003  -0.837   0.850
 91 274 01 52 30  -0.033   0.109  -0.742   0.751
 91 274 01 53 30   0.031   0.113  -0.762   0.773
 91 274 01 54 30  -0.101   0.265  -0.757   0.831
 91 274 01 55 30  -0.388   0.533  -0.664   0.937
 91 274 01 56 30  -0.414   0.535  -0.656   0.943
 91 274 01 57 30  -0.409   0.572  -0.609   0.931
 91 274 01 58 30  -0.432   0.513  -0.637   0.925
 91 274 01 59 30  -0.411   0.554  -0.609   0.922
 91 274 02 00 30  -0.489   0.336  -0.570   0.828
 91 274 02 01 30  -0.535   0.300  -0.508   0.797
 91 274 02 02 30  -0.532   0.295  -0.473   0.772
 91 274 02 03 30  -0.534   0.308  -0.468   0.775
 91 274 02 04 30  -0.556   0.285  -0.473   0.788
 91 274 02 05 30  -0.611   0.240  -0.489   0.820
 91 274 02 06 30  -0.649   0.237  -0.456   0.828
 91 274 02 07 30  -0.684   0.239  -0.433   0.844
 91 274 02 08 30  -0.663   0.274  -0.378   0.813
 91 274 02 09 30  -0.640   0.301  -0.337   0.784
 91 274 02 10 30  -0.663   0.315  -0.312   0.798
 91 274 02 11 30  -0.690   0.318  -0.282   0.811
 91 274 02 12 30  -0.713   0.333  -0.252   0.827
 91 274 02 13 30  -0.718   0.327  -0.244   0.826
 91 274 02 14 30  -0.715   0.299  -0.236   0.810
 91 274 02 15 30  -0.735   0.287  -0.229   0.822
 91 274 02 16 30  -0.594   0.390  -0.425   0.830
 91 274 02 17 30  -0.601   0.435  -0.480   0.888
 91 274 02 18 30  -0.316   0.427  -0.750   0.921
 91 274 02 19 30  -0.308   0.405  -0.839   0.982
 91 274 02 20 30  -0.292   0.398  -0.835   0.971
 91 274 02 21 30  -0.342   0.437  -0.840   1.008
 91 274 02 22 30  -0.367   0.458  -0.859   1.040
 91 274 02 23 30  -0.420   0.466  -0.812   1.026
 91 274 02 24 30  -0.466   0.477  -0.788   1.032
 91 274 02 25 30  -0.427   0.463  -0.828   1.041
 91 274 02 26 30  -0.417   0.460  -0.823   1.031
 91 274 02 27 30  -0.441   0.452  -0.831   1.043
 91 274 02 28 30  -0.422   0.466  -0.830   1.041
 91 274 02 29 30  -0.430   0.461  -0.836   1.047
 91 274 02 30 30  -0.455   0.450  -0.822   1.042
 91 274 02 31 30  -0.466   0.440  -0.828   1.047
 91 274 02 32 30  -0.478   0.449  -0.810   1.043
 91 274 02 33 30  -0.510   0.429  -0.791   1.034
 91 274 02 34 30  -0.500   0.433  -0.800   1.038
 91 274 02 35 30  -0.500   0.441  -0.800   1.041
 91 274 02 36 30  -0.472   0.454  -0.825   1.054
 91 274 02 37 30  -0.418   0.471  -0.851   1.060
 91 274 02 38 30  -0.475   0.460  -0.819   1.053
 91 274 02 39 30  -0.439   0.496  -0.816   1.052
 91 274 02 40 30  -0.415   0.464  -0.837   1.044
 91 274 02 41 30  -0.419   0.486  -0.824   1.045
 91 274 02 42 30  -0.421   0.478  -0.818   1.037
 91 274 02 43 30  -0.384   0.493  -0.840   1.048
 91 274 02 44 30  -0.456   0.513  -0.792   1.050
 91 274 02 45 30  -0.472   0.518  -0.768   1.041
 91 274 02 46 30  -0.460   0.530  -0.773   1.044
 91 274 02 47 30  -0.455   0.537  -0.788   1.057
 91 274 02 48 30  -0.417   0.563  -0.778   1.047
 91 274 02 49 30  -0.411   0.578  -0.765   1.044
 91 274 02 50 30  -0.384   0.580  -0.782   1.048
 91 274 02 51 30  -0.447   0.557  -0.793   1.068
 91 274 02 52 30  -0.410   0.624  -0.761   1.068
 91 274 02 53 30  -0.371   0.626  -0.757   1.051
 91 274 02 54 30  -0.408   0.587  -0.757   1.042
 91 274 02 55 30  -0.422   0.565  -0.795   1.063
 91 274 02 56 30  -0.396   0.571  -0.774   1.040
 91 274 02 57 30  -0.477   0.512  -0.773   1.043
 91 274 02 58 30  -0.461   0.522  -0.780   1.046
 91 274 02 59 30  -0.389   0.580  -0.795   1.059
 91 274 03 00 30  -0.345   0.627  -0.810   1.082
 91 274 03 01 30  -0.364   0.645  -0.809   1.097
 91 274 03 02 30  -0.382   0.611  -0.816   1.089
 91 274 03 03 30  -0.410   0.567  -0.816   1.075
 91 274 03 04 30  -0.426   0.508  -0.837   1.068
 91 274 03 05 30  -0.468   0.509  -0.798   1.057
 91 274 03 06 30  -0.444   0.473  -0.845   1.066
 91 274 03 07 30  -0.363   0.471  -0.878   1.062
 91 274 03 08 30  -0.427   0.463  -0.840   1.055
 91 274 03 09 30  -0.343   0.544  -0.832   1.056
 91 274 03 10 30  -0.338   0.600  -0.812   1.066
 91 274 03 11 30  -0.354   0.542  -0.837   1.059
 91 274 03 12 30  -0.355   0.518  -0.856   1.062
 91 274 03 13 30  -0.386   0.534  -0.828   1.059
 91 274 03 14 30  -0.399   0.537  -0.836   1.071
 91 274 03 15 30  -0.415   0.520  -0.834   1.068
 91 274 03 16 30  -0.437   0.500  -0.826   1.062
 91 274 03 17 30  -0.353   0.458  -0.892   1.064
 91 274 03 18 30  -0.328   0.484  -0.902   1.076
 91 274 03 19 30  -0.325   0.451  -0.915   1.071
 91 274 03 20 30  -0.337   0.444  -0.922   1.079
 91 274 03 21 30  -0.340   0.460  -0.912   1.079
 91 274 03 22 30  -0.394   0.519  -0.859   1.078
 91 274 03 23 30  -0.394   0.525  -0.855   1.078
 91 274 03 24 30  -0.383   0.483  -0.861   1.060
 91 274 03 25 30  -0.344   0.462  -0.851   1.035
 91 274 03 26 30  -0.099   0.336  -0.952   1.036
 91 274 03 27 30   0.355   0.162  -0.962   1.041
 91 274 03 28 30   0.245   0.248  -0.972   1.036
 91 274 03 29 30   0.021   0.365  -0.969   1.041
 91 274 03 30 30   0.069   0.307  -0.989   1.041
 91 274 03 31 30   0.158   0.355  -0.934   1.022
 91 274 03 32 30   0.182   0.330  -0.948   1.037
 91 274 03 33 30   0.126   0.338  -0.973   1.039
 91 274 03 34 30   0.125   0.369  -0.965   1.041
 91 274 03 35 30   0.118   0.432  -0.926   1.037
 91 274 03 36 30   0.049   0.343  -0.968   1.030
 91 274 03 37 30   0.078   0.399  -0.981   1.063
 91 274 03 38 30   0.038   0.502  -0.917   1.050
 91 274 03 39 30  -0.026   0.471  -0.955   1.066
 91 274 03 40 30   0.003   0.464  -0.962   1.068
 91 274 03 41 30  -0.119   0.613  -0.832   1.059
 91 274 03 42 30  -0.216   0.672  -0.675   0.992
 91 274 03 43 30  -0.082   0.621  -0.795   1.014
 91 274 03 44 30  -0.239   0.588  -0.767   0.998
 91 274 03 45 30  -0.229   0.520  -0.830   1.015
 91 274 03 46 30  -0.151   0.476  -0.926   1.054
 91 274 03 47 30  -0.078   0.403  -0.999   1.082
 91 274 03 48 30   0.023   0.244  -1.046   1.079
 91 274 03 49 30   0.004   0.287  -1.025   1.071
 91 274 03 50 30  -0.205   0.380  -0.956   1.053
 91 274 03 51 30   0.111   0.158  -0.984   1.031
 91 274 03 52 30  -0.111   0.462  -0.906   1.039
 91 274 03 53 30  -0.095   0.509  -0.930   1.069
 91 274 03 54 30  -0.110   0.408  -0.996   1.084
 91 274 03 55 30  -0.091   0.538  -0.961   1.107
 91 274 03 56 30  -0.087   0.522  -0.970   1.106
 91 274 03 57 30  -0.051   0.466  -1.003   1.108
 91 274 03 58 30  -0.053   0.470  -1.007   1.113
 91 274 03 59 30  -0.054   0.474  -1.009   1.117
 91 274 04 00 30  -0.092   0.493  -1.008   1.128
 91 274 04 01 30  -0.067   0.485  -1.033   1.143
 91 274 04 02 30  -0.058   0.578  -0.977   1.140
 91 274 04 03 30  -0.026   0.518  -1.015   1.141
 91 274 04 04 30   0.025   0.594  -0.981   1.148
 91 274 04 05 30  -0.011   0.537  -1.010   1.145
 91 274 04 06 30  -0.018   0.565  -1.003   1.152
 91 274 04 07 30  -0.068   0.532  -1.003   1.138
 91 274 04 08 30   0.001   0.568  -0.998   1.149
 91 274 04 09 30  -0.019   0.575  -0.996   1.150
 91 274 04 10 30  -0.035   0.594  -0.985   1.151
 91 274 04 11 30  -0.076   0.591  -0.990   1.156
 91 274 04 12 30  -0.077   0.603  -0.994   1.165
 91 274 04 13 30  -0.072   0.603  -0.990   1.163
 91 274 04 14 30  -0.081   0.629  -0.991   1.177
 91 274 04 15 30  -0.102   0.617  -0.966   1.151
 91 274 04 16 30  -0.025   0.587  -0.989   1.151
 91 274 04 17 30  -0.020   0.589  -1.021   1.180
 91 274 04 18 30   0.028   0.581  -1.048   1.199
 91 274 04 19 30   0.009   0.649  -1.002   1.194
 91 274 04 20 30  -0.025   0.655  -1.001   1.197
 91 274 04 21 30  -0.029   0.591  -1.035   1.193
 91 274 04 22 30   0.020   0.396  -1.149   1.218
 91 274 04 23 30   0.032   0.350  -1.186   1.237
 91 274 04 24 30   0.009   0.361  -1.179   1.234
 91 274 04 25 30   0.035   0.405  -1.143   1.213
 91 274 04 27 30   0.001   0.363  -1.173   1.228
 91 274 04 28 30  -0.009   0.359  -1.176   1.230
 91 274 04 29 30  -0.030   0.376  -1.176   1.236
 91 274 04 30 30  -0.020   0.356  -1.182   1.236
 91 274 04 31 30   0.012   0.400  -1.155   1.224
 91 274 04 32 30   0.003   0.388  -1.172   1.235
 91 274 04 33 30   0.003   0.383  -1.174   1.235
 91 274 04 34 30   0.083   0.438  -1.167   1.252
 91 274 04 35 30   0.113   0.458  -1.169   1.260
 91 274 04 36 30   0.077   0.441  -1.181   1.264
 91 274 04 37 30   0.021   0.435  -1.182   1.260
 91 274 04 38 30   0.027   0.415  -1.205   1.276
 91 274 04 39 30  -0.014   0.369  -1.186   1.247
 91 274 04 40 30  -0.049   0.344  -1.142   1.195
 91 274 04 41 30  -0.052   0.490  -1.090   1.197
 91 274 04 42 30  -0.023   0.431  -1.118   1.199
 91 274 04 43 30  -0.023   0.407  -1.129   1.201
 91 274 04 44 30   0.042   0.248  -1.195   1.221
 91 274 04 45 30   0.067   0.233  -1.173   1.198
 91 274 04 46 30   0.000   0.338  -1.148   1.200
 91 274 04 47 30  -0.039   0.373  -1.149   1.210
 91 274 04 48 30  -0.069   0.333  -1.158   1.210
 91 274 04 49 30   0.082   0.154  -1.188   1.206
 91 274 04 50 30   0.004   0.333  -1.131   1.179
 91 274 04 51 30  -0.004   0.331  -1.121   1.169
 91 274 04 52 30  -0.017   0.350  -1.127   1.180
 91 274 04 53 30  -0.015   0.376  -1.121   1.183
 91 274 04 54 30  -0.001   0.382  -1.122   1.186
 91 274 04 55 30   0.005   0.383  -1.120   1.184
 91 274 04 56 30   0.021   0.369  -1.131   1.190
 91 274 04 57 30   0.045   0.299  -1.147   1.189
 91 274 04 58 30   0.022   0.406  -1.130   1.202
 91 274 04 59 30  -0.027   0.451  -1.108   1.197
 91 274 05 00 30  -0.039   0.469  -1.107   1.203
 91 274 05 01 30  -0.041   0.447  -1.116   1.203
 91 274 05 02 30  -0.062   0.466  -1.109   1.205
 91 274 05 03 30  -0.072   0.482  -1.100   1.203
 91 274 05 04 30  -0.062   0.479  -1.098   1.200
 91 274 05 05 30  -0.068   0.446  -1.107   1.195
 91 274 05 06 30  -0.132   0.486  -1.067   1.181
 91 274 05 07 30  -0.108   0.452  -1.067   1.164
 91 274 05 08 30  -0.056   0.459  -1.068   1.167
 91 274 05 09 30   0.624  -0.268  -0.957   1.183
 91 274 05 10 30   0.360  -0.027  -1.107   1.174
 91 274 05 11 30   0.332   0.108  -1.118   1.173
 91 274 05 12 30   0.367   0.130  -1.115   1.183
 91 274 05 13 30   0.398   0.115  -1.124   1.199
 91 274 05 14 30   0.476  -0.020  -1.097   1.197
 91 274 05 15 30   0.487  -0.028  -1.094   1.199
 91 274 05 16 30   0.451   0.037  -1.155   1.253
 91 274 05 17 30   0.441   0.063  -1.158   1.253
 91 274 05 18 30   0.374   0.195  -1.184   1.257
 91 274 05 19 30   0.385   0.421  -1.098   1.244
 91 274 05 20 30   0.370   0.567  -1.020   1.230
 91 274 05 21 30   0.401   0.469  -1.098   1.260
 91 274 05 22 30   0.420   0.339  -1.123   1.248
 91 274 05 23 30   0.401   0.100  -1.138   1.237
 91 274 05 24 30   0.304  -0.159  -1.175   1.225
 91 274 05 25 30   0.392  -0.066  -1.147   1.218
 91 274 05 26 30   0.395   0.083  -1.163   1.232
 91 274 05 27 30   0.389   0.114  -1.141   1.213
 91 274 05 28 30   0.407   0.174  -1.151   1.234
 91 274 05 29 30   0.445   0.126  -1.175   1.263
 91 274 05 30 30   0.429   0.125  -1.204   1.285
 91 274 05 31 30   0.446   0.024  -1.172   1.255
 91 274 05 32 30   0.537  -0.054  -1.136   1.259
 91 274 05 33 30   0.513  -0.091  -1.146   1.261
 91 274 05 34 30   0.493  -0.088  -1.189   1.290
 91 274 05 35 30   0.539  -0.083  -1.199   1.318
 91 274 05 36 30   0.549  -0.102  -1.202   1.326
 91 274 05 37 30   0.539  -0.117  -1.202   1.323
 91 274 05 38 30   0.522  -0.141  -1.215   1.330
 91 274 05 39 30   0.510  -0.232  -1.189   1.316
 91 274 05 40 30   0.528  -0.258  -1.143   1.290
 91 274 05 41 30   0.581  -0.137  -1.151   1.297
 91 274 05 42 30   0.643  -0.153  -1.161   1.337
 91 274 05 43 30   0.688  -0.105  -1.142   1.338
 91 274 05 44 30   0.700  -0.072  -1.116   1.320
 91 274 05 45 30   0.677  -0.062  -1.116   1.307
 91 274 05 46 30   0.726  -0.007  -1.114   1.330
 91 274 05 47 30   0.769   0.013  -1.113   1.353
 91 274 05 48 30   0.817   0.052  -1.082   1.358
 91 274 05 49 30   0.831   0.017  -1.073   1.358
 91 274 05 50 30   0.900   0.054  -1.019   1.362
 91 274 05 51 30   0.670  -0.063  -1.192   1.370
 91 274 05 52 30   0.768  -0.036  -1.157   1.390
 91 274 05 53 30   0.807  -0.025  -1.140   1.397
 91 274 05 54 30   0.832  -0.016  -1.114   1.391
 91 274 05 55 30   0.841  -0.066  -1.122   1.404
 91 274 05 56 30   0.859  -0.070  -1.127   1.419
 91 274 05 57 30   0.871  -0.083  -1.118   1.420
 91 274 05 58 30   0.867  -0.084  -1.122   1.421
 91 274 05 59 30   0.920  -0.090  -1.089   1.429
 91 274 06 00 30   0.945  -0.096  -1.058   1.422
 91 274 06 01 30   0.980  -0.077  -1.035   1.428
 91 274 06 02 30   0.999  -0.079  -1.036   1.441
 91 274 06 03 30   1.009  -0.106  -1.028   1.445
 91 274 06 04 30   1.053  -0.147  -0.997   1.458
 91 274 06 05 30   1.056  -0.159  -1.004   1.467
 91 274 06 06 30   1.071  -0.196  -0.987   1.469
 91 274 06 07 30   1.080  -0.213  -0.969   1.466
 91 274 06 08 30   1.050  -0.237  -1.010   1.477
 91 274 06 09 30   0.996  -0.279  -1.071   1.490
 91 274 06 10 30   1.062  -0.282  -1.018   1.499
 91 274 06 11 30   1.059  -0.332  -1.014   1.504
 91 274 06 12 30   1.054  -0.340  -1.016   1.503
 91 274 06 13 30   1.125  -0.358  -0.954   1.519
 91 274 06 14 30   1.129  -0.368  -0.964   1.529
 91 274 06 15 30   1.113  -0.394  -0.972   1.530
 91 274 06 16 30   1.141  -0.415  -0.923   1.525
 91 274 06 17 30   1.144  -0.436  -0.925   1.534
 91 274 06 18 30   1.126  -0.455  -0.941   1.536
 91 274 06 19 30   1.105  -0.463  -0.935   1.520
 91 274 06 20 30   1.088  -0.483  -0.964   1.532
 91 274 06 21 30   1.120  -0.499  -0.924   1.536
 91 274 06 22 30   1.177  -0.540  -0.860   1.555
 91 274 06 23 30   1.212  -0.567  -0.830   1.575
 91 274 06 24 30   1.225  -0.605  -0.799   1.583
 91 274 06 25 30   1.237  -0.631  -0.760   1.583
 91 274 06 26 30   1.254  -0.680  -0.716   1.597
 91 274 06 27 30   1.296  -0.695  -0.667   1.615
 91 274 06 28 30   1.294  -0.759  -0.617   1.622
 91 274 06 29 30   1.268  -0.707  -0.654   1.593
 91 274 06 30 30   1.300  -0.755  -0.590   1.616
 91 274 06 31 30   1.313  -0.773  -0.567   1.627
 91 274 06 32 30   1.296  -0.806  -0.559   1.625
 91 274 06 33 30   1.298  -0.823  -0.538   1.629
 91 274 06 34 30   1.278  -0.813  -0.576   1.621
 91 274 06 35 30   1.302  -0.817  -0.535   1.628
 91 274 06 36 30   1.273  -0.852  -0.524   1.619
 91 274 06 37 30   1.272  -0.875  -0.531   1.632
 91 274 06 38 30   1.259  -0.896  -0.524   1.632
 91 274 06 39 30   1.249  -0.902  -0.519   1.626
 91 274 06 40 30   1.209  -0.917  -0.531   1.608
 91 274 06 41 30   1.206  -0.907  -0.507   1.592
 91 274 06 42 30   1.195  -0.914  -0.500   1.585
 91 274 06 43 30   1.189  -0.936  -0.467   1.584
 91 274 06 44 30   1.163  -0.968  -0.486   1.590
 91 274 06 45 30   1.161  -0.992  -0.456   1.594
 91 274 06 46 30   1.180  -1.000  -0.439   1.608
 91 274 06 47 30   1.201  -0.991  -0.395   1.606
 91 274 06 48 30   1.182  -0.995  -0.382   1.592
 91 274 06 49 30   1.188  -1.011  -0.391   1.608
 91 274 06 50 30   1.186  -1.037  -0.378   1.620
 91 274 06 51 30   1.204  -1.047  -0.367   1.638
 91 274 06 52 30   1.212  -1.048  -0.307   1.631
 91 274 06 53 30   1.220  -1.048  -0.257   1.629
 91 274 06 54 30   1.199  -1.065  -0.288   1.630
 91 274 06 55 30   1.189  -1.072  -0.284   1.626
 91 274 06 56 30   1.182  -1.084  -0.265   1.626
 91 274 06 57 30   1.150  -1.083  -0.261   1.601
 91 274 06 58 30   1.173  -1.073  -0.235   1.607
 91 274 06 59 30   1.134  -1.075  -0.224   1.579
 91 274 07 00 30   1.129  -1.087  -0.206   1.581
 91 274 07 01 30   1.132  -1.053  -0.159   1.555
 91 274 07 02 30   1.161  -1.029  -0.122   1.557
 91 274 07 03 30   1.227  -0.948  -0.063   1.554
 91 274 07 04 30   1.268  -0.872  -0.039   1.541
 91 274 07 05 30   1.229  -0.925  -0.023   1.539
 91 274 07 06 30   1.217  -0.972  -0.076   1.560
 91 274 07 07 30   1.218  -0.959  -0.034   1.551
 91 274 07 08 30   1.231  -0.926  -0.032   1.542
 91 274 07 09 30   1.230  -0.928  -0.010   1.542
 91 274 07 10 30   1.200  -0.937  -0.027   1.524
 91 274 07 11 30   1.188  -0.933  -0.018   1.511
 91 274 07 12 30   1.161  -0.964  -0.023   1.510
 91 274 07 13 30   1.113  -0.976  -0.007   1.481
 91 274 07 14 30   1.160  -0.912   0.044   1.478
 91 274 07 15 30   1.091  -1.007   0.042   1.488
 91 274 07 16 30   1.043  -1.092  -0.043   1.512
 91 274 07 17 30   1.054  -1.124  -0.116   1.546
 91 274 07 18 30   1.080  -1.164  -0.177   1.599
 91 274 07 19 30   1.079  -1.150  -0.121   1.582
 91 274 07 20 30   1.049  -1.157  -0.089   1.564
 91 274 07 21 30   1.047  -1.159  -0.044   1.563
 91 274 07 22 30   1.014  -1.155  -0.040   1.537
 91 274 07 23 30   0.988  -1.156  -0.001   1.521
 91 274 07 24 30   1.003  -1.165  -0.022   1.538
 91 274 07 25 30   1.016  -1.146  -0.078   1.535
 91 274 07 26 30   1.039  -1.095  -0.141   1.516
 91 274 07 27 30   1.036  -1.105  -0.120   1.520
 91 274 07 28 30   1.063  -1.066  -0.160   1.515
 91 274 07 29 30   1.089  -1.057  -0.167   1.526
 91 274 07 30 30   1.097  -1.048  -0.173   1.527
 91 274 07 31 30   1.091  -1.017  -0.185   1.504
 91 274 07 32 30   1.064  -1.033  -0.159   1.492
 91 274 07 33 30   1.031  -1.090  -0.120   1.505
 91 274 07 34 30   1.008  -1.085  -0.110   1.485
 91 274 07 35 30   1.015  -1.038  -0.129   1.458
 91 274 07 36 30   1.042  -1.034  -0.112   1.473
 91 274 07 37 30   1.055  -1.038  -0.166   1.490
 91 274 07 38 30   1.006  -1.100  -0.130   1.496
 91 274 07 39 30   1.002  -1.102  -0.035   1.491
 91 274 07 40 30   0.987  -1.128   0.006   1.499
 91 274 07 41 30   0.993  -1.155   0.009   1.523
 91 274 07 42 30   0.996  -1.151   0.029   1.523
 91 274 07 43 30   0.974  -1.166   0.061   1.521
 91 274 07 44 30   0.968  -1.169   0.066   1.520
 91 274 07 45 30   0.872  -1.204   0.148   1.495
 91 274 07 46 30   0.879  -1.164   0.131   1.466
 91 274 07 47 30   0.859  -1.179   0.189   1.471
 91 274 07 48 30   0.881  -1.145   0.211   1.460
 91 274 07 49 30   0.865  -1.218  -0.032   1.498
 91 274 07 50 30   0.847  -1.235  -0.097   1.501
 91 274 07 51 30   0.810  -1.255  -0.093   1.497
 91 274 07 52 30   0.827  -1.225  -0.204   1.494
 91 274 07 53 30   0.869  -1.215  -0.180   1.506
 91 274 07 54 30   0.860  -1.229  -0.153   1.508
 91 274 07 55 30   0.869  -1.230  -0.090   1.509
 91 274 07 56 30   0.860  -1.239  -0.104   1.513
 91 274 07 57 30   0.904  -1.203   0.010   1.505
 91 274 07 58 30   0.859  -1.229  -0.003   1.500
 91 274 07 59 30   0.867  -1.218   0.019   1.496
 91 274 08 00 30   0.871  -1.251   0.001   1.524
 91 274 08 01 30   0.808  -1.287  -0.031   1.520
 91 274 08 02 30   0.847  -1.268  -0.018   1.525
 91 274 08 03 30   0.866  -1.236  -0.016   1.509
 91 274 08 04 30   0.844  -1.251  -0.007   1.510
 91 274 08 05 30   0.869  -1.233   0.071   1.511
 91 274 08 06 30   0.823  -1.233   0.066   1.485
 91 274 08 07 30   0.807  -1.257   0.054   1.496
 91 274 08 08 30   0.961  -1.147   0.170   1.509
 91 274 08 09 30   0.862  -1.223   0.071   1.504
 91 274 08 10 30   0.977  -1.149   0.176   1.520
 91 274 08 11 30   0.950  -1.154   0.199   1.509
 91 274 08 12 30   0.971  -1.111   0.249   1.499
 91 274 08 13 30   0.982  -1.076   0.360   1.501
 91 274 08 14 30   0.990  -1.057   0.399   1.504
 91 274 08 15 30   1.067  -0.984   0.352   1.494
 91 274 08 16 30   1.081  -0.924   0.351   1.466
 91 274 08 17 30   1.081  -0.918   0.350   1.461
 91 274 08 18 30   1.050  -0.923   0.435   1.467
 91 274 08 19 30   1.025  -0.925   0.467   1.460
 91 274 08 20 30   1.029  -0.922   0.390   1.436
 91 274 08 21 30   1.029  -0.909   0.412   1.433
 91 274 08 22 30   1.033  -0.911   0.414   1.438
 91 274 08 23 30   1.004  -0.943   0.385   1.430
 91 274 08 24 30   1.072  -0.881   0.459   1.462
 91 274 08 25 30   1.108  -0.865   0.511   1.497
 91 274 08 26 30   1.125  -0.853   0.537   1.511
 91 274 08 27 30   1.129  -0.823   0.568   1.509
 91 274 08 28 30   1.117  -0.813   0.577   1.497
 91 274 08 29 30   1.107  -0.816   0.593   1.498
 91 274 08 30 30   1.098  -0.793   0.629   1.493
 91 274 08 31 30   1.110  -0.772   0.626   1.490
 91 274 08 32 30   1.096  -0.758   0.620   1.472
 91 274 08 33 30   1.085  -0.722   0.647   1.458
 91 274 08 34 30   1.107  -0.727   0.611   1.460
 91 274 08 35 30   1.080  -0.778   0.574   1.450
 91 274 08 36 30   1.067  -0.762   0.614   1.449
 91 274 08 37 30   1.071  -0.726   0.640   1.444
 91 274 08 38 30   1.046  -0.783   0.574   1.428
 91 274 08 39 30   1.045  -0.810   0.534   1.427
 91 274 08 40 30   1.034  -0.812   0.556   1.429
 91 274 08 41 30   1.005  -0.800   0.574   1.411
 91 274 08 42 30   1.020  -0.763   0.591   1.405
 91 274 08 43 30   1.023  -0.780   0.571   1.408
 91 274 08 44 30   0.988  -0.806   0.585   1.403
 91 274 08 45 30   0.894  -0.910   0.533   1.394
 91 274 08 46 30   0.941  -0.849   0.616   1.410
 91 274 08 47 30   0.950  -0.809   0.641   1.403
 91 274 08 48 30   0.943  -0.836   0.616   1.403
 91 274 08 49 30   0.953  -0.780   0.646   1.392
 91 274 08 50 30   0.937  -0.767   0.653   1.378
 91 274 08 51 30   0.999  -0.751   0.595   1.387
 91 274 08 52 30   0.989  -0.726   0.651   1.390
 91 274 08 53 30   0.951  -0.780   0.594   1.380
 91 274 08 54 30   0.808  -0.995   0.178   1.297
 91 274 08 55 30   0.838  -0.922   0.364   1.307
 91 274 08 56 30   1.067  -0.762   0.310   1.396
 91 274 08 57 30   0.772  -1.189  -0.112   1.425
 91 274 08 58 30   0.852  -1.142   0.113   1.440
 91 274 08 59 30   0.886  -1.122   0.135   1.438
 91 274 09 00 30   0.845  -1.124   0.165   1.418
 91 274 09 01 30   0.864  -1.134   0.148   1.434
 91 274 09 02 30   0.851  -1.135   0.118   1.428
 91 274 09 03 30   0.849  -1.173   0.085   1.453
 91 274 09 04 30   0.941  -1.115   0.183   1.471
 91 274 09 05 30   0.969  -1.063   0.271   1.464
 91 274 09 06 30   0.964  -1.073   0.330   1.480
 91 274 09 07 30   0.955  -1.060   0.363   1.473
 91 274 09 08 30   0.957  -0.939   0.509   1.460
 91 274 09 09 30   0.934  -0.866   0.708   1.462
 91 274 09 10 30   0.942  -0.965   0.698   1.519
 91 274 09 11 30   0.959  -0.925   0.700   1.506
 91 274 09 12 30   0.926  -0.828   0.831   1.495
 91 274 09 13 30   0.940  -0.873   0.774   1.499
 91 274 09 14 30   0.940  -0.893   0.761   1.504
 91 274 09 15 30   0.941  -0.903   0.782   1.521
 91 274 09 16 30   0.949  -0.874   0.793   1.515
 91 274 09 17 30   0.935  -0.817   0.827   1.492
 91 274 09 18 30   0.986  -0.844   0.848   1.551
 91 274 09 19 30   0.990  -0.852   0.825   1.545
 91 274 09 20 30   0.948  -0.855   0.861   1.540
 91 274 09 21 30   0.952  -0.832   0.835   1.515
 91 274 09 22 30   0.966  -0.826   0.847   1.528
 91 274 09 23 30   0.986  -0.837   0.826   1.535
 91 274 09 24 30   0.983  -0.832   0.851   1.544
 91 274 09 25 30   0.952  -0.800   0.898   1.534
 91 274 09 26 30   0.939  -0.793   0.918   1.534
 91 274 09 27 30   0.981  -0.828   0.837   1.533
 91 274 09 28 30   0.989  -0.835   0.825   1.536
 91 274 09 29 30   0.999  -0.837   0.805   1.532
 91 274 09 30 30   0.977  -0.816   0.818   1.514
 91 274 09 31 30   0.937  -0.826   0.849   1.510
 91 274 09 32 30   0.938  -0.829   0.862   1.520
 91 274 09 33 30   0.958  -0.814   0.851   1.518
 91 274 09 34 30   0.954  -0.817   0.856   1.520
 91 274 09 35 30   0.919  -0.836   0.862   1.512
 91 274 09 36 30   0.921  -0.840   0.842   1.505
 91 274 09 37 30   0.907  -0.849   0.856   1.510
 91 274 09 38 30   0.977  -0.869   0.750   1.510
 91 274 09 39 30   0.933  -0.834   0.794   1.483
 91 274 09 40 30   0.928  -0.822   0.859   1.511
 91 274 09 41 30   0.880  -0.874   0.740   1.446
 91 274 09 42 30   0.884  -0.820   0.722   1.406
 91 274 09 43 30   0.834  -0.793   0.828   1.422
 91 274 09 44 30   0.834  -0.786   0.858   1.432
 91 274 09 45 30   0.822  -0.771   0.838   1.405
 91 274 09 46 30   0.787  -0.797   0.809   1.382
 91 274 09 47 30   0.796  -0.824   0.792   1.393
 91 274 09 48 30   0.785  -0.817   0.796   1.385
 91 274 09 49 30   0.789  -0.824   0.790   1.388
 91 274 09 50 30   0.808  -0.827   0.759   1.384
 91 274 09 51 30   0.806  -0.808   0.775   1.380
 91 274 09 52 30   0.788  -0.775   0.821   1.378
 91 274 09 53 30   0.816  -0.749   0.799   1.367
 91 274 09 54 30   0.845  -0.770   0.733   1.363
 91 274 09 55 30   0.865  -0.793   0.689   1.363
 91 274 09 56 30   0.903  -0.733   0.692   1.353
 91 274 09 57 30   0.883  -0.745   0.702   1.353
 91 274 09 58 30   0.890  -0.759   0.703   1.368
 91 274 10 00 30   0.878  -0.786   0.723   1.383
 91 274 10 01 30   0.920  -0.745   0.740   1.397
 91 274 10 02 30   0.856  -0.834   0.741   1.408
 91 274 10 03 30   0.896  -0.721   0.787   1.401
 91 274 10 04 30   0.925  -0.544   0.841   1.364
 91 274 10 05 30   0.929  -0.549   0.811   1.351
 91 274 10 06 30   0.938  -0.165   0.765   1.297
 91 274 10 07 30   0.784   0.524   0.729   1.194
 91 274 10 08 30   0.902   0.232   0.777   1.221
 91 274 10 09 30   0.832   0.442   0.710   1.216
 91 274 10 10 30   0.808   0.507   0.768   1.234
 91 274 10 11 30   0.885   0.216   0.859   1.256
 91 274 10 12 30   0.855  -0.036   0.895   1.242
 91 274 10 13 30   0.904  -0.033   0.848   1.241
 91 274 10 14 30   0.898  -0.014   0.830   1.224
 91 274 10 15 30   0.938  -0.012   0.799   1.232
 91 274 10 16 30   0.976   0.005   0.757   1.236
 91 274 10 17 30   1.002   0.003   0.741   1.247
 91 274 10 18 30   0.921  -0.053   0.833   1.244
 91 274 10 19 30   0.960  -0.013   0.812   1.258
 91 274 10 20 30   0.979  -0.046   0.776   1.251
 91 274 10 21 30   0.965  -0.095   0.782   1.246
 91 274 10 22 30   1.007  -0.216   0.753   1.300
 91 274 10 23 30   1.011  -0.936   0.711   1.552
 91 274 10 24 30   1.062  -0.833   0.682   1.513
 91 274 10 25 30   1.064  -0.851   0.742   1.552
 91 274 10 26 30   1.058  -0.741   0.786   1.513
 91 274 10 27 30   1.049  -0.654   0.830   1.491
 91 274 10 28 30   1.045  -0.736   0.842   1.531
 91 274 10 29 30   1.029  -0.743   0.820   1.511
 91 274 10 30 30   0.985  -0.764   0.830   1.498
 91 274 10 31 30   1.005  -0.759   0.872   1.533
 91 274 10 32 30   0.971  -0.749   0.839   1.486
 91 274 10 33 30   0.981  -0.692   0.844   1.469
 91 274 10 34 30   0.979  -0.681   0.837   1.457
 91 274 10 35 30   0.984  -0.679   0.831   1.456
 91 274 10 36 30   0.980  -0.682   0.828   1.453
 91 274 10 37 30   0.979  -0.687   0.798   1.438
 91 274 10 38 30   0.999  -0.698   0.792   1.453
 91 274 10 39 30   1.004  -0.713   0.775   1.456
 91 274 10 40 30   0.995  -0.700   0.757   1.434
 91 274 10 41 30   0.981  -0.681   0.742   1.407
 91 274 10 42 30   0.960  -0.664   0.747   1.386
 91 274 10 43 30   0.948  -0.670   0.759   1.387
 91 274 10 44 30   0.855  -0.491   0.897   1.337
 91 274 10 45 30   0.817  -0.478   0.950   1.343
 91 274 10 46 30   0.788  -0.482   0.978   1.346
 91 274 10 47 30   0.744  -0.525   0.953   1.318
 91 274 10 48 30   0.759  -0.566   0.950   1.342
 91 274 10 49 30   0.778  -0.531   0.953   1.341
 91 274 10 50 30   0.811  -0.505   0.932   1.334
 91 274 10 51 30   0.760  -0.487   0.980   1.334
 91 274 10 52 30   0.796  -0.478   0.948   1.332
 91 274 10 53 30   0.838  -0.528   0.873   1.321
 91 274 10 54 30   0.863  -0.532   0.830   1.313
 91 274 10 55 30   0.824  -0.454   0.879   1.288
 91 274 10 56 30   0.850  -0.542   0.879   1.338
 91 274 10 57 30   0.872  -0.540   0.845   1.330
 91 274 10 58 30   0.877  -0.494   0.847   1.317
 91 274 10 59 30   0.840  -0.633   0.808   1.327
 91 274 11 00 30   0.757  -0.666   0.812   1.298
 91 274 11 01 30   0.778  -0.709   0.745   1.293
 91 274 11 02 30   0.817  -0.635   0.801   1.311
 91 274 11 03 30   0.796  -0.568   0.876   1.313
 91 274 11 04 30   0.831  -0.511   0.925   1.345
 91 274 11 05 30   0.742  -0.806   0.819   1.373
 91 274 11 06 30   0.694  -0.885   0.782   1.370
 91 274 11 07 30   0.668  -0.857   0.807   1.356
 91 274 11 08 30   0.549  -1.084   0.616   1.364
 91 274 11 09 30   0.539  -1.059   0.689   1.374
 91 274 11 10 30   0.511  -1.039   0.747   1.378
 91 274 11 11 30   0.510  -1.035   0.747   1.375
 91 274 11 12 30   0.544  -1.016   0.761   1.381
 91 274 11 13 30   0.591  -0.993   0.753   1.379
 91 274 11 14 30   0.615  -0.992   0.746   1.385
 91 274 11 15 30   0.605  -0.991   0.771   1.395
 91 274 11 16 30   0.681  -0.913   0.857   1.427
 91 274 11 17 30   0.686  -0.282   0.640   1.421
 91 274 11 18 30   0.758  -0.848   0.886   1.443
 91 274 11 27 30  -0.641  -0.469  -0.907   1.211
 91 274 11 28 30  -0.590  -0.453  -0.957   1.225
 91 274 11 29 30  -0.642  -0.038  -1.017   1.214
 91 274 11 30 30  -0.686  -0.250  -0.907   1.166
 91 274 11 31 30  -0.673   0.100  -0.875   1.126
 91 274 11 32 30  -0.678   0.229  -0.975   1.209
 91 274 11 33 30  -0.737   0.219  -1.033   1.288
 91 274 11 34 30  -0.806   0.166  -1.103   1.381
 91 274 11 35 30  -0.895   0.178  -1.123   1.449
 91 274 11 36 30  -0.844   0.362  -1.148   1.474
 91 274 11 37 30  -0.841   0.412  -1.169   1.499
 91 274 11 38 30  -0.858   0.383  -1.166   1.498
 91 274 11 39 30  -0.842   0.400  -1.173   1.499
 91 274 11 40 30  -0.843   0.457  -1.160   1.506
 91 274 11 41 30  -0.855   0.412  -1.153   1.495
 91 274 11 42 30  -0.927   0.201  -1.119   1.471
 91 274 11 43 30  -0.848   0.347  -1.063   1.460
 91 274 11 44 30  -0.671   0.798  -0.964   1.420
 91 274 11 46 30  -0.720   0.476  -1.122   1.418
 91 274 11 47 30  -0.784   0.570  -1.017   1.408
 91 274 11 48 30  -0.754   0.652  -0.977   1.397
 91 274 11 49 30  -0.677   0.708  -0.970   1.380
 91 274 11 50 30  -0.715   0.631  -1.040   1.413
 91 274 11 51 30  -0.728   0.580  -1.078   1.425
 91 274 11 52 30  -0.781   0.554  -1.093   1.455
 91 274 11 53 30  -0.820   0.594  -1.110   1.502
 91 274 11 54 30  -0.755   0.597  -1.062   1.435
 91 274 11 55 30  -0.491   0.991  -0.785   1.378
 91 274 11 56 30  -0.477   0.981  -0.795   1.355
 91 274 11 57 30  -0.506   0.881  -0.847   1.324
 91 274 11 58 30  -0.556   0.820  -0.894   1.335
 91 274 11 59 30  -0.613   0.848  -0.916   1.391
 91 274 12 00 30  -0.602   0.840  -0.960   1.411
 91 274 12 01 30  -0.600   0.819  -0.984   1.414
 91 274 12 02 30  -0.621   0.843  -0.994   1.444
 91 274 12 03 30  -0.618   0.840  -0.964   1.421
 91 274 12 04 30  -0.605   0.832  -0.935   1.390
 91 274 12 05 30  -0.614   0.846  -0.936   1.403
 91 274 12 06 30  -0.598   0.855  -0.917   1.389
 91 274 12 07 30  -0.626   0.893  -0.884   1.406
 91 274 12 08 30  -0.598   0.690  -0.912   1.292
 91 274 12 09 30  -0.621   0.726  -0.918   1.325
 91 274 12 10 30  -0.576   0.733  -0.938   1.323
 91 274 12 11 30  -0.572   0.741  -0.982   1.357
 91 274 12 12 30  -0.498   0.811  -1.009   1.389
 91 274 12 13 30  -0.494   0.814  -1.008   1.388
 91 274 12 14 30  -0.527   0.812  -0.996   1.389
 91 274 12 15 30  -0.541   0.794  -1.008   1.393
 91 274 12 16 30  -0.450   0.858  -0.985   1.383
 91 274 12 17 30  -0.622   0.838  -1.045   1.479
 91 274 12 18 30  -0.578   0.889  -1.074   1.510
 91 274 12 19 30  -0.544   0.891  -1.057   1.486
 91 274 12 20 30  -0.507   0.915  -1.084   1.506
 91 274 12 21 30  -0.457   0.920  -1.026   1.453
 91 274 12 22 30  -0.437   0.945  -0.974   1.427
 91 274 12 23 30  -0.594   0.840  -1.020   1.452
 91 274 12 24 30  -0.629   0.809  -1.027   1.451
 91 274 12 25 30  -0.632   0.802  -0.991   1.423
 91 274 12 26 30  -0.638   0.844  -1.022   1.471
 91 274 12 27 30  -0.622   0.844  -1.057   1.489
 91 274 12 28 30  -0.665   0.809  -1.055   1.488
 91 274 12 29 30  -0.670   0.797  -1.057   1.484
 91 274 12 30 30  -0.670   0.834  -1.043   1.494
 91 274 12 31 30  -0.684   0.812  -1.009   1.465
 91 274 12 32 30  -0.631   0.808  -1.052   1.471
 91 274 12 33 30  -0.628   0.811  -1.077   1.488
 91 274 12 34 30  -0.739   0.823  -1.044   1.521
 91 274 12 35 30  -0.737   0.835  -1.027   1.515
 91 274 12 36 30  -0.723   0.829  -0.994   1.483
 91 274 12 37 30  -0.712   0.769  -1.029   1.468
 91 274 12 38 30  -0.727   0.823  -1.017   1.497
 91 274 12 39 30  -0.725   0.837  -1.047   1.525
 91 274 12 40 30  -0.735   0.857  -1.027   1.527
 91 274 12 41 30  -0.745   0.837  -1.041   1.530
 91 274 12 42 30  -0.732   0.806  -1.054   1.516
 91 274 12 43 30  -0.736   0.805  -1.030   1.501
 91 274 12 44 30  -0.714   0.792  -1.030   1.483
 91 274 12 45 30  -0.716   0.819  -1.059   1.519
 91 274 12 46 30  -0.697   0.826  -1.062   1.516
 91 274 12 47 30  -0.723   0.858  -1.128   1.591
 91 274 12 48 30  -0.713   0.805  -1.075   1.521
 91 274 12 49 30  -0.739   0.804  -1.104   1.553
 91 274 12 53 30  -0.700   0.791  -1.070   1.503
 91 274 12 54 30  -0.730   0.788  -1.100   1.538
 91 274 12 55 30  -0.788   0.799  -1.161   1.614
 91 274 12 56 30  -0.752   0.828  -1.156   1.609
 91 274 12 57 30  -0.774   0.810  -1.142   1.601
 91 274 12 58 30  -0.786   0.812  -1.141   1.607
 91 274 12 59 30  -0.818   0.759  -1.134   1.591
 91 274 13 00 30  -0.761   0.794  -1.133   1.580
 91 274 13 01 30  -0.715   0.813  -1.140   1.573
 91 274 13 02 30  -0.755   0.778  -1.131   1.568
 91 274 13 03 30  -0.736   0.776  -1.127   1.554
 91 274 13 04 30  -0.695   0.811  -1.123   1.550
 91 274 13 05 30  -0.711   0.827  -1.104   1.553
 91 274 13 06 30  -0.716   0.837  -1.085   1.547
 91 274 13 07 30  -0.666   0.873  -1.058   1.525
 91 274 13 08 30  -0.767   0.842  -1.057   1.557
 91 274 13 09 30  -0.834   0.826  -1.029   1.562
 91 274 13 10 30  -0.785   0.832  -1.059   1.560
 91 274 13 11 30  -0.683   0.891  -1.060   1.545
 91 274 13 12 30  -0.767   0.856  -1.111   1.601
 91 274 13 13 30  -0.817   0.839  -1.082   1.595
 91 274 13 14 30  -0.804   0.822  -1.055   1.563
 91 274 13 15 30  -0.812   0.791  -0.956   1.483
 91 274 13 16 30  -0.768   0.793  -0.969   1.469
 91 274 13 17 30  -0.738   0.805  -0.991   1.475
 91 274 13 18 30  -0.716   0.801  -0.996   1.465
 91 274 13 19 30  -0.709   0.804  -1.003   1.468
 91 274 13 20 30  -0.722   0.792  -1.020   1.480
 91 274 13 21 30  -0.665   0.775  -1.080   1.487
 91 274 13 22 30  -0.675   0.746  -1.051   1.456
 91 274 13 23 30  -0.716   0.727  -0.996   1.426
 91 274 13 24 30  -0.756   0.715  -1.007   1.449
 91 274 13 25 30  -0.758   0.664  -0.997   1.419
 91 274 13 26 30  -0.804   0.556  -1.000   1.400
 91 274 13 27 30  -0.830   0.510  -0.999   1.396
 91 274 13 28 30  -0.784   0.591  -0.946   1.364
 91 274 13 29 30  -0.792   0.581  -0.951   1.369
 91 274 13 30 30  -0.830   0.431  -0.984   1.360
 91 274 13 31 30  -0.746   0.559  -0.974   1.354
 91 274 13 32 30  -0.833   0.458  -0.988   1.374
 91 274 13 33 30  -0.824   0.443  -0.957   1.338
 91 274 13 34 30  -0.845   0.492  -0.992   1.394
 91 274 13 35 30  -0.805   0.574  -0.958   1.380
 91 274 13 36 30  -0.775   0.665  -0.885   1.351
 91 274 13 37 30  -0.766   0.697  -0.883   1.361
 91 274 13 38 30  -0.771   0.686  -0.864   1.346
 91 274 13 39 30  -0.764   0.615  -0.887   1.323
 91 274 13 40 30  -0.809   0.642  -0.905   1.374
 91 274 13 41 30  -0.857   0.659  -0.910   1.413
 91 274 13 42 30  -0.844   0.610  -0.991   1.438
 91 274 13 43 30  -0.853   0.603  -1.021   1.461
 91 274 13 44 30  -0.850   0.607  -1.034   1.470
 91 274 13 45 30  -0.837   0.572  -1.008   1.430
 91 274 13 46 30  -0.816   0.526  -0.973   1.375
 91 274 13 47 30  -0.817   0.551  -0.967   1.381
 91 274 13 48 30  -0.812   0.498  -0.975   1.363
 91 274 13 49 30  -0.822   0.505  -0.974   1.371
 91 274 13 50 30  -0.840   0.497  -0.982   1.385
 91 274 13 51 30  -0.846   0.510  -0.979   1.391
 91 274 13 52 30  -0.864   0.471  -0.985   1.393
 91 274 13 53 30  -0.851   0.476  -0.987   1.388
 91 274 13 54 30  -0.843   0.481  -0.971   1.373
 91 274 13 55 30  -0.830   0.471  -0.976   1.365
 91 274 13 56 30  -0.823   0.506  -0.927   1.339
 91 274 13 57 30  -0.830   0.531  -0.906   1.339
 91 274 13 58 30  -0.813   0.542  -0.936   1.353
 91 274 13 59 30  -0.830   0.591  -0.968   1.406
 91 274 14 00 30  -0.832   0.629  -0.950   1.411
 91 274 14 01 30  -0.819   0.636  -0.959   1.412
 91 274 14 02 30  -0.821   0.610  -0.992   1.426
 91 274 14 03 30  -0.849   0.570  -1.014   1.440
 91 274 14 04 30  -0.813   0.526  -1.053   1.431
 91 274 14 05 30  -0.859   0.529  -1.018   1.434
 91 274 14 06 30  -0.858   0.465  -1.064   1.444
 91 274 14 07 30  -0.867   0.440  -1.090   1.461
 91 274 14 08 30  -0.895   0.409  -1.061   1.448
 91 274 14 09 30  -0.854   0.540  -1.048   1.456
 91 274 14 10 30  -0.811   0.607  -1.043   1.455
 91 274 14 11 30  -0.777   0.656  -1.026   1.445
 91 274 14 12 30  -0.764   0.540  -1.126   1.472
 91 274 14 13 30  -0.817   0.500  -1.113   1.469
 91 274 14 14 30  -0.851   0.690  -0.959   1.463
 91 274 14 15 30  -0.824   0.738  -0.945   1.456
 91 274 14 16 30  -0.796   0.678  -0.957   1.419
 91 274 14 17 30  -0.823   0.575  -1.031   1.441
 91 274 14 18 30  -0.851   0.348  -1.067   1.409
 91 274 14 19 30  -0.818   0.380  -1.030   1.370
 91 274 14 20 30  -0.723   0.542  -0.898   1.283
 91 274 14 21 30  -0.688   0.616  -0.779   1.210
 91 274 14 22 30  -0.713   0.487  -0.836   1.205
 91 274 14 23 30  -0.699   0.475  -0.858   1.206
 91 274 14 24 30  -0.685   0.539  -0.820   1.198
 91 274 14 25 30  -0.631   0.543  -0.832   1.178
 91 274 14 26 30  -0.598   0.615  -0.800   1.175
 91 274 14 27 30  -0.509   0.655  -0.793   1.148
 91 274 14 28 30  -0.532   0.605  -0.820   1.152
 91 274 14 29 30  -0.547   0.587  -0.825   1.153
 91 274 14 30 30  -0.501   0.613  -0.753   1.102
 91 274 14 31 30  -0.510   0.574  -0.716   1.054
 91 274 14 32 30  -0.617   0.371  -0.723   1.021
 91 274 14 33 30  -0.638   0.293  -0.753   1.030
 91 274 14 34 30  -0.630   0.348  -0.714   1.014
 91 274 14 35 30  -0.561   0.386  -0.685   0.971
 91 274 14 36 30  -0.364   0.502  -0.593   0.859
 91 274 14 37 30  -0.322   0.537  -0.555   0.837
 91 274 14 38 30  -0.293   0.583  -0.581   0.874
 91 274 14 39 30  -0.265   0.603  -0.583   0.880
 91 274 14 40 30  -0.223   0.591  -0.558   0.843
 91 274 14 41 30  -0.224   0.610  -0.604   0.888
 91 274 14 42 30  -0.194   0.602  -0.606   0.877
 91 274 14 43 30  -0.416   0.476  -0.667   0.923
 91 274 14 44 30  -0.346   0.527  -0.703   0.946
 91 274 14 45 30  -0.457   0.365  -0.565   0.820
 91 274 14 46 30  -0.532   0.257  -0.530   0.794
 91 274 14 47 30  -0.574   0.293  -0.594   0.878
 91 274 14 48 30  -0.523   0.264  -0.564   0.814
 91 274 14 49 30  -0.600   0.197  -0.605   0.876
 91 274 14 50 30  -0.547   0.268  -0.619   0.871
 91 274 14 51 30  -0.583   0.236  -0.631   0.897
 91 274 14 52 30  -0.604   0.271  -0.649   0.928
 91 274 14 53 30  -0.571   0.290  -0.617   0.890
 91 274 14 54 30  -0.606   0.138  -0.549   0.851
 91 274 14 55 30  -0.561   0.078  -0.499   0.756
 91 274 14 56 30  -0.486   0.218  -0.574   0.786
 91 274 14 57 30  -0.463   0.288  -0.609   0.818
 91 274 14 58 30  -0.497   0.260  -0.609   0.828
 91 274 14 59 30  -0.446   0.241  -0.536   0.738
 91 274 15 00 30  -0.404   0.211  -0.471   0.656
 91 274 15 01 30  -0.451   0.210  -0.522   0.724
 91 274 15 02 30  -0.709   0.318  -0.755   1.085
 91 274 15 03 30  -0.687   0.351  -0.730   1.063
 91 274 15 04 30  -0.640   0.280  -0.720   1.008
 91 274 15 05 30  -0.863   0.180  -0.933   1.292
 91 274 15 06 30  -0.890   0.823  -1.069   1.648
 91 274 15 07 30  -0.948   1.172  -1.269   1.977
 91 274 15 08 30  -1.023   1.057  -1.316   1.978
 91 274 15 09 30  -1.135   0.866  -1.363   1.976
 91 274 15 10 30  -0.962   0.681  -1.597   1.989
 91 274 15 11 30  -0.928   0.514  -1.654   1.969
 91 274 15 12 30  -1.247   0.547  -1.412   1.965
 91 274 15 13 30  -1.332   0.578  -1.331   1.970
 91 274 15 14 30  -1.354   0.512  -1.351   1.980
 91 274 15 15 30  -1.368   0.449  -1.356   1.979
 91 274 15 16 30  -1.398   0.452  -1.334   1.986
 91 274 15 17 30  -1.409   0.408  -1.357   2.000
 91 274 15 18 30  -1.430   0.150  -1.418   2.021
 91 274 15 19 30  -1.446   0.022  -1.422   2.031
 91 274 15 20 30  -1.459   0.030  -1.418   2.037
 91 274 15 21 30  -1.490  -0.060  -1.394   2.048
 91 274 15 22 30  -1.472   0.147  -1.413   2.046
 91 274 15 23 30  -1.456   0.103  -1.425   2.041
 91 274 15 24 30  -1.464   0.011  -1.420   2.040
 91 274 15 25 30  -1.391   0.188  -1.471   2.035
 91 274 15 26 30  -1.376   0.238  -1.466   2.027
 91 274 15 27 30  -1.418   0.141  -1.447   2.034
 91 274 15 28 30  -1.489  -0.081  -1.395   2.042
 91 274 15 29 30  -1.518   0.016  -1.361   2.040
 91 274 15 30 30  -1.494   0.064  -1.338   2.007
 91 274 15 31 30  -1.495   0.138  -1.345   2.016
 91 274 15 32 30  -1.508   0.155  -1.328   2.016
 91 274 15 33 30  -1.446   0.191  -1.402   2.024
 91 274 15 34 30  -1.399   0.237  -1.450   2.029
 91 274 15 35 30  -1.465   0.197  -1.356   2.007
 91 274 15 36 30  -1.507   0.234  -1.306   2.010
 91 274 15 37 30  -1.321   0.713  -1.309   2.015
 91 274 15 38 30  -1.177   0.947  -1.348   2.035
 91 274 15 39 30  -1.222   0.957  -1.304   2.028
 91 274 15 40 30  -1.212   0.945  -1.328   2.032
 91 274 15 41 30  -1.245   0.965  -1.289   2.038
 91 274 15 42 30  -1.460   0.776  -1.244   2.077
 91 274 15 43 30  -1.578   0.453  -1.265   2.075
 91 274 15 44 30  -1.456   0.546  -1.329   2.055
 91 274 15 45 30  -1.369   0.680  -1.353   2.042
 91 274 15 46 30  -1.338   0.733  -1.374   2.056
 91 274 15 47 30  -1.024   1.205  -1.285   2.042
 91 274 15 48 30  -1.142   1.024  -1.329   2.038
 91 274 15 49 30  -1.190   0.934  -1.337   2.025
 91 274 15 50 30  -1.251   0.488  -1.483   2.025
 91 274 15 51 30  -1.282   0.845  -1.321   2.034
 91 274 15 52 30  -1.123   1.223  -1.217   2.066
 91 274 15 53 30  -1.187   1.081  -1.297   2.065
 91 274 15 54 30  -1.212   1.045  -1.319   2.075
 91 274 15 55 30  -1.237   0.835  -1.436   2.078
 91 274 15 56 30  -1.214   0.870  -1.449   2.082
 91 274 15 57 30  -1.179   0.912  -1.447   2.078
 91 274 15 58 30  -1.195   0.903  -1.438   2.077
 91 274 15 59 30  -1.206   0.965  -1.386   2.076
 91 274 16 00 30  -1.227   0.903  -1.408   2.075
 91 274 16 01 30  -1.279   0.872  -1.379   2.074
 91 274 16 02 30  -1.294   0.858  -1.368   2.070
 91 274 16 03 30  -1.306   0.879  -1.352   2.076
 91 274 16 04 30  -1.247   0.879  -1.404   2.074
 91 274 16 05 30  -1.272   0.850  -1.397   2.072
 91 274 16 06 30  -1.258   0.863  -1.403   2.073
 91 274 16 07 30  -1.285   0.865  -1.372   2.072
 91 274 16 08 30  -1.274   0.827  -1.401   2.071
 91 274 16 09 30  -1.379   0.825  -1.317   2.084
 91 274 16 10 30  -1.170   0.837  -1.500   2.079
 91 274 16 11 30  -1.312   0.818  -1.385   2.081
 91 274 16 12 30  -1.304   0.787  -1.415   2.083
 91 274 16 13 30  -1.299   0.819  -1.434   2.107
 91 274 16 14 30  -1.374   0.652  -1.449   2.110
 91 274 16 15 30  -1.347   0.787  -1.418   2.112
 91 274 16 16 30  -1.395   0.603  -1.471   2.120
 91 274 16 17 30  -1.393   0.557  -1.501   2.124
 91 274 16 18 30  -1.328   0.768  -1.474   2.131
 91 274 16 19 30  -1.232   0.988  -1.437   2.137
 91 274 16 20 30  -1.182   1.134  -1.372   2.138
 91 274 16 21 30  -1.176   1.100  -1.398   2.134
 91 274 16 22 30  -1.173   1.049  -1.444   2.138
 91 274 16 23 30  -1.209   0.977  -1.461   2.134
 91 274 16 24 30  -1.231   0.920  -1.480   2.136
 91 274 16 25 30  -1.261   0.932  -1.447   2.137
 91 274 16 26 30  -1.273   0.940  -1.438   2.139
 91 274 16 27 30  -1.235   0.945  -1.462   2.136
 91 274 16 28 30  -1.239   0.973  -1.450   2.141
 91 274 16 29 30  -1.234   0.982  -1.447   2.141
 91 274 16 30 30  -1.132   1.127  -1.421   2.138
 91 274 16 31 30  -1.119   1.112  -1.436   2.133
 91 274 16 32 30  -1.143   1.102  -1.431   2.138
 91 274 16 33 30  -1.200   1.109  -1.382   2.141
 91 274 16 34 30  -1.202   1.131  -1.360   2.139
 91 274 16 35 30  -1.147   1.170  -1.374   2.139
 91 274 16 36 30  -1.153   1.140  -1.399   2.142
 91 274 16 37 30  -1.143   1.139  -1.405   2.140
 91 274 16 38 30  -1.111   1.157  -1.421   2.143
 91 274 16 39 30  -1.127   1.132  -1.419   2.137
 91 274 16 40 30  -1.215   1.006  -1.436   2.134
 91 274 16 41 30  -1.182   1.025  -1.449   2.133
 91 274 16 42 30  -1.162   1.073  -1.434   2.135
 91 274 16 43 30  -1.033   1.366  -1.254   2.139
 91 274 16 44 30  -0.839   1.683  -1.010   2.135
 91 274 16 45 30  -0.843   1.637  -1.068   2.134
 91 274 16 46 30  -0.699   1.829  -0.890   2.152
 91 274 16 47 30  -0.673   1.872  -0.843   2.161
 91 274 16 48 30  -0.635   1.909  -0.807   2.168
 91 274 16 49 30  -0.634   1.917  -0.812   2.177
 91 274 16 50 30  -0.612   1.931  -0.808   2.181
 91 274 16 51 30  -0.583   1.943  -0.809   2.184
 91 274 16 52 30  -0.600   1.944  -0.794   2.185
 91 274 16 53 30  -0.535   1.980  -0.762   2.189
 91 274 16 54 30  -0.647   1.961  -0.742   2.196
 91 274 16 55 30  -0.488   2.038  -0.653   2.196
 91 274 16 56 30  -0.390   2.084  -0.566   2.194
 91 274 16 57 30  -0.321   2.120  -0.466   2.195
 91 274 16 58 30  -0.292   2.122  -0.468   2.193
 91 274 16 59 30  -0.896   1.695  -1.009   2.184
 91 274 17 00 30  -1.038   1.587  -1.090   2.188
 91 274 17 01 30  -1.029   1.629  -1.039   2.190
 91 274 17 02 30  -1.062   1.642  -0.984   2.190
 91 274 17 03 30  -1.020   1.693  -0.943   2.193
 91 274 17 04 30  -1.071   1.598  -1.040   2.188
 91 274 17 05 30  -1.068   1.574  -1.060   2.178
 91 274 17 06 30  -1.087   1.513  -1.134   2.181
 91 274 17 07 30  -1.104   1.512  -1.128   2.187
 91 274 17 08 30  -1.085   1.295  -1.293   2.160
 91 274 17 09 30  -1.195   0.988  -1.484   2.148
 91 274 17 10 30  -1.205   0.936  -1.500   2.140
 91 274 17 11 30  -1.149   0.989  -1.481   2.123
 91 274 17 12 30  -1.086   1.204  -1.318   2.092
 91 274 17 13 30  -0.966   1.503  -1.029   2.067
 91 274 17 14 30  -0.944   1.599  -0.862   2.051
 91 274 17 15 30  -0.856   1.590  -0.902   2.047
 91 274 17 16 30  -0.866   1.599  -0.855   2.015
 91 274 17 17 30  -0.926   1.406  -0.839   1.985
 91 274 17 18 30  -1.110   0.898  -1.276   1.921
 91 274 17 19 30  -1.108   0.498  -1.465   1.906
 91 274 17 20 30  -1.136   0.515  -1.455   1.918
 91 274 17 21 30  -1.197   0.334  -1.524   1.969
 91 274 17 22 30  -1.182   0.209  -1.577   1.983
 91 274 17 23 30  -1.199   0.296  -1.542   1.977
 91 274 17 24 30  -1.140   0.197  -1.580   1.961
 91 274 17 25 30  -1.138   0.132  -1.589   1.962
 91 274 17 26 30  -1.161   0.046  -1.582   1.963
 91 274 17 27 30  -1.171   0.259  -1.599   2.004
 91 274 17 28 30  -1.197   0.253  -1.587   2.005
 91 274 17 29 30  -1.180   0.329  -1.585   2.005
 91 274 17 30 30  -1.097   0.515  -1.602   2.012
 91 274 17 31 30  -1.048   0.621  -1.602   2.014
 91 274 17 32 30  -1.074   0.584  -1.593   2.009
 91 274 17 33 30  -1.060   0.659  -1.580   2.017
 91 274 17 34 30  -1.096   0.648  -1.552   2.009
 91 274 17 35 30  -1.037   0.771  -1.551   2.020
 91 274 17 36 30  -1.074   0.795  -1.529   2.031
 91 274 17 37 30  -1.013   0.922  -1.453   2.001
 91 274 17 38 30  -0.995   0.988  -1.401   1.986
 91 274 17 39 30  -1.025   0.991  -1.451   2.036
 91 274 17 40 30  -0.879   1.240  -1.287   1.995
 91 274 17 41 30  -0.794   1.392  -1.191   2.000
 91 274 17 42 30  -1.001   1.051  -1.408   2.036
 91 274 17 43 30  -1.038   0.955  -1.443   2.018
 91 274 17 44 30  -0.941   0.970  -1.484   2.008
 91 274 17 45 30  -1.006   0.956  -1.436   2.000
 91 274 17 46 30  -1.047   0.875  -1.451   1.992
 91 274 17 47 30  -1.046   0.822  -1.468   1.982
 91 274 17 48 30  -1.049   0.802  -1.474   1.980
 91 274 17 49 30  -1.013   0.852  -1.474   1.982
 91 274 17 50 30  -1.009   0.805  -1.492   1.975
 91 274 17 51 30  -1.043   0.727  -1.513   1.977
 91 274 17 52 30  -0.991   0.776  -1.519   1.974
 91 274 17 53 30  -0.962   0.812  -1.510   1.967
 91 274 17 54 30  -0.946   0.818  -1.506   1.959
 91 274 17 55 30  -0.915   0.844  -1.502   1.952
 91 274 17 56 30  -0.944   0.727  -1.549   1.956
 91 274 17 57 30  -0.988   0.734  -1.511   1.952
 91 274 17 58 30  -1.093   0.837  -1.373   1.962
 91 274 17 59 30  -0.833   0.860  -1.515   1.974
 91 274 18 00 30  -0.925   0.806  -1.475   1.957
 91 274 18 01 30  -1.035   0.792  -1.460   1.962
 91 274 18 02 30  -1.099   0.647  -1.507   1.984
 91 274 18 03 30  -1.119   0.725  -1.435   1.965
 91 274 18 04 30  -1.080   0.836  -1.415   1.978
 91 274 18 05 30  -0.945   0.883  -1.473   1.964
 91 274 18 06 30  -0.816   0.848  -1.581   1.983
 91 274 18 07 30  -0.910   0.858  -1.563   2.014
 91 274 18 08 30  -0.967   0.923  -1.505   2.015
 91 274 18 09 30  -1.022   0.910  -1.475   2.014
 91 274 18 10 30  -0.988   0.864  -1.504   1.998
 91 274 18 11 30  -0.877   0.999  -1.490   1.999
 91 274 18 12 30  -0.913   0.952  -1.484   1.995
 91 274 18 13 30  -0.967   1.119  -1.341   2.003
 91 274 18 14 30  -0.973   1.149  -1.323   2.010
 91 274 18 15 30  -1.035   1.057  -1.355   2.009
 91 274 18 16 30  -1.198   0.889  -1.369   2.026
 91 274 18 17 30  -1.071   1.016  -1.351   2.018
 91 274 18 18 30  -0.908   1.279  -1.257   2.015
 91 274 18 19 30  -1.113   1.034  -1.304   2.006
 91 274 18 20 30  -1.143   1.060  -1.270   2.013
 91 274 18 21 30  -1.060   1.130  -1.272   2.006
 91 274 18 22 30  -1.090   1.160  -1.224   2.014
 91 274 18 23 30  -0.753   1.358  -1.265   2.008
 91 274 18 24 30  -1.005   1.210  -1.244   2.007
 91 274 18 25 30  -1.016   1.174  -1.262   2.003
 91 274 18 26 30  -0.903   1.260  -1.257   1.999
 91 274 18 27 30  -0.828   1.294  -1.289   2.013
 91 274 18 28 30  -1.219   1.072  -1.171   2.013
 91 274 18 29 30  -0.880   1.208  -1.335   2.008
 91 274 18 30 30  -0.956   1.174  -1.309   2.004
 91 274 18 31 30  -1.049   1.176  -1.231   2.002
 91 274 18 32 30  -1.068   1.218  -1.183   2.009
 91 274 18 33 30  -0.908   1.363  -1.161   2.010
 91 274 18 34 30  -1.071   1.096  -1.257   2.012
 91 274 18 35 30  -1.210   0.858  -1.354   2.010
 91 274 18 36 30  -1.154   0.996  -1.296   2.005
 91 274 18 37 30  -1.139   1.119  -1.228   2.017
 91 274 18 38 30  -1.040   1.262  -1.179   2.017
 91 274 18 39 30  -1.022   1.335  -1.109   2.016
 91 274 18 40 30  -0.977   1.305  -1.118   2.008
 91 274 18 41 30  -1.344   0.935  -1.168   2.012
 91 274 18 42 30  -1.357   0.919  -1.172   2.015
 91 274 18 43 30  -1.352   0.949  -1.157   2.018
 91 274 18 44 30  -1.407   0.894  -1.135   2.017
 91 274 18 45 30  -1.365   0.959  -1.140   2.021
 91 274 18 46 30  -1.369   0.972  -1.122   2.020
 91 274 18 47 30  -1.332   1.025  -1.124   2.023
 91 274 18 48 30  -1.168   1.199  -1.122   2.019
 91 274 18 49 30  -1.144   1.242  -1.099   2.016
 91 274 18 50 30  -1.184   1.197  -1.112   2.018
 91 274 18 51 30  -1.161   1.254  -1.065   2.017
 91 274 18 52 30  -1.134   1.216  -1.132   2.021
 91 274 18 53 30  -1.123   1.217  -1.130   2.009
 91 274 18 54 30  -1.267   1.231  -0.964   2.014
 91 274 18 55 30  -1.243   1.214  -1.004   2.009
 91 274 18 56 30  -1.327   1.132  -0.999   2.010
 91 274 18 57 30  -1.307   1.145  -1.029   2.020
 91 274 18 58 30  -1.293   1.158  -1.037   2.023
 91 274 18 59 30  -1.313   1.195  -0.970   2.023
 91 274 19 00 30  -1.297   1.210  -0.980   2.027
 91 274 19 01 30  -1.273   1.268  -0.927   2.023
 91 274 19 02 30  -1.237   1.264  -0.960   2.013
 91 274 19 03 30  -1.169   1.310  -0.959   2.001
 91 274 19 04 30  -1.139   1.247  -1.054   1.992
 91 274 19 05 30  -1.143   1.243  -1.050   1.989
 91 274 19 06 30  -1.086   1.257  -1.085   1.986
 91 274 19 07 30  -1.071   1.263  -1.091   1.984
 91 274 19 08 30  -1.114   1.303  -1.006   1.988
 91 274 19 09 30  -1.124   1.331  -0.960   1.990
 91 274 19 10 30  -1.046   1.340  -1.020   1.984
 91 274 19 11 30  -1.086   1.309  -1.013   1.981
 91 274 19 12 30  -1.029   1.336  -1.049   1.987
 91 274 19 13 30  -0.966   1.387  -1.069   2.002
 91 274 19 14 30  -1.029   1.334  -1.082   2.004
 91 274 19 15 30  -1.037   1.366  -1.021   1.998
 91 274 19 16 30  -1.054   1.307  -1.091   2.004
 91 274 19 17 30  -1.039   1.376  -1.029   2.008
 91 274 19 18 30  -1.020   1.354  -1.064   2.003
 91 274 19 19 30  -1.045   1.403  -0.980   2.007
 91 274 19 20 30  -1.051   1.395  -1.017   2.023
 91 274 19 21 30  -1.050   1.346  -1.050   2.005
 91 274 19 22 30  -1.007   1.370  -1.047   1.997
 91 274 19 23 30  -1.039   1.438  -0.877   1.982
 91 274 19 24 30  -1.032   1.394  -0.952   1.980
 91 274 19 25 30  -1.066   1.346  -1.007   1.992
 91 274 19 26 30  -1.031   1.339  -1.039   1.988
 91 274 19 27 30  -0.962   1.367  -1.068   1.989
 91 274 19 28 30  -0.950   1.482  -0.921   1.990
 91 274 19 29 30  -0.919   1.460  -0.993   1.993
 91 274 19 30 30  -0.881   1.465  -1.009   1.988
 91 274 19 31 30  -0.935   1.560  -0.773   1.979
 91 274 19 32 30  -0.992   1.422  -0.936   1.974
 91 274 19 33 30  -0.997   1.450  -0.899   1.979
 91 274 19 34 30  -0.920   1.580  -0.738   1.974
 91 274 19 35 30  -0.923   1.612  -0.676   1.981
 91 274 19 36 30  -0.882   1.546  -0.866   1.984
 91 274 19 37 30  -0.917   1.501  -0.907   1.980
 91 274 19 38 30  -0.937   1.489  -0.915   1.983
 91 274 19 39 30  -0.980   1.454  -0.932   1.987
 91 274 19 40 30  -1.002   1.410  -0.961   1.979
 91 274 19 41 30  -0.993   1.448  -0.918   1.982
 91 274 19 42 30  -1.003   1.422  -0.950   1.983
 91 274 19 43 30  -1.011   1.439  -0.903   1.977
 91 274 19 44 30  -0.985   1.479  -0.883   1.986
 91 274 19 45 30  -1.091   1.375  -0.917   1.981
 91 274 19 46 30  -1.011   1.459  -0.877   1.981
 91 274 19 47 30  -1.022   1.489  -0.852   1.997
 91 274 19 48 30  -0.822   1.664  -0.727   1.996
 91 274 19 49 30  -0.870   1.654  -0.684   1.992
 91 274 19 50 30  -0.944   1.576  -0.749   1.986
 91 274 19 51 30  -0.840   1.708  -0.613   2.006
 91 274 19 52 30  -0.811   1.732  -0.633   2.015
 91 274 19 53 30  -0.861   1.700  -0.627   2.006
 91 274 19 54 30  -0.828   1.719  -0.624   2.008
 91 274 19 55 30  -0.832   1.739  -0.572   2.012
 91 274 19 56 30  -0.836   1.761  -0.507   2.016
 91 274 19 57 30  -0.837   1.764  -0.497   2.017
 91 274 19 58 30  -0.890   1.730  -0.576   2.030
 91 274 19 59 30  -0.910   1.729  -0.595   2.043
 91 274 20 00 30  -0.907   1.746  -0.567   2.048
 91 274 20 01 30  -0.963   1.689  -0.646   2.049
 91 274 20 02 30  -0.991   1.652  -0.705   2.052
 91 274 20 03 30  -1.057   1.620  -0.699   2.068
 91 274 20 04 30  -1.106   1.567  -0.750   2.066
 91 274 20 05 30  -0.981   1.726  -0.559   2.063
 91 274 20 06 30  -1.016   1.694  -0.579   2.059
 91 274 20 07 30  -1.014   1.689  -0.582   2.055
 91 274 20 08 30  -1.048   1.672  -0.561   2.051
 91 274 20 09 30  -1.075   1.646  -0.584   2.052
 91 274 20 10 30  -1.067   1.646  -0.574   2.045
 91 274 20 11 30  -1.052   1.661  -0.532   2.038
 91 274 20 12 30  -1.079   1.659  -0.498   2.042
 91 274 20 13 30  -1.026   1.678  -0.533   2.039
 91 274 20 14 30  -1.010   1.715  -0.410   2.036
 91 274 20 15 30  -1.007   1.743  -0.276   2.033
 91 274 20 16 30  -0.954   1.752  -0.354   2.029
 91 274 20 17 30  -0.943   1.752  -0.353   2.022
 91 274 20 18 30  -0.897   1.730  -0.626   2.047
 91 274 20 19 30  -0.887   1.728  -0.659   2.051
 91 274 20 20 30  -0.854   1.737  -0.676   2.051
 91 274 20 21 30  -0.883   1.727  -0.666   2.052
 91 274 20 22 30  -0.925   1.713  -0.652   2.053
 91 274 20 23 30  -0.970   1.704  -0.610   2.054
 91 274 20 24 30  -0.983   1.702  -0.590   2.053
 91 274 20 25 30  -0.990   1.686  -0.631   2.055
 91 274 20 26 30  -0.986   1.692  -0.602   2.049
 91 274 20 27 30  -0.979   1.696  -0.592   2.046
 91 274 20 28 30  -0.993   1.683  -0.572   2.037
 91 274 20 29 30  -1.016   1.698  -0.468   2.034
 91 274 20 30 30  -1.011   1.709  -0.431   2.033
 91 274 20 31 30  -1.009   1.713  -0.454   2.040
 91 274 20 32 30  -1.034   1.692  -0.461   2.036
 91 274 20 33 30  -1.014   1.685  -0.525   2.037
 91 274 20 34 30  -0.995   1.696  -0.496   2.028
 91 274 20 35 30  -0.986   1.686  -0.539   2.027
 91 274 20 36 30  -0.957   1.699  -0.557   2.029
 91 274 20 37 30  -0.972   1.729  -0.420   2.031
 91 274 20 38 30  -0.971   1.700  -0.528   2.029
 91 274 20 39 30  -0.923   1.714  -0.553   2.025
 91 274 20 40 30  -0.961   1.690  -0.586   2.031
 91 274 20 41 30  -0.977   1.688  -0.528   2.021
 91 274 20 42 30  -0.959   1.702  -0.528   2.024
 91 274 20 43 30  -0.970   1.696  -0.538   2.028
 91 274 20 44 30  -1.000   1.695  -0.471   2.025
 91 274 20 45 30  -1.009   1.689  -0.486   2.027
 91 274 20 46 30  -0.984   1.692  -0.519   2.025
 91 274 20 47 30  -0.991   1.686  -0.525   2.026
 91 274 20 48 30  -0.966   1.718  -0.485   2.031
 91 274 20 49 30  -0.975   1.709  -0.489   2.027
 91 274 20 50 30  -1.008   1.666  -0.542   2.021
 91 274 20 51 30  -0.988   1.680  -0.518   2.018
 91 274 20 52 30  -1.037   1.637  -0.555   2.017
 91 274 20 53 30  -1.001   1.668  -0.529   2.016
 91 274 20 54 30  -0.982   1.677  -0.531   2.015
 91 274 20 56 30  -1.098   1.583  -0.528   1.998
 91 274 20 57 30  -1.091   1.638  -0.427   2.014
 91 274 20 58 30  -1.045   1.662  -0.466   2.019
 91 274 20 59 30  -1.004   1.688  -0.475   2.021
 91 274 21 01 30  -1.065   1.651  -0.465   2.019
 91 274 21 02 30  -1.061   1.650  -0.459   2.015
 91 274 21 03 30  -1.036   1.664  -0.461   2.014
 91 274 21 04 30  -0.942   1.705  -0.534   2.021
 91 274 21 05 30  -0.966   1.711  -0.492   2.027
 91 274 21 06 30  -0.997   1.682  -0.495   2.018
 91 274 21 07 30  -1.005   1.702  -0.419   2.021
 91 274 21 08 30  -1.084   1.664  -0.447   2.036
 91 274 21 09 30  -1.107   1.656  -0.418   2.035
 91 274 21 10 30  -1.080   1.667  -0.422   2.031
 91 274 21 11 30  -1.071   1.678  -0.394   2.029
 91 274 21 12 30  -1.004   1.728  -0.376   2.035
 91 274 21 13 30  -1.095   1.662  -0.403   2.032
 91 274 21 14 30  -1.008   1.707  -0.408   2.025
 91 274 21 15 30  -0.999   1.718  -0.362   2.020
 91 274 21 16 30  -0.999   1.713  -0.393   2.022
 91 274 21 17 30  -0.998   1.709  -0.389   2.018
 91 274 21 18 30  -0.969   1.740  -0.344   2.022
 91 274 21 19 30  -1.024   1.720  -0.248   2.019
 91 274 21 20 30  -1.069   1.682  -0.341   2.025
 91 274 21 21 30  -1.035   1.696  -0.357   2.022
 91 274 21 22 30  -0.967   1.748  -0.332   2.026
 91 274 21 23 30  -1.004   1.745  -0.221   2.026
 91 274 21 24 30  -0.984   1.763  -0.182   2.028
 91 274 21 25 30  -1.009   1.745  -0.190   2.028
 91 274 21 26 30  -1.035   1.725  -0.286   2.033
 91 274 21 27 30  -1.023   1.758  -0.157   2.040
 91 274 21 28 30  -1.024   1.750  -0.177   2.035
 91 274 21 31 30  -0.984   0.845  -0.431   2.031
 91 274 21 32 30  -1.025   1.252  -0.387   2.020
 91 274 21 33 30  -1.019   1.322  -0.408   2.020
 91 274 21 34 30  -0.989   0.813  -0.587   2.030
 91 274 21 35 30  -1.069   1.681  -0.385   2.030
 91 274 21 36 30  -1.323   1.414  -0.545   2.021
 91 274 21 37 30  -1.073   1.694  -0.379   2.041
 91 274 21 38 30  -0.980   1.765  -0.249   2.041
 91 274 21 39 30  -0.978   1.798  -0.171   2.055
 91 274 21 40 30  -0.881   1.866  -0.052   2.065
 91 274 21 41 30  -0.776   1.897   0.040   2.051
 91 274 21 42 30  -0.603  -0.031  -0.847   2.054
 91 274 21 43 30  -0.808   1.891   0.077   2.059
 91 274 21 46 30  -0.628  -0.213  -0.990   2.056
 91 274 21 47 30  -0.781   1.681  -0.024   2.063
 91 274 21 48 30  -0.839   1.867   0.045   2.048
 91 274 21 49 30  -0.838   1.887   0.045   2.066
 91 274 21 50 30  -0.909   1.846   0.016   2.058
 91 274 21 51 30  -0.845   1.891   0.054   2.072
 91 274 21 52 30  -0.814   1.903   0.074   2.074
 91 274 21 53 30  -0.704   1.943   0.072   2.069
 91 274 21 54 30  -0.770   1.915   0.049   2.065
 91 274 21 55 30  -0.804   1.895   0.030   2.060
 91 274 21 56 30  -0.805   1.898   0.037   2.063
 91 274 21 59 30  -0.831   1.887   0.083   2.063
 91 274 22 00 30  -0.784   1.903   0.057   2.059
 91 274 22 02 30  -0.744   1.919   0.077   2.060
 91 274 22 03 30  -0.764   1.926   0.093   2.075
 91 274 22 04 30  -0.711   1.933   0.066   2.062
 91 274 22 05 30  -0.739   1.925   0.131   2.067
 91 274 22 06 30  -0.740   1.920   0.093   2.062
 91 274 22 07 30  -0.784   1.753   0.100   2.070
 91 274 22 08 30  -0.667   1.953   0.111   2.068
 91 274 22 09 30  -0.789   1.905   0.097   2.065
 91 274 22 11 30  -0.807   1.891   0.117   2.060
 91 274 22 12 30  -0.790   1.893   0.094   2.054
 91 274 22 13 30  -0.740   1.683  -0.014   2.052
 91 274 22 14 30  -0.398  -0.669  -1.243   2.060
 91 274 22 15 30  -0.634   1.955   0.161   2.063
 91 274 22 18 30  -0.764   1.916   0.101   2.066
 91 274 22 19 30  -0.836   1.897   0.054   2.074
 91 274 22 20 30  -0.794   1.904   0.092   2.066
 91 274 22 21 30  -0.840   1.889   0.097   2.071
 91 274 22 22 30  -0.844   1.880   0.098   2.067
 91 274 22 23 30  -0.865   1.858   0.290   2.071
 91 274 22 24 30  -0.849   1.890   0.107   2.076
 91 274 22 25 30  -0.770   1.911   0.051   2.065
 91 274 22 26 30  -0.827   1.863   0.308   2.063
 91 274 22 27 30  -0.868   1.842   0.332   2.064
 91 274 22 28 30  -0.868   1.856   0.366   2.081
 91 274 22 29 30  -0.867   1.862   0.282   2.076
 91 274 22 30 30  -0.886   1.844   0.349   2.076
 91 274 22 31 30  -0.928   1.833   0.295   2.076
 91 274 22 32 30  -0.853   1.867   0.202   2.064
 91 274 22 33 30  -0.821   1.874   0.238   2.060
 91 274 22 34 30  -0.950   1.816   0.223   2.062
 91 274 22 35 30  -0.952   1.829   0.139   2.067
 91 274 22 43 30  -0.975   1.830   0.139   2.079
 91 274 22 44 30  -0.371   0.295  -0.832   2.287
 91 274 22 45 30  -0.815   1.850   0.525   2.089
 91 274 22 46 30  -0.827   1.840   0.548   2.091
 91 274 22 47 30  -0.849   1.831   0.555   2.094
 91 274 22 48 30  -0.643   0.053  -0.778   2.076
 91 274 22 49 30  -0.836   1.850   0.362   2.063
 91 274 22 52 30  -0.511  -1.036  -1.509   2.063
 91 274 22 53 30  -0.780   1.240  -0.041   2.064
 91 274 22 54 30  -0.882   1.848   0.327   2.074
 91 274 22 55 30  -0.817   1.883   0.296   2.077
 91 274 22 56 30  -0.835   1.864   0.401   2.082
 91 274 23 03 30  -0.838   1.872   0.315   2.076
 91 274 23 04 30  -0.821   1.880   0.291   2.072
 91 274 23 05 30  -0.855   1.884   0.258   2.085
 91 274 23 06 30  -0.835   1.897   0.220   2.085
 91 274 23 07 30  -0.830   1.900   0.206   2.084
 91 274 23 08 30  -0.852   1.872   0.221   2.069
 91 274 23 09 30  -0.829   1.872   0.308   2.071
 91 274 23 10 30  -0.551   1.901   0.290   2.269
 91 274 23 11 30  -0.835   1.878   0.264   2.073
 91 274 23 12 30  -0.817   1.874   0.298   2.066
 91 274 23 13 30  -0.810   1.873   0.325   2.067
 91 274 23 14 30  -0.855   1.860   0.251   2.064
 91 274 23 15 30  -0.905   1.846   0.223   2.068
 91 274 23 16 30  -0.853   1.863   0.252   2.064
 91 274 23 17 30  -0.868   1.849   0.199   2.053
 91 274 23 18 30  -0.934   1.815   0.223   2.054
 91 274 23 19 30  -0.963   1.798   0.221   2.053
 91 274 23 20 30  -0.616  -0.806  -1.325   2.064
 91 274 23 21 30  -0.913   1.841   0.229   2.068
 91 274 23 23 30  -0.960   1.821   0.159   2.065
 91 274 23 24 30  -0.971   1.811   0.193   2.064
 91 274 23 27 30  -0.958   1.823   0.152   2.066
 91 274 23 28 30  -0.986   1.806   0.142   2.062
 91 274 23 29 30  -1.005   1.788   0.141   2.057
 91 274 23 30 30  -0.981   1.805   0.161   2.061
 91 274 23 31 30  -0.998   1.784   0.170   2.051
 91 274 23 32 30  -0.992   1.786   0.186   2.051
 91 274 23 33 30  -0.978   1.794   0.171   2.050
 91 274 23 34 30  -0.983   1.807   0.174   2.065
 91 274 23 44 30  -0.993   1.795   0.045   2.052
 91 274 23 45 30  -0.976   1.800   0.063   2.049
 91 274 23 46 30  -1.012   1.785   0.048   2.053
 91 274 23 47 30  -1.030   1.763   0.044   2.043
 91 274 23 48 30  -1.018   1.778   0.073   2.051
 91 274 23 49 30  -1.062   1.743   0.084   2.043
 91 274 23 50 30  -1.041   1.766   0.082   2.051
 91 274 23 51 30  -1.053   1.757   0.063   2.050
 91 274 23 52 30  -1.056   1.746   0.057   2.042
 91 274 23 53 30  -1.067   1.747   0.067   2.048
 91 274 23 57 30  -1.037   1.768  -0.012   2.050
 91 274 23 58 30  -1.030   1.770  -0.077   2.049
 91 274 23 59 30  -1.032   1.762  -0.078   2.045
