 91 280 00 00 30  -0.432   0.659   0.463   0.915
 91 280 00 01 30  -0.482   0.630   0.447   0.915
 91 280 00 02 30  -0.512   0.636   0.415   0.917
 91 280 00 03 30  -0.567   0.656   0.303   0.922
 91 280 00 04 30  -0.506   0.691   0.308   0.916
 91 280 00 05 30  -0.469   0.697   0.341   0.915
 91 280 00 06 30  -0.309   0.826   0.241   0.916
 91 280 00 07 30  -0.290   0.835   0.206   0.908
 91 280 00 08 30  -0.229   0.845   0.213   0.902
 91 280 00 09 30  -0.211   0.857   0.211   0.908
 91 280 00 10 30  -0.185   0.857   0.219   0.904
 91 280 00 11 30  -0.235   0.846   0.207   0.903
 91 280 00 12 30  -0.323   0.816   0.208   0.904
 91 280 00 13 30  -0.307   0.825   0.196   0.902
 91 280 00 14 30  -0.401   0.777   0.199   0.900
 91 280 00 15 30  -0.390   0.800   0.145   0.904
 91 280 00 16 30  -0.353   0.813   0.151   0.901
 91 280 00 17 30  -0.325   0.808   0.191   0.893
 91 280 00 18 30  -0.354   0.794   0.218   0.898
 91 280 00 19 30  -0.352   0.805   0.183   0.898
 91 280 00 20 30  -0.414   0.779   0.174   0.902
 91 280 00 21 30  -0.361   0.803   0.182   0.902
 91 280 00 22 30  -0.281   0.839   0.162   0.900
 91 280 00 23 30  -0.264   0.850   0.133   0.902
 91 280 00 24 30  -0.263   0.847   0.170   0.904
 91 280 00 25 30  -0.268   0.843   0.162   0.900
 91 280 00 26 30  -0.280   0.839   0.161   0.902
 91 280 00 27 30  -0.331   0.805   0.217   0.902
 91 280 00 28 30  -0.346   0.816   0.166   0.907
 91 280 00 29 30  -0.353   0.818   0.094   0.900
 91 280 00 30 30  -0.324   0.815   0.214   0.905
 91 280 00 31 30  -0.313   0.830   0.165   0.904
 91 280 00 32 30  -0.368   0.818   0.150   0.911
 91 280 00 33 30  -0.387   0.803   0.102   0.898
 91 280 00 34 30  -0.433   0.769   0.163   0.899
 91 280 00 35 30  -0.379   0.794   0.219   0.907
 91 280 00 36 30  -0.406   0.775   0.229   0.905
 91 280 00 37 30  -0.402   0.772   0.220   0.899
 91 280 00 38 30  -0.411   0.770   0.230   0.903
 91 280 00 39 30  -0.387   0.789   0.227   0.908
 91 280 00 40 30  -0.372   0.797   0.239   0.912
 91 280 00 41 30  -0.429   0.760   0.262   0.913
 91 280 00 42 30  -0.456   0.742   0.249   0.906
 91 280 00 43 30  -0.453   0.740   0.145   0.903
 91 280 00 44 30  -0.340   0.767  -0.249   0.882
 91 280 00 45 30  -0.334   0.806  -0.151   0.892
 91 280 00 46 30  -0.325   0.783  -0.232   0.882
 91 280 00 47 30  -0.334   0.800  -0.148   0.884
 91 280 00 48 30  -0.400   0.727  -0.294   0.884
 91 280 00 49 30  -0.328   0.789  -0.238   0.891
 91 280 00 50 30  -0.316   0.768  -0.312   0.889
 91 280 00 51 30  -0.417   0.749  -0.099   0.881
 91 280 00 52 30  -0.500   0.713   0.169   0.890
 91 280 00 53 30  -0.480   0.736  -0.047   0.895
 91 280 00 54 30  -0.338   0.783  -0.186   0.879
 91 280 00 55 30  -0.464   0.711  -0.163   0.887
 91 280 00 56 30  -0.465   0.736   0.173   0.890
 91 280 00 57 30  -0.478   0.749   0.043   0.891
 91 280 00 58 30  -0.366   0.799   0.083   0.884
 91 280 00 59 30  -0.306   0.845   0.037   0.900
 91 280 01 00 30  -0.314   0.830  -0.037   0.891
 91 280 01 01 30  -0.315   0.838   0.016   0.896
 91 280 01 02 30  -0.281   0.854  -0.004   0.900
 91 280 01 03 30  -0.319   0.838   0.030   0.898
 91 280 01 04 30  -0.331   0.830   0.054   0.896
 91 280 01 05 30  -0.351   0.825   0.064   0.900
 91 280 01 06 30  -0.342   0.824   0.081   0.897
 91 280 01 07 30  -0.316   0.837   0.077   0.899
 91 280 01 08 30  -0.379   0.816   0.040   0.901
 91 280 01 09 30  -0.369   0.820   0.053   0.901
 91 280 01 10 30  -0.387   0.804  -0.074   0.900
 91 280 01 11 30  -0.416   0.778  -0.125   0.892
 91 280 01 12 30  -0.435   0.769  -0.113   0.891
 91 280 01 13 30  -0.431   0.785  -0.038   0.897
 91 280 01 14 30  -0.363   0.815   0.133   0.904
 91 280 01 15 30  -0.554   0.704  -0.058   0.903
 91 280 01 16 30  -0.403   0.792   0.081   0.895
 91 280 01 17 30  -0.441   0.780  -0.022   0.902
 91 280 01 18 30  -0.478   0.755   0.012   0.896
 91 280 01 19 30  -0.445   0.774   0.089   0.901
 91 280 01 20 30  -0.403   0.776   0.142   0.894
 91 280 01 21 30  -0.394   0.773   0.166   0.885
 91 280 01 22 30  -0.349   0.784   0.196   0.882
 91 280 01 23 30  -0.453   0.740   0.138   0.882
 91 280 01 24 30  -0.436   0.755   0.145   0.886
 91 280 01 25 30  -0.368   0.792   0.146   0.887
 91 280 01 26 30  -0.386   0.763   0.206   0.882
 91 280 01 27 30  -0.351   0.733   0.339   0.883
 91 280 01 28 30  -0.347   0.771   0.262   0.886
 91 280 01 29 30  -0.267   0.778   0.321   0.886
 91 280 01 30 30  -0.375   0.713   0.351   0.882
 91 280 01 31 30  -0.394   0.713   0.342   0.884
 91 280 01 32 30  -0.348   0.749   0.328   0.889
 91 280 01 33 30  -0.328   0.758   0.326   0.889
 91 280 01 34 30  -0.303   0.754   0.400   0.907
 91 280 01 35 30  -0.305   0.755   0.422   0.917
 91 280 01 36 30  -0.293   0.756   0.413   0.910
 91 280 01 37 30  -0.285   0.751   0.418   0.906
 91 280 01 38 30  -0.333   0.734   0.408   0.903
 91 280 01 39 30  -0.335   0.739   0.402   0.906
 91 280 01 40 30  -0.302   0.729   0.450   0.909
 91 280 01 41 30  -0.287   0.736   0.429   0.901
 91 280 01 42 30  -0.414   0.734   0.321   0.905
 91 280 01 43 30  -0.408   0.729   0.324   0.898
 91 280 01 44 30  -0.443   0.738   0.243   0.897
 91 280 01 45 30  -0.316   0.702   0.476   0.907
 91 280 01 46 30  -0.302   0.736   0.417   0.899
 91 280 01 47 30  -0.274   0.734   0.438   0.898
 91 280 01 48 30  -0.324   0.716   0.430   0.896
 91 280 01 49 30  -0.313   0.739   0.412   0.903
 91 280 01 50 30  -0.324   0.723   0.440   0.907
 91 280 01 51 30  -0.332   0.716   0.457   0.912
 91 280 01 52 30  -0.328   0.730   0.423   0.906
 91 280 01 53 30  -0.353   0.715   0.423   0.903
 91 280 01 54 30  -0.354   0.716   0.436   0.910
 91 280 01 55 30  -0.364   0.702   0.426   0.899
 91 280 01 56 30  -0.294   0.772   0.335   0.900
 91 280 01 57 30  -0.212   0.841   0.223   0.897
 91 280 01 58 30  -0.314   0.808   0.212   0.900
 91 280 01 59 30  -0.376   0.761   0.289   0.899
 91 280 02 00 30  -0.357   0.763   0.294   0.894
 91 280 02 01 30  -0.342   0.782   0.243   0.889
 91 280 02 02 30  -0.366   0.718   0.372   0.894
 91 280 02 03 30  -0.366   0.722   0.395   0.902
 91 280 02 04 30  -0.383   0.727   0.384   0.908
 91 280 02 05 30  -0.381   0.690   0.455   0.912
 91 280 02 06 30  -0.419   0.704   0.358   0.897
 91 280 02 07 30  -0.424   0.698   0.340   0.888
 91 280 02 08 30  -0.449   0.619   0.458   0.894
 91 280 02 09 30  -0.467   0.594   0.494   0.904
 91 280 02 10 30  -0.458   0.633   0.462   0.909
 91 280 02 11 30  -0.379   0.703   0.417   0.904
 91 280 02 12 30  -0.343   0.789   0.236   0.897
 91 280 02 13 30  -0.374   0.806   0.035   0.892
 91 280 02 14 30  -0.384   0.801   0.086   0.896
 91 280 02 15 30  -0.397   0.787   0.137   0.895
 91 280 02 16 30  -0.376   0.807   0.138   0.902
 91 280 02 17 30  -0.363   0.809   0.156   0.901
 91 280 02 18 30  -0.401   0.798   0.137   0.905
 91 280 02 19 30  -0.368   0.791   0.180   0.895
 91 280 02 20 30  -0.406   0.780   0.185   0.901
 91 280 02 21 30  -0.336   0.749   0.342   0.894
 91 280 02 22 30  -0.367   0.758   0.275   0.887
 91 280 02 23 30  -0.357   0.665   0.458   0.894
 91 280 02 24 30  -0.360   0.626   0.542   0.903
 91 280 02 25 30  -0.382   0.616   0.542   0.906
 91 280 02 26 30  -0.369   0.636   0.533   0.909
 91 280 02 27 30  -0.365   0.665   0.494   0.908
 91 280 02 28 30  -0.411   0.575   0.558   0.907
 91 280 02 29 30  -0.367   0.536   0.616   0.904
 91 280 02 30 30  -0.463   0.594   0.491   0.912
 91 280 02 31 30  -0.449   0.690   0.380   0.909
 91 280 02 32 30  -0.428   0.680   0.401   0.909
 91 280 02 33 30  -0.415   0.710   0.384   0.909
 91 280 02 34 30  -0.398   0.722   0.382   0.910
 91 280 02 35 30  -0.411   0.726   0.377   0.916
 91 280 02 36 30  -0.393   0.737   0.381   0.919
 91 280 02 37 30  -0.437   0.701   0.401   0.922
 91 280 02 38 30  -0.467   0.686   0.394   0.923
 91 280 02 39 30  -0.228   0.853   0.227   0.917
 91 280 02 40 30  -0.199   0.879   0.206   0.925
 91 280 02 41 30  -0.219   0.876   0.208   0.928
 91 280 02 42 30  -0.196   0.892   0.151   0.926
 91 280 02 43 30  -0.191   0.895   0.122   0.923
 91 280 02 44 30  -0.176   0.903   0.126   0.929
 91 280 02 45 30  -0.169   0.904   0.098   0.925
 91 280 02 46 30  -0.156   0.900   0.122   0.922
 91 280 02 47 30  -0.121   0.902   0.156   0.924
 91 280 02 48 30  -0.147   0.890   0.147   0.915
 91 280 02 49 30  -0.181   0.880   0.161   0.913
 91 280 02 50 30  -0.205   0.860   0.223   0.912
 91 280 02 51 30  -0.167   0.893   0.136   0.922
 91 280 02 52 30  -0.185   0.901   0.007   0.924
 91 280 02 53 30  -0.197   0.890  -0.045   0.918
 91 280 02 54 30  -0.161   0.898  -0.073   0.917
 91 280 02 55 30  -0.179   0.885  -0.113   0.912
 91 280 02 56 30  -0.194   0.870  -0.146   0.905
 91 280 02 57 30  -0.270   0.853   0.037   0.908
 91 280 02 58 30  -0.301   0.833   0.161   0.901
 91 280 02 59 30  -0.351   0.805   0.083   0.891
 91 280 03 00 30  -0.408   0.754   0.204   0.886
 91 280 03 01 30  -0.398   0.790   0.088   0.892
 91 280 03 02 30  -0.420   0.779   0.107   0.893
 91 280 03 03 30  -0.432   0.788   0.050   0.902
 91 280 03 04 30  -0.428   0.793   0.041   0.907
 91 280 03 05 30  -0.435   0.795  -0.021   0.907
 91 280 03 06 30  -0.426   0.810  -0.031   0.918
 91 280 03 07 30  -0.433   0.804  -0.099   0.918
 91 280 03 08 30  -0.430   0.806  -0.110   0.921
 91 280 03 09 30  -0.471   0.783  -0.145   0.926
 91 280 03 10 30  -0.455   0.787  -0.122   0.918
 91 280 03 11 30  -0.480   0.776  -0.124   0.921
 91 280 03 12 30  -0.486   0.772  -0.108   0.919
 91 280 03 13 30  -0.474   0.774  -0.145   0.920
 91 280 03 14 30  -0.412   0.797  -0.109   0.910
 91 280 03 15 30  -0.418   0.802  -0.085   0.911
 91 280 03 16 30  -0.385   0.817  -0.008   0.904
 91 280 03 17 30  -0.376   0.801  -0.009   0.886
 91 280 03 18 30  -0.399   0.776  -0.031   0.878
 91 280 03 19 30  -0.329   0.815   0.070   0.884
 91 280 03 20 30  -0.363   0.801   0.070   0.884
 91 280 03 21 30  -0.346   0.811   0.038   0.883
 91 280 03 22 30  -0.379   0.793   0.022   0.880
 91 280 03 23 30  -0.378   0.800   0.006   0.886
 91 280 03 24 30  -0.336   0.809  -0.054   0.879
 91 280 03 25 30  -0.333   0.810  -0.061   0.879
 91 280 03 26 30  -0.345   0.804   0.032   0.876
 91 280 03 27 30  -0.393   0.781   0.062   0.878
 91 280 03 28 30  -0.401   0.780   0.031   0.879
 91 280 03 29 30  -0.384   0.785   0.030   0.876
 91 280 03 30 30  -0.375   0.787   0.022   0.873
 91 280 03 31 30  -0.396   0.777   0.085   0.876
 91 280 03 32 30  -0.366   0.790   0.017   0.874
 91 280 03 33 30  -0.368   0.791  -0.001   0.873
 91 280 03 34 30  -0.337   0.804  -0.028   0.874
 91 280 03 35 30  -0.306   0.818  -0.121   0.882
 91 280 03 36 30  -0.291   0.819  -0.148   0.888
 91 280 03 37 30  -0.258   0.827  -0.189   0.889
 91 280 03 38 30  -0.191   0.845  -0.171   0.886
 91 280 03 39 30  -0.248   0.826  -0.176   0.886
 91 280 03 40 30  -0.328   0.812   0.029   0.879
 91 280 03 41 30  -0.335   0.801   0.117   0.876
 91 280 03 42 30  -0.362   0.791   0.115   0.877
 91 280 03 43 30  -0.381   0.750   0.221   0.875
 91 280 03 44 30  -0.423   0.701   0.326   0.882
 91 280 03 47 30  -0.417   0.720   0.281   0.878
 91 280 03 48 30  -0.432   0.712   0.270   0.877
 91 280 03 49 30  -0.429   0.719   0.253   0.875
 91 280 03 50 30  -0.412   0.744   0.197   0.874
 91 280 03 51 30  -0.447   0.727   0.189   0.875
 91 280 03 52 30  -0.428   0.748   0.148   0.875
 91 280 03 53 30  -0.418   0.753   0.159   0.876
 91 280 03 54 30  -0.425   0.758   0.150   0.882
 91 280 03 57 30  -0.394   0.702   0.309   0.865
 91 280 03 58 30  -0.362   0.641   0.446   0.875
 91 280 03 59 30  -0.413   0.709   0.306   0.878
 91 280 04 00 30  -0.293   0.799   0.199   0.875
 91 280 04 01 30  -0.268   0.814   0.146   0.871
 91 280 04 02 30  -0.441   0.530   0.506   0.868
 91 280 04 03 30  -0.505   0.523   0.479   0.873
 91 280 04 04 30  -0.522   0.612   0.350   0.878
 91 280 04 05 30  -0.511   0.668   0.248   0.878
 91 280 04 06 30  -0.482   0.708   0.155   0.872
 91 280 04 07 30  -0.540   0.671   0.105   0.869
 91 280 04 08 30  -0.546   0.671   0.042   0.869
 91 280 04 09 30  -0.515   0.694   0.061   0.867
 91 280 04 10 30  -0.511   0.687   0.099   0.870
 91 280 04 11 30  -0.501   0.660   0.242   0.865
 91 280 04 12 30  -0.527   0.646   0.227   0.867
 91 280 04 13 30  -0.475   0.687   0.209   0.864
 91 280 04 14 30  -0.440   0.685   0.289   0.865
 91 280 04 15 30  -0.452   0.695   0.260   0.870
 91 280 04 16 30  -0.418   0.733   0.175   0.863
 91 280 04 17 30  -0.454   0.709   0.166   0.859
 91 280 04 18 30  -0.434   0.735   0.097   0.862
 91 280 04 19 30  -0.320   0.795   0.045   0.871
 91 280 04 20 30  -0.317   0.799  -0.111   0.869
 91 280 04 21 30  -0.351   0.786  -0.091   0.869
 91 280 04 22 30  -0.348   0.779  -0.153   0.870
 91 280 04 23 30  -0.269   0.797  -0.184   0.862
 91 280 04 24 30  -0.319   0.783  -0.133   0.859
 91 280 04 25 30  -0.367   0.778   0.014   0.863
 91 280 04 26 30  -0.404   0.763  -0.032   0.865
 91 280 04 27 30  -0.411   0.748   0.012   0.867
 91 280 04 28 30  -0.438   0.739   0.004   0.866
 91 280 04 29 30  -0.421   0.745  -0.086   0.866
 91 280 04 30 30  -0.456   0.704  -0.073   0.866
 91 280 04 31 30  -0.511   0.693   0.055   0.868
 91 280 04 32 30  -0.500   0.710   0.030   0.871
 91 280 04 33 30  -0.477   0.724  -0.019   0.869
 91 280 04 34 30  -0.434   0.754   0.064   0.874
 91 280 04 35 30  -0.458   0.729   0.123   0.877
 91 280 04 36 30  -0.451   0.747  -0.029   0.878
 91 280 04 37 30  -0.429   0.770   0.092   0.888
 91 280 04 38 30  -0.401   0.785   0.083   0.887
 91 280 04 39 30  -0.408   0.773   0.131   0.887
 91 280 04 40 30  -0.440   0.763   0.115   0.890
 91 280 04 41 30  -0.461   0.729   0.160   0.887
 91 280 04 42 30  -0.545   0.652   0.209   0.877
 91 280 04 43 30  -0.619   0.586   0.200   0.876
 91 280 04 44 30  -0.569   0.604   0.265   0.872
 91 280 04 45 30  -0.529   0.603   0.328   0.875
 91 280 04 46 30  -0.551   0.531   0.430   0.878
 91 280 04 47 30  -0.633   0.486   0.359   0.878
 91 280 04 48 30  -0.587   0.551   0.340   0.875
 91 280 04 49 30  -0.580   0.546   0.345   0.870
 91 280 04 50 30  -0.549   0.578   0.361   0.877
 91 280 04 51 30  -0.532   0.580   0.381   0.875
 91 280 04 52 30  -0.553   0.578   0.344   0.873
 91 280 04 53 30  -0.505   0.596   0.392   0.875
 91 280 04 54 30  -0.522   0.589   0.358   0.869
 91 280 04 55 30  -0.459   0.658   0.325   0.871
 91 280 04 56 30  -0.514   0.627   0.291   0.867
 91 280 04 57 30  -0.590   0.627   0.143   0.874
 91 280 04 58 30  -0.563   0.664   0.044   0.874
 91 280 04 59 30  -0.556   0.647   0.171   0.870
 91 280 05 04 30  -0.374   0.785   0.076   0.874
 91 280 05 05 30  -0.339   0.801   0.050   0.872
 91 280 05 06 30  -0.334   0.809   0.050   0.877
 91 280 05 07 30  -0.333   0.811   0.049   0.878
 91 280 05 08 30  -0.333   0.807   0.033   0.874
 91 280 05 09 30  -0.324   0.817   0.023   0.880
 91 280 05 10 30  -0.323   0.818   0.006   0.880
 91 280 05 11 30  -0.291   0.837  -0.032   0.887
 91 280 05 12 30  -0.345   0.809   0.006   0.880
 91 280 05 13 30  -0.280   0.819  -0.034   0.869
 91 280 05 14 30  -0.144   0.838  -0.151   0.865
 91 280 05 15 30  -0.130   0.827  -0.202   0.863
 91 280 05 16 30  -0.254   0.825  -0.112   0.872
 91 280 05 17 30  -0.257   0.823  -0.104   0.870
 91 280 05 18 30  -0.230   0.823  -0.103   0.861
 91 280 05 19 30  -0.235   0.825  -0.085   0.863
 91 280 05 20 30  -0.211   0.822  -0.085   0.855
 91 280 05 21 30  -0.188   0.840  -0.057   0.863
 91 280 05 22 30  -0.195   0.840  -0.025   0.864
 91 280 05 23 30  -0.159   0.840  -0.050   0.858
 91 280 05 24 30  -0.164   0.840  -0.060   0.860
 91 280 05 25 30  -0.201   0.823  -0.102   0.860
 91 280 05 26 30  -0.196   0.829  -0.113   0.863
 91 280 05 27 30  -0.104   0.846  -0.099   0.861
 91 280 05 28 30  -0.182   0.838  -0.073   0.861
 91 280 05 29 30  -0.174   0.837  -0.094   0.861
 91 280 05 30 30  -0.260   0.808  -0.031   0.854
 91 280 05 31 30  -0.282   0.807  -0.059   0.860
 91 280 05 32 30  -0.294   0.805  -0.033   0.859
 91 280 05 33 30  -0.282   0.803  -0.067   0.855
 91 280 05 34 30  -0.314   0.800  -0.092   0.866
 91 280 05 35 30  -0.267   0.806  -0.081   0.853
 91 280 05 36 30  -0.228   0.809  -0.103   0.848
 91 280 05 37 30  -0.300   0.786  -0.077   0.846
 91 280 05 38 30  -0.281   0.798  -0.067   0.849
 91 280 05 39 30  -0.313   0.781  -0.178   0.863
 91 280 05 40 30  -0.319   0.758  -0.217   0.852
 91 280 05 41 30  -0.349   0.745  -0.193   0.846
 91 280 05 42 30  -0.272   0.795  -0.139   0.856
 91 280 05 43 30  -0.251   0.774  -0.189   0.852
 91 280 05 44 30  -0.149   0.820  -0.188   0.856
 91 280 05 45 30  -0.169   0.823  -0.122   0.851
 91 280 05 46 30  -0.158   0.840  -0.127   0.864
 91 280 05 47 30  -0.167   0.843  -0.132   0.870
 91 280 05 48 30  -0.151   0.844  -0.097   0.863
 91 280 05 49 30  -0.168   0.833  -0.111   0.857
 91 280 05 50 30  -0.191   0.824  -0.113   0.854
 91 280 05 51 30  -0.185   0.812  -0.156   0.848
 91 280 05 52 30  -0.183   0.814  -0.134   0.846
 91 280 05 53 30  -0.143   0.832  -0.137   0.855
 91 280 05 54 30  -0.154   0.821  -0.142   0.848
 91 280 05 55 30  -0.162   0.822  -0.151   0.852
 91 280 05 56 30  -0.189   0.794  -0.220   0.846
 91 280 05 57 30  -0.177   0.726   0.315   0.852
 91 280 05 58 30  -0.261   0.773   0.311   0.876
 91 280 05 59 30  -0.277   0.770   0.321   0.880
 91 280 06 00 30  -0.283   0.784   0.265   0.876
 91 280 06 01 30  -0.271   0.820   0.137   0.876
 91 280 06 02 30  -0.247   0.820   0.151   0.871
 91 280 06 03 30  -0.271   0.806   0.177   0.870
 91 280 06 04 30  -0.276   0.827   0.112   0.880
 91 280 06 05 30  -0.321   0.791   0.175   0.874
 91 280 06 06 30  -0.314   0.808   0.157   0.882
 91 280 06 07 30  -0.280   0.811   0.137   0.871
 91 280 06 08 30  -0.294   0.831   0.119   0.890
 91 280 06 09 30  -0.297   0.837   0.144   0.901
 91 280 06 10 30  -0.281   0.848   0.132   0.903
 91 280 06 11 30  -0.260   0.854   0.134   0.904
 91 280 06 12 30  -0.279   0.841   0.186   0.906
 91 280 06 13 30  -0.221   0.860   0.163   0.904
 91 280 06 14 30  -0.243   0.839   0.213   0.899
 91 280 06 15 30  -0.263   0.819   0.228   0.891
 91 280 06 16 30  -0.352   0.796   0.008   0.875
 91 280 06 17 30  -0.335   0.798   0.029   0.867
 91 280 06 18 30  -0.356   0.783   0.017   0.861
 91 280 06 19 30  -0.362   0.792  -0.035   0.872
 91 280 06 20 30  -0.369   0.783  -0.065   0.869
 91 280 06 21 30  -0.380   0.775  -0.084   0.867
 91 280 06 22 30  -0.410   0.767  -0.046   0.872
 91 280 06 23 30  -0.419   0.755  -0.063   0.866
 91 280 06 24 30  -0.462   0.724  -0.100   0.865
 91 280 06 25 30  -0.390   0.774  -0.003   0.870
 91 280 06 26 30  -0.398   0.769  -0.034   0.869
 91 280 06 27 30  -0.310   0.799   0.052   0.860
 91 280 06 28 30  -0.357   0.779   0.024   0.859
 91 280 06 29 30  -0.380   0.759   0.026   0.850
 91 280 06 30 30  -0.388   0.759  -0.013   0.853
 91 280 06 31 30  -0.395   0.754  -0.051   0.853
 91 280 06 32 30  -0.429   0.735  -0.028   0.852
 91 280 06 33 30  -0.426   0.747   0.018   0.861
 91 280 06 34 30  -0.402   0.764  -0.061   0.868
 91 280 06 35 30  -0.395   0.767  -0.142   0.875
 91 280 06 36 30  -0.406   0.746  -0.147   0.863
 91 280 06 37 30  -0.377   0.761   0.102   0.862
 91 280 06 38 30  -0.383   0.741   0.266   0.877
 91 280 06 39 30  -0.389   0.732   0.302   0.885
 91 280 06 40 30  -0.432   0.735   0.219   0.881
 91 280 06 41 30  -0.422   0.732   0.230   0.876
 91 280 06 42 30  -0.429   0.742   0.192   0.879
 91 280 06 43 30  -0.447   0.746   0.132   0.881
 91 280 06 44 30  -0.397   0.762   0.143   0.873
 91 280 06 45 30  -0.374   0.781   0.137   0.877
 91 280 06 46 30  -0.364   0.783   0.116   0.872
 91 280 06 47 30  -0.384   0.768   0.118   0.867
 91 280 06 48 30  -0.375   0.768   0.132   0.867
 91 280 06 49 30  -0.364   0.774   0.158   0.871
 91 280 06 50 30  -0.370   0.779   0.091   0.868
 91 280 06 51 30  -0.337   0.803   0.099   0.879
 91 280 06 52 30  -0.378   0.784   0.101   0.877
 91 280 06 53 30  -0.332   0.800   0.126   0.875
 91 280 06 54 30  -0.326   0.812   0.121   0.883
 91 280 06 55 30  -0.307   0.814   0.131   0.880
 91 280 06 56 30  -0.347   0.802   0.115   0.882
 91 280 06 57 30  -0.267   0.827   0.123   0.881
 91 280 06 58 30  -0.469   0.737   0.007   0.879
 91 280 06 59 30  -0.517   0.709  -0.043   0.881
 91 280 07 00 30  -0.516   0.707  -0.009   0.878
 91 280 07 01 30  -0.551   0.693  -0.031   0.886
 91 280 07 02 30  -0.591   0.651  -0.025   0.883
 91 280 07 03 30  -0.498   0.719  -0.061   0.877
 91 280 07 04 30  -0.492   0.722  -0.035   0.876
 91 280 07 05 30  -0.472   0.738  -0.037   0.877
 91 280 07 06 30  -0.448   0.752  -0.089   0.881
 91 280 07 07 30  -0.429   0.756  -0.109   0.877
 91 280 07 08 30  -0.447   0.745  -0.105   0.876
 91 280 07 09 30  -0.430   0.747  -0.097   0.868
 91 280 07 10 30  -0.339   0.783   0.025   0.854
 91 280 07 11 30  -0.356   0.775   0.003   0.854
 91 280 07 12 30  -0.414   0.741  -0.147   0.863
 91 280 07 13 30  -0.404   0.725  -0.205   0.857
 91 280 07 14 30  -0.334   0.790  -0.077   0.863
 91 280 07 15 30  -0.357   0.781  -0.113   0.867
 91 280 07 16 30  -0.362   0.763  -0.131   0.857
 91 280 07 17 30  -0.253   0.821  -0.009   0.861
 91 280 07 18 30  -0.283   0.814  -0.022   0.863
 91 280 07 19 30  -0.281   0.816  -0.069   0.867
 91 280 07 20 30  -0.309   0.810  -0.051   0.869
 91 280 07 21 30  -0.253   0.817  -0.076   0.860
 91 280 07 22 30  -0.321   0.790  -0.023   0.856
 91 280 07 23 30  -0.312   0.798  -0.012   0.858
 91 280 07 24 30  -0.341   0.786  -0.053   0.861
 91 280 07 25 30  -0.349   0.793  -0.030   0.867
 91 280 07 26 30  -0.322   0.795  -0.037   0.863
 91 280 07 27 30  -0.298   0.805  -0.001   0.859
 91 280 07 28 30  -0.304   0.807   0.000   0.862
 91 280 07 29 30  -0.272   0.814   0.012   0.859
 91 280 07 30 30  -0.258   0.818   0.010   0.859
 91 280 07 31 30  -0.234   0.822  -0.045   0.858
 91 280 07 32 30  -0.240   0.819  -0.029   0.856
 91 280 07 33 30  -0.234   0.827   0.011   0.860
 91 280 07 34 30  -0.186   0.833   0.001   0.857
 91 280 07 35 30  -0.271   0.725   0.250   0.851
 91 280 07 36 30  -0.272   0.689   0.433   0.860
 91 280 07 37 30  -0.315   0.636   0.524   0.886
 91 280 07 38 30  -0.305   0.688   0.473   0.891
 91 280 07 39 30  -0.308   0.664   0.499   0.889
 91 280 07 40 30  -0.298   0.681   0.482   0.886
 91 280 07 41 30  -0.332   0.628   0.528   0.888
 91 280 07 42 30  -0.335   0.664   0.484   0.889
 91 280 07 43 30  -0.303   0.734   0.384   0.884
 91 280 07 44 30  -0.338   0.708   0.400   0.881
 91 280 07 45 30  -0.352   0.674   0.431   0.875
 91 280 07 46 30  -0.379   0.653   0.438   0.873
 91 280 07 47 30  -0.411   0.644   0.421   0.873
 91 280 07 48 30  -0.374   0.661   0.419   0.868
 91 280 07 49 30  -0.382   0.645   0.433   0.866
 91 280 07 50 30  -0.370   0.652   0.429   0.864
 91 280 07 51 30  -0.397   0.627   0.448   0.868
 91 280 07 52 30  -0.394   0.635   0.403   0.861
 91 280 07 53 30  -0.476   0.668   0.264   0.864
 91 280 07 54 30  -0.437   0.590   0.454   0.864
 91 280 07 55 30  -0.428   0.564   0.494   0.864
 91 280 07 56 30  -0.463   0.543   0.488   0.865
 91 280 07 57 30  -0.458   0.549   0.484   0.866
 91 280 07 58 30  -0.493   0.499   0.498   0.864
 91 280 07 59 30  -0.410   0.586   0.467   0.860
 91 280 08 00 30  -0.372   0.584   0.503   0.860
 91 280 08 01 30  -0.378   0.609   0.465   0.858
 91 280 08 02 30  -0.346   0.631   0.450   0.854
 91 280 08 03 30  -0.420   0.564   0.471   0.857
 91 280 08 04 30  -0.441   0.604   0.434   0.869
 91 280 08 05 30  -0.357   0.676   0.386   0.863
 91 280 08 06 30  -0.280   0.731   0.343   0.860
 91 280 08 07 30  -0.072   0.801   0.307   0.863
 91 280 08 08 30  -0.217   0.694   0.279   0.869
 91 280 08 09 30  -0.393   0.311   0.709   0.872
 91 280 08 10 30  -0.422   0.337   0.685   0.874
 91 280 08 11 30  -0.427   0.353   0.677   0.875
 91 280 08 12 30  -0.425   0.342   0.671   0.866
 91 280 08 13 30  -0.420   0.339   0.675   0.865
 91 280 08 14 30  -0.450   0.334   0.660   0.868
 91 280 08 15 30  -0.453   0.310   0.664   0.866
 91 280 08 16 30  -0.417   0.371   0.653   0.860
 91 280 08 17 30  -0.263   0.418   0.697   0.861
 91 280 08 18 30  -0.124   0.450   0.701   0.858
 91 280 08 19 30  -0.237   0.376   0.724   0.855
 91 280 08 20 30  -0.289   0.450   0.664   0.853
 91 280 08 21 30  -0.278   0.470   0.655   0.853
 91 280 08 22 30  -0.256   0.460   0.678   0.859
 91 280 08 23 30  -0.257   0.416   0.713   0.866
 91 280 08 24 30  -0.228   0.444   0.708   0.868
 91 280 08 25 30  -0.325   0.471   0.655   0.872
 91 280 08 26 30  -0.268   0.361   0.747   0.873
 91 280 08 27 30  -0.194   0.381   0.758   0.872
 91 280 08 28 30  -0.201   0.351   0.767   0.870
 91 280 08 29 30  -0.206   0.321   0.783   0.871
 91 280 08 30 30  -0.203   0.296   0.793   0.871
 91 280 08 31 30  -0.198   0.276   0.800   0.869
 91 280 08 32 30  -0.177   0.281   0.806   0.872
 91 280 08 33 30  -0.191   0.302   0.793   0.871
 91 280 08 34 30  -0.302   0.329   0.738   0.864
 91 280 08 35 30  -0.270   0.268   0.779   0.868
 91 280 08 36 30  -0.257   0.249   0.796   0.873
 91 280 08 37 30  -0.251   0.243   0.803   0.876
 91 280 08 38 30  -0.247   0.257   0.798   0.876
 91 280 08 39 30  -0.266   0.246   0.792   0.872
 91 280 08 40 30  -0.218   0.232   0.812   0.874
 91 280 08 41 30  -0.241   0.190   0.825   0.882
 91 280 08 42 30  -0.241   0.203   0.821   0.881
 91 280 08 43 30  -0.222   0.170   0.836   0.885
 91 280 08 44 30  -0.252   0.218   0.818   0.885
 91 280 08 45 30  -0.245   0.225   0.816   0.882
 91 280 08 46 30  -0.243   0.258   0.805   0.880
 91 280 08 47 30  -0.236   0.232   0.814   0.880
 91 280 08 48 30  -0.316   0.194   0.800   0.883
 91 280 08 49 30  -0.278   0.212   0.810   0.883
 91 280 08 50 30  -0.284   0.216   0.806   0.882
 91 280 08 51 30  -0.299   0.205   0.808   0.887
 91 280 08 52 30  -0.309   0.171   0.815   0.888
 91 280 08 53 30  -0.316   0.193   0.804   0.886
 91 280 08 54 30  -0.314   0.140   0.818   0.888
 91 280 08 55 30  -0.295   0.129   0.831   0.893
 91 280 08 56 30  -0.296   0.166   0.835   0.903
 91 280 08 57 30  -0.450   0.302   0.731   0.913
 91 280 08 58 30  -0.495   0.319   0.688   0.906
 91 280 09 00 30  -0.506   0.375   0.659   0.913
 91 280 09 01 30  -0.521   0.399   0.619   0.903
 91 280 09 02 30  -0.507   0.435   0.600   0.899
 91 280 09 03 30  -0.545   0.332   0.623   0.891
 91 280 09 04 30  -0.549   0.337   0.616   0.891
 91 280 09 05 30  -0.575   0.295   0.612   0.891
 91 280 09 06 30  -0.499   0.392   0.623   0.891
 91 280 09 07 30  -0.508   0.418   0.590   0.885
 91 280 09 08 30  -0.572   0.380   0.553   0.882
 91 280 09 09 30  -0.671   0.330   0.491   0.895
 91 280 09 10 30  -0.696   0.336   0.457   0.900
 91 280 09 11 30  -0.685   0.395   0.435   0.905
 91 280 09 12 30  -0.699   0.427   0.362   0.900
 91 280 09 13 30  -0.522   0.488   0.533   0.898
 91 280 09 14 30  -0.528   0.497   0.549   0.912
 91 280 09 15 30  -0.542   0.531   0.500   0.909
 91 280 09 16 30  -0.512   0.549   0.515   0.915
 91 280 09 17 30  -0.541   0.577   0.459   0.919
 91 280 09 18 30  -0.543   0.633   0.366   0.911
 91 280 09 19 30  -0.524   0.603   0.408   0.902
 91 280 09 20 30  -0.484   0.462   0.610   0.908
 91 280 09 21 30  -0.486   0.502   0.580   0.910
 91 280 09 22 30  -0.517   0.554   0.504   0.912
 91 280 09 23 30  -0.426   0.578   0.567   0.917
 91 280 09 24 30  -0.446   0.543   0.578   0.913
 91 280 09 25 30  -0.476   0.496   0.602   0.915
 91 280 09 26 30  -0.486   0.478   0.604   0.911
 91 280 09 27 30  -0.488   0.486   0.590   0.907
 91 280 09 28 30  -0.484   0.483   0.600   0.910
 91 280 09 29 30  -0.497   0.505   0.580   0.916
 91 280 09 30 30  -0.487   0.547   0.546   0.915
 91 280 09 31 30  -0.485   0.570   0.535   0.920
 91 280 09 32 30  -0.515   0.561   0.507   0.915
 91 280 09 33 30  -0.493   0.548   0.538   0.914
 91 280 09 34 30  -0.516   0.577   0.477   0.911
 91 280 09 35 30  -0.570   0.521   0.475   0.907
 91 280 09 36 30  -0.536   0.548   0.476   0.903
 91 280 09 37 30  -0.440   0.559   0.550   0.902
 91 280 09 38 30  -0.479   0.613   0.494   0.923
 91 280 09 39 30  -0.476   0.579   0.545   0.927
 91 280 09 40 30  -0.476   0.543   0.559   0.914
 91 280 09 41 30  -0.489   0.492   0.598   0.916
 91 280 09 42 30  -0.480   0.537   0.582   0.928
 91 280 09 43 30  -0.439   0.627   0.521   0.928
 91 280 09 44 30  -0.372   0.581   0.591   0.912
 91 280 09 45 30  -0.359   0.578   0.605   0.911
 91 280 09 46 30  -0.347   0.572   0.629   0.919
 91 280 09 47 30  -0.510   0.566   0.501   0.913
 91 280 09 48 30  -0.415   0.601   0.554   0.917
 91 280 09 49 30  -0.400   0.584   0.572   0.911
 91 280 09 50 30  -0.375   0.573   0.584   0.900
 91 280 09 51 30  -0.357   0.564   0.598   0.897
 91 280 09 52 30  -0.349   0.565   0.606   0.900
 91 280 09 53 30  -0.369   0.590   0.570   0.900
 91 280 09 54 30  -0.358   0.606   0.561   0.900
 91 280 09 55 30  -0.354   0.641   0.535   0.908
 91 280 09 56 30  -0.329   0.639   0.552   0.907
 91 280 09 57 30  -0.321   0.604   0.574   0.894
 91 280 09 58 30  -0.341   0.562   0.612   0.898
 91 280 09 59 30  -0.326   0.601   0.580   0.897
 91 280 10 00 30  -0.308   0.614   0.583   0.901
 91 280 10 01 30  -0.333   0.576   0.603   0.899
 91 280 10 02 30  -0.324   0.623   0.574   0.909
 91 280 10 03 30  -0.325   0.628   0.568   0.908
 91 280 10 04 30  -0.336   0.583   0.591   0.896
 91 280 10 05 30  -0.331   0.594   0.586   0.899
 91 280 10 06 30  -0.321   0.620   0.548   0.888
 91 280 10 07 30  -0.307   0.628   0.548   0.888
 91 280 10 08 30  -0.363   0.579   0.559   0.896
 91 280 10 09 30  -0.517   0.424   0.609   0.907
 91 280 10 10 30  -0.517   0.447   0.592   0.906
 91 280 10 11 30  -0.527   0.450   0.564   0.895
 91 280 10 12 30  -0.490   0.499   0.563   0.900
 91 280 10 13 30  -0.451   0.521   0.580   0.904
 91 280 10 14 30  -0.368   0.614   0.559   0.911
 91 280 10 15 30  -0.406   0.579   0.563   0.905
 91 280 10 16 30  -0.301   0.694   0.493   0.906
 91 280 10 17 30  -0.255   0.756   0.445   0.913
 91 280 10 18 30  -0.289   0.716   0.481   0.910
 91 280 10 19 30  -0.325   0.689   0.488   0.905
 91 280 10 20 30  -0.314   0.704   0.468   0.902
 91 280 10 21 30  -0.327   0.688   0.481   0.901
 91 280 10 22 30  -0.333   0.682   0.472   0.894
 91 280 10 23 30  -0.327   0.676   0.487   0.896
 91 280 10 24 30  -0.351   0.670   0.487   0.899
 91 280 10 25 30  -0.328   0.679   0.471   0.891
 91 280 10 26 30  -0.285   0.672   0.515   0.894
 91 280 10 27 30  -0.276   0.662   0.519   0.886
 91 280 10 28 30  -0.283   0.677   0.522   0.901
 91 280 10 29 30  -0.303   0.684   0.487   0.893
 91 280 10 30 30  -0.333   0.677   0.459   0.885
 91 280 10 31 30  -0.279   0.688   0.483   0.886
 91 280 10 32 30  -0.297   0.689   0.470   0.886
 91 280 10 33 30  -0.328   0.687   0.455   0.887
 91 280 10 34 30  -0.333   0.678   0.467   0.890
 91 280 10 35 30  -0.316   0.662   0.492   0.884
 91 280 10 36 30  -0.332   0.674   0.468   0.886
 91 280 10 37 30  -0.341   0.665   0.476   0.886
 91 280 10 38 30  -0.368   0.667   0.456   0.888
 91 280 10 39 30  -0.373   0.646   0.475   0.886
 91 280 10 40 30  -0.268   0.520   0.651   0.880
 91 280 10 41 30  -0.340   0.608   0.549   0.888
 91 280 10 42 30  -0.421   0.527   0.560   0.880
 91 280 10 43 30  -0.344   0.566   0.583   0.884
 91 280 10 44 30  -0.364   0.568   0.591   0.898
 91 280 10 45 30  -0.388   0.561   0.576   0.893
 91 280 10 46 30  -0.348   0.583   0.551   0.875
 91 280 10 47 30  -0.369   0.575   0.535   0.873
 91 280 10 48 30  -0.400   0.502   0.608   0.885
 91 280 10 49 30  -0.395   0.478   0.630   0.885
 91 280 10 50 30  -0.404   0.469   0.622   0.879
 91 280 10 51 30  -0.201   0.646   0.528   0.883
 91 280 10 52 30  -0.072   0.731   0.475   0.875
 91 280 10 53 30  -0.025   0.731   0.476   0.877
 91 280 10 54 30  -0.015   0.675   0.557   0.878
 91 280 10 55 30   0.078   0.666   0.566   0.880
 91 280 10 56 30   0.011   0.719   0.494   0.875
 91 280 10 57 30  -0.032   0.722   0.475   0.866
 91 280 10 58 30  -0.067   0.717   0.489   0.871
 91 280 10 59 30  -0.068   0.697   0.512   0.870
 91 280 11 00 30  -0.049   0.763   0.430   0.878
 91 280 11 01 30  -0.045   0.765   0.410   0.873
 91 280 11 02 30  -0.063   0.742   0.444   0.868
 91 280 11 03 30  -0.096   0.738   0.441   0.867
 91 280 11 04 30  -0.055   0.759   0.410   0.865
 91 280 11 05 30  -0.107   0.741   0.429   0.868
 91 280 11 06 30  -0.144   0.721   0.461   0.868
 91 280 11 07 30  -0.057   0.759   0.413   0.870
 91 280 11 08 30  -0.061   0.786   0.380   0.876
 91 280 11 09 30  -0.028   0.787   0.372   0.871
 91 280 11 10 30  -0.050   0.781   0.387   0.874
 91 280 11 11 30  -0.059   0.773   0.393   0.870
 91 280 11 12 30  -0.009   0.766   0.406   0.868
 91 280 11 13 30  -0.051   0.788   0.366   0.871
 91 280 11 14 30  -0.043   0.774   0.390   0.870
 91 280 11 15 30  -0.047   0.790   0.354   0.867
 91 280 11 16 30  -0.020   0.786   0.352   0.864
 91 280 11 17 30  -0.108   0.830   0.236   0.872
 91 280 11 18 30  -0.169   0.827   0.217   0.873
 91 280 11 19 30  -0.101   0.781   0.340   0.869
 91 280 11 20 30  -0.066   0.771   0.395   0.870
 91 280 11 21 30   0.012   0.740   0.453   0.869
 91 280 11 22 30  -0.066   0.755   0.421   0.870
 91 280 11 23 30  -0.188   0.708   0.446   0.869
 91 280 11 24 30  -0.154   0.735   0.415   0.868
 91 280 11 25 30  -0.104   0.772   0.388   0.872
 91 280 11 26 30  -0.146   0.737   0.446   0.875
 91 280 11 27 30  -0.180   0.777   0.338   0.867
 91 280 11 28 30  -0.170   0.779   0.330   0.864
 91 280 11 29 30  -0.148   0.761   0.361   0.858
 91 280 11 30 30  -0.126   0.733   0.428   0.858
 91 280 11 31 30  -0.155   0.805   0.276   0.871
 91 280 11 32 30  -0.183   0.831   0.183   0.871
 91 280 11 33 30  -0.182   0.835   0.144   0.868
 91 280 11 34 30  -0.182   0.831   0.102   0.859
 91 280 11 35 30  -0.144   0.838   0.097   0.858
 91 280 11 36 30  -0.119   0.844   0.028   0.859
 91 280 11 37 30  -0.205   0.809   0.181   0.854
 91 280 11 38 30  -0.239   0.768   0.250   0.853
 91 280 11 39 30  -0.301   0.751   0.275   0.858
 91 280 11 40 30  -0.232   0.783   0.200   0.846
 91 280 11 41 30  -0.449   0.134   0.681   0.841
 91 280 11 42 30  -0.477   0.110   0.674   0.842
 91 280 11 43 30  -0.520   0.032   0.667   0.847
 91 280 11 44 30  -0.514   0.140   0.668   0.856
 91 280 11 45 30  -0.491   0.255   0.646   0.860
 91 280 11 46 30  -0.528   0.161   0.655   0.857
 91 280 11 47 30  -0.511   0.393   0.520   0.855
 91 280 11 48 30  -0.364   0.673   0.164   0.848
 91 280 11 49 30  -0.076   0.767  -0.284   0.822
 91 280 11 50 30  -0.060   0.744  -0.323   0.814
 91 280 11 51 30  -0.028   0.717  -0.404   0.824
 91 280 11 52 30  -0.048   0.746  -0.374   0.836
 91 280 11 53 30  -0.011   0.744  -0.381   0.836
 91 280 11 54 30  -0.026   0.755  -0.345   0.832
 91 280 11 55 30  -0.088   0.772  -0.310   0.838
 91 280 11 56 30  -0.170   0.762  -0.251   0.822
 91 280 11 57 30  -0.172   0.804  -0.136   0.841
 91 280 11 58 30  -0.193   0.796  -0.200   0.847
 91 280 11 59 30  -0.167   0.794  -0.216   0.841
 91 280 12 00 30  -0.100   0.751  -0.354   0.837
 91 280 12 01 30  -0.144   0.765  -0.287   0.833
 91 280 12 02 30  -0.161   0.812   0.045   0.833
 91 280 12 03 30  -0.144   0.819   0.074   0.836
 91 280 12 04 30  -0.164   0.817   0.035   0.836
 91 280 12 05 30  -0.173   0.808  -0.046   0.834
 91 280 12 06 30  -0.148   0.810   0.096   0.835
 91 280 12 07 30  -0.124   0.808   0.179   0.838
 91 280 12 08 30  -0.112   0.823   0.085   0.838
 91 280 12 09 30  -0.172   0.810  -0.025   0.831
 91 280 12 10 30  -0.161   0.814  -0.053   0.832
 91 280 12 11 30  -0.184   0.803  -0.061   0.828
 91 280 12 12 30  -0.159   0.809  -0.001   0.825
 91 280 12 13 30  -0.146   0.803  -0.085   0.823
 91 280 12 14 30  -0.117   0.803  -0.139   0.825
 91 280 12 15 30  -0.125   0.805  -0.120   0.824
 91 280 12 16 30  -0.134   0.797  -0.144   0.822
 91 280 12 17 30  -0.118   0.800  -0.136   0.822
 91 280 12 18 30  -0.060   0.788  -0.210   0.820
 91 280 12 19 30  -0.032   0.793  -0.214   0.823
 91 280 12 20 30   0.025   0.773  -0.297   0.831
 91 280 12 21 30   0.079   0.744  -0.359   0.836
 91 280 12 22 30   0.091   0.729  -0.339   0.825
 91 280 12 23 30  -0.058   0.794  -0.144   0.813
 91 280 12 24 30   0.023   0.767  -0.295   0.824
 91 280 12 25 30   0.013   0.773  -0.281   0.824
 91 280 12 26 30  -0.172   0.764  -0.012   0.818
 91 280 12 27 30  -0.206   0.803   0.084   0.835
 91 280 12 28 30  -0.260   0.791   0.084   0.839
 91 280 12 29 30  -0.312   0.763   0.135   0.839
 91 280 12 30 30  -0.234   0.778   0.044   0.819
 91 280 12 31 30  -0.309   0.719   0.187   0.806
 91 280 12 32 30  -0.311   0.714   0.196   0.804
 91 280 12 33 30  -0.216   0.766   0.036   0.798
 91 280 12 34 30  -0.237   0.745   0.104   0.791
 91 280 12 35 30  -0.250   0.725   0.172   0.792
 91 280 12 36 30  -0.361   0.688   0.180   0.798
 91 280 12 37 30  -0.333   0.698   0.179   0.796
 91 280 12 38 30  -0.361   0.691   0.163   0.798
 91 280 12 39 30  -0.339   0.707   0.134   0.798
 91 280 12 40 30  -0.370   0.685   0.155   0.796
 91 280 12 41 30  -0.387   0.564   0.405   0.803
 91 280 12 42 30  -0.380   0.603   0.358   0.798
 91 280 12 43 30  -0.423   0.601   0.307   0.797
 91 280 12 44 30  -0.386   0.638   0.271   0.795
 91 280 12 45 30  -0.378   0.657   0.238   0.796
 91 280 12 46 30  -0.353   0.681   0.191   0.791
 91 280 12 47 30  -0.351   0.678   0.214   0.793
 91 280 12 48 30  -0.342   0.687   0.200   0.793
 91 280 12 49 30  -0.330   0.685   0.199   0.786
 91 280 12 50 30  -0.311   0.691   0.200   0.785
 91 280 12 51 30  -0.312   0.691   0.212   0.787
 91 280 12 52 30  -0.336   0.684   0.212   0.792
 91 280 12 53 30  -0.309   0.702   0.158   0.786
 91 280 12 54 30  -0.273   0.714   0.156   0.784
 91 280 12 55 30  -0.231   0.729   0.084   0.774
 91 280 12 56 30  -0.198   0.747   0.068   0.777
 91 280 12 57 30  -0.205   0.746   0.079   0.779
 91 280 12 58 30  -0.225   0.742   0.070   0.779
 91 280 12 59 30  -0.212   0.744   0.074   0.777
 91 280 13 00 30  -0.217   0.746   0.054   0.779
 91 280 13 01 30  -0.256   0.735   0.023   0.780
 91 280 13 02 30  -0.235   0.751   0.044   0.788
 91 280 13 03 30  -0.195   0.760   0.084   0.790
 91 280 13 04 30  -0.217   0.764   0.012   0.796
 91 280 13 05 30  -0.210   0.765  -0.030   0.794
 91 280 13 06 30  -0.218   0.761  -0.020   0.793
 91 280 13 07 30  -0.216   0.753  -0.011   0.784
 91 280 13 08 30  -0.227   0.752   0.023   0.786
 91 280 13 09 30  -0.211   0.758   0.000   0.788
 91 280 13 10 30  -0.230   0.751   0.023   0.786
 91 280 13 11 30  -0.230   0.749   0.052   0.786
 91 280 13 12 30  -0.215   0.753   0.055   0.786
 91 280 13 13 30  -0.241   0.734   0.122   0.783
 91 280 13 14 30  -0.205   0.745   0.117   0.783
 91 280 13 15 30  -0.256   0.733   0.112   0.785
 91 280 13 16 30  -0.255   0.732   0.105   0.782
 91 280 13 17 30  -0.228   0.745   0.091   0.784
 91 280 13 18 30  -0.231   0.742   0.063   0.780
 91 280 13 19 30  -0.208   0.740   0.102   0.777
 91 280 13 20 30  -0.212   0.733   0.097   0.770
 91 280 13 21 30  -0.242   0.727   0.079   0.771
 91 280 13 22 30  -0.197   0.735   0.116   0.771
 91 280 13 23 30  -0.209   0.734   0.071   0.768
 91 280 13 24 30  -0.157   0.749   0.076   0.770
 91 280 13 25 30  -0.209   0.728   0.098   0.765
 91 280 13 26 30  -0.200   0.723   0.151   0.767
 91 280 13 27 30  -0.230   0.713   0.154   0.766
 91 280 13 28 30  -0.217   0.727   0.128   0.770
 91 280 13 29 30  -0.221   0.719   0.135   0.765
 91 280 13 30 30  -0.249   0.712   0.151   0.769
 91 280 13 31 30  -0.230   0.723   0.128   0.770
 91 280 13 32 30  -0.236   0.720   0.143   0.772
 91 280 13 33 30  -0.220   0.720   0.145   0.767
 91 280 13 34 30  -0.213   0.722   0.162   0.771
 91 280 13 35 30  -0.251   0.719   0.159   0.779
 91 280 13 36 30  -0.295   0.708   0.106   0.775
 91 280 13 37 30  -0.258   0.714   0.149   0.774
 91 280 13 38 30  -0.201   0.730   0.162   0.774
 91 280 13 39 30  -0.215   0.716   0.186   0.770
 91 280 13 40 30  -0.199   0.725   0.188   0.775
 91 280 13 41 30  -0.145   0.718   0.241   0.772
 91 280 13 42 30  -0.212   0.709   0.220   0.772
 91 280 13 43 30  -0.218   0.704   0.222   0.771
 91 280 13 44 30  -0.209   0.700   0.238   0.769
 91 280 13 45 30  -0.184   0.719   0.220   0.774
 91 280 13 46 30  -0.201   0.704   0.249   0.774
 91 280 13 47 30  -0.200   0.701   0.252   0.771
 91 280 13 48 30  -0.225   0.696   0.250   0.774
 91 280 13 49 30  -0.261   0.692   0.224   0.773
 91 280 13 50 30  -0.279   0.689   0.214   0.774
 91 280 13 51 30  -0.305   0.673   0.225   0.773
 91 280 13 52 30  -0.292   0.688   0.188   0.772
 91 280 13 53 30  -0.314   0.676   0.205   0.773
 91 280 13 54 30  -0.321   0.677   0.193   0.774
 91 280 13 55 30  -0.307   0.676   0.214   0.773
 91 280 13 56 30  -0.282   0.687   0.215   0.773
 91 280 13 57 30  -0.349   0.651   0.194   0.765
 91 280 13 58 30  -0.296   0.677   0.204   0.767
 91 280 13 59 30  -0.295   0.677   0.194   0.765
 91 280 14 00 30  -0.241   0.689   0.241   0.770
 91 280 14 01 30  -0.299   0.670   0.220   0.767
 91 280 14 02 30  -0.307   0.659   0.231   0.763
 91 280 14 03 30  -0.321   0.651   0.247   0.767
 91 280 14 04 30  -0.338   0.654   0.222   0.769
 91 280 14 05 30  -0.327   0.663   0.214   0.770
 91 280 14 06 30  -0.308   0.665   0.219   0.765
 91 280 14 07 30  -0.346   0.656   0.185   0.765
 91 280 14 08 30  -0.382   0.637   0.185   0.767
 91 280 14 09 30  -0.338   0.655   0.217   0.769
 91 280 14 10 30  -0.278   0.685   0.219   0.772
 91 280 14 11 30  -0.280   0.683   0.196   0.764
 91 280 14 12 30  -0.255   0.678   0.254   0.769
 91 280 14 13 30  -0.246   0.683   0.234   0.763
 91 280 14 14 30  -0.255   0.686   0.234   0.768
 91 280 14 15 30  -0.248   0.695   0.228   0.772
 91 280 14 16 30  -0.254   0.701   0.206   0.774
 91 280 14 17 30  -0.254   0.694   0.221   0.772
 91 280 14 18 30  -0.262   0.693   0.212   0.771
 91 280 14 19 30  -0.272   0.693   0.208   0.773
 91 280 14 20 30  -0.268   0.690   0.211   0.770
 91 280 14 21 30  -0.263   0.686   0.228   0.770
 91 280 14 22 30  -0.224   0.700   0.229   0.770
 91 280 14 23 30  -0.238   0.700   0.212   0.769
 91 280 14 24 30  -0.223   0.701   0.212   0.767
 91 280 14 25 30  -0.238   0.698   0.204   0.766
 91 280 14 26 30  -0.280   0.672   0.235   0.766
 91 280 14 27 30  -0.308   0.663   0.230   0.767
 91 280 14 28 30  -0.295   0.669   0.225   0.765
 91 280 14 29 30  -0.327   0.654   0.231   0.767
 91 280 14 30 30  -0.323   0.657   0.227   0.767
 91 280 14 31 30  -0.325   0.667   0.203   0.770
 91 280 14 32 30  -0.338   0.656   0.229   0.773
 91 280 14 33 30  -0.333   0.657   0.223   0.770
 91 280 14 34 30  -0.336   0.654   0.222   0.768
 91 280 14 35 30  -0.345   0.645   0.234   0.768
 91 280 14 36 30  -0.368   0.625   0.255   0.769
 91 280 14 37 30  -0.384   0.616   0.259   0.771
 91 280 14 38 30  -0.399   0.612   0.241   0.769
 91 280 14 39 30  -0.368   0.628   0.231   0.766
 91 280 14 40 30  -0.432   0.552   0.247   0.747
 91 280 14 41 30  -0.346   0.608   0.252   0.747
 91 280 14 42 30  -0.474   0.536   0.258   0.766
 91 280 14 43 30  -0.318   0.662   0.219   0.767
 91 280 14 44 30  -0.346   0.653   0.205   0.768
 91 280 14 45 30  -0.350   0.658   0.099   0.761
 91 280 14 46 30  -0.347   0.608   0.153   0.732
 91 280 14 47 30  -0.336   0.565   0.179   0.683
 91 280 14 48 30  -0.258   0.626   0.112   0.698
 91 280 14 49 30  -0.263   0.662   0.045   0.716
 91 280 14 50 30  -0.303   0.624   0.082   0.699
 91 280 14 51 30  -0.352   0.589   0.115   0.698
 91 280 14 52 30  -0.324   0.610   0.102   0.703
 91 280 14 53 30  -0.136   0.667   0.089   0.689
 91 280 14 54 30  -0.188   0.645   0.133   0.687
 91 280 14 55 30  -0.197   0.651   0.074   0.686
 91 280 14 56 30  -0.181   0.653   0.022   0.680
 91 280 14 57 30  -0.244   0.635   0.028   0.682
 91 280 14 58 30  -0.245   0.640   0.055   0.690
 91 280 14 59 30  -0.270   0.642   0.075   0.703
 91 280 15 00 30  -0.246   0.667   0.059   0.715
 91 280 15 01 30  -0.191   0.679   0.074   0.712
 91 280 15 02 30  -0.281   0.633   0.132   0.706
 91 280 15 03 30  -0.309   0.606   0.179   0.705
 91 280 15 04 30  -0.344   0.612   0.210   0.739
 91 280 15 05 30  -0.351   0.584   0.200   0.719
 91 280 15 06 30  -0.298   0.634   0.117   0.713
 91 280 15 07 30  -0.306   0.635   0.129   0.721
 91 280 15 08 30  -0.322   0.634   0.133   0.723
 91 280 15 09 30  -0.323   0.630   0.132   0.721
 91 280 15 10 30  -0.274   0.622   0.143   0.697
 91 280 15 11 30  -0.250   0.636   0.161   0.703
 91 280 15 12 30  -0.249   0.665   0.144   0.728
 91 280 15 13 30  -0.249   0.674   0.111   0.729
 91 280 15 14 30  -0.258   0.686   0.096   0.742
 91 280 15 15 30  -0.245   0.669   0.170   0.738
 91 280 15 16 30  -0.197   0.676   0.097   0.713
 91 280 15 17 30  -0.246   0.645   0.112   0.700
 91 280 15 18 30  -0.184   0.678   0.057   0.705
 91 280 15 19 30  -0.163   0.677   0.036   0.699
 91 280 15 20 30  -0.182   0.679  -0.018   0.705
 91 280 15 21 30  -0.099   0.675  -0.108   0.691
 91 280 15 22 30  -0.055   0.675  -0.148   0.694
 91 280 15 23 30  -0.022   0.656  -0.185   0.683
 91 280 15 24 30  -0.033   0.640  -0.176   0.666
 91 280 15 25 30  -0.119   0.587  -0.041   0.606
 91 280 15 26 30  -0.122   0.586   0.006   0.599
 91 280 15 27 30  -0.139   0.573   0.037   0.593
 91 280 15 28 30  -0.149   0.547   0.149   0.588
 91 280 15 29 30  -0.166   0.464   0.258   0.563
 91 280 15 30 30  -0.170   0.500   0.086   0.540
 91 280 15 31 30  -0.147   0.503   0.083   0.533
 91 280 15 32 30  -0.109   0.532   0.110   0.564
 91 280 15 33 30  -0.140   0.531   0.056   0.572
 91 280 15 34 30  -0.045   0.571  -0.020   0.581
 91 280 15 35 30   0.042   0.571  -0.069   0.583
 91 280 15 36 30  -0.032   0.551  -0.089   0.566
 91 280 15 37 30  -0.034   0.524  -0.026   0.541
 91 280 15 38 30  -0.071   0.520  -0.003   0.526
 91 280 15 39 30  -0.049   0.529  -0.044   0.538
 91 280 15 40 30   0.044   0.531  -0.234   0.587
 91 280 15 41 30   0.080   0.541  -0.305   0.627
 91 280 15 42 30   0.063   0.527  -0.361   0.643
 91 280 15 43 30   0.065   0.550  -0.363   0.663
 91 280 15 44 30   0.079   0.584  -0.227   0.635
 91 280 15 45 30   0.066   0.552  -0.316   0.641
 91 280 15 46 30   0.067   0.541  -0.295   0.620
 91 280 15 47 30   0.091   0.542  -0.288   0.621
 91 280 15 48 30   0.102   0.522  -0.274   0.599
 91 280 15 49 30   0.078   0.519  -0.288   0.600
 91 280 15 50 30   0.073   0.458  -0.292   0.550
 91 280 15 51 30   0.089   0.292  -0.336   0.455
 91 280 15 52 30   0.097   0.300  -0.352   0.473
 91 280 15 53 30   0.093   0.295  -0.343   0.462
 91 280 15 54 30   0.095   0.324  -0.333   0.475
 91 280 15 55 30   0.121   0.358  -0.295   0.480
 91 280 15 56 30   0.111   0.377  -0.284   0.485
 91 280 15 57 30   0.100   0.387  -0.288   0.493
 91 280 15 58 30   0.115   0.412  -0.303   0.525
 91 280 15 59 30   0.057   0.377  -0.291   0.481
 91 280 16 00 30   0.027   0.394  -0.293   0.492
 91 280 16 01 30   0.012   0.428  -0.293   0.519
 91 280 16 02 30   0.036   0.427  -0.301   0.525
 91 280 16 03 30  -0.042   0.459  -0.265   0.533
 91 280 16 04 30  -0.009   0.458  -0.279   0.537
 91 280 16 05 30   0.014   0.492  -0.295   0.577
 91 280 16 06 30  -0.123   0.537  -0.225   0.596
 91 280 16 07 30  -0.036   0.543  -0.245   0.598
 91 280 16 08 30  -0.058   0.545  -0.239   0.598
 91 280 16 09 30  -0.080   0.555  -0.218   0.602
 91 280 16 10 30  -0.090   0.558  -0.212   0.605
 91 280 16 11 30  -0.117   0.561  -0.186   0.603
 91 280 16 12 30  -0.101   0.565  -0.181   0.604
 91 280 16 13 30  -0.079   0.561  -0.200   0.601
 91 280 16 14 30  -0.067   0.537  -0.173   0.569
 91 280 16 15 30  -0.104   0.542  -0.147   0.572
 91 280 16 16 30  -0.116   0.551  -0.141   0.581
 91 280 16 17 30  -0.127   0.494  -0.111   0.523
 91 280 16 18 30  -0.154   0.475  -0.118   0.514
 91 280 16 19 30  -0.145   0.473  -0.131   0.512
 91 280 16 20 30  -0.161   0.460  -0.148   0.511
 91 280 16 21 30  -0.145   0.447  -0.145   0.493
 91 280 16 22 30  -0.126   0.466  -0.135   0.501
 91 280 16 23 30  -0.125   0.445  -0.121   0.478
 91 280 16 24 30  -0.124   0.464  -0.127   0.497
 91 280 16 25 30  -0.166   0.536  -0.163   0.585
 91 280 16 26 30  -0.147   0.564  -0.170   0.608
 91 280 16 27 30  -0.147   0.565  -0.158   0.605
 91 280 16 28 30  -0.167   0.563  -0.154   0.607
 91 280 16 29 30  -0.156   0.563  -0.145   0.602
 91 280 16 30 30  -0.140   0.549  -0.156   0.588
 91 280 16 31 30  -0.163   0.553  -0.171   0.602
 91 280 16 32 30  -0.145   0.551  -0.164   0.593
 91 280 16 33 30  -0.135   0.503  -0.128   0.537
 91 280 16 34 30  -0.151   0.428  -0.082   0.462
 91 280 16 35 30  -0.160   0.419  -0.081   0.456
 91 280 16 36 30  -0.164   0.455  -0.092   0.493
 91 280 16 37 30  -0.146   0.493  -0.098   0.528
 91 280 16 38 30  -0.095   0.516  -0.183   0.556
 91 280 16 39 30  -0.097   0.524  -0.133   0.549
 91 280 16 40 30  -0.147   0.523  -0.054   0.547
 91 280 16 41 30  -0.149   0.440  -0.007   0.465
 91 280 16 42 30  -0.133   0.415   0.007   0.438
 91 280 16 43 30  -0.140   0.449  -0.009   0.479
 91 280 16 44 30  -0.057   0.323  -0.452   0.565
 91 280 16 45 30  -0.063   0.382  -0.438   0.586
 91 280 16 46 30  -0.082   0.420  -0.399   0.586
 91 280 16 47 30  -0.115   0.431  -0.350   0.568
 91 280 16 48 30  -0.129   0.442  -0.276   0.538
 91 280 16 49 30  -0.123   0.421  -0.296   0.530
 91 280 16 50 30  -0.077   0.391  -0.425   0.587
 91 280 16 51 30  -0.017   0.351  -0.506   0.618
 91 280 16 52 30  -0.014   0.336  -0.530   0.631
 91 280 16 53 30   0.004   0.344  -0.525   0.631
 91 280 16 54 30  -0.029   0.355  -0.525   0.637
 91 280 16 55 30  -0.034   0.366  -0.483   0.624
 91 280 16 56 30  -0.054   0.505  -0.219   0.572
 91 280 16 57 30  -0.029   0.527  -0.175   0.561
 91 280 16 58 30  -0.068   0.526  -0.168   0.561
 91 280 16 59 30   0.005   0.510  -0.195   0.548
 91 280 17 00 30   0.039   0.536  -0.215   0.579
 91 280 17 01 30   0.028   0.556  -0.215   0.599
 91 280 17 02 30   0.007   0.572  -0.231   0.617
 91 280 17 03 30   0.023   0.591  -0.217   0.630
 91 280 17 04 30   0.027   0.566  -0.249   0.621
 91 280 17 05 30   0.028   0.553  -0.253   0.610
 91 280 17 06 30   0.048   0.532  -0.256   0.595
 91 280 17 07 30   0.004   0.533  -0.236   0.583
 91 280 17 08 30  -0.009   0.584  -0.153   0.606
 91 280 17 09 30  -0.053   0.570  -0.203   0.610
 91 280 17 10 30  -0.017   0.574  -0.208   0.611
 91 280 17 11 30   0.021   0.559  -0.241   0.610
 91 280 17 12 30   0.008   0.559  -0.236   0.608
 91 280 17 13 30   0.003   0.530  -0.266   0.595
 91 280 17 14 30   0.076   0.552  -0.266   0.617
 91 280 17 15 30   0.022   0.553  -0.242   0.611
 91 280 17 16 30  -0.020   0.551  -0.240   0.604
 91 280 17 17 30  -0.001   0.549  -0.298   0.625
 91 280 17 18 30  -0.063   0.463  -0.220   0.530
 91 280 17 19 30  -0.095   0.347  -0.066   0.367
 91 280 17 20 30  -0.074   0.348  -0.145   0.385
 91 280 17 21 30  -0.138   0.406  -0.094   0.443
 91 280 17 22 30  -0.211   0.496  -0.033   0.540
 91 280 17 23 30  -0.207   0.524  -0.030   0.566
 91 280 17 24 30  -0.260   0.511  -0.012   0.576
 91 280 17 25 30  -0.188   0.492  -0.049   0.531
 91 280 17 26 30  -0.153   0.498  -0.055   0.524
 91 280 17 27 30  -0.158   0.504  -0.037   0.530
 91 280 17 28 30  -0.170   0.494  -0.028   0.524
 91 280 17 29 30  -0.173   0.488  -0.051   0.521
 91 280 17 30 30  -0.184   0.491  -0.057   0.528
 91 280 17 31 30  -0.172   0.468  -0.040   0.501
 91 280 17 32 30  -0.161   0.416   0.007   0.447
 91 280 17 33 30  -0.163   0.412  -0.001   0.444
 91 280 17 34 30  -0.182   0.467  -0.015   0.502
 91 280 17 35 30  -0.144   0.437  -0.014   0.462
 91 280 17 36 30  -0.116   0.406  -0.043   0.425
 91 280 17 37 30  -0.098   0.381  -0.024   0.395
 91 280 17 38 30  -0.142   0.475  -0.012   0.496
 91 280 17 39 30  -0.111   0.374  -0.019   0.390
 91 280 17 40 30  -0.117   0.360  -0.004   0.379
 91 280 17 41 30  -0.195   0.392   0.046   0.444
 91 280 17 42 30  -0.209   0.439   0.077   0.494
 91 280 17 43 30  -0.186   0.323   0.143   0.413
 91 280 17 44 30  -0.225   0.197   0.242   0.386
 91 280 17 45 30  -0.314   0.429   0.213   0.587
 91 280 17 46 30  -0.283   0.571   0.099   0.645
 91 280 17 47 30  -0.275   0.574   0.039   0.642
 91 280 17 48 30  -0.280   0.572   0.021   0.640
 91 280 17 49 30  -0.306   0.554   0.102   0.642
 91 280 17 50 30  -0.374   0.494   0.224   0.660
 91 280 17 51 30  -0.378   0.488   0.233   0.661
 91 280 17 52 30  -0.375   0.507   0.210   0.665
 91 280 17 53 30  -0.392   0.495   0.206   0.665
 91 280 17 54 30  -0.439   0.407   0.251   0.653
 91 280 17 55 30  -0.469   0.425   0.194   0.665
 91 280 17 56 30  -0.397   0.550   0.124   0.690
 91 280 17 57 30  -0.363   0.588   0.106   0.701
 91 280 17 58 30  -0.300   0.654   0.036   0.722
 91 280 17 59 30  -0.331   0.640   0.054   0.723
 91 280 18 00 30  -0.349   0.632   0.057   0.725
 91 280 18 01 30  -0.379   0.618   0.086   0.730
 91 280 18 02 30  -0.365   0.627   0.063   0.729
 91 280 18 03 30  -0.351   0.636   0.035   0.727
 91 280 18 04 30  -0.371   0.629   0.046   0.732
 91 280 18 05 30  -0.397   0.611   0.055   0.732
 91 280 18 06 30  -0.388   0.613   0.069   0.728
 91 280 18 07 30  -0.403   0.606   0.092   0.734
 91 280 18 08 30  -0.424   0.592   0.128   0.740
 91 280 18 09 30  -0.412   0.602   0.093   0.737
 91 280 18 10 30  -0.418   0.583   0.067   0.721
 91 280 18 11 30  -0.465   0.552   0.111   0.735
 91 280 18 12 30  -0.459   0.570   0.079   0.737
 91 280 18 13 30  -0.470   0.560   0.082   0.736
 91 280 18 14 30  -0.461   0.570   0.068   0.736
 91 280 18 15 30  -0.466   0.572   0.063   0.741
 91 280 18 16 30  -0.476   0.570   0.046   0.745
 91 280 18 17 30  -0.491   0.556   0.035   0.743
 91 280 18 18 30  -0.503   0.549   0.015   0.745
 91 280 18 19 30  -0.516   0.544  -0.012   0.751
 91 280 18 20 30  -0.499   0.544  -0.034   0.739
 91 280 18 21 30  -0.498   0.527  -0.068   0.729
 91 280 18 22 30  -0.489   0.500  -0.095   0.707
 91 280 18 23 30  -0.465   0.494  -0.085   0.684
 91 280 18 24 30  -0.446   0.494  -0.089   0.672
 91 280 18 25 30  -0.436   0.505  -0.084   0.673
 91 280 18 26 30  -0.435   0.503  -0.090   0.671
 91 280 18 27 30  -0.423   0.490  -0.137   0.662
 91 280 18 28 30  -0.427   0.476  -0.089   0.647
 91 280 18 29 30  -0.424   0.469  -0.100   0.640
 91 280 18 30 30  -0.435   0.460  -0.146   0.650
 91 280 18 31 30  -0.446   0.458  -0.159   0.660
 91 280 18 32 30  -0.459   0.456  -0.181   0.672
 91 280 18 33 30  -0.446   0.442  -0.181   0.653
 91 280 18 34 30  -0.409   0.405  -0.194   0.608
 91 280 18 35 30  -0.381   0.469  -0.122   0.619
 91 280 18 36 30  -0.358   0.513  -0.083   0.631
 91 280 18 37 30  -0.372   0.512  -0.072   0.637
 91 280 18 38 30  -0.344   0.546  -0.037   0.647
 91 280 18 39 30  -0.338   0.532  -0.065   0.634
 91 280 18 40 30  -0.327   0.544  -0.079   0.640
 91 280 18 41 30  -0.306   0.570  -0.071   0.651
 91 280 18 42 30  -0.325   0.569  -0.009   0.656
 91 280 18 43 30  -0.315   0.569   0.002   0.651
 91 280 18 44 30  -0.333   0.544  -0.036   0.640
 91 280 18 45 30  -0.320   0.562  -0.035   0.648
 91 280 18 46 30  -0.287   0.594   0.017   0.661
 91 280 18 47 30  -0.316   0.613   0.020   0.691
 91 280 18 48 30  -0.286   0.618   0.019   0.683
 91 280 18 49 30  -0.271   0.649   0.033   0.705
 91 280 18 50 30  -0.223   0.640   0.100   0.701
 91 280 18 51 30  -0.083   0.633   0.294   0.703
 91 280 18 55 30  -0.060   0.645   0.261   0.698
 91 280 18 56 30  -0.003   0.648   0.273   0.705
 91 280 18 57 30   0.016   0.627   0.316   0.705
 91 280 18 58 30  -0.070   0.597   0.380   0.712
 91 280 18 59 30  -0.056   0.600   0.369   0.709
 91 280 19 00 30  -0.046   0.611   0.334   0.698
 91 280 19 01 30  -0.064   0.613   0.335   0.702
 91 280 19 02 30  -0.108   0.603   0.322   0.692
 91 280 19 03 30  -0.124   0.616   0.302   0.698
 91 280 19 04 30  -0.171   0.607   0.294   0.697
 91 280 19 05 30  -0.170   0.615   0.271   0.696
 91 280 19 06 30  -0.141   0.617   0.304   0.703
 91 280 19 07 30  -0.122   0.602   0.329   0.697
 91 280 19 08 30  -0.074   0.600   0.341   0.697
 91 280 19 09 30  -0.030   0.705   0.162   0.725
 91 280 19 10 30   0.017   0.711   0.123   0.726
 91 280 19 11 30   0.008   0.686   0.122   0.698
 91 280 19 12 30  -0.019   0.666   0.145   0.682
 91 280 19 13 30   0.009   0.699   0.192   0.726
 91 280 19 14 30  -0.011   0.673   0.276   0.728
 91 280 19 15 30  -0.022   0.673   0.261   0.725
 91 280 19 16 30  -0.028   0.670   0.287   0.730
 91 280 19 17 30  -0.068   0.632   0.326   0.715
 91 280 19 18 30  -0.071   0.595   0.360   0.699
 91 280 19 19 30  -0.038   0.601   0.358   0.700
 91 280 19 20 30  -0.083   0.581   0.387   0.704
 91 280 19 21 30  -0.054   0.575   0.387   0.695
 91 280 19 22 30  -0.033   0.564   0.391   0.688
 91 280 19 23 30  -0.055   0.556   0.393   0.684
 91 280 19 24 30  -0.062   0.482   0.467   0.690
 91 280 19 25 30  -0.068   0.309   0.609   0.693
 91 280 19 26 30  -0.063   0.383   0.559   0.682
 91 280 19 27 30  -0.012   0.418   0.519   0.667
 91 280 19 28 30  -0.034   0.426   0.511   0.669
 91 280 19 29 30  -0.112   0.398   0.534   0.676
 91 280 19 30 30  -0.060   0.433   0.507   0.670
 91 280 19 31 30  -0.071   0.414   0.512   0.663
 91 280 19 32 30  -0.061   0.409   0.518   0.663
 91 280 19 33 30  -0.105   0.379   0.541   0.671
 91 280 19 34 30  -0.046   0.397   0.532   0.666
 91 280 19 35 30  -0.038   0.398   0.527   0.662
 91 280 19 36 30  -0.009   0.399   0.528   0.665
 91 280 19 37 30  -0.048   0.370   0.546   0.662
 91 280 19 38 30  -0.028   0.363   0.549   0.660
 91 280 19 39 30  -0.027   0.329   0.570   0.659
 91 280 19 40 30  -0.047   0.313   0.579   0.661
 91 280 19 41 30  -0.054   0.348   0.551   0.655
 91 280 19 42 30  -0.108   0.408   0.486   0.650
 91 280 19 43 30  -0.125   0.447   0.456   0.651
 91 280 19 44 30  -0.144   0.438   0.456   0.649
 91 280 19 45 30  -0.140   0.442   0.452   0.648
 91 280 19 46 30  -0.139   0.443   0.459   0.653
 91 280 19 47 30  -0.144   0.433   0.460   0.648
 91 280 19 48 30  -0.140   0.438   0.451   0.646
 91 280 19 49 30  -0.108   0.431   0.467   0.646
 91 280 19 50 30  -0.095   0.399   0.503   0.649
 91 280 19 51 30  -0.077   0.369   0.528   0.649
 91 280 19 52 30  -0.092   0.372   0.521   0.647
 91 280 19 53 30  -0.093   0.409   0.476   0.637
 91 280 19 54 30  -0.069   0.363   0.523   0.641
 91 280 19 55 30  -0.085   0.353   0.532   0.645
 91 280 19 56 30  -0.104   0.356   0.526   0.644
 91 280 19 57 30  -0.092   0.341   0.537   0.643
 91 280 19 58 30  -0.069   0.328   0.535   0.632
 91 280 19 59 30  -0.067   0.343   0.530   0.637
 91 280 20 00 30  -0.061   0.363   0.512   0.631
 91 280 20 01 30  -0.079   0.399   0.471   0.624
 91 280 20 02 30  -0.076   0.341   0.527   0.632
 91 280 20 03 30  -0.066   0.345   0.528   0.634
 91 280 20 04 30  -0.069   0.348   0.508   0.620
 91 280 20 05 30  -0.053   0.343   0.510   0.618
 91 280 20 06 30  -0.063   0.202  -0.266   0.615
 91 280 20 07 30  -0.074   0.363   0.485   0.611
 91 280 20 09 30  -0.061   0.351   0.497   0.612
 91 280 20 10 30  -0.104   0.385   0.474   0.619
 91 280 20 11 30  -0.097   0.403   0.463   0.622
 91 280 20 12 30  -0.114   0.408   0.459   0.625
 91 280 20 13 30  -0.122   0.406   0.471   0.633
 91 280 20 14 30  -0.137   0.425   0.455   0.638
 91 280 20 15 30  -0.128   0.434   0.437   0.629
 91 280 20 16 30  -0.131   0.447   0.422   0.630
 91 280 20 17 30  -0.122   0.447   0.428   0.632
 91 280 20 18 30  -0.099   0.408   0.484   0.642
 91 280 20 19 30  -0.125   0.430   0.461   0.643
 91 280 20 20 30  -0.114   0.444   0.459   0.649
 91 280 20 21 30  -0.082   0.478   0.423   0.646
 91 280 20 22 30  -0.058   0.496   0.389   0.634
 91 280 20 23 30   0.002   0.483   0.397   0.627
 91 280 20 24 30  -0.025   0.479   0.407   0.629
 91 280 20 25 30  -0.003   0.487   0.421   0.644
 91 280 20 26 30   0.001   0.478   0.418   0.635
 91 280 20 27 30  -0.014   0.460   0.414   0.620
 91 280 20 28 30  -0.014   0.457   0.423   0.623
 91 280 20 29 30  -0.006   0.464   0.423   0.628
 91 280 20 30 30  -0.011   0.460   0.444   0.639
 91 280 20 31 30  -0.017   0.453   0.451   0.640
 91 280 20 32 30  -0.012   0.451   0.449   0.637
 91 280 20 33 30  -0.027   0.456   0.443   0.637
 91 280 20 34 30  -0.017   0.455   0.427   0.624
 91 280 20 35 30  -0.027   0.453   0.439   0.632
 91 280 20 36 30  -0.041   0.456   0.437   0.633
 91 280 20 37 30  -0.065   0.446   0.429   0.622
 91 280 20 38 30  -0.054   0.451   0.431   0.626
 91 280 20 39 30  -0.018   0.459   0.452   0.644
 91 280 20 40 30  -0.027   0.476   0.445   0.653
 91 280 20 41 30  -0.051   0.486   0.411   0.639
 91 280 20 42 30  -0.055   0.485   0.406   0.635
 91 280 20 43 30  -0.060   0.500   0.358   0.620
 91 280 20 44 30  -0.063   0.505   0.343   0.614
 91 280 20 45 30  -0.093   0.485   0.397   0.635
 91 280 20 46 30  -0.057   0.537   0.328   0.638
 91 280 20 47 30  -0.070   0.532   0.324   0.634
 91 280 20 48 30  -0.199   0.419   0.422   0.633
 91 280 20 49 30  -0.313   0.342   0.436   0.637
 91 280 20 50 30  -0.290   0.413   0.388   0.637
 91 280 20 51 30  -0.266   0.453   0.365   0.640
 91 280 20 52 30  -0.200   0.473   0.386   0.643
 91 280 20 53 30  -0.178   0.484   0.392   0.650
 91 280 20 54 30  -0.130   0.549   0.307   0.647
 91 280 20 55 30  -0.046   0.580   0.259   0.640
 91 280 20 56 30  -0.086   0.434   0.456   0.647
 91 280 20 57 30  -0.101   0.395   0.500   0.646
 91 280 20 58 30  -0.107   0.401   0.493   0.649
 91 280 20 59 30  -0.124   0.477   0.415   0.646
 91 280 21 00 30  -0.158   0.505   0.362   0.645
 91 280 21 01 30  -0.142   0.528   0.308   0.628
 91 280 21 02 30  -0.138   0.542   0.283   0.628
 91 280 21 03 30  -0.126   0.571   0.231   0.630
 91 280 21 04 30  -0.127   0.499   0.293   0.632
 91 280 21 05 30  -0.244   0.366   0.460   0.641
 91 280 21 06 30  -0.191   0.516   0.327   0.648
 91 280 21 07 30  -0.183   0.523   0.321   0.644
 91 280 21 08 30  -0.184   0.568   0.208   0.639
 91 280 21 09 30  -0.190   0.587   0.144   0.634
 91 280 21 10 30  -0.177   0.533   0.266   0.637
 91 280 21 11 30  -0.194   0.502   0.300   0.638
 91 280 21 12 30  -0.119   0.266   0.580   0.650
 91 280 21 13 30  -0.128   0.291   0.567   0.651
 91 280 21 14 30  -0.157   0.302   0.556   0.653
 91 280 21 15 30  -0.147   0.375   0.513   0.653
 91 280 21 16 30  -0.166   0.416   0.475   0.654
 91 280 21 17 30  -0.191   0.412   0.467   0.652
 91 280 21 18 30  -0.183   0.433   0.447   0.649
 91 280 21 19 30  -0.109   0.389   0.507   0.650
 91 280 21 20 30  -0.149   0.430   0.459   0.647
 91 280 21 21 30  -0.143   0.443   0.448   0.649
 91 280 21 22 30  -0.139   0.518   0.348   0.644
 91 280 21 23 30  -0.133   0.507   0.374   0.646
 91 280 21 24 30  -0.144   0.500   0.373   0.641
 91 280 21 25 30  -0.164   0.480   0.391   0.641
 91 280 21 26 30  -0.170   0.502   0.361   0.643
 91 280 21 27 30  -0.165   0.461   0.413   0.644
 91 280 21 28 30  -0.194   0.347   0.522   0.658
 91 280 21 29 30  -0.163   0.452   0.442   0.658
 91 280 21 30 30  -0.158   0.452   0.438   0.650
 91 280 21 31 30  -0.181   0.357   0.518   0.657
 91 280 21 32 30  -0.198   0.364   0.511   0.659
 91 280 21 33 30  -0.203   0.274   0.569   0.664
 91 280 21 34 30  -0.178   0.326   0.538   0.656
 91 280 21 35 30  -0.203   0.343   0.522   0.658
 91 280 21 36 30  -0.226   0.376   0.483   0.658
 91 280 21 37 30  -0.232   0.352   0.504   0.658
 91 280 21 38 30  -0.206   0.368   0.504   0.658
 91 280 21 39 30  -0.206   0.378   0.486   0.650
 91 280 21 40 30  -0.251   0.383   0.415   0.621
 91 280 21 41 30  -0.230   0.230   0.426   0.548
 91 280 21 42 30  -0.175   0.197   0.397   0.507
 91 280 21 43 30  -0.039   0.353  -0.356   0.555
 91 280 21 44 30   0.110   0.253  -0.512   0.585
 91 280 21 45 30   0.183   0.228  -0.527   0.603
 91 280 21 46 30   0.143   0.230  -0.536   0.601
 91 280 21 47 30   0.135   0.187  -0.557   0.603
 91 280 21 48 30   0.139   0.176  -0.555   0.600
 91 280 21 49 30   0.012   0.372  -0.454   0.595
 91 280 21 50 30  -0.002   0.383  -0.468   0.606
 91 280 21 51 30   0.010   0.402  -0.456   0.608
 91 280 21 52 30  -0.013   0.436  -0.423   0.608
 91 280 21 53 30  -0.026   0.456  -0.395   0.604
 91 280 21 54 30  -0.070   0.443  -0.423   0.618
 91 280 21 55 30  -0.092   0.464  -0.390   0.613
 91 280 21 56 30  -0.097   0.461  -0.399   0.618
 91 280 21 57 30  -0.099   0.460  -0.405   0.622
 91 280 21 58 30  -0.106   0.462  -0.387   0.613
 91 280 21 59 30  -0.127   0.469  -0.369   0.611
 91 280 22 00 30  -0.168   0.493  -0.299   0.602
 91 280 22 01 30  -0.200   0.474  -0.297   0.597
 91 280 22 02 30  -0.273   0.491  -0.166   0.591
 91 280 22 03 30  -0.283   0.490  -0.107   0.580
 91 280 22 04 30  -0.337   0.449  -0.087   0.571
 91 280 22 05 30  -0.319   0.461  -0.125   0.575
 91 280 22 06 30  -0.312   0.467  -0.099   0.571
 91 280 22 07 30  -0.306   0.476  -0.121   0.579
 91 280 22 08 30  -0.339   0.451  -0.109   0.577
 91 280 22 09 30  -0.408   0.425   0.049   0.595
 91 280 22 10 30  -0.411   0.437   0.109   0.611
 91 280 22 11 30  -0.442   0.433   0.089   0.627
 91 280 22 12 30  -0.429   0.450   0.084   0.628
 91 280 22 13 30  -0.428   0.461   0.037   0.630
 91 280 22 14 30  -0.423   0.469   0.050   0.633
 91 280 22 15 30  -0.423   0.462   0.067   0.631
 91 280 22 16 30  -0.424   0.444   0.108   0.623
 91 280 22 17 30  -0.447   0.439   0.020   0.629
 91 280 22 18 30  -0.437   0.440  -0.012   0.625
 91 280 22 19 30  -0.443   0.433   0.095   0.629
 91 280 22 20 30  -0.448   0.449   0.069   0.638
 91 280 22 21 30  -0.451   0.430   0.060   0.627
 91 280 22 22 30  -0.437   0.405   0.102   0.605
 91 280 22 23 30  -0.440   0.419   0.055   0.611
 91 280 22 24 30  -0.442   0.409   0.039   0.605
 91 280 22 25 30  -0.445   0.402   0.047   0.603
 91 280 22 26 30  -0.427   0.400   0.054   0.588
 91 280 22 27 30  -0.457   0.378   0.080   0.599
 91 280 22 28 30  -0.460   0.366   0.073   0.594
 91 280 22 29 30  -0.459   0.367   0.101   0.600
 91 280 22 30 30  -0.478   0.368   0.094   0.612
 91 280 22 31 30  -0.458   0.385   0.073   0.606
 91 280 22 32 30  -0.467   0.370   0.073   0.601
 91 280 22 33 30  -0.476   0.362   0.025   0.600
 91 280 22 34 30  -0.476   0.374   0.037   0.607
 91 280 22 35 30  -0.465   0.400   0.099   0.624
 91 280 22 36 30  -0.456   0.411   0.196   0.645
 91 280 22 37 30  -0.449   0.390   0.275   0.656
 91 280 22 38 30  -0.464   0.395   0.247   0.658
 91 280 22 39 30  -0.480   0.383   0.234   0.658
 91 280 22 40 30  -0.499   0.356   0.228   0.655
 91 280 22 41 30  -0.435   0.373   0.196   0.610
 91 280 22 42 30   0.138   0.578  -0.120   0.634
 91 280 22 43 30   0.297   0.527  -0.234   0.655
 91 280 22 44 30   0.164   0.598  -0.122   0.645
 91 280 22 45 30   0.062   0.620  -0.073   0.639
 91 280 22 46 30   0.191   0.586  -0.178   0.645
 91 280 22 47 30   0.064   0.636  -0.042   0.646
 91 280 22 48 30   0.008   0.652  -0.053   0.659
 91 280 22 49 30   0.013   0.661  -0.104   0.672
 91 280 22 50 30  -0.067   0.660  -0.065   0.670
 91 280 22 51 30   0.037   0.671  -0.072   0.676
 91 280 22 52 30   0.056   0.665  -0.102   0.676
 91 280 22 53 30   0.115   0.636  -0.074   0.651
 91 280 22 54 30   0.107   0.649  -0.063   0.663
 91 280 22 55 30   0.070   0.651  -0.059   0.659
 91 280 22 56 30   0.087   0.655  -0.023   0.664
 91 280 22 57 30   0.058   0.661  -0.008   0.664
 91 280 22 58 30   0.099   0.659  -0.041   0.668
 91 280 22 59 30   0.119   0.655  -0.016   0.667
 91 280 23 00 30   0.098   0.647  -0.111   0.665
 91 280 23 01 30   0.103   0.647  -0.029   0.658
 91 280 23 02 30   0.118   0.630   0.036   0.644
 91 280 23 03 30   0.176   0.604   0.100   0.638
 91 280 23 04 30   0.154   0.610   0.091   0.636
 91 280 23 05 30   0.103   0.629   0.067   0.643
 91 280 23 06 30   0.096   0.623   0.077   0.636
 91 280 23 07 30   0.078   0.622   0.073   0.632
 91 280 23 08 30   0.118   0.615   0.042   0.630
 91 280 23 09 30   0.062   0.624   0.071   0.633
 91 280 23 10 30   0.042   0.617   0.120   0.633
 91 280 23 11 30   0.027   0.621   0.130   0.636
 91 280 23 12 30   0.020   0.598   0.184   0.630
 91 280 23 13 30   0.026   0.625   0.149   0.645
 91 280 23 14 30   0.002   0.640   0.092   0.648
 91 280 23 15 30   0.017   0.635   0.122   0.647
 91 280 23 16 30   0.047   0.630  -0.066   0.639
 91 280 23 17 30   0.063   0.618  -0.116   0.636
 91 280 23 18 30   0.022   0.621  -0.057   0.632
 91 280 23 19 30  -0.102   0.632   0.126   0.655
 91 280 23 20 30   0.041   0.629   0.070   0.646
 91 280 23 21 30  -0.123   0.545   0.205   0.639
 91 280 23 22 30  -0.191   0.580   0.189   0.655
 91 280 23 23 30  -0.074   0.626   0.131   0.646
 91 280 23 24 30  -0.089   0.623   0.142   0.647
 91 280 23 25 30  -0.084   0.627   0.143   0.650
 91 280 23 26 30  -0.130   0.616   0.181   0.656
 91 280 23 27 30  -0.059   0.640   0.113   0.659
 91 280 23 28 30  -0.059   0.641   0.107   0.653
 91 280 23 29 30  -0.052   0.636   0.155   0.658
 91 280 23 30 30  -0.061   0.638   0.117   0.653
 91 280 23 31 30  -0.084   0.629   0.135   0.652
 91 280 23 32 30  -0.083   0.641   0.116   0.657
 91 280 23 33 30  -0.111   0.643   0.102   0.661
 91 280 23 34 30  -0.093   0.647   0.096   0.663
 91 280 23 35 30  -0.069   0.655   0.088   0.666
 91 280 23 36 30  -0.059   0.659   0.070   0.666
 91 280 23 37 30  -0.012   0.653   0.059   0.657
 91 280 23 38 30  -0.056   0.654   0.054   0.660
 91 280 23 39 30  -0.010   0.659   0.046   0.662
 91 280 23 40 30   0.023   0.665   0.016   0.666
 91 280 23 41 30  -0.021   0.661  -0.004   0.662
 91 280 23 42 30  -0.043   0.660  -0.020   0.662
 91 280 23 43 30  -0.042   0.657  -0.027   0.659
 91 280 23 44 30  -0.025   0.649  -0.051   0.654
 91 280 23 45 30  -0.004   0.654   0.056   0.657
 91 280 23 46 30  -0.035   0.646   0.079   0.653
 91 280 23 47 30   0.001   0.639   0.099   0.648
 91 280 23 48 30  -0.053   0.637   0.088   0.653
 91 280 23 49 30  -0.074   0.630   0.092   0.644
 91 280 23 50 30  -0.057   0.642   0.075   0.650
 91 280 23 51 30  -0.083   0.638   0.099   0.652
 91 280 23 52 30  -0.095   0.650   0.065   0.661
 91 280 23 53 30  -0.108   0.641   0.105   0.661
 91 280 23 54 30  -0.114   0.638   0.114   0.659
 91 280 23 55 30  -0.133   0.640   0.090   0.661
 91 280 23 56 30  -0.099   0.644   0.138   0.667
 91 280 23 57 30  -0.151   0.614   0.174   0.659
 91 280 23 58 30  -0.189   0.614   0.130   0.658
 91 280 23 59 30  -0.156   0.618   0.139   0.653
