 91 285 00 00 30   0.245   0.395  -0.296   0.552
 91 285 00 01 30   0.260   0.400  -0.272   0.550
 91 285 00 02 30   0.253   0.411  -0.256   0.547
 91 285 00 03 30   0.274   0.423  -0.214   0.548
 91 285 00 04 30   0.266   0.435  -0.213   0.553
 91 285 00 05 30   0.271   0.431  -0.200   0.547
 91 285 00 06 30   0.267   0.435  -0.205   0.550
 91 285 00 07 30   0.258   0.435  -0.211   0.548
 91 285 00 08 30   0.238   0.444  -0.218   0.549
 91 285 00 09 30   0.232   0.430  -0.248   0.549
 91 285 00 10 30   0.239   0.436  -0.235   0.550
 91 285 00 11 30   0.249   0.449  -0.203   0.553
 91 285 00 12 30   0.232   0.441  -0.241   0.554
 91 285 00 13 30   0.234   0.466  -0.198   0.558
 91 285 00 14 30   0.241   0.476  -0.176   0.562
 91 285 00 15 30   0.250   0.490  -0.095   0.559
 91 285 00 16 30   0.273   0.489  -0.042   0.562
 91 285 00 17 30   0.264   0.493  -0.067   0.564
 91 285 00 18 30   0.230   0.506  -0.091   0.564
 91 285 00 19 30   0.233   0.495  -0.128   0.562
 91 285 00 20 30   0.218   0.505  -0.134   0.567
 91 285 00 21 30   0.214   0.497  -0.162   0.566
 91 285 00 22 30   0.224   0.482  -0.183   0.563
 91 285 00 23 30   0.230   0.478  -0.197   0.566
 91 285 00 24 30   0.217   0.487  -0.191   0.567
 91 285 00 25 30   0.201   0.492  -0.189   0.564
 91 285 00 26 30   0.176   0.506  -0.173   0.563
 91 285 00 27 30   0.222   0.460  -0.213   0.555
 91 285 00 28 30   0.234   0.428  -0.259   0.553
 91 285 00 29 30   0.228   0.434  -0.252   0.552
 91 285 00 30 30   0.241   0.421  -0.261   0.552
 91 285 00 31 30   0.229   0.424  -0.275   0.555
 91 285 00 32 30   0.227   0.421  -0.276   0.552
 91 285 00 33 30   0.234   0.443  -0.220   0.547
 91 285 00 34 30   0.219   0.460  -0.198   0.548
 91 285 00 35 30   0.220   0.461  -0.192   0.547
 91 285 00 36 30   0.227   0.462  -0.191   0.549
 91 285 00 37 30   0.200   0.466  -0.210   0.550
 91 285 00 38 30   0.215   0.439  -0.234   0.543
 91 285 00 39 30   0.217   0.463  -0.192   0.547
 91 285 00 40 30   0.240   0.450  -0.196   0.547
 91 285 00 41 30   0.262   0.466  -0.143   0.554
 91 285 00 42 30   0.257   0.465  -0.157   0.555
 91 285 00 43 30   0.267   0.461  -0.164   0.558
 91 285 00 44 30   0.266   0.471  -0.166   0.566
 91 285 00 45 30   0.264   0.478  -0.152   0.567
 91 285 00 46 30   0.276   0.480  -0.076   0.560
 91 285 00 47 30   0.260   0.484  -0.091   0.557
 91 285 00 48 30   0.249   0.481  -0.095   0.550
 91 285 00 49 30   0.214   0.486  -0.119   0.545
 91 285 00 50 30   0.206   0.487  -0.130   0.545
 91 285 00 51 30   0.219   0.481  -0.151   0.551
 91 285 00 52 30   0.203   0.489  -0.144   0.550
 91 285 00 53 30   0.248   0.457  -0.190   0.554
 91 285 00 54 30   0.256   0.444  -0.211   0.555
 91 285 00 55 30   0.267   0.439  -0.215   0.558
 91 285 00 56 30   0.278   0.437  -0.205   0.558
 91 285 00 57 30   0.262   0.439  -0.218   0.557
 91 285 00 58 30   0.275   0.435  -0.208   0.556
 91 285 00 59 30   0.295   0.422  -0.208   0.556
 91 285 01 00 30   0.311   0.401  -0.203   0.548
 91 285 01 01 30   0.326   0.369  -0.233   0.545
 91 285 01 02 30   0.321   0.389  -0.226   0.553
 91 285 01 03 30   0.312   0.412  -0.224   0.564
 91 285 01 04 30   0.280   0.414  -0.231   0.551
 91 285 01 05 30   0.298   0.414  -0.212   0.554
 91 285 01 06 30   0.297   0.408  -0.202   0.544
 91 285 01 07 30   0.310   0.391  -0.219   0.545
 91 285 01 08 30   0.333   0.382  -0.220   0.553
 91 285 01 09 30   0.345   0.373  -0.220   0.553
 91 285 01 10 30   0.330   0.385  -0.210   0.549
 91 285 01 11 30   0.322   0.383  -0.218   0.546
 91 285 01 12 30   0.330   0.374  -0.235   0.553
 91 285 01 13 30   0.326   0.391  -0.220   0.555
 91 285 01 14 30   0.327   0.388  -0.209   0.549
 91 285 01 15 30   0.338   0.376  -0.212   0.549
 91 285 01 16 30   0.342   0.393  -0.209   0.562
 91 285 01 17 30   0.318   0.389  -0.226   0.551
 91 285 01 18 30   0.345   0.388  -0.213   0.562
 91 285 01 19 30   0.320   0.390  -0.228   0.554
 91 285 01 20 30   0.336   0.373  -0.227   0.551
 91 285 01 21 30   0.333   0.388  -0.201   0.551
 91 285 01 22 30   0.350   0.359  -0.227   0.551
 91 285 01 23 30   0.354   0.355  -0.228   0.551
 91 285 01 24 30   0.344   0.359  -0.227   0.547
 91 285 01 25 30   0.314   0.388  -0.220   0.547
 91 285 01 26 30   0.331   0.377  -0.215   0.546
 91 285 01 27 30   0.311   0.401  -0.210   0.549
 91 285 01 28 30   0.266   0.432  -0.197   0.545
 91 285 01 29 30   0.253   0.440  -0.201   0.546
 91 285 01 30 30   0.167   0.488  -0.168   0.544
 91 285 01 31 30   0.212   0.470  -0.173   0.545
 91 285 01 32 30   0.198   0.477  -0.179   0.548
 91 285 01 33 30   0.158   0.506  -0.153   0.552
 91 285 01 34 30   0.174   0.503  -0.139   0.551
 91 285 01 35 30   0.119   0.516  -0.132   0.547
 91 285 01 36 30   0.063   0.531  -0.102   0.545
 91 285 01 37 30   0.029   0.546  -0.071   0.552
 91 285 01 38 30   0.050   0.540  -0.070   0.548
 91 285 01 39 30   0.018   0.550  -0.016   0.552
 91 285 01 40 30   0.040   0.542  -0.046   0.547
 91 285 01 41 30  -0.013   0.546  -0.033   0.548
 91 285 01 42 30  -0.017   0.550   0.021   0.551
 91 285 01 43 30  -0.026   0.537   0.095   0.548
 91 285 01 44 30  -0.038   0.522   0.195   0.560
 91 285 01 45 30  -0.037   0.546   0.130   0.564
 91 285 01 46 30  -0.086   0.542   0.121   0.563
 91 285 01 47 30  -0.132   0.535   0.118   0.564
 91 285 01 48 30  -0.075   0.544   0.005   0.555
 91 285 01 49 30  -0.046   0.544  -0.049   0.549
 91 285 01 50 30  -0.116   0.535  -0.040   0.551
 91 285 01 51 30  -0.106   0.537  -0.004   0.551
 91 285 01 52 30  -0.094   0.530   0.069   0.546
 91 285 01 53 30  -0.074   0.537  -0.030   0.548
 91 285 01 54 30  -0.058   0.537   0.030   0.541
 91 285 01 55 30  -0.080   0.542   0.004   0.548
 91 285 01 56 30  -0.093   0.543  -0.014   0.552
 91 285 01 57 30  -0.080   0.545  -0.015   0.551
 91 285 01 58 30  -0.052   0.535   0.002   0.538
 91 285 01 59 30  -0.109   0.532  -0.021   0.545
 91 285 02 00 30   0.011  -0.225  -0.315   0.534
 91 285 02 01 30  -0.061   0.387  -0.061   0.543
 91 285 02 02 30  -0.081   0.529   0.026   0.537
 91 285 02 06 30  -0.071   0.542  -0.026   0.548
 91 285 02 07 30  -0.076   0.531  -0.045   0.539
 91 285 02 08 30  -0.076   0.534  -0.033   0.541
 91 285 02 09 30  -0.103   0.528  -0.039   0.541
 91 285 02 10 30  -0.134   0.520   0.007   0.541
 91 285 02 11 30  -0.151   0.523   0.011   0.544
 91 285 02 12 30  -0.088   0.529  -0.047   0.541
 91 285 02 13 30  -0.054   0.541  -0.040   0.545
 91 285 02 14 30  -0.082   0.532  -0.021   0.543
 91 285 02 15 30  -0.095   0.532   0.081   0.546
 91 285 02 16 30  -0.036   0.536   0.084   0.544
 91 285 02 17 30  -0.020   0.535   0.091   0.543
 91 285 02 18 30  -0.039   0.537   0.084   0.546
 91 285 02 19 30  -0.032   0.536   0.083   0.544
 91 285 02 20 30  -0.077   0.525   0.102   0.541
 91 285 02 21 30  -0.003   0.537   0.116   0.550
 91 285 02 22 30  -0.044   0.542   0.059   0.547
 91 285 02 23 30  -0.074   0.528   0.066   0.541
 91 285 02 24 30  -0.054   0.524   0.072   0.534
 91 285 02 25 30  -0.038   0.525   0.105   0.539
 91 285 02 26 30  -0.048   0.522   0.097   0.534
 91 285 02 27 30  -0.031   0.514   0.089   0.527
 91 285 02 28 30  -0.052   0.497   0.159   0.526
 91 285 02 29 30   0.021   0.516   0.110   0.530
 91 285 02 30 30   0.071   0.524   0.034   0.531
 91 285 02 31 30   0.044   0.523   0.048   0.528
 91 285 02 32 30   0.061   0.522   0.016   0.526
 91 285 02 33 30   0.066   0.518   0.001   0.524
 91 285 02 34 30   0.035   0.521  -0.001   0.525
 91 285 02 35 30   0.060   0.520   0.032   0.525
 91 285 02 36 30   0.053   0.524   0.074   0.532
 91 285 02 37 30   0.031   0.519   0.094   0.530
 91 285 02 38 30   0.086   0.520  -0.040   0.529
 91 285 02 39 30   0.090   0.519  -0.036   0.529
 91 285 02 40 30   0.077   0.521  -0.047   0.529
 91 285 02 41 30   0.049   0.520  -0.078   0.530
 91 285 02 42 30   0.075   0.513  -0.068   0.526
 91 285 02 43 30   0.113   0.504  -0.102   0.528
 91 285 02 44 30   0.078   0.503  -0.133   0.529
 91 285 02 45 30   0.057   0.498  -0.168   0.530
 91 285 02 46 30   0.069   0.511  -0.114   0.529
 91 285 02 47 30   0.057   0.514  -0.123   0.533
 91 285 02 48 30   0.017   0.499  -0.188   0.534
 91 285 02 49 30  -0.009   0.504  -0.176   0.537
 91 285 02 50 30   0.020   0.504  -0.140   0.526
 91 285 02 51 30   0.038   0.508  -0.106   0.521
 91 285 02 52 30   0.041   0.510  -0.121   0.527
 91 285 02 53 30   0.099   0.515   0.017   0.527
 91 285 02 54 30   0.050   0.529   0.015   0.532
 91 285 02 55 30   0.055   0.528  -0.028   0.532
 91 285 02 56 30   0.082   0.521  -0.030   0.529
 91 285 02 57 30   0.091   0.520  -0.022   0.528
 91 285 02 58 30   0.109   0.519  -0.024   0.531
 91 285 02 59 30   0.090   0.519  -0.024   0.528
 91 285 03 00 30   0.094   0.521  -0.031   0.531
 91 285 03 01 30   0.141   0.508  -0.068   0.533
 91 285 03 02 30   0.137   0.502  -0.055   0.525
 91 285 03 03 30   0.149   0.503  -0.054   0.528
 91 285 03 04 30   0.141   0.508  -0.012   0.528
 91 285 03 05 30   0.134   0.510  -0.012   0.528
 91 285 03 06 30   0.158   0.502  -0.024   0.527
 91 285 03 07 30   0.134   0.502   0.022   0.523
 91 285 03 08 30   0.064   0.510  -0.060   0.525
 91 285 03 09 30   0.106   0.494  -0.144   0.526
 91 285 03 10 30   0.112   0.491  -0.144   0.525
 91 285 03 11 30   0.097   0.513  -0.090   0.531
 91 285 03 12 30   0.096   0.524  -0.081   0.539
 91 285 03 13 30   0.100   0.514  -0.101   0.534
 91 285 03 14 30   0.097   0.511  -0.122   0.535
 91 285 03 15 30   0.087   0.510  -0.134   0.535
 91 285 03 16 30   0.074   0.506  -0.144   0.532
 91 285 03 17 30   0.082   0.513  -0.112   0.532
 91 285 03 18 30   0.076   0.526  -0.078   0.537
 91 285 03 19 30   0.070   0.532  -0.059   0.541
 91 285 03 20 30   0.062   0.537  -0.062   0.544
 91 285 03 21 30   0.082   0.532  -0.061   0.542
 91 285 03 22 30   0.077   0.532  -0.051   0.541
 91 285 03 23 30   0.079   0.531  -0.007   0.537
 91 285 03 24 30   0.079   0.526  -0.032   0.533
 91 285 03 25 30   0.076   0.524  -0.057   0.534
 91 285 03 26 30   0.101   0.521  -0.077   0.537
 91 285 03 27 30   0.086   0.502  -0.171   0.538
 91 285 03 28 30   0.052   0.510  -0.148   0.534
 91 285 03 29 30   0.044   0.519  -0.106   0.532
 91 285 03 30 30   0.063   0.518  -0.107   0.534
 91 285 03 31 30   0.098   0.510  -0.131   0.536
 91 285 03 32 30   0.088   0.507  -0.159   0.539
 91 285 03 33 30   0.115   0.498  -0.171   0.540
 91 285 03 34 30   0.112   0.510  -0.126   0.538
 91 285 03 35 30   0.124   0.504  -0.155   0.542
 91 285 03 36 30   0.121   0.507  -0.140   0.541
 91 285 03 37 30   0.106   0.525  -0.078   0.541
 91 285 03 38 30   0.109   0.528  -0.101   0.549
 91 285 03 39 30   0.148   0.427  -0.197   0.536
 91 285 03 40 30  -0.301   0.403   0.136   0.538
 91 285 03 41 30  -0.394   0.286   0.228   0.538
 91 285 03 42 30  -0.402   0.326   0.178   0.549
 91 285 03 43 30  -0.419   0.342   0.140   0.561
 91 285 03 44 30  -0.423   0.348   0.113   0.560
 91 285 03 45 30  -0.426   0.323   0.143   0.554
 91 285 03 46 30  -0.449   0.281   0.153   0.552
 91 285 03 47 30  -0.474   0.241   0.165   0.557
 91 285 03 48 30  -0.464   0.236   0.188   0.554
 91 285 03 49 30  -0.478   0.256   0.115   0.555
 91 285 03 50 30  -0.498   0.199   0.131   0.554
 91 285 03 51 30  -0.477   0.245   0.115   0.556
 91 285 03 52 30  -0.469   0.245   0.153   0.551
 91 285 03 53 30  -0.469   0.237   0.161   0.550
 91 285 03 54 30  -0.462   0.242   0.172   0.554
 91 285 03 55 30  -0.484   0.151   0.223   0.555
 91 285 03 56 30  -0.484   0.165   0.222   0.560
 91 285 03 57 30  -0.470   0.236   0.196   0.562
 91 285 03 58 30  -0.450   0.276   0.179   0.558
 91 285 03 59 30  -0.432   0.297   0.183   0.556
 91 285 04 00 30  -0.433   0.280   0.201   0.554
 91 285 04 01 30  -0.429   0.210   0.275   0.553
 91 285 04 02 30  -0.418   0.227   0.283   0.554
 91 285 04 03 30  -0.393   0.232   0.310   0.554
 91 285 04 04 30  -0.375   0.231   0.336   0.554
 91 285 04 05 30  -0.367   0.251   0.329   0.553
 91 285 04 06 30  -0.365   0.245   0.337   0.555
 91 285 04 07 30  -0.371   0.275   0.310   0.558
 91 285 04 08 30  -0.381   0.276   0.290   0.553
 91 285 04 09 30  -0.379   0.278   0.293   0.554
 91 285 04 10 30  -0.378   0.291   0.270   0.548
 91 285 04 11 30  -0.383   0.287   0.261   0.546
 91 285 04 12 30  -0.385   0.291   0.253   0.546
 91 285 04 13 30  -0.398   0.296   0.220   0.543
 91 285 04 14 30  -0.406   0.297   0.207   0.544
 91 285 04 15 30  -0.405   0.311   0.207   0.551
 91 285 04 16 30  -0.409   0.304   0.209   0.551
 91 285 04 17 30  -0.408   0.314   0.199   0.552
 91 285 04 18 30  -0.399   0.296   0.243   0.554
 91 285 04 19 30  -0.393   0.311   0.245   0.558
 91 285 04 20 30  -0.387   0.327   0.229   0.556
 91 285 04 21 30  -0.382   0.329   0.229   0.554
 91 285 04 22 30  -0.386   0.316   0.236   0.552
 91 285 04 23 30  -0.381   0.322   0.238   0.553
 91 285 04 24 30  -0.383   0.321   0.236   0.553
 91 285 04 25 30  -0.383   0.321   0.235   0.553
 91 285 04 26 30  -0.377   0.338   0.219   0.552
 91 285 04 27 30  -0.383   0.345   0.197   0.552
 91 285 04 28 30  -0.381   0.351   0.191   0.553
 91 285 04 29 30  -0.395   0.357   0.148   0.555
 91 285 04 30 30  -0.367   0.327   0.239   0.548
 91 285 04 31 30  -0.368   0.326   0.230   0.543
 91 285 04 32 30  -0.349   0.321   0.249   0.537
 91 285 04 33 30  -0.337   0.357   0.212   0.535
 91 285 04 34 30  -0.333   0.356   0.214   0.533
 91 285 04 35 30  -0.363   0.326   0.225   0.539
 91 285 04 36 30  -0.371   0.340   0.226   0.552
 91 285 04 37 30  -0.357   0.353   0.217   0.548
 91 285 04 38 30  -0.358   0.359   0.207   0.548
 91 285 04 39 30  -0.353   0.348   0.227   0.546
 91 285 04 40 30  -0.346   0.343   0.242   0.546
 91 285 04 41 30  -0.337   0.331   0.271   0.545
 91 285 04 42 30  -0.341   0.318   0.288   0.549
 91 285 04 43 30  -0.350   0.312   0.289   0.551
 91 285 04 44 30  -0.347   0.329   0.269   0.550
 91 285 04 45 30  -0.347   0.323   0.270   0.545
 91 285 04 46 30  -0.414   0.293   0.207   0.549
 91 285 04 47 30  -0.420   0.288   0.207   0.550
 91 285 04 48 30  -0.410   0.295   0.222   0.552
 91 285 04 49 30  -0.400   0.304   0.232   0.554
 91 285 04 50 30  -0.386   0.307   0.241   0.550
 91 285 04 51 30  -0.379   0.317   0.237   0.549
 91 285 04 52 30  -0.376   0.316   0.239   0.547
 91 285 04 53 30  -0.364   0.315   0.267   0.551
 91 285 04 54 30  -0.355   0.310   0.277   0.547
 91 285 04 55 30  -0.359   0.316   0.265   0.547
 91 285 04 56 30  -0.330   0.330   0.275   0.542
 91 285 04 57 30  -0.362   0.323   0.247   0.546
 91 285 04 58 30  -0.348   0.326   0.266   0.547
 91 285 04 59 30  -0.351   0.333   0.264   0.552
 91 285 05 00 30  -0.362   0.349   0.232   0.554
 91 285 05 01 30  -0.357   0.346   0.244   0.554
 91 285 05 02 30  -0.362   0.354   0.228   0.556
 91 285 05 03 30  -0.347   0.351   0.249   0.554
 91 285 05 04 30  -0.355   0.360   0.222   0.554
 91 285 05 05 30  -0.352   0.372   0.205   0.552
 91 285 05 06 30  -0.379   0.371   0.169   0.558
 91 285 05 07 30  -0.409   0.359   0.133   0.560
 91 285 05 08 30  -0.404   0.351   0.144   0.556
 91 285 05 09 30  -0.349   0.373   0.216   0.557
 91 285 05 10 30  -0.371   0.377   0.187   0.562
 91 285 05 11 30  -0.378   0.362   0.197   0.560
 91 285 05 12 30  -0.367   0.339   0.234   0.553
 91 285 05 13 30  -0.341   0.330   0.271   0.547
 91 285 05 14 30  -0.341   0.324   0.278   0.547
 91 285 05 15 30  -0.347   0.361   0.200   0.545
 91 285 05 16 30  -0.318   0.356   0.257   0.543
 91 285 05 17 30  -0.338   0.294   0.308   0.545
 91 285 05 18 30  -0.318   0.278   0.340   0.543
 91 285 05 19 30  -0.327   0.264   0.342   0.545
 91 285 05 20 30  -0.330   0.300   0.307   0.542
 91 285 05 21 30  -0.343   0.312   0.289   0.547
 91 285 05 22 30  -0.340   0.308   0.301   0.550
 91 285 05 23 30  -0.347   0.300   0.301   0.549
 91 285 05 24 30  -0.347   0.290   0.316   0.552
 91 285 05 25 30  -0.315   0.277   0.349   0.546
 91 285 05 26 30  -0.357   0.245   0.334   0.549
 91 285 05 27 30  -0.352   0.300   0.300   0.552
 91 285 05 28 30  -0.364   0.260   0.323   0.552
 91 285 05 29 30  -0.369   0.257   0.318   0.553
 91 285 05 30 30  -0.394   0.242   0.310   0.557
 91 285 05 31 30  -0.378   0.277   0.295   0.554
 91 285 05 32 30  -0.379   0.280   0.288   0.552
 91 285 05 33 30  -0.378   0.274   0.297   0.553
 91 285 05 34 30  -0.377   0.294   0.271   0.550
 91 285 05 35 30  -0.387   0.282   0.278   0.554
 91 285 05 36 30  -0.381   0.303   0.267   0.556
 91 285 05 37 30  -0.380   0.312   0.252   0.553
 91 285 05 38 30  -0.373   0.310   0.255   0.549
 91 285 05 39 30  -0.401   0.274   0.252   0.548
 91 285 05 40 30  -0.397   0.281   0.251   0.548
 91 285 05 41 30  -0.390   0.279   0.270   0.551
 91 285 05 42 30  -0.342   0.334   0.263   0.546
 91 285 05 43 30  -0.314   0.349   0.263   0.540
 91 285 05 44 30  -0.333   0.333   0.285   0.551
 91 285 05 45 30  -0.310   0.352   0.269   0.541
 91 285 05 46 30  -0.295   0.381   0.261   0.548
 91 285 05 47 30  -0.271   0.383   0.270   0.542
 91 285 05 48 30  -0.259   0.346   0.306   0.540
 91 285 05 49 30  -0.308   0.281   0.355   0.549
 91 285 05 50 30  -0.288   0.355   0.302   0.552
 91 285 05 51 30  -0.308   0.358   0.277   0.548
 91 285 05 52 30  -0.324   0.376   0.233   0.550
 91 285 05 53 30  -0.317   0.379   0.245   0.553
 91 285 05 54 30  -0.281   0.439   0.176   0.552
 91 285 05 55 30  -0.268   0.440   0.180   0.547
 91 285 05 56 30  -0.234   0.314   0.356   0.539
 91 285 05 57 30  -0.261   0.345   0.323   0.541
 91 285 05 58 30  -0.276   0.350   0.304   0.540
 91 285 05 59 30  -0.275   0.357   0.296   0.540
 91 285 06 00 30  -0.325   0.351   0.250   0.540
 91 285 06 01 30  -0.306   0.359   0.258   0.538
 91 285 06 02 30  -0.322   0.363   0.252   0.547
 91 285 06 03 30  -0.265   0.354   0.306   0.541
 91 285 06 04 30  -0.219   0.328   0.369   0.541
 91 285 06 05 30  -0.239   0.343   0.344   0.542
 91 285 06 06 30  -0.297   0.365   0.271   0.546
 91 285 06 07 30  -0.306   0.394   0.211   0.543
 91 285 06 08 30  -0.269   0.387   0.274   0.546
 91 285 06 09 30  -0.282   0.383   0.259   0.542
 91 285 06 10 30  -0.303   0.382   0.241   0.544
 91 285 06 11 30  -0.311   0.372   0.239   0.542
 91 285 06 12 30  -0.291   0.385   0.244   0.541
 91 285 06 13 30  -0.299   0.393   0.221   0.541
 91 285 06 14 30  -0.317   0.399   0.186   0.543
 91 285 06 15 30  -0.335   0.391   0.168   0.543
 91 285 06 16 30  -0.287   0.415   0.198   0.545
 91 285 06 17 30  -0.300   0.425   0.152   0.542
 91 285 06 18 30  -0.332   0.415   0.115   0.544
 91 285 06 19 30  -0.312   0.433   0.134   0.550
 91 285 06 20 30  -0.303   0.429   0.146   0.545
 91 285 06 21 30  -0.296   0.439   0.139   0.547
 91 285 06 22 30  -0.297   0.434   0.132   0.543
 91 285 06 23 30  -0.302   0.426   0.130   0.538
 91 285 06 24 30  -0.305   0.424   0.150   0.546
 91 285 06 25 30  -0.345   0.355   0.217   0.545
 91 285 06 26 30  -0.359   0.336   0.240   0.548
 91 285 06 27 30  -0.368   0.307   0.266   0.548
 91 285 06 28 30  -0.356   0.330   0.260   0.551
 91 285 06 29 30  -0.360   0.326   0.256   0.549
 91 285 06 30 30  -0.352   0.351   0.229   0.548
 91 285 06 31 30  -0.336   0.372   0.211   0.544
 91 285 06 32 30  -0.322   0.383   0.221   0.547
 91 285 06 33 30  -0.331   0.371   0.222   0.545
 91 285 06 34 30  -0.321   0.374   0.218   0.539
 91 285 06 35 30  -0.304   0.382   0.229   0.540
 91 285 06 36 30  -0.290   0.387   0.242   0.541
 91 285 06 37 30  -0.314   0.367   0.247   0.543
 91 285 06 38 30  -0.314   0.352   0.246   0.531
 91 285 06 39 30  -0.310   0.355   0.249   0.533
 91 285 06 40 30  -0.317   0.353   0.256   0.539
 91 285 06 41 30  -0.317   0.347   0.262   0.538
 91 285 06 42 30  -0.312   0.356   0.258   0.540
 91 285 06 43 30  -0.320   0.336   0.265   0.534
 91 285 06 44 30  -0.294   0.356   0.247   0.525
 91 285 06 45 30  -0.302   0.354   0.249   0.528
 91 285 06 46 30  -0.322   0.346   0.247   0.535
 91 285 06 47 30  -0.307   0.329   0.298   0.540
 91 285 06 48 30  -0.309   0.320   0.311   0.543
 91 285 06 49 30  -0.313   0.318   0.299   0.538
 91 285 06 50 30  -0.309   0.304   0.324   0.541
 91 285 06 51 30  -0.299   0.309   0.323   0.539
 91 285 06 52 30  -0.324   0.352   0.255   0.551
 91 285 06 53 30  -0.325   0.376   0.217   0.543
 91 285 06 54 30  -0.285   0.352   0.279   0.535
 91 285 06 55 30  -0.306   0.337   0.314   0.553
 91 285 06 56 30  -0.311   0.358   0.278   0.552
 91 285 06 57 30  -0.348   0.377   0.182   0.548
 91 285 06 58 30  -0.329   0.368   0.228   0.545
 91 285 06 59 30  -0.297   0.367   0.278   0.548
 91 285 07 00 30  -0.292   0.358   0.282   0.542
 91 285 07 01 30  -0.309   0.385   0.230   0.545
 91 285 07 02 30  -0.318   0.379   0.233   0.548
 91 285 07 03 30  -0.300   0.358   0.275   0.544
 91 285 07 04 30  -0.299   0.422   0.173   0.549
 91 285 07 05 30  -0.299   0.421   0.169   0.544
 91 285 07 06 30  -0.299   0.400   0.221   0.547
 91 285 07 07 30  -0.302   0.370   0.272   0.550
 91 285 07 08 30  -0.283   0.349   0.307   0.545
 91 285 07 09 30  -0.239   0.377   0.313   0.547
 91 285 07 10 30  -0.303   0.389   0.219   0.540
 91 285 07 11 30  -0.323   0.374   0.214   0.539
 91 285 07 12 30  -0.304   0.371   0.246   0.539
 91 285 07 13 30  -0.308   0.368   0.246   0.540
 91 285 07 14 30  -0.301   0.337   0.289   0.536
 91 285 07 15 30  -0.312   0.333   0.290   0.541
 91 285 07 16 30  -0.304   0.338   0.296   0.543
 91 285 07 17 30  -0.317   0.315   0.305   0.541
 91 285 07 18 30  -0.338   0.231   0.338   0.534
 91 285 07 19 30  -0.359   0.190   0.332   0.525
 91 285 07 20 30  -0.383   0.113   0.348   0.530
 91 285 07 21 30  -0.387   0.069   0.363   0.536
 91 285 07 22 30  -0.384   0.098   0.353   0.531
 91 285 07 23 30  -0.388   0.111   0.346   0.532
 91 285 07 24 30  -0.388   0.125   0.344   0.534
 91 285 07 25 30  -0.386   0.149   0.337   0.534
 91 285 07 26 30  -0.398   0.101   0.336   0.531
 91 285 07 27 30  -0.392   0.096   0.349   0.533
 91 285 07 28 30  -0.368   0.159   0.355   0.536
 91 285 07 29 30  -0.351   0.178   0.360   0.534
 91 285 07 30 30  -0.352   0.192   0.360   0.539
 91 285 07 31 30  -0.345   0.228   0.349   0.542
 91 285 07 32 30  -0.323   0.252   0.352   0.541
 91 285 07 33 30  -0.330   0.254   0.338   0.537
 91 285 07 34 30  -0.353   0.226   0.338   0.539
 91 285 07 35 30  -0.341   0.247   0.338   0.540
 91 285 07 36 30  -0.337   0.260   0.336   0.543
 91 285 07 37 30  -0.320   0.273   0.330   0.535
 91 285 07 38 30  -0.323   0.278   0.329   0.539
 91 285 07 39 30  -0.311   0.274   0.346   0.541
 91 285 07 40 30  -0.353   0.188   0.362   0.540
 91 285 07 41 30  -0.329   0.225   0.365   0.542
 91 285 07 42 30  -0.290   0.297   0.346   0.541
 91 285 07 43 30  -0.284   0.301   0.345   0.538
 91 285 07 44 30  -0.296   0.296   0.329   0.533
 91 285 07 45 30  -0.287   0.310   0.322   0.531
 91 285 07 46 30  -0.350   0.191   0.349   0.531
 91 285 07 47 30  -0.353   0.168   0.359   0.531
 91 285 07 48 30  -0.361   0.172   0.351   0.532
 91 285 07 49 30  -0.387   0.168   0.334   0.539
 91 285 07 50 30  -0.377   0.176   0.333   0.533
 91 285 07 51 30  -0.360   0.194   0.349   0.538
 91 285 07 52 30  -0.342   0.177   0.369   0.535
 91 285 07 53 30  -0.337   0.194   0.375   0.541
 91 285 07 54 30  -0.316   0.197   0.386   0.537
 91 285 07 55 30  -0.315   0.226   0.368   0.536
 91 285 07 56 30  -0.351   0.249   0.328   0.542
 91 285 07 57 30  -0.341   0.268   0.312   0.535
 91 285 07 58 30  -0.313   0.303   0.302   0.533
 91 285 07 59 30  -0.342   0.181   0.374   0.538
 91 285 08 00 30  -0.331   0.208   0.373   0.543
 91 285 08 01 30  -0.304   0.319   0.318   0.544
 91 285 08 02 30  -0.306   0.299   0.323   0.537
 91 285 08 03 30  -0.311   0.290   0.318   0.532
 91 285 08 04 30  -0.316   0.267   0.335   0.533
 91 285 08 05 30  -0.307   0.264   0.346   0.533
 91 285 08 06 30  -0.318   0.271   0.338   0.539
 91 285 08 07 30  -0.285   0.291   0.345   0.534
 91 285 08 08 30  -0.307   0.274   0.341   0.534
 91 285 08 09 30  -0.314   0.276   0.335   0.536
 91 285 08 10 30  -0.305   0.275   0.336   0.531
 91 285 08 11 30  -0.324   0.262   0.347   0.542
 91 285 08 12 30  -0.331   0.247   0.342   0.537
 91 285 08 13 30  -0.320   0.280   0.331   0.539
 91 285 08 14 30  -0.293   0.316   0.324   0.540
 91 285 08 15 30  -0.276   0.299   0.337   0.530
 91 285 08 16 30  -0.246   0.396   0.230   0.522
 91 285 08 17 30  -0.230   0.429   0.166   0.517
 91 285 08 18 30  -0.172   0.475   0.112   0.521
 91 285 08 19 30  -0.101   0.477   0.125   0.511
 91 285 08 20 30  -0.084   0.505   0.023   0.514
 91 285 08 21 30  -0.124   0.480   0.042   0.499
 91 285 08 22 30  -0.132   0.478   0.031   0.501
 91 285 08 23 30  -0.051   0.508  -0.099   0.520
 91 285 08 24 30  -0.056   0.519  -0.104   0.533
 91 285 08 25 30  -0.051   0.519  -0.127   0.537
 91 285 08 26 30  -0.051   0.519  -0.087   0.529
 91 285 08 27 30  -0.050   0.522  -0.097   0.533
 91 285 08 28 30  -0.040   0.517  -0.107   0.530
 91 285 08 29 30  -0.044   0.519  -0.115   0.534
 91 285 08 30 30  -0.023   0.510  -0.147   0.532
 91 285 08 31 30  -0.022   0.506  -0.147   0.528
 91 285 08 32 30  -0.018   0.504  -0.153   0.528
 91 285 08 33 30  -0.022   0.510  -0.156   0.534
 91 285 08 34 30  -0.020   0.509  -0.159   0.534
 91 285 08 35 30  -0.022   0.509  -0.166   0.536
 91 285 08 36 30  -0.012   0.508  -0.159   0.533
 91 285 08 37 30  -0.007   0.511  -0.162   0.536
 91 285 08 38 30  -0.007   0.507  -0.168   0.534
 91 285 08 39 30  -0.006   0.494  -0.178   0.526
 91 285 08 40 30   0.005   0.459  -0.217   0.509
 91 285 08 41 30   0.029   0.440  -0.264   0.515
 91 285 08 42 30   0.042   0.432  -0.257   0.505
 91 285 08 43 30   0.035   0.427  -0.258   0.501
 91 285 08 44 30   0.028   0.437  -0.207   0.486
 91 285 08 45 30  -0.002   0.458  -0.163   0.487
 91 285 08 46 30  -0.018   0.498  -0.168   0.526
 91 285 08 47 30  -0.018   0.499  -0.173   0.529
 91 285 08 48 30  -0.020   0.495  -0.184   0.528
 91 285 08 49 30  -0.007   0.496  -0.196   0.533
 91 285 08 50 30   0.007   0.502  -0.202   0.541
 91 285 08 51 30   0.002   0.498  -0.204   0.538
 91 285 08 52 30   0.024   0.494  -0.208   0.537
 91 285 08 53 30   0.042   0.483  -0.216   0.532
 91 285 08 54 30   0.034   0.462  -0.196   0.503
 91 285 08 55 30   0.025   0.448  -0.208   0.494
 91 285 08 56 30   0.015   0.469  -0.217   0.518
 91 285 08 57 30  -0.097   0.463  -0.146   0.495
 91 285 08 58 30  -0.089   0.462  -0.168   0.501
 91 285 08 59 30  -0.034   0.519  -0.230   0.569
 91 285 09 00 30  -0.034   0.521  -0.240   0.575
 91 285 09 01 30  -0.027   0.509  -0.238   0.563
 91 285 09 02 30  -0.015   0.481  -0.237   0.536
 91 285 09 03 30  -0.046   0.483  -0.260   0.551
 91 285 09 04 30  -0.032   0.433  -0.273   0.514
 91 285 09 05 30  -0.024   0.447  -0.275   0.527
 91 285 09 06 30  -0.021   0.471  -0.278   0.548
 91 285 09 07 30  -0.012   0.479  -0.290   0.560
 91 285 09 08 30  -0.005   0.463  -0.306   0.555
 91 285 09 09 30  -0.014   0.437  -0.308   0.535
 91 285 09 10 30  -0.012   0.426  -0.308   0.526
 91 285 09 11 30   0.012   0.443  -0.292   0.531
 91 285 09 12 30   0.033   0.441  -0.261   0.514
 91 285 09 13 30   0.019   0.422  -0.285   0.510
 91 285 09 14 30  -0.013   0.395  -0.331   0.516
 91 285 09 15 30   0.016   0.434  -0.307   0.536
 91 285 09 16 30   0.052   0.502  -0.282   0.578
 91 285 09 17 30   0.053   0.500  -0.277   0.575
 91 285 09 18 30   0.043   0.502  -0.274   0.574
 91 285 09 19 30   0.048   0.507  -0.278   0.581
 91 285 09 20 30   0.070   0.485  -0.309   0.580
 91 285 09 21 30   0.074   0.480  -0.317   0.580
 91 285 09 22 30   0.086   0.466  -0.334   0.580
 91 285 09 23 30   0.081   0.470  -0.326   0.578
 91 285 09 24 30   0.071   0.473  -0.318   0.575
 91 285 09 25 30   0.051   0.466  -0.328   0.572
 91 285 09 26 30   0.071   0.462  -0.333   0.574
 91 285 09 27 30   0.089   0.447  -0.355   0.578
 91 285 09 28 30   0.102   0.436  -0.367   0.579
 91 285 09 29 30   0.116   0.421  -0.382   0.580
 91 285 09 30 30   0.119   0.409  -0.397   0.583
 91 285 09 31 30   0.121   0.409  -0.391   0.579
 91 285 09 32 30   0.113   0.414  -0.387   0.578
 91 285 09 33 30   0.109   0.404  -0.388   0.573
 91 285 09 34 30   0.141   0.371  -0.420   0.579
 91 285 09 35 30   0.129   0.321  -0.465   0.581
 91 285 09 36 30   0.085   0.421  -0.396   0.585
 91 285 09 37 30   0.101   0.407  -0.407   0.584
 91 285 09 38 30   0.095   0.406  -0.405   0.582
 91 285 09 39 30   0.101   0.406  -0.409   0.585
 91 285 09 40 30   0.081   0.404  -0.415   0.584
 91 285 09 41 30   0.090   0.404  -0.417   0.588
 91 285 09 42 30   0.095   0.403  -0.410   0.583
 91 285 09 43 30   0.084   0.406  -0.418   0.588
 91 285 09 44 30   0.082   0.394  -0.428   0.588
 91 285 09 45 30   0.083   0.399  -0.422   0.587
 91 285 09 46 30   0.136   0.376  -0.439   0.594
 91 285 09 47 30   0.133   0.370  -0.444   0.594
 91 285 09 48 30   0.123   0.390  -0.416   0.584
 91 285 09 49 30   0.130   0.391  -0.415   0.585
 91 285 09 50 30   0.123   0.401  -0.402   0.581
 91 285 09 51 30   0.134   0.392  -0.414   0.587
 91 285 09 52 30   0.160   0.392  -0.414   0.593
 91 285 09 53 30   0.163   0.379  -0.415   0.585
 91 285 09 54 30   0.186   0.407  -0.369   0.581
 91 285 09 55 30   0.313   0.315  -0.392   0.604
 91 285 09 56 30   0.306   0.423  -0.288   0.610
 91 285 09 57 30   0.029   0.457  -0.301   0.591
 91 285 09 58 30  -0.118   0.564  -0.167   0.604
 91 285 09 59 30  -0.142   0.546  -0.168   0.596
 91 285 10 00 30   0.037   0.530   0.044   0.556
 91 285 10 01 30  -0.086   0.520  -0.018   0.529
 91 285 10 02 30  -0.086   0.527   0.021   0.535
 91 285 10 03 30  -0.100   0.522   0.002   0.532
 91 285 10 04 30  -0.098   0.522  -0.004   0.531
 91 285 10 05 30  -0.091   0.523  -0.019   0.532
 91 285 10 06 30  -0.114   0.527  -0.014   0.539
 91 285 10 07 30  -0.135   0.516  -0.019   0.534
 91 285 10 08 30  -0.135   0.506  -0.039   0.526
 91 285 10 09 30  -0.126   0.508  -0.035   0.524
 91 285 10 10 30  -0.118   0.519  -0.033   0.534
 91 285 10 11 30  -0.130   0.520  -0.013   0.537
 91 285 10 12 30  -0.123   0.523  -0.016   0.538
 91 285 10 13 30  -0.126   0.535  -0.027   0.551
 91 285 10 14 30  -0.134   0.532  -0.032   0.551
 91 285 10 15 30  -0.123   0.534  -0.054   0.553
 91 285 10 16 30  -0.106   0.526  -0.098   0.546
 91 285 10 17 30  -0.095   0.526  -0.093   0.549
 91 285 10 18 30  -0.118   0.542   0.000   0.557
 91 285 10 19 30  -0.067   0.556  -0.085   0.567
 91 285 10 20 30  -0.018   0.527  -0.218   0.573
 91 285 10 21 30  -0.008   0.523  -0.183   0.557
 91 285 10 22 30   0.056   0.496  -0.266   0.568
 91 285 10 23 30   0.079   0.497  -0.292   0.582
 91 285 10 24 30   0.098   0.501  -0.291   0.588
 91 285 10 25 30   0.096   0.521  -0.254   0.588
 91 285 10 26 30   0.125   0.495  -0.281   0.584
 91 285 10 27 30   0.135   0.478  -0.306   0.584
 91 285 10 28 30   0.161   0.458  -0.324   0.586
 91 285 10 29 30   0.093   0.513  -0.286   0.595
 91 285 10 30 30   0.102   0.516  -0.286   0.599
 91 285 10 31 30   0.110   0.497  -0.302   0.593
 91 285 10 32 30   0.084   0.510  -0.280   0.588
 91 285 10 33 30   0.090   0.507  -0.287   0.590
 91 285 10 34 30   0.115   0.506  -0.285   0.593
 91 285 10 35 30   0.128   0.504  -0.283   0.593
 91 285 10 36 30   0.124   0.505  -0.304   0.602
 91 285 10 37 30   0.132   0.495  -0.310   0.599
 91 285 10 38 30   0.156   0.475  -0.339   0.604
 91 285 10 39 30   0.177   0.477  -0.327   0.606
 91 285 10 40 30   0.157   0.461  -0.358   0.605
 91 285 10 41 30   0.146   0.458  -0.364   0.604
 91 285 10 42 30   0.153   0.465  -0.356   0.606
 91 285 10 43 30   0.123   0.441  -0.388   0.601
 91 285 10 44 30   0.152   0.474  -0.345   0.606
 91 285 10 45 30   0.154   0.481  -0.325   0.601
 91 285 10 46 30   0.139   0.488  -0.316   0.598
 91 285 10 47 30   0.105   0.514  -0.266   0.590
 91 285 10 48 30   0.056   0.540  -0.222   0.587
 91 285 10 49 30   0.045   0.549  -0.202   0.588
 91 285 10 50 30   0.082   0.534  -0.214   0.582
 91 285 10 51 30   0.093   0.519  -0.217   0.571
 91 285 10 52 30   0.126   0.470  -0.298   0.573
 91 285 10 53 30   0.213   0.436  -0.307   0.575
 91 285 10 54 30   0.300   0.295  -0.371   0.569
 91 285 10 55 30   0.290   0.325  -0.358   0.567
 91 285 10 56 30   0.328   0.290  -0.359   0.569
 91 285 10 57 30   0.236   0.387  -0.330   0.561
 91 285 10 58 30   0.198   0.397  -0.349   0.565
 91 285 10 59 30   0.165   0.423  -0.332   0.565
 91 285 11 00 30   0.270   0.374  -0.330   0.568
 91 285 11 01 30   0.265   0.370  -0.336   0.566
 91 285 11 02 30   0.261   0.366  -0.338   0.563
 91 285 11 03 30   0.222   0.380  -0.349   0.562
 91 285 11 04 30   0.269   0.344  -0.353   0.562
 91 285 11 05 30   0.286   0.338  -0.345   0.562
 91 285 11 06 30   0.299   0.343  -0.332   0.564
 91 285 11 07 30   0.303   0.333  -0.340   0.565
 91 285 11 08 30   0.302   0.322  -0.362   0.572
 91 285 11 09 30   0.328   0.330  -0.330   0.571
 91 285 11 10 30   0.329   0.329  -0.336   0.575
 91 285 11 11 30   0.327   0.323  -0.348   0.577
 91 285 11 12 30   0.309   0.359  -0.320   0.576
 91 285 11 13 30   0.307   0.384  -0.303   0.579
 91 285 11 14 30   0.300   0.376  -0.314   0.576
 91 285 11 15 30   0.294   0.392  -0.294   0.572
 91 285 11 16 30   0.303   0.318  -0.361   0.575
 91 285 11 18 30   0.280   0.352  -0.358   0.575
 91 285 11 19 30   0.272   0.355  -0.362   0.577
 91 285 11 20 30   0.284   0.343  -0.368   0.578
 91 285 11 21 30   0.197   0.425  -0.330   0.578
 91 285 11 22 30   0.120   0.488  -0.290   0.581
 91 285 11 23 30   0.095   0.486  -0.298   0.579
 91 285 11 24 30   0.074   0.501  -0.267   0.575
 91 285 11 25 30   0.066   0.522  -0.237   0.578
 91 285 11 26 30   0.050   0.525  -0.232   0.577
 91 285 11 27 30   0.082   0.508  -0.262   0.581
 91 285 11 28 30   0.218   0.429  -0.317   0.579
 91 285 11 29 30   0.209   0.425  -0.332   0.583
 91 285 11 30 30   0.086   0.525  -0.243   0.586
 91 285 11 31 30   0.066   0.527  -0.231   0.581
 91 285 11 32 30   0.091   0.537  -0.199   0.582
 91 285 11 33 30   0.091   0.538  -0.225   0.592
 91 285 11 34 30   0.067   0.536  -0.237   0.591
 91 285 11 35 30   0.093   0.519  -0.245   0.582
 91 285 11 36 30   0.124   0.496  -0.270   0.578
 91 285 11 37 30   0.121   0.502  -0.269   0.583
 91 285 11 38 30   0.105   0.510  -0.236   0.573
 91 285 11 39 30   0.090   0.509  -0.237   0.569
 91 285 11 40 30   0.101   0.510  -0.243   0.575
 91 285 11 41 30   0.095   0.517  -0.235   0.576
 91 285 11 42 30   0.061   0.521  -0.252   0.583
 91 285 11 43 30   0.079   0.502  -0.277   0.579
 91 285 11 44 30   0.084   0.499  -0.296   0.587
 91 285 11 45 30   0.098   0.491  -0.293   0.580
 91 285 11 46 30   0.092   0.514  -0.256   0.582
 91 285 11 47 30   0.090   0.525  -0.233   0.582
 91 285 11 48 30   0.106   0.511  -0.252   0.580
 91 285 11 49 30   0.110   0.518  -0.243   0.584
 91 285 11 50 30   0.088   0.548  -0.224   0.598
 91 285 11 51 30   0.085   0.544  -0.220   0.593
 91 285 11 52 30   0.095   0.522  -0.242   0.584
 91 285 11 53 30   0.092   0.518  -0.256   0.585
 91 285 11 54 30   0.090   0.503  -0.273   0.580
 91 285 11 55 30   0.097   0.490  -0.297   0.583
 91 285 11 56 30   0.062   0.496  -0.265   0.566
 91 285 11 57 30   0.069   0.489  -0.270   0.564
 91 285 11 58 30   0.082   0.486  -0.270   0.562
 91 285 11 59 30   0.091   0.499  -0.256   0.568
 91 285 12 00 30   0.084   0.497  -0.266   0.570
 91 285 12 01 30   0.088   0.490  -0.269   0.567
 91 285 12 02 30   0.102   0.495  -0.247   0.564
 91 285 12 03 30   0.106   0.480  -0.266   0.560
 91 285 12 04 30   0.138   0.448  -0.311   0.564
 91 285 12 05 30   0.169   0.445  -0.310   0.569
 91 285 12 06 30   0.129   0.453  -0.314   0.567
 91 285 12 07 30   0.095   0.468  -0.286   0.560
 91 285 12 08 30   0.071   0.494  -0.247   0.558
 91 285 12 09 30   0.116   0.489  -0.236   0.558
 91 285 12 10 30   0.069   0.510  -0.211   0.559
 91 285 12 11 30   0.005   0.502  -0.237   0.556
 91 285 12 12 30   0.006   0.504  -0.227   0.556
 91 285 12 13 30   0.048   0.497  -0.240   0.557
 91 285 12 14 30   0.053   0.485  -0.267   0.557
 91 285 12 15 30  -0.043   0.351  -0.426   0.567
 91 285 12 16 30  -0.015   0.251  -0.506   0.566
 91 285 12 17 30  -0.042   0.333  -0.454   0.566
 91 285 12 18 30  -0.036   0.378  -0.432   0.576
 91 285 12 19 30  -0.029   0.408  -0.411   0.581
 91 285 12 24 30   0.007   0.527  -0.275   0.597
 91 285 12 25 30   0.036   0.541  -0.227   0.588
 91 285 12 26 30  -0.011   0.578  -0.173   0.605
 91 285 12 27 30   0.079   0.575  -0.154   0.602
 91 285 12 28 30  -0.017   0.572  -0.174   0.599
 91 285 12 29 30  -0.002   0.559  -0.202   0.595
 91 285 12 30 30   0.008   0.563  -0.201   0.598
 91 285 12 31 30   0.005   0.557  -0.218   0.599
 91 285 12 32 30   0.013   0.561  -0.236   0.609
 91 285 12 33 30   0.008   0.546  -0.239   0.597
 91 285 12 34 30   0.036   0.542  -0.223   0.588
 91 285 12 35 30   0.039   0.546  -0.215   0.589
 91 285 12 36 30   0.008   0.556  -0.189   0.591
 91 285 12 37 30  -0.015   0.533  -0.284   0.606
 91 285 12 38 30  -0.028   0.519  -0.319   0.611
 91 285 12 39 30  -0.025   0.529  -0.300   0.609
 91 285 12 40 30  -0.004   0.554  -0.282   0.622
 91 285 12 41 30  -0.020   0.536  -0.320   0.625
 91 285 12 42 30   0.012   0.553   0.214   0.597
 91 285 12 43 30  -0.011   0.576   0.131   0.593
 91 285 12 44 30  -0.015   0.568   0.103   0.578
 91 285 12 45 30  -0.023   0.562   0.127   0.577
 91 285 12 46 30  -0.034   0.564   0.131   0.581
 91 285 12 47 30  -0.021   0.555   0.139   0.573
 91 285 12 48 30  -0.016   0.551   0.151   0.572
 91 285 12 49 30  -0.023   0.552   0.142   0.571
 91 285 12 50 30  -0.020   0.549   0.129   0.565
 91 285 12 51 30  -0.015   0.549   0.131   0.565
 91 285 12 52 30  -0.017   0.552   0.115   0.564
 91 285 12 53 30  -0.006   0.547   0.125   0.562
 91 285 12 54 30  -0.003   0.549   0.125   0.564
 91 285 12 55 30  -0.015   0.548   0.129   0.564
 91 285 12 56 30  -0.015   0.549   0.113   0.561
 91 285 12 57 30  -0.012   0.545   0.125   0.560
 91 285 12 58 30  -0.013   0.545   0.122   0.559
 91 285 12 59 30  -0.037   0.546   0.091   0.556
 91 285 13 00 30  -0.055   0.549   0.068   0.557
 91 285 13 01 30  -0.087   0.548   0.022   0.556
 91 285 13 02 30  -0.095   0.552   0.028   0.561
 91 285 13 03 30  -0.081   0.549   0.044   0.558
 91 285 13 04 30  -0.052   0.553   0.081   0.563
 91 285 13 05 30  -0.062   0.552   0.144   0.575
 91 285 13 06 30  -0.047   0.565   0.100   0.576
 91 285 13 07 30  -0.043   0.569   0.081   0.578
 91 285 13 08 30  -0.052   0.579   0.012   0.583
 91 285 13 09 30  -0.026   0.575   0.031   0.578
 91 285 13 10 30   0.009   0.538   0.173   0.569
 91 285 13 11 30  -0.016   0.510   0.219   0.558
 91 285 13 12 30  -0.016   0.502   0.239   0.556
 91 285 13 13 30  -0.055   0.507   0.219   0.557
 91 285 13 14 30  -0.047   0.468   0.289   0.553
 91 285 13 15 30  -0.038   0.447   0.323   0.555
 91 285 13 16 30  -0.043   0.376   0.408   0.557
 91 285 13 17 30  -0.030   0.430   0.344   0.554
 91 285 13 18 30  -0.008   0.519   0.163   0.552
 91 285 13 19 30   0.040   0.503   0.219   0.552
 91 285 13 20 30  -0.028   0.541   0.038   0.544
 91 285 13 21 30  -0.053   0.525   0.064   0.536
 91 285 13 22 30  -0.102   0.521   0.089   0.540
 91 285 13 23 30  -0.136   0.517   0.062   0.541
 91 285 13 24 30  -0.135   0.517  -0.055   0.539
 91 285 13 25 30   0.016   0.448   0.178   0.505
 91 285 13 26 30   0.060   0.375   0.311   0.493
 91 285 13 27 30   0.047   0.355   0.325   0.486
 91 285 13 28 30   0.000   0.371   0.328   0.500
 91 285 13 29 30  -0.061   0.418   0.254   0.496
 91 285 13 30 30   0.010   0.461   0.235   0.522
 91 285 13 31 30   0.011   0.468   0.252   0.532
 91 285 13 32 30   0.014   0.454   0.263   0.526
 91 285 13 33 30   0.022   0.439   0.282   0.530
 91 285 13 34 30  -0.028   0.512   0.144   0.536
 91 285 13 35 30  -0.028   0.510   0.070   0.535
 91 285 13 36 30  -0.135   0.508  -0.075   0.535
 91 285 13 37 30  -0.056   0.528   0.044   0.538
 91 285 13 38 30  -0.108   0.513  -0.122   0.541
 91 285 13 39 30  -0.119   0.489  -0.189   0.539
 91 285 13 40 30  -0.091   0.479  -0.229   0.539
 91 285 13 41 30  -0.052   0.499  -0.156   0.531
 91 285 13 42 30  -0.034   0.515  -0.127   0.532
 91 285 13 43 30  -0.048   0.497  -0.179   0.531
 91 285 13 44 30  -0.041   0.490  -0.199   0.531
 91 285 13 45 30  -0.050   0.493  -0.205   0.536
 91 285 13 46 30  -0.039   0.494  -0.202   0.536
 91 285 13 47 30  -0.034   0.493  -0.214   0.539
 91 285 13 48 30  -0.021   0.483  -0.236   0.539
 91 285 13 49 30  -0.060   0.433  -0.305   0.534
 91 285 13 50 30  -0.088   0.448  -0.285   0.539
 91 285 13 51 30  -0.027   0.506  -0.168   0.538
 91 285 13 52 30   0.005   0.500  -0.175   0.534
 91 285 13 53 30  -0.008   0.483  -0.206   0.534
 91 285 13 54 30   0.020   0.541  -0.028   0.544
 91 285 13 55 30   0.008   0.544  -0.062   0.548
 91 285 13 56 30   0.026   0.548  -0.046   0.552
 91 285 13 57 30   0.047   0.540  -0.053   0.545
 91 285 13 58 30   0.042   0.539  -0.058   0.545
 91 285 13 59 30   0.042   0.543  -0.020   0.547
 91 285 14 00 30   0.049   0.539  -0.063   0.546
 91 285 14 01 30   0.081   0.530  -0.084   0.545
 91 285 14 02 30   0.101   0.532  -0.101   0.551
 91 285 14 03 30   0.094   0.535  -0.100   0.554
 91 285 14 04 30   0.101   0.533  -0.073   0.549
 91 285 14 05 30   0.177   0.503  -0.121   0.548
 91 285 14 06 30   0.228   0.475  -0.165   0.553
 91 285 14 07 30   0.216   0.457  -0.225   0.555
 91 285 14 08 30   0.223   0.440  -0.252   0.555
 91 285 14 09 30   0.220   0.414  -0.290   0.554
 91 285 14 10 30   0.209   0.421  -0.290   0.554
 91 285 14 11 30  -0.092   0.525   0.060   0.553
 91 285 14 12 30  -0.106   0.549   0.042   0.561
 91 285 14 13 30  -0.073   0.562   0.030   0.568
 91 285 14 14 30  -0.055   0.556   0.063   0.562
 91 285 14 15 30  -0.054   0.558   0.029   0.562
 91 285 14 16 30  -0.050   0.556   0.009   0.559
 91 285 14 17 30  -0.039   0.550   0.068   0.557
 91 285 14 18 30  -0.051   0.548   0.032   0.555
 91 285 14 19 30  -0.031   0.550  -0.009   0.551
 91 285 14 20 30  -0.012   0.555   0.020   0.556
 91 285 14 21 30  -0.019   0.555   0.065   0.559
 91 285 14 22 30  -0.041   0.552   0.025   0.559
 91 285 14 23 30  -0.040   0.550   0.023   0.554
 91 285 14 24 30  -0.048   0.538   0.112   0.552
 91 285 14 25 30  -0.049   0.544   0.091   0.554
 91 285 14 26 30  -0.044   0.550   0.084   0.558
 91 285 14 27 30  -0.054   0.540   0.106   0.555
 91 285 14 28 30  -0.027   0.542   0.108   0.554
 91 285 14 29 30  -0.022   0.538   0.107   0.549
 91 285 14 30 30  -0.036   0.515   0.133   0.544
 91 285 14 31 30   0.002   0.520   0.179   0.553
 91 285 14 32 30   0.014   0.542   0.120   0.556
 91 285 14 33 30  -0.004   0.535   0.152   0.557
 91 285 14 34 30  -0.012   0.535   0.147   0.555
 91 285 14 35 30  -0.015   0.523   0.175   0.552
 91 285 14 36 30  -0.006   0.523   0.153   0.546
 91 285 14 37 30   0.022   0.521   0.165   0.547
 91 285 14 38 30   0.043   0.527   0.152   0.551
 91 285 14 39 30   0.030   0.528   0.154   0.551
 91 285 14 40 30   0.010   0.516   0.191   0.551
 91 285 14 41 30   0.004   0.519   0.174   0.549
 91 285 14 42 30  -0.006   0.504   0.218   0.550
 91 285 14 43 30  -0.002   0.496   0.227   0.546
 91 285 14 44 30  -0.019   0.495   0.232   0.547
 91 285 14 45 30  -0.013   0.513   0.177   0.544
 91 285 14 46 30  -0.004   0.527   0.124   0.542
 91 285 14 47 30  -0.003   0.529   0.089   0.537
 91 285 14 48 30   0.031   0.522   0.119   0.536
 91 285 14 49 30   0.028   0.538   0.075   0.546
 91 285 14 50 30  -0.020   0.550   0.032   0.551
 91 285 14 51 30  -0.003   0.546   0.036   0.548
 91 285 14 52 30  -0.005   0.546   0.020   0.547
 91 285 14 53 30  -0.025   0.534   0.104   0.551
 91 285 14 54 30  -0.061   0.527   0.161   0.556
 91 285 14 55 30  -0.056   0.512   0.208   0.557
 91 285 14 56 30  -0.065   0.520   0.176   0.554
 91 285 14 57 30  -0.064   0.522   0.157   0.555
 91 285 14 58 30  -0.067   0.532   0.140   0.555
 91 285 14 59 30  -0.054   0.531   0.164   0.558
 91 285 15 00 30  -0.092   0.516   0.189   0.560
 91 285 15 01 30  -0.081   0.517   0.197   0.560
 91 285 15 02 30  -0.041   0.538   0.162   0.564
 91 285 15 03 30  -0.066   0.542   0.121   0.560
 91 285 15 04 30  -0.092   0.526   0.131   0.553
 91 285 15 05 30  -0.082   0.542   0.047   0.553
 91 285 15 06 30  -0.058   0.556   0.053   0.565
 91 285 15 07 30  -0.030   0.539  -0.098   0.562
 91 285 15 08 30  -0.037   0.557  -0.093   0.572
 91 285 15 09 30  -0.036   0.567  -0.107   0.579
 91 285 15 10 30  -0.039   0.556  -0.138   0.574
 91 285 15 11 30  -0.036   0.554  -0.137   0.572
 91 285 15 12 30  -0.042   0.555  -0.165   0.581
 91 285 15 13 30  -0.060   0.561  -0.152   0.585
 91 285 15 14 30  -0.086   0.559  -0.152   0.586
 91 285 15 15 30  -0.069   0.561  -0.166   0.589
 91 285 15 16 30  -0.070   0.565  -0.152   0.589
 91 285 15 17 30  -0.081   0.561  -0.163   0.590
 91 285 15 18 30  -0.090   0.552  -0.169   0.585
 91 285 15 19 30  -0.072   0.537  -0.191   0.575
 91 285 15 20 30  -0.076   0.535  -0.214   0.582
 91 285 15 21 30  -0.061   0.551  -0.193   0.587
 91 285 15 22 30  -0.047   0.534  -0.231   0.584
 91 285 15 23 30  -0.044   0.486  -0.303   0.575
 91 285 15 24 30  -0.032   0.455  -0.350   0.575
 91 285 15 25 30  -0.033   0.439  -0.376   0.579
 91 285 15 26 30  -0.054   0.449  -0.340   0.566
 91 285 15 27 30  -0.051   0.434  -0.364   0.569
 91 285 15 28 30  -0.040   0.464  -0.325   0.569
 91 285 15 29 30  -0.045   0.474  -0.309   0.568
 91 285 15 30 30  -0.045   0.473  -0.309   0.567
 91 285 15 31 30  -0.029   0.491  -0.275   0.564
 91 285 15 32 30  -0.011   0.496  -0.275   0.568
 91 285 15 33 30  -0.022   0.518  -0.236   0.571
 91 285 15 34 30  -0.009   0.526  -0.220   0.572
 91 285 15 35 30  -0.039   0.522  -0.218   0.570
 91 285 15 36 30   0.010   0.530  -0.191   0.566
 91 285 15 37 30  -0.024   0.514  -0.227   0.564
 91 285 15 38 30  -0.036   0.515  -0.232   0.567
 91 285 15 39 30  -0.026   0.506  -0.248   0.566
 91 285 15 40 30  -0.056   0.507  -0.239   0.563
 91 285 15 41 30   0.088   0.419  -0.354   0.560
 91 285 15 42 30   0.008   0.454  -0.327   0.561
 91 285 15 43 30  -0.004   0.456  -0.330   0.563
 91 285 15 44 30   0.006   0.478  -0.295   0.563
 91 285 15 45 30   0.017   0.478  -0.288   0.558
 91 285 15 46 30   0.017   0.449  -0.316   0.550
 91 285 15 47 30   0.006   0.388  -0.382   0.545
 91 285 15 48 30   0.015   0.353  -0.416   0.547
 91 285 15 49 30  -0.008   0.344  -0.415   0.540
 91 285 15 50 30  -0.010   0.398  -0.364   0.540
 91 285 15 51 30  -0.004   0.386  -0.374   0.545
 91 285 15 52 30  -0.002   0.477  -0.270   0.549
 91 285 15 53 30  -0.019   0.461  -0.295   0.551
 91 285 15 54 30   0.005   0.369  -0.410   0.555
 91 285 15 55 30   0.025   0.320  -0.457   0.558
 91 285 15 56 30   0.042   0.284  -0.482   0.562
 91 285 15 57 30   0.038   0.292  -0.475   0.559
 91 285 15 58 30   0.052   0.266  -0.483   0.555
 91 285 15 59 30   0.059   0.276  -0.468   0.547
 91 285 16 00 30   0.047   0.290  -0.463   0.549
 91 285 16 01 30   0.040   0.291  -0.459   0.546
 91 285 16 02 30   0.057   0.300  -0.447   0.542
 91 285 16 03 30   0.041   0.320  -0.436   0.543
 91 285 16 04 30  -0.003   0.315  -0.443   0.544
 91 285 16 05 30  -0.043   0.314  -0.442   0.544
 91 285 16 06 30  -0.036   0.324  -0.435   0.544
 91 285 16 07 30  -0.048   0.357  -0.406   0.543
 91 285 16 08 30  -0.026   0.355  -0.412   0.545
 91 285 16 09 30  -0.021   0.363  -0.401   0.542
 91 285 16 10 30  -0.026   0.380  -0.379   0.539
 91 285 16 11 30  -0.080   0.451  -0.293   0.544
 91 285 16 12 30  -0.096   0.405  -0.339   0.539
 91 285 16 13 30  -0.062   0.400  -0.363   0.545
 91 285 16 14 30  -0.053   0.439  -0.313   0.542
 91 285 16 15 30  -0.066   0.446  -0.295   0.539
 91 285 16 16 30  -0.040   0.461  -0.268   0.535
 91 285 16 17 30  -0.044   0.467  -0.254   0.534
 91 285 16 18 30  -0.106   0.442  -0.274   0.532
 91 285 16 19 30  -0.085   0.457  -0.257   0.531
 91 285 16 20 30  -0.057   0.474  -0.236   0.533
 91 285 16 21 30  -0.076   0.478  -0.231   0.537
 91 285 16 22 30  -0.091   0.456  -0.257   0.532
 91 285 16 23 30  -0.101   0.455  -0.248   0.529
 91 285 16 24 30  -0.098   0.455  -0.247   0.528
 91 285 16 25 30  -0.122   0.467  -0.216   0.531
 91 285 16 26 30  -0.105   0.458  -0.238   0.528
 91 285 16 27 30  -0.109   0.456  -0.251   0.532
 91 285 16 28 30  -0.107   0.441  -0.270   0.529
 91 285 16 29 30  -0.102   0.442  -0.271   0.529
 91 285 16 30 30  -0.110   0.466  -0.220   0.528
 91 285 16 31 30  -0.078   0.472  -0.230   0.531
 91 285 16 32 30  -0.074   0.471  -0.231   0.530
 91 285 16 33 30  -0.069   0.467  -0.243   0.531
 91 285 16 34 30  -0.098   0.471  -0.208   0.526
 91 285 16 35 30  -0.121   0.485  -0.169   0.528
 91 285 16 36 30  -0.099   0.484  -0.189   0.530
 91 285 16 37 30  -0.117   0.461  -0.229   0.532
 91 285 16 38 30  -0.050   0.439  -0.273   0.522
 91 285 16 39 30   0.032   0.420  -0.292   0.514
 91 285 16 40 30   0.042   0.423  -0.279   0.510
 91 285 16 41 30   0.065   0.389  -0.290   0.492
 91 285 16 42 30   0.058   0.415  -0.270   0.499
 91 285 16 43 30   0.073   0.407  -0.283   0.502
 91 285 16 44 30   0.078   0.412  -0.237   0.482
 91 285 16 45 30   0.067   0.412  -0.224   0.475
 91 285 16 46 30   0.072   0.414  -0.220   0.475
 91 285 16 47 30   0.035   0.428  -0.200   0.475
 91 285 16 48 30   0.044   0.413  -0.222   0.472
 91 285 16 49 30   0.031   0.416  -0.236   0.480
 91 285 16 50 30   0.021   0.427  -0.217   0.481
 91 285 16 51 30   0.021   0.453  -0.222   0.506
 91 285 16 52 30   0.043   0.449  -0.224   0.505
 91 285 16 53 30   0.082   0.431  -0.241   0.502
 91 285 16 54 30  -0.039   0.458  -0.198   0.501
 91 285 16 55 30  -0.041   0.450  -0.172   0.484
 91 285 16 56 30  -0.024   0.407  -0.248   0.479
 91 285 16 57 30  -0.117   0.427  -0.179   0.482
 91 285 16 58 30  -0.166   0.449  -0.053   0.491
 91 285 16 59 30  -0.202   0.455  -0.006   0.499
 91 285 17 00 30  -0.195   0.448  -0.052   0.493
 91 285 17 01 30  -0.240   0.440  -0.056   0.505
 91 285 17 02 30  -0.192   0.469  -0.054   0.510
 91 285 17 03 30  -0.169   0.461  -0.042   0.494
 91 285 17 04 30  -0.156   0.466  -0.023   0.492
 91 285 17 05 30  -0.155   0.457  -0.034   0.491
 91 285 17 06 30  -0.166   0.456  -0.078   0.493
 91 285 17 07 30  -0.189   0.437  -0.089   0.486
 91 285 17 08 30  -0.180   0.449  -0.055   0.489
 91 285 17 09 30  -0.197   0.425  -0.128   0.487
 91 285 17 10 30  -0.202   0.398  -0.122   0.478
 91 285 17 11 30  -0.139   0.459   0.054   0.485
 91 285 17 12 30  -0.164   0.451  -0.026   0.483
 91 285 17 13 30  -0.195   0.433  -0.008   0.486
 91 285 17 14 30  -0.156   0.397  -0.220   0.486
 91 285 17 15 30  -0.162   0.416  -0.203   0.491
 91 285 17 16 30  -0.168   0.429  -0.168   0.492
 91 285 17 17 30  -0.151   0.458  -0.133   0.502
 91 285 17 18 30  -0.133   0.470  -0.023   0.491
 91 285 17 19 30  -0.124   0.467   0.013   0.485
 91 285 17 20 30  -0.095   0.468   0.064   0.483
 91 285 17 21 30  -0.104   0.467   0.056   0.483
 91 285 17 22 30  -0.095   0.470   0.048   0.484
 91 285 17 23 30  -0.108   0.461   0.087   0.488
 91 285 17 24 30  -0.083   0.472   0.091   0.489
 91 285 17 25 30  -0.064   0.474   0.112   0.491
 91 285 17 26 30  -0.061   0.471   0.106   0.488
 91 285 17 27 30  -0.101   0.457   0.152   0.493
 91 285 17 28 30  -0.034   0.467   0.180   0.503
 91 285 17 29 30  -0.117   0.460   0.137   0.498
 91 285 17 30 30  -0.101   0.451   0.148   0.487
 91 285 17 31 30  -0.107   0.435   0.204   0.495
 91 285 17 32 30  -0.026   0.476   0.162   0.506
 91 285 17 33 30  -0.011   0.484   0.163   0.512
 91 285 17 34 30  -0.038   0.465   0.202   0.510
 91 285 17 35 30  -0.071   0.452   0.219   0.508
 91 285 17 36 30  -0.064   0.435   0.232   0.498
 91 285 17 37 30  -0.063   0.439   0.238   0.504
 91 285 17 38 30  -0.070   0.427   0.244   0.498
 91 285 17 39 30  -0.104   0.420   0.249   0.500
 91 285 17 40 30  -0.116   0.425   0.250   0.507
 91 285 17 41 30  -0.080   0.436   0.242   0.507
 91 285 17 42 30  -0.076   0.433   0.239   0.501
 91 285 17 43 30  -0.084   0.433   0.260   0.512
 91 285 17 44 30  -0.071   0.422   0.283   0.513
 91 285 17 45 30  -0.073   0.417   0.285   0.511
 91 285 17 46 30  -0.048   0.420   0.251   0.493
 91 285 17 47 30  -0.045   0.420   0.211   0.473
 91 285 17 48 30  -0.066   0.436   0.180   0.477
 91 285 17 49 30  -0.049   0.454   0.169   0.488
 91 285 17 50 30  -0.023   0.473   0.108   0.487
 91 285 17 51 30  -0.011   0.473   0.129   0.493
 91 285 17 52 30   0.000   0.472   0.132   0.493
 91 285 17 53 30  -0.055   0.483  -0.013   0.488
 91 285 17 54 30  -0.068   0.412  -0.226   0.493
 91 285 17 55 30  -0.101   0.330  -0.341   0.489
 91 285 17 56 30  -0.099   0.245  -0.404   0.489
 91 285 18 00 30  -0.127   0.384  -0.328   0.521
 91 285 18 01 30  -0.129   0.392  -0.322   0.524
 91 285 18 02 30  -0.120   0.396  -0.312   0.518
 91 285 18 03 30  -0.119   0.396  -0.310   0.517
 91 285 18 04 30  -0.108   0.404  -0.273   0.501
 91 285 18 05 30  -0.098   0.423  -0.247   0.501
 91 285 18 06 30  -0.111   0.414  -0.268   0.506
 91 285 18 07 30  -0.103   0.407  -0.290   0.511
 91 285 18 08 30  -0.105   0.407  -0.294   0.514
 91 285 18 09 30  -0.091   0.427  -0.269   0.513
 91 285 18 10 30  -0.090   0.415  -0.286   0.513
 91 285 18 11 30  -0.067   0.381  -0.284   0.480
 91 285 18 12 30  -0.031   0.376  -0.288   0.475
 91 285 18 13 30  -0.063   0.376  -0.286   0.477
 91 285 18 14 30  -0.070   0.363  -0.297   0.475
 91 285 18 15 30  -0.102   0.376  -0.286   0.484
 91 285 18 16 30  -0.115   0.397  -0.256   0.487
 91 285 18 17 30  -0.108   0.417  -0.229   0.488
 91 285 18 18 30  -0.122   0.419  -0.227   0.492
 91 285 18 19 30  -0.114   0.400  -0.252   0.487
 91 285 18 20 30  -0.088   0.350  -0.323   0.485
 91 285 18 21 30  -0.071   0.340  -0.331   0.481
 91 285 18 22 30  -0.077   0.349  -0.341   0.495
 91 285 18 23 30  -0.058   0.323  -0.330   0.467
 91 285 18 24 30  -0.022   0.302  -0.355   0.468
 91 285 18 25 30  -0.093   0.253  -0.152   0.404
 91 285 18 26 30  -0.270   0.262   0.132   0.400
 91 285 18 27 30  -0.248   0.180   0.197   0.372
 91 285 18 28 30  -0.251   0.198   0.186   0.373
 91 285 18 29 30  -0.266   0.240   0.126   0.381
 91 285 18 30 30  -0.279   0.278   0.095   0.409
 91 285 18 31 30  -0.292   0.295   0.124   0.434
 91 285 18 32 30  -0.300   0.295   0.126   0.440
 91 285 18 33 30  -0.281   0.319   0.104   0.438
 91 285 18 34 30  -0.275   0.328   0.089   0.438
 91 285 18 35 30  -0.285   0.328   0.084   0.443
 91 285 18 36 30  -0.285   0.329   0.081   0.444
 91 285 18 37 30  -0.311   0.321   0.108   0.460
 91 285 18 38 30  -0.314   0.331   0.061   0.461
 91 285 18 39 30  -0.318   0.330   0.051   0.461
 91 285 18 40 30  -0.305   0.339   0.048   0.459
 91 285 18 41 30  -0.307   0.331   0.044   0.454
 91 285 18 42 30  -0.283   0.344   0.006   0.446
 91 285 18 43 30  -0.290   0.350   0.033   0.456
 91 285 18 44 30  -0.299   0.351   0.029   0.462
 91 285 18 45 30  -0.293   0.353   0.022   0.460
 91 285 18 46 30  -0.295   0.352   0.030   0.461
 91 285 18 47 30  -0.313   0.352   0.014   0.473
 91 285 18 48 30  -0.312   0.354   0.029   0.473
 91 285 18 49 30  -0.311   0.349   0.014   0.468
 91 285 18 50 30  -0.311   0.341   0.018   0.462
 91 285 18 51 30  -0.323   0.330   0.017   0.463
 91 285 18 52 30  -0.311   0.333   0.015   0.456
 91 285 18 53 30  -0.325   0.315   0.021   0.454
 91 285 18 54 30  -0.314   0.319   0.018   0.449
 91 285 18 55 30  -0.295   0.354  -0.017   0.461
 91 285 18 56 30  -0.293   0.353  -0.037   0.461
 91 285 18 57 30  -0.271   0.371  -0.045   0.462
 91 285 18 58 30  -0.285   0.346  -0.032   0.451
 91 285 18 59 30  -0.256   0.354  -0.093   0.449
 91 285 19 00 30  -0.293   0.294   0.078   0.432
 91 285 19 01 30  -0.282   0.320   0.094   0.437
 91 285 19 02 30  -0.279   0.327   0.059   0.435
 91 285 19 03 30  -0.266   0.313   0.081   0.419
 91 285 19 04 30  -0.262   0.302   0.092   0.411
 91 285 19 05 30  -0.243   0.307   0.106   0.413
 91 285 19 06 30  -0.282   0.332  -0.065   0.441
 91 285 19 07 30  -0.261   0.326  -0.081   0.426
 91 285 19 08 30  -0.255   0.324  -0.103   0.425
 91 285 19 09 30  -0.255   0.314  -0.082   0.414
 91 285 19 10 30  -0.266   0.321  -0.043   0.420
 91 285 19 11 30  -0.265   0.319  -0.039   0.417
 91 285 19 12 30  -0.263   0.316  -0.038   0.413
 91 285 19 13 30  -0.266   0.319  -0.036   0.418
 91 285 19 14 30  -0.266   0.320  -0.022   0.417
 91 285 19 15 30  -0.275   0.315  -0.023   0.419
 91 285 19 16 30  -0.280   0.311  -0.020   0.419
 91 285 19 17 30  -0.289   0.295  -0.018   0.414
 91 285 19 18 30  -0.259   0.331  -0.002   0.421
 91 285 19 19 30  -0.267   0.325  -0.004   0.421
 91 285 19 20 30  -0.276   0.318  -0.015   0.422
 91 285 19 21 30  -0.277   0.310  -0.029   0.417
 91 285 19 22 30  -0.255   0.324  -0.036   0.415
 91 285 19 23 30  -0.235   0.347  -0.021   0.419
 91 285 19 24 30  -0.216   0.351  -0.040   0.415
 91 285 19 25 30  -0.241   0.343  -0.013   0.420
 91 285 19 26 30  -0.219   0.363  -0.031   0.426
 91 285 19 27 30  -0.231   0.350   0.012   0.419
 91 285 19 28 30  -0.215   0.357   0.019   0.418
 91 285 19 29 30  -0.217   0.356   0.008   0.418
 91 285 19 30 30  -0.220   0.355  -0.001   0.418
 91 285 19 31 30  -0.211   0.359  -0.009   0.417
 91 285 19 32 30  -0.215   0.356  -0.022   0.417
 91 285 19 33 30  -0.192   0.372   0.010   0.419
 91 285 19 34 30  -0.194   0.379   0.021   0.427
 91 285 19 35 30  -0.195   0.382   0.026   0.430
 91 285 19 36 30  -0.206   0.366   0.027   0.422
 91 285 19 37 30  -0.196   0.372   0.016   0.421
 91 285 19 38 30  -0.207   0.367   0.031   0.423
 91 285 19 39 30  -0.205   0.372   0.028   0.427
 91 285 19 40 30  -0.204   0.371   0.026   0.424
 91 285 19 41 30  -0.197   0.377   0.043   0.428
 91 285 19 42 30  -0.199   0.374   0.045   0.427
 91 285 19 43 30  -0.195   0.375   0.047   0.426
 91 285 19 44 30  -0.205   0.369   0.048   0.425
 91 285 19 45 30  -0.174   0.372   0.040   0.414
 91 285 19 46 30  -0.174   0.373   0.056   0.417
 91 285 19 47 30  -0.199   0.370   0.067   0.425
 91 285 19 48 30  -0.175   0.360   0.062   0.406
 91 285 19 49 30  -0.189   0.359   0.064   0.411
 91 285 19 50 30  -0.182   0.360   0.078   0.412
 91 285 19 51 30  -0.183   0.365   0.058   0.413
 91 285 19 52 30  -0.150   0.380   0.051   0.413
 91 285 19 53 30  -0.169   0.367   0.053   0.408
 91 285 19 54 30  -0.172   0.368   0.061   0.411
 91 285 19 55 30  -0.159   0.368   0.081   0.410
 91 285 19 56 30  -0.181   0.360   0.081   0.411
 91 285 19 57 30  -0.202   0.353   0.069   0.413
 91 285 19 58 30  -0.201   0.360   0.076   0.420
 91 285 19 59 30  -0.198   0.360   0.075   0.418
 91 285 20 00 30  -0.211   0.358   0.057   0.420
 91 285 20 01 30  -0.197   0.362   0.053   0.416
 91 285 20 02 30  -0.203   0.360   0.063   0.419
 91 285 20 03 30  -0.296   0.242  -0.022   0.415
 91 285 20 04 30  -0.351   0.170  -0.070   0.402
 91 285 20 05 30  -0.345   0.204  -0.029   0.403
 91 285 20 06 30  -0.351   0.196  -0.007   0.403
 91 285 20 07 30  -0.352   0.193  -0.023   0.404
 91 285 20 08 30  -0.350   0.190  -0.038   0.401
 91 285 20 09 30  -0.313   0.238  -0.068   0.401
 91 285 20 10 30  -0.296   0.269  -0.033   0.402
 91 285 20 11 30  -0.287   0.277  -0.010   0.399
 91 285 20 12 30  -0.290   0.260  -0.006   0.390
 91 285 20 13 30  -0.311   0.247  -0.004   0.399
 91 285 20 14 30  -0.345   0.220   0.025   0.411
 91 285 20 15 30  -0.312   0.259   0.029   0.408
 91 285 20 16 30  -0.293   0.272  -0.012   0.402
 91 285 20 17 30  -0.253   0.319   0.065   0.417
 91 285 20 18 30  -0.368   0.128  -0.070   0.419
 91 285 20 19 30  -0.376   0.113  -0.064   0.402
 91 285 20 20 30  -0.361   0.188  -0.022   0.409
 91 285 20 21 30  -0.363   0.183   0.005   0.407
 91 285 20 22 30  -0.376   0.168   0.026   0.413
 91 285 20 23 30  -0.370   0.158   0.049   0.406
 91 285 20 24 30  -0.360   0.195   0.008   0.414
 91 285 20 25 30  -0.337   0.210   0.007   0.402
 91 285 20 26 30  -0.291   0.247   0.109   0.402
 91 285 20 27 30  -0.273   0.295   0.068   0.411
 91 285 20 28 30  -0.256   0.302   0.057   0.405
 91 285 20 29 30  -0.301   0.251   0.079   0.405
 91 285 20 30 30  -0.364   0.192   0.017   0.413
 91 285 20 31 30  -0.387   0.132   0.030   0.413
 91 285 20 32 30  -0.400   0.081   0.032   0.414
 91 285 20 33 30  -0.336   0.233   0.056   0.415
 91 285 20 34 30  -0.247   0.322   0.036   0.410
 91 285 20 35 30  -0.385   0.106   0.062   0.408
 91 285 20 36 30  -0.378  -0.032   0.002   0.383
 91 285 20 37 30  -0.340   0.159   0.110   0.414
 91 285 20 38 30  -0.287   0.280   0.038   0.419
 91 285 20 39 30  -0.256   0.327   0.069   0.426
 91 285 20 40 30  -0.245   0.317   0.087   0.420
 91 285 20 41 30  -0.229   0.321  -0.047   0.432
 91 285 20 42 30  -0.202   0.365  -0.095   0.429
 91 285 20 43 30  -0.215   0.370  -0.023   0.430
 91 285 20 44 30  -0.227   0.364   0.016   0.429
 91 285 20 45 30  -0.264   0.322   0.010   0.418
 91 285 20 46 30  -0.258   0.331   0.020   0.421
 91 285 20 47 30  -0.246   0.324   0.054   0.412
 91 285 20 48 30  -0.258   0.316   0.042   0.413
 91 285 20 49 30  -0.259   0.320  -0.018   0.414
 91 285 20 50 30  -0.288   0.283   0.010   0.408
 91 285 20 51 30  -0.314   0.216   0.074   0.396
 91 285 20 52 30  -0.244   0.320  -0.023   0.408
 91 285 20 53 30  -0.233   0.314  -0.024   0.407
 91 285 20 54 30  -0.174   0.351   0.012   0.395
 91 285 20 55 30  -0.174   0.362  -0.009   0.403
 91 285 20 56 30  -0.166   0.367   0.045   0.406
 91 285 20 57 30  -0.151   0.378   0.023   0.410
 91 285 20 58 30  -0.188   0.345   0.045   0.397
 91 285 20 59 30  -0.179   0.340   0.116   0.403
 91 285 21 00 30  -0.067   0.362   0.059   0.400
 91 285 21 01 30   0.016   0.373  -0.166   0.412
 91 285 21 02 30  -0.046   0.353  -0.166   0.394
 91 285 21 03 30  -0.022   0.346  -0.178   0.393
 91 285 21 04 30  -0.006   0.351  -0.224   0.418
 91 285 21 05 30   0.024   0.350  -0.229   0.421
 91 285 21 06 30  -0.046   0.370  -0.170   0.419
 91 285 21 07 30  -0.081   0.399  -0.095   0.419
 91 285 21 08 30  -0.066   0.405  -0.101   0.423
 91 285 21 09 30  -0.077   0.402  -0.101   0.422
 91 285 21 10 30  -0.071   0.410  -0.081   0.424
 91 285 21 11 30  -0.082   0.408  -0.080   0.425
 91 285 21 12 30  -0.077   0.407  -0.087   0.424
 91 285 21 13 30  -0.088   0.395  -0.120   0.423
 91 285 21 14 30  -0.083   0.382  -0.143   0.417
 91 285 21 15 30  -0.080   0.377  -0.147   0.413
 91 285 21 16 30  -0.066   0.381  -0.130   0.409
 91 285 21 17 30  -0.060   0.376  -0.131   0.404
 91 285 21 18 30  -0.048   0.387  -0.124   0.411
 91 285 21 19 30  -0.006   0.391  -0.117   0.411
 91 285 21 20 30   0.035   0.394  -0.127   0.422
 91 285 21 21 30   0.179   0.232  -0.313   0.432
 91 285 21 22 30   0.034   0.037  -0.056   0.241
 91 285 21 23 30  -0.175  -0.131   0.301   0.373
 91 285 21 24 30  -0.202  -0.109   0.345   0.415
 91 285 21 25 30  -0.239  -0.116   0.339   0.431
 91 285 21 26 30  -0.202  -0.107   0.357   0.425
 91 285 21 27 30  -0.177  -0.071   0.375   0.421
 91 285 21 28 30  -0.197  -0.090   0.341   0.404
 91 285 21 29 30  -0.186  -0.075   0.340   0.395
 91 285 21 30 30  -0.198  -0.073   0.341   0.401
 91 285 21 31 30  -0.208  -0.039   0.351   0.411
 91 285 21 32 30  -0.222  -0.057   0.343   0.413
 91 285 21 33 30  -0.211  -0.062   0.362   0.425
 91 285 21 34 30  -0.223  -0.070   0.366   0.435
 91 285 21 35 30  -0.225  -0.021   0.379   0.446
 91 285 21 36 30  -0.259   0.137   0.363   0.472
 91 285 21 37 30  -0.218   0.170   0.373   0.466
 91 285 21 38 30  -0.220   0.229   0.336   0.463
 91 285 21 39 30  -0.246   0.221   0.289   0.441
 91 285 21 40 30  -0.263   0.210   0.276   0.436
 91 285 21 41 30  -0.267   0.240   0.261   0.445
 91 285 21 42 30  -0.228   0.265   0.250   0.430
 91 285 21 43 30  -0.287   0.270   0.217   0.451
 91 285 21 44 30  -0.288   0.290   0.218   0.464
 91 285 21 46 30  -0.281   0.289   0.160   0.436
 91 285 21 47 30  -0.261   0.311   0.139   0.431
 91 285 21 48 30  -0.256   0.301   0.122   0.415
 91 285 21 50 30  -0.249   0.311   0.154   0.432
 91 285 21 51 30  -0.254   0.338   0.119   0.444
 91 285 21 52 30  -0.214   0.354  -0.100   0.429
 91 285 21 53 30  -0.185   0.352  -0.168   0.432
 91 285 21 54 30  -0.144   0.378  -0.178   0.443
 91 285 21 55 30  -0.166   0.363  -0.178   0.438
 91 285 21 56 30  -0.203   0.355  -0.162   0.440
 91 285 21 57 30  -0.220   0.334  -0.171   0.436
 91 285 21 58 30  -0.264   0.323  -0.112   0.433
 91 285 21 59 30  -0.225   0.341  -0.177   0.446
 91 285 22 00 30  -0.214   0.340  -0.195   0.447
 91 285 22 01 30  -0.215   0.329  -0.177   0.432
 91 285 22 02 30  -0.227   0.322  -0.147   0.422
 91 285 22 03 30  -0.160   0.316  -0.254   0.439
 91 285 22 04 30  -0.124   0.298  -0.312   0.449
 91 285 22 05 30  -0.103   0.285  -0.331   0.450
 91 285 22 06 30  -0.128   0.286  -0.311   0.448
 91 285 22 07 30  -0.057   0.160   0.344   0.442
 91 285 22 08 30  -0.120   0.226   0.329   0.432
 91 285 22 09 30  -0.204   0.294   0.265   0.451
 91 285 22 10 30  -0.253   0.306   0.209   0.451
 91 285 22 11 30  -0.274   0.343   0.097   0.453
 91 285 22 12 30  -0.252   0.356   0.078   0.444
 91 285 22 13 30  -0.251   0.353   0.030   0.437
 91 285 22 14 30  -0.258   0.337   0.032   0.428
 91 285 22 15 30  -0.259   0.260  -0.150   0.434
 91 285 22 16 30  -0.301   0.281   0.153   0.446
 91 285 22 17 30  -0.321   0.224   0.257   0.472
 91 285 22 18 30  -0.201   0.311   0.269   0.461
 91 285 22 19 30  -0.229   0.245   0.312   0.459
 91 285 22 20 30  -0.222   0.257   0.338   0.479
 91 285 22 21 30  -0.223   0.264   0.305   0.462
 91 285 22 22 30  -0.242   0.282   0.268   0.458
 91 285 22 23 30  -0.248   0.325   0.225   0.468
 91 285 22 24 30  -0.259   0.317   0.213   0.462
 91 285 22 25 30  -0.303   0.328   0.178   0.482
 91 285 22 26 30  -0.278   0.335   0.164   0.466
 91 285 22 27 30  -0.277   0.351   0.158   0.474
 91 285 22 28 30  -0.256   0.334   0.190   0.463
 91 285 22 29 30  -0.229   0.366   0.143   0.456
 91 285 22 30 30  -0.236   0.363   0.022   0.437
 91 285 22 31 30  -0.220   0.358   0.057   0.427
 91 285 22 32 30  -0.151   0.393   0.024   0.425
 91 285 22 33 30  -0.213   0.353   0.110   0.429
 91 285 22 34 30  -0.215   0.352   0.079   0.422
 91 285 22 35 30  -0.213   0.364   0.038   0.426
 91 285 22 36 30  -0.204   0.350   0.116   0.423
 91 285 22 37 30  -0.210   0.347   0.135   0.428
 91 285 22 38 30  -0.184   0.356   0.027   0.407
 91 285 22 39 30  -0.142   0.363  -0.079   0.399
 91 285 22 40 30  -0.136   0.368  -0.109   0.408
 91 285 22 41 30  -0.171   0.340  -0.139   0.406
 91 285 22 42 30  -0.152   0.357  -0.147   0.416
 91 285 22 43 30  -0.113   0.408  -0.165   0.455
 91 285 22 44 30  -0.097   0.423  -0.165   0.465
 91 285 22 45 30  -0.086   0.425  -0.161   0.463
 91 285 22 46 30  -0.057   0.428  -0.184   0.470
 91 285 22 47 30  -0.042   0.426  -0.201   0.474
 91 285 22 48 30  -0.047   0.418  -0.203   0.467
 91 285 22 49 30  -0.031   0.415  -0.111   0.447
 91 285 22 50 30  -0.001   0.431  -0.008   0.438
 91 285 22 51 30   0.106   0.394  -0.193   0.464
 91 285 22 52 30   0.072   0.368  -0.287   0.475
 91 285 22 53 30   0.064   0.382  -0.266   0.470
 91 285 22 54 30   0.074   0.400  -0.273   0.490
 91 285 22 55 30   0.074   0.277  -0.356   0.465
 91 285 22 56 30   0.136   0.352  -0.311   0.490
 91 285 22 57 30   0.110   0.368  -0.291   0.482
 91 285 22 58 30   0.085   0.393  -0.264   0.485
 91 285 22 59 30   0.068   0.418  -0.229   0.482
 91 285 23 00 30   0.044   0.406  -0.250   0.479
 91 285 23 01 30   0.066   0.382  -0.270   0.473
 91 285 23 02 30   0.054   0.387  -0.276   0.479
 91 285 23 03 30   0.051   0.398  -0.281   0.490
 91 285 23 04 30   0.054   0.399  -0.283   0.492
 91 285 23 05 30   0.052   0.406  -0.274   0.493
 91 285 23 06 30   0.056   0.392  -0.289   0.491
 91 285 23 07 30   0.040   0.404  -0.280   0.496
 91 285 23 08 30   0.021   0.425  -0.259   0.499
 91 285 23 09 30  -0.015   0.441  -0.224   0.497
 91 285 23 10 30  -0.004   0.416  -0.290   0.508
 91 285 23 11 30  -0.023   0.431  -0.223   0.488
 91 285 23 12 30  -0.126   0.437  -0.036   0.459
 91 285 23 13 30  -0.109   0.426  -0.049   0.444
 91 285 23 14 30  -0.157   0.412  -0.052   0.445
 91 285 23 15 30  -0.251   0.380   0.001   0.457
 91 285 23 16 30  -0.285   0.350   0.083   0.460
 91 285 23 17 30  -0.298   0.325   0.121   0.458
 91 285 23 18 30  -0.327   0.303   0.143   0.469
 91 285 23 19 30  -0.323   0.309   0.142   0.469
 91 285 23 20 30  -0.310   0.309   0.149   0.464
 91 285 23 21 30  -0.319   0.310   0.159   0.473
 91 285 23 22 30  -0.329   0.278   0.179   0.467
 91 285 23 23 30  -0.347   0.261   0.191   0.475
 91 285 23 24 30  -0.363   0.222   0.195   0.469
 91 285 23 25 30  -0.326   0.217   0.197   0.439
 91 285 23 26 30  -0.319   0.204   0.211   0.434
 91 285 23 27 30  -0.315   0.207   0.212   0.433
 91 285 23 28 30  -0.303   0.173   0.224   0.415
 91 285 23 29 30  -0.319   0.163   0.223   0.422
 91 285 23 30 30  -0.312   0.175   0.235   0.429
 91 285 23 31 30  -0.316   0.151   0.248   0.430
 91 285 23 32 30  -0.320   0.118   0.241   0.418
 91 285 23 33 30  -0.324   0.096   0.263   0.428
 91 285 23 34 30  -0.304   0.090   0.277   0.421
 91 285 23 35 30  -0.300   0.095   0.284   0.424
 91 285 23 36 30  -0.284   0.102   0.297   0.424
 91 285 23 37 30  -0.279   0.096   0.295   0.417
 91 285 23 38 30  -0.275   0.095   0.306   0.422
 91 285 23 39 30  -0.258   0.173   0.301   0.437
 91 285 23 40 30  -0.297   0.171   0.282   0.445
 91 285 23 41 30  -0.265   0.218   0.293   0.453
 91 285 23 42 30  -0.224   0.253   0.286   0.444
 91 285 23 43 30  -0.245   0.182   0.304   0.433
 91 285 23 44 30  -0.222   0.022   0.352   0.425
 91 285 23 45 30  -0.212   0.005   0.360   0.419
 91 285 23 46 30  -0.226  -0.044   0.347   0.417
 91 285 23 47 30  -0.211  -0.117   0.323   0.403
 91 285 23 48 30  -0.132   0.247   0.177   0.431
 91 285 23 49 30  -0.073   0.448   0.003   0.455
 91 285 23 50 30  -0.045   0.332  -0.037   0.339
 91 285 23 51 30  -0.041   0.436  -0.046   0.441
 91 285 23 52 30  -0.045   0.445   0.000   0.448
 91 285 23 53 30  -0.022   0.432   0.026   0.434
 91 285 23 54 30  -0.002   0.441   0.059   0.446
 91 285 23 55 30   0.004   0.434   0.078   0.443
 91 285 23 56 30   0.015   0.441   0.068   0.447
 91 285 23 57 30  -0.046   0.440   0.077   0.451
 91 285 23 58 30  -0.118   0.416   0.150   0.459
 91 285 23 59 30  -0.111   0.414   0.169   0.461
