 91 295 00 00 30   0.897  -3.675  -0.395   3.809
 91 295 00 01 30   0.908  -3.624  -0.399   3.758
 91 295 00 02 30   0.863  -3.632  -0.423   3.759
 91 295 00 03 30   0.688  -3.641  -0.647   3.763
 91 295 00 04 30   0.707  -3.638  -0.493   3.743
 91 295 00 05 30   0.764  -3.644  -0.460   3.752
 91 295 00 06 30   0.835  -3.638  -0.396   3.754
 91 295 00 07 30   0.703  -3.675  -0.391   3.764
 91 295 00 08 30   0.728  -3.674  -0.388   3.766
 91 295 00 09 30   0.580  -3.669  -0.461   3.744
 91 295 00 10 30   0.568  -3.690  -0.555   3.776
 91 295 00 11 30   0.715  -3.670  -0.558   3.782
 91 295 00 12 30   0.800  -3.586  -0.687   3.739
 91 295 00 13 30   0.588  -3.755  -0.483   3.838
 91 295 00 14 30   0.541  -3.848  -0.503   3.921
 91 295 00 15 30   0.400  -3.831  -0.538   3.890
 91 295 00 16 30   0.573  -3.740  -0.468   3.817
 91 295 00 17 30   0.510  -3.733  -0.430   3.794
 91 295 00 18 30   0.731  -3.688  -0.395   3.782
 91 295 00 19 30   0.922  -3.633  -0.454   3.777
 91 295 00 20 30   0.005  -3.708  -0.674   3.788
 91 295 00 21 30  -0.196  -3.695  -0.572   3.750
 91 295 00 22 30   0.440  -3.638  -0.567   3.744
 91 295 00 23 30   0.843  -3.597  -0.670   3.756
 91 295 00 24 30   1.220  -3.479  -0.701   3.764
 91 295 00 25 30   0.984  -3.567  -0.469   3.769
 91 295 00 26 30  -0.027  -3.686  -0.586   3.750
 91 295 00 27 30   0.262  -3.683  -0.372   3.724
 91 295 00 28 30   0.839  -3.594  -0.184   3.758
 91 295 00 29 30   1.064  -3.620  -0.056   3.788
 91 295 00 30 30   0.808  -3.700  -0.557   3.835
 91 295 00 31 30   0.651  -3.714  -0.859   3.870
 91 295 00 32 30   0.667  -3.648  -0.969   3.838
 91 295 00 33 30   0.716  -3.544  -0.824   3.736
 91 295 00 34 30   0.921  -3.622   0.178   3.766
 91 295 00 35 30   1.093  -3.541   0.795   3.798
 91 295 00 36 30   1.237  -3.557   0.770   3.856
 91 295 00 37 30   1.209  -3.559   0.977   3.885
 91 295 00 38 30   1.163  -3.596   0.617   3.850
 91 295 00 39 30   0.898  -3.670  -0.786   3.866
 91 295 00 40 30   0.976  -3.734  -0.340   3.886
 91 295 00 41 30   0.990  -3.782  -0.138   3.915
 91 295 00 42 30   0.897  -3.779  -0.219   3.893
 91 295 00 43 30   0.879  -3.732  -0.302   3.852
 91 295 00 44 30   0.857  -3.712  -0.441   3.841
 91 295 00 45 30   0.841  -3.731  -0.345   3.842
 91 295 00 46 30   0.737  -3.719  -0.348   3.808
 91 295 00 47 30   0.725  -3.745  -0.332   3.830
 91 295 00 48 30   0.687  -3.758  -0.372   3.840
 91 295 00 49 30   0.690  -3.731  -0.456   3.826
 91 295 00 50 30   0.471  -3.745  -0.552   3.815
 91 295 00 51 30   0.456  -3.780  -0.501   3.843
 91 295 00 52 30   0.429  -3.817  -0.446   3.874
 91 295 00 53 30   0.883  -3.790  -0.300   3.903
 91 295 00 54 30   0.626  -3.786  -0.388   3.860
 91 295 00 55 30   0.481  -3.859  -0.471   3.921
 91 295 00 56 30   0.769  -3.867  -0.437   3.967
 91 295 00 57 30   0.951  -3.719  -0.468   3.868
 91 295 00 58 30   0.883  -3.871  -0.397   3.991
 91 295 00 59 30   0.845  -3.938  -0.236   4.035
 91 295 01 00 30   0.830  -3.955  -0.205   4.047
 91 295 01 01 30   0.940  -3.946  -0.224   4.065
 91 295 01 02 30   0.757  -3.922  -0.279   4.006
 91 295 01 03 30   0.775  -3.975  -0.392   4.070
 91 295 01 04 30   0.899  -3.932  -0.333   4.048
 91 295 01 05 30   0.908  -3.902  -0.293   4.018
 91 295 01 06 30   0.957  -3.936  -0.185   4.058
 91 295 01 07 30   1.049  -3.866   0.225   4.033
 91 295 01 08 30   1.145  -3.753   0.560   3.967
 91 295 01 09 30   1.034  -3.767   0.582   3.951
 91 295 01 10 30   0.956  -3.947   0.361   4.082
 91 295 01 11 30   1.226  -3.839   0.007   4.032
 91 295 01 12 30   1.281  -3.824   0.181   4.038
 91 295 01 13 30   1.207  -3.785   0.455   4.009
 91 295 01 14 30   1.112  -3.782   0.580   3.993
 91 295 01 15 30   1.281  -3.724   0.626   3.989
 91 295 01 16 30   1.073  -3.801   0.676   4.013
 91 295 01 17 30   0.896  -3.846   0.735   4.020
 91 295 01 18 30   0.817  -3.885   0.609   4.020
 91 295 01 19 30   0.860  -3.828   0.631   3.977
 91 295 01 20 30   0.930  -3.764   0.788   3.972
 91 295 01 21 30   0.445  -3.936   0.506   4.000
 91 295 01 22 30   0.281  -3.981   0.595   4.058
 91 295 01 23 30   0.635  -3.974   0.302   4.037
 91 295 01 24 30   0.684  -3.960   0.434   4.045
 91 295 01 25 30   0.679  -3.973   0.378   4.049
 91 295 01 26 30   0.634  -3.987   0.384   4.057
 91 295 01 27 30   0.865  -3.941   0.200   4.054
 91 295 01 28 30   1.009  -3.957  -0.073   4.085
 91 295 01 29 30   0.764  -3.982  -0.010   4.066
 91 295 01 30 30   0.138  -4.125   0.143   4.131
 91 295 01 31 30   0.001  -4.135   0.065   4.137
 91 295 01 32 30  -0.127  -4.116   0.186   4.125
 91 295 01 33 30   0.300  -4.042   0.312   4.069
 91 295 01 34 30   0.791  -3.945   0.525   4.060
 91 295 01 35 30   1.101  -3.830   0.620   4.065
 91 295 01 36 30   1.883  -3.433   0.910   4.029
 91 295 01 37 30   1.813  -3.442   1.022   4.023
 91 295 01 38 30   1.714  -3.540   0.961   4.051
 91 295 01 39 30   1.474  -3.695   0.778   4.056
 91 295 01 40 30   1.456  -3.689   0.823   4.051
 91 295 01 41 30   1.479  -3.626   0.927   4.025
 91 295 01 42 30   1.295  -3.732   0.816   4.040
 91 295 01 43 30   1.300  -3.749   0.831   4.056
 91 295 01 44 30   1.124  -3.813   0.768   4.050
 91 295 01 45 30   1.040  -3.805   0.738   4.016
 91 295 01 46 30   0.938  -3.868   0.835   4.070
 91 295 01 47 30   0.729  -3.943   0.940   4.122
 91 295 01 48 30   1.125  -3.886   0.633   4.112
 91 295 01 49 30   1.260  -3.800   0.906   4.106
 91 295 01 50 30   1.271  -3.761   0.980   4.090
 91 295 01 51 30   1.069  -3.854   0.996   4.124
 91 295 01 52 30   0.896  -3.923   0.935   4.132
 91 295 01 53 30   0.773  -3.929   0.964   4.120
 91 295 01 54 30   0.690  -3.945   1.001   4.128
 91 295 01 55 30   0.733  -3.946   1.064   4.152
 91 295 01 56 30   0.897  -3.861   1.177   4.138
 91 295 01 57 30   0.682  -3.919   1.072   4.124
 91 295 01 58 30   0.385  -3.952   0.905   4.075
 91 295 01 59 30   0.559  -3.862   1.050   4.047
 91 295 02 00 30   0.667  -3.807   1.168   4.040
 91 295 02 01 30   0.819  -3.763   1.295   4.065
 91 295 02 02 30   0.759  -3.717   1.444   4.061
 91 295 02 03 30   0.817  -3.769   1.349   4.086
 91 295 02 04 30   0.787  -3.747   1.408   4.080
 91 295 02 05 30   0.729  -3.755   1.390   4.070
 91 295 02 06 30   0.785  -3.735   1.386   4.061
 91 295 02 07 30   0.770  -3.726   1.441   4.070
 91 295 02 08 30   0.741  -3.744   1.382   4.060
 91 295 02 09 30   0.758  -3.712   1.403   4.041
 91 295 02 10 30   0.793  -3.756   1.317   4.059
 91 295 02 11 30   0.664  -3.781   1.362   4.074
 91 295 02 12 30   0.720  -3.777   1.349   4.077
 91 295 02 13 30   0.759  -3.784   1.358   4.092
 91 295 02 14 30   0.868  -3.662   1.568   4.079
 91 295 02 15 30   0.445  -3.888   1.308   4.131
 91 295 02 16 30   0.482  -3.791   1.485   4.101
 91 295 02 17 30   0.565  -3.842   1.383   4.123
 91 295 02 18 30   0.575  -3.879   1.368   4.154
 91 295 02 19 30   0.547  -3.868   1.371   4.140
 91 295 02 20 30   0.574  -3.872   1.340   4.138
 91 295 02 21 30   0.635  -3.868   1.317   4.137
 91 295 02 22 30   0.711  -3.845   1.278   4.116
 91 295 02 23 30   1.049  -3.795   1.323   4.159
 91 295 02 24 30   0.941  -2.476   1.485   4.169
 91 295 02 25 30   0.701  -3.921   1.275   4.194
 91 295 02 29 30   0.262  -4.042   1.164   4.214
 91 295 02 30 30   0.287  -4.048   1.134   4.214
 91 295 02 31 30   0.312  -4.045   1.139   4.214
 91 295 02 32 30   0.438  -4.031   1.097   4.201
 91 295 02 33 30   0.440  -4.037   1.062   4.197
 91 295 02 34 30   0.434  -4.035   1.069   4.197
 91 295 02 35 30   0.407  -4.048   1.037   4.199
 91 295 02 36 30   0.345  -4.053   1.045   4.200
 91 295 02 37 30   0.350  -4.046   1.051   4.195
 91 295 02 38 30   0.349  -4.054   1.035   4.199
 91 295 02 39 30   0.415  -4.045   1.025   4.194
 91 295 02 40 30   0.332  -4.048   1.063   4.198
 91 295 02 41 30   0.326  -4.050   1.094   4.208
 91 295 02 42 30   0.287  -4.043   1.119   4.206
 91 295 02 43 30   0.248  -4.046   1.130   4.209
 91 295 02 44 30   0.285  -4.042   1.104   4.200
 91 295 02 45 30   0.315  -4.035   1.001   4.171
 91 295 02 46 30   0.099  -3.922   1.255   4.121
 91 295 02 47 30   0.076  -3.913   1.248   4.109
 91 295 02 50 30   0.059  -3.879   1.396   4.124
 91 295 02 51 30   0.062  -3.885   1.383   4.125
 91 295 02 52 30   0.058  -3.878   1.351   4.108
 91 295 02 53 30   0.045  -3.863   1.384   4.104
 91 295 02 54 30   0.062  -3.853   1.366   4.089
 91 295 02 55 30   0.052  -3.865   1.347   4.093
 91 295 02 56 30  -0.016  -3.858   1.389   4.101
 91 295 02 57 30  -0.044  -3.851   1.387   4.094
 91 295 02 58 30  -0.015  -3.855   1.388   4.098
 91 295 02 59 30   0.011  -3.850   1.385   4.092
 91 295 03 00 30   0.066  -3.837   1.422   4.093
 91 295 03 01 30   0.127  -3.821   1.518   4.116
 91 295 03 03 30   0.190  -3.905   1.406   4.156
 91 295 03 04 30   0.113  -3.944   1.315   4.159
 91 295 03 05 30   0.067  -3.917   1.391   4.157
 91 295 03 06 30   0.040  -3.901   1.431   4.156
 91 295 03 07 30   0.024  -3.904   1.431   4.158
 91 295 03 08 30  -0.119  -3.830   1.608   4.157
 91 295 03 09 30  -0.108  -3.825   1.619   4.156
 91 295 03 10 30  -0.084  -3.820   1.620   4.151
 91 295 03 11 30  -0.036  -3.815   1.577   4.129
 91 295 03 12 30   0.118  -3.843   1.507   4.131
 91 295 03 13 30   0.439  -3.827   1.392   4.097
 91 295 03 14 30   0.482  -3.780   1.475   4.087
 91 295 03 15 30   0.343  -3.787   1.539   4.102
 91 295 03 16 30   0.352  -3.870   1.350   4.115
 91 295 03 17 30   0.055  -3.729   1.729   4.112
 91 295 03 18 30   0.130  -3.788   1.573   4.105
 91 295 03 19 30   0.136  -3.775   1.594   4.101
 91 295 03 20 30   0.197  -3.762   1.635   4.107
 91 295 03 21 30   0.428  -3.756   1.550   4.100
 91 295 03 22 30   0.669  -3.843   1.203   4.094
 91 295 03 23 30   0.680  -3.813   1.364   4.120
 91 295 03 24 30   0.641  -3.786   1.449   4.114
 91 295 03 25 30   0.658  -3.810   1.407   4.121
 91 295 03 26 30   0.914  -3.756   1.442   4.128
 91 295 03 27 30   0.938  -3.734   1.462   4.127
 91 295 03 28 30   0.507  -3.704   1.635   4.098
 91 295 03 29 30   0.349  -3.741   1.616   4.095
 91 295 03 30 30   0.348  -3.773   1.482   4.073
 91 295 03 31 30   0.403  -3.683   1.686   4.076
 91 295 03 32 30   0.871  -3.649   1.622   4.093
 91 295 03 33 30   1.064  -3.572   1.721   4.114
 91 295 03 34 30   0.561  -3.707   1.610   4.105
 91 295 03 35 30   0.293  -3.816   1.470   4.106
 91 295 03 36 30   0.536  -3.773   1.449   4.089
 91 295 03 37 30   0.007  -3.892   1.245   4.095
 91 295 03 38 30  -0.128  -3.838   1.421   4.096
 91 295 03 39 30  -0.209  -3.862   1.359   4.101
 91 295 03 40 30  -0.240  -3.880   1.276   4.092
 91 295 03 41 30  -0.249  -3.871   1.348   4.108
 91 295 03 42 30  -0.251  -3.890   1.292   4.108
 91 295 03 43 30  -0.244  -3.873   1.348   4.108
 91 295 03 44 30  -0.186  -3.859   1.388   4.106
 91 295 03 45 30  -0.140  -3.842   1.448   4.108
 91 295 03 46 30  -0.092  -3.821   1.476   4.098
 91 295 03 47 30  -0.083  -3.810   1.517   4.103
 91 295 03 48 30  -0.131  -3.742   1.654   4.097
 91 295 03 49 30   0.079  -3.768   1.556   4.084
 91 295 03 50 30   0.251  -3.767   1.568   4.089
 91 295 03 51 30   0.064  -3.823   1.473   4.100
 91 295 03 52 30   0.124  -3.814   1.463   4.091
 91 295 03 53 30   0.065  -3.830   1.412   4.085
 91 295 03 54 30   0.103  -3.848   1.401   4.097
 91 295 03 55 30  -0.096  -3.844   1.416   4.099
 91 295 03 56 30  -0.119  -3.905   1.238   4.100
 91 295 03 57 30   0.064  -3.941   1.107   4.095
 91 295 03 58 30   0.102  -3.908   1.204   4.099
 91 295 03 59 30   0.220  -3.869   1.340   4.105
 91 295 04 00 30   0.142  -3.938   1.145   4.105
 91 295 04 01 30   0.085  -3.911   1.241   4.104
 91 295 04 02 30   0.073  -3.913   1.220   4.100
 91 295 04 03 30   0.115  -3.928   1.182   4.104
 91 295 04 04 30   0.143  -3.937   1.122   4.097
 91 295 04 05 30   0.071  -3.977   1.028   4.109
 91 295 04 06 30   0.220  -3.959   1.046   4.102
 91 295 04 07 30   0.110  -3.946   1.132   4.110
 91 295 04 08 30   0.195  -3.973   1.049   4.115
 91 295 04 09 30   0.256  -3.955   1.093   4.113
 91 295 04 10 30   0.309  -3.940   1.126   4.112
 91 295 04 11 30   0.382  -3.953   1.062   4.112
 91 295 04 12 30   0.497  -3.944   1.078   4.119
 91 295 04 13 30   0.408  -3.957   1.066   4.120
 91 295 04 14 30   0.320  -3.956   1.039   4.104
 91 295 04 15 30   0.326  -3.941   1.031   4.087
 91 295 04 16 30   0.285  -3.934   1.083   4.091
 91 295 04 17 30   0.335  -3.935   1.090   4.098
 91 295 04 18 30   0.365  -3.930   1.152   4.112
 91 295 04 19 30   0.388  -3.913   1.220   4.118
 91 295 04 20 30   0.440  -3.872   1.272   4.100
 91 295 04 21 30   0.417  -3.882   1.180   4.080
 91 295 04 22 30   0.504  -3.853   1.236   4.079
 91 295 04 23 30   0.431  -3.840   1.275   4.070
 91 295 04 24 30   0.442  -3.813   1.352   4.071
 91 295 04 25 30   0.381  -3.809   1.352   4.061
 91 295 04 26 30   0.331  -3.813   1.492   4.119
 91 295 04 27 30   0.464  -3.733   1.646   4.112
 91 295 04 28 30   0.526  -3.792   1.354   4.062
 91 295 04 29 30   0.520  -3.808   1.300   4.059
 91 295 04 30 30   0.729  -3.798   1.273   4.074
 91 295 04 31 30   1.106  -3.723   1.193   4.071
 91 295 04 32 30   0.648  -3.766   1.250   4.047
 91 295 04 33 30   0.721  -3.830   1.225   4.088
 91 295 04 34 30   0.448  -3.801   1.328   4.056
 91 295 04 35 30   0.349  -3.822   1.335   4.070
 91 295 04 36 30  -0.357  -3.743   1.595   4.094
 91 295 04 37 30  -0.139  -3.786   1.525   4.095
 91 295 04 38 30  -0.030  -3.729   1.630   4.085
 91 295 04 39 30  -0.244  -3.688   1.741   4.091
 91 295 04 40 30  -0.322  -3.658   1.757   4.083
 91 295 04 41 30  -0.029  -3.646   1.786   4.078
 91 295 04 42 30   0.166  -3.853   1.361   4.095
 91 295 04 43 30  -0.058  -3.734   1.653   4.107
 91 295 04 44 30  -0.128  -3.613   1.931   4.106
 91 295 04 45 30  -0.244  -3.404   2.214   4.090
 91 295 04 46 30   0.016  -3.679   1.737   4.083
 91 295 04 47 30   0.328  -3.698   1.660   4.082
 91 295 04 48 30  -0.109  -3.616   1.860   4.089
 91 295 04 49 30   0.225  -3.892   1.089   4.117
 91 295 04 50 30   0.350  -3.907   1.174   4.099
 91 295 04 51 30   0.281  -3.945   1.109   4.108
 91 295 04 52 30   0.394  -3.894   1.248   4.110
 91 295 04 53 30   0.286  -3.965   1.028   4.108
 91 295 04 54 30   0.238  -3.971   1.035   4.112
 91 295 04 55 30   0.242  -3.976   0.972   4.104
 91 295 04 56 30   0.195  -3.990   0.950   4.107
 91 295 04 57 30   0.165  -3.993   0.904   4.100
 91 295 04 58 30   0.383  -3.939   1.074   4.102
 91 295 04 59 30   0.456  -3.927   1.085   4.101
 91 295 05 00 30   0.415  -3.938   1.047   4.097
 91 295 05 01 30   0.265  -3.973   0.894   4.082
 91 295 05 02 30   0.245  -4.016   0.743   4.094
 91 295 05 03 30   0.447  -3.855   1.097   4.040
 91 295 05 04 30   0.454  -3.833   1.166   4.033
 91 295 05 05 30   0.508  -3.819   1.198   4.036
 91 295 05 06 30   0.396  -3.854   1.145   4.042
 91 295 05 07 30   0.476  -3.833   1.148   4.034
 91 295 05 08 30   0.457  -3.847   1.116   4.032
 91 295 05 09 30   0.481  -3.818   1.189   4.028
 91 295 05 10 30   0.468  -3.808   1.216   4.026
 91 295 05 11 30   0.462  -3.814   1.200   4.026
 91 295 05 12 30   0.605  -3.779   1.213   4.020
 91 295 05 13 30   0.446  -3.775   1.277   4.012
 91 295 05 14 30   0.526  -3.766   1.294   4.021
 91 295 05 15 30   0.444  -3.746   1.382   4.019
 91 295 05 16 30   0.502  -3.781   1.241   4.013
 91 295 05 17 30   0.401  -3.803   1.225   4.017
 91 295 05 18 30   0.440  -3.815   1.179   4.019
 91 295 05 19 30   0.446  -3.827   1.098   4.011
 91 295 05 20 30   0.285  -3.825   1.142   4.007
 91 295 05 21 30   0.141  -3.779   1.335   4.012
 91 295 05 22 30  -0.133  -3.751   1.351   3.999
 91 295 05 23 30  -0.149  -3.456   1.974   4.006
 91 295 05 24 30  -0.076  -3.643   1.677   4.019
 91 295 05 25 30  -0.144  -3.798   1.258   4.011
 91 295 05 26 30   0.017  -3.804   1.242   4.008
 91 295 05 27 30   0.126  -3.822   1.202   4.011
 91 295 05 28 30  -0.229  -3.729   1.376   4.002
 91 295 05 29 30  -0.683  -3.623   1.574   4.014
 91 295 05 30 30  -0.309  -3.683   1.472   4.017
 91 295 05 31 30   0.534  -3.808   1.095   4.000
 91 295 05 32 30   0.388  -3.841   1.020   3.994
 91 295 05 33 30   0.170  -3.829   1.116   3.996
 91 295 05 34 30   0.542  -3.879   0.707   3.985
 91 295 05 35 30   0.430  -3.784   0.847   3.912
 91 295 05 36 30   0.463  -3.868   0.215   3.915
 91 295 05 37 30   1.347  -3.626  -0.089   3.891
 91 295 05 38 30   0.970  -3.703   0.184   3.842
 91 295 05 39 30   1.101  -3.666   0.114   3.831
 91 295 05 40 30   1.187  -3.652   0.031   3.841
 91 295 05 41 30   1.153  -3.654   0.113   3.836
 91 295 05 42 30   1.073  -3.660   0.186   3.825
 91 295 05 43 30   0.979  -3.680   0.090   3.814
 91 295 05 44 30   1.149  -3.583  -0.006   3.766
 91 295 05 45 30   1.047  -3.639   0.007   3.788
 91 295 05 46 30   1.074  -3.619   0.062   3.776
 91 295 05 47 30   1.143  -3.564   0.092   3.745
 91 295 05 48 30   1.163  -3.577   0.117   3.766
 91 295 05 49 30   0.861  -3.681   0.261   3.793
 91 295 05 50 30   0.828  -3.692   0.295   3.799
 91 295 05 51 30   0.807  -3.704   0.294   3.806
 91 295 05 52 30   0.472  -3.745   0.266   3.787
 91 295 05 53 30   0.383  -3.740   0.303   3.776
 91 295 05 54 30   0.505  -3.693   0.379   3.749
 91 295 05 55 30   0.292  -3.738   0.285   3.770
 91 295 05 56 30  -0.014  -3.739   0.317   3.773
 91 295 05 57 30   0.310  -3.731   0.195   3.758
 91 295 05 58 30   0.466  -3.708   0.266   3.751
 91 295 05 59 30   0.410  -3.701   0.500   3.761
 91 295 06 00 30   0.455  -3.681   0.510   3.746
 91 295 06 01 30   0.512  -3.684   0.485   3.752
 91 295 06 02 30   0.601  -3.669   0.461   3.748
 91 295 06 03 30   0.628  -3.648   0.573   3.746
 91 295 06 04 30   0.660  -3.623   0.601   3.732
 91 295 06 05 30   0.658  -3.619   0.630   3.733
 91 295 06 06 30   0.668  -3.627   0.702   3.755
 91 295 06 07 30   0.754  -3.607   0.661   3.744
 91 295 06 08 30   0.733  -3.645   0.546   3.762
 91 295 06 09 30   0.925  -3.605   0.553   3.766
 91 295 06 10 30   0.918  -3.531   0.704   3.720
 91 295 06 11 30   0.748  -3.587   0.781   3.749
 91 295 06 12 30   0.684  -3.542   0.882   3.717
 91 295 06 13 30   0.706  -3.455   0.988   3.667
 91 295 06 14 30   0.748  -3.563   0.570   3.701
 91 295 06 15 30   0.649  -3.569   0.666   3.692
 91 295 06 16 30   0.665  -3.562   0.736   3.702
 91 295 06 17 30   0.721  -3.508   0.872   3.696
 91 295 06 18 30   0.574  -3.535   0.922   3.715
 91 295 06 19 30   0.409  -3.575   0.846   3.703
 91 295 06 20 30   0.616  -3.531   0.797   3.683
 91 295 06 21 30   0.500  -3.521   0.909   3.684
 91 295 06 22 30   0.592  -3.519   0.895   3.684
 91 295 06 23 30   0.623  -3.521   0.663   3.645
 91 295 06 24 30   0.516  -3.536   0.690   3.643
 91 295 06 25 30   0.687  -3.522   0.640   3.646
 91 295 06 26 30   0.702  -3.559   0.538   3.669
 91 295 06 27 30   0.790  -3.531   0.553   3.663
 91 295 06 28 30   0.630  -3.530   0.672   3.649
 91 295 06 29 30   0.609  -3.532   0.716   3.656
 91 295 06 30 30   0.631  -3.576   0.402   3.659
 91 295 06 31 30   0.606  -3.572   0.302   3.637
 91 295 06 32 30   0.530  -3.580   0.323   3.638
 91 295 06 33 30   0.457  -3.595   0.142   3.631
 91 295 06 34 30   0.538  -3.526   0.434   3.598
 91 295 06 35 30   0.512  -3.530   0.375   3.593
 91 295 06 36 30   0.543  -3.600   0.266   3.653
 91 295 06 37 30   0.516  -3.626   0.366   3.681
 91 295 06 38 30   0.422  -3.616   0.376   3.661
 91 295 06 39 30   0.389  -3.619   0.354   3.658
 91 295 06 40 30   0.685  -3.544   0.391   3.638
 91 295 06 41 30   0.880  -3.463   0.633   3.633
 91 295 06 42 30   0.521  -3.554   0.683   3.662
 91 295 06 43 30   0.477  -3.580   0.714   3.687
 91 295 06 44 30   0.528  -3.574   0.637   3.676
 91 295 06 45 30   0.596  -3.509   0.874   3.674
 91 295 06 46 30   0.607  -3.473   0.729   3.628
 91 295 06 47 30   0.665  -3.501   0.601   3.615
 91 295 06 48 30   0.797  -3.435   0.717   3.600
 91 295 06 49 30   0.621  -3.497   0.673   3.619
 91 295 06 50 30   0.786  -3.478   0.542   3.619
 91 295 06 51 30   0.740  -3.501   0.486   3.612
 91 295 06 52 30   0.791  -3.502   0.459   3.621
 91 295 06 53 30   0.657  -3.534   0.443   3.624
 91 295 06 54 30   0.692  -3.524   0.463   3.625
 91 295 06 55 30   0.539  -3.543   0.522   3.627
 91 295 06 56 30   0.647  -3.536   0.492   3.631
 91 295 06 57 30   0.518  -3.535   0.521   3.619
 91 295 06 58 30   0.314  -3.580   0.612   3.655
 91 295 06 59 30   0.580  -3.558   0.752   3.685
 91 295 07 00 30   0.462  -3.571   0.816   3.700
 91 295 07 01 30   0.186  -3.579   0.972   3.718
 91 295 07 02 30   0.510  -3.563   0.544   3.647
 91 295 07 03 30   0.575  -3.563   0.406   3.633
 91 295 07 04 30   0.165  -3.395   1.167   3.611
 91 295 07 05 30   0.427  -3.445   0.825   3.576
 91 295 07 06 30   0.525  -3.572   0.581   3.658
 91 295 07 07 30   0.470  -3.521   0.783   3.643
 91 295 07 08 30   0.637  -3.671   0.704   3.803
 91 295 07 09 30   1.241  -3.924  -0.194   4.122
 91 295 07 10 30   1.184  -4.003  -0.221   4.185
 91 295 07 11 30   0.978  -4.057  -0.169   4.180
 91 295 07 12 30   1.312  -3.941  -0.315   4.173
 91 295 07 13 30   1.223  -3.971  -0.200   4.162
 91 295 07 14 30   1.193  -3.973  -0.238   4.156
 91 295 07 15 30   1.121  -3.963  -0.305   4.132
 91 295 07 16 30   1.055  -3.818   0.039   3.964
 91 295 07 17 30   1.027  -3.842   0.185   3.982
 91 295 07 18 30   1.138  -4.112  -0.058   4.267
 91 295 07 19 30   1.110  -4.110  -0.033   4.258
 91 295 07 20 30   1.091  -4.107  -0.014   4.250
 91 295 07 21 30   1.132  -4.044  -0.194   4.204
 91 295 07 22 30   1.153  -3.848   0.073   4.020
 91 295 07 23 30   1.104  -3.582   0.171   3.752
 91 295 07 24 30   0.975  -3.414   0.106   3.553
 91 295 07 25 30   0.933  -3.434   0.098   3.560
 91 295 07 26 30   0.919  -3.423   0.004   3.545
 91 295 07 27 30   0.922  -3.412  -0.005   3.535
 91 295 07 28 30   0.929  -3.458   0.038   3.581
 91 295 07 29 30   0.923  -3.478   0.119   3.600
 91 295 07 30 30   0.942  -3.497   0.129   3.624
 91 295 07 31 30   1.036  -3.489   0.063   3.641
 91 295 07 32 30   1.010  -3.416   0.081   3.565
 91 295 07 33 30   0.990  -3.381   0.262   3.534
 91 295 07 34 30   0.978  -3.374   0.355   3.531
 91 295 07 35 30   1.030  -3.384   0.039   3.539
 91 295 07 36 30   0.997  -3.505  -0.005   3.645
 91 295 07 37 30   0.934  -3.510   0.144   3.635
 91 295 07 38 30   0.972  -3.615   0.339   3.760
 91 295 07 39 30   0.906  -3.702   0.203   3.818
 91 295 07 40 30   0.848  -3.804   0.052   3.899
 91 295 07 41 30   1.142  -4.013   0.322   4.186
 91 295 07 42 30   1.073  -4.054   0.159   4.197
 91 295 07 43 30   1.094  -4.017   0.106   4.166
 91 295 07 44 30   0.980  -4.045   0.076   4.166
 91 295 07 45 30   0.835  -4.084  -0.031   4.169
 91 295 07 46 30   0.899  -3.955  -0.028   4.057
 91 295 07 47 30   0.947  -3.952   0.012   4.064
 91 295 07 48 30   0.944  -3.978   0.034   4.089
 91 295 07 49 30   0.870  -4.029  -0.040   4.122
 91 295 07 50 30   0.786  -4.038  -0.121   4.116
 91 295 07 51 30   0.817  -3.992  -0.068   4.076
 91 295 07 52 30   0.765  -4.003  -0.015   4.075
 91 295 07 53 30   0.761  -3.949  -0.030   4.023
 91 295 07 54 30   0.667  -3.822  -0.130   3.883
 91 295 07 55 30   0.675  -3.664  -0.075   3.730
 91 295 07 56 30   0.906  -3.420   0.140   3.542
 91 295 07 57 30   1.023  -3.363   0.178   3.524
 91 295 07 58 30   0.835  -3.395   0.060   3.510
 91 295 07 59 30   1.379  -3.192   0.225   3.490
 91 295 08 00 30   1.388  -3.151   0.259   3.484
 91 295 08 01 30   1.193  -3.253   0.329   3.489
 91 295 08 02 30   1.106  -3.268   0.430   3.485
 91 295 08 03 30   0.778  -3.465   0.181   3.559
 91 295 08 04 30   0.729  -3.488   0.100   3.566
 91 295 08 05 30   0.690  -3.458   0.022   3.534
 91 295 08 06 30   0.719  -3.461  -0.547   3.579
 91 295 08 07 30   0.634  -3.464   0.039   3.525
 91 295 08 08 30   0.600  -3.416   0.022   3.470
 91 295 08 09 30   0.682  -3.539  -0.165   3.610
 91 295 08 10 30   0.967  -4.026  -0.518   4.176
 91 295 08 11 30   1.064  -4.036  -0.558   4.212
 91 295 08 12 30   0.992  -4.060  -0.412   4.200
 91 295 08 13 30   1.002  -4.051  -0.374   4.190
 91 295 08 14 30   1.044  -4.017  -0.483   4.178
 91 295 08 15 30   1.075  -3.984  -0.469   4.153
 91 295 08 16 30   1.124  -3.956  -0.447   4.138
 91 295 08 17 30   1.120  -3.978  -0.379   4.151
 91 295 08 18 30   1.211  -3.955  -0.556   4.179
 91 295 08 19 30   0.810  -3.990  -0.868   4.222
 91 295 08 20 30  -0.166  -3.855   1.582   4.230
 91 295 08 21 30  -0.227  -3.974   1.185   4.155
 91 295 08 22 30   0.365  -4.079   0.703   4.160
 91 295 08 23 30   0.420  -4.090   0.586   4.156
 91 295 08 24 30   0.395  -4.007   0.587   4.071
 91 295 08 25 30   0.836  -3.983   0.111   4.081
 91 295 08 26 30   0.800  -4.025   0.143   4.106
 91 295 08 27 30   0.775  -3.954   0.166   4.034
 91 295 08 28 30   0.708  -3.909   0.314   3.986
 91 295 08 29 30   0.778  -3.881   0.409   3.981
 91 295 08 30 30   0.622  -3.900   0.445   3.987
 91 295 08 31 30   0.308  -3.900   0.816   3.998
 91 295 08 32 30   0.266  -3.891   0.882   3.999
 91 295 08 33 30   0.391  -3.886   0.871   4.005
 91 295 08 34 30   0.336  -3.901   0.899   4.019
 91 295 08 35 30   0.079  -3.869   1.174   4.047
 91 295 08 36 30   0.120  -3.902   1.019   4.041
 91 295 08 37 30   0.288  -3.939   0.806   4.042
 91 295 08 38 30   0.196  -3.875   1.006   4.010
 91 295 08 39 30   0.099  -3.683   1.527   3.993
 91 295 08 40 30   0.096  -3.698   1.478   3.987
 91 295 08 41 30   0.106  -3.702   1.458   3.985
 91 295 08 42 30  -0.215  -3.607   1.677   3.988
 91 295 08 43 30  -0.390  -3.554   1.766   3.990
 91 295 08 44 30  -0.391  -3.564   1.810   4.020
 91 295 08 45 30  -0.360  -3.597   1.731   4.017
 91 295 08 46 30  -0.398  -3.441   1.936   3.975
 91 295 08 47 30  -0.272  -3.604   1.652   3.983
 91 295 08 48 30   0.209  -3.810   1.259   4.019
 91 295 08 49 30   0.124  -3.797   1.297   4.018
 91 295 08 50 30   0.134  -3.850   1.186   4.033
 91 295 08 51 30   0.066  -3.830   1.356   4.065
 91 295 08 52 30   0.041  -3.841   1.277   4.049
 91 295 08 53 30   0.180  -3.873   1.121   4.037
 91 295 08 54 30   0.222  -3.883   1.106   4.044
 91 295 08 55 30   0.219  -3.866   1.148   4.039
 91 295 08 56 30   0.208  -3.889   1.092   4.045
 91 295 08 57 30   0.210  -3.886   1.089   4.041
 91 295 08 58 30   0.297  -3.888   1.052   4.042
 91 295 08 59 30   0.489  -3.954   0.725   4.053
 91 295 09 00 30   0.636  -3.978   0.507   4.060
 91 295 09 01 30   0.668  -3.977   0.539   4.069
 91 295 09 02 30   0.654  -3.987   0.532   4.075
 91 295 09 03 30   0.664  -3.967   0.589   4.066
 91 295 09 04 30   0.735  -3.948   0.568   4.056
 91 295 09 05 30   0.692  -3.970   0.540   4.066
 91 295 09 06 30   0.679  -3.951   0.576   4.051
 91 295 09 07 30  -0.120  -3.729   1.531   4.061
 91 295 09 08 30  -0.408  -3.582   1.935   4.091
 91 295 09 09 30  -0.484  -3.566   1.969   4.104
 91 295 09 10 30  -0.483  -3.638   1.906   4.136
 91 295 09 11 30  -0.346  -3.755   1.781   4.170
 91 295 09 12 30  -0.382  -3.747   1.802   4.175
 91 295 09 13 30  -0.398  -3.711   1.866   4.173
 91 295 09 14 30  -0.415  -3.677   1.918   4.168
 91 295 09 15 30  -0.465  -3.694   1.872   4.168
 91 295 09 16 30  -0.311  -3.744   1.834   4.182
 91 295 09 17 30  -0.362  -3.725   1.842   4.172
 91 295 09 18 30  -0.370  -3.717   1.825   4.157
 91 295 09 19 30  -0.436  -3.684   1.837   4.141
 91 295 09 20 30  -0.206  -3.810   1.686   4.171
 91 295 09 21 30  -0.234  -3.830   1.740   4.213
 91 295 09 22 30  -0.310  -3.807   1.777   4.213
 91 295 09 23 30  -0.327  -3.810   1.762   4.211
 91 295 09 24 30  -0.432  -3.796   1.811   4.228
 91 295 09 25 30  -0.471  -3.800   1.825   4.243
 91 295 09 26 30  -0.446  -3.791   1.870   4.253
 91 295 09 27 30  -0.144  -3.906   1.606   4.227
 91 295 09 28 30  -0.213  -3.860   1.730   4.239
 91 295 09 29 30  -0.205  -3.866   1.729   4.241
 91 295 09 30 30  -0.333  -3.795   1.833   4.231
 91 295 09 31 30  -0.488  -3.695   2.018   4.244
 91 295 09 32 30  -0.834  -3.485   2.239   4.250
 91 295 09 33 30  -1.233  -3.265   2.417   4.254
 91 295 09 34 30  -0.904  -3.505   2.214   4.256
 91 295 09 35 30  -0.747  -3.638   2.026   4.238
 91 295 09 36 30  -0.503  -3.742   1.922   4.241
 91 295 09 37 30  -0.483  -3.762   1.989   4.284
 91 295 09 38 30  -0.533  -3.727   2.080   4.302
 91 295 09 39 30  -0.496  -3.702   2.150   4.310
 91 295 09 40 30  -0.524  -3.691   2.157   4.308
 91 295 09 41 30  -0.714  -3.644   2.276   4.356
 91 295 09 42 30  -0.815  -3.646   2.396   4.441
 91 295 09 43 30  -1.073  -3.421   2.617   4.443
 91 295 09 44 30  -0.891  -3.587   2.450   4.440
 91 295 09 45 30  -0.865  -3.630   2.398   4.437
 91 295 09 46 30  -0.869  -3.611   2.419   4.433
 91 295 09 47 30  -0.688  -3.739   2.281   4.434
 91 295 09 48 30  -0.668  -3.766   2.252   4.438
 91 295 09 49 30  -0.658  -3.769   2.251   4.439
 91 295 09 50 30  -0.659  -3.779   2.251   4.447
 91 295 09 51 30  -0.669  -3.782   2.247   4.449
 91 295 09 52 30  -0.653  -3.795   2.260   4.465
 91 295 09 53 30  -0.490  -3.862   2.166   4.459
 91 295 09 54 30  -0.437  -3.944   2.066   4.479
 91 295 09 55 30  -0.574  -3.879   2.172   4.483
 91 295 09 56 30  -0.545  -3.873   2.155   4.466
 91 295 09 57 30  -0.612  -3.813   2.269   4.480
 91 295 09 58 30  -0.550  -3.926   2.089   4.485
 91 295 09 59 30  -0.557  -3.855   2.237   4.492
 91 295 10 00 30  -0.547  -3.864   2.228   4.494
 91 295 10 01 30  -0.532  -3.845   2.251   4.488
 91 295 10 02 30  -0.497  -3.892   2.182   4.489
 91 295 10 03 30  -0.518  -3.863   2.214   4.483
 91 295 10 04 30  -0.509  -3.876   2.165   4.469
 91 295 10 05 30  -0.405  -3.872   2.043   4.398
 91 295 10 06 30  -0.189  -3.966   1.780   4.353
 91 295 10 07 30  -0.091  -3.961   1.596   4.273
 91 295 10 08 30   0.023  -4.080   1.298   4.284
 91 295 10 09 30   0.001  -4.040   1.294   4.243
 91 295 10 10 30   0.067  -4.018   1.270   4.215
 91 295 10 11 30   0.086  -4.040   1.210   4.218
 91 295 10 12 30   0.140  -4.085   1.134   4.242
 91 295 10 13 30   0.192  -4.047   1.176   4.219
 91 295 10 14 30   0.473  -4.183   0.665   4.272
 91 295 10 15 30   0.481  -4.251   0.491   4.307
 91 295 10 16 30   1.060  -4.260  -0.411   4.424
 91 295 10 17 30   1.148  -4.239  -0.646   4.443
 91 295 10 18 30   1.188  -4.234  -0.711   4.454
 91 295 10 19 30   1.230  -4.234  -0.659   4.458
 91 295 10 20 30   1.183  -4.222  -0.710   4.442
 91 295 10 21 30   1.168  -4.213  -0.673   4.424
 91 295 10 22 30   1.154  -4.212  -0.633   4.414
 91 295 10 23 30   1.120  -4.227  -0.597   4.414
 91 295 10 24 30   1.077  -4.246  -0.584   4.419
 91 295 10 25 30   1.139  -4.208  -0.441   4.383
 91 295 10 26 30   1.073  -4.210  -0.512   4.375
 91 295 10 27 30   1.068  -4.217  -0.418   4.371
 91 295 10 28 30   1.108  -4.217  -0.414   4.380
 91 295 10 29 30   1.070  -4.234  -0.577   4.406
 91 295 10 30 30   1.082  -4.207  -0.740   4.407
 91 295 10 31 30   1.078  -4.212  -0.777   4.417
 91 295 10 32 30   1.045  -4.216  -0.775   4.412
 91 295 10 33 30   1.020  -4.233  -0.650   4.402
 91 295 10 34 30   1.021  -4.219  -0.625   4.386
 91 295 10 35 30   0.946  -4.217  -0.580   4.362
 91 295 10 36 30   0.883  -4.265  -0.344   4.370
 91 295 10 37 30   0.825  -4.273  -0.311   4.364
 91 295 10 38 30   0.737  -4.279  -0.268   4.353
 91 295 10 39 30   0.957  -4.247  -0.038   4.356
 91 295 10 40 30   0.797  -4.278   0.143   4.355
 91 295 10 41 30   0.652  -4.293   0.358   4.359
 91 295 10 42 30   0.691  -4.265   0.326   4.342
 91 295 10 43 30   0.969  -4.212  -0.414   4.344
 91 295 10 44 30   1.366  -4.032  -0.711   4.334
 91 295 10 45 30   0.788  -4.238  -0.362   4.335
 91 295 10 46 30   1.160  -4.115  -0.695   4.337
 91 295 10 47 30   1.182  -4.025  -0.999   4.318
 91 295 10 48 30   1.276  -4.030  -0.790   4.307
 91 295 10 49 30   1.056  -4.109  -0.757   4.312
 91 295 10 50 30   1.030  -4.114  -0.709   4.303
 91 295 10 51 30   0.996  -4.172  -0.481   4.317
 91 295 10 52 30   1.004  -4.172  -0.522   4.324
 91 295 10 53 30   0.972  -4.152  -0.636   4.321
 91 295 10 54 30   0.953  -4.136  -0.827   4.325
 91 295 10 55 30   0.957  -4.131  -0.881   4.331
 91 295 10 56 30   0.969  -4.128  -0.831   4.322
 91 295 10 57 30   0.973  -4.154  -0.695   4.324
 91 295 10 58 30   0.921  -4.193  -0.642   4.342
 91 295 10 59 30   0.897  -4.202  -0.607   4.341
 91 295 11 00 30   0.867  -4.207  -0.571   4.334
 91 295 11 01 30   0.873  -4.190  -0.540   4.316
 91 295 11 02 30   0.872  -4.177  -0.493   4.298
 91 295 11 03 30   0.745  -4.163  -0.518   4.265
 91 295 11 04 30   0.576  -4.209  -0.169   4.256
 91 295 11 05 30   0.731  -4.173  -0.168   4.245
 91 295 11 06 30   0.620  -4.186  -0.172   4.241
 91 295 11 07 30   0.711  -4.159  -0.309   4.234
 91 295 11 08 30   0.758  -4.127  -0.497   4.226
 91 295 11 09 30   0.877  -4.109  -0.442   4.227
 91 295 11 10 30   0.849  -4.124  -0.377   4.229
 91 295 11 11 30   0.879  -4.114  -0.361   4.224
 91 295 11 12 30   1.165  -3.940  -0.949   4.230
 91 295 11 13 30   1.040  -3.985  -0.940   4.226
 91 295 11 14 30   0.843  -4.076  -0.712   4.227
 91 295 11 15 30   0.880  -4.079  -0.632   4.225
 91 295 11 16 30   0.810  -4.117  -0.486   4.234
 91 295 11 17 30   0.763  -4.150  -0.380   4.239
 91 295 11 18 30   0.958  -4.090  -0.507   4.236
 91 295 11 19 30   0.958  -4.107  -0.398   4.238
 91 295 11 20 30   0.766  -4.160  -0.034   4.239
 91 295 11 21 30   0.812  -4.145  -0.064   4.226
 91 295 11 22 30   0.830  -4.134  -0.057   4.217
 91 295 11 23 30   0.838  -4.130  -0.047   4.215
 91 295 11 24 30   0.831  -4.125  -0.151   4.211
 91 295 11 25 30   0.918  -4.110  -0.056   4.214
 91 295 11 26 30   0.810  -4.122  -0.196   4.205
 91 295 11 27 30   0.849  -4.126  -0.193   4.217
 91 295 11 28 30   0.827  -4.122  -0.218   4.210
 91 295 11 29 30   0.856  -4.139  -0.224   4.232
 91 295 11 30 30   0.836  -4.141  -0.251   4.232
 91 295 11 31 30   0.824  -4.147  -0.250   4.238
 91 295 11 32 30   0.868  -4.136  -0.400   4.246
 91 295 11 33 30   0.818  -4.139  -0.386   4.242
 91 295 11 34 30   0.889  -4.144  -0.204   4.245
 91 295 11 37 30   0.872  -4.101  -0.431   4.216
 91 295 11 38 30   0.912  -4.067  -0.533   4.204
 91 295 11 39 30   0.908  -4.079  -0.407   4.199
 91 295 11 40 30   0.891  -4.074  -0.402   4.190
 91 295 11 41 30   0.808  -4.055  -0.113   4.167
 91 295 11 42 30   0.602  -4.019   0.744   4.132
 91 295 11 43 30   0.608  -4.027   0.705   4.133
 91 295 11 44 30   0.622  -4.023   0.672   4.126
 91 295 11 45 30   0.640  -4.028   0.614   4.125
 91 295 11 46 30   0.662  -4.024   0.637   4.128
 91 295 11 48 30   0.670  -4.007   0.599   4.107
 91 295 11 49 30   0.943  -3.977   0.359   4.112
 91 295 11 50 30   1.016  -3.959   0.446   4.115
 91 295 11 51 30   0.667  -4.014   0.536   4.107
 91 295 11 52 30   0.612  -4.028   0.532   4.109
 91 295 11 53 30   0.656  -4.025   0.481   4.111
 91 295 11 54 30   0.715  -4.030   0.419   4.116
 91 295 11 55 30   0.756  -4.042   0.280   4.122
 91 295 11 56 30   0.784  -4.048   0.221   4.130
 91 295 11 57 30   0.830  -4.046   0.044   4.131
 91 295 11 58 30   0.825  -4.055   0.008   4.139
 91 295 11 59 30   0.865  -4.042   0.052   4.135
 91 295 12 00 30   0.859  -4.038   0.044   4.129
 91 295 12 01 30   0.897  -4.025   0.009   4.124
 91 295 12 02 30   0.894  -4.026  -0.004   4.124
 91 295 12 03 30   0.931  -4.006  -0.039   4.113
 91 295 12 04 30   0.940  -3.999  -0.073   4.109
 91 295 12 05 30   0.996  -3.984  -0.024   4.107
 91 295 12 06 30   1.027  -3.986  -0.034   4.116
 91 295 12 07 30   1.089  -3.972  -0.058   4.119
 91 295 12 08 30   1.009  -3.992  -0.110   4.119
 91 295 12 09 30   0.966  -4.000  -0.131   4.117
 91 295 12 10 30   0.983  -3.990  -0.151   4.112
 91 295 12 11 30   0.945  -3.992  -0.181   4.107
 91 295 12 12 30   0.933  -3.995  -0.188   4.107
 91 295 12 13 30   0.978  -3.979  -0.192   4.102
 91 295 12 14 30   0.997  -3.957  -0.233   4.088
 91 295 12 15 30   0.969  -3.959  -0.212   4.082
 91 295 12 16 30   0.923  -3.990  -0.033   4.096
 91 295 12 17 30   0.918  -3.985  -0.039   4.089
 91 295 12 18 30   0.910  -3.977  -0.173   4.084
 91 295 12 19 30   0.975  -3.964  -0.158   4.086
 91 295 12 20 30   0.992  -3.957  -0.128   4.082
 91 295 12 21 30   1.049  -3.926  -0.360   4.080
 91 295 12 22 30   1.117  -3.896  -0.434   4.077
 91 295 12 23 30   1.113  -3.891  -0.431   4.071
 91 295 12 24 30   1.051  -3.913  -0.437   4.076
 91 295 12 25 30   1.163  -3.851  -0.587   4.068
 91 295 12 26 30   1.232  -3.815  -0.663   4.070
 91 295 12 27 30   1.228  -3.781  -0.838   4.064
 91 295 12 28 30   1.193  -3.779  -0.898   4.065
 91 295 12 29 30   1.062  -3.850  -0.694   4.062
 91 295 12 30 30   0.934  -3.949  -0.143   4.065
 91 295 12 31 30   1.020  -3.899  -0.515   4.067
 91 295 12 32 30   1.227  -3.773  -0.875   4.063
 91 295 12 33 30   1.182  -3.783  -0.867   4.058
 91 295 12 34 30   1.140  -3.761  -0.836   4.019
 91 295 12 35 30   0.900  -3.722  -0.780   3.944
 91 295 12 36 30   1.149  -3.661  -0.752   3.918
 91 295 12 37 30   0.009  -3.863   0.328   3.919
 91 295 12 38 30  -0.042  -3.862   0.440   3.905
 91 295 12 39 30   0.667  -3.690  -0.738   3.893
 91 295 12 40 30   1.065  -3.262  -1.723   3.871
 91 295 12 41 30   1.321  -2.733  -2.342   3.845
 91 295 12 42 30   1.365  -2.769  -2.302   3.856
 91 295 12 43 30   1.594  -2.664  -2.294   3.861
 91 295 12 44 30   1.605  -2.657  -2.300   3.864
 91 295 12 45 30   1.473  -2.759  -2.270   3.865
 91 295 12 46 30   1.482  -2.817  -2.240   3.892
 91 295 12 47 30   1.420  -2.882  -2.204   3.898
 91 295 12 48 30   1.277  -2.745  -2.323   3.855
 91 295 12 49 30   1.276  -2.961  -1.834   3.728
 91 295 12 53 30  -0.315  -2.576   2.874   3.876
 91 295 12 54 30  -0.335  -2.870   2.546   3.864
 91 295 12 55 30  -0.350  -2.859   2.554   3.856
 91 295 12 56 30  -0.441  -2.718   2.692   3.855
 91 295 12 57 30  -0.156  -3.155   2.181   3.863
 91 295 12 58 30  -0.411  -3.107   2.287   3.881
 91 295 12 59 30  -0.475  -3.100   2.292   3.885
 91 295 13 00 30  -0.492  -3.163   2.206   3.890
 91 295 13 01 30  -0.442  -3.299   2.021   3.894
 91 295 13 02 30  -0.359  -3.314   2.003   3.889
 91 295 13 03 30  -0.272  -3.275   2.057   3.881
 91 295 13 04 30  -0.220  -3.251   2.081   3.880
 91 295 13 05 30  -0.364  -2.778   2.633   3.878
 91 295 13 06 30  -0.436  -2.968   2.463   3.889
 91 295 13 07 30  -0.573  -3.322   1.948   3.899
 91 295 13 08 30  -0.537  -3.197   2.103   3.887
 91 295 13 09 30  -0.740  -3.185   2.030   3.851
 91 295 13 10 30  -0.321  -2.965   2.376   3.820
 91 295 13 11 30  -0.278  -2.879   2.525   3.848
 91 295 13 12 30  -0.356  -2.937   2.500   3.878
 91 295 13 13 30  -0.583  -2.829   2.576   3.881
 91 295 13 14 30  -0.352  -2.620   2.829   3.878
 91 295 13 15 30  -0.229  -2.635   2.835   3.886
 91 295 13 16 30  -0.522  -2.908   2.499   3.886
 91 295 13 17 30  -0.506  -3.014   2.369   3.889
 91 295 13 18 30  -0.559  -2.576   2.776   3.830
 91 295 13 19 30  -0.619  -2.528   2.754   3.794
 91 295 13 20 30  -0.750  -2.460   2.710   3.738
 91 295 13 21 30  -0.860  -2.247   2.852   3.736
 91 295 13 22 30  -0.838  -2.073   2.980   3.726
 91 295 13 23 30  -0.955  -1.793   3.129   3.733
 91 295 13 24 30  -0.969  -1.842   3.126   3.759
 91 295 13 25 30  -0.968  -1.889   3.151   3.803
 91 295 13 26 30  -0.657  -2.511   2.844   3.855
 91 295 13 27 30  -0.526  -2.682   2.792   3.910
 91 295 13 28 30  -0.459  -2.690   2.805   3.915
 91 295 13 29 30  -0.484  -2.683   2.812   3.918
 91 295 13 30 30  -0.427  -2.696   2.804   3.915
 91 295 13 31 30  -0.493  -2.719   2.767   3.917
 91 295 13 32 30  -0.571  -2.620   2.848   3.912
 91 295 13 33 30  -0.523  -2.705   2.763   3.906
 91 295 13 34 30  -0.498  -2.806   2.700   3.929
 91 295 13 35 30  -0.514  -2.873   2.601   3.914
 91 295 13 36 30  -0.212  -2.347   2.975   3.810
 91 295 13 37 30  -0.198  -2.736   2.744   3.881
 91 295 13 38 30  -0.213  -2.749   2.778   3.928
 91 295 13 39 30  -0.105  -2.517   3.025   3.939
 91 295 13 40 30  -0.173  -2.292   3.227   3.963
 91 295 13 41 30  -0.081  -2.387   3.163   3.964
 91 295 13 42 30  -0.124  -2.546   3.072   3.995
 91 295 13 43 30   0.100  -2.854   2.817   4.016
 91 295 13 44 30   0.156  -2.896   2.755   4.002
 91 295 13 45 30   0.150  -2.922   2.720   3.996
 91 295 13 46 30   0.023  -2.853   2.790   3.992
 91 295 13 47 30  -0.035  -2.898   2.791   4.025
 91 295 13 48 30  -0.011  -2.908   2.779   4.023
 91 295 13 49 30  -0.024  -2.912   2.760   4.013
 91 295 13 50 30   0.042  -2.931   2.693   3.981
 91 295 13 51 30   0.004  -2.927   2.696   3.980
 91 295 13 52 30  -0.068  -2.895   2.710   3.967
 91 295 13 53 30  -0.066  -2.895   2.709   3.966
 91 295 13 54 30  -0.025  -2.817   2.797   3.970
 91 295 13 55 30  -0.350  -3.078   2.459   3.961
 91 295 13 56 30  -0.400  -3.083   2.451   3.960
 91 295 13 57 30  -0.368  -3.084   2.467   3.970
 91 295 13 58 30  -0.274  -3.066   2.511   3.975
 91 295 13 59 30  -0.348  -3.019   2.552   3.969
 91 295 14 00 30  -0.290  -3.042   2.539   3.974
 91 295 14 01 30  -0.303  -3.045   2.541   3.980
 91 295 14 02 30  -0.365  -3.114   2.452   3.983
 91 295 14 03 30  -0.256  -3.036   2.546   3.981
 91 295 14 04 30  -0.044  -2.961   2.657   3.979
 91 295 14 05 30  -0.040  -2.947   2.667   3.976
 91 295 14 06 30  -0.045  -2.885   2.718   3.966
 91 295 14 07 30   0.008  -2.883   2.721   3.966
 91 295 14 08 30  -0.076  -2.988   2.608   3.970
 91 295 14 09 30  -0.090  -2.941   2.662   3.969
 91 295 14 10 30  -0.145  -2.968   2.640   3.975
 91 295 14 11 30  -0.232  -3.037   2.642   4.032
 91 295 14 12 30  -0.221  -3.054   2.659   4.058
 91 295 14 13 30  -0.141  -3.068   2.645   4.054
 91 295 14 14 30  -0.207  -3.099   2.627   4.068
 91 295 14 15 30  -0.196  -3.103   2.646   4.083
 91 295 14 16 30  -0.202  -3.106   2.646   4.085
 91 295 14 17 30  -0.168  -3.081   2.686   4.090
 91 295 14 18 30  -0.223  -3.128   2.622   4.088
 91 295 14 19 30  -0.216  -3.102   2.672   4.100
 91 295 14 20 30  -0.123  -3.132   2.628   4.091
 91 295 14 21 30  -0.136  -3.142   2.613   4.089
 91 295 14 22 30  -0.187  -3.155   2.609   4.099
 91 295 14 23 30  -0.183  -3.157   2.597   4.092
 91 295 14 24 30  -0.199  -3.161   2.602   4.099
 91 295 14 25 30  -0.180  -3.172   2.595   4.103
 91 295 14 26 30  -0.110  -3.215   2.543   4.101
 91 295 14 27 30  -0.133  -3.195   2.555   4.093
 91 295 14 28 30  -0.176  -3.200   2.555   4.099
 91 295 14 29 30  -0.205  -3.203   2.549   4.099
 91 295 14 30 30  -0.201  -3.217   2.541   4.105
 91 295 14 31 30  -0.140  -3.247   2.510   4.107
 91 295 14 32 30  -0.120  -3.257   2.459   4.083
 91 295 14 33 30  -0.143  -3.267   2.442   4.082
 91 295 14 34 30  -0.087  -3.299   2.396   4.078
 91 295 14 35 30  -0.049  -3.295   2.401   4.078
 91 295 14 36 30   0.012  -3.322   2.389   4.092
 91 295 14 37 30   0.001  -3.317   2.374   4.079
 91 295 14 38 30   0.009  -3.293   2.431   4.093
 91 295 14 39 30  -0.008  -3.264   2.457   4.086
 91 295 14 40 30  -0.052  -3.246   2.463   4.075
 91 295 14 41 30  -0.002  -3.304   2.385   4.076
 91 295 14 42 30   0.010  -3.328   2.362   4.082
 91 295 14 43 30   0.177  -3.309   2.370   4.079
 91 295 14 44 30   0.301  -3.343   2.325   4.083
 91 295 14 45 30   0.277  -3.432   2.190   4.081
 91 295 14 46 30   0.223  -3.454   2.173   4.087
 91 295 14 47 30   0.196  -3.505   2.100   4.092
 91 295 14 48 30   0.104  -3.487   2.154   4.100
 91 295 14 49 30   0.138  -3.504   2.141   4.110
 91 295 14 50 30   0.183  -3.499   2.137   4.106
 91 295 14 51 30   0.265  -3.506   2.082   4.087
 91 295 14 52 30   0.458  -3.512   2.037   4.086
 91 295 14 53 30   0.523  -3.488   2.027   4.068
 91 295 14 54 30   0.557  -3.466   2.059   4.070
 91 295 14 55 30   0.556  -3.467   2.049   4.066
 91 295 14 56 30   0.457  -3.461   2.070   4.060
 91 295 14 57 30   0.475  -3.441   2.080   4.049
 91 295 14 58 30   0.576  -3.428   2.083   4.053
 91 295 14 59 30   0.545  -3.400   2.129   4.051
 91 295 15 00 30   0.503  -3.351   2.214   4.049
 91 295 15 01 30   0.440  -3.362   2.177   4.040
 91 295 15 02 30   0.213  -3.110   2.540   4.031
 91 295 15 03 30   0.541  -3.336   2.182   4.024
 91 295 15 04 30   0.474  -3.374   2.116   4.012
 91 295 15 05 30   0.457  -3.419   2.050   4.012
 91 295 15 06 30   0.479  -3.425   2.044   4.018
 91 295 15 07 30   0.467  -3.395   2.080   4.010
 91 295 15 08 30   0.483  -3.385   2.112   4.020
 91 295 15 09 30   0.446  -3.382   2.141   4.029
 91 295 15 10 30   0.454  -3.377   2.164   4.037
 91 295 15 11 30   0.381  -3.301   2.287   4.037
 91 295 15 12 30   0.623  -3.462   1.921   4.016
 91 295 15 13 30   0.830  -3.473   1.812   4.008
 91 295 15 14 30   0.848  -3.405   1.896   3.994
 91 295 15 15 30   0.733  -3.529   1.725   4.000
 91 295 15 16 30   0.826  -3.496   1.717   3.988
 91 295 15 17 30   0.680  -3.511   1.770   3.998
 91 295 15 18 30   1.047  -3.443   1.749   4.002
 91 295 15 19 30   1.066  -3.417   1.799   4.007
 91 295 15 20 30   1.149  -3.477   1.606   4.007
 91 295 15 21 30   0.468  -3.424   1.974   4.008
 91 295 15 22 30   0.167  -3.311   2.255   4.031
 91 295 15 23 30  -0.184  -3.325   2.259   4.037
 91 295 15 24 30  -0.193  -3.414   2.123   4.031
 91 295 15 25 30  -0.024  -3.163   2.413   4.008
 91 295 15 26 30   0.850  -3.346   2.010   4.009
 91 295 15 27 30   0.816  -3.430   1.862   4.007
 91 295 15 28 30  -0.510  -2.896   2.414   3.845
 91 295 15 29 30  -0.686  -2.968   2.343   3.847
 91 295 15 30 30  -0.454  -3.070   2.257   3.847
 91 295 15 31 30  -0.108  -3.248   2.102   3.876
 91 295 15 32 30  -0.226  -3.301   2.000   3.871
 91 295 15 33 30  -0.430  -3.263   2.004   3.867
 91 295 15 34 30  -0.758  -3.154   2.217   3.958
 91 295 15 35 30  -0.823  -3.210   1.955   3.904
 91 295 15 36 30  -0.833  -3.219   1.961   3.871
 91 295 15 37 30  -0.247  -3.080   2.242   3.858
 91 295 15 38 30  -0.394  -2.695   2.602   3.803
 91 295 15 39 30  -0.366  -2.762   2.519   3.809
 91 295 15 40 30  -0.233  -3.267   2.040   3.875
 91 295 15 41 30   0.012  -3.319   2.044   3.904
 91 295 15 42 30   0.207  -3.287   2.001   3.870
 91 295 15 43 30   0.332  -3.506   1.632   3.888
 91 295 15 44 30  -0.254  -3.191   2.048   3.815
 91 295 15 45 30  -0.330  -2.811   2.541   3.821
 91 295 15 46 30  -0.089  -2.955   2.356   3.868
 91 295 15 47 30   0.421  -3.456   1.814   3.931
 91 295 15 48 30   0.527  -3.498   1.607   3.912
 91 295 15 49 30   0.584  -3.565   1.481   3.919
 91 295 15 50 30   1.039  -3.398   1.642   3.919
 91 295 15 51 30   0.832  -3.432   1.716   3.930
 91 295 15 52 30   0.786  -3.618   1.297   3.937
 91 295 15 53 30   0.907  -3.541   1.426   3.931
 91 295 15 54 30   1.200  -3.435   1.466   3.929
 91 295 15 55 30   1.208  -3.326   1.690   3.926
 91 295 15 56 30   1.222  -3.290   1.737   3.927
 91 295 15 57 30   1.097  -3.272   1.744   3.886
 91 295 15 58 30   0.806  -3.359   1.843   3.921
 91 295 15 59 30   0.692  -3.393   1.630   3.846
 91 295 16 00 30   0.588  -3.359   1.726   3.845
 91 295 16 01 30   1.172  -3.347   1.535   3.867
 91 295 16 02 30   0.987  -3.482   1.409   3.891
 91 295 16 03 30   1.028  -3.405   1.603   3.904
 91 295 16 04 30   1.028  -3.418   1.567   3.908
 91 295 16 05 30   1.156  -3.520   1.121   3.881
 91 295 16 06 30   0.906  -3.489   1.423   3.894
 91 295 16 07 30   0.678  -3.484   1.610   3.902
 91 295 16 08 30   0.693  -3.517   1.567   3.914
 91 295 16 09 30   0.678  -3.476   1.630   3.900
 91 295 16 10 30   0.671  -3.475   1.693   3.925
 91 295 16 11 30   0.836  -3.568   1.342   3.908
 91 295 16 12 30   0.711  -3.532   1.495   3.912
 91 295 16 13 30   0.675  -3.546   1.487   3.908
 91 295 16 14 30   0.614  -3.510   1.584   3.901
 91 295 16 15 30   0.630  -3.513   1.573   3.902
 91 295 16 16 30   0.848  -3.567   1.298   3.894
 91 295 16 17 30   0.827  -3.600   1.090   3.858
 91 295 16 18 30   0.971  -3.602   0.910   3.844
 91 295 16 19 30   1.030  -3.625   0.680   3.836
 91 295 16 20 30   1.030  -3.531   0.874   3.814
 91 295 16 21 30   0.851  -3.482   1.473   3.879
 91 295 16 22 30   0.848  -3.474   1.441   3.859
 91 295 16 23 30   0.681  -3.356   1.795   3.878
 91 295 16 24 30   0.306  -3.114   2.308   3.897
 91 295 16 25 30   0.108  -2.933   2.543   3.887
 91 295 16 26 30   0.333  -3.110   2.324   3.898
 91 295 16 27 30   0.457  -3.195   2.239   3.930
 91 295 16 28 30   0.731  -3.350   1.818   3.891
 91 295 16 29 30   1.061  -3.460   1.372   3.886
 91 295 16 30 30   0.969  -3.509   1.296   3.870
 91 295 16 31 30   0.967  -3.496   1.252   3.849
 91 295 16 32 30   0.772  -3.553   1.281   3.857
 91 295 16 33 30   1.021  -3.499   1.260   3.864
 91 295 16 34 30   0.765  -3.516   1.385   3.866
 91 295 16 35 30   0.949  -3.505   1.262   3.849
 91 295 16 36 30   1.189  -3.428   1.123   3.800
 91 295 16 37 30   1.112  -3.433   1.139   3.784
 91 295 16 38 30   1.206  -3.407   1.143   3.793
 91 295 16 39 30   1.086  -3.435   1.246   3.815
 91 295 16 40 30   0.932  -3.492   1.233   3.822
 91 295 16 41 30   0.863  -3.496   1.283   3.825
 91 295 16 42 30   0.783  -3.559   1.223   3.849
 91 295 16 43 30   0.712  -3.524   1.298   3.826
 91 295 16 44 30   0.751  -3.484   1.358   3.816
 91 295 16 45 30   0.798  -3.468   1.320   3.797
 91 295 16 46 30   0.912  -3.438   1.283   3.784
 91 295 16 47 30   0.978  -3.418   1.318   3.793
 91 295 16 48 30   0.896  -3.471   1.277   3.808
 91 295 16 49 30   0.982  -3.449   1.281   3.809
 91 295 16 50 30   1.137  -3.464   1.156   3.827
 91 295 16 51 30   1.318  -3.414   1.204   3.856
 91 295 16 52 30   1.174  -3.435   1.191   3.825
 91 295 16 53 30   1.278  -3.403   1.201   3.836
 91 295 16 54 30   1.190  -3.501   1.006   3.847
 91 295 16 55 30   1.155  -3.427   1.266   3.840
 91 295 16 56 30   1.202  -3.344   1.394   3.822
 91 295 16 57 30   1.198  -3.379   1.349   3.839
 91 295 16 58 30   1.171  -3.501   1.147   3.868
 91 295 16 59 30   1.244  -3.379   1.288   3.827
 91 295 17 00 30   1.219  -3.404   1.226   3.821
 91 295 17 01 30   1.169  -3.354   1.359   3.812
 91 295 17 02 30   1.256  -3.286   1.450   3.811
 91 295 17 03 30   1.103  -3.380   1.356   3.807
 91 295 17 04 30   1.192  -3.368   1.280   3.800
 91 295 17 05 30   0.751  -3.223   1.791   3.794
 91 295 17 06 30   0.551  -3.244   1.946   3.829
 91 295 17 07 30   0.617  -3.288   1.825   3.823
 91 295 17 08 30   0.448  -3.316   1.828   3.814
 91 295 17 09 30   0.418  -3.358   1.756   3.826
 91 295 17 10 30   0.926  -3.436   1.400   3.825
 91 295 17 11 30   0.993  -3.486   1.184   3.815
 91 295 17 12 30   1.045  -3.567   0.894   3.824
 91 295 17 13 30   1.052  -3.537   1.049   3.842
 91 295 17 14 30   1.048  -3.513   1.235   3.873
 91 295 17 15 30   1.094  -3.519   1.067   3.839
 91 295 17 16 30   0.996  -3.513   0.982   3.783
 91 295 17 17 30   0.912  -3.552   0.972   3.797
 91 295 17 36 30   0.608  -3.577   1.467   3.915
 91 295 17 37 30   0.592  -3.557   1.550   3.926
 91 295 17 38 30   0.572  -3.456   1.604   3.854
 91 295 17 39 30   0.658  -3.514   1.382   3.839
 91 295 17 40 30   0.211  -3.321   1.844   3.846
 91 295 17 41 30   0.097  -3.294   2.074   3.896
 91 295 17 42 30   0.226  -3.311   2.034   3.894
 91 295 17 43 30   0.110  -3.308   1.953   3.844
 91 295 17 44 30   0.252  -3.290   1.896   3.808
 91 295 17 45 30   0.295  -3.324   1.772   3.779
 91 295 17 46 30   0.208  -3.354   1.737   3.785
 91 295 17 47 30   0.412  -3.386   1.645   3.787
 91 295 17 48 30   0.414  -3.402   1.648   3.804
 91 295 17 49 30   0.459  -3.228   1.906   3.781
 91 295 17 50 30   0.446  -3.157   2.036   3.783
 91 295 17 51 30   0.514  -3.232   1.910   3.793
 91 295 17 52 30   0.598  -3.392   1.620   3.808
 91 295 17 53 30   0.560  -3.336   1.725   3.800
 91 295 17 54 30   0.699  -3.396   1.571   3.806
 91 295 17 55 30   0.674  -3.453   1.432   3.800
 91 295 17 56 30   0.675  -3.441   1.444   3.794
 91 295 17 57 30   0.772  -3.450   1.379   3.795
 91 295 17 58 30   0.754  -3.459   1.371   3.797
 91 295 17 59 30   0.758  -3.478   1.373   3.816
 91 295 18 00 30   0.844  -3.529   1.265   3.844
 91 295 18 01 30   0.919  -3.563   1.174   3.863
 91 295 18 02 30   1.081  -3.563   1.065   3.875
 91 295 18 03 30   1.294  -3.524   0.986   3.883
 91 295 18 04 30   1.247  -3.557   0.969   3.893
 91 295 18 05 30   1.190  -3.576   0.886   3.872
 91 295 18 06 30   1.219  -3.620   0.701   3.884
 91 295 18 07 30   1.168  -3.678   0.536   3.897
 91 295 18 08 30   1.186  -3.711   0.298   3.909
 91 295 18 09 30   1.029  -3.681   0.378   3.855
 91 295 18 10 30   0.827  -3.655   0.748   3.825
 91 295 18 11 30   0.854  -3.688   0.492   3.820
 91 295 18 12 30   0.721  -3.683   0.636   3.808
 91 295 18 13 30   0.593  -3.644   0.791   3.776
 91 295 18 14 30   0.722  -3.591   0.847   3.761
 91 295 18 15 30   0.797  -3.587   0.737   3.750
 91 295 18 16 30   0.925  -3.654   0.518   3.806
 91 295 18 17 30   0.804  -3.595   0.565   3.729
 91 295 18 18 30   0.913  -3.642   0.426   3.780
 91 295 18 19 30   0.932  -3.648   0.340   3.781
 91 295 18 20 30   1.262  -3.573  -0.182   3.807
 91 295 18 21 30   1.308  -3.642  -0.030   3.872
 91 295 18 22 30   1.370  -3.594  -0.221   3.859
 91 295 18 23 30   1.406  -3.571  -0.316   3.853
 91 295 18 24 30   1.181  -3.676  -0.229   3.870
 91 295 18 25 30   1.368  -3.609  -0.310   3.873
 91 295 18 26 30   1.349  -3.612  -0.243   3.864
 91 295 18 27 30   1.264  -3.637  -0.132   3.853
 91 295 18 28 30   1.317  -3.632  -0.189   3.869
 91 295 18 29 30   1.323  -3.621  -0.283   3.866
 91 295 18 30 30   1.353  -3.568  -0.313   3.829
 91 295 18 31 30   1.408  -3.578  -0.385   3.866
 91 295 18 32 30   1.324  -3.585  -0.131   3.830
 91 295 18 33 30   1.198  -3.632   0.249   3.835
 91 295 18 34 30   1.163  -3.613   0.237   3.803
 91 295 18 35 30   1.141  -3.659   0.072   3.834
 91 295 18 36 30   1.072  -3.656  -0.078   3.816
 91 295 18 37 30   1.101  -3.695   0.368   3.882
 91 295 18 38 30   1.160  -3.744  -0.153   3.927
 91 295 18 39 30   1.186  -3.723  -0.053   3.913
 91 295 18 40 30   1.215  -3.708  -0.040   3.904
 91 295 18 41 30   1.084  -3.701   0.150   3.861
 91 295 18 42 30   1.066  -3.658   0.282   3.822
 91 295 18 43 30   1.058  -3.682   0.146   3.835
 91 295 18 44 30   1.041  -3.695   0.040   3.840
 91 295 18 45 30   1.018  -3.694   0.154   3.839
 91 295 18 46 30   1.017  -3.701   0.272   3.851
 91 295 18 47 30   1.001  -3.711   0.384   3.868
 91 295 18 48 30   0.973  -3.756   0.138   3.887
 91 295 18 49 30   0.924  -3.737   0.233   3.870
 91 295 18 50 30   0.996  -3.729   0.266   3.880
 91 295 18 51 30   0.990  -3.742  -0.070   3.876
 91 295 18 52 30   1.093  -3.712  -0.128   3.877
 91 295 18 53 30   1.140  -3.670  -0.389   3.863
 91 295 18 54 30   1.059  -3.742  -0.316   3.902
 91 295 18 55 30   1.049  -3.734  -0.332   3.896
 91 295 18 56 30   1.099  -3.742  -0.360   3.917
 91 295 18 57 30   1.097  -3.754  -0.286   3.923
 91 295 18 58 30   1.006  -3.784  -0.163   3.920
 91 295 18 59 30   0.985  -3.782  -0.087   3.911
 91 295 19 00 30   1.012  -3.755  -0.091   3.892
 91 295 19 01 30   0.907  -3.781  -0.017   3.890
 91 295 19 02 30   1.004  -3.762  -0.027   3.900
 91 295 19 03 30   1.252  -3.642  -0.620   3.903
 91 295 19 04 30   1.166  -3.673  -0.433   3.879
 91 295 19 05 30   1.060  -3.709  -0.205   3.865
 91 295 19 06 30   0.980  -3.726  -0.201   3.859
 91 295 19 07 30   1.038  -3.713  -0.138   3.859
 91 295 19 08 30   0.891  -3.713   0.033   3.824
 91 295 19 09 30   0.608  -3.712   0.436   3.789
 91 295 19 10 30   0.735  -3.733   0.120   3.809
 91 295 19 11 30   0.728  -3.698  -0.126   3.771
 91 295 19 12 30   0.783  -3.762  -0.229   3.850
 91 295 19 13 30   0.854  -3.721  -0.228   3.825
 91 295 19 14 30   0.912  -3.686  -0.257   3.807
 91 295 19 15 30   0.920  -3.626  -0.241   3.751
 91 295 19 16 30   1.136  -3.490  -0.378   3.699
 91 295 19 17 30   0.899  -3.561  -0.431   3.711
 91 295 19 18 30   0.814  -3.612  -0.497   3.741
 91 295 19 19 30   0.831  -3.567  -0.475   3.695
 91 295 19 20 30   0.949  -3.514  -0.646   3.698
 91 295 19 21 30   1.250  -3.382  -0.766   3.700
 91 295 19 22 30   0.707  -3.072   1.031   3.571
 91 295 19 23 30   0.470  -3.190   1.441   3.540
 91 295 19 24 30   0.431  -3.264   1.341   3.567
 91 295 19 25 30   0.344  -3.241   1.480   3.583
 91 295 19 26 30   0.359  -3.238   1.440   3.567
 91 295 19 27 30   0.081  -3.194   1.522   3.552
 91 295 19 28 30  -0.171  -3.136   1.671   3.559
 91 295 19 29 30  -0.091  -3.216   1.479   3.549
 91 295 19 30 30  -0.040  -3.283   1.273   3.529
 91 295 19 31 30   0.257  -3.351   1.022   3.518
 91 295 19 32 30   0.335  -3.349   0.647   3.439
 91 295 19 33 30   0.514  -3.362   0.634   3.471
 91 295 19 34 30   0.673  -3.516  -0.302   3.603
 91 295 19 35 30   0.617  -3.549  -0.433   3.635
 91 295 19 36 30   0.465  -3.568  -0.541   3.640
 91 295 19 37 30   0.286  -3.583  -0.633   3.652
 91 295 19 38 30   0.330  -3.553  -0.747   3.647
 91 295 19 39 30   0.394  -3.546  -0.783   3.653
 91 295 19 40 30   0.625  -3.542  -0.740   3.673
 91 295 19 41 30   0.880  -3.532  -0.598   3.690
 91 295 19 42 30   0.996  -3.516  -0.528   3.694
 91 295 19 43 30   0.798  -3.561  -0.530   3.693
 91 295 19 44 30   0.705  -3.563  -0.628   3.696
 91 295 19 45 30   0.681  -3.470  -0.766   3.662
 91 295 19 46 30   1.172  -3.402  -0.146   3.611
 91 295 19 47 30   1.095  -3.419  -0.316   3.646
 91 295 19 48 30   0.559  -3.555  -0.624   3.660
 91 295 19 49 30   0.631  -3.584  -0.278   3.654
 91 295 19 50 30   0.647  -3.560  -0.366   3.641
 91 295 19 51 30   0.698  -3.508  -0.631   3.635
 91 295 19 52 30   0.570  -3.535  -0.591   3.631
 91 295 19 53 30   0.676  -3.494  -0.607   3.620
 91 295 19 54 30   0.563  -3.509  -0.589   3.610
 91 295 19 55 30   0.364  -3.578  -0.484   3.633
 91 295 19 56 30   0.453  -3.549  -0.475   3.626
 91 295 19 57 30   0.807  -3.525  -0.230   3.632
 91 295 19 58 30   1.011  -3.481  -0.257   3.649
 91 295 19 59 30   0.805  -3.493   0.123   3.617
 91 295 20 00 30   0.826  -3.516  -0.160   3.622
 91 295 20 01 30   0.349  -3.403   1.029   3.601
 91 295 20 02 30   0.349  -3.381   1.152   3.593
 91 295 20 03 30   0.396  -3.394   1.147   3.609
 91 295 20 04 30   0.356  -3.451   1.059   3.632
 91 295 20 05 30   0.336  -3.428   1.045   3.604
 91 295 20 06 30   0.352  -3.405   1.015   3.572
 91 295 20 07 30   0.528  -3.427   0.737   3.554
 91 295 20 08 30   0.852  -3.328   0.620   3.493
 91 295 20 09 30   0.932  -3.319   0.512   3.487
 91 295 20 10 30   0.599  -3.419   0.483   3.510
 91 295 20 11 30   0.623  -3.470   0.169   3.538
 91 295 20 12 30   0.580  -3.463   0.138   3.520
 91 295 20 13 30   0.466  -3.476   0.052   3.514
 91 295 20 14 30   0.342  -3.530   0.123   3.552
 91 295 20 15 30   0.590  -3.555  -0.154   3.609
 91 295 20 16 30   0.586  -3.582  -0.090   3.632
 91 295 20 17 30   0.579  -3.539  -0.375   3.613
 91 295 20 18 30   0.640  -3.435  -0.672   3.566
 91 295 20 19 30   0.554  -3.491  -0.537   3.581
 91 295 20 20 30   0.545  -3.517  -0.083   3.567
 91 295 20 21 30   0.547  -3.513  -0.016   3.567
 91 295 20 22 30   0.567  -3.569   0.081   3.617
 91 295 20 23 30   0.558  -3.574   0.106   3.624
 91 295 20 24 30   0.919  -3.480   0.015   3.604
 91 295 20 25 30   0.593  -3.559   0.041   3.611
 91 295 20 26 30   0.514  -3.599   0.013   3.636
 91 295 20 27 30   0.557  -3.582   0.108   3.631
 91 295 20 28 30   0.628  -3.545   0.276   3.612
 91 295 20 29 30   0.682  -3.552   0.302   3.631
 91 295 20 30 30   0.638  -3.556   0.361   3.635
 91 295 20 31 30   0.561  -3.522   0.434   3.595
 91 295 20 32 30   0.880  -3.421  -0.249   3.562
 91 295 20 33 30   0.610  -3.443   0.357   3.543
 91 295 20 34 30   0.609  -3.437   0.231   3.540
 91 295 20 35 30   0.386  -3.518   0.022   3.552
 91 295 20 36 30   0.557  -3.440  -0.459   3.536
 91 295 20 37 30   0.392  -3.478  -0.431   3.531
 91 295 20 38 30   0.297  -3.508  -0.328   3.545
 91 295 20 39 30   0.262  -3.564  -0.224   3.586
 91 295 20 40 30   0.319  -3.576  -0.340   3.608
 91 295 20 41 30   0.328  -3.572  -0.362   3.607
 91 295 20 42 30   0.166  -3.578  -0.440   3.611
 91 295 20 43 30   0.319  -3.517  -0.673   3.610
 91 295 20 44 30   0.451  -3.427  -0.949   3.588
 91 295 20 45 30   0.318  -3.441  -0.831   3.556
 91 295 20 46 30   0.308  -3.413  -1.065   3.598
 91 295 20 47 30   0.241  -3.411  -1.134   3.608
 91 295 20 48 30   0.164  -3.345  -1.281   3.590
 91 295 20 49 30   0.132  -3.342  -1.275   3.581
 91 295 20 50 30   0.183  -3.341  -1.187   3.554
 91 295 20 51 30   0.045  -3.461  -1.092   3.633
 91 295 20 52 30  -0.024  -3.571  -0.671   3.636
 91 295 20 53 30  -0.096  -3.512  -0.810   3.610
 91 295 20 54 30  -0.517  -3.207  -1.399   3.559
 91 295 20 55 30  -0.969  -2.945  -1.628   3.521
 91 295 20 56 30  -0.352  -3.359  -1.087   3.565
 91 295 20 57 30  -0.109  -3.430  -0.874   3.559
 91 295 20 58 30   0.273  -3.502  -0.407   3.546
 91 295 20 59 30   0.357  -3.462  -0.262   3.495
 91 295 21 00 30   0.484  -3.471  -0.421   3.540
 91 295 21 01 30   0.565  -3.366  -0.921   3.538
 91 295 21 02 30   0.446  -3.312  -1.034   3.506
 91 295 21 03 30   0.518  -3.302  -1.042   3.505
 91 295 21 04 30   0.771  -3.283  -0.428   3.445
 91 295 21 05 30   0.829  -3.282  -0.061   3.391
 91 295 21 06 30   0.791  -3.280   0.047   3.386
 91 295 21 07 30   0.706  -3.312  -0.259   3.411
 91 295 21 08 30   0.835  -3.262  -0.196   3.381
 91 295 21 09 30   0.797  -3.251  -0.436   3.409
 91 295 21 10 30   0.594  -3.303  -0.531   3.408
 91 295 21 11 30   0.517  -3.372  -0.239   3.426
 91 295 21 12 30   0.676  -3.322  -0.311   3.416
 91 295 21 13 30   0.937  -3.265  -0.278   3.413
 91 295 21 14 30   0.773  -3.319   0.013   3.412
 91 295 21 15 30   0.694  -3.338   0.141   3.419
 91 295 21 16 30   0.682  -3.341  -0.096   3.430
 91 295 21 17 30   0.756  -3.359  -0.240   3.466
 91 295 21 18 30   1.188  -3.146  -0.787   3.462
 91 295 21 19 30   1.123  -3.131  -0.866   3.441
 91 295 21 20 30   0.391  -3.338   0.191   3.387
 91 295 21 21 30   0.783  -3.227  -0.321   3.372
 91 295 21 22 30   0.580  -3.287   0.192   3.345
 91 295 21 23 30   0.849  -3.211  -0.577   3.394
 91 295 21 24 30   0.925  -3.112  -0.942   3.382
 91 295 21 25 30   0.970  -2.901  -1.393   3.373
 91 295 21 26 30   0.880  -3.110  -0.976   3.394
 91 295 21 27 30   0.978  -2.956  -1.326   3.389
 91 295 21 28 30   0.856  -2.922  -1.368   3.340
 91 295 21 29 30   0.895  -2.922  -1.367   3.349
 91 295 21 30 30   0.810  -2.906  -1.411   3.333
 91 295 21 31 30   0.861  -2.898  -1.415   3.339
 91 295 21 32 30   0.821  -2.935  -1.349   3.335
 91 295 21 33 30   0.873  -2.897  -1.405   3.338
 91 295 21 35 30   0.936  -3.010  -1.398   3.448
 91 295 21 36 30   0.895  -3.144  -1.230   3.495
 91 295 21 37 30   0.691  -3.217  -0.956   3.438
 91 295 21 38 30   0.548  -3.276  -0.939   3.457
 91 295 21 39 30   0.769  -3.245  -1.126   3.535
 91 295 21 40 30   0.434  -3.414  -0.969   3.578
 91 295 21 41 30   0.944  -3.222  -1.233   3.584
 91 295 21 42 30   0.957  -3.243  -1.125   3.567
 91 295 21 43 30   0.999  -3.230  -1.038   3.537
 91 295 21 44 30   0.934  -3.245  -1.026   3.533
 91 295 21 45 30   0.748  -3.345  -0.917   3.552
 91 295 21 46 30   0.739  -3.357  -0.778   3.529
 91 295 21 47 30   0.722  -3.335  -0.799   3.518
 91 295 21 48 30   0.631  -3.280  -1.057   3.513
 91 295 21 49 30   0.592  -3.263  -1.158   3.525
 91 295 21 50 30   0.578  -3.311  -1.016   3.534
 91 295 21 51 30   0.618  -3.359  -0.715   3.497
 91 295 21 52 30   0.522  -3.356  -0.806   3.505
