 91 302 00 00 30  -0.063   0.847   0.162   0.867
 91 302 00 01 30  -0.071   0.861   0.163   0.880
 91 302 00 02 30  -0.113   0.865  -0.002   0.884
 91 302 00 03 30  -0.103   0.845   0.041   0.867
 91 302 00 04 30   0.015   0.828   0.235   0.863
 91 302 00 05 30   0.081   0.785   0.360   0.874
 91 302 00 06 30  -0.188   0.871   0.128   0.905
 91 302 00 07 30  -0.473   0.784  -0.116   0.925
 91 302 00 08 30  -0.541   0.730  -0.169   0.931
 91 302 00 09 30  -0.622   0.695  -0.218   0.963
 91 302 00 10 30  -0.651   0.708  -0.116   0.970
 91 302 00 11 30  -0.625   0.726  -0.103   0.963
 91 302 00 12 30  -0.557   0.758  -0.060   0.947
 91 302 00 13 30  -0.625   0.728   0.022   0.962
 91 302 00 14 30  -0.599   0.737   0.066   0.952
 91 302 00 15 30  -0.571   0.758   0.103   0.957
 91 302 00 16 30  -0.531   0.756   0.195   0.946
 91 302 00 17 30  -0.487   0.773   0.215   0.940
 91 302 00 18 30  -0.499   0.768   0.117   0.926
 91 302 00 19 30  -0.407   0.813   0.151   0.925
 91 302 00 20 30  -0.405   0.817   0.112   0.919
 91 302 00 21 30  -0.331   0.841   0.131   0.914
 91 302 00 22 30  -0.307   0.855   0.037   0.910
 91 302 00 23 30  -0.354   0.837   0.005   0.909
 91 302 00 24 30  -0.322   0.854  -0.044   0.915
 91 302 00 25 30  -0.374   0.837  -0.051   0.920
 91 302 00 26 30  -0.472   0.774  -0.169   0.925
 91 302 00 27 30  -0.531   0.710  -0.295   0.936
 91 302 00 28 30  -0.331   0.835  -0.195   0.925
 91 302 00 29 30  -0.312   0.860  -0.150   0.928
 91 302 00 30 30  -0.289   0.880  -0.120   0.935
 91 302 00 31 30  -0.206   0.908  -0.094   0.936
 91 302 00 32 30  -0.005   0.878   0.323   0.943
 91 302 00 33 30  -0.097   0.922   0.248   0.960
 91 302 00 34 30  -0.169   0.931   0.242   0.977
 91 302 00 35 30  -0.184   0.952   0.295   1.014
 91 302 00 36 30  -0.164   0.948   0.383   1.036
 91 302 00 37 30  -0.171   0.933   0.428   1.041
 91 302 00 38 30  -0.091   0.919   0.486   1.044
 91 302 00 39 30  -0.055   0.908   0.509   1.043
 91 302 00 40 30  -0.024   0.894   0.528   1.038
 91 302 00 41 30   0.023   0.879   0.509   1.019
 91 302 00 42 30   0.011   0.890   0.506   1.026
 91 302 00 43 30  -0.034   0.919   0.470   1.033
 91 302 00 44 30   0.153   0.848   0.519   1.007
 91 302 00 45 30   0.118   0.854   0.496   0.995
 91 302 00 46 30   0.214   0.863   0.476   1.009
 91 302 00 47 30   0.139   0.882   0.476   1.017
 91 302 00 48 30   0.075   0.842   0.566   1.018
 91 302 00 49 30   0.111   0.844   0.573   1.028
 91 302 00 50 30   0.092   0.824   0.602   1.026
 91 302 00 51 30   0.042   0.851   0.553   1.017
 91 302 00 52 30   0.156   0.742   0.578   0.962
 91 302 00 53 30   0.178   0.766   0.591   0.987
 91 302 00 54 30   0.110   0.860   0.538   1.021
 91 302 00 55 30   0.089   0.885   0.522   1.032
 91 302 00 56 30  -0.032   0.893   0.416   0.991
 91 302 00 57 30  -0.155   0.884   0.343   0.962
 91 302 00 58 30  -0.171   0.936   0.315   1.003
 91 302 00 59 30  -0.149   0.920   0.339   0.993
 91 302 01 00 30  -0.122   0.888   0.367   0.969
 91 302 01 01 30  -0.173   0.909   0.337   0.986
 91 302 01 02 30  -0.150   0.900   0.368   0.985
 91 302 01 03 30  -0.316   0.950   0.280   1.042
 91 302 01 04 30  -0.353   0.977   0.221   1.063
 91 302 01 05 30  -0.488   0.958   0.082   1.081
 91 302 01 06 30  -0.533   0.944   0.076   1.089
 91 302 01 07 30  -0.550   0.938  -0.001   1.089
 91 302 01 08 30  -0.504   0.964   0.024   1.089
 91 302 01 09 30  -0.494   0.967   0.056   1.087
 91 302 01 10 30  -0.510   0.950   0.079   1.085
 91 302 01 11 30  -0.675   0.838  -0.202   1.096
 91 302 01 12 30  -0.660   0.851  -0.158   1.089
 91 302 01 13 30  -0.681   0.816  -0.226   1.089
 91 302 01 14 30  -0.691   0.802  -0.250   1.088
 91 302 01 15 30  -0.698   0.787  -0.266   1.088
 91 302 01 16 30  -0.701   0.793  -0.239   1.086
 91 302 01 17 30  -0.680   0.845  -0.152   1.101
 91 302 01 18 30  -0.650   0.880  -0.066   1.096
 91 302 01 19 30  -0.617   0.911  -0.051   1.102
 91 302 01 20 30  -0.608   0.910  -0.043   1.095
 91 302 01 21 30  -0.604   0.916  -0.025   1.098
 91 302 01 22 30  -0.606   0.922  -0.032   1.104
 91 302 01 23 30  -0.554   0.951   0.017   1.101
 91 302 01 24 30  -0.595   0.920  -0.013   1.097
 91 302 01 25 30  -0.598   0.910  -0.066   1.093
 91 302 01 26 30  -0.583   0.919  -0.072   1.091
 91 302 01 27 30  -0.583   0.918  -0.051   1.089
 91 302 01 28 30  -0.586   0.911  -0.057   1.086
 91 302 01 29 30  -0.588   0.917  -0.071   1.092
 91 302 01 30 30  -0.617   0.891  -0.100   1.088
 91 302 01 31 30  -0.643   0.875  -0.095   1.090
 91 302 01 32 30  -0.655   0.871  -0.068   1.092
 91 302 01 33 30  -0.669   0.854  -0.097   1.090
 91 302 01 34 30  -0.666   0.854  -0.138   1.092
 91 302 01 35 30  -0.681   0.841  -0.120   1.089
 91 302 01 36 30  -0.686   0.835  -0.134   1.090
 91 302 01 37 30  -0.669   0.853  -0.115   1.090
 91 302 01 38 30  -0.667   0.853  -0.081   1.086
 91 302 01 39 30  -0.643   0.863  -0.070   1.078
 91 302 01 40 30  -0.628   0.879  -0.066   1.084
 91 302 01 41 30  -0.586   0.911  -0.018   1.084
 91 302 01 42 30  -0.590   0.896   0.057   1.076
 91 302 01 43 30  -0.579   0.894   0.044   1.067
 91 302 01 44 30  -0.553   0.910   0.062   1.067
 91 302 01 45 30  -0.563   0.907   0.043   1.068
 91 302 01 46 30  -0.533   0.911   0.070   1.059
 91 302 01 47 30  -0.512   0.930   0.035   1.063
 91 302 01 48 30  -0.503   0.935   0.048   1.064
 91 302 01 49 30  -0.498   0.950  -0.033   1.073
 91 302 01 50 30  -0.555   0.919  -0.038   1.075
 91 302 01 51 30  -0.564   0.911  -0.038   1.073
 91 302 01 52 30  -0.570   0.894  -0.065   1.063
 91 302 01 53 30  -0.580   0.883  -0.121   1.065
 91 302 01 54 30  -0.591   0.864  -0.155   1.058
 91 302 01 55 30  -0.575   0.884  -0.130   1.063
 91 302 01 56 30  -0.550   0.905  -0.123   1.066
 91 302 01 57 30  -0.550   0.903  -0.151   1.068
 91 302 01 58 30  -0.533   0.906  -0.164   1.065
 91 302 01 59 30  -0.535   0.917  -0.118   1.069
 91 302 02 00 30  -0.438   0.968  -0.013   1.063
 91 302 02 01 30  -0.442   0.971  -0.008   1.067
 91 302 02 02 30  -0.472   0.955  -0.045   1.067
 91 302 02 03 30  -0.477   0.953  -0.015   1.066
 91 302 02 04 30  -0.509   0.934  -0.054   1.066
 91 302 02 05 30  -0.458   0.951   0.050   1.062
 91 302 02 06 30  -0.432   0.959   0.086   1.055
 91 302 02 07 30  -0.440   0.962   0.077   1.061
 91 302 02 08 30  -0.450   0.965   0.045   1.066
 91 302 02 09 30  -0.436   0.974   0.061   1.069
 91 302 02 10 30  -0.542   0.922  -0.035   1.074
 91 302 02 11 30  -0.572   0.904  -0.054   1.072
 91 302 02 12 30  -0.538   0.926  -0.054   1.072
 91 302 02 13 30  -0.527   0.929  -0.001   1.068
 91 302 02 14 30  -0.519   0.931   0.025   1.067
 91 302 02 15 30  -0.548   0.915  -0.013   1.067
 91 302 02 16 30  -0.472   0.953   0.025   1.064
 91 302 02 17 30  -0.430   0.965   0.056   1.059
 91 302 02 18 30  -0.475   0.948   0.022   1.061
 91 302 02 19 30  -0.471   0.951   0.026   1.062
 91 302 02 20 30  -0.490   0.940   0.014   1.061
 91 302 02 21 30  -0.505   0.932  -0.009   1.060
 91 302 02 22 30  -0.502   0.930  -0.012   1.057
 91 302 02 23 30  -0.486   0.942   0.028   1.060
 91 302 02 24 30  -0.483   0.939   0.022   1.056
 91 302 02 25 30  -0.481   0.943   0.010   1.059
 91 302 02 26 30  -0.478   0.947   0.005   1.061
 91 302 02 27 30  -0.460   0.955   0.027   1.060
 91 302 02 28 30  -0.537   0.918  -0.008   1.065
 91 302 02 29 30  -0.585   0.891  -0.042   1.066
 91 302 02 30 30  -0.546   0.890  -0.074   1.047
 91 302 02 31 30  -0.530   0.906  -0.043   1.051
 91 302 02 32 30  -0.500   0.922   0.008   1.049
 91 302 02 33 30  -0.527   0.900   0.007   1.043
 91 302 02 34 30  -0.539   0.896  -0.013   1.046
 91 302 02 35 30  -0.507   0.916   0.035   1.047
 91 302 02 36 30  -0.537   0.906   0.001   1.053
 91 302 02 37 30  -0.532   0.918   0.008   1.061
 91 302 02 38 30  -0.520   0.924   0.022   1.061
 91 302 02 39 30  -0.541   0.913   0.018   1.063
 91 302 02 40 30  -0.505   0.924   0.077   1.056
 91 302 02 41 30  -0.492   0.920   0.074   1.047
 91 302 02 42 30  -0.431   0.942   0.103   1.041
 91 302 02 43 30  -0.377   0.961   0.097   1.038
 91 302 02 44 30  -0.446   0.904   0.135   1.017
 91 302 02 45 30  -0.560   0.879   0.012   1.045
 91 302 02 46 30  -0.557   0.879  -0.002   1.041
 91 302 02 47 30  -0.569   0.867  -0.031   1.039
 91 302 02 48 30  -0.626   0.827  -0.084   1.041
 91 302 02 49 30  -0.626   0.830  -0.106   1.045
 91 302 02 50 30  -0.634   0.818  -0.108   1.041
 91 302 02 51 30  -0.498   0.870   0.036   1.010
 91 302 02 52 30  -0.213   0.912   0.216   0.973
 91 302 02 53 30  -0.174   0.923   0.238   0.970
 91 302 02 54 30  -0.257   0.893   0.192   0.952
 91 302 02 55 30  -0.210   0.930   0.192   0.974
 91 302 02 56 30  -0.140   0.949   0.186   0.978
 91 302 02 57 30  -0.207   0.917   0.183   0.961
 91 302 02 58 30  -0.249   0.892   0.214   0.951
 91 302 02 59 30  -0.298   0.895   0.132   0.956
 91 302 03 00 30  -0.301   0.939   0.176   1.002
 91 302 03 01 30  -0.325   0.939   0.140   1.004
 91 302 03 02 30  -0.387   0.911   0.043   0.992
 91 302 03 03 30  -0.443   0.878  -0.003   0.985
 91 302 03 04 30  -0.409   0.892  -0.044   0.983
 91 302 03 05 30  -0.387   0.899  -0.065   0.982
 91 302 03 06 30  -0.398   0.895  -0.068   0.984
 91 302 03 07 30  -0.491   0.858   0.070   0.992
 91 302 03 08 30  -0.495   0.855   0.022   0.991
 91 302 03 09 30  -0.449   0.882  -0.115   0.996
 91 302 03 10 30  -0.466   0.879  -0.091   0.999
 91 302 03 11 30  -0.489   0.868  -0.111   1.002
 91 302 03 12 30  -0.485   0.863  -0.084   0.994
 91 302 03 13 30  -0.516   0.844  -0.092   0.994
 91 302 03 14 30  -0.515   0.846  -0.094   0.995
 91 302 03 15 30  -0.523   0.828  -0.152   0.993
 91 302 03 16 30  -0.523   0.814  -0.157   0.981
 91 302 03 17 30  -0.540   0.809  -0.140   0.984
 91 302 03 18 30  -0.546   0.788  -0.127   0.969
 91 302 03 19 30  -0.566   0.780  -0.090   0.969
 91 302 03 20 30  -0.583   0.764  -0.070   0.964
 91 302 03 21 30  -0.564   0.774  -0.052   0.959
 91 302 03 22 30  -0.582   0.769  -0.057   0.966
 91 302 03 23 30  -0.567   0.784  -0.036   0.969
 91 302 03 24 30  -0.535   0.789  -0.002   0.954
 91 302 03 25 30  -0.465   0.798   0.031   0.925
 91 302 03 26 30  -0.492   0.802  -0.011   0.941
 91 302 03 27 30  -0.530   0.789   0.001   0.952
 91 302 03 28 30  -0.552   0.785   0.064   0.963
 91 302 03 29 30  -0.550   0.797   0.078   0.972
 91 302 03 30 30  -0.543   0.804   0.041   0.971
 91 302 03 31 30  -0.505   0.815  -0.020   0.960
 91 302 03 32 30  -0.504   0.811  -0.020   0.957
 91 302 03 33 30  -0.524   0.805   0.057   0.964
 91 302 03 34 30  -0.542   0.756   0.253   0.968
 91 302 03 35 30  -0.572   0.717   0.293   0.967
 91 302 03 36 30  -0.568   0.719   0.269   0.956
 91 302 03 37 30  -0.563   0.724   0.226   0.945
 91 302 03 38 30  -0.544   0.721   0.202   0.926
 91 302 03 39 30  -0.562   0.703   0.206   0.924
 91 302 03 40 30  -0.580   0.705   0.156   0.927
 91 302 03 41 30  -0.618   0.689   0.096   0.931
 91 302 03 42 30  -0.649   0.667   0.054   0.933
 91 302 03 43 30  -0.671   0.603  -0.047   0.904
 91 302 03 44 30  -0.605   0.590  -0.032   0.846
 91 302 03 45 30  -0.517  -0.156  -0.246   0.893
 91 302 03 46 30  -0.594   0.382  -0.158   0.840
 91 302 03 47 30  -0.591   0.562  -0.117   0.825
 91 302 03 48 30  -0.621   0.556  -0.173   0.852
 91 302 03 49 30  -0.612   0.551  -0.113   0.831
 91 302 03 50 30  -0.603   0.562  -0.108   0.832
 91 302 03 51 30  -0.600   0.568  -0.103   0.833
 91 302 03 52 30  -0.580   0.572  -0.109   0.822
 91 302 03 53 30  -0.572   0.553  -0.091   0.801
 91 302 03 54 30  -0.559   0.580  -0.085   0.810
 91 302 03 55 30  -0.553   0.621  -0.121   0.841
 91 302 03 56 30  -0.579   0.598  -0.070   0.836
 91 302 03 57 30  -0.587   0.593  -0.062   0.837
 91 302 03 58 30  -0.579   0.606  -0.084   0.844
 91 302 03 59 30  -0.565   0.631  -0.038   0.848
 91 302 04 00 30  -0.590   0.573  -0.064   0.827
 91 302 04 01 30  -0.638   0.518  -0.115   0.831
 91 302 04 02 30  -0.669   0.500  -0.111   0.843
 91 302 04 03 30  -0.679   0.135  -0.194   0.725
 91 302 04 04 30  -0.660   0.052  -0.204   0.693
 91 302 04 05 30  -0.630   0.048  -0.214   0.668
 91 302 04 06 30  -0.616   0.063  -0.193   0.653
 91 302 04 07 30  -0.611   0.141  -0.163   0.650
 91 302 04 08 30  -0.612   0.179  -0.148   0.655
 91 302 04 09 30  -0.619   0.179  -0.167   0.667
 91 302 04 10 30  -0.618   0.207  -0.175   0.677
 91 302 04 11 30  -0.615   0.255  -0.194   0.694
 91 302 04 12 30  -0.631   0.229  -0.178   0.695
 91 302 04 13 30  -0.607   0.265  -0.174   0.685
 91 302 04 14 30  -0.634   0.240  -0.153   0.698
 91 302 04 15 30  -0.477   0.492  -0.034   0.689
 91 302 04 16 30  -0.326   0.748   0.082   0.837
 91 302 04 17 30  -0.226   0.849   0.132   0.888
 91 302 04 18 30  -0.223   0.848   0.129   0.887
 91 302 04 19 30  -0.201   0.864   0.128   0.897
 91 302 04 20 30  -0.220   0.849   0.138   0.888
 91 302 04 21 30  -0.217   0.822   0.163   0.873
 91 302 04 22 30  -0.057   0.798   0.024   0.804
 91 302 04 23 30  -0.156   0.806   0.144   0.835
 91 302 04 24 30  -0.171   0.810   0.142   0.840
 91 302 04 25 30  -0.194   0.809   0.149   0.845
 91 302 04 26 30  -0.198   0.828   0.166   0.868
 91 302 04 27 30  -0.194   0.825   0.151   0.861
 91 302 04 28 30  -0.218   0.843   0.183   0.890
 91 302 04 29 30  -0.227   0.844   0.211   0.900
 91 302 04 30 30  -0.221   0.872   0.183   0.918
 91 302 04 31 30  -0.229   0.868   0.164   0.912
 91 302 04 32 30  -0.214   0.852   0.174   0.896
 91 302 04 33 30  -0.232   0.850   0.180   0.900
 91 302 04 34 30  -0.259   0.872   0.185   0.929
 91 302 04 35 30  -0.261   0.888   0.170   0.942
 91 302 04 36 30  -0.258   0.885   0.147   0.934
 91 302 04 37 30  -0.228   0.857   0.148   0.900
 91 302 04 38 30  -0.182   0.853   0.180   0.891
 91 302 04 39 30  -0.203   0.874   0.152   0.911
 91 302 04 40 30  -0.160   0.895   0.166   0.925
 91 302 04 41 30  -0.132   0.892   0.186   0.922
 91 302 04 42 30  -0.202   0.889   0.172   0.928
 91 302 04 43 30  -0.152   0.861   0.238   0.907
 91 302 04 44 30  -0.161   0.858   0.228   0.903
 91 302 04 45 30  -0.173   0.863   0.229   0.910
 91 302 04 46 30  -0.211   0.855   0.210   0.906
 91 302 04 47 30  -0.214   0.851   0.208   0.902
 91 302 04 48 30  -0.256   0.843   0.195   0.903
 91 302 04 49 30  -0.275   0.840   0.180   0.902
 91 302 04 50 30  -0.296   0.836   0.188   0.907
 91 302 04 51 30  -0.279   0.835   0.210   0.906
 91 302 04 52 30  -0.242   0.839   0.227   0.903
 91 302 04 53 30  -0.236   0.857   0.196   0.911
 91 302 04 54 30  -0.247   0.849   0.179   0.905
 91 302 04 55 30  -0.274   0.853   0.177   0.914
 91 302 04 56 30  -0.203   0.860   0.227   0.913
 91 302 04 57 30  -0.213   0.855   0.201   0.904
 91 302 04 58 30  -0.218   0.867   0.223   0.922
 91 302 04 59 30  -0.221   0.871   0.183   0.917
 91 302 05 00 30  -0.216   0.836   0.195   0.886
 91 302 05 01 30  -0.215   0.814   0.158   0.857
 91 302 05 02 30  -0.286   0.825   0.224   0.902
 91 302 05 03 30  -0.273   0.846   0.188   0.909
 91 302 05 04 30  -0.272   0.827   0.183   0.889
 91 302 05 05 30  -0.265   0.810   0.229   0.883
 91 302 05 06 30  -0.304   0.820   0.222   0.903
 91 302 05 07 30  -0.315   0.833   0.196   0.912
 91 302 05 08 30  -0.318   0.814   0.201   0.897
 91 302 05 09 30  -0.296   0.806   0.213   0.886
 91 302 05 10 30  -0.330   0.800   0.199   0.888
 91 302 05 11 30  -0.347   0.853   0.183   0.939
 91 302 05 12 30  -0.367   0.832   0.166   0.925
 91 302 05 13 30  -0.415   0.786   0.157   0.903
 91 302 05 14 30  -0.443   0.818   0.112   0.938
 91 302 05 15 30  -0.432   0.828   0.110   0.941
 91 302 05 16 30  -0.468   0.830   0.088   0.957
 91 302 05 17 30  -0.451   0.843   0.107   0.963
 91 302 05 18 30  -0.463   0.839   0.109   0.964
 91 302 05 19 30  -0.479   0.828   0.088   0.961
 91 302 05 20 30  -0.464   0.842   0.073   0.965
 91 302 05 21 30  -0.446   0.851   0.066   0.964
 91 302 05 22 30  -0.479   0.830   0.066   0.961
 91 302 05 23 30  -0.478   0.837   0.054   0.966
 91 302 05 24 30  -0.521   0.811   0.021   0.964
 91 302 05 25 30  -0.485   0.829   0.035   0.962
 91 302 05 26 30  -0.489   0.826  -0.004   0.960
 91 302 05 27 30  -0.502   0.802  -0.003   0.946
 91 302 05 28 30  -0.468   0.819   0.023   0.944
 91 302 05 29 30  -0.425   0.842   0.059   0.945
 91 302 05 30 30  -0.381   0.861   0.073   0.944
 91 302 05 31 30  -0.392   0.866   0.082   0.955
 91 302 05 32 30  -0.362   0.863   0.110   0.944
 91 302 05 33 30  -0.365   0.862   0.076   0.940
 91 302 05 34 30  -0.353   0.854   0.140   0.935
 91 302 05 35 30  -0.350   0.844   0.162   0.928
 91 302 05 36 30  -0.336   0.809   0.149   0.889
 91 302 05 37 30  -0.385   0.812   0.088   0.903
 91 302 05 38 30  -0.386   0.812   0.115   0.906
 91 302 05 39 30  -0.407   0.807   0.094   0.909
 91 302 05 40 30  -0.421   0.805   0.076   0.912
 91 302 05 41 30  -0.479   0.751   0.031   0.892
 91 302 05 42 30  -0.521   0.731   0.075   0.901
 91 302 05 43 30  -0.507   0.745   0.036   0.903
 91 302 05 44 30  -0.536   0.724   0.016   0.901
 91 302 05 45 30  -0.541   0.703  -0.021   0.889
 91 302 05 46 30  -0.540   0.699  -0.058   0.886
 91 302 05 47 30  -0.547   0.667  -0.114   0.872
 91 302 05 48 30  -0.570   0.629  -0.156   0.866
 91 302 05 49 30  -0.528   0.734  -0.013   0.906
 91 302 05 50 30  -0.532   0.728  -0.081   0.907
 91 302 05 51 30  -0.555   0.727  -0.034   0.915
 91 302 05 52 30  -0.532   0.745  -0.024   0.916
 91 302 05 53 30  -0.547   0.712  -0.072   0.903
 91 302 05 54 30  -0.538   0.692  -0.068   0.880
 91 302 05 55 30  -0.501   0.719  -0.011   0.877
 91 302 05 56 30  -0.488   0.743   0.029   0.890
 91 302 05 57 30  -0.465   0.759   0.099   0.896
 91 302 05 58 30  -0.501   0.711   0.033   0.872
 91 302 05 59 30  -0.565   0.673  -0.007   0.880
 91 302 06 00 30  -0.607   0.631  -0.020   0.876
 91 302 06 01 30  -0.639   0.596  -0.089   0.880
 91 302 06 02 30  -0.624   0.600  -0.110   0.873
 91 302 06 03 30  -0.612   0.550  -0.109   0.831
 91 302 06 04 30  -0.628   0.478  -0.120   0.799
 91 302 06 05 30  -0.625   0.484  -0.148   0.805
 91 302 06 06 30  -0.520   0.674  -0.042   0.860
 91 302 06 07 30  -0.504   0.760  -0.008   0.912
 91 302 06 08 30  -0.494   0.773  -0.018   0.917
 91 302 06 09 30  -0.502   0.758  -0.025   0.910
 91 302 06 10 30  -0.480   0.757  -0.031   0.897
 91 302 06 11 30  -0.464   0.763  -0.021   0.894
 91 302 06 12 30  -0.437   0.781  -0.017   0.895
 91 302 06 13 30  -0.430   0.785  -0.012   0.895
 91 302 06 14 30  -0.441   0.781  -0.040   0.898
 91 302 06 15 30  -0.425   0.772  -0.034   0.882
 91 302 06 16 30  -0.428   0.757  -0.030   0.870
 91 302 06 17 30  -0.437   0.747  -0.035   0.866
 91 302 06 18 30  -0.413   0.767  -0.022   0.871
 91 302 06 19 30  -0.402   0.763  -0.023   0.863
 91 302 06 20 30  -0.468   0.699  -0.034   0.843
 91 302 06 21 30  -0.532   0.585  -0.078   0.795
 91 302 06 22 30  -0.508   0.624  -0.063   0.810
 91 302 06 23 30  -0.383   0.641  -0.018   0.748
 91 302 06 24 30  -0.294   0.669  -0.008   0.733
 91 302 06 25 30  -0.225   0.702  -0.010   0.737
 91 302 06 26 30  -0.292   0.683  -0.050   0.746
 91 302 06 27 30  -0.434   0.595  -0.104   0.748
 91 302 06 28 30  -0.256   0.691  -0.086   0.744
 91 302 06 29 30  -0.284   0.677  -0.121   0.745
 91 302 06 30 30  -0.307   0.655  -0.056   0.737
 91 302 06 31 30  -0.332   0.659  -0.089   0.744
 91 302 06 32 30  -0.390   0.634  -0.044   0.746
 91 302 06 33 30  -0.384   0.639  -0.069   0.749
 91 302 06 34 30  -0.368   0.636  -0.067   0.741
 91 302 06 35 30  -0.347   0.654  -0.011   0.741
 91 302 06 36 30  -0.340   0.662  -0.018   0.744
 91 302 06 37 30  -0.352   0.665  -0.018   0.753
 91 302 06 38 30  -0.249   0.679  -0.026   0.725
 91 302 06 39 30  -0.336   0.658  -0.055   0.742
 91 302 06 40 30  -0.347   0.670  -0.008   0.755
 91 302 06 41 30  -0.391   0.647  -0.017   0.757
 91 302 06 42 30  -0.388   0.653  -0.003   0.760
 91 302 06 43 30  -0.398   0.644  -0.002   0.757
 91 302 06 44 30  -0.396   0.648  -0.001   0.760
 91 302 06 45 30  -0.446   0.623   0.002   0.767
 91 302 06 46 30  -0.409   0.633   0.001   0.755
 91 302 06 47 30  -0.477   0.560  -0.029   0.737
 91 302 06 48 30  -0.424   0.548   0.013   0.693
 91 302 06 49 30  -0.456   0.552   0.004   0.717
 91 302 06 50 30  -0.468   0.571  -0.033   0.740
 91 302 06 51 30  -0.470   0.585  -0.045   0.753
 91 302 06 52 30  -0.509   0.562  -0.003   0.759
 91 302 06 53 30  -0.517   0.630   0.032   0.816
 91 302 06 54 30  -0.519   0.618   0.017   0.808
 91 302 06 55 30  -0.525   0.619  -0.005   0.812
 91 302 06 56 30  -0.513   0.581  -0.002   0.776
 91 302 06 57 30  -0.550   0.579   0.004   0.799
 91 302 06 58 30  -0.568   0.599  -0.010   0.826
 91 302 06 59 30  -0.545   0.608  -0.002   0.817
 91 302 07 00 30  -0.561   0.627  -0.019   0.841
 91 302 07 01 30  -0.552   0.625  -0.022   0.834
 91 302 07 02 30  -0.552   0.613  -0.003   0.826
 91 302 07 03 30  -0.533   0.616  -0.009   0.815
 91 302 07 04 30  -0.516   0.624  -0.010   0.810
 91 302 07 05 30  -0.490   0.638  -0.013   0.805
 91 302 07 06 30  -0.478   0.648  -0.028   0.806
 91 302 07 07 30  -0.462   0.653  -0.020   0.801
 91 302 07 08 30  -0.434   0.673  -0.016   0.802
 91 302 07 09 30  -0.442   0.674  -0.031   0.807
 91 302 07 10 30  -0.434   0.669  -0.018   0.798
 91 302 07 11 30  -0.417   0.665  -0.016   0.785
 91 302 07 12 30  -0.396   0.612   0.033   0.730
 91 302 07 13 30  -0.405   0.633   0.019   0.752
 91 302 07 14 30  -0.397   0.649   0.016   0.761
 91 302 07 15 30  -0.388   0.665  -0.004   0.771
 91 302 07 16 30  -0.403   0.675   0.005   0.786
 91 302 07 17 30  -0.380   0.688   0.009   0.787
 91 302 07 18 30  -0.328   0.654  -0.022   0.735
 91 302 07 19 30  -0.338   0.698   0.008   0.776
 91 302 07 20 30  -0.284   0.703   0.034   0.759
 91 302 07 21 30  -0.294   0.702   0.022   0.762
 91 302 07 22 30  -0.245   0.705   0.022   0.748
 91 302 07 23 30  -0.232   0.712   0.042   0.751
 91 302 07 24 30  -0.244   0.712   0.021   0.753
 91 302 07 25 30  -0.259   0.689  -0.010   0.737
 91 302 07 26 30  -0.296   0.684   0.017   0.747
 91 302 07 27 30  -0.250   0.656   0.044   0.704
 91 302 07 28 30  -0.223   0.681   0.031   0.717
 91 302 07 29 30  -0.210   0.690   0.031   0.722
 91 302 07 30 30  -0.349   0.676   0.022   0.761
 91 302 07 31 30  -0.376   0.679   0.014   0.777
 91 302 07 32 30  -0.425   0.624  -0.004   0.756
 91 302 07 33 30  -0.442   0.584  -0.004   0.733
 91 302 07 34 30  -0.487   0.551  -0.021   0.737
 91 302 07 35 30  -0.558   0.479  -0.030   0.737
 91 302 07 36 30  -0.533   0.493  -0.013   0.727
 91 302 07 37 30  -0.553   0.477  -0.003   0.731
 91 302 07 38 30  -0.544   0.483  -0.034   0.729
 91 302 07 39 30  -0.559   0.490  -0.021   0.744
 91 302 07 40 30  -0.554   0.500  -0.049   0.748
 91 302 07 41 30  -0.379   0.335  -0.043   0.508
 91 302 07 42 30  -0.134   0.134  -0.024   0.192
 91 302 07 43 30  -0.580   0.523  -0.059   0.784
 91 302 07 44 30  -0.599   0.554  -0.068   0.820
 91 302 07 45 30  -0.601   0.551  -0.062   0.818
 91 302 07 46 30  -0.621   0.515  -0.059   0.809
 91 302 07 47 30  -0.634   0.514  -0.054   0.818
 91 302 07 48 30  -0.636   0.534  -0.050   0.833
 91 302 07 49 30  -0.630   0.529  -0.047   0.824
 91 302 07 50 30  -0.638   0.545  -0.051   0.841
 91 302 07 51 30  -0.610   0.536  -0.049   0.814
 91 302 07 52 30  -0.611   0.530  -0.053   0.811
 91 302 07 53 30  -0.619   0.530  -0.061   0.817
 91 302 07 54 30  -0.617   0.533  -0.058   0.817
 91 302 07 55 30  -0.626   0.535  -0.069   0.826
 91 302 07 56 30  -0.615   0.523  -0.058   0.810
 91 302 07 57 30  -0.621   0.526  -0.054   0.816
 91 302 07 58 30  -0.611   0.551  -0.043   0.824
 91 302 07 59 30  -0.621   0.551  -0.044   0.832
 91 302 08 00 30  -0.601   0.573  -0.034   0.832
 91 302 08 01 30  -0.598   0.596  -0.035   0.846
 91 302 08 02 30  -0.591   0.581  -0.028   0.829
 91 302 08 03 30  -0.616   0.583  -0.037   0.849
 91 302 08 04 30  -0.601   0.594  -0.028   0.846
 91 302 08 05 30  -0.607   0.608  -0.050   0.861
 91 302 08 06 30  -0.627   0.611  -0.053   0.877
 91 302 08 07 30  -0.629   0.609  -0.061   0.878
 91 302 08 08 30  -0.637   0.653  -0.057   0.915
 91 302 08 09 30  -0.625   0.692  -0.017   0.933
 91 302 08 10 30  -0.619   0.697  -0.019   0.933
 91 302 08 11 30  -0.627   0.653  -0.027   0.906
 91 302 08 12 30  -0.627   0.663  -0.024   0.913
 91 302 08 13 30  -0.633   0.674  -0.026   0.925
 91 302 08 14 30  -0.621   0.666  -0.012   0.911
 91 302 08 15 30  -0.616   0.666  -0.016   0.908
 91 302 08 16 30  -0.613   0.688  -0.015   0.921
 91 302 08 17 30  -0.623   0.683  -0.021   0.925
 91 302 08 18 30  -0.604   0.686  -0.022   0.915
 91 302 08 19 30  -0.605   0.686  -0.026   0.915
 91 302 08 20 30  -0.603   0.693  -0.028   0.919
 91 302 08 21 30  -0.601   0.696  -0.025   0.920
 91 302 08 22 30  -0.593   0.695  -0.030   0.914
 91 302 08 23 30  -0.592   0.694  -0.031   0.913
 91 302 08 24 30  -0.594   0.701  -0.035   0.920
 91 302 08 25 30  -0.572   0.714  -0.024   0.916
 91 302 08 26 30  -0.564   0.722  -0.026   0.917
 91 302 08 27 30  -0.573   0.714  -0.025   0.916
 91 302 08 28 30  -0.575   0.716  -0.028   0.919
 91 302 08 29 30  -0.563   0.719  -0.057   0.915
 91 302 08 30 30  -0.558   0.710  -0.069   0.906
 91 302 08 31 30  -0.566   0.703  -0.062   0.905
 91 302 08 32 30  -0.571   0.699  -0.060   0.905
 91 302 08 33 30  -0.566   0.710  -0.052   0.910
 91 302 08 34 30  -0.541   0.716  -0.035   0.899
 91 302 08 35 30  -0.534   0.717  -0.011   0.894
 91 302 08 36 30  -0.550   0.708  -0.029   0.898
 91 302 08 37 30  -0.539   0.718  -0.020   0.898
 91 302 08 38 30  -0.542   0.712  -0.005   0.895
 91 302 08 39 30  -0.551   0.715  -0.002   0.903
 91 302 08 40 30  -0.551   0.716  -0.015   0.904
 91 302 08 41 30  -0.549   0.721  -0.010   0.907
 91 302 08 42 30  -0.561   0.727   0.005   0.919
 91 302 08 43 30  -0.569   0.729   0.018   0.925
 91 302 08 44 30  -0.580   0.716   0.031   0.922
 91 302 08 45 30  -0.573   0.708   0.047   0.912
 91 302 08 46 30  -0.552   0.681   0.079   0.882
 91 302 08 47 30  -0.555   0.647   0.116   0.861
 91 302 08 48 30  -0.466   0.571   0.112   0.746
 91 302 08 49 30  -0.471   0.601   0.053   0.772
 91 302 08 50 30  -0.460   0.637  -0.132   0.797
 91 302 08 52 30  -0.420   0.655   0.008   0.786
 91 302 08 53 30  -0.420   0.684  -0.017   0.804
 91 302 08 54 30  -0.415   0.685  -0.065   0.806
 91 302 08 55 30  -0.449   0.681  -0.113   0.824
 91 302 08 56 30  -0.433   0.690  -0.069   0.820
 91 302 08 57 30  -0.383   0.708  -0.164   0.822
 91 302 08 58 30  -0.321   0.705  -0.188   0.798
 91 302 08 59 30  -0.326   0.692  -0.271   0.812
 91 302 09 00 30  -0.189   0.645  -0.366   0.769
 91 302 09 01 30  -0.128   0.645  -0.417   0.781
 91 302 09 02 30  -0.026   0.596  -0.500   0.784
 91 302 09 03 30  -0.105   0.597  -0.499   0.787
 91 302 09 04 30  -0.095   0.593  -0.515   0.793
 91 302 09 05 30  -0.052   0.540  -0.566   0.786
 91 302 09 06 30  -0.041   0.536  -0.574   0.787
 91 302 09 07 30  -0.048   0.555  -0.555   0.787
 91 302 09 08 30  -0.049   0.566  -0.539   0.784
 91 302 09 09 30  -0.029   0.559  -0.537   0.777
 91 302 09 10 30  -0.095   0.563  -0.516   0.770
 91 302 09 11 30  -0.074   0.589  -0.490   0.772
 91 302 09 12 30   0.173   0.435  -0.521   0.712
 91 302 09 13 30   0.221   0.397  -0.540   0.709
 91 302 09 14 30   0.127   0.442  -0.488   0.672
 91 302 09 15 30   0.122   0.447  -0.499   0.682
 91 302 09 16 30   0.151   0.430  -0.529   0.699
 91 302 09 17 30   0.176   0.440  -0.512   0.699
 91 302 09 18 30   0.197   0.439  -0.504   0.697
 91 302 09 19 30   0.162   0.454  -0.496   0.692
 91 302 09 20 30   0.118   0.486  -0.495   0.705
 91 302 09 21 30   0.046   0.499  -0.487   0.700
 91 302 09 22 30   0.025   0.504  -0.484   0.700
 91 302 09 23 30  -0.030   0.532  -0.446   0.702
 91 302 09 24 30  -0.182   0.585  -0.373   0.717
 91 302 09 25 30  -0.175   0.581  -0.367   0.710
 91 302 09 26 30  -0.175   0.579  -0.371   0.711
 91 302 09 27 30  -0.207   0.572  -0.359   0.707
 91 302 09 28 30  -0.195   0.571  -0.385   0.716
 91 302 09 29 30  -0.219   0.570  -0.379   0.719
 91 302 09 30 30  -0.229   0.582  -0.356   0.720
 91 302 09 31 30  -0.176   0.595  -0.366   0.721
 91 302 09 32 30  -0.137   0.580  -0.389   0.712
 91 302 09 33 30  -0.098   0.586  -0.379   0.707
 91 302 09 34 30  -0.062   0.591  -0.379   0.705
 91 302 09 35 30  -0.128   0.591  -0.372   0.710
 91 302 09 36 30  -0.113   0.597  -0.376   0.715
 91 302 09 37 30  -0.127   0.602  -0.344   0.705
 91 302 09 50 30  -0.128   0.638  -0.310   0.721
 91 302 09 51 30  -0.160   0.618  -0.329   0.719
 91 302 09 52 30  -0.161   0.619  -0.332   0.721
 91 302 09 53 30  -0.138   0.640  -0.300   0.722
 91 302 09 54 30  -0.016   0.682  -0.252   0.729
 91 302 09 55 30   0.045   0.675  -0.242   0.721
 91 302 09 56 30   0.078   0.658  -0.194   0.695
 91 302 09 57 30   0.142   0.678  -0.180   0.719
 91 302 09 58 30   0.211   0.686  -0.144   0.736
 91 302 09 59 30   0.298   0.668  -0.071   0.738
 91 302 10 00 30   0.290   0.692  -0.062   0.754
 91 302 10 01 30   0.234   0.730  -0.137   0.782
 91 302 10 02 30   0.155   0.771  -0.221   0.818
 91 302 10 03 30   0.037   0.772  -0.277   0.823
 91 302 10 04 30   0.031   0.778  -0.268   0.825
 91 302 10 05 30   0.145   0.766  -0.256   0.821
 91 302 10 06 30   0.119   0.778  -0.254   0.827
 91 302 10 07 30   0.142   0.773  -0.280   0.835
 91 302 10 08 30   0.230   0.787  -0.137   0.835
 91 302 10 09 30   0.041   0.773  -0.330   0.852
 91 302 10 10 30   0.143   0.782  -0.224   0.828
 91 302 10 11 30   0.139   0.774  -0.237   0.824
 91 302 10 12 30   0.071   0.753  -0.301   0.815
 91 302 10 13 30   0.008   0.762  -0.323   0.829
 91 302 10 14 30  -0.174   0.713  -0.405   0.850
 91 302 10 15 30  -0.458   0.584  -0.437   0.881
 91 302 10 16 30  -0.715   0.387  -0.444   0.928
 91 302 10 17 30  -0.757   0.354  -0.430   0.940
 91 302 10 18 30  -0.698   0.470  -0.482   0.971
 91 302 10 19 30  -0.637   0.488  -0.557   0.979
 91 302 10 20 30  -0.631   0.506  -0.529   0.968
 91 302 10 21 30  -0.642   0.519  -0.494   0.962
 91 302 10 22 30  -0.622   0.531  -0.506   0.962
 91 302 10 23 30  -0.624   0.515  -0.516   0.960
 91 302 10 24 30  -0.615   0.545  -0.513   0.968
 91 302 10 25 30  -0.608   0.563  -0.506   0.971
 91 302 10 26 30  -0.576   0.570  -0.489   0.946
 91 302 10 27 30  -0.539   0.602  -0.473   0.936
 91 302 10 28 30  -0.576   0.569  -0.473   0.938
 91 302 10 29 30  -0.570   0.576  -0.467   0.935
 91 302 10 30 30  -0.562   0.581  -0.461   0.931
 91 302 10 31 30  -0.590   0.559  -0.458   0.933
 91 302 10 32 30  -0.598   0.529  -0.452   0.919
 91 302 10 33 30  -0.577   0.527  -0.394   0.876
 91 302 10 34 30  -0.591   0.541  -0.384   0.889
 91 302 10 35 30  -0.613   0.552  -0.392   0.914
 91 302 10 36 30  -0.602   0.566  -0.406   0.921
 91 302 10 37 30  -0.573   0.563  -0.406   0.901
 91 302 10 38 30  -0.572   0.564  -0.372   0.886
 91 302 10 39 30  -0.561   0.586  -0.357   0.887
 91 302 10 40 30  -0.540   0.610  -0.363   0.892
 91 302 10 41 30  -0.520   0.618  -0.366   0.887
 91 302 10 42 30  -0.520   0.616  -0.357   0.882
 91 302 10 43 30  -0.495   0.644  -0.373   0.894
 91 302 10 44 30  -0.494   0.648  -0.409   0.912
 91 302 10 45 30  -0.538   0.674  -0.361   0.935
 91 302 10 46 30  -0.560   0.682  -0.307   0.934
 91 302 10 47 30  -0.559   0.679  -0.316   0.935
 91 302 10 48 30  -0.545   0.689  -0.327   0.938
 91 302 10 49 30  -0.523   0.702  -0.327   0.935
 91 302 10 50 30  -0.516   0.702  -0.328   0.932
 91 302 10 51 30  -0.494   0.705  -0.330   0.923
 91 302 10 52 30  -0.478   0.701  -0.350   0.918
 91 302 10 53 30  -0.473   0.717  -0.347   0.927
 91 302 10 54 30  -0.478   0.720  -0.329   0.925
 91 302 10 55 30  -0.470   0.730  -0.313   0.923
 91 302 10 56 30  -0.464   0.729  -0.330   0.926
 91 302 10 57 30  -0.463   0.723  -0.356   0.930
 91 302 10 58 30  -0.477   0.717  -0.359   0.933
 91 302 10 59 30  -0.487   0.717  -0.352   0.936
 91 302 11 00 30  -0.455   0.699  -0.357   0.908
 91 302 11 01 30  -0.436   0.707  -0.324   0.892
 91 302 11 02 30  -0.473   0.658  -0.372   0.892
 91 302 11 03 30  -0.525   0.631  -0.436   0.930
 91 302 11 04 30  -0.510   0.631  -0.448   0.928
 91 302 11 05 30  -0.474   0.656  -0.438   0.920
 91 302 11 06 30  -0.485   0.630  -0.444   0.911
 91 302 11 07 30  -0.479   0.595  -0.432   0.878
 91 302 11 08 30  -0.465   0.616  -0.430   0.884
 91 302 11 09 30  -0.461   0.624  -0.425   0.885
 91 302 11 10 30  -0.376   0.627  -0.383   0.830
 91 302 11 11 30  -0.248   0.582  -0.387   0.743
 91 302 11 12 30  -0.159   0.590  -0.287   0.677
 91 302 11 13 30  -0.147   0.565  -0.293   0.654
 91 302 11 14 30  -0.150   0.573  -0.286   0.658
 91 302 11 15 30  -0.170   0.590  -0.267   0.671
 91 302 11 16 30  -0.212   0.586  -0.231   0.667
 91 302 11 17 30  -0.201   0.601  -0.260   0.686
 91 302 11 18 30  -0.232   0.569  -0.278   0.675
 91 302 11 19 30  -0.093   0.554  -0.183   0.598
 91 302 11 20 30  -0.097   0.568  -0.202   0.611
 91 302 11 21 30  -0.152   0.541  -0.221   0.606
 91 302 11 22 30  -0.250   0.508  -0.261   0.626
 91 302 11 23 30  -0.422   0.377  -0.328   0.655
 91 302 11 33 30  -0.336   0.574  -0.344   0.749
 91 302 11 34 30  -0.348   0.544  -0.335   0.729
 91 302 11 35 30  -0.292   0.552  -0.256   0.677
 91 302 11 36 30  -0.326   0.760  -0.303   0.881
 91 302 11 37 30  -0.301   0.738  -0.289   0.849
 91 302 11 38 30  -0.354   0.690  -0.336   0.846
 91 302 11 39 30  -0.409   0.700  -0.362   0.888
 91 302 11 40 30  -0.438   0.675  -0.447   0.921
 91 302 11 42 30  -0.412   0.676  -0.447   0.909
 91 302 11 43 30  -0.461   0.665  -0.446   0.924
 91 302 11 44 30  -0.476   0.665  -0.436   0.928
 91 302 11 45 30  -0.485   0.665  -0.432   0.929
 91 302 11 46 30  -0.488   0.676  -0.447   0.946
 91 302 11 47 30  -0.472   0.693  -0.449   0.951
 91 302 11 48 30  -0.460   0.707  -0.421   0.943
 91 302 11 49 30  -0.475   0.695  -0.421   0.941
 91 302 11 50 30  -0.465   0.710  -0.409   0.942
 91 302 11 51 30  -0.477   0.701  -0.410   0.942
 91 302 11 52 30  -0.441   0.734  -0.407   0.949
 91 302 11 53 30  -0.434   0.752  -0.407   0.959
 91 302 11 54 30  -0.413   0.731  -0.405   0.932
 91 302 11 55 30  -0.404   0.707  -0.392   0.904
 91 302 11 56 30  -0.377   0.715  -0.356   0.883
 91 302 11 57 30  -0.405   0.708  -0.390   0.905
 91 302 11 58 30  -0.406   0.711  -0.404   0.913
 91 302 11 59 30  -0.402   0.727  -0.405   0.924
 91 302 12 00 30  -0.412   0.735  -0.401   0.933
 91 302 12 01 30  -0.408   0.753  -0.400   0.946
 91 302 12 02 30  -0.420   0.767  -0.401   0.962
 91 302 12 03 30  -0.441   0.758  -0.404   0.966
 91 302 12 04 30  -0.432   0.647  -0.420   0.886
 91 302 12 05 30  -0.432   0.617  -0.443   0.874
 91 302 12 06 30  -0.464   0.614  -0.426   0.880
 91 302 12 07 30  -0.493   0.620  -0.368   0.874
 91 302 12 08 30  -0.467   0.630  -0.430   0.895
 91 302 12 09 30  -0.406   0.618  -0.494   0.891
 91 302 12 10 30  -0.420   0.635  -0.466   0.893
 91 302 12 11 30  -0.398   0.663  -0.449   0.895
 91 302 12 12 30  -0.361   0.745  -0.271   0.878
 91 302 12 13 30  -0.350   0.783  -0.142   0.869
 91 302 12 14 30  -0.350   0.658  -0.275   0.799
 91 302 12 15 30  -0.271   0.440  -0.254   0.576
 91 302 12 16 30  -0.245   0.455  -0.143   0.538
 91 302 12 17 30  -0.198   0.355  -0.179   0.450
 91 302 12 18 30  -0.152   0.252  -0.103   0.315
 91 302 12 19 30  -0.312   0.571  -0.203   0.683
 91 302 12 20 30  -0.314   0.565  -0.185   0.673
 91 302 12 21 30  -0.327   0.578  -0.176   0.687
 91 302 12 22 30  -0.345   0.587  -0.174   0.703
 91 302 12 23 30  -0.350   0.632  -0.213   0.754
 91 302 12 24 30  -0.394   0.640  -0.265   0.797
 91 302 12 25 30  -0.322   0.556  -0.263   0.708
 91 302 12 26 30  -0.257   0.485  -0.584   0.808
 91 302 12 27 30  -0.393   0.575  -0.566   0.900
 91 302 12 28 30  -0.293   0.582  -0.623   0.903
 91 302 12 29 30  -0.321   0.569  -0.619   0.901
 91 302 12 30 30  -0.246   0.501  -0.696   0.893
 91 302 12 31 30  -0.286   0.542  -0.618   0.873
 91 302 12 32 30  -0.348   0.507  -0.600   0.865
 91 302 12 33 30  -0.403   0.553  -0.521   0.862
 91 302 12 34 30  -0.443   0.545  -0.514   0.873
 91 302 12 35 30  -0.477   0.531  -0.517   0.882
 91 302 12 36 30  -0.462   0.485  -0.564   0.876
 91 302 12 37 30  -0.473   0.421  -0.604   0.879
 91 302 12 38 30  -0.479   0.337  -0.664   0.886
 91 302 12 39 30  -0.393   0.286  -0.713   0.866
 91 302 12 40 30  -0.396   0.216  -0.706   0.839
 91 302 12 41 30  -0.457   0.234  -0.661   0.839
 91 302 12 42 30  -0.367   0.253  -0.691   0.823
 91 302 12 43 30  -0.302   0.190  -0.714   0.799
 91 302 12 44 30  -0.272   0.262  -0.699   0.797
 91 302 12 45 30  -0.137   0.281  -0.713   0.794
 91 302 12 46 30  -0.020   0.167  -0.769   0.803
 91 302 12 47 30   0.136   0.047  -0.777   0.796
 91 302 12 48 30   0.379  -0.069  -0.696   0.812
 91 302 12 49 30   0.353  -0.019  -0.716   0.815
 91 302 12 50 30  -0.384   0.307  -0.487   0.767
 91 302 12 51 30  -0.548   0.400  -0.209   0.712
 91 302 12 52 30  -0.519   0.375  -0.263   0.693
 91 302 12 53 30  -0.194   0.178  -0.445   0.671
 91 302 12 58 30   0.294  -0.020  -0.655   0.722
 91 302 12 59 30   0.248  -0.066  -0.691   0.740
 91 302 13 00 30   0.169  -0.031  -0.713   0.735
 91 302 13 01 30   0.196  -0.003  -0.723   0.755
 91 302 13 02 30   0.158   0.179  -0.721   0.763
 91 302 13 03 30   0.199   0.206  -0.702   0.761
 91 302 13 04 30   0.160   0.260  -0.702   0.769
 91 302 13 05 30   0.127   0.280  -0.692   0.759
 91 302 13 06 30   0.214   0.372  -0.668   0.796
 91 302 13 07 30   0.167   0.443  -0.638   0.797
 91 302 13 08 30   0.169   0.263  -0.707   0.789
 91 302 13 09 30   0.136   0.286  -0.717   0.795
 91 302 13 10 30  -0.041   0.321  -0.773   0.848
 91 302 13 11 30  -0.189   0.315  -0.921   0.997
 91 302 13 12 30  -0.196   0.226  -0.933   0.996
 91 302 13 13 30  -0.318   0.299  -1.016   1.108
 91 302 13 14 30  -0.254   0.209  -1.024   1.078
 91 302 13 15 30  -0.156  -0.016  -1.093   1.105
 91 302 13 16 30  -0.134  -0.016  -1.144   1.160
 91 302 13 17 30  -0.521   0.424  -0.872   1.110
 91 302 13 18 30  -0.455   0.137  -1.073   1.178
 91 302 13 19 30  -0.342   0.221  -1.073   1.152
 91 302 13 20 30  -0.343   0.400  -0.983   1.115
 91 302 13 21 30  -0.293   0.408  -0.902   1.035
 91 302 13 22 30  -0.514   0.320  -0.909   1.095
 91 302 13 23 30  -0.574   0.354  -0.860   1.104
 91 302 13 24 30  -0.754   0.268  -0.981   1.270
 91 302 13 25 30  -0.689   0.448  -0.871   1.204
 91 302 13 26 30  -0.628   0.365  -0.905   1.166
 91 302 13 27 30  -0.620   0.455  -0.894   1.191
 91 302 13 28 30  -0.535   0.274  -1.006   1.186
 91 302 13 29 30  -0.449   0.243  -1.076   1.193
 91 302 13 30 30  -0.484   0.276  -1.048   1.189
 91 302 13 31 30  -0.570   0.312  -1.004   1.199
 91 302 13 32 30  -0.650   0.380  -0.922   1.194
 91 302 13 33 30  -0.671   0.322  -0.958   1.213
 91 302 13 34 30  -0.664   0.286  -0.956   1.200
 91 302 13 35 30  -0.652   0.370  -0.925   1.192
 91 302 13 36 30  -0.612   0.457  -0.920   1.196
 91 302 13 37 30  -0.697   0.466  -0.885   1.221
 91 302 13 38 30  -0.553   0.412  -0.894   1.131
 91 302 13 39 30  -0.579   0.480  -0.839   1.131
 91 302 13 40 30  -0.541   0.559  -0.793   1.111
 91 302 13 41 30  -0.503   0.607  -0.778   1.111
 91 302 13 42 30  -0.475   0.674  -0.752   1.122
 91 302 13 43 30  -0.492   0.583  -0.806   1.116
 91 302 13 44 30  -0.544   0.548  -0.840   1.142
 91 302 13 45 30  -0.480   0.576  -0.825   1.115
 91 302 13 46 30  -0.531   0.634  -0.949   1.264
 91 302 13 47 30  -0.611   0.619  -1.086   1.393
 91 302 13 48 30  -0.596   0.555  -1.162   1.420
 91 302 13 49 30  -0.549   0.587  -1.166   1.417
 91 302 13 50 30  -0.521   0.527  -1.198   1.410
 91 302 13 51 30  -0.588   0.490  -1.175   1.404
 91 302 13 52 30  -0.739   0.413  -1.115   1.403
 91 302 13 53 30  -0.815   0.284  -1.091   1.394
 91 302 13 54 30  -0.737   0.199  -1.162   1.392
 91 302 13 55 30  -0.681   0.395  -1.154   1.404
 91 302 13 56 30  -0.747   0.374  -1.133   1.411
 91 302 13 57 30  -0.769   0.339  -1.091   1.379
 91 302 13 58 30  -0.659   0.288  -1.173   1.378
 91 302 13 59 30  -0.606   0.282  -1.233   1.403
 91 302 14 00 30  -0.575   0.217  -1.259   1.401
 91 302 14 01 30  -0.554   0.160  -1.285   1.409
 91 302 14 02 30  -0.520   0.203  -1.265   1.387
 91 302 14 03 30  -0.491   0.178  -1.261   1.367
 91 302 14 04 30  -0.492   0.134  -1.211   1.315
 91 302 14 05 30  -0.453   0.153  -1.209   1.301
 91 302 14 06 30  -0.468   0.161  -1.238   1.334
 91 302 14 07 30  -0.239   0.066  -1.069   1.110
 91 302 14 08 30   0.236  -0.284  -0.504   0.896
 91 302 14 09 30   0.578  -0.528  -0.323   0.861
 91 302 14 10 30   0.541  -0.578  -0.271   0.844
 91 302 14 11 30   0.479  -0.579  -0.311   0.814
 91 302 14 12 30   0.396  -0.554  -0.458   0.845
 91 302 14 13 30  -0.268  -0.055  -0.881   0.933
 91 302 14 14 30  -0.275  -0.119  -0.782   0.845
 91 302 14 15 30  -0.204  -0.017  -0.524   0.568
 91 302 14 16 30  -0.230  -0.028  -0.708   0.751
 91 302 14 17 30  -0.497   0.014  -0.842   0.989
 91 302 14 18 30  -0.409  -0.063  -0.870   0.979
 91 302 14 19 30  -0.008  -0.230  -0.941   0.974
 91 302 14 20 30  -0.072  -0.165  -0.926   0.950
 91 302 14 21 30  -0.022  -0.195  -0.950   0.977
 91 302 14 22 30   0.179  -0.223  -0.907   0.959
 91 302 14 23 30   0.291  -0.286  -0.869   0.962
 91 302 14 24 30   0.120  -0.282  -0.915   0.973
 91 302 14 25 30  -0.185  -0.234  -0.930   0.979
 91 302 14 26 30  -0.088  -0.393  -0.944   1.040
 91 302 14 27 30  -0.084  -0.423  -0.957   1.053
 91 302 14 28 30  -0.117  -0.199  -0.966   1.008
 91 302 14 29 30  -0.182  -0.248  -0.986   1.035
 91 302 14 30 30  -0.178  -0.265  -1.011   1.061
 91 302 14 31 30  -0.330   0.018  -0.954   1.026
 91 302 14 32 30  -0.347  -0.064  -0.895   0.965
 91 302 14 33 30  -0.416  -0.129  -0.859   0.965
 91 302 14 34 30  -0.564  -0.008  -0.817   0.995
 91 302 14 35 30  -0.691   0.104  -0.734   1.014
 91 302 14 36 30  -0.648   0.215  -0.733   1.003
 91 302 14 37 30  -0.673   0.407  -0.697   1.054
 91 302 14 38 30  -0.701   0.390  -0.641   1.031
 91 302 14 39 30  -0.693   0.371  -0.641   1.021
 91 302 14 40 30  -0.543   0.218  -0.783   0.978
 91 302 14 41 30  -0.532   0.317  -0.760   0.981
 91 302 14 42 30  -0.520   0.370  -0.799   1.025
 91 302 14 43 30  -0.557   0.392  -0.737   1.004
 91 302 14 44 30  -0.417   0.255  -0.624   0.798
 91 302 14 45 30  -0.249   0.216  -0.612   0.700
 91 302 14 46 30  -0.257   0.079  -0.840   0.887
 91 302 14 47 30  -0.035   0.045  -0.789   0.821
 91 302 14 48 30   0.228  -0.095  -0.784   0.826
 91 302 14 49 30   0.412  -0.138  -0.773   0.925
 91 302 14 50 30   0.505  -0.579  -0.314   0.894
 91 302 14 51 30   0.484  -0.362  -0.533   0.817
 91 302 14 52 30   0.520  -0.403  -0.511   0.845
 91 302 14 53 30   0.624  -0.414  -0.434   0.869
 91 302 14 54 30   0.579  -0.387  -0.430   0.823
 91 302 14 55 30   0.604  -0.364  -0.360   0.796
 91 302 14 56 30   0.636  -0.310  -0.383   0.806
 91 302 14 57 30   0.592  -0.203  -0.423   0.758
 91 302 14 58 30   0.593  -0.188  -0.362   0.723
 91 302 14 59 30   0.612  -0.184  -0.391   0.751
 91 302 15 00 30   0.619  -0.124  -0.538   0.831
 91 302 15 01 30   0.616  -0.103  -0.577   0.851
 91 302 15 02 30   0.664  -0.070  -0.540   0.859
 91 302 15 03 30   0.720  -0.033  -0.533   0.897
 91 302 15 04 30   0.722  -0.001  -0.514   0.888
 91 302 15 05 30   0.717  -0.003  -0.506   0.878
 91 302 15 06 30   0.701  -0.005  -0.532   0.881
 91 302 15 07 30   0.680  -0.037  -0.447   0.817
 91 302 15 08 30   0.647   0.015  -0.436   0.786
 91 302 15 09 30   0.696   0.032  -0.476   0.845
 91 302 15 10 30   0.683   0.029  -0.463   0.826
 91 302 15 11 30   0.652   0.037  -0.447   0.792
 91 302 15 12 30   0.719   0.052  -0.502   0.879
 91 302 15 13 30   0.731   0.050  -0.542   0.913
 91 302 15 14 30   0.740   0.035  -0.522   0.907
 91 302 15 15 30   0.777   0.024  -0.515   0.933
 91 302 15 16 30   0.798   0.014  -0.488   0.936
 91 302 15 17 30   0.812  -0.004  -0.480   0.945
 91 302 15 18 30   0.826   0.012  -0.462   0.947
 91 302 15 19 30   0.874  -0.038  -0.435   0.977
 91 302 15 20 30   0.862  -0.052  -0.494   0.995
 91 302 15 21 30   0.860  -0.067  -0.487   0.991
 91 302 15 22 30   0.728   0.002  -0.498   0.884
 91 302 15 23 30   0.705   0.008  -0.546   0.893
 91 302 15 24 30   0.712  -0.022  -0.572   0.915
 91 302 15 25 30   0.703  -0.080  -0.538   0.894
 91 302 15 26 30   0.700   0.002  -0.610   0.928
 91 302 15 27 30   0.738   0.052  -0.597   0.954
 91 302 15 28 30   0.697  -0.031  -0.697   0.987
 91 302 15 29 30   0.698  -0.060  -0.682   0.978
 91 302 15 30 30   0.673  -0.092  -0.667   0.952
 91 302 15 31 30   0.653  -0.133  -0.679   0.951
 91 302 15 32 30   0.594  -0.138  -0.695   0.926
 91 302 15 33 30   0.583  -0.155  -0.713   0.935
 91 302 15 34 30   0.585  -0.207  -0.735   0.964
 91 302 15 35 30   0.692  -0.170  -0.619   0.948
 91 302 15 36 30   0.566  -0.154  -0.653   0.883
 91 302 15 37 30   0.120  -0.517  -0.766   0.999
 91 302 15 38 30   0.180  -0.585  -0.851   1.049
 91 302 15 39 30   0.205  -0.601  -0.851   1.065
 91 302 15 40 30   0.251  -0.638  -0.901   1.134
 91 302 15 41 30   0.142  -0.724  -0.909   1.173
 91 302 15 42 30   0.014  -0.834  -0.734   1.118
 91 302 15 43 30   0.293  -0.673  -0.802   1.089
 91 302 15 44 30   0.313  -0.713  -0.711   1.058
 91 302 15 45 30   0.337  -0.834  -0.577   1.070
 91 302 15 46 30   0.384  -0.858  -0.422   1.046
 91 302 15 47 30   0.541  -0.751   0.164   0.944
 91 302 15 48 30   0.536  -0.762   0.049   0.938
 91 302 15 49 30   0.571  -0.885  -0.224   1.087
 91 302 15 50 30  -0.065  -0.106  -0.698   1.095
 91 302 15 51 30  -0.480   0.465  -0.958   1.170
 91 302 15 52 30  -0.602   0.475  -1.024   1.280
 91 302 15 53 30  -0.575   0.472  -1.031   1.272
 91 302 15 54 30  -0.590   0.517  -0.953   1.235
 91 302 15 55 30  -0.553   0.484  -0.901   1.166
 91 302 15 56 30  -0.448   0.512  -0.988   1.210
 91 302 15 57 30  -0.525   0.240  -1.063   1.218
 91 302 15 58 30  -0.462   0.445  -0.969   1.198
 91 302 15 59 30  -0.451   0.355  -0.942   1.119
 91 302 16 00 30  -0.376   0.313  -1.000   1.117
 91 302 16 01 30  -0.427   0.277  -0.976   1.102
 91 302 16 02 30  -0.460   0.312  -0.929   1.085
 91 302 16 03 30  -0.446   0.280  -0.898   1.043
 91 302 16 04 30  -0.482   0.297  -0.890   1.059
 91 302 16 05 30  -0.544   0.173  -0.950   1.110
 91 302 16 06 30  -0.549   0.271  -0.955   1.138
 91 302 16 07 30  -0.536   0.387  -0.881   1.105
 91 302 16 08 30  -0.529   0.473  -0.813   1.081
 91 302 16 09 30  -0.512   0.501  -0.839   1.105
 91 302 16 10 30  -0.566   0.464  -0.900   1.162
 91 302 16 11 30  -0.564   0.573  -0.852   1.172
 91 302 16 12 30  -0.554   0.621  -0.764   1.153
 91 302 16 13 30  -0.192   0.291  -1.073   1.130
 91 302 16 14 30  -0.208   0.338  -1.054   1.127
 91 302 16 15 30  -0.283   0.432  -0.967   1.100
 91 302 16 16 30  -0.250   0.533  -0.939   1.111
 91 302 16 17 30  -0.324   0.771  -0.826   1.178
 91 302 16 18 30  -0.344   0.748  -0.797   1.150
 91 302 16 19 30  -0.320   0.837  -0.742   1.163
 91 302 16 20 30  -0.308   0.705  -0.851   1.154
 91 302 16 21 30  -0.284   0.618  -0.896   1.129
 91 302 16 22 30  -0.261   0.569  -0.907   1.103
 91 302 16 23 30  -0.257   0.602  -0.847   1.077
 91 302 16 24 30  -0.321   0.586  -0.833   1.071
 91 302 16 25 30  -0.311   0.583  -0.886   1.107
 91 302 16 26 30  -0.366   0.551  -0.858   1.086
 91 302 16 27 30  -0.143   0.718  -0.756   1.058
 91 302 16 28 30  -0.055   0.750  -0.724   1.066
 91 302 16 29 30  -0.393   0.645  -0.805   1.105
 91 302 16 30 30  -0.470   0.580  -0.795   1.093
 91 302 16 31 30  -0.539   0.613  -0.790   1.141
 91 302 16 32 30  -0.431   0.733  -0.706   1.113
 91 302 16 33 30  -0.466   0.644  -0.727   1.079
 91 302 16 34 30  -0.398   0.783  -0.696   1.124
 91 302 16 35 30  -0.439   0.806  -0.626   1.118
 91 302 16 36 30  -0.332   0.829  -0.654   1.114
 91 302 16 37 30  -0.224   0.741  -0.792   1.110
 91 302 16 38 30  -0.397   0.759  -0.723   1.124
 91 302 16 39 30  -0.368   0.771  -0.781   1.160
 91 302 16 40 30  -0.470   0.656  -0.806   1.171
 91 302 16 41 30  -0.667   0.235  -0.919   1.169
 91 302 16 42 30  -0.582   0.540  -0.832   1.155
 91 302 16 43 30  -0.696   0.641  -0.715   1.192
 91 302 16 44 30  -0.743   0.657  -0.689   1.217
 91 302 16 45 30  -0.806   0.530  -0.711   1.199
 91 302 16 46 30  -0.639   0.737  -0.703   1.210
 91 302 16 47 30  -0.597   0.912  -0.704   1.299
 91 302 16 48 30  -0.635   0.942  -0.790   1.384
 91 302 16 49 30  -0.647   0.947  -0.826   1.414
 91 302 16 50 30  -0.664   0.948  -0.828   1.423
 91 302 16 51 30  -0.691   0.909  -0.853   1.427
 91 302 16 52 30  -0.662   0.980  -0.717   1.385
 91 302 16 53 30  -0.536   1.043  -0.577   1.311
 91 302 16 54 30  -0.501   1.074  -0.519   1.295
 91 302 16 55 30  -0.559   1.113  -0.436   1.322
 91 302 16 56 30  -0.588   1.125  -0.487   1.362
 91 302 16 57 30  -0.581   1.111  -0.497   1.350
 91 302 16 58 30  -0.602   0.905  -0.608   1.274
 91 302 16 59 30  -0.562   0.587  -0.843   1.172
 91 302 17 00 30  -0.550   0.579  -0.868   1.181
 91 302 17 01 30  -0.544   0.662  -0.826   1.191
 91 302 17 02 30  -0.574   0.711  -0.819   1.229
 91 302 17 03 30  -0.606   0.830  -0.723   1.258
 91 302 17 04 30  -0.698   0.778  -0.815   1.328
 91 302 17 05 30  -0.716   0.845  -0.685   1.304
 91 302 17 06 30  -0.763   0.902  -0.449   1.272
 91 302 17 07 30  -0.701   0.930  -0.582   1.306
 91 302 17 08 30  -0.517   0.777  -0.878   1.295
 91 302 17 09 30  -0.740   0.927  -0.293   1.285
 91 302 17 10 30  -0.824   1.073  -0.176   1.369
 91 302 17 11 30  -0.836   1.071  -0.214   1.377
 91 302 17 12 30  -0.808   1.070  -0.302   1.376
 91 302 17 13 30  -0.799   1.086  -0.202   1.364
 91 302 17 14 30  -0.864   1.097  -0.250   1.419
 91 302 17 15 30  -0.868   1.090  -0.241   1.415
 91 302 17 16 30  -0.872   1.105  -0.297   1.439
 91 302 17 17 30  -0.865   1.096  -0.332   1.436
 91 302 17 18 30  -0.810   1.135  -0.269   1.422
 91 302 17 19 30  -0.718   1.206  -0.047   1.407
 91 302 17 20 30  -0.755   1.156   0.010   1.387
 91 302 17 21 30  -0.823   1.225  -0.097   1.481
 91 302 17 22 30  -0.808   1.179  -0.057   1.432
 91 302 17 23 30  -0.784   1.214  -0.092   1.450
 91 302 17 24 30  -0.876   1.247  -0.190   1.538
 91 302 17 25 30  -0.943   1.232  -0.290   1.581
 91 302 17 26 30  -0.944   1.279  -0.260   1.612
 91 302 17 27 30  -0.936   1.280  -0.230   1.604
 91 302 17 28 30  -0.905   1.306  -0.233   1.607
 91 302 17 29 30  -0.910   1.277  -0.258   1.595
 91 302 17 30 30  -0.897   1.295  -0.195   1.588
 91 302 17 31 30  -0.976   1.229  -0.235   1.588
 91 302 17 32 30  -1.058   1.139  -0.296   1.586
 91 302 17 33 30  -0.942   1.206  -0.285   1.564
 91 302 17 34 30  -0.815   1.285  -0.262   1.545
 91 302 17 35 30  -0.874   1.244  -0.312   1.554
 91 302 17 36 30  -0.952   1.207  -0.341   1.576
 91 302 17 37 30  -0.967   1.188  -0.294   1.564
 91 302 17 38 30  -0.930   1.258  -0.157   1.574
 91 302 17 39 30  -0.928   1.306  -0.103   1.607
 91 302 17 40 30  -0.947   1.305   0.037   1.616
 91 302 17 41 30  -0.867   1.345   0.138   1.612
 91 302 17 42 30  -0.933   1.317  -0.057   1.622
 91 302 17 43 30  -1.008   1.261  -0.214   1.634
 91 302 17 44 30  -1.085   1.195  -0.021   1.627
 91 302 17 45 30  -1.094   1.179   0.002   1.620
 91 302 17 46 30  -1.112   1.196   0.138   1.643
 91 302 17 47 30  -1.087   1.226   0.082   1.645
 91 302 17 48 30  -1.285   0.983   0.249   1.641
 91 302 17 49 30  -1.206   1.035   0.308   1.638
 91 302 17 50 30  -0.780   1.380  -0.217   1.605
 91 302 17 51 30  -1.051   1.211   0.073   1.614
 91 302 17 52 30  -0.993   1.299   0.003   1.642
 91 302 17 53 30  -0.932   1.333  -0.075   1.630
 91 302 17 54 30  -0.991   1.281  -0.215   1.637
 91 302 17 55 30  -0.989   1.258  -0.310   1.633
 91 302 17 56 30  -0.761   1.434  -0.011   1.636
 91 302 17 57 30  -0.786   1.415  -0.239   1.641
 91 302 17 58 30  -0.929   1.300  -0.297   1.635
 91 302 17 59 30  -0.930   1.356  -0.184   1.656
 91 302 18 00 30  -0.858   1.404  -0.163   1.659
 91 302 18 01 30  -0.893   1.399  -0.110   1.672
 91 302 18 02 30  -0.830   1.424  -0.199   1.670
 91 302 18 03 30  -0.692   1.477  -0.058   1.652
 91 302 18 04 30  -0.722   1.462  -0.124   1.664
 91 302 18 05 30  -0.820   1.455  -0.077   1.688
 91 302 18 06 30  -1.068   1.237  -0.468   1.701
 91 302 18 07 30  -1.066   1.240  -0.431   1.692
 91 302 18 08 30  -1.038   1.253  -0.411   1.681
 91 302 18 09 30  -1.007   1.259  -0.425   1.670
 91 302 18 10 30  -0.922   1.347  -0.441   1.692
 91 302 18 11 30  -0.875   1.361  -0.448   1.684
 91 302 18 12 30  -0.900   1.296  -0.485   1.652
 91 302 18 13 30  -0.937   1.310  -0.405   1.663
 91 302 18 14 30  -0.909   1.296  -0.499   1.661
 91 302 18 15 30  -0.900   1.265  -0.556   1.661
 91 302 18 16 30  -0.708   1.305  -0.709   1.646
 91 302 18 17 30  -0.797   1.222  -0.741   1.641
 91 302 18 18 30  -0.890   1.240  -0.613   1.653
 91 302 18 19 30  -0.929   1.302  -0.434   1.661
 91 302 18 20 30  -0.914   1.318  -0.404   1.656
 91 302 18 21 30  -0.994   1.269  -0.413   1.666
 91 302 18 22 30  -1.001   1.229  -0.474   1.656
 91 302 18 23 30  -0.927   1.308  -0.415   1.658
 91 302 18 24 30  -0.916   1.306  -0.399   1.645
 91 302 18 25 30  -0.984   1.258  -0.375   1.641
 91 302 18 26 30  -0.993   1.205  -0.357   1.603
 91 302 18 27 30  -0.879   1.226  -0.179   1.526
 91 302 18 28 30  -0.213   1.059   0.457   1.200
 91 302 18 29 30   0.184   0.631   0.657   1.016
 91 302 18 30 30   0.242   0.777   0.630   1.035
 91 302 18 31 30   0.313   0.770   0.624   1.042
 91 302 18 32 30   0.338   0.770   0.585   1.028
 91 302 18 33 30   0.334   0.894   0.474   1.073
 91 302 18 34 30   0.166   0.822   0.737   1.130
 91 302 18 35 30   0.270   0.852   0.685   1.129
 91 302 18 36 30   0.176   0.951   0.553   1.120
 91 302 18 37 30   0.310   0.899   0.585   1.118
 91 302 18 38 30   0.448   0.747   0.633   1.077
 91 302 18 39 30   0.548   0.719   0.600   1.088
 91 302 18 40 30   0.966   0.602   0.308   1.183
 91 302 18 41 30   0.917   0.475   0.526   1.162
 91 302 18 42 30   0.812   0.456   0.624   1.122
 91 302 18 43 30   0.839   0.216   0.702   1.122
 91 302 18 44 30   0.555   0.478   0.806   1.120
 91 302 18 45 30   0.438   0.600   0.847   1.129
 91 302 18 46 30   0.360   0.628   0.799   1.084
 91 302 18 47 30   0.363   0.684   0.757   1.087
 91 302 18 48 30   0.408   0.698   0.749   1.102
 91 302 18 49 30   0.340   0.677   0.785   1.091
 91 302 18 50 30   0.353   0.597   0.821   1.077
 91 302 18 51 30   0.410   0.525   0.795   1.044
 91 302 18 52 30   0.249   0.567   0.744   0.983
 91 302 18 53 30   0.297   0.675   0.816   1.103
 91 302 18 54 30   0.288   0.662   0.782   1.067
 91 302 18 55 30   0.226   0.691   0.749   1.048
 91 302 18 56 30   0.377   0.500   0.855   1.061
 91 302 18 57 30   0.315   0.532   0.810   1.022
 91 302 18 58 30   0.241   0.620   0.736   0.992
 91 302 18 59 30   0.204   0.633   0.720   0.982
 91 302 19 00 30   0.225   0.556   0.684   0.913
 91 302 19 01 30   0.028   0.641   0.560   1.013
 91 302 19 02 30  -0.428   1.192   0.166   1.279
 91 302 19 03 30  -0.491   1.179   0.174   1.290
 91 302 19 04 30  -0.520   1.158   0.185   1.283
 91 302 19 05 30  -0.504   1.210   0.070   1.321
 91 302 19 06 30  -0.532   1.229   0.038   1.342
 91 302 19 07 30  -0.576   1.160   0.043   1.303
 91 302 19 08 30  -0.156   0.995   0.453   1.107
 91 302 19 09 30   0.020   0.774   0.576   0.973
 91 302 19 10 30   0.126   0.499   0.523   0.746
 91 302 19 11 30   0.166   0.403   0.518   0.783
 91 302 19 12 30   0.440   0.287   0.706   0.884
 91 302 19 13 30   0.143   0.464   0.490   0.697
 91 302 19 14 30   0.327   0.231   0.646   0.783
 91 302 19 15 30  -0.017   0.651   0.528   0.843
 91 302 19 16 30  -0.049   0.656   0.448   0.808
 91 302 19 17 30   0.014   0.720   0.625   0.955
 91 302 19 18 30  -0.034   0.712   0.645   0.962
 91 302 19 19 30   0.281   0.540   0.867   1.094
 91 302 19 20 30   0.505   0.565   0.922   1.200
 91 302 19 21 30   0.557   0.695   0.784   1.193
 91 302 19 22 30   0.261   0.715   0.892   1.199
 91 302 19 23 30   0.168   0.698   0.878   1.156
 91 302 19 24 30   0.330   0.608   0.873   1.129
 91 302 19 25 30   0.515   0.392   0.764   1.035
 91 302 19 26 30   0.015   0.199   0.258   0.579
 91 302 19 27 30  -0.554   0.401   0.049   0.704
 91 302 19 28 30  -0.831   0.406  -0.144   0.936
 91 302 19 29 30  -0.782   0.453  -0.124   0.914
 91 302 19 30 30  -0.771   0.541  -0.106   0.950
 91 302 19 31 30  -0.777   0.487  -0.065   0.923
 91 302 19 32 30  -0.809   0.415  -0.100   0.917
 91 302 19 33 30  -0.759   0.409  -0.183   0.889
 91 302 19 34 30  -0.789   0.194  -0.196   0.838
 91 302 19 35 30  -0.727   0.168  -0.277   0.799
 91 302 19 36 30  -0.762  -0.035  -0.199   0.793
 91 302 19 37 30  -0.720   0.126  -0.160   0.753
 91 302 19 38 30  -0.583  -0.019  -0.154   0.670
 91 302 19 39 30  -0.410  -0.251  -0.173   0.531
 91 302 19 40 30  -0.335   0.007  -0.244   0.439
 91 302 19 41 30  -0.450  -0.100  -0.332   0.576
 91 302 19 42 30  -0.378  -0.032  -0.256   0.459
 91 302 19 43 30  -0.403   0.007  -0.284   0.498
 91 302 19 44 30  -0.484   0.065  -0.330   0.591
 91 302 19 45 30  -0.560   0.056  -0.319   0.648
 91 302 19 46 30  -0.596   0.015  -0.191   0.628
 91 302 19 47 30  -0.453   0.039  -0.082   0.466
 91 302 19 48 30  -0.210  -0.038   0.041   0.241
 91 302 19 49 30  -0.114  -0.119   0.125   0.268
 91 302 19 50 30   0.021  -0.187   0.117   0.323
 91 302 19 51 30   0.172  -0.094   0.237   0.310
 91 302 19 52 30   0.320  -0.166   0.304   0.477
 91 302 19 53 30   0.078  -0.269   0.089   0.355
 91 302 19 54 30  -0.004  -0.054  -0.271   0.291
 91 302 19 55 30  -0.099  -0.111  -0.254   0.307
 91 302 19 56 30  -0.189  -0.047   0.020   0.223
 91 302 19 57 30  -0.231   0.095   0.033   0.277
 91 302 19 58 30   0.281  -0.269   0.421   0.601
 91 302 19 59 30   0.285  -0.107   0.647   0.745
 91 302 20 00 30   0.117  -0.062   0.596   0.617
 91 302 20 01 30  -0.168   0.077   0.418   0.564
 91 302 20 02 30  -0.538   0.057   0.424   0.691
 91 302 20 03 30  -0.437   0.022   0.496   0.693
 91 302 20 04 30  -0.290   0.054   0.480   0.570
 91 302 20 05 30  -0.223  -0.086   0.578   0.633
 91 302 20 06 30   0.041  -0.362   0.556   0.675
 91 302 20 07 30   0.097  -0.500   0.470   0.694
 91 302 20 08 30   0.188  -0.447   0.258   0.580
 91 302 20 09 30  -0.079  -0.434   0.566   0.734
 91 302 20 10 30  -0.100  -0.504   0.520   0.755
 91 302 20 11 30  -0.072  -0.331   0.782   0.891
 91 302 20 12 30  -0.051  -0.460   0.907   1.019
 91 302 20 13 30  -0.043  -0.411   0.879   0.971
 91 302 20 14 30  -0.134  -0.405   0.967   1.059
 91 302 20 15 30  -0.191  -0.290   0.949   1.018
 91 302 20 16 30  -0.456  -0.092   0.902   1.031
 91 302 20 17 30  -0.627  -0.194   0.905   1.123
 91 302 20 18 30  -0.730  -0.070   0.859   1.134
 91 302 20 19 30  -0.724  -0.100   0.798   1.090
 91 302 20 20 30  -0.797  -0.102   0.743   1.105
 91 302 20 21 30  -0.980  -0.057   0.499   1.104
 91 302 20 22 30  -0.925  -0.281   0.473   1.080
 91 302 20 23 30  -0.906  -0.346   0.428   1.069
 91 302 20 24 30  -1.000  -0.279   0.287   1.083
 91 302 20 25 30  -0.867  -0.297   0.499   1.055
 91 302 20 26 30  -0.842  -0.032   0.631   1.060
 91 302 20 27 30  -0.759  -0.209   0.658   1.042
 91 302 20 28 30  -0.687  -0.343   0.640   1.023
 91 302 20 29 30  -0.742  -0.559   0.410   1.047
 91 302 20 30 30  -0.806  -0.427   0.429   1.010
 91 302 20 31 30  -0.830  -0.405   0.401   1.007
 91 302 20 32 30  -0.898  -0.300   0.371   1.019
 91 302 20 33 30  -0.894  -0.281   0.399   1.020
 91 302 20 34 30  -0.897  -0.286   0.342   1.006
 91 302 20 35 30  -0.951  -0.222   0.308   1.026
 91 302 20 36 30  -0.917  -0.264   0.383   1.029
 91 302 20 37 30  -0.952  -0.177   0.360   1.037
 91 302 20 38 30  -0.990  -0.116   0.364   1.064
 91 302 20 39 30  -1.010  -0.114   0.339   1.072
 91 302 20 40 30  -1.027  -0.078   0.296   1.072
 91 302 20 41 30  -1.034  -0.049   0.284   1.073
 91 302 20 42 30  -1.051  -0.054   0.217   1.075
 91 302 20 43 30  -1.052  -0.043   0.212   1.075
 91 302 20 44 30  -1.025  -0.074   0.293   1.071
 91 302 20 45 30  -1.002  -0.102   0.345   1.067
 91 302 20 46 30  -0.903  -0.258   0.520   1.080
 91 302 20 47 30  -0.952  -0.057   0.484   1.074
 91 302 20 48 30  -0.861  -0.006   0.619   1.077
 91 302 20 49 30  -0.816   0.150   0.652   1.058
 91 302 20 50 30  -0.819   0.098   0.629   1.072
 91 302 20 51 30  -0.956  -0.469   0.084   1.071
 91 302 20 52 30  -0.966  -0.454   0.175   1.083
 91 302 20 53 30  -1.003  -0.396   0.149   1.094
 91 302 20 54 30  -1.089  -0.258   0.333   1.169
 91 302 20 55 30  -1.103  -0.194   0.336   1.171
 91 302 20 56 30  -1.121  -0.085   0.365   1.184
 91 302 20 57 30  -1.106   0.092   0.296   1.153
 91 302 20 58 30  -1.049   0.234   0.270   1.109
 91 302 20 59 30  -1.053   0.239   0.314   1.125
 91 302 21 00 30  -1.066   0.102   0.451   1.167
 91 302 21 01 30  -1.076   0.035   0.495   1.196
 91 302 21 02 30  -1.050   0.203   0.405   1.146
 91 302 21 03 30  -1.011  -0.139   0.462   1.131
 91 302 21 06 30  -0.914  -0.159  -0.048   1.191
 91 302 21 07 30  -1.086   0.368   0.132   1.208
 91 302 21 09 30   0.373  -1.006  -0.984   1.456
 91 302 21 10 30  -0.470  -0.401  -0.145   1.275
 91 302 21 11 30  -1.018  -0.022   0.508   1.147
 91 302 21 12 30  -1.048  -0.201   0.573   1.216
 91 302 21 13 30  -1.049  -0.287   0.537   1.225
 91 302 21 14 30  -1.173   0.050   0.628   1.361
 91 302 21 15 30  -0.805  -1.020   0.451   1.380
 91 302 21 16 30  -0.681  -1.032   0.581   1.368
 91 302 21 17 30  -0.456  -1.165   0.603   1.397
 91 302 21 18 30  -0.547  -1.126   0.648   1.417
 91 302 21 19 30  -0.663  -1.086   0.665   1.439
 91 302 21 20 30  -0.699  -1.080   0.598   1.423
 91 302 21 21 30  -0.759  -1.057   0.616   1.441
 91 302 21 22 30  -0.789  -1.058   0.628   1.466
 91 302 21 23 30  -0.803  -1.117   0.654   1.526
 91 302 21 24 30  -0.972  -0.902   0.703   1.530
 91 302 21 25 30  -1.053  -0.876   0.666   1.530
 91 302 21 26 30  -0.990  -0.983   0.643   1.537
 91 302 21 27 30  -1.036  -0.914   0.763   1.580
 91 302 21 28 30  -1.115  -0.844   0.760   1.593
 91 302 21 29 30  -1.127  -0.873   0.734   1.604
 91 302 21 30 30  -1.162  -0.853   0.736   1.619
 91 302 21 31 30  -1.232  -0.836   0.734   1.662
 91 302 21 32 30  -1.280  -0.866   0.646   1.676
 91 302 21 33 30  -1.337  -0.782   0.643   1.678
 91 302 21 34 30  -1.311  -0.749   0.699   1.664
 91 302 21 35 30  -1.313  -0.733   0.701   1.661
 91 302 21 36 30  -1.288  -0.760   0.752   1.676
 91 302 21 37 30  -1.223  -0.842   0.755   1.669
 91 302 21 38 30  -1.287  -0.806   0.713   1.698
 91 302 21 39 30  -1.336  -0.709   0.808   1.723
 91 302 21 40 30  -1.363  -0.588   0.817   1.703
 91 302 21 41 30  -1.315  -0.652   0.789   1.671
 91 302 21 42 30  -1.125  -1.037   0.773   1.718
 91 302 21 43 30  -1.174  -0.974   0.796   1.724
 91 302 21 44 30  -1.215  -0.885   0.855   1.731
 91 302 21 45 30  -1.268  -0.784   0.878   1.732
 91 302 21 46 30  -1.340  -0.694   0.848   1.732
 91 302 21 47 30  -1.310  -0.723   0.896   1.744
 91 302 21 48 30  -1.276  -0.787   0.904   1.752
 91 302 21 49 30  -1.255  -0.791   0.916   1.744
 91 302 21 50 30  -1.289  -0.798   0.860   1.743
 91 302 21 51 30  -1.271  -0.819   0.853   1.736
 91 302 21 52 30  -1.292  -0.796   0.843   1.737
 91 302 21 53 30  -1.280  -0.787   0.868   1.736
 91 302 21 54 30  -1.285  -0.778   0.848   1.726
 91 302 21 55 30  -1.257  -0.755   0.869   1.706
 91 302 21 56 30  -1.275  -0.799   0.829   1.718
 91 302 21 57 30  -1.275  -0.816   0.832   1.728
 91 302 21 58 30  -1.217  -0.889   0.838   1.726
 91 302 21 59 30  -1.243  -0.879   0.810   1.727
 91 302 22 00 30  -1.241  -0.897   0.797   1.727
 91 302 22 01 30  -1.221  -0.896   0.807   1.717
 91 302 22 02 30  -1.173  -0.955   0.817   1.720
 91 302 22 03 30  -1.205  -0.922   0.815   1.723
 91 302 22 04 30  -1.151  -0.951   0.832   1.710
 91 302 22 05 30  -1.162  -0.927   0.840   1.709
 91 302 22 06 30  -1.200  -0.896   0.831   1.714
 91 302 22 07 30  -1.230  -0.870   0.803   1.709
 91 302 22 08 30  -1.255  -0.895   0.713   1.699
 91 302 22 09 30  -1.254  -0.879   0.726   1.696
 91 302 22 10 30  -1.249  -0.882   0.750   1.704
 91 302 22 11 30  -1.261  -0.933   0.673   1.710
 91 302 22 12 30  -1.262  -0.891   0.680   1.690
 91 302 22 13 30  -1.301  -0.820   0.688   1.685
 91 302 22 14 30  -1.270  -0.912   0.637   1.691
 91 302 22 15 30  -1.331  -0.788   0.668   1.686
 91 302 22 16 30  -1.355  -0.777   0.629   1.685
 91 302 22 17 30  -1.366  -0.761   0.626   1.686
 91 302 22 18 30  -1.373  -0.754   0.631   1.690
 91 302 22 19 30  -1.328  -0.793   0.674   1.688
 91 302 22 20 30  -1.330  -0.815   0.652   1.691
 91 302 22 21 30  -1.358  -0.779   0.668   1.703
 91 302 22 22 30  -1.368  -0.778   0.641   1.699
 91 302 22 23 30  -1.369  -0.797   0.612   1.699
 91 302 22 24 30  -1.395  -0.777   0.583   1.701
 91 302 22 25 30  -1.366  -0.814   0.595   1.699
 91 302 22 26 30  -1.399  -0.777   0.546   1.695
 91 302 22 27 30  -1.436  -0.722   0.533   1.695
 91 302 22 28 30  -1.450  -0.641   0.528   1.673
 91 302 22 29 30  -1.494  -0.583   0.511   1.686
 91 302 22 30 30  -1.399  -0.742   0.493   1.660
 91 302 22 31 30  -1.454  -0.656   0.532   1.685
 91 302 22 32 30  -1.527  -0.568   0.451   1.693
 91 302 22 33 30  -1.537  -0.498   0.467   1.683
 91 302 22 34 30  -1.483  -0.614   0.403   1.659
 91 302 22 35 30  -1.493  -0.627   0.399   1.669
 91 302 22 36 30  -1.574  -0.432   0.408   1.684
 91 302 22 37 30  -1.578  -0.340   0.346   1.651
 91 302 22 38 30  -1.563  -0.400   0.308   1.645
 91 302 22 39 30  -1.486  -0.518   0.428   1.632
 91 302 22 40 30  -1.445  -0.552   0.437   1.609
 91 302 22 41 30  -1.471  -0.457   0.426   1.600
 91 302 22 42 30  -1.460  -0.488   0.419   1.596
 91 302 22 43 30  -1.466  -0.515   0.358   1.596
 91 302 22 44 30  -1.463  -0.468   0.397   1.591
 91 302 22 45 30  -1.429  -0.612   0.451   1.621
 91 302 22 46 30  -1.433  -0.697   0.438   1.653
 91 302 22 47 30  -1.429  -0.686   0.487   1.659
 91 302 22 48 30  -1.431  -0.640   0.524   1.653
 91 302 22 49 30  -1.456  -0.535   0.527   1.640
 91 302 22 50 30  -1.470  -0.449   0.546   1.631
 91 302 22 51 30  -1.479  -0.493   0.536   1.648
 91 302 22 52 30  -1.465  -0.505   0.546   1.644
 91 302 22 53 30  -1.446  -0.519   0.587   1.645
 91 302 22 54 30  -1.439  -0.527   0.536   1.625
 91 302 22 55 30  -1.455  -0.603   0.499   1.652
 91 302 22 56 30  -1.448  -0.603   0.509   1.649
 91 302 22 57 30  -1.476  -0.568   0.515   1.664
 91 302 22 58 30  -1.468  -0.605   0.546   1.679
 91 302 22 59 30  -1.452  -0.633   0.538   1.673
 91 302 23 00 30  -1.436  -0.652   0.521   1.661
 91 302 23 01 30  -1.470  -0.625   0.485   1.670
 91 302 23 02 30  -1.460  -0.652   0.475   1.669
 91 302 23 03 30  -1.446  -0.657   0.522   1.672
 91 302 23 04 30  -1.444  -0.625   0.508   1.654
 91 302 23 05 30  -1.435  -0.663   0.481   1.652
 91 302 23 06 30  -1.408  -0.686   0.500   1.645
 91 302 23 07 30  -1.369  -0.691   0.538   1.626
 91 302 23 08 30  -1.369  -0.680   0.538   1.621
 91 302 23 09 30  -1.371  -0.656   0.567   1.623
 91 302 23 10 30  -1.399  -0.648   0.520   1.629
 91 302 23 11 30  -1.346  -0.625   0.583   1.595
 91 302 23 12 30  -1.349  -0.607   0.524   1.569
 91 302 23 13 30  -1.318  -0.586   0.618   1.570
 91 302 23 14 30  -1.170  -0.520   0.852   1.542
 91 302 23 15 30  -1.289  -0.607   0.583   1.555
 91 302 23 16 30  -1.332  -0.638   0.515   1.564
 91 302 23 17 30  -1.309  -0.612   0.578   1.557
 91 302 23 18 30  -1.330  -0.644   0.541   1.574
 91 302 23 19 30  -1.358  -0.631   0.494   1.577
 91 302 23 20 30  -1.349  -0.679   0.410   1.566
 91 302 23 21 30  -1.367  -0.663   0.418   1.576
 91 302 23 22 30  -1.391  -0.693   0.414   1.609
 91 302 23 23 30  -1.373  -0.696   0.443   1.602
 91 302 23 24 30  -1.381  -0.697   0.409   1.601
 91 302 23 25 30  -1.371  -0.683   0.434   1.593
 91 302 23 26 30  -1.370  -0.676   0.435   1.590
 91 302 23 27 30  -1.423  -0.675   0.293   1.602
 91 302 23 28 30  -1.424  -0.682   0.260   1.601
 91 302 23 29 30  -1.399  -0.699   0.203   1.579
 91 302 23 30 30  -1.439  -0.647   0.054   1.583
 91 302 23 31 30  -1.394  -0.689   0.238   1.576
 91 302 23 32 30  -1.398  -0.694   0.289   1.588
 91 302 23 33 30  -1.394  -0.674   0.342   1.586
 91 302 23 34 30  -1.354  -0.685   0.401   1.570
 91 302 23 35 30  -1.326  -0.705   0.442   1.566
 91 302 23 36 30  -1.328  -0.714   0.439   1.570
 91 302 23 37 30  -1.351  -0.667   0.451   1.573
 91 302 23 38 30  -1.342  -0.654   0.490   1.571
 91 302 23 39 30  -1.323  -0.602   0.493   1.535
 91 302 23 40 30  -1.342  -0.675   0.347   1.548
 91 302 23 41 30  -1.356  -0.730   0.175   1.550
 91 302 23 42 30  -1.346  -0.703   0.178   1.532
 91 302 23 43 30  -1.380  -0.634   0.267   1.543
 91 302 23 44 30  -1.364  -0.667   0.231   1.537
 91 302 23 45 30  -1.382  -0.643   0.244   1.544
 91 302 23 46 30  -1.359  -0.694   0.237   1.545
 91 302 23 47 30  -1.364  -0.679   0.215   1.538
 91 302 23 48 30  -1.392  -0.629   0.189   1.540
 91 302 23 49 30  -1.402  -0.630   0.068   1.540
 91 302 23 50 30  -1.396  -0.631  -0.072   1.534
 91 302 23 51 30  -1.411  -0.565  -0.152   1.530
 91 302 23 52 30  -1.410  -0.572  -0.104   1.526
 91 302 23 53 30  -1.423  -0.644   0.044   1.564
 91 302 23 54 30  -1.424  -0.701   0.205   1.601
 91 302 23 55 30  -1.431  -0.712   0.161   1.606
 91 302 23 56 30  -1.427  -0.735   0.164   1.614
 91 302 23 57 30  -1.381  -0.708   0.231   1.570
 91 302 23 58 30  -1.416  -0.723   0.223   1.606
 91 302 23 59 30  -1.409  -0.726   0.222   1.601
