 91 307 00 00 30  -0.286   0.143   0.160   0.358
 91 307 00 01 30  -0.282   0.134   0.167   0.355
 91 307 00 02 30  -0.266   0.152   0.184   0.358
 91 307 00 03 30  -0.267   0.165   0.169   0.356
 91 307 00 04 30  -0.273   0.158   0.168   0.358
 91 307 00 05 30  -0.276   0.146   0.174   0.358
 91 307 00 06 30  -0.276   0.122   0.181   0.352
 91 307 00 07 30  -0.271   0.113   0.185   0.347
 91 307 00 08 30  -0.276   0.116   0.190   0.355
 91 307 00 09 30  -0.270   0.139   0.179   0.353
 91 307 00 10 30  -0.247   0.169   0.180   0.350
 91 307 00 11 30  -0.105   0.243   0.154   0.323
 91 307 00 12 30   0.033   0.291   0.100   0.312
 91 307 00 13 30   0.054   0.307   0.102   0.328
 91 307 00 14 30   0.045   0.320   0.098   0.338
 91 307 00 15 30   0.002   0.309   0.122   0.334
 91 307 00 16 30   0.007   0.317   0.140   0.348
 91 307 00 17 30   0.042   0.299   0.162   0.344
 91 307 00 18 30   0.067   0.288   0.145   0.331
 91 307 00 19 30   0.067   0.273   0.158   0.323
 91 307 00 20 30   0.111   0.262   0.135   0.320
 91 307 00 21 30   0.035   0.245   0.192   0.322
 91 307 00 22 30  -0.154   0.191   0.225   0.337
 91 307 00 23 30  -0.152   0.174   0.230   0.331
 91 307 00 24 30  -0.148   0.168   0.237   0.327
 91 307 00 25 30  -0.152   0.169   0.245   0.335
 91 307 00 26 30  -0.142   0.171   0.236   0.326
 91 307 00 27 30  -0.120   0.217   0.217   0.330
 91 307 00 28 30  -0.108   0.229   0.220   0.336
 91 307 00 29 30  -0.096   0.226   0.223   0.332
 91 307 00 30 30  -0.072   0.225   0.226   0.329
 91 307 00 31 30  -0.072   0.213   0.239   0.329
 91 307 00 32 30  -0.066   0.236   0.225   0.334
 91 307 00 33 30  -0.062   0.239   0.220   0.333
 91 307 00 34 30   0.005   0.277   0.196   0.340
 91 307 00 35 30   0.042   0.295   0.163   0.340
 91 307 00 36 30   0.023   0.277   0.203   0.345
 91 307 00 37 30   0.035   0.261   0.215   0.341
 91 307 00 38 30   0.030   0.254   0.218   0.337
 91 307 00 39 30   0.022   0.255   0.206   0.330
 91 307 00 40 30  -0.011   0.245   0.210   0.323
 91 307 00 41 30  -0.003   0.241   0.208   0.320
 91 307 00 42 30  -0.025   0.238   0.208   0.319
 91 307 00 43 30   0.012   0.261   0.174   0.315
 91 307 00 44 30   0.049   0.274   0.139   0.312
 91 307 00 45 30   0.090   0.271   0.110   0.307
 91 307 00 46 30   0.050   0.271   0.143   0.316
 91 307 00 47 30  -0.052   0.262   0.212   0.341
 91 307 00 48 30  -0.075   0.273   0.199   0.346
 91 307 00 49 30  -0.074   0.276   0.196   0.347
 91 307 00 50 30  -0.087   0.266   0.219   0.355
 91 307 00 51 30  -0.081   0.250   0.239   0.356
 91 307 00 52 30  -0.173   0.221   0.206   0.351
 91 307 00 53 30  -0.173   0.214   0.217   0.353
 91 307 00 54 30  -0.141   0.249   0.210   0.356
 91 307 00 55 30  -0.180   0.237   0.188   0.352
 91 307 00 56 30  -0.178   0.225   0.207   0.355
 91 307 00 57 30  -0.164   0.231   0.203   0.349
 91 307 00 58 30  -0.151   0.228   0.211   0.346
 91 307 00 59 30  -0.146   0.239   0.209   0.350
 91 307 01 00 30  -0.150   0.245   0.206   0.354
 91 307 01 01 30  -0.130   0.253   0.179   0.337
 91 307 01 02 30  -0.070   0.238   0.212   0.330
 91 307 01 03 30  -0.051   0.256   0.203   0.331
 91 307 01 04 30  -0.027   0.263   0.201   0.337
 91 307 01 05 30  -0.024   0.237   0.241   0.341
 91 307 01 06 30  -0.023   0.271   0.204   0.341
 91 307 01 07 30  -0.030   0.281   0.195   0.344
 91 307 01 08 30  -0.015   0.282   0.195   0.344
 91 307 01 09 30  -0.004   0.290   0.181   0.342
 91 307 01 10 30  -0.032   0.295   0.171   0.343
 91 307 01 11 30  -0.092   0.290   0.175   0.352
 91 307 01 12 30  -0.101   0.284   0.185   0.355
 91 307 01 13 30  -0.134   0.276   0.184   0.358
 91 307 01 14 30  -0.141   0.261   0.194   0.355
 91 307 01 15 30  -0.159   0.253   0.187   0.353
 91 307 01 16 30  -0.085   0.269   0.184   0.342
 91 307 01 17 30  -0.074   0.262   0.197   0.337
 91 307 01 18 30  -0.113   0.267   0.174   0.339
 91 307 01 19 30  -0.098   0.277   0.175   0.343
 91 307 01 20 30  -0.108   0.264   0.191   0.344
 91 307 01 21 30  -0.117   0.268   0.184   0.346
 91 307 01 22 30  -0.127   0.274   0.176   0.350
 91 307 01 23 30  -0.128   0.267   0.183   0.349
 91 307 01 24 30  -0.150   0.262   0.178   0.351
 91 307 01 25 30  -0.177   0.243   0.176   0.350
 91 307 01 26 30  -0.138   0.255   0.193   0.349
 91 307 01 27 30  -0.129   0.267   0.185   0.350
 91 307 01 28 30  -0.156   0.256   0.178   0.349
 91 307 01 29 30  -0.155   0.242   0.199   0.350
 91 307 01 30 30  -0.105   0.290   0.166   0.351
 91 307 01 31 30  -0.101   0.298   0.165   0.356
 91 307 01 32 30  -0.091   0.313   0.150   0.359
 91 307 01 33 30  -0.086   0.324   0.129   0.359
 91 307 01 34 30  -0.052   0.321   0.096   0.342
 91 307 01 35 30  -0.269   0.190   0.129   0.367
 91 307 01 36 30  -0.327   0.121   0.144   0.378
 91 307 01 37 30  -0.314   0.162   0.129   0.377
 91 307 01 38 30  -0.311   0.160   0.126   0.372
 91 307 01 39 30  -0.311   0.150   0.131   0.369
 91 307 01 40 30  -0.318   0.160   0.109   0.372
 91 307 01 41 30  -0.331   0.161   0.095   0.381
 91 307 01 42 30  -0.327   0.162   0.103   0.380
 91 307 01 43 30  -0.333   0.167   0.088   0.384
 91 307 01 44 30  -0.301   0.178   0.108   0.367
 91 307 01 45 30  -0.315   0.156   0.106   0.368
 91 307 01 46 30  -0.324   0.152   0.099   0.371
 91 307 01 47 30  -0.325   0.155   0.095   0.373
 91 307 01 48 30  -0.336   0.140   0.097   0.377
 91 307 01 49 30  -0.335   0.152   0.093   0.380
 91 307 01 50 30  -0.321   0.170   0.094   0.375
 91 307 01 51 30  -0.323   0.165   0.093   0.374
 91 307 01 52 30  -0.309   0.185   0.070   0.367
 91 307 01 53 30  -0.351   0.132   0.085   0.385
 91 307 01 54 30  -0.354   0.126   0.079   0.384
 91 307 01 55 30  -0.345   0.138   0.079   0.380
 91 307 01 56 30  -0.353   0.109   0.106   0.384
 91 307 01 57 30  -0.357   0.117   0.101   0.389
 91 307 01 58 30  -0.346   0.135   0.092   0.383
 91 307 01 59 30  -0.332   0.158   0.086   0.378
 91 307 02 00 30  -0.326   0.162   0.063   0.370
 91 307 02 01 30  -0.325   0.146   0.043   0.360
 91 307 02 02 30  -0.323   0.152   0.060   0.362
 91 307 02 03 30  -0.329   0.160   0.063   0.372
 91 307 02 04 30  -0.322   0.179   0.093   0.381
 91 307 02 05 30  -0.343   0.114   0.119   0.382
 91 307 02 06 30  -0.331   0.133   0.121   0.377
 91 307 02 07 30  -0.326   0.160   0.117   0.382
 91 307 02 08 30  -0.318   0.166   0.084   0.371
 91 307 02 09 30  -0.319   0.164   0.106   0.375
 91 307 02 10 30  -0.323   0.165   0.110   0.379
 91 307 02 11 30  -0.316   0.165   0.105   0.372
 91 307 02 12 30  -0.331   0.155   0.107   0.383
 91 307 02 13 30  -0.331   0.153   0.074   0.372
 91 307 02 14 30  -0.322   0.169   0.087   0.375
 91 307 02 15 30  -0.326   0.153   0.097   0.373
 91 307 02 16 30  -0.333   0.131   0.103   0.373
 91 307 02 17 30  -0.348   0.130   0.086   0.382
 91 307 02 18 30  -0.357   0.110   0.079   0.382
 91 307 02 19 30  -0.362   0.101   0.078   0.384
 91 307 02 20 30  -0.355   0.111   0.095   0.385
 91 307 02 21 30  -0.353   0.117   0.095   0.384
 91 307 02 22 30  -0.361   0.097   0.092   0.386
 91 307 02 23 30  -0.357   0.100   0.090   0.382
 91 307 02 24 30  -0.355   0.091   0.101   0.380
 91 307 02 25 30  -0.361   0.074   0.099   0.382
 91 307 02 26 30  -0.365   0.066   0.100   0.385
 91 307 02 27 30  -0.359   0.090   0.101   0.384
 91 307 02 28 30  -0.358   0.091   0.091   0.381
 91 307 02 29 30  -0.356   0.101   0.080   0.379
 91 307 02 30 30  -0.346   0.117   0.109   0.381
 91 307 02 31 30  -0.339   0.127   0.119   0.381
 91 307 02 32 30  -0.321   0.136   0.143   0.378
 91 307 02 33 30  -0.322   0.124   0.151   0.378
 91 307 02 34 30  -0.326   0.120   0.161   0.383
 91 307 02 35 30  -0.319   0.147   0.146   0.381
 91 307 02 36 30  -0.305   0.179   0.144   0.382
 91 307 02 37 30  -0.286   0.177   0.151   0.370
 91 307 02 38 30  -0.217   0.256   0.123   0.358
 91 307 02 39 30  -0.269   0.193   0.125   0.355
 91 307 02 40 30  -0.286   0.191   0.108   0.361
 91 307 02 41 30  -0.291   0.155   0.112   0.349
 91 307 02 42 30  -0.310   0.151   0.088   0.356
 91 307 02 43 30  -0.279   0.205   0.081   0.356
 91 307 02 44 30  -0.282   0.192   0.100   0.358
 91 307 02 45 30  -0.292   0.153   0.119   0.351
 91 307 02 46 30  -0.303   0.147   0.119   0.357
 91 307 02 47 30  -0.302   0.151   0.119   0.358
 91 307 02 48 30  -0.306   0.137   0.118   0.356
 91 307 02 49 30  -0.319   0.119   0.135   0.366
 91 307 02 50 30  -0.296   0.123   0.154   0.356
 91 307 02 51 30  -0.302   0.125   0.140   0.356
 91 307 02 52 30  -0.295   0.118   0.149   0.351
 91 307 02 53 30  -0.301   0.148   0.118   0.356
 91 307 02 54 30  -0.303   0.146   0.111   0.354
 91 307 02 55 30  -0.314   0.149   0.111   0.365
 91 307 02 56 30  -0.312   0.136   0.133   0.365
 91 307 02 57 30  -0.302   0.160   0.119   0.362
 91 307 02 58 30  -0.301   0.155   0.132   0.364
 91 307 02 59 30  -0.313   0.139   0.120   0.363
 91 307 03 00 30  -0.319   0.145   0.119   0.370
 91 307 03 01 30  -0.327   0.128   0.120   0.374
 91 307 03 02 30  -0.313   0.162   0.128   0.375
 91 307 03 03 30  -0.317   0.160   0.136   0.381
 91 307 03 04 30  -0.325   0.149   0.134   0.382
 91 307 03 05 30  -0.334   0.135   0.130   0.383
 91 307 03 06 30  -0.350   0.133   0.125   0.395
 91 307 03 07 30  -0.343   0.141   0.115   0.388
 91 307 03 08 30  -0.330   0.147   0.133   0.385
 91 307 03 09 30  -0.321   0.144   0.159   0.386
 91 307 03 10 30  -0.317   0.144   0.168   0.387
 91 307 03 11 30  -0.332   0.125   0.163   0.391
 91 307 03 12 30  -0.342   0.123   0.145   0.392
 91 307 03 13 30  -0.352   0.119   0.135   0.395
 91 307 03 14 30  -0.359   0.118   0.107   0.393
 91 307 03 15 30  -0.362   0.110   0.107   0.393
 91 307 03 16 30  -0.357   0.115   0.113   0.392
 91 307 03 17 30  -0.354   0.120   0.111   0.391
 91 307 03 18 30  -0.318   0.158   0.142   0.383
 91 307 03 19 30  -0.329   0.133   0.148   0.385
 91 307 03 20 30  -0.334   0.120   0.145   0.384
 91 307 03 21 30  -0.354   0.095   0.115   0.384
 91 307 03 22 30  -0.370   0.087   0.094   0.392
 91 307 03 23 30  -0.368   0.101   0.097   0.394
 91 307 03 24 30  -0.361   0.115   0.102   0.393
 91 307 03 25 30  -0.355   0.125   0.110   0.392
 91 307 03 26 30  -0.349   0.132   0.117   0.391
 91 307 03 27 30  -0.343   0.143   0.113   0.389
 91 307 03 28 30  -0.354   0.125   0.101   0.389
 91 307 03 29 30  -0.370   0.091   0.099   0.395
 91 307 03 30 30  -0.370   0.088   0.109   0.396
 91 307 03 31 30  -0.360   0.119   0.111   0.395
 91 307 03 32 30  -0.358   0.113   0.113   0.392
 91 307 03 33 30  -0.360   0.111   0.107   0.392
 91 307 03 34 30  -0.362   0.101   0.106   0.391
 91 307 03 35 30  -0.361   0.118   0.103   0.394
 91 307 03 36 30  -0.355   0.120   0.103   0.389
 91 307 03 37 30  -0.357   0.124   0.107   0.393
 91 307 03 38 30  -0.363   0.105   0.108   0.393
 91 307 03 39 30  -0.373   0.083   0.095   0.394
 91 307 03 40 30  -0.370   0.093   0.093   0.393
 91 307 03 41 30  -0.364   0.093   0.108   0.392
 91 307 03 42 30  -0.356   0.127   0.105   0.393
 91 307 03 43 30  -0.349   0.130   0.104   0.387
 91 307 03 44 30  -0.361   0.110   0.100   0.390
 91 307 03 45 30  -0.354   0.129   0.110   0.393
 91 307 03 46 30  -0.363   0.119   0.099   0.395
 91 307 03 47 30  -0.365   0.095   0.114   0.394
 91 307 03 48 30  -0.372   0.078   0.105   0.394
 91 307 03 49 30  -0.367   0.077   0.122   0.395
 91 307 03 50 30  -0.352   0.129   0.132   0.398
 91 307 03 51 30  -0.364   0.121   0.113   0.400
 91 307 03 52 30  -0.366   0.117   0.120   0.403
 91 307 03 53 30  -0.374   0.092   0.121   0.404
 91 307 03 54 30  -0.376   0.078   0.137   0.408
 91 307 03 55 30  -0.383   0.063   0.125   0.408
 91 307 03 56 30  -0.375   0.087   0.130   0.407
 91 307 03 57 30  -0.358   0.131   0.128   0.402
 91 307 03 58 30  -0.334   0.169   0.121   0.394
 91 307 03 59 30  -0.353   0.106   0.122   0.394
 91 307 04 00 30  -0.373   0.080   0.122   0.401
 91 307 04 01 30  -0.373   0.100   0.118   0.404
 91 307 04 02 30  -0.378   0.081   0.117   0.404
 91 307 04 03 30  -0.388   0.075   0.112   0.411
 91 307 04 04 30  -0.387   0.083   0.115   0.412
 91 307 04 05 30  -0.386   0.078   0.121   0.412
 91 307 04 06 30  -0.388   0.075   0.136   0.418
 91 307 04 07 30  -0.382   0.106   0.123   0.415
 91 307 04 08 30  -0.378   0.098   0.135   0.413
 91 307 04 09 30  -0.379   0.091   0.140   0.414
 91 307 04 10 30  -0.377   0.057   0.148   0.410
 91 307 04 11 30  -0.383   0.049   0.129   0.408
 91 307 04 12 30  -0.377   0.045   0.153   0.409
 91 307 04 13 30  -0.379   0.037   0.151   0.410
 91 307 04 14 30  -0.380   0.029   0.157   0.413
 91 307 04 15 30  -0.378   0.042   0.152   0.410
 91 307 04 16 30  -0.374   0.059   0.147   0.406
 91 307 04 17 30  -0.364   0.094   0.151   0.406
 91 307 04 18 30  -0.371   0.065   0.152   0.406
 91 307 04 19 30  -0.382   0.048   0.126   0.405
 91 307 04 20 30  -0.372   0.066   0.142   0.404
 91 307 04 21 30  -0.380   0.069   0.129   0.407
 91 307 04 22 30  -0.374   0.068   0.149   0.408
 91 307 04 23 30  -0.368   0.036   0.162   0.404
 91 307 04 24 30  -0.365   0.068   0.151   0.401
 91 307 04 25 30  -0.364   0.096   0.141   0.402
 91 307 04 26 30  -0.367   0.083   0.140   0.402
 91 307 04 27 30  -0.369   0.093   0.134   0.403
 91 307 04 28 30  -0.367   0.080   0.130   0.398
 91 307 04 29 30  -0.369   0.080   0.141   0.403
 91 307 04 30 30  -0.365   0.083   0.141   0.400
 91 307 04 31 30  -0.365   0.083   0.132   0.397
 91 307 04 32 30  -0.367   0.089   0.126   0.398
 91 307 04 33 30  -0.379   0.084   0.107   0.402
 91 307 04 34 30  -0.379   0.083   0.107   0.402
 91 307 04 35 30  -0.358   0.102   0.161   0.406
 91 307 04 36 30  -0.351   0.094   0.177   0.405
 91 307 04 37 30  -0.350   0.094   0.162   0.397
 91 307 04 38 30  -0.354   0.088   0.173   0.404
 91 307 04 39 30  -0.360   0.089   0.156   0.403
 91 307 04 40 30  -0.355   0.088   0.167   0.403
 91 307 04 41 30  -0.341   0.099   0.174   0.396
 91 307 04 42 30  -0.354   0.079   0.159   0.396
 91 307 04 43 30  -0.366   0.056   0.155   0.402
 91 307 04 44 30  -0.355   0.051   0.153   0.391
 91 307 04 45 30  -0.363   0.047   0.148   0.395
 91 307 04 46 30  -0.366  -0.004   0.146   0.395
 91 307 04 47 30  -0.368  -0.024   0.159   0.402
 91 307 04 48 30  -0.362   0.010   0.154   0.394
 91 307 04 49 30  -0.358   0.032   0.166   0.397
 91 307 04 50 30  -0.376   0.014   0.145   0.405
 91 307 04 51 30  -0.377  -0.005   0.147   0.405
 91 307 04 52 30  -0.376  -0.025   0.146   0.404
 91 307 04 53 30  -0.368  -0.069   0.143   0.401
 91 307 04 54 30  -0.369  -0.039   0.151   0.405
 91 307 04 55 30  -0.369   0.120   0.152   0.417
 91 307 04 56 30  -0.363   0.099   0.160   0.409
 91 307 04 57 30  -0.365   0.096   0.154   0.408
 91 307 04 58 30  -0.363   0.102   0.138   0.402
 91 307 04 59 30  -0.350   0.146   0.138   0.403
 91 307 05 00 30  -0.333   0.168   0.141   0.399
 91 307 05 01 30  -0.346   0.137   0.137   0.397
 91 307 05 02 30  -0.345   0.115   0.154   0.395
 91 307 05 03 30  -0.359   0.084   0.158   0.402
 91 307 05 04 30  -0.359   0.105   0.149   0.402
 91 307 05 05 30  -0.353   0.127   0.140   0.401
 91 307 05 06 30  -0.344   0.126   0.153   0.397
 91 307 05 07 30  -0.343   0.135   0.143   0.395
 91 307 05 08 30  -0.323   0.159   0.156   0.393
 91 307 05 09 30  -0.321   0.167   0.158   0.395
 91 307 05 10 30  -0.320   0.165   0.155   0.392
 91 307 05 11 30  -0.325   0.166   0.149   0.395
 91 307 05 12 30  -0.351   0.128   0.150   0.403
 91 307 05 13 30  -0.356   0.113   0.145   0.401
 91 307 05 14 30  -0.342   0.132   0.153   0.398
 91 307 05 15 30  -0.382   0.011   0.116   0.401
 91 307 05 16 30  -0.386   0.016   0.136   0.410
 91 307 05 17 30  -0.380   0.081   0.129   0.411
 91 307 05 18 30  -0.354   0.156   0.127   0.408
 91 307 05 19 30  -0.345   0.190   0.120   0.413
 91 307 05 20 30  -0.334   0.205   0.119   0.409
 91 307 05 21 30  -0.338   0.191   0.123   0.407
 91 307 05 22 30  -0.341   0.174   0.124   0.404
 91 307 05 23 30  -0.315   0.188   0.132   0.390
 91 307 05 24 30  -0.339   0.170   0.115   0.396
 91 307 05 25 30  -0.335   0.164   0.123   0.394
 91 307 05 26 30  -0.332   0.179   0.117   0.396
 91 307 05 27 30  -0.320   0.203   0.106   0.394
 91 307 05 28 30  -0.330   0.183   0.105   0.394
 91 307 05 29 30  -0.331   0.169   0.122   0.393
 91 307 05 30 30  -0.313   0.204   0.100   0.387
 91 307 05 31 30  -0.299   0.209   0.115   0.383
 91 307 05 32 30  -0.267   0.247   0.137   0.389
 91 307 05 33 30  -0.271   0.233   0.119   0.377
 91 307 05 34 30  -0.271   0.229   0.119   0.374
 91 307 05 35 30  -0.286   0.235   0.120   0.389
 91 307 05 36 30  -0.279   0.242   0.113   0.386
 91 307 05 37 30  -0.292   0.179   0.098   0.359
 91 307 05 38 30  -0.314   0.119   0.055   0.342
 91 307 05 39 30  -0.317   0.066   0.054   0.329
 91 307 05 40 30  -0.304   0.066   0.050   0.315
 91 307 05 41 30  -0.313   0.056   0.036   0.320
 91 307 05 42 30  -0.316   0.054   0.019   0.322
 91 307 05 43 30  -0.301   0.076   0.028   0.312
 91 307 05 44 30  -0.311   0.061   0.038   0.320
 91 307 05 45 30  -0.287   0.066   0.046   0.299
 91 307 05 46 30  -0.299   0.090   0.034   0.315
 91 307 05 47 30  -0.306   0.098   0.033   0.323
 91 307 05 48 30  -0.298   0.095   0.028   0.314
 91 307 05 49 30  -0.294   0.118   0.019   0.318
 91 307 05 50 30  -0.267   0.143   0.048   0.309
 91 307 05 51 30  -0.249   0.217   0.092   0.345
 91 307 05 52 30  -0.245   0.234   0.065   0.346
 91 307 05 53 30  -0.228   0.239   0.088   0.343
 91 307 05 54 30  -0.204   0.252   0.095   0.339
 91 307 05 55 30  -0.204   0.253   0.060   0.332
 91 307 05 56 30  -0.194   0.279   0.056   0.344
 91 307 05 57 30  -0.183   0.281   0.022   0.337
 91 307 05 58 30  -0.135   0.294   0.052   0.329
 91 307 05 59 30  -0.180   0.268   0.057   0.330
 91 307 06 00 30  -0.169   0.277   0.041   0.328
 91 307 06 01 30  -0.136   0.290   0.070   0.329
 91 307 06 02 30  -0.175   0.273   0.015   0.329
 91 307 06 03 30  -0.238   0.230   0.024   0.334
 91 307 06 04 30  -0.230   0.248  -0.010   0.339
 91 307 06 05 30  -0.262   0.209  -0.020   0.337
 91 307 06 06 30  -0.230   0.243  -0.011   0.337
 91 307 06 07 30  -0.217   0.252   0.001   0.334
 91 307 06 08 30  -0.236   0.238   0.004   0.336
 91 307 06 09 30  -0.229   0.242   0.033   0.336
 91 307 06 10 30  -0.200   0.260  -0.003   0.330
 91 307 06 11 30  -0.212   0.254   0.003   0.332
 91 307 06 12 30  -0.211   0.256   0.011   0.333
 91 307 06 13 30  -0.188   0.273   0.014   0.333
 91 307 06 14 30  -0.190   0.264  -0.004   0.326
 91 307 06 15 30  -0.168   0.268  -0.017   0.317
 91 307 06 16 30  -0.165   0.283   0.001   0.329
 91 307 06 17 30  -0.125   0.285   0.037   0.314
 91 307 06 18 30  -0.049   0.289   0.093   0.310
 91 307 06 19 30  -0.121   0.285   0.094   0.327
 91 307 06 20 30  -0.167   0.279   0.068   0.332
 91 307 06 21 30  -0.183   0.271   0.042   0.330
 91 307 06 22 30  -0.152   0.252   0.078   0.305
 91 307 06 23 30  -0.133   0.249   0.104   0.302
 91 307 06 24 30  -0.185   0.249   0.096   0.326
 91 307 06 25 30  -0.108   0.286   0.148   0.342
 91 307 06 26 30  -0.019   0.283   0.183   0.338
 91 307 06 27 30  -0.024   0.290   0.176   0.341
 91 307 06 28 30  -0.009   0.292   0.176   0.342
 91 307 06 29 30  -0.037   0.291   0.175   0.344
 91 307 06 30 30  -0.115   0.301   0.148   0.355
 91 307 06 31 30  -0.120   0.294   0.158   0.355
 91 307 06 32 30  -0.119   0.291   0.170   0.358
 91 307 06 33 30  -0.096   0.297   0.164   0.353
 91 307 06 34 30  -0.112   0.303   0.128   0.349
 91 307 06 35 30  -0.130   0.305   0.107   0.349
 91 307 06 36 30  -0.107   0.297   0.135   0.344
 91 307 06 37 30  -0.116   0.293   0.145   0.347
 91 307 06 38 30  -0.145   0.288   0.132   0.349
 91 307 06 39 30  -0.160   0.279   0.137   0.350
 91 307 06 40 30  -0.158   0.283   0.141   0.354
 91 307 06 41 30  -0.155   0.282   0.142   0.352
 91 307 06 42 30  -0.138   0.292   0.132   0.349
 91 307 06 43 30  -0.136   0.293   0.133   0.350
 91 307 06 44 30  -0.116   0.301   0.132   0.349
 91 307 06 45 30  -0.121   0.300   0.132   0.350
 91 307 06 46 30  -0.135   0.289   0.145   0.350
 91 307 06 47 30  -0.148   0.288   0.132   0.350
 91 307 06 48 30  -0.145   0.292   0.134   0.353
 91 307 06 49 30  -0.104   0.278   0.156   0.336
 91 307 06 50 30  -0.114   0.295   0.124   0.340
 91 307 06 51 30  -0.145   0.296   0.115   0.349
 91 307 06 52 30  -0.151   0.298   0.091   0.346
 91 307 06 53 30  -0.081   0.309   0.103   0.337
 91 307 06 54 30  -0.049   0.318   0.099   0.337
 91 307 06 55 30  -0.091   0.312   0.107   0.343
 91 307 06 56 30  -0.126   0.300   0.115   0.346
 91 307 06 57 30  -0.140   0.297   0.108   0.347
 91 307 06 58 30  -0.094   0.309   0.117   0.345
 91 307 06 59 30  -0.065   0.302   0.153   0.345
 91 307 07 00 30  -0.040   0.321   0.104   0.341
 91 307 07 01 30  -0.012   0.304   0.105   0.322
 91 307 07 02 30  -0.037   0.309   0.109   0.330
 91 307 07 03 30  -0.043   0.318   0.103   0.337
 91 307 07 04 30  -0.061   0.321   0.102   0.344
 91 307 07 05 30  -0.063   0.328   0.102   0.350
 91 307 07 06 30  -0.054   0.343   0.080   0.358
 91 307 07 07 30  -0.045   0.308   0.169   0.356
 91 307 07 08 30  -0.043   0.302   0.181   0.356
 91 307 07 09 30  -0.053   0.324   0.136   0.355
 91 307 07 10 30  -0.075   0.314   0.153   0.358
 91 307 07 11 30  -0.072   0.316   0.139   0.353
 91 307 07 12 30  -0.065   0.320   0.132   0.352
 91 307 07 13 30  -0.088   0.316   0.123   0.351
 91 307 07 14 30  -0.122   0.312   0.113   0.354
 91 307 07 15 30  -0.092   0.315   0.145   0.360
 91 307 07 16 30  -0.058   0.309   0.187   0.366
 91 307 07 17 30  -0.034   0.312   0.179   0.361
 91 307 07 18 30  -0.033   0.321   0.168   0.364
 91 307 07 19 30  -0.052   0.320   0.178   0.371
 91 307 07 20 30  -0.069   0.338   0.122   0.368
 91 307 07 21 30  -0.074   0.333   0.114   0.360
 91 307 07 22 30  -0.088   0.338   0.119   0.370
 91 307 07 23 30  -0.079   0.344   0.118   0.373
 91 307 07 24 30  -0.090   0.342   0.103   0.369
 91 307 07 25 30  -0.090   0.331   0.107   0.360
 91 307 07 26 30  -0.086   0.332   0.123   0.365
 91 307 07 27 30  -0.072   0.336   0.128   0.367
 91 307 07 28 30  -0.077   0.328   0.132   0.362
 91 307 07 29 30  -0.088   0.326   0.129   0.363
 91 307 07 30 30  -0.063   0.333   0.136   0.366
 91 307 07 31 30  -0.072   0.338   0.109   0.363
 91 307 07 32 30  -0.077   0.340   0.113   0.367
 91 307 07 33 30  -0.067   0.332   0.122   0.361
 91 307 07 34 30  -0.052   0.340   0.121   0.365
 91 307 07 35 30  -0.044   0.344   0.111   0.364
 91 307 07 36 30  -0.048   0.342   0.106   0.362
 91 307 07 37 30  -0.062   0.346   0.109   0.368
 91 307 07 38 30  -0.055   0.347   0.098   0.365
 91 307 07 39 30  -0.048   0.357   0.093   0.372
 91 307 07 40 30  -0.053   0.352   0.090   0.367
 91 307 07 41 30  -0.057   0.348   0.102   0.367
 91 307 07 42 30  -0.056   0.360   0.089   0.375
 91 307 07 43 30  -0.043   0.354   0.078   0.366
 91 307 07 44 30  -0.058   0.350   0.079   0.363
 91 307 07 45 30  -0.036   0.363   0.064   0.371
 91 307 07 46 30  -0.053   0.358   0.057   0.368
 91 307 07 47 30  -0.119   0.333   0.086   0.364
 91 307 07 48 30  -0.116   0.334   0.090   0.366
 91 307 07 49 30  -0.109   0.342   0.080   0.368
 91 307 07 50 30  -0.103   0.343   0.064   0.365
 91 307 07 51 30  -0.102   0.341   0.070   0.364
 91 307 07 52 30  -0.101   0.345   0.072   0.367
 91 307 07 53 30  -0.108   0.347   0.069   0.371
 91 307 07 54 30  -0.100   0.350   0.064   0.370
 91 307 07 55 30  -0.093   0.352   0.055   0.369
 91 307 07 56 30  -0.088   0.349   0.053   0.364
 91 307 07 57 30  -0.090   0.344   0.053   0.360
 91 307 07 58 30  -0.070   0.354   0.048   0.365
 91 307 07 59 30  -0.080   0.356   0.051   0.369
 91 307 08 00 30  -0.066   0.358   0.052   0.368
 91 307 08 01 30  -0.055   0.360   0.064   0.370
 91 307 08 02 30  -0.041   0.362   0.068   0.372
 91 307 08 03 30  -0.016   0.356   0.078   0.366
 91 307 08 04 30  -0.032   0.355   0.084   0.366
 91 307 08 05 30  -0.028   0.348   0.070   0.359
 91 307 08 06 30  -0.077   0.338   0.096   0.361
 91 307 08 07 30  -0.086   0.334   0.110   0.363
 91 307 08 08 30  -0.028   0.353   0.096   0.370
 91 307 08 09 30   0.000   0.351   0.091   0.365
 91 307 08 10 30   0.032   0.352   0.070   0.362
 91 307 08 11 30   0.025   0.360   0.066   0.368
 91 307 08 12 30   0.041   0.347   0.094   0.362
 91 307 08 13 30  -0.013   0.351   0.106   0.367
 91 307 08 14 30  -0.041   0.342   0.119   0.367
 91 307 08 15 30  -0.010   0.350   0.100   0.365
 91 307 08 16 30   0.013   0.349   0.088   0.361
 91 307 08 17 30   0.014   0.350   0.077   0.361
 91 307 08 18 30  -0.025   0.341   0.095   0.355
 91 307 08 19 30  -0.029   0.338   0.120   0.360
 91 307 08 20 30  -0.030   0.347   0.098   0.362
 91 307 08 21 30  -0.041   0.350   0.069   0.362
 91 307 08 22 30  -0.115   0.324   0.100   0.360
 91 307 08 23 30  -0.161   0.315   0.099   0.368
 91 307 08 24 30  -0.157   0.308   0.094   0.360
 91 307 08 25 30  -0.127   0.327   0.072   0.360
 91 307 08 26 30  -0.138   0.308   0.133   0.364
 91 307 08 27 30  -0.145   0.317   0.101   0.364
 91 307 08 28 30  -0.124   0.315   0.124   0.361
 91 307 08 29 30  -0.126   0.307   0.136   0.360
 91 307 08 30 30  -0.120   0.321   0.114   0.363
 91 307 08 31 30  -0.147   0.323   0.074   0.366
 91 307 08 32 30  -0.120   0.335   0.055   0.363
 91 307 08 33 30  -0.144   0.320   0.065   0.358
 91 307 08 34 30  -0.150   0.321   0.054   0.358
 91 307 08 35 30  -0.183   0.305   0.045   0.359
 91 307 08 36 30  -0.138   0.325  -0.026   0.356
 91 307 08 37 30  -0.111   0.327  -0.106   0.363
 91 307 08 38 30  -0.094   0.337  -0.055   0.362
 91 307 08 39 30  -0.127   0.326   0.039   0.354
 91 307 08 40 30  -0.148   0.333  -0.056   0.369
 91 307 08 41 30  -0.139   0.310   0.029   0.369
 91 307 08 42 30  -0.167   0.297   0.174   0.383
 91 307 08 43 30  -0.181   0.286   0.173   0.380
 91 307 08 44 30  -0.168   0.280   0.181   0.375
 91 307 08 45 30  -0.149   0.297   0.184   0.380
 91 307 08 46 30  -0.150   0.283   0.198   0.377
 91 307 08 47 30  -0.128   0.273   0.206   0.366
 91 307 08 48 30  -0.184   0.286   0.145   0.371
 91 307 08 49 30  -0.174   0.302   0.160   0.384
 91 307 08 50 30  -0.166   0.292   0.156   0.373
 91 307 08 51 30  -0.180   0.301   0.085   0.362
 91 307 08 52 30  -0.203   0.277   0.115   0.363
 91 307 08 53 30  -0.185   0.293   0.113   0.365
 91 307 08 54 30  -0.178   0.298   0.112   0.365
 91 307 08 55 30  -0.178   0.313   0.078   0.370
 91 307 08 56 30  -0.182   0.316   0.071   0.372
 91 307 08 57 30  -0.172   0.311   0.067   0.362
 91 307 08 58 30  -0.171   0.317   0.057   0.366
 91 307 08 59 30  -0.180   0.291   0.157   0.377
 91 307 09 00 30  -0.180   0.297   0.155   0.381
 91 307 09 01 30  -0.173   0.292   0.154   0.374
 91 307 09 02 30  -0.190   0.261   0.164   0.364
 91 307 09 03 30  -0.198   0.257   0.160   0.363
 91 307 09 04 30  -0.186   0.293   0.134   0.372
 91 307 09 05 30  -0.185   0.279   0.143   0.365
 91 307 09 06 30  -0.164   0.299   0.128   0.365
 91 307 09 07 30  -0.170   0.303   0.121   0.368
 91 307 09 08 30  -0.170   0.305   0.106   0.366
 91 307 09 09 30  -0.180   0.294   0.132   0.369
 91 307 09 10 30  -0.183   0.297   0.110   0.367
 91 307 09 11 30  -0.182   0.297   0.107   0.365
 91 307 09 12 30  -0.138   0.316   0.100   0.360
 91 307 09 13 30  -0.188   0.290   0.114   0.364
 91 307 09 14 30  -0.210   0.284   0.108   0.370
 91 307 09 15 30  -0.226   0.273   0.118   0.374
 91 307 09 16 30  -0.207   0.294   0.096   0.373
 91 307 09 17 30  -0.205   0.291   0.107   0.371
 91 307 09 18 30  -0.221   0.282   0.105   0.374
 91 307 09 19 30  -0.235   0.278   0.087   0.375
 91 307 09 20 30  -0.214   0.292   0.080   0.373
 91 307 09 21 30  -0.190   0.287   0.078   0.355
 91 307 09 22 30  -0.207   0.265   0.090   0.354
 91 307 09 23 30  -0.172   0.300   0.064   0.354
 91 307 09 24 30  -0.210   0.287   0.093   0.369
 91 307 09 25 30  -0.203   0.299   0.091   0.373
 91 307 09 26 30  -0.179   0.318   0.049   0.373
 91 307 09 27 30  -0.052   0.328  -0.134   0.372
 91 307 09 28 30   0.074   0.267  -0.234   0.367
 91 307 09 29 30   0.048   0.289  -0.210   0.362
 91 307 09 30 30   0.033   0.249  -0.259   0.363
 91 307 09 31 30  -0.138   0.224  -0.011   0.338
 91 307 09 32 30  -0.201   0.262   0.140   0.360
 91 307 09 33 30  -0.200   0.284   0.120   0.368
 91 307 09 34 30  -0.209   0.294   0.115   0.379
 91 307 09 35 30  -0.208   0.296   0.097   0.375
 91 307 09 36 30  -0.211   0.300   0.074   0.375
 91 307 09 37 30  -0.228   0.291   0.075   0.378
 91 307 09 38 30  -0.227   0.293   0.077   0.379
 91 307 09 39 30  -0.219   0.297   0.084   0.379
 91 307 09 40 30  -0.230   0.289   0.032   0.371
 91 307 09 41 30  -0.235   0.257   0.108   0.369
 91 307 09 42 30  -0.206   0.267   0.143   0.368
 91 307 09 43 30  -0.229   0.290   0.062   0.376
 91 307 09 44 30  -0.218   0.302   0.064   0.379
 91 307 09 45 30  -0.268   0.274   0.004   0.385
 91 307 09 46 30  -0.298   0.241   0.020   0.385
 91 307 09 47 30  -0.323   0.210  -0.001   0.385
 91 307 09 48 30  -0.311   0.225   0.023   0.384
 91 307 09 49 30  -0.327   0.195   0.030   0.382
 91 307 09 50 30  -0.339   0.185   0.021   0.387
 91 307 09 51 30  -0.337   0.183   0.029   0.385
 91 307 09 52 30  -0.323   0.201   0.036   0.383
 91 307 09 53 30  -0.330   0.200   0.045   0.388
 91 307 09 54 30  -0.337   0.198   0.045   0.394
 91 307 09 55 30  -0.347   0.176   0.063   0.394
 91 307 09 56 30  -0.348   0.179   0.048   0.395
 91 307 09 57 30  -0.343   0.186   0.041   0.393
 91 307 09 58 30  -0.351   0.178   0.055   0.397
 91 307 09 59 30  -0.346   0.181   0.060   0.395
 91 307 10 00 30  -0.346   0.185   0.050   0.396
 91 307 10 01 30  -0.351   0.172   0.063   0.396
 91 307 10 02 30  -0.354   0.189   0.038   0.403
 91 307 10 03 30  -0.350   0.196   0.040   0.404
 91 307 10 04 30  -0.361   0.187   0.044   0.409
 91 307 10 05 30  -0.361   0.185   0.043   0.408
 91 307 10 06 30  -0.347   0.205   0.042   0.406
 91 307 10 07 30  -0.345   0.193   0.045   0.398
 91 307 10 08 30  -0.328   0.216   0.044   0.396
 91 307 10 09 30  -0.325   0.222   0.040   0.395
 91 307 10 10 30  -0.316   0.236   0.031   0.395
 91 307 10 11 30  -0.311   0.247   0.026   0.398
 91 307 10 12 30  -0.318   0.237   0.021   0.397
 91 307 10 13 30  -0.330   0.196   0.048   0.394
 91 307 10 14 30  -0.364   0.099   0.077   0.385
 91 307 10 15 30  -0.355   0.101   0.057   0.374
 91 307 10 16 30  -0.360   0.079   0.075   0.376
 91 307 10 17 30  -0.354   0.049   0.092   0.371
 91 307 10 18 30  -0.357   0.064   0.114   0.386
 91 307 10 19 30  -0.358   0.115   0.102   0.391
 91 307 10 20 30  -0.363   0.093   0.099   0.390
 91 307 10 21 30  -0.374   0.053   0.119   0.397
 91 307 10 22 30  -0.367   0.089   0.109   0.395
 91 307 10 23 30  -0.349   0.146   0.120   0.397
 91 307 10 24 30  -0.346   0.149   0.106   0.392
 91 307 10 25 30  -0.351   0.142   0.104   0.393
 91 307 10 26 30  -0.357   0.135   0.098   0.394
 91 307 10 27 30  -0.368   0.104   0.093   0.394
 91 307 10 28 30  -0.355   0.129   0.116   0.395
 91 307 10 29 30  -0.345   0.131   0.123   0.389
 91 307 10 30 30  -0.351   0.131   0.113   0.392
 91 307 10 31 30  -0.343   0.142   0.115   0.389
 91 307 10 32 30  -0.335   0.146   0.118   0.384
 91 307 10 33 30  -0.330   0.161   0.120   0.387
 91 307 10 34 30  -0.327   0.162   0.116   0.384
 91 307 10 35 30  -0.330   0.166   0.113   0.387
 91 307 10 36 30  -0.333   0.165   0.103   0.386
 91 307 10 37 30  -0.326   0.171   0.109   0.384
 91 307 10 38 30  -0.325   0.164   0.121   0.384
 91 307 10 39 30  -0.305   0.183   0.142   0.383
 91 307 10 40 30  -0.309   0.172   0.153   0.385
 91 307 10 41 30  -0.318   0.168   0.134   0.385
 91 307 10 42 30  -0.322   0.159   0.121   0.379
 91 307 10 43 30  -0.324   0.163   0.124   0.384
 91 307 10 44 30  -0.325   0.171   0.096   0.380
 91 307 10 45 30  -0.315   0.193   0.089   0.380
 91 307 10 46 30  -0.316   0.191   0.107   0.385
 91 307 10 47 30  -0.316   0.195   0.119   0.390
 91 307 10 48 30  -0.307   0.194   0.125   0.384
 91 307 10 49 30  -0.299   0.193   0.144   0.384
 91 307 10 50 30  -0.310   0.176   0.153   0.388
 91 307 10 51 30  -0.310   0.185   0.143   0.388
 91 307 10 52 30  -0.311   0.184   0.141   0.388
 91 307 10 53 30  -0.320   0.183   0.132   0.392
 91 307 10 54 30  -0.323   0.179   0.127   0.391
 91 307 10 55 30  -0.315   0.187   0.135   0.391
 91 307 10 56 30  -0.298   0.187   0.156   0.385
 91 307 10 57 30  -0.298   0.208   0.140   0.390
 91 307 10 58 30  -0.285   0.224   0.100   0.377
 91 307 10 59 30  -0.280   0.218   0.073   0.362
 91 307 11 00 30  -0.275   0.220   0.055   0.357
 91 307 11 01 30  -0.259   0.232  -0.012   0.350
 91 307 11 02 30  -0.241   0.249  -0.032   0.348
 91 307 11 03 30  -0.230   0.251  -0.029   0.342
 91 307 11 04 30  -0.229   0.257  -0.044   0.348
 91 307 11 05 30  -0.225   0.247  -0.082   0.344
 91 307 11 06 30  -0.237   0.241  -0.027   0.340
 91 307 11 07 30  -0.276   0.210   0.041   0.354
 91 307 11 08 30  -0.292   0.201   0.044   0.357
 91 307 11 09 30  -0.286   0.217   0.014   0.360
 91 307 11 10 30  -0.277   0.237  -0.028   0.367
 91 307 11 11 30  -0.255   0.234  -0.067   0.353
 91 307 11 12 30  -0.237   0.232  -0.057   0.337
 91 307 11 13 30  -0.231   0.240  -0.045   0.337
 91 307 11 14 30  -0.242   0.244  -0.038   0.346
 91 307 11 15 30  -0.259   0.234  -0.006   0.350
 91 307 11 16 30  -0.289   0.201   0.019   0.358
 91 307 11 17 30  -0.296   0.174   0.091   0.355
 91 307 11 18 30  -0.306   0.177   0.090   0.365
 91 307 11 19 30  -0.300   0.183   0.074   0.359
 91 307 11 20 30  -0.303   0.191   0.071   0.365
 91 307 11 21 30  -0.305   0.187   0.078   0.366
 91 307 11 22 30  -0.298   0.187   0.090   0.364
 91 307 11 23 30  -0.293   0.196   0.096   0.365
 91 307 11 24 30  -0.294   0.207   0.095   0.372
 91 307 11 25 30  -0.304   0.206   0.094   0.379
 91 307 11 28 30  -0.307   0.191   0.093   0.373
 91 307 11 29 30  -0.316   0.183   0.077   0.374
 91 307 11 30 30  -0.313   0.175   0.068   0.366
 91 307 11 31 30  -0.308   0.175   0.088   0.365
 91 307 11 32 30  -0.312   0.185   0.099   0.376
 91 307 11 33 30  -0.320   0.164   0.096   0.373
 91 307 11 34 30  -0.306   0.163   0.105   0.363
 91 307 11 36 30  -0.298   0.176   0.085   0.358
 91 307 11 37 30  -0.299   0.186   0.078   0.361
 91 307 11 38 30  -0.293   0.204   0.062   0.363
 91 307 11 39 30  -0.294   0.199   0.066   0.361
 91 307 11 40 30  -0.300   0.186   0.072   0.360
 91 307 11 41 30  -0.305   0.177   0.061   0.359
 91 307 11 42 30  -0.307   0.148   0.094   0.354
 91 307 11 43 30  -0.353   0.047   0.098   0.372
 91 307 11 44 30  -0.334   0.130   0.100   0.373
 91 307 11 45 30  -0.343   0.115   0.109   0.378
 91 307 11 46 30  -0.347   0.105   0.113   0.380
 91 307 11 47 30  -0.354   0.113   0.099   0.386
 91 307 11 48 30  -0.361   0.101   0.111   0.392
 91 307 11 49 30  -0.368   0.086   0.121   0.397
 91 307 11 50 30  -0.372   0.078   0.126   0.401
 91 307 11 51 30  -0.369   0.074   0.133   0.399
 91 307 11 52 30  -0.362   0.048   0.139   0.391
 91 307 11 53 30  -0.350  -0.004   0.144   0.379
 91 307 11 54 30  -0.353  -0.014   0.143   0.381
 91 307 11 55 30  -0.356  -0.023   0.133   0.381
 91 307 11 56 30  -0.351   0.004   0.150   0.382
 91 307 11 57 30  -0.342   0.049   0.162   0.384
 91 307 11 58 30  -0.326   0.080   0.184   0.384
 91 307 11 59 30  -0.345   0.043   0.163   0.385
 91 307 12 00 30  -0.345   0.004   0.160   0.381
 91 307 12 01 30  -0.336   0.022   0.181   0.384
 91 307 12 02 30  -0.327  -0.022   0.197   0.384
 91 307 12 03 30  -0.332   0.020   0.179   0.379
 91 307 12 04 30  -0.311  -0.036   0.182   0.368
 91 307 12 05 30  -0.303  -0.092   0.200   0.377
 91 307 12 06 30  -0.254  -0.182   0.194   0.371
 91 307 12 07 30  -0.233  -0.227   0.181   0.375
 91 307 12 08 30  -0.179  -0.280   0.167   0.377
 91 307 12 09 30  -0.164  -0.291   0.157   0.380
 91 307 12 10 30  -0.188  -0.263   0.200   0.381
 91 307 12 11 30  -0.162  -0.272   0.223   0.389
 91 307 12 12 30  -0.179  -0.246   0.241   0.389
 91 307 12 13 30  -0.207  -0.202   0.252   0.387
 91 307 12 14 30  -0.247  -0.165   0.241   0.384
 91 307 12 15 30  -0.229  -0.175   0.251   0.383
 91 307 12 16 30  -0.211  -0.214   0.226   0.377
 91 307 12 17 30  -0.232  -0.193   0.227   0.382
 91 307 12 18 30  -0.247  -0.144   0.246   0.378
 91 307 12 19 30  -0.229  -0.122   0.274   0.378
 91 307 12 20 30  -0.280  -0.154   0.216   0.387
 91 307 12 21 30  -0.284  -0.110   0.237   0.386
 91 307 12 22 30  -0.279  -0.113   0.235   0.383
 91 307 12 23 30  -0.259  -0.125   0.248   0.380
 91 307 12 24 30  -0.238  -0.132   0.267   0.382
 91 307 12 25 30  -0.243  -0.162   0.240   0.378
 91 307 12 26 30  -0.233  -0.167   0.250   0.381
 91 307 12 27 30  -0.190  -0.191   0.271   0.384
 91 307 12 28 30  -0.166  -0.209   0.269   0.381
 91 307 12 29 30  -0.216  -0.196   0.243   0.380
 91 307 12 30 30  -0.194  -0.226   0.235   0.381
 91 307 12 31 30  -0.167  -0.228   0.256   0.381
 91 307 12 32 30  -0.169  -0.217   0.261   0.380
 91 307 12 33 30  -0.139  -0.243   0.247   0.380
 91 307 12 34 30  -0.231  -0.256   0.147   0.375
 91 307 12 35 30  -0.190  -0.255   0.200   0.377
 91 307 12 36 30  -0.168  -0.246   0.229   0.376
 91 307 12 37 30  -0.173  -0.230   0.243   0.377
 91 307 12 38 30  -0.188  -0.201   0.260   0.380
 91 307 12 42 30  -0.175  -0.172   0.271   0.366
 91 307 12 43 30  -0.195  -0.173   0.240   0.355
 91 307 12 44 30  -0.177  -0.176   0.253   0.356
 91 307 12 45 30  -0.187  -0.164   0.252   0.356
 91 307 12 46 30  -0.177  -0.167   0.259   0.357
 91 307 12 47 30  -0.140  -0.164   0.287   0.359
 91 307 12 48 30  -0.194  -0.094   0.276   0.359
 91 307 12 49 30  -0.248   0.185   0.195   0.367
 91 307 12 50 30  -0.149   0.256   0.174   0.351
 91 307 12 51 30  -0.185   0.219   0.143   0.328
 91 307 12 52 30  -0.071   0.278   0.046   0.316
 91 307 12 53 30   0.115   0.278  -0.112   0.323
 91 307 12 54 30   0.099   0.312  -0.060   0.335
 91 307 12 55 30   0.018   0.343  -0.005   0.344
 91 307 12 56 30   0.011   0.341  -0.018   0.342
 91 307 12 57 30   0.018   0.330  -0.016   0.332
 91 307 12 58 30   0.019   0.340  -0.046   0.345
 91 307 12 59 30   0.007   0.321   0.025   0.324
 91 307 13 00 30  -0.012   0.297   0.065   0.305
 91 307 13 01 30  -0.011   0.314   0.070   0.322
 91 307 13 02 30   0.031   0.294   0.079   0.307
 91 307 13 03 30   0.027   0.320   0.037   0.324
 91 307 13 04 30   0.073   0.294   0.089   0.318
 91 307 13 05 30   0.076   0.285   0.085   0.308
 91 307 13 06 30   0.031   0.312   0.091   0.331
 91 307 13 07 30  -0.006   0.354   0.069   0.362
 91 307 13 08 30  -0.035   0.349   0.038   0.354
 91 307 13 09 30  -0.051   0.349   0.030   0.354
 91 307 13 10 30  -0.053   0.355   0.040   0.362
 91 307 13 11 30  -0.085   0.355   0.020   0.366
 91 307 13 12 30  -0.085   0.355   0.042   0.367
 91 307 13 13 30  -0.088   0.356   0.024   0.368
 91 307 13 14 30  -0.082   0.354   0.022   0.365
 91 307 13 15 30  -0.070   0.353   0.038   0.362
 91 307 13 16 30  -0.103   0.354   0.023   0.370
 91 307 13 17 30  -0.078   0.351   0.016   0.361
 91 307 13 18 30  -0.072   0.354   0.018   0.362
 91 307 13 19 30  -0.062   0.360   0.018   0.366
 91 307 13 20 30  -0.061   0.350   0.011   0.356
 91 307 13 21 30  -0.069   0.341   0.016   0.348
 91 307 13 22 30  -0.076   0.336   0.006   0.345
 91 307 13 23 30  -0.051   0.332  -0.006   0.336
 91 307 13 24 30  -0.043   0.334   0.004   0.337
 91 307 13 25 30  -0.050   0.334   0.004   0.338
 91 307 13 26 30  -0.070   0.343  -0.008   0.351
 91 307 13 27 30  -0.087   0.364  -0.043   0.377
 91 307 13 28 30  -0.106   0.361  -0.016   0.377
 91 307 13 29 30  -0.085   0.372  -0.017   0.382
 91 307 13 30 30  -0.098   0.367  -0.024   0.381
 91 307 13 31 30  -0.084   0.371  -0.026   0.382
 91 307 13 32 30  -0.094   0.367  -0.005   0.381
 91 307 13 33 30  -0.077   0.358  -0.027   0.369
 91 307 13 34 30  -0.080   0.345   0.027   0.357
 91 307 13 35 30  -0.085   0.341   0.032   0.354
 91 307 13 36 30  -0.120   0.334   0.058   0.360
 91 307 13 37 30  -0.135   0.327   0.073   0.361
 91 307 13 38 30  -0.135   0.329   0.083   0.366
 91 307 13 39 30  -0.111   0.323   0.111   0.361
 91 307 13 40 30  -0.110   0.316   0.131   0.360
 91 307 13 41 30  -0.121   0.329   0.098   0.366
 91 307 13 42 30  -0.114   0.327   0.090   0.359
 91 307 13 43 30  -0.123   0.354   0.059   0.380
 91 307 13 44 30  -0.120   0.348   0.070   0.376
 91 307 13 45 30  -0.128   0.339   0.050   0.366
 91 307 13 46 30  -0.115   0.347   0.078   0.375
 91 307 13 47 30  -0.092   0.334   0.130   0.372
 91 307 13 48 30  -0.099   0.319   0.163   0.372
 91 307 13 49 30  -0.091   0.311   0.157   0.361
 91 307 13 50 30  -0.084   0.315   0.145   0.357
 91 307 13 51 30  -0.075   0.290   0.199   0.360
 91 307 13 52 30  -0.092   0.311   0.158   0.361
 91 307 13 53 30  -0.097   0.340   0.147   0.384
 91 307 13 54 30  -0.106   0.375   0.122   0.409
 91 307 13 55 30  -0.113   0.380   0.102   0.410
 91 307 13 56 30  -0.121   0.395   0.057   0.418
 91 307 13 57 30  -0.122   0.391   0.091   0.420
 91 307 13 58 30  -0.119   0.391   0.091   0.420
 91 307 13 59 30  -0.108   0.399   0.076   0.420
 91 307 14 00 30  -0.106   0.398   0.077   0.420
 91 307 14 01 30  -0.113   0.397   0.081   0.421
 91 307 14 02 30  -0.091   0.399   0.093   0.420
 91 307 14 03 30  -0.089   0.402   0.085   0.420
 91 307 14 04 30  -0.110   0.400   0.075   0.422
 91 307 14 05 30  -0.117   0.404   0.066   0.425
 91 307 14 06 30  -0.128   0.399   0.074   0.426
 91 307 14 07 30  -0.143   0.395   0.075   0.427
 91 307 14 08 30  -0.139   0.387   0.092   0.422
 91 307 14 09 30  -0.137   0.318  -0.046   0.364
 91 307 14 10 30  -0.140   0.242  -0.087   0.293
 91 307 14 11 30  -0.120   0.242  -0.121   0.298
 91 307 14 12 30  -0.097   0.221  -0.135   0.278
 91 307 14 13 30  -0.093   0.197  -0.172   0.279
 91 307 14 14 30  -0.064   0.198  -0.179   0.275
 91 307 14 15 30  -0.060   0.211  -0.158   0.271
 91 307 14 16 30  -0.069   0.239  -0.131   0.283
 91 307 14 17 30  -0.125   0.285  -0.181   0.361
 91 307 14 18 30  -0.119   0.262  -0.188   0.345
 91 307 14 19 30  -0.120   0.223  -0.199   0.326
 91 307 14 20 30  -0.124   0.240  -0.231   0.356
 91 307 14 21 30  -0.121   0.255  -0.146   0.334
 91 307 14 22 30  -0.101   0.247  -0.155   0.318
 91 307 14 23 30  -0.103   0.231  -0.186   0.316
 91 307 14 24 30  -0.123   0.252  -0.161   0.324
 91 307 14 25 30  -0.153   0.246  -0.128   0.319
 91 307 14 26 30  -0.142   0.230  -0.169   0.322
 91 307 14 27 30  -0.130   0.167  -0.195   0.289
 91 307 14 28 30  -0.118   0.312  -0.114   0.355
 91 307 14 29 30  -0.100   0.361  -0.059   0.380
 91 307 14 30 30  -0.128   0.329  -0.121   0.378
 91 307 14 31 30  -0.130   0.326  -0.151   0.383
 91 307 14 32 30  -0.104   0.324  -0.158   0.376
 91 307 14 33 30  -0.104   0.336  -0.112   0.370
 91 307 14 34 30  -0.118   0.337  -0.094   0.370
 91 307 14 35 30  -0.117   0.333  -0.087   0.365
 91 307 14 36 30  -0.105   0.356  -0.072   0.380
 91 307 14 37 30  -0.151   0.334  -0.129   0.389
 91 307 14 38 30  -0.161   0.332  -0.141   0.395
 91 307 14 39 30  -0.139   0.349  -0.133   0.399
 91 307 14 40 30  -0.139   0.351  -0.129   0.399
 91 307 14 41 30  -0.159   0.342  -0.108   0.393
 91 307 14 42 30  -0.183   0.325  -0.080   0.382
 91 307 14 43 30  -0.187   0.324  -0.006   0.374
 91 307 14 44 30  -0.134   0.336  -0.069   0.373
 91 307 14 45 30  -0.072   0.349  -0.142   0.383
 91 307 14 46 30  -0.094   0.344  -0.134   0.383
 91 307 14 47 30  -0.127   0.344  -0.106   0.382
 91 307 14 48 30  -0.123   0.345  -0.090   0.378
 91 307 14 49 30  -0.146   0.336  -0.111   0.384
 91 307 14 50 30  -0.126   0.347  -0.103   0.385
 91 307 14 51 30  -0.101   0.359  -0.096   0.385
 91 307 14 52 30  -0.078   0.350  -0.094   0.371
 91 307 14 53 30  -0.069   0.340  -0.125   0.373
 91 307 14 54 30  -0.177   0.277  -0.164   0.369
 91 307 14 55 30  -0.161   0.303  -0.107   0.367
 91 307 14 56 30  -0.107   0.352  -0.050   0.372
 91 307 14 57 30  -0.135   0.349  -0.041   0.377
 91 307 14 58 30  -0.127   0.346  -0.021   0.370
 91 307 14 59 30  -0.091   0.345  -0.049   0.362
 91 307 15 00 30  -0.132   0.329   0.014   0.358
 91 307 15 01 30  -0.148   0.333   0.000   0.367
 91 307 15 02 30  -0.130   0.344   0.006   0.373
 91 307 15 03 30  -0.071   0.357   0.080   0.374
 91 307 15 04 30  -0.106   0.353   0.060   0.375
 91 307 15 05 30  -0.076   0.360   0.050   0.376
 91 307 15 06 30  -0.025   0.365   0.086   0.377
 91 307 15 07 30  -0.051   0.359   0.080   0.372
 91 307 15 08 30  -0.049   0.368   0.037   0.376
 91 307 15 09 30  -0.071   0.366   0.017   0.376
 91 307 15 10 30  -0.092   0.371   0.020   0.383
 91 307 15 11 30  -0.090   0.367  -0.006   0.379
 91 307 15 12 30  -0.077   0.351  -0.053   0.365
 91 307 15 13 30  -0.070   0.358  -0.058   0.370
 91 307 15 14 30  -0.108   0.325  -0.085   0.360
 91 307 15 15 30  -0.077   0.259  -0.207   0.341
 91 307 15 16 30  -0.096   0.307  -0.141   0.354
 91 307 15 17 30  -0.100   0.345  -0.066   0.366
 91 307 15 18 30  -0.134   0.342  -0.059   0.374
 91 307 15 19 30  -0.101   0.322  -0.137   0.367
 91 307 15 20 30  -0.058   0.266  -0.227   0.357
 91 307 15 21 30  -0.065   0.247  -0.248   0.358
 91 307 15 22 30  -0.066   0.276  -0.225   0.363
 91 307 15 23 30  -0.069   0.244  -0.240   0.351
 91 307 15 24 30  -0.078   0.236  -0.242   0.347
 91 307 15 25 30  -0.085   0.220  -0.261   0.353
 91 307 15 26 30  -0.048   0.197  -0.300   0.364
 91 307 15 27 30  -0.021   0.144  -0.325   0.357
 91 307 15 28 30  -0.022   0.143  -0.332   0.363
 91 307 15 29 30  -0.024   0.157  -0.335   0.371
 91 307 15 30 30  -0.041   0.162  -0.338   0.378
 91 307 15 31 30  -0.026   0.152  -0.351   0.384
 91 307 15 32 30  -0.022   0.144  -0.364   0.392
 91 307 15 33 30  -0.030   0.148  -0.371   0.401
 91 307 15 34 30  -0.028   0.147  -0.380   0.409
 91 307 15 35 30  -0.030   0.155  -0.383   0.415
 91 307 15 36 30  -0.025   0.170  -0.369   0.408
 91 307 15 37 30  -0.037   0.229  -0.325   0.402
 91 307 15 38 30  -0.003   0.171  -0.350   0.390
 91 307 15 39 30   0.003   0.187  -0.348   0.396
 91 307 15 40 30  -0.007   0.230  -0.319   0.394
 91 307 15 41 30  -0.016   0.240  -0.313   0.397
 91 307 15 42 30  -0.040   0.233  -0.333   0.409
 91 307 15 43 30  -0.033   0.229  -0.335   0.408
 91 307 15 44 30  -0.032   0.240  -0.334   0.413
 91 307 15 45 30  -0.029   0.234  -0.350   0.422
 91 307 15 46 30  -0.014   0.231  -0.349   0.419
 91 307 15 47 30  -0.014   0.225  -0.338   0.407
 91 307 15 48 30  -0.010   0.256  -0.330   0.418
 91 307 15 49 30   0.003   0.257  -0.316   0.407
 91 307 15 50 30  -0.013   0.260  -0.324   0.416
 91 307 15 51 30   0.000   0.263  -0.326   0.419
 91 307 15 52 30   0.001   0.232  -0.350   0.420
 91 307 15 53 30  -0.010   0.243  -0.335   0.414
 91 307 15 54 30  -0.021   0.244  -0.328   0.410
 91 307 15 55 30  -0.032   0.250  -0.319   0.407
 91 307 15 56 30  -0.041   0.255  -0.311   0.405
 91 307 15 57 30  -0.046   0.261  -0.311   0.409
 91 307 15 58 30  -0.012   0.250  -0.318   0.406
 91 307 15 59 30   0.021   0.245  -0.324   0.408
 91 307 16 00 30  -0.027   0.268  -0.309   0.410
 91 307 16 01 30  -0.048   0.285  -0.294   0.412
 91 307 16 02 30  -0.078   0.276  -0.303   0.418
 91 307 16 03 30  -0.064   0.242  -0.330   0.414
 91 307 16 04 30  -0.059   0.259  -0.317   0.414
 91 307 16 05 30  -0.062   0.253  -0.321   0.413
 91 307 16 06 30  -0.044   0.256  -0.322   0.414
 91 307 16 07 30  -0.033   0.266  -0.317   0.415
 91 307 16 08 30  -0.044   0.261  -0.321   0.416
 91 307 16 09 30  -0.070   0.262  -0.318   0.418
 91 307 16 10 30  -0.050   0.272  -0.312   0.418
 91 307 16 11 30  -0.040   0.283  -0.284   0.404
 91 307 16 12 30  -0.040   0.306  -0.262   0.406
 91 307 16 13 30  -0.023   0.318  -0.253   0.407
 91 307 16 14 30  -0.013   0.311  -0.235   0.390
 91 307 16 15 30   0.019   0.306  -0.238   0.388
 91 307 16 16 30   0.005   0.301  -0.263   0.400
 91 307 16 17 30  -0.014   0.317  -0.249   0.404
 91 307 16 18 30  -0.003   0.322  -0.258   0.413
 91 307 16 19 30  -0.009   0.327  -0.251   0.412
 91 307 16 20 30  -0.015   0.327  -0.243   0.408
 91 307 16 21 30  -0.031   0.316  -0.217   0.386
 91 307 16 22 30  -0.168   0.389  -0.068   0.429
 91 307 16 23 30  -0.152   0.393  -0.059   0.426
 91 307 16 24 30  -0.138   0.404  -0.073   0.433
 91 307 16 25 30  -0.156   0.389  -0.077   0.427
 91 307 16 26 30  -0.128   0.381  -0.071   0.409
 91 307 16 27 30  -0.097   0.377  -0.010   0.391
 91 307 16 28 30  -0.107   0.411  -0.052   0.429
 91 307 16 29 30  -0.113   0.429  -0.052   0.447
 91 307 16 30 30  -0.118   0.417  -0.048   0.436
 91 307 16 31 30  -0.114   0.396  -0.074   0.420
 91 307 16 32 30  -0.091   0.380  -0.091   0.402
 91 307 16 33 30  -0.076   0.382  -0.091   0.401
 91 307 16 34 30  -0.062   0.360  -0.098   0.378
 91 307 16 35 30  -0.046   0.368  -0.122   0.391
 91 307 16 36 30  -0.022   0.375  -0.136   0.399
 91 307 16 37 30  -0.018   0.355  -0.153   0.388
 91 307 16 38 30  -0.037   0.303  -0.183   0.357
 91 307 16 39 30  -0.039   0.296  -0.182   0.351
 91 307 16 40 30  -0.047   0.312  -0.193   0.370
 91 307 16 41 30  -0.044   0.279  -0.165   0.329
 91 307 16 42 30  -0.066   0.277  -0.194   0.345
 91 307 16 43 30  -0.082   0.265  -0.197   0.341
 91 307 16 44 30  -0.098   0.255  -0.207   0.344
 91 307 16 45 30  -0.116   0.262  -0.217   0.360
 91 307 16 46 30  -0.133   0.237  -0.218   0.349
 91 307 16 47 30  -0.133   0.242  -0.211   0.348
 91 307 16 48 30  -0.143   0.234  -0.201   0.341
 91 307 16 49 30  -0.150   0.229  -0.202   0.341
 91 307 16 50 30  -0.150   0.227  -0.201   0.340
 91 307 16 51 30  -0.150   0.234  -0.201   0.343
 91 307 16 52 30  -0.158   0.229  -0.198   0.343
 91 307 16 53 30  -0.142   0.232  -0.210   0.344
 91 307 16 54 30  -0.152   0.223  -0.209   0.343
 91 307 16 55 30  -0.145   0.228  -0.217   0.347
 91 307 16 56 30  -0.147   0.220  -0.219   0.344
 91 307 16 57 30  -0.159   0.224  -0.209   0.346
 91 307 16 58 30  -0.143   0.226  -0.215   0.344
 91 307 16 59 30  -0.118   0.244  -0.191   0.332
 91 307 17 00 30  -0.096   0.234  -0.198   0.323
 91 307 17 01 30  -0.081   0.205  -0.246   0.333
 91 307 17 02 30  -0.104   0.212  -0.260   0.353
 91 307 17 03 30  -0.115   0.199  -0.279   0.362
 91 307 17 04 30  -0.116   0.187  -0.297   0.370
 91 307 17 05 30  -0.123   0.211  -0.288   0.379
 91 307 17 06 30  -0.188   0.254  -0.235   0.395
 91 307 17 07 30  -0.192   0.294  -0.211   0.410
 91 307 17 08 30  -0.200   0.301  -0.222   0.425
 91 307 17 09 30  -0.187   0.316  -0.156   0.420
 91 307 17 10 30  -0.183   0.362  -0.062   0.418
 91 307 17 11 30  -0.157   0.223  -0.232   0.362
 91 307 17 12 30  -0.131   0.168  -0.303   0.371
 91 307 17 13 30  -0.133   0.137  -0.329   0.381
 91 307 17 14 30  -0.106   0.234  -0.281   0.387
 91 307 17 15 30  -0.081   0.292  -0.257   0.401
 91 307 17 16 30  -0.079   0.277  -0.283   0.405
 91 307 17 17 30  -0.093   0.289  -0.262   0.401
 91 307 17 18 30  -0.100   0.280  -0.277   0.408
 91 307 17 19 30  -0.119   0.252  -0.298   0.409
 91 307 17 20 30  -0.073   0.300  -0.263   0.407
 91 307 17 21 30  -0.071   0.251  -0.312   0.407
 91 307 17 22 30  -0.085   0.245  -0.322   0.414
 91 307 17 23 30  -0.097   0.245  -0.312   0.409
 91 307 17 24 30  -0.103   0.215  -0.327   0.405
 91 307 17 25 30  -0.124   0.231  -0.310   0.406
 91 307 17 26 30  -0.131   0.235  -0.311   0.412
 91 307 17 27 30  -0.139   0.244  -0.303   0.413
 91 307 17 28 30  -0.135   0.286  -0.244   0.411
 91 307 17 29 30   0.000   0.387  -0.134   0.411
 91 307 17 30 30   0.033   0.400  -0.110   0.418
 91 307 17 31 30   0.098   0.393  -0.082   0.414
 91 307 17 32 30   0.075   0.387  -0.111   0.412
 91 307 17 33 30  -0.008   0.370  -0.146   0.403
 91 307 17 34 30   0.008   0.375  -0.149   0.406
 91 307 17 35 30   0.044   0.330  -0.226   0.411
 91 307 17 36 30   0.007   0.346  -0.218   0.410
 91 307 17 37 30   0.022   0.326  -0.250   0.412
 91 307 17 38 30   0.006   0.326  -0.243   0.408
 91 307 17 39 30   0.039   0.302  -0.267   0.407
 91 307 17 40 30   0.007   0.333  -0.240   0.411
 91 307 17 41 30  -0.010   0.349  -0.220   0.413
 91 307 17 42 30  -0.003   0.418  -0.105   0.437
 91 307 17 43 30  -0.016   0.419  -0.169   0.452
 91 307 17 44 30  -0.032   0.400  -0.175   0.438
 91 307 17 45 30  -0.047   0.326  -0.246   0.415
 91 307 17 46 30   0.013   0.419  -0.117   0.448
 91 307 17 47 30   0.023   0.443  -0.143   0.466
 91 307 17 48 30   0.052   0.443  -0.116   0.462
 91 307 17 49 30   0.067   0.443  -0.106   0.461
 91 307 17 50 30   0.018   0.429  -0.132   0.452
 91 307 17 51 30  -0.035   0.433  -0.124   0.454
 91 307 17 52 30  -0.010   0.404  -0.181   0.443
 91 307 17 53 30  -0.009   0.390  -0.172   0.428
 91 307 17 54 30  -0.001   0.427  -0.129   0.446
 91 307 17 55 30  -0.009   0.441  -0.130   0.460
 91 307 17 56 30  -0.003   0.429  -0.134   0.450
 91 307 17 57 30  -0.006   0.412  -0.154   0.440
 91 307 17 58 30   0.030   0.433  -0.119   0.451
 91 307 17 59 30   0.060   0.433  -0.097   0.449
 91 307 18 00 30   0.061   0.427  -0.096   0.442
 91 307 18 01 30   0.085   0.406  -0.056   0.419
 91 307 18 02 30   0.100   0.407  -0.051   0.422
 91 307 18 03 30   0.103   0.411  -0.064   0.429
 91 307 18 04 30   0.104   0.409  -0.072   0.428
 91 307 18 05 30   0.115   0.409  -0.086   0.434
 91 307 18 06 30   0.114   0.409  -0.089   0.435
 91 307 18 07 30   0.095   0.414  -0.096   0.436
 91 307 18 08 30   0.088   0.412  -0.085   0.431
 91 307 18 09 30   0.113   0.380  -0.137   0.420
 91 307 18 10 30   0.122   0.403  -0.141   0.444
 91 307 18 11 30   0.087   0.382  -0.147   0.420
 91 307 18 12 30   0.097   0.379  -0.130   0.414
 91 307 18 13 30   0.126   0.371  -0.136   0.415
 91 307 18 14 30   0.111   0.381  -0.145   0.423
 91 307 18 15 30   0.099   0.384  -0.144   0.422
 91 307 18 16 30   0.101   0.387  -0.136   0.423
 91 307 18 17 30   0.109   0.392  -0.146   0.433
 91 307 18 18 30   0.114   0.390  -0.160   0.437
 91 307 18 19 30   0.127   0.394  -0.175   0.449
 91 307 18 20 30   0.123   0.398  -0.180   0.454
 91 307 18 21 30   0.096   0.392  -0.149   0.431
 91 307 18 22 30   0.059   0.401  -0.123   0.426
 91 307 18 23 30   0.165   0.383  -0.210   0.467
 91 307 18 24 30   0.160   0.364  -0.221   0.455
 91 307 18 25 30   0.135   0.369  -0.179   0.444
 91 307 18 26 30   0.078   0.402  -0.138   0.433
 91 307 18 27 30   0.061   0.411  -0.172   0.450
 91 307 18 28 30   0.060   0.408  -0.189   0.454
 91 307 18 29 30   0.063   0.371  -0.185   0.422
 91 307 18 30 30   0.006   0.360  -0.154   0.399
 91 307 18 31 30  -0.004   0.362  -0.112   0.382
 91 307 18 32 30  -0.038   0.372  -0.052   0.379
 91 307 18 33 30  -0.055   0.383  -0.046   0.391
 91 307 18 34 30  -0.032   0.383  -0.094   0.398
 91 307 18 35 30   0.067   0.340  -0.192   0.402
 91 307 18 36 30  -0.007   0.367  -0.169   0.405
 91 307 18 37 30   0.014   0.372  -0.176   0.412
 91 307 18 38 30  -0.005   0.382  -0.156   0.414
 91 307 18 39 30  -0.019   0.393  -0.120   0.412
 91 307 18 40 30   0.014   0.348  -0.238   0.422
 91 307 18 41 30  -0.001   0.351  -0.239   0.425
 91 307 18 42 30   0.002   0.326  -0.242   0.407
 91 307 18 43 30   0.021   0.333  -0.256   0.421
 91 307 18 44 30   0.023   0.314  -0.284   0.424
 91 307 18 45 30   0.027   0.316  -0.286   0.427
 91 307 18 46 30   0.031   0.335  -0.253   0.423
 91 307 18 47 30   0.035   0.300  -0.292   0.421
 91 307 18 48 30   0.031   0.318  -0.283   0.427
 91 307 18 49 30   0.033   0.296  -0.300   0.424
 91 307 18 50 30   0.049   0.243  -0.338   0.421
 91 307 18 51 30   0.035   0.239  -0.349   0.425
 91 307 18 52 30   0.043   0.250  -0.349   0.431
 91 307 18 53 30   0.027   0.316  -0.231   0.410
 91 307 18 54 30  -0.013   0.394  -0.129   0.416
 91 307 18 55 30  -0.027   0.406  -0.086   0.417
 91 307 18 56 30  -0.046   0.405  -0.072   0.415
 91 307 18 57 30  -0.034   0.409  -0.071   0.417
 91 307 18 58 30  -0.036   0.417  -0.060   0.425
 91 307 18 59 30  -0.037   0.414  -0.102   0.430
 91 307 19 00 30  -0.021   0.415  -0.160   0.446
 91 307 19 01 30  -0.071   0.427  -0.141   0.456
 91 307 19 02 30  -0.055   0.419  -0.147   0.448
 91 307 19 03 30  -0.039   0.405  -0.150   0.434
 91 307 19 04 30  -0.086   0.386  -0.202   0.446
 91 307 19 05 30  -0.081   0.379  -0.241   0.456
 91 307 19 06 30  -0.098   0.368  -0.255   0.459
 91 307 19 07 30  -0.092   0.359  -0.265   0.456
 91 307 19 08 30  -0.096   0.334  -0.258   0.434
 91 307 19 09 30  -0.067   0.330  -0.270   0.432
 91 307 19 10 30  -0.065   0.313  -0.293   0.434
 91 307 19 11 30  -0.080   0.293  -0.308   0.432
 91 307 19 12 30  -0.077   0.274  -0.305   0.418
 91 307 19 13 30  -0.061   0.276  -0.310   0.421
 91 307 19 14 30  -0.068   0.305  -0.307   0.439
 91 307 19 15 30  -0.042   0.316  -0.315   0.449
 91 307 19 16 30  -0.035   0.323  -0.309   0.449
 91 307 19 17 30  -0.026   0.333  -0.299   0.449
 91 307 19 18 30  -0.046   0.341  -0.290   0.450
 91 307 19 19 30  -0.052   0.353  -0.274   0.451
 91 307 19 20 30  -0.015   0.346  -0.290   0.453
 91 307 19 21 30  -0.007   0.333  -0.307   0.453
 91 307 19 22 30   0.003   0.322  -0.315   0.451
 91 307 19 23 30   0.002   0.338  -0.310   0.459
 91 307 19 24 30   0.001   0.334  -0.318   0.462
 91 307 19 25 30   0.007   0.328  -0.321   0.461
 91 307 19 26 30   0.017   0.289  -0.372   0.472
 91 307 19 27 30   0.080   0.393  -0.204   0.453
 91 307 19 28 30   0.077   0.399  -0.222   0.465
 91 307 19 29 30   0.071   0.403  -0.222   0.466
 91 307 19 30 30   0.069   0.410  -0.222   0.472
 91 307 19 31 30   0.069   0.398  -0.256   0.479
 91 307 19 32 30   0.061   0.280  -0.322   0.463
 91 307 19 33 30   0.033  -0.053  -0.453   0.459
 91 307 19 34 30   0.065  -0.042  -0.441   0.448
 91 307 19 35 30   0.060  -0.015  -0.453   0.458
 91 307 19 36 30   0.055   0.014  -0.456   0.461
 91 307 19 37 30   0.046   0.032  -0.455   0.459
 91 307 19 38 30   0.043   0.048  -0.449   0.454
 91 307 19 39 30   0.051   0.064  -0.443   0.451
 91 307 19 40 30   0.068   0.049  -0.444   0.452
 91 307 19 41 30   0.029   0.118  -0.421   0.451
 91 307 19 42 30   0.011   0.227  -0.390   0.452
 91 307 19 43 30   0.010   0.253  -0.373   0.452
 91 307 19 44 30   0.036   0.230  -0.384   0.450
 91 307 19 45 30   0.039   0.249  -0.364   0.444
 91 307 19 46 30   0.034   0.284  -0.346   0.450
 91 307 19 47 30   0.032   0.275  -0.369   0.462
 91 307 19 48 30   0.025   0.216  -0.419   0.473
 91 307 19 49 30   0.034   0.231  -0.405   0.476
 91 307 19 50 30   0.060   0.374  -0.286   0.476
 91 307 19 51 30   0.052   0.341  -0.323   0.473
 91 307 19 52 30   0.051   0.330  -0.336   0.474
 91 307 19 53 30   0.045   0.344  -0.327   0.477
 91 307 19 54 30   0.057   0.313  -0.342   0.469
 91 307 19 55 30   0.059   0.316  -0.351   0.477
 91 307 19 56 30   0.042   0.269  -0.423   0.503
 91 307 19 57 30   0.062   0.249  -0.430   0.501
 91 307 19 58 30   0.061   0.246  -0.432   0.501
 91 307 19 59 30   0.136   0.235  -0.392   0.478
 91 307 20 00 30   0.052   0.254  -0.425   0.499
 91 307 20 01 30   0.049   0.262  -0.427   0.504
 91 307 20 02 30   0.052   0.262  -0.427   0.504
 91 307 20 03 30   0.032   0.274  -0.421   0.503
 91 307 20 04 30   0.012   0.258  -0.428   0.500
 91 307 20 05 30   0.006   0.285  -0.399   0.493
 91 307 20 06 30  -0.004   0.389  -0.293   0.492
 91 307 20 07 30  -0.045   0.419  -0.260   0.495
 91 307 20 08 30  -0.027   0.406  -0.286   0.498
 91 307 20 09 30  -0.007   0.389  -0.299   0.491
 91 307 20 10 30   0.004   0.380  -0.302   0.485
 91 307 20 11 30  -0.017   0.373  -0.301   0.480
 91 307 20 12 30   0.078   0.344  -0.325   0.483
 91 307 20 13 30   0.160   0.300  -0.344   0.488
 91 307 20 14 30   0.124   0.329  -0.341   0.490
 91 307 20 15 30   0.119   0.325  -0.344   0.488
 91 307 20 16 30   0.131   0.335  -0.331   0.493
 91 307 20 17 30   0.143   0.376  -0.275   0.488
 91 307 20 18 30   0.111   0.364  -0.308   0.491
 91 307 20 19 30   0.083   0.347  -0.333   0.490
 91 307 20 20 30   0.024   0.453  -0.199   0.497
 91 307 20 21 30   0.001   0.470  -0.206   0.513
 91 307 20 22 30   0.055   0.434  -0.214   0.490
 91 307 20 23 30   0.084   0.423  -0.218   0.484
 91 307 20 24 30   0.093   0.429  -0.194   0.482
 91 307 20 25 30   0.193   0.371  -0.250   0.490
 91 307 20 26 30   0.152   0.405  -0.233   0.493
 91 307 20 27 30   0.178   0.409  -0.144   0.472
 91 307 20 28 30   0.050   0.415  -0.189   0.471
 91 307 20 29 30   0.000   0.462  -0.076   0.469
 91 307 20 30 30   0.024   0.452  -0.081   0.461
 91 307 20 31 30   0.029   0.471  -0.034   0.474
 91 307 20 32 30   0.033   0.475  -0.028   0.477
 91 307 20 33 30   0.031   0.476  -0.057   0.481
 91 307 20 34 30   0.025   0.476  -0.051   0.480
 91 307 20 35 30   0.010   0.480  -0.039   0.483
 91 307 20 36 30   0.026   0.483  -0.020   0.485
 91 307 20 37 30   0.021   0.475  -0.058   0.480
 91 307 20 38 30   0.039   0.479  -0.040   0.483
 91 307 20 39 30   0.060   0.484  -0.043   0.490
 91 307 20 40 30   0.065   0.478  -0.039   0.485
 91 307 20 41 30   0.064   0.467  -0.049   0.474
 91 307 20 42 30   0.090   0.469  -0.032   0.479
 91 307 20 43 30   0.081   0.475  -0.050   0.487
 91 307 20 44 30   0.073   0.499  -0.053   0.507
 91 307 20 45 30   0.087   0.500  -0.043   0.509
 91 307 20 46 30   0.076   0.506  -0.029   0.512
 91 307 20 47 30   0.088   0.504  -0.034   0.513
 91 307 20 48 30   0.087   0.507  -0.014   0.515
 91 307 20 49 30   0.085   0.506  -0.038   0.514
 91 307 20 50 30   0.138   0.492  -0.041   0.513
 91 307 20 51 30   0.140   0.495  -0.034   0.516
 91 307 20 52 30   0.109   0.503  -0.017   0.517
 91 307 20 53 30   0.033   0.520  -0.013   0.521
 91 307 20 54 30   0.060   0.515  -0.005   0.520
 91 307 20 55 30   0.113   0.506  -0.005   0.519
 91 307 20 56 30   0.098   0.508   0.032   0.519
 91 307 20 57 30   0.113   0.507   0.069   0.525
 91 307 20 58 30   0.102   0.503   0.065   0.518
 91 307 20 59 30   0.144   0.504   0.033   0.526
 91 307 21 00 30   0.160   0.505  -0.004   0.530
 91 307 21 01 30   0.145   0.513  -0.010   0.533
 91 307 21 04 30   0.150   0.502   0.050   0.527
 91 307 21 05 30   0.130   0.504   0.037   0.522
 91 307 21 06 30   0.155   0.490   0.047   0.516
 91 307 21 07 30   0.156   0.513   0.011   0.537
 91 307 21 08 30   0.151   0.518  -0.054   0.542
 91 307 21 09 30   0.150   0.513  -0.071   0.540
 91 307 21 10 30   0.154   0.516  -0.076   0.544
 91 307 21 11 30   0.159   0.520  -0.071   0.549
 91 307 21 12 30   0.143   0.517  -0.027   0.539
 91 307 21 13 30   0.134   0.503   0.061   0.525
 91 307 21 14 30   0.147   0.503   0.042   0.526
 91 307 21 15 30   0.154   0.497   0.017   0.521
 91 307 21 16 30   0.131   0.501   0.025   0.519
 91 307 21 17 30   0.131   0.499   0.016   0.516
 91 307 21 18 30   0.149   0.492  -0.026   0.515
 91 307 21 19 30   0.181   0.478  -0.039   0.513
 91 307 21 20 30   0.171   0.477  -0.038   0.509
 91 307 21 21 30   0.162   0.492   0.012   0.519
 91 307 21 22 30   0.172   0.492   0.018   0.522
 91 307 21 23 30   0.186   0.494   0.017   0.528
 91 307 21 24 30   0.189   0.488   0.016   0.524
 91 307 21 25 30   0.183   0.478   0.028   0.514
 91 307 21 26 30   0.199   0.474   0.041   0.516
 91 307 21 27 30   0.178   0.488   0.048   0.522
 91 307 21 28 30   0.173   0.499   0.066   0.533
 91 307 21 29 30   0.176   0.492   0.071   0.530
 91 307 21 30 30   0.176   0.477   0.121   0.524
 91 307 21 31 30   0.148   0.484   0.126   0.522
 91 307 21 32 30   0.152   0.480   0.100   0.514
 91 307 21 33 30   0.141   0.474   0.113   0.508
 91 307 21 34 30   0.143   0.485   0.064   0.510
 91 307 21 35 30   0.133   0.487   0.044   0.507
 91 307 21 36 30   0.134   0.473   0.106   0.507
 91 307 21 37 30   0.178   0.387   0.263   0.502
 91 307 21 38 30   0.138   0.359   0.287   0.486
 91 307 21 39 30   0.138   0.365   0.276   0.478
 91 307 21 40 30   0.152   0.390   0.243   0.485
 91 307 21 41 30   0.159   0.356   0.263   0.471
 91 307 21 42 30   0.169   0.349   0.271   0.476
 91 307 21 43 30   0.209   0.349   0.264   0.487
 91 307 21 44 30   0.165   0.376   0.242   0.477
 91 307 21 45 30   0.149   0.375   0.247   0.473
 91 307 21 46 30   0.164   0.378   0.231   0.473
 91 307 21 47 30   0.162   0.376   0.249   0.479
 91 307 21 48 30   0.165   0.367   0.237   0.468
 91 307 21 49 30   0.158   0.392   0.209   0.472
 91 307 21 50 30   0.143   0.386   0.211   0.463
 91 307 21 51 30   0.150   0.393   0.180   0.458
 91 307 21 52 30   0.150   0.397   0.171   0.458
 91 307 21 53 30   0.149   0.389   0.175   0.453
 91 307 21 54 30   0.145   0.368   0.214   0.450
 91 307 21 55 30   0.146   0.345   0.250   0.451
 91 307 21 56 30   0.171   0.348   0.214   0.445
 91 307 21 57 30   0.193   0.350   0.216   0.455
 91 307 21 58 30   0.163   0.357   0.207   0.445
 91 307 21 59 30   0.116   0.383   0.186   0.442
 91 307 22 00 30   0.099   0.389   0.172   0.438
 91 307 22 01 30   0.097   0.387   0.187   0.441
 91 307 22 02 30   0.080   0.390   0.189   0.441
 91 307 22 03 30   0.092   0.383   0.190   0.438
 91 307 22 04 30   0.097   0.386   0.183   0.438
 91 307 22 05 30   0.156   0.369   0.216   0.457
 91 307 22 06 30   0.091   0.419   0.150   0.459
 91 307 22 07 30   0.076   0.448   0.129   0.473
 91 307 22 08 30   0.095   0.429   0.170   0.472
 91 307 22 09 30   0.108   0.425   0.170   0.471
 91 307 22 10 30   0.108   0.422   0.151   0.461
 91 307 22 11 30   0.094   0.423   0.125   0.453
 91 307 22 12 30   0.100   0.422   0.138   0.456
 91 307 22 13 30   0.094   0.419   0.172   0.463
 91 307 22 14 30   0.080   0.435   0.108   0.458
 91 307 22 15 30   0.161   0.428  -0.014   0.461
 91 307 22 16 30   0.043   0.425   0.115   0.451
 91 307 22 17 30   0.098   0.430   0.133   0.467
 91 307 22 18 30   0.123   0.446   0.078   0.472
 91 307 22 19 30   0.053   0.402   0.196   0.452
 91 307 22 20 30   0.043   0.398   0.216   0.455
 91 307 22 21 30   0.036   0.393   0.208   0.447
 91 307 22 22 30   0.028   0.395   0.203   0.446
 91 307 22 23 30   0.030   0.423   0.195   0.467
 91 307 22 24 30   0.013   0.428   0.198   0.472
 91 307 22 25 30   0.010   0.428   0.194   0.470
 91 307 22 26 30   0.004   0.430   0.200   0.474
 91 307 22 27 30   0.003   0.435   0.195   0.477
 91 307 22 28 30   0.007   0.407   0.217   0.461
 91 307 22 29 30   0.005   0.412   0.212   0.464
 91 307 22 30 30   0.005   0.420   0.201   0.466
 91 307 22 31 30  -0.008   0.407   0.208   0.457
 91 307 22 32 30  -0.014   0.405   0.219   0.461
 91 307 22 33 30  -0.020   0.384   0.245   0.456
 91 307 22 34 30   0.002   0.413   0.229   0.473
 91 307 22 35 30   0.010   0.432   0.192   0.473
 91 307 22 36 30   0.031   0.440   0.146   0.465
 91 307 22 37 30   0.013   0.432   0.150   0.457
 91 307 22 38 30  -0.001   0.437   0.160   0.466
 91 307 22 39 30   0.015   0.443   0.130   0.464
 91 307 22 40 30   0.033   0.452   0.087   0.461
 91 307 22 41 30   0.017   0.453   0.063   0.458
 91 307 22 42 30   0.038   0.462   0.054   0.468
 91 307 22 43 30   0.055   0.461   0.028   0.466
 91 307 22 44 30   0.055   0.462   0.016   0.465
 91 307 22 45 30   0.055   0.459   0.021   0.463
 91 307 22 46 30   0.076   0.459   0.026   0.467
 91 307 22 47 30   0.078   0.462   0.022   0.470
 91 307 22 48 30   0.077   0.458   0.018   0.465
 91 307 22 49 30   0.028   0.463   0.073   0.470
 91 307 22 50 30   0.022   0.467   0.056   0.472
 91 307 22 51 30  -0.013   0.464  -0.076   0.474
 91 307 22 52 30  -0.006   0.476  -0.085   0.484
 91 307 22 53 30  -0.029   0.436  -0.178   0.476
 91 307 22 54 30  -0.055   0.433  -0.177   0.474
 91 307 22 55 30  -0.046   0.424  -0.197   0.474
 91 307 22 56 30  -0.035   0.459  -0.132   0.480
 91 307 22 57 30  -0.028   0.459  -0.134   0.479
 91 307 22 58 30  -0.040   0.455  -0.140   0.478
 91 307 22 59 30  -0.060   0.446  -0.157   0.477
 91 307 23 00 30  -0.041   0.451  -0.138   0.474
 91 307 23 01 30  -0.025   0.452  -0.135   0.473
 91 307 23 02 30  -0.038   0.452  -0.136   0.474
 91 307 23 03 30  -0.054   0.444  -0.158   0.475
 91 307 23 04 30  -0.062   0.446  -0.167   0.480
 91 307 23 05 30  -0.057   0.444  -0.171   0.479
 91 307 23 06 30  -0.054   0.464  -0.129   0.484
 91 307 23 07 30  -0.052   0.465  -0.129   0.486
 91 307 23 08 30  -0.049   0.455  -0.132   0.476
 91 307 23 09 30  -0.048   0.452  -0.136   0.475
 91 307 23 10 30  -0.044   0.439  -0.139   0.463
 91 307 23 11 30  -0.022   0.434  -0.116   0.450
 91 307 23 12 30  -0.034   0.442  -0.129   0.462
 91 307 23 13 30  -0.018   0.418  -0.144   0.443
 91 307 23 14 30  -0.018   0.410  -0.154   0.439
 91 307 23 15 30  -0.018   0.409  -0.163   0.442
 91 307 23 16 30  -0.025   0.415  -0.118   0.435
 91 307 23 17 30  -0.045   0.429  -0.108   0.445
 91 307 23 18 30  -0.040   0.439  -0.097   0.452
 91 307 23 19 30  -0.059   0.425  -0.108   0.443
 91 307 23 20 30  -0.046   0.442  -0.109   0.458
 91 307 23 21 30  -0.055   0.442  -0.105   0.458
 91 307 23 22 30  -0.025   0.434  -0.099   0.447
 91 307 23 23 30   0.010   0.419  -0.103   0.432
 91 307 23 24 30   0.009   0.422  -0.098   0.434
 91 307 23 25 30  -0.014   0.426  -0.084   0.435
 91 307 23 26 30   0.003   0.426  -0.091   0.436
 91 307 23 27 30  -0.003   0.426  -0.088   0.435
 91 307 23 28 30  -0.019   0.438  -0.082   0.447
 91 307 23 29 30  -0.024   0.435  -0.083   0.444
 91 307 23 30 30  -0.019   0.441  -0.065   0.446
 91 307 23 31 30   0.004   0.432  -0.090   0.442
 91 307 23 32 30  -0.008   0.441  -0.054   0.446
 91 307 23 33 30  -0.004   0.446  -0.051   0.449
 91 307 23 34 30   0.003   0.454  -0.050   0.457
 91 307 23 35 30   0.012   0.438  -0.076   0.445
 91 307 23 36 30   0.028   0.438  -0.046   0.443
 91 307 23 37 30   0.049   0.440  -0.007   0.443
 91 307 23 38 30   0.044   0.434  -0.022   0.437
 91 307 23 39 30   0.034   0.432  -0.013   0.434
 91 307 23 40 30   0.028   0.427  -0.028   0.429
 91 307 23 41 30   0.020   0.437  -0.035   0.439
 91 307 23 42 30   0.023   0.452  -0.060   0.457
 91 307 23 43 30   0.022   0.434  -0.083   0.442
 91 307 23 44 30   0.046   0.421  -0.069   0.430
 91 307 23 45 30   0.021   0.440  -0.069   0.446
 91 307 23 46 30   0.023   0.447  -0.038   0.450
 91 307 23 47 30   0.016   0.453  -0.043   0.456
 91 307 23 48 30   0.025   0.451  -0.035   0.453
 91 307 23 49 30   0.013   0.452  -0.047   0.455
 91 307 23 50 30   0.007   0.444  -0.064   0.449
 91 307 23 51 30   0.008   0.426  -0.075   0.433
 91 307 23 52 30  -0.003   0.434  -0.070   0.440
 91 307 23 53 30  -0.006   0.434  -0.071   0.440
 91 307 23 54 30   0.001   0.429  -0.078   0.436
 91 307 23 55 30   0.001   0.407  -0.136   0.430
 91 307 23 56 30  -0.015   0.412  -0.133   0.434
 91 307 23 57 30  -0.012   0.415  -0.128   0.435
 91 307 23 58 30  -0.045   0.416  -0.110   0.433
 91 307 23 59 30  -0.034   0.421  -0.117   0.439
