 91 309 00 00 30  -0.138   0.284  -0.102   0.332
 91 309 00 01 30  -0.141   0.275  -0.124   0.334
 91 309 00 02 30  -0.123   0.283  -0.127   0.334
 91 309 00 03 30  -0.115   0.283  -0.129   0.332
 91 309 00 04 30  -0.105   0.294  -0.111   0.332
 91 309 00 05 30  -0.135   0.286  -0.110   0.335
 91 309 00 06 30  -0.138   0.281  -0.115   0.334
 91 309 00 07 30  -0.125   0.287  -0.121   0.336
 91 309 00 08 30  -0.118   0.293  -0.122   0.339
 91 309 00 09 30  -0.164   0.265  -0.125   0.336
 91 309 00 10 30  -0.140   0.283  -0.112   0.335
 91 309 00 11 30  -0.150   0.270  -0.121   0.332
 91 309 00 12 30  -0.145   0.277  -0.131   0.340
 91 309 00 13 30  -0.143   0.282  -0.135   0.344
 91 309 00 14 30  -0.138   0.285  -0.114   0.337
 91 309 00 15 30  -0.147   0.291  -0.099   0.341
 91 309 00 16 30  -0.141   0.297  -0.095   0.342
 91 309 00 17 30  -0.143   0.295  -0.099   0.343
 91 309 00 18 30  -0.144   0.289  -0.100   0.339
 91 309 00 19 30  -0.143   0.287  -0.094   0.334
 91 309 00 20 30  -0.145   0.286  -0.080   0.331
 91 309 00 21 30  -0.159   0.278  -0.069   0.328
 91 309 00 22 30  -0.164   0.301  -0.079   0.352
 91 309 00 23 30  -0.175   0.293  -0.069   0.348
 91 309 00 24 30  -0.158   0.292  -0.068   0.339
 91 309 00 25 30  -0.167   0.295  -0.074   0.347
 91 309 00 26 30  -0.170   0.298  -0.063   0.350
 91 309 00 27 30  -0.186   0.275  -0.081   0.342
 91 309 00 28 30  -0.190   0.284  -0.068   0.349
 91 309 00 29 30  -0.176   0.296  -0.062   0.350
 91 309 00 30 30  -0.191   0.287  -0.050   0.349
 91 309 00 31 30  -0.147   0.292  -0.065   0.336
 91 309 00 32 30  -0.088   0.286  -0.141   0.343
 91 309 00 33 30   0.067   0.237  -0.286   0.379
 91 309 00 34 30   0.118   0.223  -0.316   0.407
 91 309 00 35 30   0.139   0.212  -0.313   0.406
 91 309 00 36 30   0.132   0.192  -0.332   0.408
 91 309 00 37 30   0.096   0.179  -0.348   0.415
 91 309 00 38 30   0.225   0.232  -0.267   0.421
 91 309 00 39 30   0.140   0.164  -0.396   0.453
 91 309 00 40 30   0.128   0.155  -0.423   0.469
 91 309 00 41 30   0.143   0.204  -0.395   0.467
 91 309 00 42 30   0.159   0.200  -0.395   0.471
 91 309 00 43 30   0.172   0.185  -0.396   0.470
 91 309 00 44 30   0.160   0.165  -0.410   0.471
 91 309 00 45 30   0.165   0.207  -0.395   0.476
 91 309 00 46 30   0.182   0.217  -0.375   0.471
 91 309 00 47 30   0.166   0.204  -0.380   0.463
 91 309 00 48 30   0.196   0.206  -0.363   0.461
 91 309 00 49 30   0.185   0.168  -0.355   0.437
 91 309 00 50 30   0.194   0.161  -0.356   0.440
 91 309 00 51 30   0.238   0.140  -0.326   0.428
 91 309 00 52 30   0.268   0.128  -0.309   0.430
 91 309 00 53 30   0.285   0.111  -0.294   0.424
 91 309 00 54 30   0.295   0.111  -0.279   0.421
 91 309 00 55 30   0.298   0.116  -0.276   0.423
 91 309 00 56 30   0.299   0.113  -0.283   0.428
 91 309 00 57 30   0.294   0.130  -0.287   0.431
 91 309 00 58 30   0.288   0.122  -0.290   0.428
 91 309 00 59 30   0.301   0.139  -0.283   0.437
 91 309 01 00 30   0.307   0.120  -0.285   0.436
 91 309 01 01 30   0.338   0.159  -0.242   0.446
 91 309 01 02 30   0.325   0.151  -0.260   0.443
 91 309 01 03 30   0.318   0.148  -0.269   0.443
 91 309 01 04 30   0.324   0.157  -0.266   0.448
 91 309 01 05 30   0.335   0.142  -0.265   0.450
 91 309 01 06 30   0.333   0.144  -0.253   0.443
 91 309 01 07 30   0.337   0.134  -0.256   0.444
 91 309 01 08 30   0.323   0.134  -0.271   0.443
 91 309 01 09 30   0.309   0.144  -0.276   0.439
 91 309 01 10 30   0.307   0.154  -0.281   0.446
 91 309 01 11 30   0.297   0.141  -0.305   0.451
 91 309 01 12 30   0.308   0.162  -0.281   0.447
 91 309 01 13 30   0.286   0.165  -0.296   0.444
 91 309 01 14 30   0.298   0.167  -0.282   0.443
 91 309 01 15 30   0.302   0.160  -0.279   0.442
 91 309 01 16 30   0.297   0.159  -0.286   0.443
 91 309 01 17 30   0.297   0.157  -0.282   0.439
 91 309 01 18 30   0.297   0.166  -0.285   0.445
 91 309 01 19 30   0.299   0.165  -0.287   0.446
 91 309 01 20 30   0.293   0.165  -0.297   0.448
 91 309 01 21 30   0.293   0.166  -0.297   0.449
 91 309 01 22 30   0.307   0.158  -0.287   0.449
 91 309 01 23 30   0.310   0.140  -0.285   0.444
 91 309 01 24 30   0.296   0.173  -0.276   0.441
 91 309 01 25 30   0.296   0.145  -0.292   0.442
 91 309 01 26 30   0.299   0.138  -0.293   0.441
 91 309 01 27 30   0.319   0.087  -0.296   0.444
 91 309 01 28 30   0.275   0.191  -0.281   0.443
 91 309 01 29 30   0.251   0.230  -0.285   0.444
 91 309 01 30 30   0.260   0.206  -0.296   0.445
 91 309 01 31 30   0.275   0.181  -0.308   0.451
 91 309 01 32 30   0.281   0.166  -0.306   0.448
 91 309 01 33 30   0.284   0.164  -0.301   0.446
 91 309 01 34 30   0.264   0.169  -0.313   0.443
 91 309 01 35 30   0.285   0.162  -0.302   0.446
 91 309 01 36 30   0.282   0.166  -0.300   0.444
 91 309 01 37 30   0.282   0.152  -0.307   0.444
 91 309 01 38 30   0.253   0.156  -0.327   0.443
 91 309 01 39 30   0.277   0.148  -0.313   0.443
 91 309 01 40 30   0.279   0.150  -0.311   0.444
 91 309 01 41 30   0.271   0.138  -0.324   0.445
 91 309 01 42 30   0.282   0.133  -0.317   0.445
 91 309 01 43 30   0.288   0.142  -0.308   0.446
 91 309 01 44 30   0.283   0.145  -0.308   0.443
 91 309 01 45 30   0.277   0.156  -0.311   0.444
 91 309 01 46 30   0.281   0.152  -0.308   0.444
 91 309 01 47 30   0.287   0.140  -0.315   0.449
 91 309 01 48 30   0.293   0.121  -0.316   0.447
 91 309 01 49 30   0.289   0.118  -0.319   0.447
 91 309 01 50 30   0.274   0.105  -0.332   0.444
 91 309 01 51 30   0.232   0.156  -0.336   0.437
 91 309 01 52 30   0.246   0.154  -0.330   0.440
 91 309 01 53 30   0.259   0.129  -0.328   0.438
 91 309 01 54 30   0.269   0.118  -0.329   0.441
 91 309 01 55 30   0.271   0.118  -0.327   0.441
 91 309 01 56 30   0.262   0.117  -0.326   0.435
 91 309 01 57 30   0.259   0.123  -0.328   0.436
 91 309 01 58 30   0.257   0.125  -0.327   0.435
 91 309 01 59 30   0.265   0.150  -0.305   0.432
 91 309 02 00 30   0.260   0.177  -0.303   0.437
 91 309 02 01 30   0.208   0.266  -0.295   0.449
 91 309 02 02 30   0.205   0.261  -0.311   0.456
 91 309 02 03 30   0.163   0.287  -0.307   0.451
 91 309 02 04 30   0.166   0.282  -0.305   0.447
 91 309 02 05 30   0.172   0.271  -0.317   0.452
 91 309 02 06 30   0.193   0.268  -0.303   0.450
 91 309 02 07 30   0.210   0.234  -0.321   0.450
 91 309 02 08 30   0.222   0.206  -0.308   0.434
 91 309 02 09 30   0.228   0.244  -0.274   0.434
 91 309 02 10 30   0.220   0.280  -0.245   0.433
 91 309 02 11 30   0.196   0.315  -0.231   0.437
 91 309 02 12 30   0.176   0.336  -0.202   0.432
 91 309 02 13 30   0.152   0.355  -0.178   0.425
 91 309 02 14 30   0.147   0.345  -0.210   0.431
 91 309 02 15 30   0.158   0.368  -0.164   0.434
 91 309 02 16 30   0.184   0.342  -0.193   0.434
 91 309 02 17 30   0.171   0.353  -0.178   0.431
 91 309 02 18 30   0.163   0.351  -0.188   0.431
 91 309 02 19 30   0.153   0.351  -0.201   0.436
 91 309 02 20 30   0.121   0.373  -0.180   0.431
 91 309 02 21 30   0.170   0.325  -0.218   0.431
 91 309 02 22 30   0.209   0.308  -0.209   0.427
 91 309 02 23 30   0.194   0.324  -0.190   0.423
 91 309 02 24 30   0.188   0.339  -0.173   0.425
 91 309 02 25 30   0.190   0.349  -0.160   0.429
 91 309 02 26 30   0.175   0.364  -0.121   0.424
 91 309 02 27 30   0.165   0.374  -0.083   0.418
 91 309 02 28 30   0.151   0.378  -0.093   0.418
 91 309 02 29 30   0.155   0.383  -0.113   0.430
 91 309 02 30 30   0.149   0.386  -0.138   0.437
 91 309 02 31 30   0.123   0.374  -0.164   0.428
 91 309 02 32 30   0.094   0.363  -0.202   0.427
 91 309 02 33 30   0.132   0.355  -0.192   0.426
 91 309 02 34 30   0.131   0.364  -0.172   0.424
 91 309 02 35 30   0.127   0.380  -0.139   0.425
 91 309 02 36 30   0.134   0.380  -0.139   0.426
 91 309 02 37 30   0.138   0.373  -0.151   0.425
 91 309 02 38 30   0.102   0.363  -0.172   0.417
 91 309 02 39 30   0.086   0.361  -0.179   0.413
 91 309 02 40 30   0.097   0.356  -0.183   0.413
 91 309 02 41 30   0.112   0.354  -0.191   0.417
 91 309 02 42 30   0.096   0.368  -0.193   0.427
 91 309 02 43 30   0.121   0.356  -0.198   0.426
 91 309 02 44 30   0.107   0.348  -0.222   0.427
 91 309 02 45 30   0.101   0.345  -0.240   0.432
 91 309 02 46 30   0.116   0.342  -0.247   0.438
 91 309 02 47 30   0.104   0.349  -0.241   0.437
 91 309 02 48 30   0.096   0.359  -0.232   0.438
 91 309 02 49 30   0.091   0.361  -0.235   0.441
 91 309 02 50 30   0.078   0.363  -0.234   0.439
 91 309 02 51 30   0.065   0.375  -0.227   0.444
 91 309 02 52 30   0.059   0.361  -0.241   0.439
 91 309 02 53 30   0.035   0.378  -0.206   0.433
 91 309 02 54 30   0.025   0.389  -0.180   0.430
 91 309 02 55 30   0.011   0.398  -0.161   0.430
 91 309 02 56 30   0.016   0.398  -0.174   0.435
 91 309 02 57 30   0.021   0.392  -0.183   0.434
 91 309 02 58 30   0.023   0.404  -0.159   0.436
 91 309 02 59 30   0.009   0.408  -0.133   0.429
 91 309 03 00 30   0.011   0.404  -0.154   0.433
 91 309 03 01 30   0.020   0.385  -0.198   0.434
 91 309 03 02 30   0.034   0.368  -0.213   0.427
 91 309 03 03 30   0.021   0.369  -0.198   0.420
 91 309 03 04 30   0.012   0.375  -0.202   0.427
 91 309 03 05 30   0.027   0.348  -0.242   0.425
 91 309 03 06 30   0.017   0.356  -0.232   0.425
 91 309 03 07 30   0.013   0.358  -0.221   0.421
 91 309 03 08 30   0.018   0.358  -0.218   0.420
 91 309 03 09 30   0.017   0.355  -0.224   0.420
 91 309 03 10 30   0.039   0.337  -0.257   0.426
 91 309 03 11 30   0.048   0.341  -0.249   0.427
 91 309 03 12 30   0.077   0.303  -0.285   0.426
 91 309 03 13 30   0.100   0.283  -0.291   0.419
 91 309 03 14 30   0.103   0.272  -0.287   0.412
 91 309 03 15 30  -0.117   0.393  -0.133   0.431
 91 309 03 16 30  -0.120   0.413  -0.104   0.442
 91 309 03 17 30  -0.119   0.418  -0.107   0.447
 91 309 03 18 30  -0.109   0.419  -0.116   0.448
 91 309 03 19 30  -0.112   0.409  -0.121   0.441
 91 309 03 20 30  -0.082   0.436  -0.079   0.451
 91 309 03 21 30  -0.095   0.430  -0.091   0.450
 91 309 03 22 30  -0.086   0.436  -0.091   0.454
 91 309 03 23 30  -0.070   0.439  -0.074   0.451
 91 309 03 24 30  -0.070   0.438  -0.067   0.449
 91 309 03 25 30  -0.072   0.445  -0.072   0.457
 91 309 03 26 30  -0.072   0.435  -0.071   0.447
 91 309 03 27 30  -0.071   0.433  -0.082   0.447
 91 309 03 28 30  -0.060   0.444  -0.083   0.457
 91 309 03 29 30  -0.143   0.405  -0.139   0.452
 91 309 03 30 30  -0.149   0.408  -0.128   0.453
 91 309 03 31 30  -0.144   0.405  -0.128   0.450
 91 309 03 32 30  -0.140   0.408  -0.120   0.448
 91 309 03 33 30  -0.121   0.415  -0.133   0.452
 91 309 03 34 30  -0.117   0.421  -0.097   0.449
 91 309 03 35 30  -0.116   0.405  -0.140   0.445
 91 309 03 36 30  -0.106   0.420  -0.113   0.448
 91 309 03 37 30  -0.094   0.432  -0.114   0.456
 91 309 03 38 30  -0.099   0.430  -0.116   0.457
 91 309 03 39 30  -0.075   0.436  -0.108   0.455
 91 309 03 40 30  -0.077   0.428  -0.115   0.450
 91 309 03 41 30  -0.088   0.422  -0.115   0.446
 91 309 03 42 30  -0.100   0.415  -0.127   0.446
 91 309 03 43 30  -0.095   0.414  -0.126   0.443
 91 309 03 44 30  -0.089   0.420  -0.109   0.443
 91 309 03 45 30  -0.098   0.418  -0.110   0.443
 91 309 03 46 30  -0.095   0.416  -0.123   0.445
 91 309 03 47 30  -0.090   0.419  -0.122   0.446
 91 309 03 48 30  -0.085   0.427  -0.117   0.451
 91 309 03 49 30  -0.051   0.426  -0.169   0.462
 91 309 03 50 30  -0.058   0.419  -0.186   0.462
 91 309 03 51 30  -0.048   0.407  -0.198   0.456
 91 309 03 52 30  -0.030   0.416  -0.184   0.456
 91 309 03 53 30  -0.012   0.424  -0.174   0.463
 91 309 03 54 30   0.012   0.423  -0.213   0.477
 91 309 03 55 30   0.022   0.389  -0.299   0.493
 91 309 03 56 30   0.020   0.401  -0.312   0.513
 91 309 03 57 30  -0.002   0.420  -0.283   0.519
 91 309 03 58 30   0.041   0.468  -0.205   0.513
 91 309 03 59 30   0.036   0.430  -0.261   0.510
 91 309 04 00 30   0.049   0.400  -0.322   0.517
 91 309 04 01 30   0.057   0.394  -0.321   0.513
 91 309 04 02 30   0.046   0.380  -0.324   0.504
 91 309 04 03 30   0.032   0.387  -0.312   0.499
 91 309 04 04 30   0.017   0.342  -0.340   0.484
 91 309 04 05 30   0.032   0.345  -0.321   0.473
 91 309 04 06 30   0.036   0.350  -0.319   0.476
 91 309 04 07 30   0.000   0.339  -0.341   0.481
 91 309 04 08 30  -0.004   0.311  -0.366   0.482
 91 309 04 09 30   0.033   0.325  -0.360   0.487
 91 309 04 10 30   0.056   0.335  -0.353   0.492
 91 309 04 11 30   0.050   0.431  -0.262   0.508
 91 309 04 12 30   0.035   0.438  -0.277   0.520
 91 309 04 13 30   0.009   0.453  -0.242   0.515
 91 309 04 14 30   0.034   0.404  -0.309   0.511
 91 309 04 15 30   0.048   0.327  -0.379   0.503
 91 309 04 16 30   0.073   0.290  -0.398   0.501
 91 309 04 17 30   0.045   0.430  -0.277   0.514
 91 309 04 18 30   0.026   0.479  -0.205   0.523
 91 309 04 19 30   0.057   0.345  -0.366   0.516
 91 309 04 20 30   0.054   0.269  -0.440   0.519
 91 309 04 21 30   0.059   0.293  -0.415   0.512
 91 309 04 22 30   0.062   0.293  -0.412   0.510
 91 309 04 23 30   0.054   0.274  -0.424   0.508
 91 309 04 24 30   0.056   0.270  -0.419   0.502
 91 309 04 25 30   0.057   0.270  -0.405   0.490
 91 309 04 26 30   0.060   0.261  -0.416   0.495
 91 309 04 27 30   0.040   0.233  -0.425   0.486
 91 309 04 28 30   0.038   0.217  -0.435   0.488
 91 309 04 29 30   0.051   0.206  -0.423   0.474
 91 309 04 30 30   0.046   0.179  -0.432   0.471
 91 309 04 31 30   0.025   0.229  -0.421   0.482
 91 309 04 32 30  -0.001   0.271  -0.420   0.500
 91 309 04 33 30  -0.013   0.269  -0.424   0.503
 91 309 04 34 30  -0.016   0.262  -0.427   0.502
 91 309 04 35 30  -0.015   0.247  -0.438   0.504
 91 309 04 36 30  -0.004   0.256  -0.431   0.502
 91 309 04 37 30  -0.001   0.243  -0.433   0.497
 91 309 04 38 30  -0.023   0.233  -0.433   0.492
 91 309 04 39 30  -0.022   0.245  -0.431   0.497
 91 309 04 40 30   0.015   0.245  -0.427   0.494
 91 309 04 41 30   0.079   0.299  -0.410   0.519
 91 309 04 42 30   0.130   0.321  -0.397   0.527
 91 309 04 43 30   0.139   0.319  -0.391   0.524
 91 309 04 44 30   0.118   0.300  -0.396   0.511
 91 309 04 45 30   0.126   0.322  -0.374   0.510
 91 309 04 46 30   0.115   0.323  -0.383   0.514
 91 309 04 47 30   0.101   0.314  -0.393   0.514
 91 309 04 48 30   0.042   0.298  -0.403   0.504
 91 309 04 49 30   0.072   0.310  -0.385   0.499
 91 309 04 50 30   0.095   0.283  -0.398   0.498
 91 309 04 51 30   0.078   0.291  -0.401   0.501
 91 309 04 52 30   0.090   0.294  -0.401   0.505
 91 309 04 53 30   0.071   0.278  -0.414   0.505
 91 309 04 54 30   0.072   0.271  -0.424   0.508
 91 309 04 55 30   0.046   0.294  -0.415   0.511
 91 309 04 56 30   0.065   0.318  -0.387   0.507
 91 309 04 57 30   0.037   0.262  -0.442   0.516
 91 309 04 58 30   0.030   0.251  -0.448   0.515
 91 309 04 59 30   0.065   0.272  -0.432   0.515
 91 309 05 00 30   0.035   0.261  -0.426   0.501
 91 309 05 01 30   0.037   0.280  -0.408   0.497
 91 309 05 02 30   0.012   0.268  -0.411   0.492
 91 309 05 03 30  -0.001   0.270  -0.410   0.491
 91 309 05 04 30   0.035   0.277  -0.409   0.496
 91 309 05 05 30   0.044   0.281  -0.397   0.489
 91 309 05 06 30   0.047   0.256  -0.421   0.495
 91 309 05 07 30   0.141   0.278  -0.387   0.500
 91 309 05 08 30   0.151   0.226  -0.415   0.500
 91 309 05 09 30   0.166   0.174  -0.446   0.507
 91 309 05 10 30   0.149   0.127  -0.465   0.507
 91 309 05 11 30   0.146   0.112  -0.457   0.499
 91 309 05 12 30   0.113   0.184  -0.454   0.510
 91 309 05 13 30   0.108   0.223  -0.432   0.499
 91 309 05 14 30   0.069   0.234  -0.427   0.492
 91 309 05 15 30   0.028   0.234  -0.400   0.465
 91 309 05 16 30  -0.033   0.248  -0.372   0.450
 91 309 05 17 30  -0.055   0.251  -0.341   0.433
 91 309 05 18 30  -0.104   0.302  -0.284   0.429
 91 309 05 19 30  -0.069   0.279  -0.330   0.441
 91 309 05 20 30  -0.106   0.295  -0.305   0.440
 91 309 05 21 30  -0.097   0.300  -0.316   0.448
 91 309 05 22 30  -0.063   0.267  -0.337   0.438
 91 309 05 23 30  -0.093   0.326  -0.289   0.446
 91 309 05 24 30  -0.122   0.333  -0.258   0.439
 91 309 05 25 30  -0.172   0.334  -0.217   0.437
 91 309 05 26 30  -0.229   0.329  -0.194   0.446
 91 309 05 27 30  -0.251   0.325  -0.163   0.442
 91 309 05 28 30  -0.241   0.315  -0.188   0.439
 91 309 05 29 30  -0.180   0.269  -0.255   0.441
 91 309 05 30 30   0.019   0.225  -0.384   0.446
 91 309 05 31 30  -0.020   0.239  -0.378   0.448
 91 309 05 32 30  -0.016   0.248  -0.368   0.445
 91 309 05 33 30  -0.044   0.271  -0.338   0.437
 91 309 05 34 30  -0.099   0.304  -0.289   0.432
 91 309 05 35 30  -0.070   0.337  -0.247   0.425
 91 309 05 36 30  -0.038   0.303  -0.265   0.407
 91 309 05 37 30  -0.076   0.291  -0.246   0.429
 91 309 05 38 30  -0.197   0.141  -0.388   0.458
 91 309 05 39 30  -0.211   0.082  -0.395   0.456
 91 309 05 40 30  -0.218   0.015  -0.412   0.468
 91 309 05 41 30  -0.177   0.175  -0.421   0.491
 91 309 05 42 30  -0.199   0.113  -0.441   0.500
 91 309 05 43 30  -0.211   0.076  -0.447   0.500
 91 309 05 44 30  -0.223   0.080  -0.441   0.501
 91 309 05 45 30  -0.226   0.047  -0.442   0.499
 91 309 05 46 30  -0.212   0.111  -0.443   0.504
 91 309 05 47 30  -0.206   0.137  -0.442   0.507
 91 309 05 48 30  -0.227   0.147  -0.434   0.512
 91 309 05 49 30  -0.206   0.144  -0.446   0.513
 91 309 05 50 30  -0.174   0.157  -0.459   0.515
 91 309 05 51 30  -0.149   0.157  -0.466   0.515
 91 309 05 52 30  -0.145   0.156  -0.474   0.520
 91 309 05 53 30  -0.138   0.164  -0.480   0.525
 91 309 05 54 30  -0.144   0.144  -0.478   0.520
 91 309 05 55 30  -0.151   0.130  -0.486   0.525
 91 309 05 56 30  -0.160   0.120  -0.490   0.530
 91 309 05 57 30  -0.180   0.111  -0.478   0.523
 91 309 05 58 30  -0.163   0.121  -0.480   0.523
 91 309 05 59 30  -0.135   0.146  -0.475   0.516
 91 309 06 00 30  -0.167   0.091  -0.486   0.522
 91 309 06 01 30  -0.166   0.098  -0.499   0.535
 91 309 06 02 30  -0.171   0.086  -0.507   0.542
 91 309 06 03 30  -0.192   0.086  -0.501   0.544
 91 309 06 04 30  -0.195   0.081  -0.504   0.547
 91 309 06 05 30  -0.205   0.075  -0.504   0.549
 91 309 06 06 30  -0.208   0.077  -0.506   0.552
 91 309 06 07 30  -0.200   0.073  -0.508   0.551
 91 309 06 08 30  -0.190   0.107  -0.501   0.549
 91 309 06 09 30  -0.153   0.213  -0.489   0.556
 91 309 06 10 30  -0.170   0.220  -0.476   0.552
 91 309 06 11 30  -0.137   0.222  -0.488   0.554
 91 309 06 12 30  -0.138   0.245  -0.477   0.554
 91 309 06 13 30  -0.124   0.257  -0.488   0.566
 91 309 06 14 30  -0.112   0.291  -0.469   0.563
 91 309 06 15 30  -0.155   0.236  -0.476   0.555
 91 309 06 16 30  -0.186   0.210  -0.481   0.557
 91 309 06 17 30  -0.184   0.219  -0.479   0.558
 91 309 06 18 30  -0.183   0.192  -0.481   0.550
 91 309 06 19 30  -0.196   0.302  -0.433   0.565
 91 309 06 20 30  -0.219   0.296  -0.430   0.567
 91 309 06 21 30  -0.185   0.270  -0.472   0.575
 91 309 06 22 30  -0.190   0.231  -0.496   0.580
 91 309 06 23 30  -0.188   0.243  -0.499   0.586
 91 309 06 24 30  -0.190   0.230  -0.505   0.588
 91 309 06 25 30  -0.174   0.295  -0.433   0.565
 91 309 06 26 30  -0.151   0.530  -0.051   0.554
 91 309 06 27 30  -0.158   0.515  -0.081   0.546
 91 309 06 28 30  -0.162   0.505  -0.103   0.541
 91 309 06 29 30  -0.124   0.512  -0.150   0.551
 91 309 06 30 30  -0.102   0.447  -0.315   0.557
 91 309 06 31 30  -0.117   0.404  -0.341   0.543
 91 309 06 32 30  -0.096   0.297  -0.435   0.538
 91 309 06 33 30  -0.098   0.286  -0.468   0.558
 91 309 06 34 30  -0.094   0.318  -0.458   0.566
 91 309 06 35 30  -0.089   0.330  -0.465   0.577
 91 309 06 36 30  -0.091   0.352  -0.454   0.583
 91 309 06 37 30  -0.098   0.353  -0.455   0.585
 91 309 06 38 30  -0.108   0.364  -0.430   0.574
 91 309 06 39 30  -0.119   0.368  -0.437   0.584
 91 309 06 40 30  -0.118   0.369  -0.437   0.585
 91 309 06 41 30  -0.100   0.402  -0.415   0.588
 91 309 06 42 30  -0.055   0.503  -0.257   0.570
 91 309 06 43 30  -0.068   0.514  -0.234   0.571
 91 309 06 44 30  -0.040   0.515  -0.244   0.573
 91 309 06 45 30  -0.051   0.517  -0.266   0.584
 91 309 06 46 30  -0.064   0.524  -0.256   0.588
 91 309 06 47 30  -0.054   0.542  -0.234   0.593
 91 309 06 48 30  -0.048   0.538  -0.262   0.601
 91 309 06 49 30  -0.074   0.541  -0.228   0.593
 91 309 06 50 30  -0.082   0.536  -0.237   0.592
 91 309 06 51 30  -0.103   0.531  -0.232   0.589
 91 309 06 52 30  -0.078   0.544  -0.247   0.603
 91 309 06 53 30  -0.074   0.542  -0.253   0.603
 91 309 06 54 30  -0.094   0.522  -0.277   0.598
 91 309 06 55 30  -0.097   0.518  -0.285   0.599
 91 309 06 56 30  -0.109   0.499  -0.303   0.594
 91 309 06 57 30  -0.132   0.507  -0.285   0.596
 91 309 06 58 30  -0.130   0.525  -0.279   0.609
 91 309 06 59 30  -0.130   0.521  -0.284   0.608
 91 309 07 00 30  -0.135   0.524  -0.269   0.605
 91 309 07 01 30  -0.150   0.529  -0.245   0.602
 91 309 07 02 30  -0.190   0.521  -0.300   0.631
 91 309 07 03 30  -0.140   0.538  -0.261   0.615
 91 309 07 04 30  -0.114   0.551  -0.240   0.612
 91 309 07 05 30  -0.142   0.551  -0.232   0.614
 91 309 07 06 30  -0.136   0.548  -0.231   0.610
 91 309 07 07 30  -0.150   0.562  -0.178   0.610
 91 309 07 08 30  -0.149   0.565  -0.216   0.624
 91 309 07 09 30  -0.190   0.569  -0.213   0.637
 91 309 07 10 30  -0.159   0.538  -0.282   0.629
 91 309 07 11 30  -0.117   0.519  -0.349   0.636
 91 309 07 12 30  -0.119   0.520  -0.344   0.635
 91 309 07 13 30  -0.095   0.516  -0.374   0.645
 91 309 07 14 30  -0.124   0.511  -0.379   0.648
 91 309 07 15 30  -0.130   0.514  -0.382   0.655
 91 309 07 16 30  -0.129   0.531  -0.377   0.664
 91 309 07 17 30  -0.128   0.536  -0.369   0.664
 91 309 07 18 30  -0.124   0.546  -0.372   0.673
 91 309 07 19 30  -0.138   0.521  -0.398   0.670
 91 309 07 20 30  -0.155   0.495  -0.399   0.655
 91 309 07 21 30  -0.152   0.521  -0.365   0.654
 91 309 07 22 30   0.000   0.596  -0.196   0.642
 91 309 07 23 30   0.059   0.626  -0.099   0.637
 91 309 07 24 30   0.039   0.617  -0.118   0.630
 91 309 07 25 30   0.013   0.611  -0.141   0.628
 91 309 07 26 30  -0.002   0.594  -0.198   0.626
 91 309 07 27 30  -0.004   0.589  -0.214   0.628
 91 309 07 28 30  -0.034   0.590  -0.230   0.635
 91 309 07 29 30  -0.081   0.575  -0.266   0.640
 91 309 07 30 30  -0.053   0.605  -0.231   0.650
 91 309 07 31 30  -0.056   0.604  -0.210   0.642
 91 309 07 32 30  -0.071   0.603  -0.198   0.640
 91 309 07 33 30  -0.046   0.595  -0.242   0.644
 91 309 07 34 30  -0.076   0.596  -0.239   0.647
 91 309 07 35 30  -0.077   0.546  -0.324   0.643
 91 309 07 36 30  -0.081   0.532  -0.327   0.631
 91 309 07 37 30  -0.101   0.527  -0.319   0.625
 91 309 07 38 30  -0.097   0.539  -0.307   0.628
 91 309 07 39 30  -0.094   0.549  -0.295   0.631
 91 309 07 40 30  -0.033   0.031  -0.204   0.643
 91 309 07 41 30  -0.134   0.544  -0.314   0.646
 91 309 07 42 30  -0.190   0.500  -0.356   0.642
 91 309 07 43 30  -0.151   0.500  -0.412   0.665
 91 309 07 44 30  -0.166   0.513  -0.387   0.664
 91 309 07 45 30  -0.161   0.529  -0.378   0.670
 91 309 07 46 30  -0.148   0.544  -0.370   0.675
 91 309 07 47 30  -0.159   0.551  -0.359   0.677
 91 309 07 48 30  -0.180   0.553  -0.353   0.681
 91 309 07 49 30  -0.176   0.569  -0.330   0.682
 91 309 07 50 30  -0.188   0.569  -0.305   0.673
 91 309 07 51 30  -0.189   0.557  -0.284   0.654
 91 309 07 52 30  -0.190   0.565  -0.266   0.653
 91 309 07 53 30  -0.198   0.562  -0.262   0.651
 91 309 07 54 30  -0.207   0.568  -0.260   0.658
 91 309 07 55 30  -0.204   0.577  -0.267   0.669
 91 309 07 56 30  -0.188   0.590  -0.300   0.688
 91 309 07 57 30  -0.161   0.584  -0.301   0.677
 91 309 07 58 30  -0.154   0.590  -0.295   0.678
 91 309 07 59 30  -0.158   0.594  -0.304   0.686
 91 309 08 00 30  -0.146   0.599  -0.307   0.689
 91 309 08 01 30  -0.139   0.595  -0.292   0.678
 91 309 08 02 30  -0.155   0.598  -0.287   0.681
 91 309 08 03 30  -0.150   0.607  -0.286   0.688
 91 309 08 04 30  -0.063   0.283  -0.295   0.695
 91 309 08 05 30  -0.089   0.616  -0.305   0.693
 91 309 08 06 30  -0.120   0.612  -0.295   0.691
 91 309 08 07 30  -0.098   0.615  -0.289   0.687
 91 309 08 08 30  -0.148   0.644  -0.229   0.706
 91 309 08 09 30  -0.235   0.685  -0.122   0.734
 91 309 08 10 30  -0.231   0.684  -0.156   0.739
 91 309 08 11 30  -0.232   0.672  -0.171   0.732
 91 309 08 12 30  -0.205   0.621  -0.243   0.698
 91 309 08 13 30  -0.213   0.631  -0.225   0.703
 91 309 08 14 30  -0.244   0.634  -0.220   0.714
 91 309 08 15 30  -0.248   0.644  -0.173   0.711
 91 309 08 16 30  -0.251   0.667  -0.151   0.730
 91 309 08 17 30  -0.281   0.672  -0.136   0.742
 91 309 08 18 30  -0.279   0.676  -0.124   0.742
 91 309 08 19 30  -0.276   0.681  -0.119   0.745
 91 309 08 20 30  -0.273   0.684  -0.112   0.745
 91 309 08 21 30  -0.275   0.675  -0.093   0.735
 91 309 08 22 30  -0.229   0.670  -0.093   0.714
 91 309 08 23 30  -0.206   0.687  -0.062   0.721
 91 309 08 24 30  -0.204   0.717  -0.039   0.747
 91 309 08 25 30  -0.216   0.708  -0.032   0.741
 91 309 08 26 30  -0.206   0.679  -0.019   0.710
 91 309 08 27 30  -0.195   0.644  -0.129   0.686
 91 309 08 28 30  -0.212   0.644  -0.087   0.684
 91 309 08 29 30  -0.237   0.638  -0.087   0.687
 91 309 08 30 30  -0.212   0.646  -0.063   0.684
 91 309 08 31 30  -0.225   0.645  -0.133   0.696
 91 309 08 32 30  -0.150   0.666  -0.043   0.688
 91 309 08 33 30  -0.092   0.681  -0.003   0.687
 91 309 08 34 30  -0.116   0.674  -0.005   0.684
 91 309 08 35 30  -0.129   0.665   0.007   0.678
 91 309 08 36 30  -0.115   0.669   0.007   0.679
 91 309 08 37 30  -0.091   0.682   0.077   0.696
 91 309 08 38 30  -0.049   0.714   0.154   0.736
 91 309 08 39 30  -0.155   0.713   0.119   0.740
 91 309 08 40 30  -0.169   0.700   0.085   0.726
 91 309 08 41 30  -0.156   0.683   0.047   0.703
 91 309 08 42 30  -0.145   0.673   0.073   0.693
 91 309 08 43 30  -0.163   0.665   0.068   0.689
 91 309 08 44 30  -0.170   0.681   0.092   0.709
 91 309 08 45 30  -0.147   0.700   0.154   0.732
 91 309 08 46 30  -0.156   0.687   0.148   0.720
 91 309 08 47 30  -0.159   0.666   0.145   0.700
 91 309 08 48 30  -0.121   0.654   0.167   0.687
 91 309 08 49 30  -0.117   0.660   0.136   0.684
 91 309 08 50 30  -0.131   0.652   0.121   0.678
 91 309 08 51 30  -0.127   0.649   0.127   0.676
 91 309 08 52 30  -0.089   0.652   0.149   0.675
 91 309 08 53 30  -0.078   0.645   0.130   0.664
 91 309 08 54 30  -0.230   0.610   0.158   0.674
 91 309 08 55 30  -0.220   0.633   0.142   0.686
 91 309 08 56 30  -0.110   0.642   0.118   0.663
 91 309 08 57 30  -0.070   0.632   0.112   0.647
 91 309 08 58 30  -0.077   0.638   0.095   0.649
 91 309 08 59 30  -0.066   0.631   0.106   0.644
 91 309 09 00 30  -0.058   0.627   0.111   0.639
 91 309 09 01 30  -0.051   0.625   0.139   0.643
 91 309 09 02 30  -0.032   0.626   0.145   0.644
 91 309 09 03 30  -0.099   0.625  -0.036   0.642
 91 309 09 04 30  -0.082   0.625   0.036   0.633
 91 309 09 05 30  -0.035   0.623   0.068   0.631
 91 309 09 06 30   0.027   0.625   0.037   0.634
 91 309 09 07 30  -0.018   0.631   0.090   0.642
 91 309 09 08 30  -0.065   0.636   0.151   0.657
 91 309 09 09 30  -0.080   0.622   0.190   0.655
 91 309 09 10 30  -0.089   0.618   0.195   0.654
 91 309 09 11 30  -0.103   0.606   0.200   0.646
 91 309 09 12 30  -0.107   0.635   0.218   0.680
 91 309 09 13 30  -0.112   0.662   0.201   0.701
 91 309 09 14 30  -0.104   0.673   0.167   0.702
 91 309 09 15 30  -0.118   0.671   0.164   0.701
 91 309 09 16 30  -0.114   0.658   0.181   0.692
 91 309 09 17 30  -0.117   0.647   0.187   0.684
 91 309 09 18 30  -0.099   0.648   0.182   0.680
 91 309 09 19 30  -0.092   0.656   0.164   0.683
 91 309 09 20 30  -0.100   0.656   0.180   0.688
 91 309 09 21 30  -0.101   0.636   0.188   0.671
 91 309 09 22 30  -0.086   0.649   0.175   0.678
 91 309 09 23 30  -0.100   0.651   0.175   0.681
 91 309 09 24 30  -0.106   0.655   0.161   0.683
 91 309 09 25 30  -0.108   0.657   0.153   0.683
 91 309 09 26 30  -0.092   0.642   0.178   0.673
 91 309 09 27 30  -0.071   0.474   0.069   0.663
 91 309 09 28 30  -0.099   0.615   0.194   0.652
 91 309 09 30 30  -0.136   0.621   0.140   0.651
 91 309 09 31 30  -0.137   0.619   0.129   0.648
 91 309 09 32 30  -0.127   0.621   0.132   0.647
 91 309 09 33 30  -0.117   0.624   0.124   0.647
 91 309 09 34 30  -0.107   0.622   0.125   0.644
 91 309 09 35 30  -0.092   0.622   0.131   0.643
 91 309 09 36 30  -0.102   0.617   0.127   0.638
 91 309 09 37 30  -0.103   0.617   0.122   0.638
 91 309 09 38 30  -0.095   0.616   0.118   0.635
 91 309 09 39 30  -0.107   0.614   0.106   0.632
 91 309 09 40 30  -0.084   0.615   0.124   0.634
 91 309 09 41 30  -0.101   0.623   0.172   0.654
 91 309 09 42 30  -0.096   0.638   0.166   0.666
 91 309 09 43 30  -0.103   0.634   0.167   0.664
 91 309 09 44 30  -0.097   0.631   0.167   0.660
 91 309 09 45 30  -0.088   0.631   0.161   0.657
 91 309 09 46 30  -0.075   0.625   0.164   0.650
 91 309 09 47 30  -0.068   0.620   0.179   0.649
 91 309 09 53 30  -0.117   0.635   0.124   0.658
 91 309 09 54 30  -0.116   0.647   0.116   0.668
 91 309 09 55 30  -0.114   0.644   0.132   0.668
 91 309 09 56 30  -0.107   0.639   0.136   0.662
 91 309 09 57 30  -0.089   0.632   0.145   0.654
 91 309 09 58 30  -0.095   0.627   0.141   0.651
 91 309 09 59 30  -0.090   0.625   0.141   0.648
 91 309 10 00 30  -0.065   0.616   0.159   0.640
 91 309 10 01 30  -0.056   0.601   0.171   0.628
 91 309 10 02 30  -0.062   0.605   0.167   0.631
 91 309 10 03 30  -0.051   0.609   0.168   0.634
 91 309 10 04 30  -0.028   0.601   0.212   0.638
 91 309 10 05 30  -0.041   0.598   0.177   0.625
 91 309 10 06 30  -0.049   0.592   0.159   0.615
 91 309 10 07 30  -0.046   0.589   0.156   0.611
 91 309 10 08 30  -0.062   0.590   0.157   0.614
 91 309 10 09 30  -0.069   0.588   0.174   0.618
 91 309 10 10 30  -0.005   0.586   0.202   0.622
 91 309 10 11 30  -0.117   0.590   0.122   0.614
 91 309 10 12 30  -0.116   0.601   0.109   0.622
 91 309 10 13 30  -0.111   0.592   0.112   0.613
 91 309 10 14 30  -0.110   0.583   0.104   0.603
 91 309 10 15 30  -0.100   0.572   0.109   0.591
 91 309 10 16 30  -0.094   0.573   0.097   0.589
 91 309 10 17 30  -0.120   0.574   0.117   0.598
 91 309 10 18 30  -0.118   0.580   0.121   0.605
 91 309 10 19 30  -0.126   0.565   0.134   0.594
 91 309 10 20 30  -0.118   0.559   0.163   0.594
 91 309 10 21 30  -0.100   0.563   0.154   0.592
 91 309 10 22 30  -0.105   0.563   0.128   0.587
 91 309 10 23 30  -0.105   0.569   0.126   0.593
 91 309 10 24 30  -0.090   0.570   0.147   0.596
 91 309 10 25 30  -0.090   0.564   0.172   0.597
 91 309 10 26 30  -0.103   0.556   0.191   0.597
 91 309 10 27 30  -0.120   0.586   0.189   0.628
 91 309 10 28 30  -0.135   0.564   0.172   0.605
 91 309 10 29 30  -0.154   0.561   0.187   0.611
 91 309 10 30 30  -0.123   0.566   0.196   0.612
 91 309 10 31 30  -0.114   0.575   0.186   0.615
 91 309 10 32 30  -0.163   0.569   0.194   0.624
 91 309 10 33 30  -0.224   0.561   0.230   0.647
 91 309 10 34 30  -0.207   0.571   0.229   0.649
 91 309 10 35 30  -0.225   0.555   0.257   0.652
 91 309 10 36 30  -0.215   0.552   0.253   0.645
 91 309 10 37 30  -0.211   0.563   0.229   0.643
 91 309 10 38 30  -0.205   0.539   0.199   0.611
 91 309 10 39 30  -0.212   0.536   0.193   0.608
 91 309 10 40 30  -0.205   0.539   0.170   0.602
 91 309 10 41 30  -0.201   0.532   0.205   0.606
 91 309 10 42 30  -0.245   0.500   0.197   0.590
 91 309 10 43 30  -0.222   0.518   0.209   0.601
 91 309 10 44 30  -0.219   0.514   0.203   0.595
 91 309 10 45 30  -0.199   0.543   0.185   0.608
 91 309 10 46 30  -0.192   0.568   0.192   0.629
 91 309 10 47 30  -0.185   0.563   0.204   0.627
 91 309 10 48 30  -0.187   0.562   0.217   0.630
 91 309 10 49 30  -0.184   0.565   0.202   0.628
 91 309 10 50 30  -0.186   0.553   0.180   0.611
 91 309 10 51 30  -0.186   0.539   0.185   0.600
 91 309 10 52 30  -0.196   0.529   0.188   0.595
 91 309 10 53 30  -0.174   0.544   0.184   0.600
 91 309 10 54 30  -0.158   0.551   0.198   0.607
 91 309 10 55 30  -0.148   0.546   0.217   0.607
 91 309 10 56 30  -0.163   0.547   0.221   0.613
 91 309 10 57 30  -0.174   0.543   0.225   0.614
 91 309 10 58 30  -0.164   0.532   0.213   0.596
 91 309 10 59 30  -0.158   0.533   0.200   0.592
 91 309 11 00 30  -0.154   0.537   0.218   0.601
 91 309 11 01 30  -0.161   0.534   0.203   0.594
 91 309 11 02 30  -0.175   0.542   0.180   0.598
 91 309 11 03 30  -0.168   0.509   0.243   0.590
 91 309 11 07 30  -0.174   0.527   0.167   0.580
 91 309 11 08 30  -0.159   0.536   0.178   0.587
 91 309 11 09 30  -0.158   0.541   0.174   0.590
 91 309 11 10 30  -0.158   0.544   0.161   0.589
 91 309 11 11 30  -0.143   0.547   0.147   0.584
 91 309 11 12 30  -0.180   0.543   0.118   0.586
 91 309 11 13 30  -0.104   0.551   0.150   0.581
 91 309 11 14 30  -0.122   0.569   0.070   0.587
 91 309 11 15 30  -0.146   0.550   0.140   0.590
 91 309 11 16 30  -0.171   0.547   0.176   0.600
 91 309 11 17 30  -0.162   0.549   0.171   0.598
 91 309 11 18 30  -0.190   0.539   0.208   0.609
 91 309 11 19 30  -0.206   0.527   0.227   0.610
 91 309 11 20 30  -0.213   0.517   0.213   0.599
 91 309 11 21 30  -0.240   0.505   0.224   0.603
 91 309 11 22 30  -0.231   0.496   0.220   0.591
 91 309 11 23 30  -0.105   0.551   0.139   0.580
 91 309 11 24 30  -0.113   0.547   0.155   0.580
 91 309 11 25 30  -0.106   0.535   0.178   0.575
 91 309 11 26 30  -0.122   0.527   0.188   0.573
 91 309 11 27 30  -0.120   0.517   0.201   0.568
 91 309 11 28 30  -0.175   0.524   0.146   0.572
 91 309 11 29 30  -0.174   0.540   0.133   0.584
 91 309 11 30 30  -0.192   0.550   0.103   0.592
 91 309 11 31 30  -0.203   0.544   0.112   0.592
 91 309 11 32 30  -0.238   0.503   0.162   0.594
 91 309 11 33 30  -0.223   0.490   0.213   0.590
 91 309 11 34 30  -0.254   0.480   0.238   0.593
 91 309 11 35 30  -0.266   0.438   0.267   0.583
 91 309 11 36 30  -0.326   0.379   0.302   0.585
 91 309 11 37 30  -0.338   0.336   0.348   0.590
 91 309 11 38 30  -0.336   0.302   0.397   0.602
 91 309 11 39 30  -0.353   0.290   0.385   0.598
 91 309 11 40 30  -0.385   0.268   0.382   0.606
 91 309 11 41 30  -0.429   0.200   0.378   0.607
 91 309 11 42 30  -0.446   0.134   0.393   0.612
 91 309 11 43 30  -0.487   0.074   0.365   0.614
 91 309 11 44 30  -0.452   0.149   0.388   0.617
 91 309 11 45 30  -0.483   0.105   0.345   0.613
 91 309 11 46 30  -0.480   0.132   0.350   0.609
 91 309 11 47 30  -0.473   0.147   0.351   0.608
 91 309 11 48 30  -0.471   0.151   0.355   0.609
 91 309 11 49 30  -0.486   0.119   0.338   0.606
 91 309 11 50 30  -0.428   0.150   0.378   0.592
 91 309 11 51 30  -0.427   0.150   0.381   0.592
 91 309 11 52 30  -0.432   0.145   0.381   0.594
 91 309 11 53 30  -0.446   0.131   0.360   0.588
 91 309 11 54 30  -0.441   0.142   0.364   0.589
 91 309 11 55 30  -0.439   0.136   0.366   0.588
 91 309 11 56 30  -0.424   0.147   0.376   0.585
 91 309 11 57 30  -0.409   0.148   0.394   0.587
 91 309 11 58 30  -0.390   0.159   0.409   0.587
 91 309 11 59 30  -0.394   0.160   0.405   0.588
 91 309 12 00 30  -0.413   0.149   0.389   0.587
 91 309 12 01 30  -0.404   0.146   0.391   0.582
 91 309 12 02 30  -0.418   0.140   0.374   0.579
 91 309 12 03 30  -0.414   0.144   0.380   0.580
 91 309 12 04 30  -0.406   0.136   0.387   0.578
 91 309 12 05 30  -0.401   0.134   0.392   0.577
 91 309 12 06 30  -0.419   0.125   0.371   0.574
 91 309 12 07 30  -0.442   0.123   0.345   0.577
 91 309 12 08 30  -0.446   0.121   0.342   0.575
 91 309 12 09 30  -0.451   0.113   0.332   0.572
 91 309 12 10 30  -0.433   0.132   0.357   0.578
 91 309 12 11 30  -0.421   0.118   0.376   0.577
 91 309 12 12 30  -0.421   0.129   0.367   0.573
 91 309 12 13 30  -0.430   0.089   0.366   0.572
 91 309 12 14 30  -0.429   0.095   0.367   0.573
 91 309 12 15 30  -0.433   0.076   0.375   0.578
 91 309 12 16 30  -0.407   0.101   0.396   0.579
 91 309 12 17 30  -0.385   0.141   0.398   0.573
 91 309 12 18 30  -0.360   0.185   0.398   0.568
 91 309 12 19 30  -0.367   0.180   0.388   0.565
 91 309 12 20 30  -0.347   0.189   0.407   0.569
 91 309 12 21 30  -0.360   0.164   0.410   0.570
 91 309 12 22 30  -0.328   0.199   0.421   0.572
 91 309 12 23 30  -0.313   0.198   0.428   0.568
 91 309 12 24 30  -0.342   0.182   0.415   0.568
 91 309 12 25 30  -0.337   0.165   0.423   0.566
 91 309 12 26 30  -0.345   0.173   0.424   0.574
 91 309 12 27 30  -0.372   0.146   0.401   0.566
 91 309 12 28 30  -0.372   0.115   0.411   0.566
 91 309 12 29 30  -0.383   0.102   0.413   0.573
 91 309 12 30 30  -0.387   0.087   0.409   0.571
 91 309 12 31 30  -0.382   0.106   0.422   0.579
 91 309 12 32 30  -0.389   0.122   0.400   0.572
 91 309 12 33 30  -0.388   0.117   0.403   0.573
 91 309 12 34 30  -0.259   0.183   0.479   0.582
 91 309 12 35 30  -0.221   0.221   0.499   0.589
 91 309 12 36 30  -0.237   0.222   0.490   0.589
 91 309 12 37 30  -0.290   0.176   0.466   0.578
 91 309 12 38 30  -0.362   0.150   0.426   0.580
 91 309 12 39 30  -0.379   0.121   0.421   0.579
 91 309 12 40 30  -0.381   0.097   0.424   0.579
 91 309 12 41 30  -0.355   0.113   0.437   0.575
 91 309 12 42 30  -0.355   0.131   0.428   0.571
 91 309 12 43 30  -0.371   0.124   0.425   0.579
 91 309 12 44 30  -0.388   0.179   0.421   0.601
 91 309 12 45 30  -0.401   0.195   0.395   0.597
 91 309 12 46 30  -0.419   0.191   0.385   0.600
 91 309 12 47 30  -0.376   0.243   0.396   0.598
 91 309 12 48 30  -0.381   0.273   0.379   0.603
 91 309 12 49 30  -0.359   0.200   0.414   0.584
 91 309 12 50 30  -0.350   0.186   0.417   0.575
 91 309 12 51 30  -0.366   0.247   0.380   0.583
 91 309 12 52 30  -0.378   0.192   0.396   0.582
 91 309 12 53 30  -0.396   0.169   0.384   0.577
 91 309 12 54 30  -0.411   0.150   0.378   0.579
 91 309 12 55 30  -0.408   0.140   0.368   0.567
 91 309 12 56 30  -0.412   0.111   0.364   0.561
 91 309 12 57 30  -0.409   0.118   0.349   0.557
 91 309 12 58 30  -0.409   0.076   0.360   0.551
 91 309 12 59 30  -0.382   0.142   0.371   0.555
 91 309 13 00 30  -0.411   0.132   0.368   0.568
 91 309 13 01 30  -0.428   0.072   0.364   0.568
 91 309 13 02 30  -0.401   0.095   0.375   0.560
 91 309 13 03 30  -0.405   0.014   0.382   0.557
 91 309 13 04 30  -0.419   0.035   0.368   0.559
 91 309 13 05 30  -0.428   0.031   0.372   0.568
 91 309 13 06 30  -0.405   0.056   0.394   0.571
 91 309 13 07 30  -0.387   0.075   0.395   0.561
 91 309 13 08 30  -0.400   0.099   0.374   0.557
 91 309 13 09 30  -0.420   0.069   0.372   0.565
 91 309 13 10 30  -0.417   0.088   0.368   0.564
 91 309 13 11 30  -0.420   0.065   0.370   0.565
 91 309 13 12 30  -0.413   0.040   0.377   0.562
 91 309 13 13 30  -0.409   0.008   0.384   0.562
 91 309 13 14 30  -0.410   0.040   0.395   0.571
 91 309 13 15 30  -0.395   0.024   0.404   0.565
 91 309 13 16 30  -0.415   0.015   0.371   0.558
 91 309 13 17 30  -0.441   0.001   0.366   0.573
 91 309 13 18 30  -0.445  -0.023   0.370   0.579
 91 309 13 19 30  -0.391  -0.022   0.410   0.569
 91 309 13 20 30  -0.397  -0.079   0.406   0.574
 91 309 13 21 30  -0.431  -0.070   0.360   0.567
 91 309 13 22 30  -0.401  -0.131   0.363   0.558
 91 309 13 23 30  -0.380  -0.110   0.375   0.551
 91 309 13 24 30  -0.388  -0.056   0.381   0.549
 91 309 13 25 30  -0.373   0.028   0.387   0.544
 91 309 13 26 30  -0.317   0.253   0.343   0.532
 91 309 13 27 30  -0.335   0.282   0.294   0.529
 91 309 13 28 30  -0.357   0.223   0.320   0.530
 91 309 13 29 30  -0.378   0.173   0.324   0.528
 91 309 13 30 30  -0.363   0.139   0.351   0.526
 91 309 13 31 30  -0.325   0.073   0.408   0.531
 91 309 13 32 30  -0.349   0.084   0.384   0.527
 91 309 13 33 30  -0.319   0.091   0.409   0.528
 91 309 13 34 30  -0.324   0.082   0.407   0.528
 91 309 13 35 30  -0.298   0.057   0.419   0.519
 91 309 13 36 30  -0.290   0.027   0.432   0.522
 91 309 13 37 30  -0.342   0.048   0.388   0.521
 91 309 13 38 30  -0.363   0.084   0.367   0.523
 91 309 13 39 30  -0.334   0.022   0.396   0.520
 91 309 13 40 30  -0.344  -0.035   0.396   0.527
 91 309 13 41 30  -0.357   0.079   0.383   0.531
 91 309 13 42 30  -0.366   0.016   0.372   0.525
 91 309 13 43 30  -0.372  -0.022   0.378   0.531
 91 309 13 44 30  -0.339  -0.015   0.416   0.537
 91 309 13 45 30  -0.332  -0.009   0.416   0.533
 91 309 13 46 30  -0.265  -0.035   0.446   0.523
 91 309 13 47 30  -0.217  -0.069   0.461   0.515
 91 309 13 48 30  -0.202  -0.134   0.453   0.515
 91 309 13 49 30  -0.199  -0.128   0.457   0.516
 91 309 13 50 30  -0.219  -0.128   0.445   0.513
 91 309 13 51 30  -0.238  -0.118   0.440   0.515
 91 309 13 52 30  -0.237  -0.164   0.430   0.519
 91 309 13 53 30  -0.219  -0.167   0.438   0.519
 91 309 13 54 30  -0.238  -0.216   0.409   0.526
 91 309 13 55 30  -0.224  -0.210   0.431   0.529
 91 309 13 56 30  -0.275  -0.207   0.405   0.535
 91 309 13 57 30  -0.156  -0.179   0.476   0.537
 91 309 13 58 30  -0.186  -0.194   0.452   0.528
 91 309 13 59 30  -0.133  -0.162   0.482   0.526
 91 309 14 00 30  -0.145  -0.149   0.482   0.525
 91 309 14 01 30  -0.176  -0.180   0.461   0.526
 91 309 14 02 30  -0.180  -0.173   0.465   0.529
 91 309 14 03 30  -0.165  -0.189   0.459   0.524
 91 309 14 04 30  -0.163  -0.201   0.459   0.527
 91 309 14 05 30  -0.133  -0.210   0.461   0.524
 91 309 14 06 30  -0.098  -0.231   0.456   0.521
 91 309 14 07 30  -0.118  -0.263   0.436   0.524
 91 309 14 08 30  -0.222  -0.214   0.431   0.534
 91 309 14 09 30  -0.315  -0.155   0.410   0.542
 91 309 14 10 30  -0.323  -0.178   0.394   0.540
 91 309 14 11 30  -0.333  -0.168   0.392   0.542
 91 309 14 12 30  -0.311  -0.187   0.384   0.531
 91 309 14 13 30  -0.294  -0.172   0.406   0.532
 91 309 14 14 30  -0.283  -0.121   0.417   0.522
 91 309 14 15 30  -0.283  -0.157   0.412   0.526
 91 309 14 16 30  -0.201  -0.215   0.441   0.531
 91 309 14 17 30  -0.312  -0.150   0.423   0.551
 91 309 14 18 30  -0.318  -0.127   0.420   0.543
 91 309 14 19 30  -0.290  -0.178   0.421   0.542
 91 309 14 20 30  -0.255  -0.181   0.429   0.532
 91 309 14 21 30  -0.240  -0.197   0.428   0.529
 91 309 14 22 30  -0.257  -0.224   0.404   0.529
 91 309 14 23 30  -0.209  -0.207   0.439   0.529
 91 309 14 24 30  -0.285  -0.173   0.419   0.537
 91 309 14 25 30  -0.281  -0.141   0.429   0.532
 91 309 14 26 30  -0.277  -0.143   0.440   0.541
 91 309 14 27 30  -0.265  -0.139   0.457   0.546
 91 309 14 28 30  -0.279  -0.164   0.429   0.537
 91 309 14 29 30  -0.265  -0.191   0.424   0.536
 91 309 14 30 30  -0.281  -0.198   0.411   0.537
 91 309 14 31 30  -0.301  -0.201   0.410   0.547
 91 309 14 32 30  -0.300  -0.175   0.409   0.538
 91 309 14 33 30  -0.295  -0.206   0.411   0.547
 91 309 14 34 30  -0.302  -0.158   0.422   0.543
 91 309 14 35 30  -0.297  -0.164   0.420   0.541
 91 309 14 36 30  -0.312  -0.174   0.417   0.550
 91 309 14 37 30  -0.311  -0.188   0.432   0.565
 91 309 14 38 30  -0.311  -0.184   0.435   0.566
 91 309 14 39 30  -0.305  -0.190   0.422   0.556
 91 309 14 40 30  -0.309  -0.231   0.412   0.565
 91 309 14 41 30  -0.301  -0.233   0.409   0.559
 91 309 14 42 30  -0.312  -0.268   0.331   0.534
 91 309 14 43 30  -0.248  -0.138   0.406   0.513
 91 309 14 44 30  -0.211  -0.070   0.449   0.503
 91 309 14 45 30  -0.187  -0.119   0.436   0.491
 91 309 14 46 30  -0.192   0.103   0.384   0.464
 91 309 14 47 30  -0.088   0.290   0.331   0.453
 91 309 14 48 30  -0.200   0.317   0.240   0.455
 91 309 14 49 30  -0.204   0.339   0.153   0.433
 91 309 14 50 30   0.000   0.413  -0.119   0.453
 91 309 14 51 30   0.045   0.449  -0.126   0.476
 91 309 14 52 30   0.039   0.464  -0.169   0.496
 91 309 14 53 30   0.026   0.462  -0.184   0.499
 91 309 14 54 30   0.038   0.454  -0.205   0.500
 91 309 14 55 30   0.039   0.437  -0.235   0.497
 91 309 14 56 30   0.047   0.426  -0.259   0.502
 91 309 14 57 30   0.066   0.407  -0.287   0.504
 91 309 14 58 30   0.067   0.431  -0.242   0.499
 91 309 14 59 30   0.070   0.436  -0.239   0.503
 91 309 15 00 30   0.070   0.437  -0.260   0.514
 91 309 15 01 30   0.067   0.430  -0.247   0.501
 91 309 15 02 30   0.087   0.412  -0.253   0.492
 91 309 15 03 30   0.069   0.422  -0.245   0.493
 91 309 15 04 30   0.078   0.406  -0.266   0.492
 91 309 15 05 30   0.107   0.389  -0.276   0.489
 91 309 15 06 30   0.126   0.387  -0.291   0.501
 91 309 15 07 30   0.142   0.385  -0.294   0.506
 91 309 15 08 30   0.169   0.380  -0.285   0.505
 91 309 15 09 30   0.144   0.383  -0.293   0.504
 91 309 15 10 30   0.137   0.382  -0.309   0.511
 91 309 15 11 30   0.147   0.364  -0.268   0.479
 91 309 15 12 30   0.173   0.401   0.003   0.439
 91 309 15 13 30   0.145   0.440  -0.044   0.467
 91 309 15 14 30   0.166   0.451  -0.142   0.503
 91 309 15 15 30   0.143   0.459  -0.175   0.513
 91 309 15 16 30   0.130   0.476  -0.208   0.536
 91 309 15 17 30   0.140   0.488  -0.165   0.535
 91 309 15 18 30   0.152   0.465  -0.202   0.536
 91 309 15 19 30   0.180   0.358  -0.338   0.528
 91 309 15 20 30   0.190   0.398  -0.308   0.540
 91 309 15 21 30   0.200   0.381  -0.307   0.531
 91 309 15 22 30   0.187   0.337  -0.363   0.532
 91 309 15 23 30   0.216   0.320  -0.355   0.532
 91 309 15 24 30   0.321   0.308  -0.290   0.531
 91 309 15 25 30   0.265   0.307  -0.348   0.535
 91 309 15 26 30   0.252   0.289  -0.378   0.539
 91 309 15 27 30   0.228   0.266  -0.396   0.529
 91 309 15 28 30   0.235   0.269  -0.392   0.530
 91 309 15 29 30   0.229   0.280  -0.402   0.541
 91 309 15 30 30   0.204   0.225  -0.443   0.538
 91 309 15 31 30   0.210   0.227  -0.448   0.545
 91 309 15 32 30   0.205   0.189  -0.464   0.541
 91 309 15 33 30   0.204   0.148  -0.466   0.530
 91 309 15 34 30   0.235   0.126  -0.417   0.499
 91 309 15 35 30   0.241   0.036  -0.448   0.514
 91 309 15 36 30   0.165   0.047  -0.464   0.497
 91 309 15 37 30   0.174  -0.039  -0.418   0.456
 91 309 15 38 30   0.185  -0.103  -0.379   0.435
 91 309 15 39 30   0.126   0.114  -0.285   0.457
 91 309 15 40 30   0.079   0.465  -0.147   0.495
 91 309 15 41 30   0.060   0.478  -0.092   0.491
 91 309 15 42 30   0.094   0.468  -0.130   0.495
 91 309 15 43 30   0.102   0.471  -0.124   0.498
 91 309 15 44 30   0.114   0.475  -0.132   0.507
 91 309 15 45 30   0.116   0.473  -0.128   0.504
 91 309 15 46 30   0.123   0.465  -0.162   0.511
 91 309 15 47 30   0.140   0.468  -0.181   0.521
 91 309 15 48 30   0.132   0.471  -0.181   0.521
 91 309 15 49 30   0.152   0.467  -0.184   0.526
 91 309 15 50 30   0.170   0.475  -0.143   0.527
 91 309 15 51 30   0.128   0.461  -0.228   0.530
 91 309 15 52 30   0.133   0.442  -0.242   0.522
 91 309 15 53 30   0.144   0.449  -0.220   0.520
 91 309 15 54 30   0.171   0.451  -0.205   0.525
 91 309 15 55 30   0.170   0.453  -0.207   0.527
 91 309 15 56 30   0.200   0.436  -0.222   0.529
 91 309 15 57 30   0.183   0.438  -0.225   0.526
 91 309 15 58 30   0.191   0.439  -0.211   0.523
 91 309 15 59 30   0.174   0.441  -0.233   0.529
 91 309 16 00 30   0.180   0.444  -0.222   0.528
 91 309 16 01 30   0.196   0.437  -0.236   0.534
 91 309 16 02 30   0.194   0.429  -0.246   0.531
 91 309 16 03 30   0.160   0.430  -0.264   0.530
 91 309 16 04 30   0.149   0.421  -0.278   0.526
 91 309 16 05 30   0.157   0.410  -0.278   0.521
 91 309 16 06 30   0.162   0.391  -0.298   0.519
 91 309 16 07 30   0.146   0.393  -0.307   0.520
 91 309 16 08 30   0.173   0.380  -0.309   0.520
 91 309 16 09 30   0.204   0.371  -0.307   0.524
 91 309 16 10 30   0.202   0.384  -0.308   0.533
 91 309 16 11 30   0.213   0.375  -0.313   0.534
 91 309 16 12 30   0.209   0.358  -0.318   0.523
 91 309 16 13 30   0.201   0.365  -0.306   0.518
 91 309 16 14 30   0.200   0.371  -0.294   0.514
 91 309 16 15 30   0.201   0.382  -0.281   0.516
 91 309 16 16 30   0.215   0.368  -0.289   0.516
 91 309 16 17 30   0.187   0.354  -0.316   0.512
 91 309 16 18 30   0.181   0.295  -0.368   0.506
 91 309 16 19 30   0.209   0.250  -0.383   0.503
 91 309 16 20 30   0.231   0.205  -0.399   0.506
 91 309 16 21 30   0.195   0.334  -0.316   0.503
 91 309 16 22 30   0.182   0.370  -0.306   0.514
 91 309 16 23 30   0.185   0.410  -0.272   0.527
 91 309 16 24 30   0.179   0.426  -0.266   0.534
 91 309 16 25 30   0.164   0.384  -0.307   0.519
 91 309 16 26 30   0.165   0.357  -0.338   0.518
 91 309 16 27 30   0.163   0.376  -0.321   0.522
 91 309 16 28 30   0.152   0.386  -0.325   0.528
 91 309 16 29 30   0.166   0.378  -0.329   0.529
 91 309 16 30 30   0.137   0.402  -0.307   0.524
 91 309 16 31 30   0.145   0.398  -0.311   0.526
 91 309 16 32 30   0.160   0.383  -0.322   0.525
 91 309 16 33 30   0.164   0.380  -0.324   0.526
 91 309 16 34 30   0.157   0.373  -0.326   0.520
 91 309 16 35 30   0.163   0.368  -0.327   0.518
 91 309 16 36 30   0.148   0.371  -0.329   0.518
 91 309 16 37 30   0.152   0.353  -0.335   0.510
 91 309 16 38 30   0.153   0.344  -0.353   0.517
 91 309 16 39 30   0.168   0.353  -0.336   0.515
 91 309 16 40 30   0.169   0.367  -0.336   0.525
 91 309 16 41 30   0.150   0.345  -0.359   0.521
 91 309 16 42 30   0.183   0.318  -0.356   0.512
 91 309 16 43 30   0.158   0.354  -0.331   0.510
 91 309 16 44 30   0.144   0.379  -0.315   0.515
 91 309 16 45 30   0.176   0.351  -0.330   0.514
 91 309 16 46 30   0.197   0.288  -0.383   0.518
 91 309 16 47 30   0.185   0.300  -0.378   0.518
 91 309 16 48 30   0.172   0.323  -0.375   0.524
 91 309 16 49 30   0.175   0.331  -0.365   0.524
 91 309 16 50 30   0.170   0.362  -0.336   0.523
 91 309 16 51 30   0.153   0.397  -0.321   0.534
 91 309 16 52 30   0.139   0.420  -0.303   0.537
 91 309 16 53 30   0.127   0.408  -0.306   0.526
 91 309 16 54 30   0.139   0.388  -0.309   0.516
 91 309 16 55 30   0.129   0.388  -0.322   0.521
 91 309 16 56 30   0.146   0.398  -0.319   0.531
 91 309 16 57 30   0.129   0.398  -0.307   0.519
 91 309 16 58 30   0.108   0.403  -0.309   0.519
 91 309 16 59 30   0.120   0.405  -0.292   0.514
 91 309 17 00 30   0.123   0.380  -0.310   0.505
 91 309 17 01 30   0.115   0.396  -0.298   0.509
 91 309 17 02 30   0.111   0.390  -0.304   0.507
 91 309 17 03 30   0.113   0.380  -0.309   0.503
 91 309 17 04 30   0.130   0.424  -0.273   0.522
 91 309 17 05 30   0.126   0.425  -0.253   0.511
 91 309 17 06 30   0.120   0.422  -0.249   0.505
 91 309 17 07 30   0.120   0.424  -0.257   0.511
 91 309 17 08 30   0.116   0.415  -0.291   0.521
 91 309 17 09 30   0.116   0.423  -0.279   0.520
 91 309 17 10 30   0.125   0.407  -0.277   0.509
 91 309 17 11 30   0.133   0.403  -0.286   0.512
 91 309 17 12 30   0.129   0.400  -0.284   0.507
 91 309 17 13 30   0.132   0.400  -0.269   0.500
 91 309 17 14 30   0.127   0.400  -0.270   0.499
 91 309 17 15 30   0.122   0.395  -0.278   0.498
 91 309 17 16 30   0.122   0.396  -0.273   0.497
 91 309 17 17 30   0.097   0.429  -0.238   0.502
 91 309 17 18 30   0.097   0.439  -0.221   0.501
 91 309 17 19 30   0.102   0.435  -0.228   0.502
 91 309 17 20 30   0.106   0.437  -0.219   0.500
 91 309 17 21 30   0.104   0.426  -0.233   0.496
 91 309 17 22 30   0.103   0.431  -0.224   0.497
 91 309 17 23 30   0.094   0.434  -0.224   0.497
 91 309 17 24 30   0.094   0.436  -0.218   0.496
 91 309 17 25 30   0.085   0.436  -0.211   0.492
 91 309 17 26 30   0.081   0.441  -0.206   0.494
 91 309 17 27 30   0.092   0.442  -0.204   0.496
 91 309 17 28 30   0.096   0.431  -0.216   0.492
 91 309 17 29 30   0.086   0.433  -0.212   0.490
 91 309 17 30 30   0.092   0.432  -0.202   0.486
 91 309 17 31 30   0.091   0.433  -0.201   0.487
 91 309 17 32 30   0.096   0.441  -0.185   0.488
 91 309 17 33 30   0.072   0.455  -0.143   0.482
 91 309 17 34 30   0.093   0.441  -0.154   0.477
 91 309 17 35 30   0.073   0.445  -0.146   0.474
 91 309 17 36 30   0.080   0.439  -0.162   0.475
 91 309 17 37 30   0.078   0.447  -0.153   0.479
 91 309 17 38 30   0.068   0.466  -0.090   0.483
 91 309 17 39 30   0.079   0.429  -0.186   0.479
 91 309 17 40 30   0.097   0.413  -0.215   0.476
 91 309 17 41 30   0.094   0.424  -0.196   0.479
 91 309 17 42 30   0.118   0.424  -0.186   0.478
 91 309 17 43 30   0.119   0.424  -0.191   0.481
 91 309 17 44 30   0.124   0.418  -0.201   0.481
 91 309 17 45 30   0.148   0.409  -0.197   0.477
 91 309 17 46 30   0.135   0.419  -0.186   0.479
 91 309 17 47 30   0.116   0.439  -0.134   0.481
 91 309 17 48 30   0.020   0.476  -0.009   0.478
 91 309 17 49 30   0.011   0.481  -0.007   0.484
 91 309 17 50 30   0.016   0.480  -0.034   0.483
 91 309 17 51 30   0.026   0.477  -0.045   0.482
 91 309 17 52 30   0.024   0.471  -0.099   0.483
 91 309 17 53 30   0.040   0.469  -0.122   0.487
 91 309 17 54 30   0.009   0.477  -0.113   0.491
 91 309 17 55 30   0.017   0.474  -0.110   0.489
 91 309 17 56 30   0.020   0.463  -0.168   0.494
 91 309 17 57 30   0.063   0.472  -0.125   0.493
 91 309 17 58 30   0.070   0.476  -0.114   0.495
 91 309 17 59 30   0.060   0.477  -0.135   0.499
 91 309 18 00 30   0.062   0.477  -0.131   0.499
 91 309 18 01 30   0.067   0.476  -0.135   0.500
 91 309 18 02 30   0.072   0.476  -0.127   0.498
 91 309 18 03 30   0.072   0.473  -0.121   0.494
 91 309 18 04 30   0.072   0.468  -0.121   0.489
 91 309 18 05 30   0.071   0.468  -0.113   0.487
 91 309 18 06 30   0.074   0.468  -0.113   0.488
 91 309 18 07 30   0.077   0.467  -0.117   0.488
 91 309 18 08 30   0.069   0.469  -0.120   0.489
 91 309 18 09 30   0.028   0.477  -0.125   0.495
 91 309 18 10 30   0.024   0.478  -0.145   0.500
 91 309 18 11 30   0.030   0.477  -0.155   0.503
 91 309 18 12 30   0.034   0.488  -0.114   0.503
 91 309 18 13 30   0.030   0.489  -0.120   0.505
 91 309 18 14 30   0.046   0.484  -0.128   0.504
 91 309 18 15 30   0.048   0.490  -0.108   0.505
 91 309 18 16 30   0.039   0.485  -0.125   0.502
 91 309 18 17 30   0.041   0.485  -0.140   0.507
 91 309 18 18 30   0.082   0.473  -0.104   0.493
 91 309 18 19 30   0.105   0.472  -0.083   0.492
 91 309 18 20 30   0.117   0.468  -0.087   0.491
 91 309 18 21 30   0.095   0.461  -0.115   0.486
 91 309 18 22 30   0.087   0.463  -0.124   0.488
 91 309 18 23 30   0.101   0.458  -0.135   0.489
 91 309 18 24 30   0.061   0.473  -0.106   0.490
 91 309 18 25 30   0.063   0.480  -0.049   0.488
 91 309 18 26 30   0.091   0.475  -0.107   0.498
 91 309 18 27 30   0.068   0.478  -0.116   0.498
 91 309 18 28 30   0.068   0.470  -0.142   0.497
 91 309 18 29 30   0.017   0.454  -0.180   0.492
 91 309 18 30 30  -0.088   0.372  -0.274   0.495
 91 309 18 31 30  -0.238   0.212  -0.383   0.499
 91 309 18 32 30  -0.243   0.199  -0.391   0.503
 91 309 18 33 30  -0.231   0.169  -0.412   0.502
 91 309 18 34 30  -0.212   0.187  -0.424   0.510
 91 309 18 35 30  -0.263   0.206  -0.395   0.518
 91 309 18 36 30  -0.235   0.173  -0.424   0.515
 91 309 18 37 30  -0.249   0.206  -0.408   0.521
 91 309 18 38 30  -0.265   0.196  -0.403   0.522
 91 309 18 39 30  -0.304   0.231  -0.359   0.524
 91 309 18 40 30  -0.250   0.229  -0.397   0.523
 91 309 18 41 30  -0.254   0.223  -0.401   0.526
 91 309 18 42 30  -0.316   0.194  -0.371   0.525
 91 309 18 43 30  -0.295   0.201  -0.386   0.527
 91 309 18 44 30  -0.281   0.198  -0.396   0.525
 91 309 18 45 30  -0.277   0.198  -0.400   0.525
 91 309 18 46 30  -0.240   0.246  -0.394   0.525
 91 309 18 47 30  -0.141   0.350  -0.354   0.518
 91 309 18 48 30  -0.141   0.344  -0.365   0.523
 91 309 18 49 30  -0.226   0.286  -0.374   0.523
 91 309 18 50 30  -0.241   0.281  -0.364   0.519
 91 309 18 51 30  -0.221   0.326  -0.335   0.519
 91 309 18 52 30  -0.233   0.296  -0.355   0.522
 91 309 18 53 30  -0.218   0.323  -0.342   0.522
 91 309 18 54 30  -0.180   0.364  -0.328   0.523
 91 309 18 55 30  -0.198   0.354  -0.337   0.527
 91 309 18 56 30  -0.175   0.357  -0.341   0.524
 91 309 18 57 30  -0.202   0.335  -0.348   0.524
 91 309 18 58 30  -0.202   0.333  -0.348   0.523
 91 309 18 59 30  -0.218   0.334  -0.338   0.523
 91 309 19 00 30  -0.211   0.331  -0.349   0.525
 91 309 19 01 30  -0.204   0.346  -0.336   0.524
 91 309 19 02 30  -0.203   0.350  -0.330   0.523
 91 309 19 03 30  -0.226   0.344  -0.325   0.525
 91 309 19 04 30  -0.225   0.347  -0.321   0.524
 91 309 19 05 30  -0.242   0.340  -0.319   0.526
 91 309 19 06 30  -0.253   0.339  -0.313   0.526
 91 309 19 07 30  -0.243   0.364  -0.297   0.529
 91 309 19 08 30  -0.249   0.356  -0.303   0.529
 91 309 19 09 30  -0.249   0.371  -0.291   0.534
 91 309 19 10 30  -0.264   0.361  -0.287   0.532
 91 309 19 11 30  -0.275   0.351  -0.293   0.534
 91 309 19 12 30  -0.284   0.355  -0.278   0.533
 91 309 19 13 30  -0.225   0.396  -0.276   0.533
 91 309 19 14 30  -0.206   0.418  -0.258   0.533
 91 309 19 15 30  -0.213   0.425  -0.240   0.533
 91 309 19 16 30  -0.221   0.432  -0.237   0.540
 91 309 19 17 30  -0.237   0.425  -0.236   0.541
 91 309 19 18 30  -0.232   0.418  -0.266   0.547
 91 309 19 19 30  -0.238   0.406  -0.277   0.547
 91 309 19 20 30  -0.274   0.377  -0.293   0.551
 91 309 19 21 30  -0.275   0.384  -0.286   0.552
 91 309 19 22 30  -0.253   0.390  -0.288   0.547
 91 309 19 23 30  -0.246   0.404  -0.252   0.540
 91 309 19 24 30  -0.233   0.484   0.000   0.538
 91 309 19 25 30  -0.231   0.483  -0.040   0.538
 91 309 19 26 30  -0.237   0.477  -0.066   0.537
 91 309 19 27 30  -0.230   0.474  -0.088   0.535
 91 309 19 28 30  -0.227   0.468  -0.106   0.531
 91 309 19 29 30  -0.213   0.476  -0.095   0.530
 91 309 19 30 30  -0.212   0.478  -0.085   0.530
 91 309 19 31 30  -0.219   0.476  -0.096   0.533
 91 309 19 32 30  -0.210   0.475  -0.099   0.530
 91 309 19 33 30  -0.206   0.478  -0.083   0.528
 91 309 19 34 30  -0.214   0.474  -0.100   0.530
 91 309 19 35 30  -0.186   0.489  -0.101   0.533
 91 309 19 36 30  -0.190   0.485  -0.108   0.532
 91 309 19 37 30  -0.171   0.484  -0.120   0.528
 91 309 19 38 30  -0.172   0.487  -0.103   0.527
 91 309 19 39 30  -0.182   0.482  -0.097   0.525
 91 309 19 40 30  -0.214   0.466  -0.102   0.523
 91 309 19 41 30  -0.166   0.487  -0.081   0.522
 91 309 19 42 30  -0.164   0.486  -0.088   0.522
 91 309 19 43 30  -0.146   0.495  -0.076   0.522
 91 309 19 44 30  -0.146   0.492  -0.085   0.522
 91 309 19 45 30  -0.063   0.517  -0.073   0.526
 91 309 19 46 30  -0.092   0.512  -0.064   0.525
 91 309 19 47 30  -0.142   0.503  -0.052   0.526
 91 309 19 48 30  -0.195   0.478  -0.048   0.519
 91 309 19 49 30  -0.184   0.479  -0.060   0.519
 91 309 19 50 30  -0.215   0.474  -0.053   0.523
 91 309 19 51 30  -0.237   0.462  -0.048   0.522
 91 309 19 52 30  -0.251   0.460  -0.050   0.527
 91 309 19 53 30  -0.254   0.461  -0.052   0.530
 91 309 19 54 30  -0.278   0.446  -0.044   0.528
 91 309 19 55 30  -0.281   0.441  -0.048   0.525
 91 309 19 56 30  -0.269   0.447  -0.060   0.526
 91 309 19 57 30  -0.260   0.455  -0.033   0.526
 91 309 19 58 30  -0.244   0.459  -0.028   0.521
 91 309 19 59 30  -0.297   0.434  -0.059   0.530
 91 309 20 00 30  -0.286   0.438  -0.058   0.527
 91 309 20 01 30  -0.290   0.444  -0.052   0.533
 91 309 20 02 30  -0.333   0.413  -0.054   0.534
 91 309 20 03 30  -0.335   0.408  -0.052   0.531
 91 309 20 04 30  -0.348   0.404  -0.031   0.535
 91 309 20 05 30  -0.293   0.445  -0.052   0.536
 91 309 20 06 30  -0.318   0.429  -0.049   0.538
 91 309 20 07 30  -0.367   0.383  -0.064   0.535
 91 309 20 08 30  -0.335   0.410  -0.047   0.532
 91 309 20 09 30  -0.333   0.413  -0.051   0.533
 91 309 20 10 30  -0.327   0.416  -0.042   0.531
 91 309 20 11 30  -0.329   0.420  -0.036   0.535
 91 309 20 12 30  -0.341   0.407  -0.037   0.533
 91 309 20 13 30  -0.350   0.401  -0.037   0.534
 91 309 20 14 30  -0.331   0.412  -0.035   0.530
 91 309 20 15 30  -0.338   0.404  -0.028   0.528
 91 309 20 16 30  -0.342   0.402  -0.029   0.530
 91 309 20 17 30  -0.331   0.405  -0.018   0.524
 91 309 20 18 30  -0.306   0.425  -0.002   0.525
 91 309 20 19 30  -0.297   0.424   0.002   0.518
 91 309 20 20 30  -0.314   0.418   0.004   0.524
 91 309 20 21 30  -0.296   0.439  -0.003   0.530
 91 309 20 22 30  -0.297   0.439   0.004   0.531
 91 309 20 23 30  -0.277   0.451   0.013   0.530
 91 309 20 24 30  -0.269   0.460   0.013   0.533
 91 309 20 25 30  -0.265   0.460   0.012   0.532
 91 309 20 26 30  -0.268   0.453   0.002   0.527
 91 309 20 27 30  -0.259   0.457   0.008   0.526
 91 309 20 28 30  -0.235   0.468  -0.004   0.524
 91 309 20 29 30  -0.223   0.468   0.012   0.519
 91 309 20 30 30  -0.251   0.461   0.007   0.525
 91 309 20 31 30  -0.254   0.453   0.022   0.520
 91 309 20 32 30  -0.234   0.450  -0.004   0.508
 91 309 20 33 30  -0.214   0.453  -0.021   0.502
 91 309 20 34 30  -0.249   0.417   0.033   0.495
 91 309 20 35 30  -0.285   0.371   0.108   0.481
 91 309 20 36 30  -0.281   0.363   0.135   0.480
 91 309 20 37 30  -0.288   0.342   0.186   0.485
 91 309 20 38 30  -0.287   0.342   0.171   0.479
 91 309 20 39 30  -0.294   0.354   0.138   0.481
 91 309 20 40 30  -0.301   0.357   0.117   0.481
 91 309 20 42 30  -0.198  -0.023  -0.240   0.483
 91 309 20 43 30  -0.195  -0.043  -0.001   0.486
 91 309 20 45 30  -0.271   0.358   0.189   0.487
 91 309 20 46 30  -0.257   0.358   0.202   0.485
 91 309 20 47 30  -0.266   0.354   0.192   0.483
 91 309 20 48 30  -0.278   0.354   0.187   0.487
 91 309 20 49 30  -0.270   0.353   0.198   0.487
 91 309 20 50 30  -0.285   0.327   0.246   0.500
 91 309 20 51 30  -0.277   0.341   0.239   0.500
 91 309 20 52 30  -0.281   0.317   0.257   0.495
 91 309 20 53 30  -0.283   0.303   0.253   0.486
 91 309 20 54 30  -0.269   0.324   0.243   0.487
 91 309 20 55 30  -0.257   0.336   0.237   0.485
 91 309 20 56 30  -0.258   0.347   0.219   0.486
 91 309 20 57 30  -0.269   0.339   0.215   0.484
 91 309 20 58 30  -0.260   0.346   0.220   0.485
 91 309 20 59 30  -0.263   0.339   0.224   0.484
 91 309 21 00 30  -0.285   0.319   0.234   0.488
 91 309 21 01 30  -0.258   0.370   0.189   0.494
 91 309 21 02 30  -0.204   0.431   0.124   0.493
 91 309 21 03 30  -0.194   0.435   0.113   0.490
 91 309 21 04 30  -0.198   0.426   0.132   0.489
 91 309 21 05 30  -0.218   0.404   0.160   0.486
 91 309 21 06 30  -0.203   0.404   0.161   0.480
 91 309 21 07 30  -0.204   0.407   0.158   0.482
 91 309 21 08 30  -0.198   0.410   0.163   0.484
 91 309 21 09 30  -0.210   0.398   0.169   0.481
 91 309 21 10 30  -0.211   0.398   0.180   0.486
 91 309 21 11 30  -0.195   0.412   0.171   0.487
 91 309 21 12 30  -0.182   0.426   0.167   0.493
 91 309 21 13 30  -0.172   0.425   0.166   0.489
 91 309 21 14 30  -0.158   0.415   0.183   0.480
 91 309 21 15 30  -0.142   0.428   0.154   0.478
 91 309 21 16 30  -0.253   0.362   0.192   0.486
 91 309 21 17 30  -0.284   0.351   0.191   0.490
 91 309 21 18 30  -0.281   0.360   0.188   0.495
 91 309 21 19 30  -0.282   0.355   0.190   0.492
 91 309 21 20 30  -0.290   0.346   0.191   0.490
 91 309 21 21 30  -0.280   0.357   0.186   0.491
 91 309 21 22 30  -0.228   0.398   0.161   0.487
 91 309 21 23 30  -0.207   0.416   0.139   0.486
 91 309 21 24 30  -0.201   0.414   0.149   0.484
 91 309 21 25 30  -0.195   0.414   0.147   0.481
 91 309 21 26 30  -0.204   0.411   0.151   0.483
 91 309 21 27 30  -0.203   0.416   0.157   0.489
 91 309 21 28 30  -0.201   0.424   0.137   0.489
 91 309 21 29 30  -0.200   0.430   0.120   0.490
 91 309 21 30 30  -0.196   0.432   0.136   0.493
 91 309 21 31 30  -0.174   0.449   0.100   0.493
 91 309 21 32 30  -0.159   0.463   0.068   0.496
 91 309 21 33 30  -0.238   0.406   0.149   0.497
 91 309 21 34 30  -0.235   0.415   0.139   0.497
 91 309 21 35 30  -0.222   0.428   0.139   0.502
 91 309 21 36 30  -0.222   0.430   0.133   0.502
 91 309 21 37 30  -0.220   0.429   0.134   0.501
 91 309 21 38 30  -0.216   0.432   0.132   0.501
 91 309 21 39 30  -0.185   0.442   0.114   0.495
 91 309 21 40 30  -0.159   0.451   0.090   0.487
 91 309 21 41 30  -0.025   0.489   0.022   0.497
 91 309 21 42 30  -0.005   0.478  -0.046   0.491
 91 309 21 43 30   0.198   0.345  -0.204   0.463
 91 309 21 44 30   0.218   0.376  -0.131   0.472
 91 309 21 45 30   0.279   0.306  -0.227   0.473
 91 309 21 46 30   0.295   0.304  -0.258   0.500
 91 309 21 47 30   0.386   0.266  -0.292   0.552
 91 309 21 48 30   0.367   0.275  -0.311   0.554
 91 309 21 49 30   0.362   0.294  -0.296   0.553
 91 309 21 50 30   0.336   0.327  -0.287   0.550
 91 309 21 51 30   0.333   0.335  -0.287   0.553
 91 309 21 52 30   0.310   0.350  -0.288   0.549
 91 309 21 53 30   0.309   0.349  -0.295   0.552
 91 309 21 54 30   0.316   0.353  -0.291   0.556
 91 309 21 55 30   0.329   0.335  -0.288   0.551
 91 309 21 56 30   0.328   0.338  -0.284   0.551
 91 309 21 57 30   0.328   0.338  -0.294   0.555
 91 309 21 58 30   0.325   0.348  -0.287   0.556
 91 309 21 59 30   0.330   0.347  -0.287   0.558
 91 309 22 00 30   0.308   0.358  -0.290   0.554
 91 309 22 01 30   0.307   0.359  -0.283   0.551
 91 309 22 02 30   0.326   0.348  -0.286   0.556
 91 309 22 03 30   0.321   0.341  -0.284   0.548
 91 309 22 04 30   0.336   0.327  -0.293   0.553
 91 309 22 05 30   0.334   0.332  -0.288   0.552
 91 309 22 06 30   0.334   0.342  -0.283   0.556
 91 309 22 07 30   0.325   0.343  -0.282   0.550
 91 309 22 08 30   0.328   0.324  -0.301   0.551
 91 309 22 09 30   0.329   0.340  -0.278   0.549
 91 309 22 10 30   0.327   0.337  -0.276   0.545
 91 309 22 11 30   0.332   0.331  -0.274   0.543
 91 309 22 12 30   0.315   0.350  -0.270   0.543
 91 309 22 13 30   0.320   0.340  -0.278   0.544
 91 309 22 14 30   0.326   0.340  -0.270   0.543
 91 309 22 15 30   0.329   0.339  -0.272   0.545
 91 309 22 16 30   0.312   0.347  -0.274   0.541
 91 309 22 17 30   0.334   0.342  -0.257   0.543
 91 309 22 18 30   0.318   0.348  -0.269   0.543
 91 309 22 19 30   0.328   0.347  -0.256   0.542
 91 309 22 20 30   0.308   0.349  -0.269   0.539
 91 309 22 21 30   0.313   0.339  -0.276   0.538
 91 309 22 22 30   0.328   0.316  -0.301   0.547
 91 309 22 23 30   0.332   0.327  -0.282   0.545
 91 309 22 24 30   0.341   0.344  -0.255   0.549
 91 309 22 25 30   0.325   0.378  -0.254   0.560
 91 309 22 26 30   0.322   0.368  -0.261   0.554
 91 309 22 27 30   0.319   0.360  -0.250   0.543
 91 309 22 28 30   0.316   0.351  -0.259   0.539
 91 309 22 29 30   0.313   0.344  -0.264   0.535
 91 309 22 30 30   0.311   0.342  -0.260   0.531
 91 309 22 31 30   0.294   0.359  -0.241   0.523
 91 309 22 32 30   0.260   0.378  -0.205   0.504
 91 309 22 33 30   0.213   0.391  -0.170   0.476
 91 309 22 34 30   0.045   0.475  -0.003   0.489
 91 309 22 35 30  -0.014   0.486   0.064   0.491
 91 309 22 36 30  -0.010   0.485   0.082   0.493
 91 309 22 37 30  -0.018   0.483   0.088   0.492
 91 309 22 38 30  -0.048   0.464   0.119   0.487
 91 309 22 39 30  -0.002   0.485   0.075   0.491
 91 309 22 40 30  -0.032   0.478   0.112   0.492
 91 309 22 41 30  -0.052   0.470   0.108   0.486
 91 309 22 42 30  -0.090   0.464   0.117   0.488
 91 309 22 43 30  -0.092   0.460   0.126   0.487
 91 309 22 44 30  -0.099   0.470   0.115   0.494
 91 309 22 45 30  -0.191   0.390   0.175   0.486
 91 309 22 46 30  -0.225   0.395   0.143   0.478
 91 309 22 47 30  -0.224   0.408   0.105   0.479
 91 309 22 48 30  -0.225   0.405   0.121   0.479
 91 309 22 49 30  -0.140   0.433   0.131   0.474
 91 309 22 50 30  -0.147   0.438   0.137   0.483
 91 309 22 51 30  -0.148   0.439   0.132   0.483
 91 309 22 52 30  -0.173   0.433   0.154   0.492
 91 309 22 53 30  -0.142   0.447   0.142   0.492
 91 309 22 54 30  -0.179   0.436   0.158   0.498
 91 309 22 55 30  -0.171   0.453   0.152   0.508
 91 309 22 56 30  -0.163   0.456   0.144   0.505
 91 309 22 57 30  -0.161   0.457   0.145   0.506
 91 309 22 58 30  -0.164   0.458   0.137   0.505
 91 309 22 59 30  -0.175   0.447   0.159   0.506
 91 309 23 00 30  -0.167   0.448   0.160   0.504
 91 309 23 01 30  -0.162   0.450   0.136   0.498
 91 309 23 02 30  -0.184   0.436   0.136   0.493
 91 309 23 03 30  -0.201   0.442   0.120   0.501
 91 309 23 04 30  -0.203   0.447   0.100   0.501
 91 309 23 05 30  -0.205   0.446   0.088   0.499
 91 309 23 06 30  -0.192   0.452   0.102   0.502
 91 309 23 07 30  -0.117   0.456   0.099   0.482
 91 309 23 08 30  -0.124   0.464   0.095   0.491
 91 309 23 09 30  -0.104   0.463   0.113   0.490
 91 309 23 10 30  -0.165   0.462   0.079   0.497
 91 309 23 11 30  -0.173   0.464   0.067   0.500
 91 309 23 12 30  -0.170   0.467   0.049   0.499
 91 309 23 13 30  -0.147   0.472   0.029   0.496
 91 309 23 14 30  -0.127   0.476   0.037   0.495
 91 309 23 15 30  -0.119   0.477   0.043   0.494
 91 309 23 16 30  -0.112   0.473   0.019   0.488
 91 309 23 17 30  -0.077   0.480   0.027   0.489
 91 309 23 18 30  -0.109   0.480   0.032   0.494
 91 309 23 19 30  -0.111   0.482   0.035   0.496
 91 309 23 20 30  -0.104   0.477   0.051   0.492
 91 309 23 21 30  -0.108   0.473   0.040   0.487
 91 309 23 22 30  -0.101   0.477   0.024   0.489
 91 309 23 23 30  -0.082   0.487   0.035   0.495
 91 309 23 24 30  -0.056   0.487   0.052   0.494
 91 309 23 25 30  -0.061   0.486   0.048   0.493
 91 309 23 26 30  -0.094   0.482   0.022   0.492
 91 309 23 27 30  -0.122   0.478  -0.001   0.494
 91 309 23 28 30  -0.140   0.472  -0.023   0.494
 91 309 23 29 30  -0.131   0.474  -0.018   0.494
 91 309 23 30 30  -0.115   0.473   0.022   0.488
 91 309 23 31 30  -0.090   0.480   0.021   0.489
 91 309 23 32 30  -0.099   0.472   0.024   0.484
 91 309 23 33 30  -0.067   0.476   0.056   0.484
 91 309 23 34 30  -0.058   0.466   0.071   0.475
 91 309 23 35 30  -0.097   0.465   0.059   0.480
 91 309 23 36 30  -0.077   0.460   0.068   0.475
 91 309 23 37 30   0.034   0.459   0.129   0.479
 91 309 23 38 30   0.037   0.465   0.108   0.481
 91 309 23 39 30  -0.021   0.455   0.077   0.465
 91 309 23 40 30   0.026   0.455   0.120   0.472
 91 309 23 41 30   0.005   0.462   0.102   0.474
 91 309 23 42 30   0.006   0.467   0.086   0.477
 91 309 23 43 30  -0.004   0.462   0.098   0.473
 91 309 23 44 30  -0.014   0.463   0.102   0.475
 91 309 23 45 30  -0.003   0.453   0.130   0.472
 91 309 23 46 30   0.014   0.450   0.150   0.475
 91 309 23 47 30   0.038   0.454   0.148   0.481
 91 309 23 48 30   0.083   0.445   0.169   0.483
 91 309 23 49 30   0.064   0.456   0.155   0.487
 91 309 23 50 30   0.070   0.452   0.165   0.488
 91 309 23 51 30   0.003   0.492   0.031   0.499
 91 309 23 52 30  -0.110   0.460  -0.129   0.493
 91 309 23 53 30  -0.066   0.481   0.004   0.489
 91 309 23 54 30  -0.104   0.474  -0.013   0.487
 91 309 23 55 30  -0.048   0.472  -0.040   0.477
 91 309 23 56 30  -0.054   0.476  -0.072   0.486
 91 309 23 57 30  -0.053   0.478  -0.069   0.486
 91 309 23 58 30  -0.062   0.475  -0.074   0.485
 91 309 23 59 30  -0.037   0.471  -0.089   0.481
