 91 312 00 00 30  -0.196   0.299   0.079   0.367
 91 312 00 01 30  -0.188   0.306   0.080   0.368
 91 312 00 02 30  -0.173   0.314   0.078   0.367
 91 312 00 03 30  -0.161   0.319   0.096   0.370
 91 312 00 04 30  -0.151   0.322   0.106   0.371
 91 312 00 05 30  -0.150   0.319   0.107   0.368
 91 312 00 06 30  -0.150   0.318   0.114   0.370
 91 312 00 07 30  -0.170   0.308   0.112   0.369
 91 312 00 08 30  -0.174   0.309   0.108   0.371
 91 312 00 09 30  -0.134   0.335   0.046   0.375
 91 312 00 10 30  -0.041   0.372  -0.067   0.381
 91 312 00 11 30  -0.086   0.367  -0.039   0.379
 91 312 00 12 30  -0.079   0.371  -0.039   0.381
 91 312 00 13 30  -0.063   0.367  -0.025   0.374
 91 312 00 14 30  -0.060   0.366  -0.031   0.373
 91 312 00 15 30  -0.049   0.368  -0.012   0.372
 91 312 00 16 30  -0.054   0.368  -0.014   0.372
 91 312 00 17 30  -0.030   0.370   0.015   0.372
 91 312 00 18 30  -0.032   0.372  -0.004   0.374
 91 312 00 19 30  -0.036   0.371  -0.024   0.373
 91 312 00 20 30  -0.048   0.370  -0.016   0.374
 91 312 00 21 30  -0.042   0.370  -0.011   0.373
 91 312 00 22 30  -0.036   0.371   0.001   0.373
 91 312 00 23 30  -0.057   0.367   0.008   0.372
 91 312 00 24 30  -0.072   0.369   0.022   0.377
 91 312 00 25 30  -0.090   0.364   0.031   0.376
 91 312 00 26 30  -0.093   0.358   0.032   0.372
 91 312 00 27 30  -0.097   0.356   0.037   0.371
 91 312 00 28 30  -0.118   0.351   0.054   0.375
 91 312 00 29 30  -0.145   0.338   0.051   0.372
 91 312 00 30 30  -0.163   0.330   0.048   0.372
 91 312 00 31 30  -0.167   0.328   0.030   0.371
 91 312 00 32 30  -0.158   0.334   0.030   0.371
 91 312 00 33 30  -0.170   0.332   0.023   0.374
 91 312 00 34 30  -0.158   0.340   0.031   0.377
 91 312 00 35 30  -0.156   0.344   0.035   0.380
 91 312 00 36 30  -0.147   0.343   0.047   0.378
 91 312 00 37 30  -0.165   0.342   0.036   0.381
 91 312 00 38 30  -0.174   0.339   0.045   0.383
 91 312 00 39 30  -0.168   0.338   0.053   0.381
 91 312 00 40 30  -0.154   0.343   0.067   0.382
 91 312 00 41 30  -0.147   0.350   0.041   0.382
 91 312 00 42 30  -0.158   0.344   0.010   0.379
 91 312 00 43 30  -0.164   0.342   0.019   0.380
 91 312 00 44 30  -0.169   0.330   0.073   0.379
 91 312 00 45 30  -0.179   0.325   0.085   0.381
 91 312 00 46 30  -0.192   0.318   0.080   0.380
 91 312 00 47 30  -0.190   0.321   0.050   0.378
 91 312 00 48 30  -0.225   0.297   0.043   0.378
 91 312 00 49 30  -0.168   0.330   0.055   0.376
 91 312 00 50 30  -0.161   0.324   0.070   0.370
 91 312 00 51 30  -0.214   0.306   0.051   0.378
 91 312 00 52 30  -0.198   0.312   0.044   0.374
 91 312 00 53 30  -0.132   0.334   0.086   0.372
 91 312 00 54 30  -0.052   0.336   0.145   0.371
 91 312 00 55 30  -0.119   0.333   0.101   0.376
 91 312 00 56 30  -0.174   0.326   0.065   0.376
 91 312 00 57 30  -0.174   0.325   0.063   0.375
 91 312 00 58 30  -0.169   0.327   0.070   0.377
 91 312 00 59 30  -0.176   0.331   0.038   0.377
 91 312 01 00 30  -0.183   0.320   0.077   0.378
 91 312 01 01 30  -0.204   0.313   0.042   0.376
 91 312 01 02 30  -0.205   0.312   0.042   0.377
 91 312 01 03 30  -0.202   0.309   0.058   0.374
 91 312 01 04 30  -0.179   0.331   0.018   0.377
 91 312 01 05 30  -0.169   0.338  -0.010   0.379
 91 312 01 06 30  -0.165   0.343  -0.022   0.381
 91 312 01 07 30  -0.177   0.335  -0.018   0.379
 91 312 01 08 30  -0.175   0.330  -0.012   0.374
 91 312 01 09 30  -0.184   0.328  -0.011   0.378
 91 312 01 10 30  -0.182   0.328  -0.001   0.376
 91 312 01 11 30  -0.199   0.321   0.042   0.381
 91 312 01 12 30  -0.202   0.327   0.042   0.387
 91 312 01 13 30  -0.188   0.339   0.024   0.388
 91 312 01 14 30  -0.181   0.344   0.005   0.389
 91 312 01 15 30  -0.194   0.335   0.003   0.387
 91 312 01 16 30  -0.185   0.336  -0.011   0.384
 91 312 01 17 30  -0.175   0.340   0.011   0.383
 91 312 01 18 30  -0.169   0.339   0.020   0.379
 91 312 01 19 30  -0.151   0.351   0.017   0.383
 91 312 01 20 30  -0.156   0.351   0.011   0.385
 91 312 01 21 30  -0.153   0.355   0.013   0.387
 91 312 01 22 30  -0.156   0.349   0.011   0.383
 91 312 01 23 30  -0.191   0.325   0.010   0.377
 91 312 01 24 30  -0.221   0.308   0.027   0.380
 91 312 01 25 30  -0.226   0.311   0.027   0.386
 91 312 01 26 30  -0.249   0.297   0.018   0.389
 91 312 01 27 30  -0.255   0.287   0.028   0.385
 91 312 01 28 30  -0.263   0.285   0.035   0.390
 91 312 01 29 30  -0.271   0.276   0.042   0.389
 91 312 01 30 30  -0.253   0.290   0.011   0.386
 91 312 01 31 30  -0.251   0.290   0.036   0.386
 91 312 01 32 30  -0.248   0.300   0.029   0.390
 91 312 01 33 30  -0.226   0.316   0.014   0.389
 91 312 01 34 30  -0.243   0.307   0.034   0.393
 91 312 01 35 30  -0.238   0.310   0.031   0.392
 91 312 01 36 30  -0.244   0.302   0.026   0.389
 91 312 01 37 30  -0.241   0.304   0.020   0.389
 91 312 01 38 30  -0.248   0.299   0.022   0.389
 91 312 01 39 30  -0.243   0.299   0.016   0.386
 91 312 01 40 30  -0.234   0.306   0.001   0.386
 91 312 01 41 30  -0.234   0.301   0.006   0.382
 91 312 01 42 30  -0.225   0.313   0.008   0.386
 91 312 01 43 30  -0.230   0.306   0.007   0.383
 91 312 01 44 30  -0.230   0.307   0.020   0.385
 91 312 01 45 30  -0.223   0.315   0.010   0.387
 91 312 01 46 30  -0.230   0.306   0.005   0.383
 91 312 01 47 30  -0.231   0.306   0.024   0.384
 91 312 01 48 30  -0.214   0.320   0.023   0.386
 91 312 01 49 30  -0.221   0.317   0.028   0.387
 91 312 01 50 30  -0.218   0.317   0.034   0.387
 91 312 01 51 30  -0.228   0.312   0.037   0.388
 91 312 01 52 30  -0.222   0.314   0.043   0.387
 91 312 01 53 30  -0.219   0.324   0.040   0.394
 91 312 01 54 30  -0.217   0.325   0.034   0.393
 91 312 01 55 30  -0.213   0.328   0.022   0.392
 91 312 01 56 30  -0.199   0.331   0.025   0.387
 91 312 01 57 30  -0.197   0.325   0.027   0.382
 91 312 01 58 30  -0.243   0.233   0.113   0.364
 91 312 01 59 30  -0.278   0.094   0.207   0.367
 91 312 02 00 30  -0.280   0.025   0.240   0.371
 91 312 02 01 30  -0.292   0.040   0.224   0.370
 91 312 02 02 30  -0.301   0.084   0.205   0.375
 91 312 02 03 30  -0.303   0.141   0.175   0.378
 91 312 02 04 30  -0.314   0.130   0.162   0.378
 91 312 02 05 30  -0.311   0.104   0.193   0.382
 91 312 02 06 30  -0.312   0.179   0.129   0.387
 91 312 02 07 30  -0.281   0.236   0.095   0.380
 91 312 02 08 30  -0.299   0.204   0.117   0.381
 91 312 02 09 30  -0.301   0.203   0.122   0.383
 91 312 02 10 30  -0.297   0.212   0.126   0.386
 91 312 02 11 30  -0.292   0.210   0.141   0.387
 91 312 02 12 30  -0.286   0.209   0.151   0.386
 91 312 02 13 30  -0.307   0.164   0.163   0.385
 91 312 02 14 30  -0.312   0.141   0.172   0.384
 91 312 02 15 30  -0.322   0.073   0.195   0.384
 91 312 02 16 30  -0.322   0.061   0.200   0.384
 91 312 02 17 30  -0.314   0.078   0.204   0.383
 91 312 02 18 30  -0.323   0.068   0.203   0.388
 91 312 02 19 30  -0.323   0.062   0.207   0.389
 91 312 02 20 30  -0.322   0.080   0.206   0.391
 91 312 02 21 30  -0.321   0.106   0.193   0.390
 91 312 02 22 30  -0.316   0.118   0.193   0.389
 91 312 02 23 30  -0.318   0.124   0.181   0.386
 91 312 02 24 30  -0.313   0.127   0.184   0.385
 91 312 02 25 30  -0.314   0.131   0.176   0.384
 91 312 02 26 30  -0.317   0.122   0.176   0.384
 91 312 02 27 30  -0.312   0.113   0.195   0.385
 91 312 02 28 30  -0.319   0.107   0.194   0.389
 91 312 02 29 30  -0.331   0.093   0.197   0.397
 91 312 02 30 30  -0.330   0.094   0.190   0.392
 91 312 02 31 30  -0.329   0.099   0.196   0.397
 91 312 02 32 30  -0.311   0.142   0.180   0.387
 91 312 02 33 30  -0.299   0.161   0.183   0.386
 91 312 02 34 30  -0.302   0.150   0.178   0.382
 91 312 02 35 30  -0.297   0.167   0.183   0.387
 91 312 02 36 30  -0.300   0.177   0.175   0.390
 91 312 02 37 30  -0.304   0.175   0.163   0.387
 91 312 02 38 30  -0.308   0.167   0.169   0.390
 91 312 02 39 30  -0.316   0.165   0.158   0.390
 91 312 02 40 30  -0.308   0.169   0.160   0.387
 91 312 02 41 30  -0.303   0.177   0.158   0.385
 91 312 02 42 30  -0.315   0.167   0.146   0.386
 91 312 02 43 30  -0.312   0.164   0.157   0.386
 91 312 02 44 30  -0.304   0.173   0.169   0.389
 91 312 02 45 30  -0.300   0.177   0.170   0.388
 91 312 02 46 30  -0.297   0.182   0.173   0.389
 91 312 02 47 30  -0.287   0.193   0.173   0.387
 91 312 02 48 30  -0.286   0.192   0.178   0.388
 91 312 02 49 30  -0.286   0.195   0.170   0.386
 91 312 02 50 30  -0.275   0.202   0.183   0.388
 91 312 02 51 30  -0.292   0.191   0.173   0.389
 91 312 02 52 30  -0.298   0.176   0.178   0.390
 91 312 02 53 30  -0.307   0.185   0.168   0.397
 91 312 02 54 30  -0.306   0.171   0.168   0.389
 91 312 02 55 30  -0.311   0.162   0.172   0.391
 91 312 02 56 30  -0.313   0.157   0.175   0.392
 91 312 02 57 30  -0.309   0.170   0.180   0.396
 91 312 02 58 30  -0.310   0.152   0.182   0.391
 91 312 02 59 30  -0.309   0.141   0.186   0.387
 91 312 03 00 30  -0.311   0.141   0.183   0.388
 91 312 03 01 30  -0.300   0.166   0.175   0.385
 91 312 03 02 30  -0.302   0.177   0.149   0.380
 91 312 03 03 30  -0.301   0.174   0.147   0.379
 91 312 03 04 30  -0.303   0.157   0.173   0.383
 91 312 03 05 30  -0.302   0.175   0.156   0.383
 91 312 03 06 30  -0.304   0.159   0.169   0.382
 91 312 03 07 30  -0.310   0.155   0.159   0.382
 91 312 03 08 30  -0.293   0.190   0.148   0.380
 91 312 03 09 30  -0.305   0.172   0.152   0.382
 91 312 03 10 30  -0.302   0.157   0.173   0.383
 91 312 03 11 30  -0.317   0.146   0.160   0.385
 91 312 03 12 30  -0.309   0.165   0.157   0.384
 91 312 03 13 30  -0.303   0.151   0.176   0.381
 91 312 03 14 30  -0.299   0.154   0.179   0.382
 91 312 03 15 30  -0.294   0.147   0.186   0.378
 91 312 03 16 30  -0.308   0.098   0.191   0.378
 91 312 03 17 30  -0.320   0.073   0.189   0.382
 91 312 03 18 30  -0.304   0.150   0.174   0.382
 91 312 03 19 30  -0.302   0.144   0.181   0.385
 91 312 03 20 30  -0.322   0.126   0.162   0.383
 91 312 03 21 30  -0.303   0.098   0.210   0.383
 91 312 03 22 30  -0.305   0.096   0.204   0.380
 91 312 03 23 30  -0.332   0.099   0.165   0.384
 91 312 03 24 30  -0.345   0.103   0.136   0.385
 91 312 03 25 30  -0.324   0.113   0.172   0.384
 91 312 03 26 30  -0.328   0.096   0.185   0.389
 91 312 03 27 30  -0.343   0.091   0.176   0.396
 91 312 03 28 30  -0.353   0.084   0.164   0.398
 91 312 03 29 30  -0.346   0.094   0.160   0.394
 91 312 03 30 30  -0.322   0.141   0.154   0.387
 91 312 03 31 30  -0.323   0.145   0.138   0.383
 91 312 03 32 30  -0.287   0.172   0.180   0.381
 91 312 03 33 30  -0.271   0.219   0.156   0.383
 91 312 03 34 30  -0.265   0.237   0.140   0.383
 91 312 03 35 30  -0.269   0.208   0.170   0.380
 91 312 03 36 30  -0.264   0.234   0.159   0.388
 91 312 03 37 30  -0.261   0.251   0.155   0.395
 91 312 03 38 30  -0.255   0.243   0.161   0.388
 91 312 03 39 30  -0.292   0.173   0.162   0.377
 91 312 03 40 30  -0.289   0.187   0.162   0.381
 91 312 03 41 30  -0.275   0.206   0.162   0.380
 91 312 03 42 30  -0.276   0.204   0.169   0.383
 91 312 03 43 30  -0.278   0.203   0.168   0.384
 91 312 03 44 30  -0.301   0.142   0.184   0.381
 91 312 03 45 30  -0.298   0.131   0.197   0.381
 91 312 03 46 30  -0.298   0.143   0.206   0.390
 91 312 03 47 30  -0.287   0.162   0.206   0.389
 91 312 03 48 30  -0.286   0.145   0.211   0.384
 91 312 03 49 30  -0.291   0.149   0.205   0.386
 91 312 03 50 30  -0.299   0.152   0.196   0.388
 91 312 03 51 30  -0.292   0.163   0.183   0.381
 91 312 03 52 30  -0.301   0.170   0.169   0.385
 91 312 03 53 30  -0.301   0.144   0.186   0.383
 91 312 03 54 30  -0.307   0.132   0.182   0.381
 91 312 03 55 30  -0.309   0.121   0.186   0.381
 91 312 03 56 30  -0.314   0.120   0.187   0.385
 91 312 03 57 30  -0.314   0.131   0.172   0.382
 91 312 03 58 30  -0.316   0.122   0.170   0.379
 91 312 03 59 30  -0.319   0.117   0.179   0.384
 91 312 04 00 30  -0.318   0.128   0.171   0.384
 91 312 04 01 30  -0.334   0.112   0.166   0.390
 91 312 04 02 30  -0.327   0.127   0.161   0.386
 91 312 04 03 30  -0.327   0.128   0.162   0.387
 91 312 04 04 30  -0.335   0.095   0.172   0.389
 91 312 04 05 30  -0.330   0.111   0.176   0.391
 91 312 04 06 30  -0.324   0.127   0.178   0.391
 91 312 04 07 30  -0.329   0.137   0.162   0.392
 91 312 04 08 30  -0.335   0.144   0.146   0.393
 91 312 04 09 30  -0.327   0.153   0.145   0.390
 91 312 04 10 30  -0.321   0.152   0.159   0.389
 91 312 04 11 30  -0.312   0.166   0.162   0.389
 91 312 04 12 30  -0.304   0.181   0.162   0.391
 91 312 04 13 30  -0.291   0.204   0.157   0.389
 91 312 04 14 30  -0.308   0.172   0.173   0.393
 91 312 04 15 30  -0.305   0.185   0.160   0.391
 91 312 04 16 30  -0.298   0.204   0.156   0.394
 91 312 04 17 30  -0.289   0.228   0.146   0.396
 91 312 04 18 30  -0.288   0.234   0.140   0.397
 91 312 04 19 30  -0.289   0.229   0.148   0.398
 91 312 04 20 30  -0.296   0.224   0.130   0.394
 91 312 04 21 30  -0.295   0.229   0.124   0.394
 91 312 04 22 30  -0.300   0.217   0.132   0.393
 91 312 04 23 30  -0.308   0.209   0.120   0.392
 91 312 04 24 30  -0.280   0.227   0.144   0.389
 91 312 04 25 30  -0.248   0.205   0.099   0.399
 91 312 04 26 30  -0.208  -0.144  -0.318   0.406
 91 312 04 33 30  -0.302   0.239   0.105   0.399
 91 312 04 34 30  -0.298   0.246   0.102   0.400
 91 312 04 35 30  -0.296   0.248   0.105   0.401
 91 312 04 36 30  -0.291   0.259   0.089   0.400
 91 312 04 37 30  -0.288   0.265   0.083   0.400
 91 312 04 38 30  -0.285   0.263   0.078   0.396
 91 312 04 39 30  -0.298   0.252   0.083   0.399
 91 312 04 40 30  -0.297   0.258   0.060   0.398
 91 312 04 41 30  -0.302   0.254   0.043   0.398
 91 312 04 42 30  -0.302   0.257   0.039   0.399
 91 312 04 43 30  -0.300   0.254   0.041   0.396
 91 312 04 44 30  -0.298   0.251   0.047   0.393
 91 312 04 45 30  -0.297   0.250   0.049   0.392
 91 312 04 46 30  -0.299   0.251   0.036   0.392
 91 312 04 47 30  -0.299   0.243   0.034   0.387
 91 312 04 48 30  -0.280   0.263   0.024   0.385
 91 312 04 49 30  -0.275   0.270   0.030   0.387
 91 312 04 50 30  -0.277   0.278   0.036   0.394
 91 312 04 51 30  -0.253   0.294   0.059   0.393
 91 312 04 52 30  -0.277   0.276   0.024   0.393
 91 312 04 53 30  -0.255   0.284   0.045   0.385
 91 312 04 54 30  -0.246   0.294   0.057   0.388
 91 312 04 55 30  -0.253   0.295   0.060   0.394
 91 312 04 56 30  -0.243   0.306   0.059   0.395
 91 312 04 57 30  -0.241   0.308   0.055   0.395
 91 312 04 58 30  -0.227   0.321   0.031   0.395
 91 312 04 59 30  -0.255   0.304   0.043   0.399
 91 312 05 00 30  -0.246   0.308   0.028   0.395
 91 312 05 01 30  -0.247   0.298   0.051   0.391
 91 312 05 02 30  -0.243   0.300   0.052   0.390
 91 312 05 03 30  -0.258   0.288   0.051   0.390
 91 312 05 04 30  -0.250   0.300   0.056   0.396
 91 312 05 05 30  -0.251   0.297   0.070   0.395
 91 312 05 06 30  -0.235   0.305   0.079   0.393
 91 312 05 07 30  -0.231   0.301   0.086   0.389
 91 312 05 08 30  -0.237   0.286   0.107   0.387
 91 312 05 09 30  -0.218   0.320   0.076   0.397
 91 312 05 10 30  -0.203   0.344   0.031   0.402
 91 312 05 11 30  -0.204   0.339   0.042   0.398
 91 312 05 12 30  -0.207   0.339   0.020   0.398
 91 312 05 13 30  -0.229   0.326   0.011   0.399
 91 312 05 14 30  -0.227   0.332  -0.004   0.402
 91 312 05 15 30  -0.229   0.326   0.004   0.399
 91 312 05 16 30  -0.260   0.305   0.029   0.402
 91 312 05 17 30  -0.255   0.299  -0.001   0.393
 91 312 05 18 30  -0.238   0.312   0.002   0.393
 91 312 05 19 30  -0.246   0.314   0.001   0.399
 91 312 05 20 30  -0.260   0.302  -0.008   0.399
 91 312 05 21 30  -0.257   0.300  -0.001   0.395
 91 312 05 22 30  -0.246   0.309  -0.005   0.395
 91 312 05 23 30  -0.238   0.318   0.001   0.398
 91 312 05 24 30  -0.227   0.317  -0.023   0.390
 91 312 05 25 30  -0.216   0.321  -0.018   0.388
 91 312 05 26 30  -0.218   0.329  -0.037   0.397
 91 312 05 27 30  -0.205   0.342  -0.036   0.400
 91 312 05 28 30  -0.156   0.359  -0.065   0.397
 91 312 05 29 30  -0.198   0.328  -0.044   0.387
 91 312 05 30 30  -0.233   0.304  -0.031   0.385
 91 312 05 31 30  -0.235   0.309  -0.034   0.390
 91 312 05 32 30  -0.204   0.322  -0.046   0.384
 91 312 05 33 30  -0.216   0.323  -0.052   0.392
 91 312 05 34 30  -0.201   0.323  -0.049   0.384
 91 312 05 35 30  -0.218   0.314  -0.063   0.388
 91 312 05 36 30  -0.140   0.355  -0.038   0.386
 91 312 05 37 30  -0.125   0.367  -0.033   0.389
 91 312 05 38 30  -0.116   0.370  -0.026   0.389
 91 312 05 39 30  -0.122   0.362  -0.040   0.385
 91 312 05 40 30  -0.148   0.354  -0.049   0.387
 91 312 05 41 30  -0.144   0.354  -0.064   0.388
 91 312 05 42 30  -0.156   0.354  -0.037   0.389
 91 312 05 43 30  -0.162   0.348  -0.005   0.384
 91 312 05 44 30  -0.138   0.360  -0.017   0.386
 91 312 05 45 30  -0.132   0.368  -0.033   0.392
 91 312 05 46 30  -0.133   0.367  -0.034   0.392
 91 312 05 47 30  -0.098   0.371  -0.002   0.387
 91 312 05 48 30  -0.137   0.355  -0.046   0.384
 91 312 05 49 30  -0.117   0.363  -0.016   0.383
 91 312 05 50 30  -0.130   0.360  -0.022   0.384
 91 312 05 51 30  -0.137   0.357  -0.029   0.384
 91 312 05 52 30  -0.152   0.347  -0.027   0.380
 91 312 05 53 30  -0.170   0.343  -0.031   0.384
 91 312 05 54 30  -0.193   0.332  -0.067   0.390
 91 312 05 55 30  -0.189   0.331  -0.039   0.383
 91 312 05 56 30  -0.206   0.332  -0.036   0.393
 91 312 05 57 30  -0.226   0.315  -0.088   0.399
 91 312 05 58 30  -0.240   0.294  -0.127   0.401
 91 312 05 59 30  -0.245   0.295  -0.106   0.398
 91 312 06 00 30  -0.268   0.269  -0.132   0.403
 91 312 06 01 30  -0.258   0.278  -0.124   0.399
 91 312 06 02 30  -0.253   0.279  -0.121   0.396
 91 312 06 03 30  -0.255   0.277  -0.127   0.398
 91 312 06 04 30  -0.248   0.281  -0.129   0.397
 91 312 06 05 30  -0.215   0.298  -0.158   0.400
 91 312 06 06 30  -0.235   0.291  -0.142   0.400
 91 312 06 07 30  -0.246   0.277  -0.131   0.393
 91 312 06 08 30  -0.228   0.290  -0.129   0.391
 91 312 06 09 30  -0.239   0.286  -0.132   0.396
 91 312 06 10 30  -0.240   0.289  -0.137   0.400
 91 312 06 11 30  -0.253   0.284  -0.108   0.396
 91 312 06 12 30  -0.260   0.285  -0.091   0.397
 91 312 06 13 30  -0.245   0.296  -0.099   0.397
 91 312 06 14 30  -0.246   0.302  -0.101   0.403
 91 312 06 15 30  -0.235   0.303  -0.108   0.398
 91 312 06 16 30  -0.237   0.295  -0.118   0.397
 91 312 06 17 30  -0.222   0.297  -0.135   0.395
 91 312 06 18 30  -0.225   0.292  -0.128   0.390
 91 312 06 19 30  -0.214   0.306  -0.118   0.392
 91 312 06 20 30  -0.231   0.290  -0.122   0.390
 91 312 06 21 30  -0.242   0.284  -0.128   0.395
 91 312 06 22 30  -0.243   0.274  -0.146   0.395
 91 312 06 23 30  -0.243   0.232  -0.201   0.392
 91 312 06 24 30  -0.226   0.228  -0.228   0.395
 91 312 06 25 30  -0.248   0.236  -0.188   0.391
 91 312 06 26 30  -0.233   0.234  -0.211   0.392
 91 312 06 27 30  -0.238   0.224  -0.214   0.391
 91 312 06 28 30  -0.233   0.216  -0.221   0.387
 91 312 06 29 30  -0.228   0.219  -0.220   0.386
 91 312 06 30 30  -0.238   0.193  -0.229   0.384
 91 312 06 31 30  -0.238   0.193  -0.235   0.387
 91 312 06 32 30  -0.234   0.206  -0.220   0.382
 91 312 06 33 30  -0.243   0.202  -0.216   0.383
 91 312 06 34 30  -0.234   0.197  -0.222   0.379
 91 312 06 35 30  -0.232   0.210  -0.195   0.374
 91 312 06 36 30  -0.181   0.314  -0.005   0.364
 91 312 06 37 30  -0.204   0.287  -0.081   0.362
 91 312 06 38 30  -0.209   0.282  -0.097   0.365
 91 312 06 39 30  -0.204   0.284  -0.102   0.364
 91 312 06 40 30  -0.192   0.286  -0.098   0.358
 91 312 06 41 30  -0.187   0.288  -0.106   0.359
 91 312 06 42 30  -0.194   0.287  -0.097   0.360
 91 312 06 43 30  -0.197   0.292  -0.076   0.361
 91 312 06 44 30  -0.203   0.300  -0.046   0.365
 91 312 06 45 30  -0.203   0.295  -0.067   0.365
 91 312 06 46 30  -0.218   0.286  -0.072   0.367
 91 312 06 47 30  -0.226   0.284  -0.072   0.371
 91 312 06 48 30  -0.233   0.287  -0.030   0.372
 91 312 06 49 30  -0.242   0.285  -0.009   0.374
 91 312 06 50 30  -0.232   0.292   0.020   0.374
 91 312 06 51 30  -0.234   0.290   0.032   0.374
 91 312 06 52 30  -0.247   0.284   0.028   0.377
 91 312 06 53 30  -0.248   0.282   0.024   0.377
 91 312 06 54 30  -0.246   0.286   0.025   0.379
 91 312 06 55 30  -0.247   0.285   0.035   0.379
 91 312 06 56 30  -0.226   0.299   0.039   0.377
 91 312 06 57 30  -0.234   0.295   0.031   0.378
 91 312 06 58 30  -0.223   0.304   0.038   0.379
 91 312 06 59 30  -0.233   0.304   0.024   0.385
 91 312 07 00 30  -0.251   0.287   0.052   0.386
 91 312 07 01 30  -0.276   0.267   0.069   0.391
 91 312 07 02 30  -0.274   0.263   0.066   0.386
 91 312 07 03 30  -0.277   0.260   0.065   0.386
 91 312 07 04 30  -0.275   0.258   0.081   0.386
 91 312 07 05 30  -0.280   0.251   0.070   0.382
 91 312 07 06 30  -0.283   0.257   0.055   0.386
 91 312 07 07 30  -0.281   0.265   0.050   0.390
 91 312 07 08 30  -0.278   0.268   0.059   0.391
 91 312 07 09 30  -0.281   0.274   0.058   0.397
 91 312 07 10 30  -0.278   0.275   0.050   0.395
 91 312 07 11 30  -0.266   0.283   0.054   0.392
 91 312 07 12 30  -0.277   0.288   0.050   0.403
 91 312 07 13 30  -0.268   0.297   0.065   0.406
 91 312 07 14 30  -0.272   0.284   0.064   0.399
 91 312 07 15 30  -0.275   0.261   0.076   0.387
 91 312 07 16 30  -0.277   0.259   0.074   0.387
 91 312 07 17 30  -0.279   0.258   0.077   0.388
 91 312 07 18 30  -0.271   0.268   0.049   0.385
 91 312 07 19 30  -0.236   0.305  -0.003   0.387
 91 312 07 20 30  -0.220   0.320  -0.014   0.389
 91 312 07 21 30  -0.234   0.311   0.001   0.390
 91 312 07 22 30  -0.237   0.310   0.008   0.390
 91 312 07 23 30  -0.231   0.314   0.021   0.390
 91 312 07 24 30  -0.227   0.318   0.019   0.391
 91 312 07 25 30  -0.223   0.321   0.028   0.392
 91 312 07 26 30  -0.246   0.311   0.007   0.397
 91 312 07 27 30  -0.253   0.309   0.014   0.400
 91 312 07 28 30  -0.260   0.300   0.035   0.399
 91 312 07 29 30  -0.252   0.305   0.006   0.395
 91 312 07 30 30  -0.239   0.312   0.019   0.394
 91 312 07 31 30  -0.241   0.310   0.009   0.394
 91 312 07 32 30  -0.239   0.313  -0.017   0.395
 91 312 07 33 30  -0.251   0.306   0.008   0.397
 91 312 07 34 30  -0.254   0.298  -0.015   0.392
 91 312 07 35 30  -0.258   0.295  -0.024   0.393
 91 312 07 36 30  -0.258   0.302  -0.018   0.398
 91 312 07 37 30  -0.259   0.297  -0.014   0.394
 91 312 07 38 30  -0.264   0.297  -0.002   0.398
 91 312 07 39 30  -0.270   0.293  -0.004   0.398
 91 312 07 40 30  -0.263   0.299   0.019   0.399
 91 312 07 41 30  -0.275   0.288   0.009   0.398
 91 312 07 42 30  -0.269   0.291  -0.011   0.396
 91 312 07 43 30  -0.263   0.292  -0.011   0.393
 91 312 07 44 30  -0.254   0.306   0.010   0.398
 91 312 07 45 30  -0.252   0.307   0.020   0.398
 91 312 07 46 30  -0.267   0.290   0.005   0.395
 91 312 07 47 30  -0.284   0.262  -0.016   0.387
 91 312 07 48 30  -0.286   0.263  -0.014   0.389
 91 312 07 49 30  -0.294   0.264   0.006   0.395
 91 312 07 50 30  -0.296   0.274   0.006   0.404
 91 312 07 51 30  -0.278   0.275   0.022   0.392
 91 312 07 52 30  -0.281   0.275   0.010   0.394
 91 312 07 53 30  -0.279   0.270  -0.001   0.389
 91 312 07 54 30  -0.294   0.244   0.058   0.389
 91 312 07 55 30  -0.313   0.204   0.112   0.391
 91 312 07 56 30  -0.307   0.219   0.099   0.390
 91 312 07 57 30  -0.314   0.205   0.104   0.389
 91 312 07 58 30  -0.323   0.194   0.105   0.391
 91 312 07 59 30  -0.322   0.188   0.119   0.392
 91 312 08 00 30  -0.317   0.206   0.099   0.391
 91 312 08 01 30  -0.319   0.192   0.106   0.387
 91 312 08 02 30  -0.313   0.193   0.113   0.385
 91 312 08 03 30  -0.307   0.204   0.121   0.388
 91 312 08 04 30  -0.300   0.214   0.119   0.387
 91 312 08 05 30  -0.296   0.223   0.120   0.390
 91 312 08 06 30  -0.296   0.228   0.114   0.391
 91 312 08 07 30  -0.295   0.230   0.110   0.390
 91 312 08 08 30  -0.298   0.224   0.104   0.387
 91 312 08 09 30  -0.302   0.219   0.109   0.389
 91 312 08 10 30  -0.297   0.225   0.098   0.385
 91 312 08 11 30  -0.288   0.226   0.115   0.384
 91 312 08 12 30  -0.284   0.226   0.107   0.379
 91 312 08 13 30  -0.288   0.221   0.110   0.379
 91 312 08 14 30  -0.288   0.214   0.122   0.379
 91 312 08 15 30  -0.290   0.211   0.123   0.379
 91 312 08 16 30  -0.279   0.224   0.124   0.379
 91 312 08 17 30  -0.285   0.215   0.131   0.381
 91 312 08 18 30  -0.288   0.222   0.130   0.386
 91 312 08 19 30  -0.301   0.216   0.132   0.393
 91 312 08 20 30  -0.304   0.209   0.139   0.395
 91 312 08 21 30  -0.306   0.218   0.137   0.400
 91 312 08 22 30  -0.313   0.202   0.143   0.399
 91 312 08 23 30  -0.317   0.191   0.146   0.398
 91 312 08 24 30  -0.310   0.203   0.139   0.396
 91 312 08 25 30  -0.307   0.203   0.149   0.397
 91 312 08 26 30  -0.310   0.199   0.148   0.397
 91 312 08 27 30  -0.311   0.202   0.145   0.398
 91 312 08 28 30  -0.315   0.194   0.145   0.397
 91 312 08 29 30  -0.315   0.193   0.145   0.397
 91 312 08 30 30  -0.306   0.206   0.145   0.397
 91 312 08 31 30  -0.303   0.210   0.144   0.396
 91 312 08 32 30  -0.295   0.222   0.148   0.398
 91 312 08 33 30  -0.286   0.234   0.136   0.394
 91 312 08 34 30  -0.291   0.228   0.137   0.395
 91 312 08 35 30  -0.303   0.224   0.133   0.400
 91 312 08 36 30  -0.303   0.219   0.136   0.398
 91 312 08 37 30  -0.290   0.235   0.130   0.396
 91 312 08 38 30  -0.290   0.234   0.127   0.394
 91 312 08 39 30  -0.290   0.237   0.124   0.394
 91 312 08 40 30  -0.283   0.247   0.119   0.394
 91 312 08 41 30  -0.289   0.240   0.109   0.392
 91 312 08 42 30  -0.283   0.244   0.107   0.389
 91 312 08 43 30  -0.273   0.257   0.100   0.388
 91 312 08 44 30  -0.247   0.278   0.114   0.389
 91 312 08 45 30  -0.251   0.278   0.099   0.388
 91 312 08 46 30  -0.270   0.260   0.099   0.388
 91 312 08 47 30  -0.273   0.258   0.109   0.392
 91 312 08 48 30  -0.274   0.257   0.115   0.394
 91 312 08 49 30  -0.266   0.262   0.125   0.394
 91 312 08 50 30  -0.276   0.255   0.107   0.391
 91 312 08 51 30  -0.272   0.259   0.116   0.394
 91 312 08 52 30  -0.284   0.252   0.110   0.396
 91 312 08 53 30  -0.285   0.253   0.104   0.395
 91 312 08 54 30  -0.281   0.254   0.105   0.393
 91 312 08 55 30  -0.283   0.251   0.103   0.392
 91 312 08 56 30  -0.268   0.273   0.095   0.395
 91 312 08 57 30  -0.270   0.268   0.108   0.396
 91 312 08 58 30  -0.271   0.265   0.111   0.396
 91 312 08 59 30  -0.283   0.250   0.109   0.394
 91 312 09 00 30  -0.279   0.263   0.107   0.398
 91 312 09 01 30  -0.273   0.258   0.130   0.397
 91 312 09 02 30  -0.271   0.265   0.124   0.399
 91 312 09 03 30  -0.274   0.256   0.130   0.397
 91 312 09 04 30  -0.273   0.249   0.135   0.394
 91 312 09 05 30  -0.285   0.239   0.123   0.392
 91 312 09 06 30  -0.288   0.232   0.133   0.393
 91 312 09 07 30  -0.283   0.236   0.131   0.391
 91 312 09 08 30  -0.290   0.243   0.113   0.395
 91 312 09 09 30  -0.290   0.245   0.107   0.395
 91 312 09 10 30  -0.282   0.259   0.099   0.396
 91 312 09 11 30  -0.278   0.259   0.118   0.399
 91 312 09 12 30  -0.283   0.256   0.132   0.404
 91 312 09 13 30  -0.290   0.237   0.149   0.403
 91 312 09 23 30  -0.283   0.249   0.114   0.394
 91 312 09 24 30  -0.280   0.236   0.131   0.389
 91 312 09 25 30  -0.277   0.237   0.151   0.394
 91 312 09 26 30  -0.278   0.237   0.136   0.390
 91 312 09 27 30  -0.286   0.246   0.093   0.389
 91 312 09 28 30  -0.277   0.251   0.111   0.391
 91 312 09 29 30  -0.276   0.249   0.098   0.385
 91 312 09 30 30  -0.277   0.241   0.111   0.384
 91 312 09 38 30  -0.272   0.257   0.125   0.395
 91 312 09 39 30  -0.271   0.257   0.119   0.393
 91 312 09 40 30  -0.268   0.246   0.138   0.389
 91 312 09 41 30  -0.260   0.258   0.114   0.385
 91 312 09 42 30  -0.269   0.258   0.093   0.386
 91 312 09 43 30  -0.271   0.281   0.001   0.391
 91 312 09 44 30  -0.276   0.273   0.025   0.390
 91 312 09 45 30  -0.292   0.268   0.020   0.398
 91 312 09 48 30  -0.274   0.271   0.039   0.388
 91 312 09 49 30  -0.274   0.268   0.024   0.385
 91 312 09 50 30  -0.291   0.249   0.006   0.383
 91 312 09 51 30  -0.286   0.246  -0.012   0.378
 91 312 09 52 30  -0.287   0.249  -0.020   0.381
 91 312 09 53 30  -0.288   0.245  -0.018   0.379
 91 312 09 54 30  -0.288   0.257   0.016   0.388
 91 312 09 55 30  -0.289   0.265   0.033   0.393
 91 312 09 56 30  -0.288   0.266   0.042   0.394
 91 312 09 57 30  -0.294   0.258   0.047   0.395
 91 312 09 58 30  -0.291   0.258   0.058   0.394
 91 312 10 00 30  -0.283   0.261  -0.009   0.385
 91 312 10 01 30  -0.289   0.253   0.003   0.385
 91 312 10 02 30  -0.286   0.258  -0.010   0.385
 91 312 10 03 30  -0.283   0.253   0.014   0.381
 91 312 10 04 30  -0.298   0.231   0.031   0.378
 91 312 10 05 30  -0.288   0.251   0.026   0.383
 91 312 10 06 30  -0.288   0.250   0.070   0.388
 91 312 10 07 30  -0.295   0.244   0.071   0.390
 91 312 10 08 30  -0.303   0.228   0.079   0.387
 91 312 10 09 30  -0.316   0.215   0.070   0.389
 91 312 10 10 30  -0.327   0.198   0.069   0.388
 91 312 10 11 30  -0.325   0.204   0.057   0.388
 91 312 10 12 30  -0.317   0.213   0.067   0.388
 91 312 10 13 30  -0.303   0.238   0.030   0.387
 91 312 10 14 30  -0.291   0.242   0.024   0.380
 91 312 10 15 30  -0.292   0.243   0.025   0.381
 91 312 10 16 30  -0.291   0.235   0.040   0.376
 91 312 10 17 30  -0.295   0.219   0.028   0.368
 91 312 10 18 30  -0.281   0.234   0.006   0.366
 91 312 10 19 30  -0.283   0.226   0.056   0.369
 91 312 10 20 30  -0.293   0.222   0.041   0.371
 91 312 10 21 30  -0.293   0.223   0.067   0.375
 91 312 10 22 30  -0.303   0.213   0.018   0.371
 91 312 10 23 30  -0.304   0.213   0.062   0.376
 91 312 10 24 30  -0.306   0.207   0.044   0.373
 91 312 10 25 30  -0.305   0.213   0.052   0.376
 91 312 10 26 30  -0.310   0.196   0.053   0.371
 91 312 10 27 30  -0.307   0.208   0.041   0.374
 91 312 10 28 30  -0.315   0.196   0.039   0.373
 91 312 10 29 30  -0.304   0.210   0.051   0.373
 91 312 10 30 30  -0.306   0.209   0.065   0.377
 91 312 10 31 30  -0.314   0.201   0.073   0.380
 91 312 10 32 30  -0.313   0.205   0.061   0.379
 91 312 10 33 30  -0.313   0.210   0.038   0.379
 91 312 10 34 30  -0.305   0.218   0.052   0.379
 91 312 10 35 30  -0.310   0.217   0.052   0.382
 91 312 10 36 30  -0.299   0.229   0.071   0.384
 91 312 10 37 30  -0.310   0.202   0.081   0.379
 91 312 10 38 30  -0.303   0.209   0.084   0.378
 91 312 10 39 30  -0.309   0.196   0.090   0.377
 91 312 10 40 30  -0.299   0.212   0.080   0.376
 91 312 10 41 30  -0.298   0.218   0.087   0.379
 91 312 10 42 30  -0.304   0.217   0.073   0.381
 91 312 10 43 30  -0.319   0.227   0.065   0.397
 91 312 10 44 30  -0.305   0.240   0.067   0.395
 91 312 10 45 30  -0.311   0.226   0.075   0.392
 91 312 10 46 30  -0.303   0.234   0.069   0.389
 91 312 10 47 30  -0.306   0.232   0.066   0.390
 91 312 10 48 30  -0.306   0.234   0.062   0.390
 91 312 10 52 30  -0.310   0.218   0.069   0.386
 91 312 10 53 30  -0.310   0.223   0.067   0.388
 91 312 10 54 30  -0.310   0.223   0.055   0.386
 91 312 10 55 30  -0.299   0.232   0.059   0.383
 91 312 10 56 30  -0.302   0.229   0.050   0.383
 91 312 10 57 30  -0.303   0.231   0.052   0.385
 91 312 10 58 30  -0.299   0.236   0.048   0.384
 91 312 10 59 30  -0.301   0.231   0.052   0.383
 91 312 11 00 30  -0.307   0.221   0.049   0.381
 91 312 11 01 30  -0.296   0.240   0.041   0.384
 91 312 11 02 30  -0.290   0.246   0.062   0.386
 91 312 11 03 30  -0.306   0.228   0.059   0.386
 91 312 11 04 30  -0.305   0.226   0.060   0.385
 91 312 11 05 30  -0.306   0.226   0.055   0.384
 91 312 11 06 30  -0.306   0.227   0.037   0.383
 91 312 11 07 30  -0.304   0.223   0.058   0.381
 91 312 11 08 30  -0.305   0.229   0.042   0.384
 91 312 11 09 30  -0.302   0.229   0.048   0.383
 91 312 11 10 30  -0.295   0.239   0.069   0.386
 91 312 11 11 30  -0.288   0.245   0.077   0.386
 91 312 11 12 30  -0.290   0.239   0.074   0.383
 91 312 11 13 30  -0.291   0.241   0.049   0.381
 91 312 11 14 30  -0.299   0.228   0.066   0.382
 91 312 11 15 30  -0.302   0.232   0.054   0.384
 91 312 11 16 30  -0.304   0.225   0.057   0.383
 91 312 11 17 30  -0.311   0.217   0.051   0.382
 91 312 11 18 30  -0.306   0.218   0.066   0.382
 91 312 11 19 30  -0.307   0.227   0.047   0.385
 91 312 11 20 30  -0.312   0.216   0.055   0.384
 91 312 11 21 30  -0.304   0.224   0.064   0.383
 91 312 11 22 30  -0.309   0.222   0.076   0.388
 91 312 11 23 30  -0.316   0.217   0.049   0.387
 91 312 11 24 30  -0.316   0.216   0.063   0.388
 91 312 11 25 30  -0.309   0.218   0.088   0.388
 91 312 11 26 30  -0.314   0.217   0.089   0.392
 91 312 11 27 30  -0.314   0.216   0.089   0.392
 91 312 11 28 30  -0.309   0.217   0.095   0.390
 91 312 11 29 30  -0.312   0.215   0.102   0.392
 91 312 11 30 30  -0.312   0.215   0.106   0.394
 91 312 11 31 30  -0.313   0.221   0.088   0.393
 91 312 11 32 30  -0.312   0.217   0.089   0.391
 91 312 11 33 30  -0.316   0.207   0.089   0.388
 91 312 11 34 30  -0.330   0.175   0.107   0.388
 91 312 11 35 30  -0.341   0.165   0.100   0.392
 91 312 11 36 30  -0.340   0.175   0.084   0.392
 91 312 11 37 30  -0.330   0.193   0.066   0.389
 91 312 11 38 30  -0.310   0.223   0.072   0.389
 91 312 11 39 30  -0.313   0.218   0.076   0.389
 91 312 11 40 30  -0.316   0.213   0.070   0.388
 91 312 11 41 30  -0.307   0.223   0.073   0.387
 91 312 11 42 30  -0.279   0.257   0.044   0.382
 91 312 11 43 30  -0.274   0.256   0.047   0.379
 91 312 11 44 30  -0.266   0.268   0.029   0.379
 91 312 11 45 30  -0.260   0.276   0.047   0.383
 91 312 11 46 30  -0.256   0.281   0.049   0.384
 91 312 11 47 30  -0.243   0.289   0.043   0.380
 91 312 11 48 30  -0.237   0.297   0.031   0.382
 91 312 11 49 30  -0.245   0.291   0.024   0.382
 91 312 11 50 30  -0.248   0.285   0.019   0.379
 91 312 11 51 30  -0.254   0.270   0.021   0.371
 91 312 11 52 30  -0.250   0.268   0.024   0.368
 91 312 11 53 30  -0.261   0.258   0.054   0.372
 91 312 11 54 30  -0.254   0.266   0.030   0.369
 91 312 11 55 30  -0.239   0.296   0.000   0.380
 91 312 11 56 30  -0.245   0.288  -0.002   0.379
 91 312 11 57 30  -0.251   0.281   0.014   0.377
 91 312 11 58 30  -0.257   0.273   0.023   0.376
 91 312 11 59 30  -0.260   0.271   0.036   0.378
 91 312 12 00 30  -0.269   0.255   0.064   0.378
 91 312 12 01 30  -0.265   0.253   0.077   0.375
 91 312 12 02 30  -0.239   0.280  -0.020   0.370
 91 312 12 03 30  -0.230   0.288  -0.037   0.371
 91 312 12 04 30  -0.229   0.286  -0.038   0.369
 91 312 12 05 30  -0.237   0.284  -0.014   0.370
 91 312 12 06 30  -0.253   0.271  -0.032   0.372
 91 312 12 07 30  -0.258   0.265  -0.022   0.371
 91 312 12 08 30  -0.253   0.272  -0.006   0.372
 91 312 12 09 30  -0.250   0.281   0.018   0.377
 91 312 12 10 30  -0.235   0.301  -0.002   0.382
 91 312 12 11 30  -0.241   0.297   0.009   0.383
 91 312 12 12 30  -0.258   0.277   0.008   0.379
 91 312 12 13 30  -0.248   0.288   0.017   0.381
 91 312 12 14 30  -0.237   0.299   0.031   0.383
 91 312 12 15 30  -0.245   0.291   0.052   0.384
 91 312 12 16 30  -0.240   0.295   0.049   0.384
 91 312 12 17 30  -0.242   0.289   0.016   0.377
 91 312 12 18 30  -0.242   0.291   0.015   0.379
 91 312 12 19 30  -0.235   0.290   0.005   0.373
 91 312 12 20 30  -0.239   0.286   0.010   0.373
 91 312 12 21 30  -0.242   0.279   0.003   0.369
 91 312 12 22 30  -0.235   0.285   0.012   0.370
 91 312 12 23 30  -0.225   0.288  -0.015   0.367
 91 312 12 24 30  -0.218   0.293   0.008   0.366
 91 312 12 25 30  -0.206   0.304   0.004   0.368
 91 312 12 26 30  -0.193   0.308  -0.006   0.364
 91 312 12 27 30  -0.208   0.301   0.009   0.366
 91 312 12 28 30  -0.221   0.290   0.011   0.365
 91 312 12 29 30  -0.221   0.290   0.025   0.367
 91 312 12 30 30  -0.232   0.284   0.036   0.369
 91 312 12 31 30  -0.203   0.305   0.043   0.369
 91 312 12 32 30  -0.229   0.286   0.003   0.374
 91 312 12 33 30  -0.285   0.244  -0.048   0.378
 91 312 12 34 30  -0.298   0.229  -0.040   0.379
 91 312 12 35 30  -0.308   0.217  -0.025   0.378
 91 312 12 36 30  -0.287   0.235   0.005   0.372
 91 312 12 37 30  -0.202   0.304   0.024   0.367
 91 312 12 38 30  -0.226   0.287   0.010   0.366
 91 312 12 39 30  -0.233   0.289  -0.001   0.371
 91 312 12 40 30  -0.263   0.267   0.010   0.375
 91 312 12 41 30  -0.263   0.265   0.016   0.375
 91 312 12 42 30  -0.258   0.267   0.018   0.373
 91 312 12 43 30  -0.288   0.243   0.049   0.380
 91 312 12 44 30  -0.301   0.237   0.044   0.386
 91 312 12 45 30  -0.305   0.226   0.054   0.383
 91 312 12 46 30  -0.301   0.226   0.041   0.379
 91 312 12 47 30  -0.296   0.236   0.049   0.382
 91 312 12 48 30  -0.290   0.250   0.026   0.383
 91 312 12 49 30  -0.286   0.250   0.024   0.380
 91 312 12 50 30  -0.284   0.249   0.025   0.379
 91 312 12 51 30  -0.285   0.242   0.040   0.377
 91 312 12 52 30  -0.296   0.237   0.035   0.381
 91 312 12 53 30  -0.296   0.247   0.024   0.387
 91 312 12 54 30  -0.288   0.247   0.000   0.380
 91 312 12 55 30  -0.303   0.229  -0.002   0.381
 91 312 12 56 30  -0.294   0.226   0.048   0.374
 91 312 12 57 30  -0.293   0.239  -0.019   0.381
 91 312 12 58 30  -0.301   0.225  -0.040   0.379
 91 312 12 59 30  -0.293   0.238  -0.052   0.381
 91 312 13 00 30  -0.305   0.213  -0.038   0.377
 91 312 13 01 30  -0.321   0.207  -0.023   0.383
 91 312 13 02 30  -0.306   0.216  -0.039   0.378
 91 312 13 03 30  -0.305   0.221  -0.024   0.378
 91 312 13 04 30  -0.299   0.231  -0.033   0.379
 91 312 13 05 30  -0.317   0.209  -0.027   0.381
 91 312 13 06 30  -0.313   0.219  -0.018   0.383
 91 312 13 07 30  -0.313   0.234  -0.006   0.391
 91 312 13 08 30  -0.300   0.249  -0.019   0.391
 91 312 13 09 30  -0.303   0.244  -0.017   0.390
 91 312 13 10 30  -0.300   0.237  -0.006   0.382
 91 312 13 11 30  -0.298   0.243  -0.005   0.385
 91 312 13 12 30  -0.300   0.241  -0.007   0.385
 91 312 13 13 30  -0.314   0.222   0.000   0.385
 91 312 13 16 30  -0.307   0.226  -0.004   0.382
 91 312 13 17 30  -0.297   0.242  -0.012   0.384
 91 312 13 18 30  -0.299   0.235  -0.033   0.382
 91 312 13 19 30  -0.308   0.228  -0.035   0.385
 91 312 13 20 30  -0.322   0.212  -0.019   0.386
 91 312 13 21 30  -0.323   0.213  -0.013   0.388
 91 312 13 22 30  -0.323   0.214  -0.011   0.388
 91 312 13 23 30  -0.317   0.218  -0.020   0.386
 91 312 13 24 30  -0.308   0.229  -0.028   0.385
 91 312 13 25 30  -0.298   0.242  -0.020   0.385
 91 312 13 26 30  -0.328   0.194  -0.017   0.382
 91 312 13 27 30  -0.336   0.185  -0.012   0.384
 91 312 13 28 30  -0.340   0.180  -0.013   0.385
 91 312 13 29 30  -0.346   0.177  -0.007   0.389
 91 312 13 30 30  -0.346   0.194  -0.005   0.397
 91 312 13 31 30  -0.340   0.202  -0.035   0.397
 91 312 13 32 30  -0.333   0.202  -0.021   0.390
 91 312 13 33 30  -0.335   0.204  -0.023   0.394
 91 312 13 34 30  -0.333   0.204  -0.018   0.391
 91 312 13 35 30  -0.335   0.197  -0.031   0.390
 91 312 13 36 30  -0.332   0.196  -0.046   0.388
 91 312 13 37 30  -0.329   0.185  -0.074   0.384
 91 312 13 38 30  -0.291   0.238  -0.055   0.383
 91 312 13 39 30  -0.289   0.248  -0.049   0.385
 91 312 13 40 30  -0.281   0.253  -0.050   0.382
 91 312 13 41 30  -0.274   0.251  -0.071   0.379
 91 312 13 42 30  -0.278   0.238  -0.053   0.370
 91 312 13 43 30  -0.278   0.243  -0.041   0.371
 91 312 13 44 30  -0.286   0.240  -0.042   0.376
 91 312 13 45 30  -0.283   0.244  -0.044   0.376
 91 312 13 46 30  -0.275   0.252  -0.049   0.377
 91 312 13 47 30  -0.280   0.243  -0.049   0.375
 91 312 13 48 30  -0.277   0.248  -0.041   0.375
 91 312 13 49 30  -0.279   0.253  -0.021   0.377
 91 312 13 50 30  -0.291   0.241  -0.056   0.383
 91 312 13 51 30  -0.265   0.255  -0.078   0.378
 91 312 13 52 30  -0.272   0.265  -0.058   0.385
 91 312 13 53 30  -0.289   0.249  -0.024   0.383
 91 312 13 54 30  -0.298   0.246  -0.011   0.387
 91 312 13 55 30  -0.274   0.270  -0.056   0.389
 91 312 13 56 30  -0.241   0.283  -0.098   0.386
 91 312 13 57 30  -0.273   0.256  -0.010   0.378
 91 312 13 58 30  -0.254   0.277  -0.030   0.379
 91 312 13 59 30  -0.234   0.280  -0.073   0.373
 91 312 14 00 30  -0.219   0.276  -0.102   0.373
 91 312 14 01 30  -0.264   0.261   0.052   0.376
 91 312 14 02 30  -0.233   0.286   0.007   0.372
 91 312 14 03 30  -0.201   0.311  -0.033   0.373
 91 312 14 04 30  -0.181   0.326  -0.015   0.374
 91 312 14 05 30  -0.168   0.335  -0.004   0.376
 91 312 14 06 30  -0.146   0.341  -0.055   0.376
 91 312 14 07 30  -0.197   0.305  -0.090   0.379
 91 312 14 08 30  -0.212   0.302  -0.079   0.380
 91 312 14 09 30  -0.190   0.321  -0.086   0.385
 91 312 14 10 30  -0.102   0.319  -0.148   0.380
 91 312 14 11 30  -0.130   0.329  -0.055   0.369
 91 312 14 12 30  -0.235   0.289  -0.018   0.376
 91 312 14 13 30  -0.213   0.303   0.013   0.377
 91 312 14 14 30  -0.128   0.345   0.044   0.371
 91 312 14 15 30  -0.031   0.354   0.097   0.370
 91 312 14 16 30  -0.006   0.337   0.142   0.368
 91 312 14 17 30  -0.003   0.345   0.149   0.378
 91 312 14 18 30  -0.088   0.357   0.102   0.383
 91 312 14 19 30  -0.061   0.358   0.104   0.379
 91 312 14 20 30  -0.066   0.353   0.100   0.373
 91 312 14 21 30  -0.078   0.345   0.115   0.373
 91 312 14 22 30  -0.078   0.347   0.110   0.373
 91 312 14 23 30  -0.075   0.347   0.115   0.374
 91 312 14 24 30  -0.078   0.338   0.122   0.371
 91 312 14 25 30  -0.029   0.334   0.158   0.372
 91 312 14 26 30  -0.040   0.362   0.075   0.372
 91 312 14 27 30  -0.071   0.349   0.107   0.372
 91 312 14 28 30  -0.101   0.350   0.078   0.373
 91 312 14 29 30  -0.115   0.332   0.115   0.370
 91 312 14 30 30  -0.092   0.338   0.122   0.371
 91 312 14 31 30  -0.010   0.328   0.169   0.370
 91 312 14 32 30  -0.107   0.334   0.122   0.372
 91 312 14 33 30  -0.095   0.335   0.127   0.372
 91 312 14 34 30  -0.126   0.337   0.101   0.374
 91 312 14 35 30  -0.125   0.336   0.087   0.369
 91 312 14 36 30  -0.139   0.334   0.086   0.372
 91 312 14 37 30  -0.135   0.332   0.093   0.370
 91 312 14 38 30  -0.137   0.331   0.088   0.369
 91 312 14 39 30  -0.143   0.331   0.082   0.370
 91 312 14 40 30  -0.143   0.336   0.071   0.373
 91 312 14 41 30  -0.157   0.333   0.057   0.373
 91 312 14 42 30  -0.185   0.320  -0.033   0.372
 91 312 14 43 30  -0.201   0.311  -0.035   0.373
 91 312 14 44 30  -0.260   0.264  -0.010   0.372
 91 312 14 45 30  -0.267   0.256   0.003   0.371
 91 312 14 46 30  -0.260   0.260  -0.004   0.369
 91 312 14 47 30  -0.253   0.272   0.018   0.372
 91 312 14 48 30  -0.244   0.277   0.052   0.375
 91 312 14 49 30  -0.209   0.297   0.093   0.376
 91 312 14 50 30  -0.211   0.297   0.087   0.375
 91 312 14 51 30  -0.270   0.232   0.117   0.380
 91 312 14 52 30  -0.305   0.227   0.044   0.384
 91 312 14 53 30  -0.260   0.270   0.034   0.379
 91 312 14 54 30  -0.172   0.327   0.085   0.381
 91 312 14 55 30  -0.101   0.358   0.037   0.375
 91 312 14 56 30  -0.065   0.367   0.048   0.377
 91 312 14 57 30  -0.090   0.359   0.035   0.372
 91 312 14 58 30  -0.108   0.346   0.055   0.368
 91 312 14 59 30  -0.107   0.349   0.042   0.368
 91 312 15 00 30  -0.110   0.346   0.033   0.368
 91 312 15 01 30  -0.106   0.317   0.088   0.367
 91 312 15 02 30  -0.176   0.324   0.099   0.383
 91 312 15 03 30  -0.246   0.276   0.080   0.380
 91 312 15 04 30  -0.277   0.248   0.087   0.383
 91 312 15 05 30  -0.278   0.256   0.067   0.384
 91 312 15 06 30  -0.302   0.236   0.026   0.384
 91 312 15 07 30  -0.293   0.238   0.030   0.379
 91 312 15 08 30  -0.292   0.241   0.036   0.381
 91 312 15 09 30  -0.308   0.218   0.021   0.378
 91 312 15 10 30  -0.305   0.221   0.027   0.379
 91 312 15 11 30  -0.292   0.220  -0.033   0.372
 91 312 15 12 30  -0.190   0.313   0.080   0.378
 91 312 15 13 30  -0.235   0.302  -0.012   0.384
 91 312 15 14 30  -0.135   0.342  -0.066   0.379
 91 312 15 15 30  -0.153   0.335   0.046   0.373
 91 312 15 16 30  -0.187   0.314   0.080   0.375
 91 312 15 17 30  -0.211   0.299   0.081   0.376
 91 312 15 18 30  -0.190   0.308   0.095   0.375
 91 312 15 19 30  -0.206   0.283   0.128   0.375
 91 312 15 20 30  -0.215   0.291   0.094   0.375
 91 312 15 21 30  -0.262   0.270   0.049   0.382
 91 312 15 22 30  -0.275   0.249   0.091   0.383
 91 312 15 23 30  -0.286   0.236   0.107   0.386
 91 312 15 24 30  -0.280   0.221   0.136   0.382
 91 312 15 25 30  -0.249   0.249   0.141   0.382
 91 312 15 26 30  -0.188   0.305   0.100   0.376
 91 312 15 27 30  -0.221   0.283   0.082   0.375
 91 312 15 28 30  -0.220   0.291   0.038   0.369
 91 312 15 29 30  -0.167   0.305   0.125   0.370
 91 312 15 30 30  -0.175   0.298   0.142   0.374
 91 312 15 31 30  -0.181   0.280   0.172   0.376
 91 312 15 32 30  -0.211   0.266   0.164   0.377
 91 312 15 33 30  -0.206   0.270   0.155   0.374
 91 312 15 34 30  -0.191   0.272   0.171   0.374
 91 312 15 35 30  -0.155   0.288   0.176   0.372
 91 312 15 36 30  -0.178   0.281   0.164   0.371
 91 312 15 37 30  -0.206   0.261   0.155   0.368
 91 312 15 38 30  -0.212   0.267   0.144   0.371
 91 312 15 39 30  -0.212   0.272   0.134   0.370
 91 312 15 40 30  -0.225   0.256   0.162   0.378
 91 312 15 41 30  -0.237   0.240   0.181   0.383
 91 312 15 42 30  -0.227   0.270   0.141   0.381
 91 312 15 43 30  -0.217   0.262   0.165   0.379
 91 312 15 44 30  -0.218   0.262   0.161   0.378
 91 312 15 45 30  -0.207   0.259   0.174   0.375
 91 312 15 46 30  -0.237   0.268   0.139   0.385
 91 312 15 47 30  -0.246   0.268   0.135   0.389
 91 312 15 48 30  -0.239   0.246   0.169   0.384
 91 312 15 49 30  -0.219   0.212   0.232   0.384
 91 312 15 50 30  -0.191   0.194   0.266   0.381
 91 312 15 51 30  -0.203   0.196   0.259   0.383
 91 312 15 52 30  -0.223   0.205   0.232   0.383
 91 312 15 53 30  -0.245   0.218   0.206   0.388
 91 312 15 54 30  -0.241   0.210   0.218   0.387
 91 312 15 55 30  -0.253   0.216   0.192   0.384
 91 312 15 56 30  -0.243   0.212   0.209   0.385
 91 312 15 57 30  -0.252   0.202   0.212   0.386
 91 312 15 58 30  -0.242   0.206   0.216   0.385
 91 312 15 59 30  -0.235   0.209   0.217   0.382
 91 312 16 00 30  -0.230   0.209   0.223   0.383
 91 312 16 01 30  -0.231   0.200   0.231   0.383
 91 312 16 02 30  -0.260   0.239   0.117   0.374
 91 312 16 03 30  -0.263   0.241   0.103   0.372
 91 312 16 04 30  -0.261   0.229   0.144   0.376
 91 312 16 05 30  -0.261   0.224   0.149   0.375
 91 312 16 06 30  -0.260   0.226   0.147   0.375
 91 312 16 07 30  -0.270   0.209   0.162   0.378
 91 312 16 08 30  -0.266   0.199   0.177   0.377
 91 312 16 09 30  -0.257   0.211   0.178   0.377
 91 312 16 10 30  -0.261   0.204   0.180   0.377
 91 312 16 11 30  -0.247   0.184   0.214   0.376
 91 312 16 12 30  -0.229   0.185   0.234   0.377
 91 312 16 13 30  -0.218   0.190   0.248   0.381
 91 312 16 14 30  -0.230   0.198   0.224   0.378
 91 312 16 15 30  -0.223   0.206   0.194   0.361
 91 312 16 16 30  -0.230   0.189   0.198   0.358
 91 312 16 17 30  -0.224   0.194   0.186   0.353
 91 312 16 18 30  -0.174   0.265   0.118   0.341
 91 312 16 19 30  -0.235   0.185   0.168   0.343
 91 312 16 20 30  -0.232   0.188   0.178   0.349
 91 312 16 21 30  -0.216   0.216   0.163   0.347
 91 312 16 22 30  -0.218   0.183   0.200   0.348
 91 312 16 23 30  -0.214   0.218   0.167   0.349
 91 312 16 24 30  -0.219   0.220   0.154   0.348
 91 312 16 25 30  -0.219   0.241   0.099   0.347
 91 312 16 26 30  -0.166   0.281  -0.066   0.335
 91 312 16 27 30  -0.140   0.255  -0.139   0.327
 91 312 16 28 30  -0.092   0.249  -0.193   0.329
 91 312 16 29 30  -0.078   0.249  -0.198   0.328
 91 312 16 30 30  -0.125   0.228  -0.191   0.324
 91 312 16 31 30  -0.119   0.220  -0.195   0.319
 91 312 16 32 30  -0.163   0.193  -0.146   0.293
 91 312 16 33 30  -0.128   0.201  -0.155   0.284
 91 312 16 34 30  -0.133   0.198  -0.155   0.285
 91 312 16 35 30  -0.146   0.213  -0.121   0.286
 91 312 16 36 30  -0.157   0.205  -0.138   0.293
 91 312 16 37 30  -0.162   0.206  -0.146   0.300
 91 312 16 38 30  -0.164   0.201  -0.156   0.303
 91 312 16 39 30  -0.155   0.202  -0.168   0.305
 91 312 16 40 30  -0.154   0.202  -0.178   0.311
 91 312 16 41 30  -0.155   0.194  -0.184   0.309
 91 312 16 42 30  -0.165   0.189  -0.178   0.308
 91 312 16 43 30  -0.176   0.174  -0.177   0.305
 91 312 16 44 30  -0.186   0.179  -0.173   0.311
 91 312 16 45 30  -0.188   0.180  -0.153   0.303
 91 312 16 46 30  -0.187   0.183  -0.152   0.303
 91 312 16 47 30  -0.212   0.190  -0.134   0.316
 91 312 16 48 30  -0.198   0.185  -0.172   0.321
 91 312 16 49 30  -0.206   0.148  -0.203   0.326
 91 312 16 50 30  -0.212   0.108  -0.221   0.325
 91 312 16 51 30  -0.201   0.177  -0.196   0.332
 91 312 16 52 30  -0.204   0.137  -0.208   0.325
 91 312 16 53 30  -0.200   0.164  -0.221   0.341
 91 312 16 54 30  -0.212   0.155  -0.221   0.343
 91 312 16 55 30  -0.217   0.153  -0.220   0.345
 91 312 16 56 30  -0.211   0.152  -0.230   0.347
 91 312 16 57 30  -0.214   0.145  -0.235   0.349
 91 312 16 58 30  -0.210   0.155  -0.232   0.349
 91 312 16 59 30  -0.224   0.161  -0.223   0.355
 91 312 17 00 30  -0.198   0.206  -0.136   0.357
 91 312 17 01 30  -0.106   0.353   0.100   0.382
 91 312 17 02 30  -0.082   0.347   0.132   0.381
 91 312 17 03 30  -0.082   0.344   0.134   0.379
 91 312 17 04 30  -0.077   0.338   0.142   0.375
 91 312 17 05 30  -0.106   0.341   0.099   0.372
 91 312 17 06 30  -0.089   0.341   0.114   0.371
 91 312 17 07 30  -0.108   0.320   0.088   0.350
 91 312 17 08 30  -0.061   0.318   0.130   0.350
 91 312 17 09 30  -0.047   0.308   0.153   0.348
 91 312 17 10 30  -0.097   0.288   0.152   0.340
 91 312 17 11 30  -0.066   0.287   0.162   0.336
 91 312 17 12 30  -0.047   0.290   0.149   0.331
 91 312 17 13 30   0.009   0.294   0.153   0.332
 91 312 17 14 30   0.033   0.301   0.148   0.337
 91 312 17 15 30   0.025   0.313   0.123   0.338
 91 312 17 16 30   0.012   0.311   0.100   0.330
 91 312 17 17 30   0.025   0.302   0.115   0.325
 91 312 17 18 30   0.041   0.305   0.092   0.322
 91 312 17 19 30   0.032   0.299   0.088   0.315
 91 312 17 20 30  -0.017   0.316   0.040   0.320
 91 312 17 21 30  -0.054   0.309   0.032   0.316
 91 312 17 22 30  -0.033   0.309   0.039   0.314
 91 312 17 23 30  -0.015   0.316   0.046   0.320
 91 312 17 24 30  -0.057   0.311   0.036   0.318
 91 312 17 25 30  -0.088   0.300   0.029   0.314
 91 312 17 26 30  -0.078   0.298   0.041   0.311
 91 312 17 27 30  -0.077   0.289   0.048   0.303
 91 312 17 28 30  -0.070   0.301   0.040   0.312
 91 312 17 29 30  -0.088   0.287   0.049   0.305
 91 312 17 30 30  -0.108   0.270   0.063   0.300
 91 312 17 31 30  -0.122   0.269   0.055   0.302
 91 312 17 32 30  -0.103   0.274   0.034   0.301
 91 312 17 33 30  -0.138   0.247   0.013   0.286
 91 312 17 34 30  -0.118   0.243   0.045   0.278
 91 312 17 35 30  -0.135   0.195   0.153   0.283
 91 312 17 36 30  -0.127   0.196   0.165   0.287
 91 312 17 37 30  -0.119   0.207   0.181   0.300
 91 312 17 38 30  -0.102   0.209   0.174   0.294
 91 312 17 39 30  -0.091   0.183   0.191   0.281
 91 312 17 40 30  -0.083   0.153   0.222   0.283
 91 312 17 41 30  -0.064   0.132   0.241   0.284
 91 312 17 42 30  -0.116   0.223   0.121   0.284
 91 312 17 43 30  -0.141   0.222   0.084   0.278
 91 312 17 44 30  -0.114   0.244   0.072   0.280
 91 312 17 45 30  -0.118   0.250   0.042   0.280
 91 312 17 46 30  -0.127   0.260  -0.008   0.291
 91 312 17 47 30  -0.131   0.258  -0.032   0.291
 91 312 17 48 30  -0.138   0.246  -0.034   0.284
 91 312 17 49 30  -0.132   0.227  -0.049   0.268
 91 312 17 50 30  -0.118   0.231  -0.063   0.268
 91 312 17 51 30  -0.116   0.231  -0.061   0.266
 91 312 17 52 30  -0.123   0.220  -0.042   0.256
 91 312 17 53 30  -0.141   0.227  -0.016   0.269
 91 312 17 54 30  -0.148   0.232  -0.028   0.277
 91 312 17 55 30  -0.158   0.224  -0.017   0.275
 91 312 17 56 30  -0.172   0.226  -0.025   0.286
 91 312 17 57 30  -0.157   0.226  -0.050   0.279
 91 312 17 58 30  -0.146   0.220  -0.064   0.272
 91 312 17 59 30  -0.156   0.210  -0.059   0.269
 91 312 18 00 30  -0.170   0.209  -0.066   0.278
 91 312 18 01 30  -0.183   0.215  -0.057   0.288
 91 312 18 02 30  -0.197   0.209  -0.051   0.293
 91 312 18 03 30  -0.211   0.202  -0.021   0.293
 91 312 18 04 30  -0.206   0.214  -0.030   0.299
 91 312 18 05 30  -0.198   0.220  -0.031   0.297
 91 312 18 06 30  -0.203   0.210  -0.023   0.294
 91 312 18 07 30  -0.217   0.193  -0.036   0.293
 91 312 18 08 30  -0.212   0.200  -0.043   0.295
 91 312 18 09 30  -0.200   0.215  -0.021   0.294
 91 312 18 10 30  -0.197   0.221  -0.036   0.299
 91 312 18 11 30  -0.226   0.194  -0.042   0.302
 91 312 18 12 30  -0.224   0.188  -0.066   0.301
 91 312 18 13 30  -0.213   0.197  -0.081   0.302
 91 312 18 14 30  -0.229   0.173  -0.073   0.298
 91 312 18 15 30  -0.229   0.168  -0.079   0.297
 91 312 18 16 30  -0.215   0.189  -0.088   0.300
 91 312 18 17 30  -0.193   0.198  -0.085   0.291
 91 312 18 18 30  -0.160   0.233  -0.066   0.291
 91 312 18 19 30  -0.166   0.230  -0.060   0.290
 91 312 18 20 30  -0.166   0.230  -0.061   0.290
 91 312 18 21 30  -0.172   0.227  -0.060   0.291
 91 312 18 22 30  -0.182   0.225  -0.051   0.294
 91 312 18 23 30  -0.197   0.214  -0.046   0.294
 91 312 18 24 30  -0.187   0.205  -0.094   0.294
 91 312 18 25 30  -0.146   0.205  -0.148   0.296
 91 312 18 26 30  -0.135   0.213  -0.123   0.285
 91 312 18 27 30  -0.120   0.208  -0.137   0.279
 91 312 18 28 30  -0.110   0.241  -0.079   0.280
 91 312 18 29 30  -0.101   0.217  -0.154   0.288
 91 312 18 30 30  -0.095   0.201  -0.159   0.275
 91 312 18 31 30  -0.107   0.201  -0.150   0.273
 91 312 18 32 30  -0.096   0.216  -0.162   0.288
 91 312 18 33 30  -0.081   0.228  -0.186   0.306
 91 312 18 34 30  -0.082   0.221  -0.182   0.298
 91 312 18 35 30  -0.103   0.239  -0.159   0.306
 91 312 18 36 30  -0.103   0.244  -0.156   0.308
 91 312 18 37 30  -0.129   0.240  -0.145   0.309
 91 312 18 38 30  -0.124   0.242  -0.133   0.303
 91 312 18 39 30  -0.115   0.224  -0.128   0.283
 91 312 18 40 30  -0.110   0.205  -0.116   0.261
 91 312 18 41 30  -0.115   0.200  -0.113   0.257
 91 312 18 42 30  -0.116   0.202  -0.116   0.260
 91 312 18 43 30  -0.117   0.212  -0.110   0.266
 91 312 18 44 30  -0.146   0.219  -0.126   0.294
 91 312 18 45 30  -0.165   0.212  -0.142   0.305
 91 312 18 46 30  -0.148   0.233  -0.142   0.310
 91 312 18 47 30  -0.148   0.231  -0.145   0.311
 91 312 18 48 30  -0.158   0.229  -0.129   0.307
 91 312 18 49 30  -0.126   0.208  -0.139   0.281
 91 312 18 50 30  -0.153   0.210  -0.114   0.285
 91 312 18 51 30  -0.175   0.220  -0.099   0.299
 91 312 18 52 30  -0.182   0.214  -0.091   0.295
 91 312 18 53 30  -0.195   0.208  -0.091   0.299
 91 312 18 54 30  -0.187   0.216  -0.080   0.297
 91 312 18 55 30  -0.181   0.214  -0.083   0.293
 91 312 18 56 30  -0.176   0.217  -0.079   0.291
 91 312 18 57 30  -0.181   0.216  -0.093   0.297
 91 312 18 58 30  -0.183   0.203  -0.109   0.295
 91 312 18 59 30  -0.175   0.211  -0.104   0.294
 91 312 19 00 30  -0.169   0.202  -0.147   0.302
 91 312 19 02 30  -0.164   0.224  -0.126   0.305
 91 312 19 03 30  -0.165   0.232  -0.127   0.312
 91 312 19 04 30  -0.195   0.237  -0.096   0.322
 91 312 19 05 30  -0.186   0.239  -0.103   0.320
 91 312 19 06 30  -0.145   0.249  -0.105   0.307
 91 312 19 07 30  -0.170   0.240  -0.105   0.313
 91 312 19 08 30  -0.168   0.233  -0.107   0.307
 91 312 19 09 30  -0.178   0.218  -0.084   0.295
 91 312 19 10 30  -0.183   0.220  -0.083   0.298
 91 312 19 11 30  -0.200   0.212  -0.105   0.311
 91 312 19 12 30  -0.184   0.236  -0.081   0.311
 91 312 19 13 30  -0.197   0.228  -0.096   0.317
 91 312 19 14 30  -0.184   0.239  -0.094   0.317
 91 312 19 15 30  -0.199   0.233  -0.085   0.318
 91 312 19 16 30  -0.221   0.214  -0.080   0.318
 91 312 19 17 30  -0.216   0.225  -0.073   0.320
 91 312 19 18 30  -0.228   0.210  -0.073   0.319
 91 312 19 19 30  -0.225   0.219  -0.070   0.322
 91 312 19 20 30  -0.209   0.228  -0.068   0.317
 91 312 19 21 30  -0.201   0.224  -0.087   0.313
 91 312 19 22 30  -0.180   0.227  -0.098   0.307
 91 312 19 23 30  -0.205   0.210  -0.087   0.306
 91 312 19 24 30  -0.213   0.203  -0.071   0.303
 91 312 19 25 30  -0.225   0.196  -0.054   0.303
 91 312 19 26 30  -0.220   0.195  -0.060   0.301
 91 312 19 27 30  -0.229   0.185  -0.075   0.305
 91 312 19 28 30  -0.218   0.211  -0.059   0.310
 91 312 19 29 30  -0.228   0.199  -0.058   0.309
 91 312 19 30 30  -0.228   0.192  -0.053   0.303
 91 312 19 31 30  -0.231   0.191  -0.055   0.305
 91 312 19 32 30  -0.235   0.194  -0.053   0.309
 91 312 19 33 30  -0.223   0.188  -0.054   0.297
 91 312 19 34 30  -0.221   0.187  -0.051   0.295
 91 312 19 35 30  -0.236   0.185  -0.043   0.303
 91 312 19 36 30  -0.251   0.170  -0.031   0.305
 91 312 19 37 30  -0.247   0.174  -0.031   0.304
 91 312 19 38 30  -0.240   0.148  -0.016   0.283
 91 312 19 39 30  -0.223   0.132  -0.016   0.259
 91 312 19 40 30  -0.229   0.137  -0.026   0.268
 91 312 19 41 30  -0.244   0.161  -0.019   0.294
 91 312 19 42 30  -0.251   0.154  -0.024   0.296
 91 312 19 43 30  -0.225   0.124  -0.001   0.258
 91 312 19 44 30  -0.233   0.126  -0.001   0.265
 91 312 19 45 30  -0.238   0.120  -0.008   0.267
 91 312 19 46 30  -0.238   0.106  -0.011   0.261
 91 312 19 47 30  -0.261   0.110  -0.009   0.284
 91 312 19 48 30  -0.250   0.105  -0.006   0.272
 91 312 19 49 30  -0.241   0.098  -0.004   0.261
 91 312 19 50 30  -0.228   0.100   0.002   0.249
 91 312 19 51 30  -0.254   0.111  -0.006   0.278
 91 312 19 52 30  -0.275   0.112  -0.022   0.298
 91 312 19 53 30  -0.249   0.109   0.014   0.274
 91 312 19 54 30  -0.276   0.071   0.004   0.285
 91 312 19 55 30  -0.284   0.059  -0.015   0.291
 91 312 19 56 30  -0.281   0.104  -0.013   0.301
 91 312 19 57 30  -0.276   0.111  -0.003   0.298
 91 312 19 58 30  -0.284   0.100   0.000   0.302
 91 312 19 59 30  -0.287   0.096  -0.003   0.304
 91 312 20 00 30  -0.279   0.108  -0.029   0.301
 91 312 20 01 30  -0.282   0.130  -0.014   0.311
 91 312 20 02 30  -0.274   0.131  -0.035   0.306
 91 312 20 03 30  -0.275   0.120  -0.031   0.302
 91 312 20 04 30  -0.266   0.130  -0.045   0.300
 91 312 20 05 30  -0.224   0.177  -0.056   0.292
 91 312 20 06 30  -0.242   0.150  -0.039   0.288
 91 312 20 07 30  -0.253   0.152  -0.017   0.297
 91 312 20 08 30  -0.258   0.127  -0.019   0.289
 91 312 20 09 30  -0.258   0.132  -0.022   0.291
 91 312 20 10 30  -0.275   0.122  -0.013   0.301
 91 312 20 11 30  -0.277   0.114  -0.008   0.300
 91 312 20 12 30  -0.273   0.124  -0.006   0.300
 91 312 20 13 30  -0.274   0.116  -0.005   0.298
 91 312 20 14 30  -0.272   0.116   0.001   0.296
 91 312 20 15 30  -0.268   0.117   0.013   0.293
 91 312 20 16 30  -0.257   0.119   0.004   0.284
 91 312 20 17 30  -0.233   0.111   0.007   0.258
 91 312 20 18 30  -0.243   0.127   0.001   0.275
 91 312 20 19 30  -0.284   0.225  -0.046   0.365
 91 312 20 20 30  -0.269   0.243  -0.068   0.369
 91 312 20 21 30  -0.277   0.242  -0.057   0.373
 91 312 20 22 30  -0.275   0.243  -0.053   0.371
 91 312 20 23 30  -0.273   0.251  -0.045   0.374
 91 312 20 24 30  -0.272   0.254  -0.054   0.376
 91 312 20 25 30  -0.282   0.238  -0.043   0.373
 91 312 20 26 30  -0.286   0.227  -0.021   0.366
 91 312 20 27 30  -0.283   0.236  -0.021   0.370
 91 312 20 28 30  -0.282   0.243  -0.028   0.373
 91 312 20 29 30  -0.286   0.232  -0.045   0.371
 91 312 20 30 30  -0.280   0.241  -0.037   0.372
 91 312 20 31 30  -0.275   0.246  -0.042   0.372
 91 312 20 32 30  -0.286   0.242  -0.043   0.378
 91 312 20 33 30  -0.294   0.238  -0.039   0.380
 91 312 20 34 30  -0.292   0.248  -0.031   0.385
 91 312 20 35 30  -0.278   0.262  -0.049   0.385
 91 312 20 36 30  -0.273   0.262  -0.068   0.385
 91 312 20 37 30  -0.279   0.260  -0.055   0.386
 91 312 20 38 30  -0.280   0.265  -0.026   0.386
 91 312 20 39 30  -0.274   0.268  -0.059   0.388
 91 312 20 40 30  -0.284   0.255  -0.055   0.386
 91 312 20 41 30  -0.294   0.241  -0.040   0.383
 91 312 20 42 30  -0.292   0.239  -0.035   0.379
 91 312 20 43 30  -0.294   0.241  -0.040   0.382
 91 312 20 44 30  -0.302   0.232  -0.043   0.383
 91 312 20 45 30  -0.304   0.230  -0.025   0.382
 91 312 20 46 30  -0.293   0.237  -0.027   0.378
 91 312 20 47 30  -0.293   0.223  -0.045   0.371
 91 312 20 48 30  -0.295   0.224  -0.040   0.373
 91 312 20 49 30  -0.292   0.229  -0.048   0.375
 91 312 20 50 30  -0.292   0.236  -0.055   0.379
 91 312 20 51 30  -0.279   0.237  -0.069   0.372
 91 312 20 52 30  -0.269   0.239  -0.105   0.375
 91 312 20 53 30  -0.272   0.246  -0.090   0.378
 91 312 20 54 30  -0.284   0.232  -0.083   0.376
 91 312 20 55 30  -0.285   0.218  -0.091   0.370
 91 312 20 56 30  -0.285   0.233  -0.096   0.381
 91 312 20 57 30  -0.290   0.237  -0.090   0.385
 91 312 20 58 30  -0.295   0.237  -0.087   0.389
 91 312 20 59 30  -0.286   0.245  -0.076   0.384
 91 312 21 00 30  -0.303   0.217  -0.083   0.383
 91 312 21 01 30  -0.310   0.212  -0.078   0.383
 91 312 21 02 30  -0.317   0.212  -0.070   0.388
 91 312 21 03 30  -0.321   0.209  -0.064   0.389
 91 312 21 04 30  -0.315   0.224  -0.045   0.390
 91 312 21 05 30  -0.323   0.217  -0.022   0.390
 91 312 21 06 30  -0.317   0.224  -0.019   0.389
 91 312 21 07 30  -0.323   0.216  -0.007   0.389
 91 312 21 08 30  -0.321   0.223   0.002   0.391
 91 312 21 09 30  -0.324   0.224   0.019   0.395
 91 312 21 10 30  -0.329   0.218   0.012   0.395
 91 312 21 11 30  -0.330   0.216   0.002   0.394
 91 312 21 12 30  -0.329   0.219   0.005   0.396
 91 312 21 13 30  -0.322   0.217   0.005   0.388
 91 312 21 14 30  -0.322   0.205   0.035   0.384
 91 312 21 15 30  -0.312   0.213   0.042   0.380
 91 312 21 16 30  -0.316   0.207   0.026   0.379
 91 312 21 17 30  -0.312   0.213   0.022   0.378
 91 312 21 18 30  -0.315   0.215   0.026   0.383
 91 312 21 19 30  -0.308   0.219   0.038   0.381
 91 312 21 20 30  -0.319   0.203   0.035   0.380
 91 312 21 21 30  -0.334   0.194   0.025   0.388
 91 312 21 22 30  -0.337   0.189   0.023   0.387
 91 312 21 23 30  -0.328   0.202   0.037   0.387
 91 312 21 24 30  -0.330   0.212   0.032   0.394
 91 312 21 25 30  -0.319   0.226   0.002   0.392
 91 312 21 26 30  -0.313   0.232   0.000   0.390
 91 312 21 27 30  -0.310   0.235   0.011   0.389
 91 312 21 28 30  -0.298   0.246   0.020   0.388
 91 312 21 29 30  -0.326   0.211   0.023   0.389
 91 312 21 30 30  -0.299   0.247   0.034   0.390
 91 312 21 31 30  -0.303   0.244   0.029   0.391
 91 312 21 32 30  -0.301   0.239   0.028   0.385
 91 312 21 33 30  -0.320   0.208   0.030   0.383
 91 312 21 34 30  -0.345   0.165   0.031   0.385
 91 312 21 35 30  -0.353   0.158   0.041   0.389
 91 312 21 36 30  -0.359   0.123   0.057   0.384
 91 312 21 37 30  -0.345   0.169   0.039   0.387
 91 312 21 38 30  -0.322   0.217   0.016   0.388
 91 312 21 39 30  -0.322   0.210   0.018   0.385
 91 312 21 40 30  -0.326   0.216   0.022   0.392
 91 312 21 41 30  -0.329   0.217   0.026   0.395
 91 312 21 42 30  -0.323   0.221   0.022   0.392
 91 312 21 43 30  -0.318   0.220   0.027   0.388
 91 312 21 44 30  -0.321   0.214   0.024   0.387
 91 312 21 45 30  -0.329   0.211   0.037   0.393
 91 312 21 46 30  -0.332   0.206   0.031   0.392
 91 312 21 47 30  -0.325   0.220   0.033   0.394
 91 312 21 48 30  -0.326   0.214   0.031   0.392
 91 312 21 49 30  -0.321   0.221   0.029   0.391
 91 312 21 50 30  -0.316   0.221   0.015   0.386
 91 312 21 51 30  -0.307   0.240   0.013   0.390
 91 312 21 52 30  -0.305   0.250   0.009   0.395
 91 312 21 53 30  -0.300   0.253  -0.021   0.393
 91 312 21 54 30  -0.279   0.273  -0.021   0.393
 91 312 21 55 30  -0.284   0.260  -0.038   0.388
 91 312 21 56 30  -0.260   0.280  -0.052   0.389
 91 312 21 57 30  -0.255   0.261  -0.085   0.376
 91 312 21 58 30  -0.217   0.253  -0.211   0.397
 91 312 21 59 30  -0.201   0.243  -0.257   0.407
 91 312 22 00 30  -0.199   0.247  -0.253   0.406
 91 312 22 01 30  -0.198   0.244  -0.263   0.410
 91 312 22 02 30  -0.206   0.244  -0.249   0.406
 91 312 22 03 30  -0.209   0.232  -0.265   0.410
 91 312 22 04 30  -0.151   0.274  -0.258   0.406
 91 312 22 05 30  -0.145   0.266  -0.277   0.411
 91 312 22 06 30  -0.173   0.259  -0.275   0.415
 91 312 22 07 30  -0.182   0.246  -0.272   0.410
 91 312 22 08 30  -0.198   0.242  -0.268   0.413
 91 312 22 09 30  -0.254   0.275  -0.185   0.419
 91 312 22 10 30  -0.272   0.287  -0.149   0.423
 91 312 22 11 30  -0.257   0.294  -0.164   0.425
 91 312 22 12 30  -0.253   0.309  -0.136   0.422
 91 312 22 13 30  -0.258   0.301  -0.149   0.424
 91 312 22 14 30  -0.249   0.303  -0.175   0.431
 91 312 22 15 30  -0.239   0.303  -0.192   0.432
 91 312 22 16 30  -0.234   0.309  -0.192   0.433
 91 312 22 17 30  -0.231   0.309  -0.195   0.433
 91 312 22 18 30  -0.242   0.297  -0.199   0.432
 91 312 22 19 30  -0.246   0.296  -0.202   0.434
 91 312 22 20 30  -0.224   0.291  -0.229   0.434
 91 312 22 21 30  -0.237   0.279  -0.234   0.435
 91 312 22 22 30  -0.222   0.262  -0.255   0.428
 91 312 22 23 30  -0.232   0.261  -0.255   0.433
 91 312 22 24 30  -0.221   0.250  -0.279   0.436
 91 312 22 25 30  -0.257   0.321  -0.069   0.419
 91 312 22 26 30  -0.266   0.325  -0.065   0.425
 91 312 22 27 30  -0.266   0.321  -0.078   0.425
 91 312 22 28 30  -0.264   0.321  -0.090   0.426
 91 312 22 29 30  -0.252   0.336  -0.070   0.426
 91 312 22 30 30  -0.270   0.316  -0.094   0.427
 91 312 22 31 30  -0.269   0.311  -0.105   0.425
 91 312 22 32 30  -0.267   0.306  -0.115   0.423
 91 312 22 33 30  -0.271   0.293  -0.143   0.425
 91 312 22 34 30  -0.265   0.294  -0.175   0.433
 91 312 22 35 30  -0.269   0.292  -0.165   0.430
 91 312 22 36 30  -0.272   0.298  -0.163   0.436
 91 312 22 37 30  -0.271   0.308  -0.138   0.433
 91 312 22 38 30  -0.275   0.290  -0.152   0.428
 91 312 22 39 30  -0.283   0.280  -0.142   0.423
 91 312 22 40 30  -0.285   0.278  -0.138   0.421
 91 312 22 41 30  -0.283   0.276  -0.144   0.421
 91 312 22 42 30  -0.287   0.272  -0.140   0.420
 91 312 22 43 30  -0.290   0.282  -0.135   0.427
 91 312 22 44 30  -0.310   0.277  -0.088   0.427
 91 312 22 45 30  -0.319   0.249  -0.151   0.435
 91 312 22 46 30  -0.348   0.202  -0.165   0.437
 91 312 22 47 30  -0.350   0.207  -0.157   0.436
 91 312 22 48 30  -0.351   0.236  -0.084   0.434
 91 312 22 49 30  -0.361   0.224  -0.105   0.438
 91 312 22 50 30  -0.368   0.224  -0.096   0.441
 91 312 22 51 30  -0.360   0.237  -0.093   0.441
 91 312 22 52 30  -0.346   0.255  -0.106   0.443
 91 312 22 53 30  -0.330   0.275  -0.108   0.443
 91 312 22 54 30  -0.335   0.267  -0.107   0.442
 91 312 22 55 30  -0.342   0.267  -0.102   0.446
 91 312 22 56 30  -0.337   0.274  -0.083   0.443
 91 312 22 57 30  -0.329   0.275  -0.086   0.438
 91 312 22 58 30  -0.343   0.271  -0.064   0.443
 91 312 22 59 30  -0.348   0.279   0.047   0.449
 91 312 23 00 30  -0.354   0.283   0.028   0.454
 91 312 23 01 30  -0.342   0.282   0.067   0.449
 91 312 23 02 30  -0.348   0.276   0.067   0.450
 91 312 23 03 30  -0.328   0.269   0.072   0.430
 91 312 23 04 30  -0.323   0.267   0.072   0.426
 91 312 23 05 30  -0.328   0.261   0.066   0.425
 91 312 23 06 30  -0.331   0.254   0.093   0.428
 91 312 23 07 30  -0.340   0.262   0.126   0.448
 91 312 23 08 30  -0.325   0.270   0.127   0.442
 91 312 23 09 30  -0.315   0.279   0.119   0.438
 91 312 23 10 30  -0.327   0.244   0.147   0.434
 91 312 23 11 30  -0.334   0.228   0.158   0.435
 91 312 23 12 30  -0.339   0.228   0.153   0.437
 91 312 23 13 30  -0.335   0.235   0.171   0.444
 91 312 23 14 30  -0.333   0.238   0.173   0.445
 91 312 23 15 30  -0.297   0.189   0.254   0.438
 91 312 23 16 30  -0.264   0.150   0.300   0.427
 91 312 23 17 30  -0.259   0.156   0.294   0.422
 91 312 23 18 30  -0.249   0.161   0.291   0.418
 91 312 23 19 30  -0.182   0.038   0.371   0.426
 91 312 23 20 30  -0.158  -0.027   0.390   0.426
 91 312 23 21 30  -0.202   0.009   0.376   0.428
 91 312 23 22 30  -0.193   0.013   0.381   0.428
 91 312 23 23 30  -0.236   0.065   0.356   0.433
 91 312 23 24 30  -0.236   0.067   0.352   0.429
 91 312 23 25 30  -0.232   0.070   0.347   0.424
 91 312 23 26 30  -0.236   0.081   0.339   0.421
 91 312 23 27 30  -0.259   0.092   0.323   0.425
 91 312 23 28 30  -0.271   0.126   0.311   0.432
 91 312 23 29 30  -0.279   0.128   0.303   0.432
 91 312 23 30 30  -0.265   0.146   0.290   0.420
 91 312 23 31 30  -0.286   0.141   0.282   0.426
 91 312 23 32 30  -0.291   0.130   0.280   0.425
 91 312 23 33 30  -0.301   0.131   0.266   0.423
 91 312 23 34 30  -0.288   0.154   0.275   0.428
 91 312 23 35 30  -0.269   0.147   0.293   0.424
 91 312 23 36 30  -0.287   0.137   0.272   0.419
 91 312 23 37 30  -0.274   0.102   0.292   0.414
 91 312 23 38 30  -0.253   0.121   0.299   0.412
 91 312 23 39 30  -0.247   0.168   0.296   0.423
 91 312 23 40 30  -0.234   0.117   0.334   0.425
 91 312 23 41 30  -0.249   0.186   0.318   0.445
 91 312 23 42 30  -0.238   0.151   0.327   0.433
 91 312 23 43 30  -0.224   0.171   0.323   0.430
 91 312 23 44 30  -0.259   0.186   0.280   0.426
 91 312 23 45 30  -0.140   0.185   0.354   0.425
 91 312 23 46 30  -0.146   0.212   0.339   0.427
 91 312 23 47 30  -0.152   0.251   0.315   0.431
 91 312 23 48 30  -0.114   0.283   0.291   0.423
 91 312 23 49 30  -0.227   0.211   0.285   0.426
 91 312 23 50 30  -0.314   0.120   0.268   0.431
 91 312 23 51 30  -0.284   0.128   0.296   0.431
 91 312 23 52 30  -0.269   0.130   0.316   0.435
 91 312 23 53 30  -0.261   0.171   0.300   0.434
 91 312 23 54 30  -0.280   0.170   0.283   0.434
 91 312 23 55 30  -0.284   0.162   0.277   0.429
 91 312 23 56 30  -0.280   0.217   0.241   0.431
 91 312 23 57 30  -0.296   0.250   0.192   0.434
 91 312 23 58 30  -0.282   0.253   0.200   0.430
 91 312 23 59 30  -0.251   0.156   0.272   0.430
