 91 313 00 00 30  -0.256   0.254   0.260   0.446
 91 313 00 01 30  -0.281   0.205   0.278   0.446
 91 313 00 02 30  -0.272   0.223   0.264   0.441
 91 313 00 03 30  -0.263   0.245   0.245   0.436
 91 313 00 04 30  -0.246   0.241   0.262   0.434
 91 313 00 05 30  -0.248   0.132   0.342   0.444
 91 313 00 06 30  -0.250   0.170   0.323   0.447
 91 313 00 07 30  -0.255   0.277   0.241   0.448
 91 313 00 08 30  -0.245   0.268   0.262   0.448
 91 313 00 09 30  -0.255   0.292   0.238   0.455
 91 313 00 10 30  -0.261   0.254   0.261   0.450
 91 313 00 11 30  -0.261   0.250   0.263   0.448
 91 313 00 12 30  -0.280   0.282   0.202   0.446
 91 313 00 13 30  -0.291   0.317   0.132   0.451
 91 313 00 14 30  -0.291   0.289   0.188   0.451
 91 313 00 15 30  -0.291   0.290   0.191   0.453
 91 313 00 16 30  -0.302   0.283   0.188   0.455
 91 313 00 17 30  -0.291   0.279   0.209   0.455
 91 313 00 18 30  -0.290   0.266   0.222   0.453
 91 313 00 19 30  -0.288   0.220   0.267   0.452
 91 313 00 20 30  -0.268   0.226   0.261   0.442
 91 313 00 21 30  -0.266   0.250   0.258   0.451
 91 313 00 22 30  -0.211   0.211   0.339   0.453
 91 313 00 23 30  -0.205   0.174   0.359   0.449
 91 313 00 24 30  -0.154   0.169   0.383   0.447
 91 313 00 25 30  -0.141   0.056   0.413   0.450
 91 313 00 26 30  -0.155  -0.002   0.409   0.439
 91 313 00 27 30  -0.156   0.092   0.392   0.433
 91 313 00 28 30  -0.156   0.105   0.391   0.434
 91 313 00 29 30  -0.129   0.106   0.397   0.431
 91 313 00 30 30  -0.137   0.150   0.384   0.435
 91 313 00 31 30  -0.127   0.135   0.389   0.431
 91 313 00 32 30  -0.118   0.125   0.397   0.433
 91 313 00 33 30  -0.130   0.150   0.382   0.432
 91 313 00 34 30  -0.131   0.156   0.373   0.426
 91 313 00 35 30  -0.129   0.154   0.392   0.441
 91 313 00 36 30  -0.122   0.153   0.397   0.442
 91 313 00 37 30  -0.121   0.160   0.396   0.444
 91 313 00 38 30  -0.147   0.176   0.383   0.447
 91 313 00 39 30  -0.123   0.188   0.382   0.443
 91 313 00 40 30  -0.078   0.190   0.392   0.443
 91 313 00 41 30  -0.089   0.188   0.394   0.446
 91 313 00 42 30  -0.100   0.196   0.387   0.445
 91 313 00 43 30  -0.087   0.206   0.382   0.443
 91 313 00 44 30  -0.110   0.190   0.382   0.441
 91 313 00 45 30  -0.121   0.191   0.379   0.441
 91 313 00 46 30  -0.121   0.198   0.378   0.444
 91 313 00 47 30  -0.119   0.210   0.384   0.454
 91 313 00 48 30  -0.114   0.212   0.382   0.451
 91 313 00 49 30  -0.125   0.215   0.371   0.447
 91 313 00 50 30  -0.130   0.229   0.367   0.452
 91 313 00 51 30  -0.121   0.221   0.380   0.456
 91 313 00 52 30  -0.152   0.231   0.364   0.459
 91 313 00 53 30  -0.191   0.249   0.334   0.459
 91 313 00 54 30  -0.147   0.235   0.355   0.451
 91 313 00 55 30  -0.198   0.210   0.346   0.452
 91 313 00 56 30  -0.219   0.243   0.318   0.458
 91 313 00 57 30  -0.197   0.245   0.328   0.454
 91 313 00 58 30  -0.247   0.226   0.304   0.454
 91 313 00 59 30  -0.265   0.226   0.292   0.455
 91 313 01 00 30  -0.248   0.188   0.330   0.456
 91 313 01 01 30  -0.209   0.266   0.313   0.464
 91 313 01 02 30  -0.231   0.287   0.286   0.467
 91 313 01 03 30  -0.257   0.289   0.268   0.471
 91 313 01 04 30  -0.257   0.294   0.243   0.462
 91 313 01 05 30  -0.246   0.279   0.281   0.467
 91 313 01 06 30  -0.235   0.291   0.270   0.462
 91 313 01 07 30  -0.180   0.332   0.257   0.458
 91 313 01 08 30  -0.151   0.344   0.249   0.452
 91 313 01 09 30  -0.127   0.363   0.242   0.454
 91 313 01 10 30  -0.112   0.364   0.253   0.458
 91 313 01 11 30  -0.114   0.363   0.262   0.462
 91 313 01 12 30  -0.128   0.343   0.272   0.460
 91 313 01 13 30  -0.129   0.342   0.275   0.458
 91 313 01 14 30  -0.118   0.368   0.238   0.455
 91 313 01 15 30  -0.174   0.318   0.250   0.448
 91 313 01 16 30  -0.238   0.245   0.277   0.440
 91 313 01 17 30  -0.291   0.160   0.286   0.451
 91 313 01 18 30  -0.360  -0.091   0.217   0.451
 91 313 01 19 30  -0.373  -0.151   0.215   0.459
 91 313 01 20 30  -0.375  -0.208   0.111   0.445
 91 313 01 21 30  -0.387  -0.177   0.140   0.449
 91 313 01 22 30  -0.402  -0.133   0.143   0.449
 91 313 01 23 30  -0.382  -0.105   0.210   0.449
 91 313 01 24 30  -0.367  -0.019   0.254   0.449
 91 313 01 25 30  -0.355   0.051   0.283   0.458
 91 313 01 26 30  -0.364   0.027   0.286   0.464
 91 313 01 27 30  -0.381   0.022   0.278   0.473
 91 313 01 28 30  -0.372   0.025   0.280   0.466
 91 313 01 29 30  -0.357   0.055   0.296   0.467
 91 313 01 30 30  -0.357   0.042   0.295   0.465
 91 313 01 31 30  -0.293   0.128   0.302   0.449
 91 313 01 32 30  -0.210   0.251   0.299   0.445
 91 313 01 33 30  -0.380   0.037   0.226   0.450
 91 313 01 34 30  -0.345   0.057   0.306   0.465
 91 313 01 35 30  -0.342   0.036   0.322   0.472
 91 313 01 36 30  -0.344   0.029   0.315   0.468
 91 313 01 37 30  -0.342   0.013   0.317   0.467
 91 313 01 38 30  -0.343  -0.003   0.316   0.467
 91 313 01 39 30  -0.347  -0.005   0.305   0.463
 91 313 01 40 30  -0.345   0.046   0.313   0.469
 91 313 01 41 30  -0.354   0.053   0.307   0.472
 91 313 01 42 30  -0.348   0.060   0.315   0.474
 91 313 01 43 30  -0.349   0.066   0.313   0.473
 91 313 01 44 30  -0.334   0.075   0.324   0.471
 91 313 01 45 30  -0.330   0.074   0.317   0.463
 91 313 01 46 30  -0.318   0.093   0.324   0.464
 91 313 01 47 30  -0.310   0.095   0.336   0.468
 91 313 01 48 30  -0.305   0.081   0.348   0.470
 91 313 01 49 30  -0.297   0.113   0.336   0.463
 91 313 01 50 30  -0.298   0.086   0.349   0.467
 91 313 01 51 30  -0.303   0.104   0.342   0.469
 91 313 01 52 30  -0.299   0.104   0.348   0.471
 91 313 01 53 30  -0.297   0.100   0.348   0.469
 91 313 01 54 30  -0.298   0.115   0.347   0.472
 91 313 02 00 30  -0.228   0.183   0.353   0.459
 91 313 02 01 30  -0.246   0.206   0.337   0.466
 91 313 02 02 30  -0.234   0.204   0.351   0.469
 91 313 02 03 30  -0.232   0.215   0.327   0.460
 91 313 02 04 30  -0.283   0.155   0.348   0.475
 91 313 02 05 30  -0.319   0.116   0.340   0.481
 91 313 02 06 30  -0.335   0.098   0.337   0.486
 91 313 02 07 30  -0.339   0.117   0.322   0.482
 91 313 02 13 30  -0.333   0.136   0.357   0.507
 91 313 02 14 30  -0.321   0.132   0.364   0.504
 91 313 02 15 30  -0.328   0.141   0.355   0.503
 91 313 02 16 30  -0.335   0.142   0.350   0.505
 91 313 02 17 30  -0.343   0.132   0.345   0.505
 91 313 02 18 30  -0.313   0.129   0.354   0.490
 91 313 02 19 30  -0.289   0.119   0.365   0.481
 91 313 02 20 30  -0.302   0.114   0.367   0.489
 91 313 02 21 30  -0.324   0.137   0.362   0.505
 91 313 02 22 30  -0.332   0.146   0.356   0.509
 91 313 02 23 30  -0.341   0.127   0.359   0.511
 91 313 02 24 30  -0.348   0.124   0.355   0.513
 91 313 02 25 30  -0.332   0.140   0.355   0.506
 91 313 02 26 30  -0.311   0.145   0.321   0.470
 91 313 02 27 30  -0.306   0.140   0.297   0.450
 91 313 02 28 30  -0.295   0.154   0.281   0.438
 91 313 02 29 30  -0.260   0.173   0.268   0.413
 91 313 02 30 30  -0.072   0.204  -0.052   0.349
 91 313 02 31 30   0.037   0.250  -0.237   0.349
 91 313 02 32 30   0.069   0.254  -0.240   0.357
 91 313 02 33 30   0.060   0.256  -0.256   0.367
 91 313 02 34 30   0.036   0.273  -0.250   0.372
 91 313 02 35 30   0.069   0.255  -0.312   0.410
 91 313 02 36 30   0.055   0.237  -0.314   0.399
 91 313 02 37 30   0.107   0.243  -0.349   0.439
 91 313 02 38 30   0.098   0.193  -0.334   0.398
 91 313 02 39 30   0.098   0.199  -0.336   0.404
 91 313 02 40 30   0.107   0.161  -0.331   0.384
 91 313 02 41 30   0.105   0.183  -0.357   0.415
 91 313 02 42 30   0.106   0.179  -0.376   0.430
 91 313 02 43 30   0.120   0.141  -0.379   0.422
 91 313 02 44 30   0.092   0.156  -0.388   0.429
 91 313 02 45 30   0.144   0.182  -0.399   0.464
 91 313 02 46 30   0.152   0.185  -0.380   0.450
 91 313 02 47 30   0.152   0.180  -0.370   0.439
 91 313 02 48 30   0.182   0.176  -0.371   0.450
 91 313 02 49 30   0.188   0.193  -0.369   0.457
 91 313 02 50 30   0.206   0.240  -0.350   0.474
 91 313 02 51 30   0.194   0.281  -0.338   0.481
 91 313 02 52 30   0.189   0.299  -0.319   0.477
 91 313 02 53 30   0.164   0.319  -0.315   0.478
 91 313 02 54 30   0.157   0.334  -0.279   0.467
 91 313 02 55 30   0.065   0.348  -0.317   0.477
 91 313 02 56 30   0.110   0.353  -0.327   0.494
 91 313 02 57 30   0.112   0.371  -0.312   0.498
 91 313 02 58 30   0.108   0.379  -0.311   0.502
 91 313 02 59 30   0.095   0.381  -0.299   0.495
 91 313 03 00 30   0.063   0.416  -0.257   0.493
 91 313 03 01 30   0.067   0.405  -0.260   0.487
 91 313 03 02 30   0.063   0.410  -0.235   0.478
 91 313 03 03 30   0.035   0.418  -0.183   0.458
 91 313 03 04 30   0.072   0.369  -0.265   0.460
 91 313 03 05 30   0.038   0.389  -0.229   0.453
 91 313 03 06 30   0.040   0.391  -0.230   0.456
 91 313 03 07 30   0.044   0.389  -0.234   0.456
 91 313 03 08 30   0.049   0.376  -0.257   0.458
 91 313 03 13 30   0.034   0.372  -0.264   0.457
 91 313 03 14 30   0.010   0.395  -0.216   0.453
 91 313 03 15 30   0.019   0.420  -0.186   0.461
 91 313 03 16 30   0.018   0.407  -0.215   0.462
 91 313 03 17 30   0.040   0.388  -0.236   0.457
 91 313 03 18 30   0.030   0.412  -0.190   0.457
 91 313 03 19 30   0.028   0.423  -0.155   0.452
 91 313 03 20 30   0.015   0.419  -0.158   0.448
 91 313 03 21 30   0.006   0.422  -0.146   0.446
 91 313 03 22 30  -0.011   0.420  -0.122   0.444
 91 313 03 23 30  -0.036   0.444  -0.055   0.449
 91 313 03 24 30  -0.044   0.449  -0.026   0.455
 91 313 03 25 30  -0.009   0.408  -0.200   0.455
 91 313 03 26 30  -0.009   0.419  -0.152   0.454
 91 313 03 27 30  -0.025   0.456  -0.065   0.464
 91 313 03 28 30   0.006   0.428  -0.154   0.456
 91 313 03 29 30   0.020   0.423  -0.167   0.455
 91 313 03 30 30   0.023   0.409  -0.183   0.449
 91 313 03 31 30  -0.012   0.422  -0.153   0.453
 91 313 03 32 30   0.021   0.414  -0.189   0.457
 91 313 03 33 30   0.053   0.405  -0.192   0.452
 91 313 03 34 30   0.072   0.412  -0.173   0.453
 91 313 03 35 30   0.085   0.420  -0.138   0.450
 91 313 03 36 30   0.063   0.429  -0.116   0.449
 91 313 03 37 30   0.065   0.417  -0.155   0.450
 91 313 03 38 30   0.082   0.401  -0.190   0.452
 91 313 03 39 30   0.055   0.399  -0.202   0.452
 91 313 03 40 30   0.019   0.405  -0.209   0.456
 91 313 03 41 30  -0.013   0.421  -0.199   0.466
 91 313 03 42 30   0.021   0.413  -0.194   0.457
 91 313 03 43 30   0.046   0.406  -0.193   0.452
 91 313 03 44 30   0.037   0.414  -0.180   0.453
 91 313 03 45 30   0.049   0.418  -0.183   0.459
 91 313 03 46 30   0.025   0.424  -0.178   0.461
 91 313 03 47 30   0.067   0.419  -0.180   0.461
 91 313 03 48 30   0.061   0.421  -0.173   0.460
 91 313 03 49 30   0.070   0.424  -0.178   0.465
 91 313 03 50 30   0.055   0.418  -0.194   0.464
 91 313 03 51 30   0.074   0.428  -0.147   0.459
 91 313 03 52 30   0.061   0.428  -0.142   0.456
 91 313 03 53 30   0.052   0.421  -0.169   0.457
 91 313 03 54 30   0.040   0.418  -0.183   0.459
 91 313 03 55 30   0.057   0.416  -0.178   0.456
 91 313 03 56 30   0.030   0.421  -0.160   0.453
 91 313 03 57 30   0.018   0.413  -0.179   0.452
 91 313 03 58 30  -0.016   0.434  -0.103   0.447
 91 313 03 59 30  -0.017   0.446  -0.093   0.456
 91 313 04 00 30  -0.015   0.430  -0.122   0.448
 91 313 04 01 30  -0.023   0.428  -0.121   0.446
 91 313 04 02 30  -0.018   0.442  -0.078   0.450
 91 313 04 03 30  -0.043   0.461  -0.043   0.466
 91 313 04 04 30  -0.075   0.464   0.013   0.470
 91 313 04 05 30  -0.068   0.461   0.028   0.467
 91 313 04 06 30   0.005   0.450  -0.045   0.457
 91 313 04 07 30  -0.052   0.450  -0.021   0.458
 91 313 04 08 30  -0.073   0.456  -0.009   0.463
 91 313 04 09 30  -0.007   0.458  -0.050   0.461
 91 313 04 10 30   0.012   0.454  -0.036   0.456
 91 313 04 11 30  -0.026   0.450   0.014   0.452
 91 313 04 12 30  -0.031   0.425   0.140   0.450
 91 313 04 13 30  -0.023   0.430   0.134   0.451
 91 313 04 14 30  -0.028   0.433   0.126   0.455
 91 313 04 15 30  -0.013   0.407   0.180   0.445
 91 313 04 16 30  -0.028   0.409   0.178   0.448
 91 313 04 17 30  -0.019   0.371   0.246   0.449
 91 313 04 18 30  -0.014   0.354   0.275   0.450
 91 313 04 19 30  -0.031   0.398   0.172   0.437
 91 313 04 20 30  -0.045   0.401   0.154   0.432
 91 313 04 21 30  -0.037   0.411   0.134   0.434
 91 313 04 22 30  -0.002   0.401   0.147   0.428
 91 313 04 23 30  -0.015   0.311   0.265   0.422
 91 313 04 24 30  -0.040   0.163   0.394   0.431
 91 313 04 25 30  -0.028   0.141   0.403   0.430
 91 313 04 26 30  -0.021   0.119   0.412   0.430
 91 313 04 27 30  -0.044   0.202   0.344   0.403
 91 313 04 28 30  -0.041   0.202   0.337   0.398
 91 313 04 29 30  -0.022   0.308   0.241   0.395
 91 313 04 30 30  -0.029   0.282   0.275   0.397
 91 313 04 31 30  -0.024   0.323   0.146   0.359
 91 313 04 32 30  -0.021   0.376   0.121   0.396
 91 313 04 33 30  -0.033   0.392   0.140   0.418
 91 313 04 34 30  -0.011   0.389   0.153   0.419
 91 313 04 35 30  -0.008   0.306   0.265   0.421
 91 313 04 36 30  -0.051   0.100   0.408   0.432
 91 313 04 37 30  -0.006   0.181   0.394   0.435
 91 313 04 38 30   0.015   0.209   0.379   0.434
 91 313 04 39 30   0.004   0.231   0.359   0.428
 91 313 04 40 30   0.002   0.267   0.325   0.421
 91 313 04 41 30   0.004   0.269   0.321   0.421
 91 313 04 42 30   0.021   0.169   0.376   0.413
 91 313 04 43 30   0.033   0.159   0.384   0.417
 91 313 04 44 30   0.026   0.197   0.373   0.424
 91 313 04 45 30   0.042   0.204   0.382   0.436
 91 313 04 46 30   0.045   0.261   0.350   0.440
 91 313 04 47 30   0.015   0.285   0.309   0.425
 91 313 04 48 30  -0.002   0.347   0.259   0.433
 91 313 04 49 30   0.004   0.343   0.265   0.434
 91 313 04 50 30  -0.001   0.335   0.278   0.436
 91 313 04 51 30   0.006   0.339   0.286   0.444
 91 313 04 52 30   0.003   0.353   0.255   0.437
 91 313 04 53 30   0.001   0.355   0.240   0.429
 91 313 04 54 30   0.018   0.356   0.242   0.431
 91 313 04 55 30   0.019   0.360   0.238   0.433
 91 313 04 56 30   0.002   0.351   0.240   0.426
 91 313 04 57 30   0.021   0.376   0.210   0.431
 91 313 04 58 30   0.021   0.385   0.194   0.432
 91 313 04 59 30   0.014   0.389   0.189   0.434
 91 313 05 00 30   0.032   0.390   0.189   0.435
 91 313 05 01 30   0.004   0.394   0.178   0.433
 91 313 05 02 30   0.004   0.378   0.189   0.425
 91 313 05 03 30   0.016   0.367   0.196   0.422
 91 313 05 04 30   0.001   0.406   0.125   0.425
 91 313 05 05 30   0.004   0.406   0.110   0.422
 91 313 05 06 30   0.008   0.412   0.094   0.423
 91 313 05 07 30   0.007   0.413   0.097   0.424
 91 313 05 08 30   0.019   0.414   0.100   0.426
 91 313 05 09 30   0.024   0.419   0.068   0.426
 91 313 05 10 30   0.019   0.406   0.082   0.415
 91 313 05 11 30   0.016   0.376   0.087   0.387
 91 313 05 12 30   0.009   0.398   0.105   0.412
 91 313 05 13 30  -0.007   0.387   0.122   0.406
 91 313 05 14 30   0.004   0.373   0.111   0.389
 91 313 05 15 30   0.016   0.367   0.075   0.375
 91 313 05 16 30   0.016   0.346   0.062   0.352
 91 313 05 17 30   0.017   0.338   0.052   0.343
 91 313 05 18 30   0.020   0.340   0.048   0.344
 91 313 05 19 30   0.027   0.341   0.052   0.346
 91 313 05 20 30   0.031   0.335   0.041   0.339
 91 313 05 21 30   0.049   0.331   0.018   0.335
 91 313 05 22 30   0.024   0.336   0.024   0.339
 91 313 05 23 30  -0.017   0.337   0.032   0.340
 91 313 05 24 30   0.022   0.349   0.028   0.352
 91 313 05 25 30   0.046   0.357   0.039   0.362
 91 313 05 26 30   0.062   0.347   0.023   0.354
 91 313 05 27 30   0.072   0.350   0.041   0.360
 91 313 05 28 30   0.100   0.376  -0.045   0.403
 91 313 05 29 30   0.103   0.401  -0.112   0.430
 91 313 05 30 30   0.092   0.411  -0.092   0.432
 91 313 05 31 30   0.083   0.400  -0.038   0.412
 91 313 05 32 30   0.039   0.382   0.023   0.386
 91 313 05 33 30   0.010   0.386   0.100   0.404
 91 313 05 34 30   0.022   0.374   0.053   0.381
 91 313 05 35 30   0.006   0.345  -0.007   0.354
 91 313 05 36 30  -0.028   0.356   0.004   0.360
 91 313 05 37 30   0.008   0.324  -0.031   0.330
 91 313 05 38 30   0.069   0.321  -0.077   0.338
 91 313 05 39 30   0.106   0.375  -0.108   0.405
 91 313 05 40 30   0.107   0.424  -0.127   0.456
 91 313 05 41 30   0.111   0.441  -0.113   0.469
 91 313 05 42 30   0.137   0.456  -0.117   0.490
 91 313 05 43 30   0.141   0.450  -0.143   0.493
 91 313 05 44 30   0.129   0.450  -0.155   0.493
 91 313 05 45 30   0.121   0.448  -0.167   0.493
 91 313 05 46 30   0.112   0.443  -0.171   0.489
 91 313 05 47 30   0.117   0.422  -0.200   0.482
 91 313 05 48 30   0.127   0.422  -0.172   0.473
 91 313 05 49 30   0.139   0.416  -0.163   0.468
 91 313 05 50 30   0.157   0.419  -0.136   0.468
 91 313 05 51 30   0.165   0.409  -0.102   0.453
 91 313 05 52 30   0.172   0.413  -0.067   0.453
 91 313 05 53 30   0.162   0.365  -0.035   0.403
 91 313 05 54 30   0.113   0.355  -0.041   0.376
 91 313 05 55 30   0.077   0.337  -0.020   0.348
 91 313 05 56 30   0.136   0.408  -0.199   0.474
 91 313 05 57 30   0.152   0.421  -0.191   0.487
 91 313 05 58 30   0.141   0.417  -0.194   0.482
 91 313 05 59 30   0.154   0.411  -0.199   0.483
 91 313 06 00 30   0.151   0.411  -0.183   0.475
 91 313 06 01 30   0.186   0.386  -0.132   0.450
 91 313 06 02 30   0.165   0.404  -0.174   0.470
 91 313 06 03 30   0.143   0.411  -0.176   0.470
 91 313 06 04 30   0.143   0.407  -0.179   0.468
 91 313 06 05 30   0.151   0.401  -0.186   0.468
 91 313 06 06 30   0.162   0.400  -0.183   0.469
 91 313 06 07 30   0.158   0.400  -0.189   0.470
 91 313 06 08 30   0.164   0.400  -0.200   0.476
 91 313 06 09 30   0.170   0.391  -0.204   0.473
 91 313 06 10 30   0.171   0.388  -0.217   0.477
 91 313 06 11 30   0.178   0.398  -0.218   0.488
 91 313 06 12 30   0.177   0.403  -0.221   0.492
 91 313 06 13 30   0.176   0.399  -0.222   0.490
 91 313 06 14 30   0.169   0.402  -0.227   0.492
 91 313 06 15 30   0.169   0.395  -0.240   0.492
 91 313 06 16 30   0.182   0.380  -0.244   0.488
 91 313 06 17 30   0.146   0.409  -0.212   0.484
 91 313 06 18 30   0.136   0.391  -0.214   0.466
 91 313 06 19 30   0.157   0.387  -0.194   0.461
 91 313 06 20 30   0.175   0.388  -0.202   0.471
 91 313 06 21 30   0.187   0.379  -0.225   0.478
 91 313 06 22 30   0.190   0.377  -0.236   0.483
 91 313 06 23 30   0.217   0.371  -0.232   0.489
 91 313 06 24 30   0.228   0.369  -0.234   0.493
 91 313 06 25 30   0.216   0.381  -0.234   0.497
 91 313 06 26 30   0.179   0.388  -0.231   0.486
 91 313 06 27 30   0.186   0.383  -0.237   0.488
 91 313 06 28 30   0.172   0.371  -0.259   0.485
 91 313 06 29 30   0.201   0.357  -0.233   0.475
 91 313 06 30 30   0.230   0.348  -0.205   0.465
 91 313 06 31 30   0.236   0.330  -0.221   0.463
 91 313 06 32 30   0.230   0.324  -0.239   0.465
 91 313 06 33 30   0.205   0.359  -0.230   0.474
 91 313 06 34 30   0.212   0.344  -0.254   0.477
 91 313 06 35 30   0.214   0.347  -0.253   0.480
 91 313 06 36 30   0.207   0.352  -0.248   0.478
 91 313 06 37 30   0.208   0.343  -0.259   0.478
 91 313 06 38 30   0.205   0.355  -0.248   0.479
 91 313 06 39 30   0.205   0.353  -0.230   0.472
 91 313 06 40 30   0.181   0.375  -0.218   0.472
 91 313 06 41 30   0.212   0.332  -0.261   0.474
 91 313 06 42 30   0.228   0.304  -0.276   0.470
 91 313 06 43 30   0.233   0.284  -0.279   0.461
 91 313 06 44 30   0.196   0.300  -0.254   0.440
 91 313 06 45 30   0.136   0.320  -0.149   0.381
 91 313 06 46 30   0.124   0.306  -0.148   0.363
 91 313 06 47 30   0.108   0.317  -0.156   0.370
 91 313 06 48 30   0.106   0.300  -0.149   0.352
 91 313 06 49 30   0.133   0.297  -0.193   0.380
 91 313 06 50 30   0.203   0.305  -0.259   0.449
 91 313 06 51 30   0.203   0.312  -0.269   0.460
 91 313 06 52 30   0.217   0.300  -0.292   0.474
 91 313 06 53 30   0.252   0.224  -0.297   0.451
 91 313 06 54 30   0.216   0.171  -0.270   0.387
 91 313 06 55 30   0.214   0.179  -0.250   0.376
 91 313 06 56 30   0.250   0.247  -0.282   0.451
 91 313 06 57 30   0.045   0.216  -0.114   0.405
 91 313 06 58 30  -0.282   0.165   0.103   0.343
 91 313 06 59 30  -0.284   0.149   0.146   0.354
 91 313 07 00 30  -0.275   0.172   0.145   0.356
 91 313 07 01 30  -0.288   0.155   0.134   0.356
 91 313 07 02 30  -0.312   0.132   0.137   0.366
 91 313 07 03 30  -0.310   0.148   0.138   0.370
 91 313 07 04 30  -0.308   0.154   0.142   0.373
 91 313 07 05 30  -0.306   0.161   0.154   0.378
 91 313 07 06 30  -0.329   0.145   0.146   0.389
 91 313 07 07 30  -0.322   0.149   0.157   0.390
 91 313 07 08 30  -0.254   0.254   0.133   0.384
 91 313 07 09 30  -0.289   0.255   0.126   0.413
 91 313 07 10 30  -0.326   0.222   0.181   0.435
 91 313 07 11 30  -0.358   0.201   0.100   0.424
 91 313 07 12 30  -0.340   0.219   0.112   0.421
 91 313 07 13 30  -0.363   0.207   0.128   0.439
 91 313 07 14 30  -0.330   0.199   0.188   0.430
 91 313 07 15 30  -0.375   0.178   0.097   0.427
 91 313 07 16 30  -0.348   0.207   0.144   0.431
 91 313 07 17 30  -0.326   0.186   0.153   0.407
 91 313 07 18 30  -0.311   0.199   0.133   0.393
 91 313 07 19 30  -0.336   0.156   0.126   0.393
 91 313 07 20 30  -0.291   0.148   0.124   0.380
 91 313 07 21 30  -0.347   0.096   0.160   0.395
 91 313 07 22 30  -0.310   0.140   0.187   0.404
 91 313 07 23 30  -0.350   0.221   0.060   0.419
 91 313 07 24 30  -0.369   0.231   0.050   0.439
 91 313 07 25 30  -0.345   0.256   0.115   0.445
 91 313 07 26 30  -0.347   0.249   0.086   0.437
 91 313 07 27 30  -0.335   0.283  -0.018   0.440
 91 313 07 28 30  -0.374   0.200   0.092   0.442
 91 313 07 29 30  -0.380   0.202   0.098   0.441
 91 313 07 30 30  -0.399   0.180   0.064   0.443
 91 313 07 31 30  -0.398   0.180   0.085   0.447
 91 313 07 32 30  -0.352   0.235   0.099   0.436
 91 313 07 33 30  -0.368   0.226   0.043   0.436
 91 313 07 34 30  -0.409   0.182   0.013   0.450
 91 313 07 35 30  -0.397   0.173   0.092   0.443
 91 313 07 36 30  -0.361   0.222   0.067   0.431
 91 313 07 37 30  -0.386   0.221   0.032   0.447
 91 313 07 38 30  -0.413   0.156   0.077   0.454
 91 313 07 39 30  -0.379   0.206   0.072   0.448
 91 313 07 40 30  -0.358   0.261  -0.024   0.445
 91 313 07 41 30  -0.338   0.251  -0.018   0.428
 91 313 07 42 30  -0.381   0.227  -0.040   0.450
 91 313 07 43 30  -0.342   0.263  -0.037   0.436
 91 313 07 44 30  -0.362   0.227  -0.072   0.439
 91 313 07 45 30  -0.404   0.221  -0.034   0.463
 91 313 07 46 30  -0.395   0.215  -0.085   0.459
 91 313 07 47 30  -0.410   0.233  -0.112   0.485
 91 313 07 48 30  -0.394   0.256  -0.035   0.473
 91 313 07 49 30  -0.417   0.224   0.055   0.477
 91 313 07 50 30  -0.434   0.130   0.115   0.474
 91 313 07 51 30  -0.440   0.166   0.140   0.492
 91 313 07 52 30  -0.431   0.192   0.137   0.493
 91 313 07 53 30  -0.406   0.219   0.167   0.495
 91 313 07 54 30  -0.412   0.198   0.131   0.476
 91 313 07 55 30  -0.358   0.213   0.158   0.450
 91 313 07 56 30  -0.375   0.161   0.163   0.452
 91 313 07 57 30  -0.384   0.132   0.223   0.465
 91 313 07 58 30  -0.383   0.124   0.224   0.462
 91 313 07 59 30  -0.359   0.047   0.294   0.471
 91 313 08 00 30  -0.302   0.031   0.353   0.466
 91 313 08 01 30  -0.344  -0.007   0.314   0.468
 91 313 08 02 30  -0.346   0.003   0.304   0.463
 91 313 08 03 30  -0.357   0.092   0.282   0.467
 91 313 08 04 30  -0.379   0.038   0.250   0.456
 91 313 08 05 30  -0.365   0.020   0.254   0.446
 91 313 08 06 30  -0.357   0.032   0.257   0.441
 91 313 08 07 30  -0.362   0.006   0.222   0.425
 91 313 08 08 30  -0.337   0.031   0.231   0.412
 91 313 08 09 30  -0.343  -0.013   0.251   0.427
 91 313 08 10 30  -0.329   0.001   0.248   0.415
 91 313 08 11 30  -0.282   0.069   0.258   0.391
 91 313 08 12 30  -0.289   0.018   0.271   0.398
 91 313 08 13 30  -0.293   0.039   0.274   0.404
 91 313 08 14 30  -0.274   0.059   0.297   0.410
 91 313 08 15 30  -0.330   0.124   0.214   0.417
 91 313 08 16 30  -0.383   0.081   0.188   0.436
 91 313 08 17 30  -0.393  -0.027   0.222   0.454
 91 313 08 18 30  -0.344  -0.068   0.265   0.442
 91 313 08 19 30  -0.317   0.022   0.253   0.407
 91 313 08 20 30  -0.256   0.056   0.276   0.387
 91 313 08 21 30  -0.487   0.373   0.621   0.915
 91 313 08 22 30  -0.505   0.344   0.744   0.985
 91 313 08 23 30  -0.491   0.330   0.810   1.015
 91 313 08 24 30  -0.552   0.300   0.755   0.987
 91 313 08 25 30  -0.641   0.230   0.727   1.013
 91 313 08 26 30  -0.553   0.313   0.797   1.027
 91 313 08 27 30  -0.484   0.357   0.803   1.010
 91 313 08 28 30  -0.582   0.370   0.740   1.023
 91 313 08 29 30  -0.566   0.487   0.687   1.023
 91 313 08 30 30  -0.646   0.467   0.672   1.044
 91 313 08 31 30  -0.580   0.510   0.678   1.034
 91 313 08 32 30  -0.601   0.427   0.767   1.066
 91 313 08 33 30  -0.576   0.501   0.783   1.095
 91 313 08 34 30  -0.583   0.474   0.792   1.093
 91 313 08 35 30  -0.594   0.490   0.727   1.060
 91 313 08 36 30  -0.646   0.301   0.792   1.076
 91 313 08 37 30  -0.603   0.185   0.830   1.043
 91 313 08 38 30  -0.611   0.181   0.814   1.035
 91 313 08 39 30  -0.587   0.202   0.848   1.052
 91 313 08 40 30  -0.588   0.323   0.842   1.082
 91 313 08 41 30  -0.580   0.489   0.779   1.088
 91 313 08 42 30  -0.588   0.553   0.732   1.092
 91 313 08 43 30  -0.556   0.739   0.658   1.137
 91 313 08 44 30  -0.414   0.870   0.578   1.128
 91 313 08 45 30  -0.451   0.757   0.535   1.107
 91 313 08 46 30  -0.122   1.125   0.173   1.154
 91 313 08 47 30  -0.108   1.065   0.002   1.098
 91 313 08 48 30   0.415   0.856  -0.518   1.087
 91 313 09 08 30   0.396   1.088  -0.262   1.189
 91 313 09 09 30   0.480   1.101  -0.178   1.217
 91 313 09 10 30  -0.093   1.111  -0.502   1.247
 91 313 09 11 30  -0.242   1.054  -0.647   1.265
 91 313 09 12 30  -0.156   0.979  -0.725   1.234
 91 313 09 13 30   0.008   1.064  -0.593   1.222
 91 313 09 14 30   0.245   1.072  -0.456   1.196
 91 313 09 15 30   0.262   1.039  -0.575   1.224
 91 313 09 16 30   0.196   1.061  -0.633   1.252
 91 313 09 17 30   0.203   1.115  -0.509   1.243
 91 313 09 18 30   0.235   1.194  -0.513   1.321
 91 313 09 19 30   0.277   1.162  -0.678   1.375
 91 313 09 20 30   0.299   1.094  -0.717   1.342
 91 313 09 21 30   0.311   1.058  -0.734   1.325
 91 313 09 22 30   0.325   1.002  -0.740   1.287
 91 313 09 23 30   0.327   1.035  -0.726   1.306
 91 313 09 24 30   0.316   1.065  -0.729   1.329
 91 313 09 50 30   0.257   0.929  -0.740   1.216
 91 313 09 51 30   0.300   0.779  -0.869   1.211
 91 313 09 52 30   0.312   0.652  -0.998   1.235
 91 313 09 53 30   0.281   0.713  -0.935   1.211
 91 313 09 54 30   0.284   0.721  -0.928   1.213
 91 313 09 55 30   0.349   0.751  -0.891   1.218
 91 313 09 56 30   0.350   0.688  -0.921   1.207
 91 313 09 57 30   0.331   0.756  -0.877   1.209
 91 313 09 58 30   0.280   0.728  -0.948   1.231
 91 313 09 59 30   0.288   0.703  -0.940   1.219
 91 313 10 00 30   0.236   0.852  -0.819   1.206
 91 313 10 01 30   0.221   0.874  -0.773   1.190
 91 313 10 02 30   0.243   0.848  -0.767   1.170
 91 313 10 03 30   0.225   0.862  -0.738   1.159
 91 313 10 04 30   0.150   0.920  -0.685   1.159
 91 313 10 05 30   0.058   0.957  -0.611   1.139
 91 313 10 06 30   0.100   0.930  -0.613   1.120
 91 313 10 09 30   0.053   0.974  -0.436   1.069
 91 313 10 10 30   0.062   0.967  -0.409   1.054
 91 313 10 11 30   0.027   0.997  -0.347   1.056
 91 313 10 12 30   0.002   1.028  -0.332   1.080
 91 313 10 13 30  -0.022   1.037  -0.258   1.070
 91 313 10 14 30  -0.063   1.032  -0.261   1.067
 91 313 10 15 30  -0.117   1.023  -0.213   1.052
 91 313 10 16 30  -0.116   1.054  -0.148   1.071
 91 313 10 17 30  -0.117   1.043  -0.114   1.057
 91 313 10 18 30  -0.099   1.053  -0.063   1.060
 91 313 10 19 30  -0.088   1.050  -0.072   1.056
 91 313 10 20 30  -0.071   1.053  -0.146   1.070
 91 313 10 21 30  -0.073   1.028  -0.152   1.052
 91 313 10 22 30  -0.287   0.874   0.375   1.000
 91 313 10 23 30  -0.420   0.637   0.563   0.962
 91 313 10 24 30  -0.363   0.654   0.566   0.960
 91 313 10 25 30  -0.380   0.581   0.548   0.908
 91 313 10 26 30  -0.275   0.720   0.371   0.879
 91 313 10 27 30  -0.169   0.867   0.177   0.933
 91 313 10 28 30  -0.652   0.423   0.598   0.991
 91 313 10 29 30  -0.617   0.459   0.563   0.956
 91 313 10 30 30  -0.529   0.520   0.456   0.874
 91 313 10 31 30  -0.504   0.597   0.372   0.867
 91 313 10 32 30  -0.434   0.621   0.376   0.849
 91 313 10 33 30  -0.331   0.620   0.433   0.826
 91 313 10 34 30  -0.193   0.776   0.186   0.903
 91 313 10 35 30   0.009   0.982  -0.315   1.034
 91 313 10 36 30   0.025   1.005  -0.297   1.050
 91 313 10 37 30  -0.008   0.969  -0.302   1.015
 91 313 10 38 30  -0.008   0.948  -0.326   1.003
 91 313 10 39 30   0.070   0.976  -0.368   1.046
 91 313 10 40 30   0.094   0.982  -0.429   1.077
 91 313 10 41 30   0.075   0.974  -0.499   1.099
 91 313 10 42 30   0.074   1.026  -0.477   1.135
 91 313 10 43 30   0.075   1.065  -0.456   1.162
 91 313 10 44 30   0.083   1.056  -0.499   1.172
 91 313 10 45 30   0.216   0.797  -0.747   1.118
 91 313 10 46 30   0.290   0.679  -0.888   1.156
 91 313 10 47 30   0.315   0.657  -0.919   1.173
 91 313 10 48 30   0.317   0.650  -0.904   1.159
 91 313 10 54 30   0.263   0.770  -0.817   1.153
 91 313 10 55 30   0.301   0.799  -0.780   1.157
 91 313 10 56 30   0.288   0.828  -0.762   1.162
 91 313 10 57 30   0.283   0.816  -0.749   1.145
 91 313 10 58 30   0.282   0.810  -0.768   1.153
 91 313 10 59 30   0.320   0.830  -0.749   1.164
 91 313 11 00 30   0.340   0.872  -0.699   1.170
 91 313 11 01 30   0.297   0.897  -0.662   1.154
 91 313 11 02 30   0.316   0.855  -0.645   1.117
 91 313 11 03 30   0.321   0.866  -0.637   1.122
 91 313 11 04 30   0.309   0.893  -0.641   1.143
 91 313 11 05 30   0.325   0.882  -0.644   1.140
 91 313 11 06 30   0.245   0.925  -0.634   1.149
 91 313 11 07 30   0.213   0.922  -0.661   1.155
 91 313 11 08 30   0.222   0.922  -0.618   1.132
 91 313 11 09 30   0.272   0.911  -0.611   1.131
 91 313 11 10 30   0.185   0.967  -0.623   1.166
 91 313 11 11 30   0.203   0.992  -0.620   1.188
 91 313 11 12 30   0.204   0.990  -0.581   1.166
 91 313 11 13 30   0.131   1.030  -0.528   1.165
 91 313 11 14 30   0.099   1.071  -0.482   1.179
 91 313 11 15 30   0.076   1.023  -0.497   1.142
 91 313 11 16 30  -0.001   1.039  -0.296   1.081
 91 313 11 17 30  -0.015   1.082  -0.257   1.113
 91 313 11 18 30  -0.076   1.073  -0.124   1.084
 91 313 11 19 30  -0.002   1.061  -0.253   1.093
 91 313 11 20 30   0.033   1.065  -0.284   1.103
 91 313 11 21 30   0.041   1.060  -0.318   1.107
 91 313 11 22 30   0.071   0.988  -0.375   1.062
 91 313 11 23 30   0.090   0.929  -0.412   1.021
 91 313 11 24 30   0.099   0.928  -0.428   1.027
 91 313 11 25 30   0.098   0.910  -0.454   1.023
 91 313 11 26 30   0.115   0.893  -0.433   1.000
 91 313 11 27 30  -0.044   0.924  -0.416   1.025
 91 313 11 28 30  -0.245   0.977  -0.159   1.027
 91 313 11 29 30  -0.147   0.979  -0.110   1.002
 91 313 11 30 30  -0.099   0.967  -0.159   0.987
 91 313 11 31 30  -0.364   0.872   0.376   1.071
 91 313 11 32 30  -0.547   0.627   0.743   1.117
 91 313 11 33 30  -0.589   0.592   0.706   1.098
 91 313 11 34 30  -0.557   0.548   0.711   1.058
 91 313 11 35 30  -0.607   0.431   0.734   1.049
 91 313 11 36 30  -0.571   0.542   0.810   1.134
 91 313 11 37 30  -0.651   0.421   0.890   1.181
 91 313 11 38 30  -0.577   0.522   0.837   1.146
 91 313 11 39 30  -0.529   0.629   0.750   1.116
 91 313 11 40 30  -0.510   0.637   0.752   1.110
 91 313 11 41 30  -0.492   0.664   0.726   1.101
 91 313 11 42 30  -0.420   0.660   0.683   1.038
 91 313 11 43 30  -0.413   0.734   0.594   1.051
 91 313 11 44 30  -0.168   1.067  -0.003   1.082
 91 313 11 45 30  -0.105   1.052  -0.141   1.071
 91 313 11 46 30  -0.037   1.025  -0.207   1.050
 91 313 11 47 30   0.016   1.002  -0.228   1.038
 91 313 11 48 30   0.052   0.919  -0.484   1.051
 91 313 11 49 30  -0.229   1.007  -0.098   1.065
 91 313 11 50 30  -0.318   1.044   0.124   1.101
 91 313 11 51 30  -0.311   1.040   0.246   1.116
 91 313 11 52 30  -0.339   0.947   0.323   1.057
 91 313 11 53 30  -0.350   0.956   0.310   1.064
 91 313 11 57 30  -0.359   1.044   0.290   1.143
 91 313 11 58 30  -0.433   1.033   0.321   1.166
 91 313 11 59 30  -0.459   1.060   0.283   1.193
 91 313 12 00 30  -0.679   0.859   0.410   1.176
 91 313 12 01 30  -0.715   0.867   0.469   1.219
 91 313 12 02 30  -0.637   0.948   0.489   1.244
 91 313 12 03 30  -0.637   0.948   0.433   1.223
 91 313 12 04 30  -0.596   0.952   0.345   1.176
 91 313 12 05 30  -0.601   0.912   0.398   1.165
 91 313 12 06 30  -0.669   0.872   0.445   1.193
 91 313 12 07 30  -0.673   0.881   0.457   1.204
 91 313 12 08 30  -0.510   1.029   0.469   1.242
 91 313 12 09 30  -0.519   1.032   0.452   1.241
 91 313 12 10 30  -0.529   1.106   0.320   1.269
 91 313 12 11 30  -0.439   1.171   0.420   1.320
 91 313 12 12 30  -0.369   1.218   0.368   1.326
 91 313 12 13 30  -0.300   1.217   0.349   1.304
 91 313 12 14 30  -0.537   1.083   0.028   1.228
 91 313 12 15 30  -0.265   1.194   0.135   1.238
 91 313 12 16 30  -0.140   1.299   0.110   1.312
 91 313 12 17 30  -0.064   1.301   0.191   1.317
 91 313 12 18 30  -0.018   1.302   0.145   1.312
 91 313 12 19 30   0.005   1.289   0.151   1.298
 91 313 12 20 30  -0.031   1.293   0.156   1.303
 91 313 12 21 30   0.004   1.290   0.168   1.302
 91 313 12 22 30  -0.014   1.290   0.222   1.311
 91 313 12 23 30  -0.035   1.310   0.127   1.320
 91 313 12 24 30   0.007   1.298   0.064   1.303
 91 313 12 25 30   0.082   1.293   0.127   1.302
 91 313 12 26 30   0.023   1.272   0.197   1.293
 91 313 12 27 30   0.016   1.253   0.172   1.272
 91 313 12 28 30   0.018   1.264   0.237   1.287
 91 313 12 29 30  -0.007   1.265   0.216   1.284
 91 313 12 30 30   0.008   1.279   0.190   1.294
 91 313 12 31 30   0.033   1.291   0.111   1.297
 91 313 12 32 30   0.068   1.298   0.059   1.303
 91 313 12 33 30  -0.034   1.255   0.250   1.301
 91 313 12 34 30  -0.486   1.085   0.504   1.298
 91 313 12 35 30  -0.453   1.089   0.502   1.284
 91 313 12 36 30  -0.401   1.115   0.459   1.272
 91 313 12 37 30  -0.292   1.117   0.316   1.199
 91 313 12 38 30  -0.396   1.122   0.378   1.250
 91 313 12 39 30  -0.416   1.069   0.380   1.225
 91 313 12 40 30  -0.213   0.964   0.560   1.136
 91 313 12 41 30  -0.389   0.947   0.523   1.154
 91 313 12 42 30  -0.514   1.067   0.392   1.248
 91 313 12 43 30  -0.511   1.055   0.407   1.242
 91 313 12 44 30  -0.497   1.044   0.435   1.237
 91 313 12 45 30  -0.492   0.996   0.441   1.199
 91 313 12 46 30  -0.685   0.770   0.442   1.123
 91 313 12 47 30  -0.707   0.753   0.456   1.130
 91 313 12 48 30  -0.753   0.724   0.456   1.142
 91 313 12 49 30  -0.729   0.724   0.503   1.145
 91 313 12 50 30  -0.701   0.758   0.470   1.136
 91 313 12 51 30  -0.693   0.734   0.520   1.137
 91 313 12 52 30  -0.654   0.768   0.514   1.133
 91 313 12 53 30  -0.741   0.643   0.550   1.127
 91 313 12 54 30  -0.760   0.578   0.595   1.127
 91 313 12 55 30  -0.721   0.587   0.610   1.113
 91 313 12 56 30  -0.692   0.603   0.641   1.122
 91 313 12 57 30  -0.705   0.587   0.652   1.129
 91 313 12 58 30  -0.764   0.544   0.659   1.147
 91 313 12 59 30  -0.794   0.560   0.625   1.156
 91 313 13 00 30  -0.770   0.581   0.623   1.149
 91 313 13 01 30  -0.722   0.635   0.616   1.144
 91 313 13 02 30  -0.624   0.738   0.593   1.137
 91 313 13 03 30  -0.531   0.873   0.552   1.163
 91 313 13 04 30  -0.467   1.004   0.527   1.229
 91 313 13 05 30  -0.495   1.017   0.502   1.238
 91 313 13 06 30  -0.507   1.004   0.456   1.215
 91 313 13 07 30  -0.532   1.093   0.411   1.288
 91 313 13 08 30  -0.538   1.167   0.359   1.337
 91 313 13 09 30  -0.506   1.163   0.356   1.318
 91 313 13 10 30  -0.445   1.078   0.337   1.214
 91 313 13 11 30  -0.446   1.010   0.282   1.140
 91 313 13 12 30  -0.511   1.089   0.371   1.260
 91 313 13 13 30  -0.406   1.121   0.258   1.221
 91 313 13 14 30  -0.343   1.119   0.211   1.194
 91 313 13 15 30  -0.402   1.198   0.322   1.314
 91 313 13 16 30  -0.488   1.209   0.466   1.385
 91 313 13 17 30  -0.449   1.261   0.376   1.391
 91 313 13 18 30  -0.434   1.193   0.430   1.341
 91 313 13 19 30  -0.523   1.144   0.611   1.401
 91 313 13 20 30  -0.543   1.121   0.641   1.401
 91 313 13 21 30  -0.516   1.177   0.589   1.414
 91 313 13 22 30  -0.510   1.183   0.585   1.417
 91 313 13 23 30  -0.567   1.170   0.557   1.415
 91 313 13 24 30  -0.575   1.159   0.561   1.412
 91 313 13 25 30  -0.531   1.158   0.609   1.413
 91 313 13 26 30  -0.480   1.242   0.466   1.412
 91 313 13 27 30  -0.490   1.251   0.443   1.416
 91 313 13 28 30  -0.471   1.270   0.384   1.409
 91 313 13 29 30  -0.480   1.264   0.378   1.404
 91 313 13 30 30  -0.461   1.268   0.368   1.401
 91 313 13 31 30  -0.424   1.307   0.309   1.409
 91 313 13 32 30  -0.388   1.314   0.322   1.407
 91 313 13 33 30  -0.429   1.301   0.281   1.398
 91 313 13 34 30  -0.437   1.284   0.335   1.400
 91 313 13 35 30  -0.491   1.212   0.520   1.408
 91 313 13 36 30  -0.495   1.187   0.565   1.408
 91 313 13 37 30  -0.457   1.277   0.370   1.409
 91 313 13 38 30  -0.369   1.332   0.203   1.404
 91 313 13 39 30  -0.407   1.329   0.192   1.404
 91 313 13 40 30  -0.378   1.333   0.196   1.400
 91 313 13 41 30  -0.381   1.340   0.222   1.412
 91 313 13 42 30  -0.404   1.322   0.329   1.422
 91 313 13 43 30  -0.417   1.327   0.270   1.418
 91 313 13 44 30  -0.394   1.338   0.243   1.417
 91 313 13 45 30  -0.377   1.351   0.238   1.424
 91 313 13 46 30  -0.328   1.372   0.228   1.430
 91 313 13 47 30  -0.375   1.337   0.296   1.421
 91 313 13 48 30  -0.379   1.329   0.338   1.424
 91 313 13 49 30  -0.419   1.327   0.327   1.430
 91 313 13 50 30  -0.427   1.340   0.300   1.438
 91 313 13 51 30  -0.416   1.346   0.299   1.440
 91 313 13 52 30  -0.425   1.339   0.278   1.432
 91 313 13 53 30  -0.422   1.342   0.280   1.435
 91 313 13 54 30  -0.461   1.319   0.300   1.430
 91 313 13 55 30  -0.496   1.313   0.340   1.445
 91 313 13 56 30  -0.481   1.308   0.368   1.442
 91 313 13 57 30  -0.522   1.318   0.226   1.438
 91 313 13 58 30  -0.454   1.331   0.283   1.437
 91 313 13 59 30  -0.437   1.334   0.306   1.438
 91 313 14 00 30  -0.428   1.341   0.312   1.442
 91 313 14 01 30  -0.443   1.343   0.299   1.446
 91 313 14 02 30  -0.461   1.338   0.309   1.449
 91 313 14 03 30  -0.473   1.327   0.283   1.438
 91 313 14 04 30  -0.585   1.269   0.315   1.434
 91 313 14 05 30  -0.590   1.283   0.231   1.431
 91 313 14 06 30  -0.457   1.325   0.295   1.441
 91 313 14 07 30  -0.348   1.360   0.344   1.446
 91 313 14 08 30  -0.396   1.351   0.319   1.444
 91 313 14 09 30  -0.381   1.353   0.337   1.446
 91 313 14 10 30  -0.378   1.343   0.380   1.446
 91 313 14 11 30  -0.354   1.346   0.394   1.447
 91 313 14 12 30  -0.395   1.350   0.350   1.450
 91 313 14 13 30  -0.421   1.358   0.294   1.453
 91 313 14 14 30  -0.453   1.347   0.285   1.451
 91 313 14 15 30  -0.469   1.336   0.260   1.441
 91 313 14 16 30  -0.455   1.316   0.217   1.413
 91 313 14 17 30  -0.433   1.320   0.218   1.408
 91 313 14 18 30  -0.432   1.320   0.218   1.407
 91 313 14 19 30  -0.456   1.325   0.211   1.418
 91 313 14 20 30  -0.464   1.318   0.209   1.415
 91 313 14 21 30  -0.419   1.324   0.210   1.406
 91 313 14 22 30  -0.433   1.303   0.308   1.414
 91 313 14 23 30  -0.485   1.322   0.108   1.414
 91 313 14 24 30  -0.493   1.325   0.096   1.418
 91 313 14 25 30  -0.443   1.339   0.002   1.414
 91 313 14 26 30  -0.437   1.287   0.268   1.389
 91 313 14 27 30  -0.469   1.264   0.389   1.405
 91 313 14 28 30  -0.414   1.304   0.273   1.398
 91 313 14 29 30  -0.427   1.298   0.225   1.387
 91 313 14 30 30  -0.486   1.296   0.177   1.396
 91 313 14 31 30  -0.501   1.291   0.157   1.394
 91 313 14 32 30  -0.391   1.287   0.354   1.393
 91 313 14 33 30  -0.434   1.267   0.363   1.388
 91 313 14 34 30  -0.477   1.256   0.325   1.383
 91 313 14 35 30  -0.508   1.237   0.337   1.379
 91 313 14 36 30  -0.511   1.234   0.315   1.373
 91 313 14 37 30  -0.513   1.252   0.288   1.385
 91 313 14 38 30  -0.525   1.257   0.261   1.388
 91 313 14 39 30  -0.580   1.223   0.325   1.393
 91 313 14 40 30  -0.580   1.221   0.292   1.385
 91 313 14 41 30  -0.574   1.227   0.196   1.373
 91 313 14 42 30  -0.616   1.213   0.138   1.368
 91 313 14 43 30  -0.659   1.195   0.105   1.370
 91 313 14 44 30  -0.668   1.187   0.099   1.366
 91 313 14 45 30  -0.644   1.190   0.119   1.359
 91 313 14 46 30  -0.611   1.195   0.142   1.351
 91 313 14 47 30  -0.623   1.203   0.156   1.364
 91 313 14 48 30  -0.595   1.223   0.169   1.371
 91 313 14 49 30  -0.578   1.233   0.166   1.372
 91 313 14 50 30  -0.539   1.223   0.223   1.355
 91 313 14 51 30  -0.561   1.219   0.224   1.362
 91 313 14 52 30  -0.594   1.234   0.176   1.381
 91 313 14 53 30  -0.583   1.244   0.158   1.384
 91 313 14 54 30  -0.575   1.246   0.115   1.381
 91 313 14 55 30  -0.613   1.227   0.121   1.377
 91 313 14 56 30  -0.596   1.257   0.068   1.395
 91 313 14 57 30  -0.562   1.239   0.102   1.367
 91 313 14 58 30  -0.544   1.226   0.119   1.348
 91 313 14 59 30  -0.529   1.202   0.096   1.317
 91 313 15 00 30  -0.520   1.187   0.088   1.299
 91 313 15 01 30  -0.508   1.186   0.080   1.293
 91 313 15 02 30  -0.520   1.169   0.060   1.281
 91 313 15 03 30  -0.520   1.175   0.067   1.286
 91 313 15 04 30  -0.527   1.161   0.057   1.276
 91 313 15 05 30  -0.509   1.159   0.040   1.267
 91 313 15 06 30  -0.521   1.162   0.026   1.274
 91 313 15 07 30  -0.555   1.178   0.001   1.302
 91 313 15 08 30  -0.510   1.185  -0.034   1.298
 91 313 15 09 30  -0.023   1.256  -0.268   1.285
 91 313 15 10 30   0.049   1.270  -0.281   1.308
 91 313 15 11 30   0.059   1.316  -0.271   1.352
 91 313 15 12 30  -0.165   1.333  -0.186   1.358
 91 313 15 13 30  -0.196   1.319  -0.232   1.356
 91 313 15 14 30  -0.120   1.272  -0.360   1.331
 91 313 15 15 30  -0.236   1.258  -0.302   1.315
 91 313 15 16 30  -0.283   1.277  -0.291   1.340
 91 313 15 17 30  -0.251   1.292  -0.265   1.343
 91 313 15 18 30  -0.223   1.241  -0.231   1.283
 91 313 15 19 30  -0.108   1.267  -0.177   1.285
 91 313 15 20 30  -0.171   1.251  -0.197   1.283
 91 313 15 21 30  -0.181   1.329  -0.208   1.359
 91 313 15 22 30  -0.163   1.368  -0.146   1.386
 91 313 15 23 30  -0.150   1.387  -0.143   1.402
 91 313 15 24 30  -0.008   1.400  -0.188   1.416
 91 313 15 25 30   0.013   1.423  -0.212   1.439
 91 313 15 26 30   0.056   1.388  -0.257   1.413
 91 313 15 27 30   0.030   1.350  -0.318   1.389
 91 313 15 28 30  -0.214   1.367  -0.229   1.403
 91 313 15 29 30  -0.229   1.369  -0.215   1.406
 91 313 15 30 30  -0.290   1.362  -0.228   1.412
 91 313 15 31 30  -0.280   1.348  -0.196   1.391
 91 313 15 32 30  -0.308   1.336  -0.176   1.382
 91 313 15 33 30  -0.325   1.320  -0.126   1.366
 91 313 15 34 30  -0.309   1.294  -0.070   1.332
 91 313 15 35 30  -0.258   1.364  -0.183   1.402
 91 313 15 36 30  -0.276   1.396  -0.182   1.435
 91 313 15 37 30  -0.303   1.398  -0.286   1.460
 91 313 15 38 30  -0.226   1.413  -0.223   1.450
 91 313 15 39 30  -0.216   1.378  -0.249   1.418
 91 313 15 40 30  -0.239   1.364  -0.267   1.411
 91 313 15 41 30  -0.241   1.355  -0.207   1.397
 91 313 15 42 30  -0.154   1.383  -0.330   1.430
 91 313 15 43 30  -0.139   1.416  -0.364   1.469
 91 313 15 44 30  -0.195   1.405  -0.345   1.460
 91 313 15 45 30  -0.233   1.400  -0.373   1.468
 91 313 15 46 30  -0.248   1.399  -0.351   1.464
 91 313 15 47 30  -0.259   1.389  -0.368   1.461
 91 313 15 48 30  -0.260   1.370  -0.392   1.451
 91 313 15 49 30  -0.300   1.377  -0.362   1.456
 91 313 15 50 30  -0.361   1.366  -0.424   1.477
 91 313 15 51 30  -0.231   1.315  -0.538   1.452
 91 313 15 52 30   0.317   1.116  -0.881   1.467
 91 313 15 53 30   0.326   1.106  -0.880   1.480
 91 313 15 54 30  -0.382   1.389  -0.362   1.495
 91 313 15 55 30  -0.486   1.391  -0.167   1.485
 91 313 15 56 30  -0.452   1.425  -0.138   1.503
 91 313 15 57 30  -0.483   1.422  -0.092   1.505
 91 313 15 58 30  -0.470   1.342  -0.328   1.470
 91 313 15 59 30  -0.470   1.298  -0.391   1.438
 91 313 16 00 30  -0.384   1.310  -0.374   1.422
 91 313 16 01 30  -0.289   1.320  -0.417   1.427
 91 313 16 02 30  -0.433   1.426  -0.255   1.512
 91 313 16 03 30  -0.382   1.439  -0.274   1.518
 91 313 16 04 30  -0.363   1.419  -0.263   1.490
 91 313 16 05 30  -0.334   1.381  -0.251   1.444
 91 313 16 06 30  -0.317   1.385  -0.256   1.444
 91 313 16 07 30  -0.313   1.386  -0.242   1.441
 91 313 16 08 30  -0.317   1.382  -0.239   1.439
 91 313 16 09 30  -0.342   1.355  -0.324   1.441
 91 313 16 10 30  -0.381   1.321  -0.461   1.451
 91 313 16 11 30  -0.365   1.305  -0.468   1.437
 91 313 16 12 30  -0.398   1.326  -0.408   1.445
 91 313 16 13 30  -0.456   1.287  -0.381   1.423
 91 313 16 14 30  -0.463   1.260  -0.440   1.415
 91 313 16 15 30  -0.473   1.302  -0.348   1.429
 91 313 16 16 30  -0.461   1.277  -0.384   1.417
 91 313 16 17 30  -1.116   0.797   0.538   1.484
 91 313 16 18 30  -1.126   0.729   0.583   1.464
 91 313 16 19 30  -1.112   0.779   0.584   1.478
 91 313 16 20 30  -1.114   0.790   0.613   1.497
 91 313 16 21 30  -1.085   0.816   0.590   1.480
 91 313 16 22 30  -1.009   0.869   0.530   1.434
 91 313 16 23 30  -0.987   0.806   0.535   1.382
 91 313 16 24 30  -0.931   0.911   0.480   1.391
 91 313 16 25 30  -0.844   1.018   0.394   1.380
 91 313 16 26 30  -0.797   1.021   0.403   1.358
 91 313 16 27 30  -0.768   1.029   0.408   1.349
 91 313 16 28 30  -0.682   1.121   0.260   1.339
 91 313 16 29 30  -0.588   1.129   0.176   1.289
 91 313 16 30 30  -0.601   1.115   0.156   1.280
 91 313 16 31 30  -0.609   1.067   0.292   1.265
 91 313 16 32 30  -0.500   1.123   0.091   1.261
 91 313 16 33 30  -0.278   1.152   0.066   1.236
 91 313 16 34 30  -0.442   0.929   0.589   1.189
 91 313 16 35 30  -0.456   0.815   0.794   1.227
 91 313 16 36 30  -0.508   0.817   0.780   1.240
 91 313 16 37 30  -0.546   0.809   0.787   1.254
 91 313 16 38 30  -0.520   0.738   0.897   1.273
 91 313 16 39 30  -0.512   0.776   0.848   1.262
 91 313 16 40 30  -0.519   0.891   0.659   1.228
 91 313 16 41 30  -0.549   0.802   0.889   1.320
 91 313 16 42 30  -0.508   0.812   0.850   1.283
 91 313 16 43 30  -0.538   0.724   0.912   1.283
 91 313 16 44 30  -0.534   0.720   0.915   1.281
 91 313 16 45 30  -0.534   0.745   0.896   1.282
 91 313 16 46 30  -0.558   0.766   0.890   1.301
 91 313 16 47 30  -0.543   0.762   0.910   1.306
 91 313 16 48 30  -0.564   0.750   0.894   1.296
 91 313 16 49 30  -0.574   0.754   0.887   1.298
 91 313 16 50 30  -0.568   0.733   0.909   1.299
 91 313 16 51 30  -0.566   0.645   1.018   1.332
 91 313 16 52 30  -0.546   0.653   1.027   1.334
 91 313 16 53 30  -0.556   0.649   1.009   1.323
 91 313 16 54 30  -0.574   0.715   0.973   1.337
 91 313 16 55 30  -0.564   0.713   0.971   1.330
 91 313 16 56 30  -0.561   0.719   0.948   1.316
 91 313 16 57 30  -0.581   0.674   0.990   1.332
 91 313 16 58 30  -0.559   0.711   0.964   1.323
 91 313 16 59 30  -0.547   0.725   0.950   1.315
 91 313 17 00 30  -0.558   0.698   0.950   1.304
 91 313 17 01 30  -0.548   0.602   0.979   1.274
 91 313 17 02 30  -0.562   0.540   0.996   1.266
 91 313 17 03 30  -0.623   0.565   0.944   1.268
 91 313 17 04 30  -0.558   0.536   0.999   1.264
 91 313 17 05 30  -0.565   0.600   0.955   1.263
 91 313 17 06 30  -0.555   0.373   1.079   1.271
 91 313 17 07 30  -0.522   0.321   1.097   1.257
 91 313 17 08 30  -0.522   0.348   1.094   1.262
 91 313 17 09 30  -0.525   0.374   1.097   1.272
 91 313 17 10 30  -0.552   0.327   1.086   1.262
 91 313 17 11 30  -0.561   0.317   1.086   1.263
 91 313 17 12 30  -0.556   0.340   1.071   1.254
 91 313 17 13 30  -0.600   0.311   1.078   1.274
 91 313 17 14 30  -0.575   0.368   1.072   1.271
 91 313 17 15 30  -0.589   0.378   1.048   1.261
 91 313 17 16 30  -0.585   0.295   1.099   1.280
 91 313 17 17 30  -0.573   0.289   1.096   1.272
 91 313 17 18 30  -0.613   0.333   1.087   1.292
 91 313 17 19 30  -0.540   0.224   1.123   1.267
 91 313 17 20 30  -0.523   0.121   1.148   1.271
 91 313 17 21 30  -0.544   0.145   1.134   1.267
 91 313 17 22 30  -0.515   0.033   1.116   1.231
 91 313 17 23 30  -0.449  -0.071   1.047   1.141
 91 313 17 24 30  -0.462  -0.086   1.049   1.150
 91 313 17 25 30  -0.468   0.152   1.030   1.232
 91 313 17 26 30  -0.586   0.751   0.946   1.344
 91 313 17 27 30  -0.602   0.584   1.037   1.336
 91 313 17 28 30  -0.606   0.634   0.990   1.323
 91 313 17 29 30  -0.633   0.652   0.970   1.330
 91 313 17 30 30  -0.619   0.606   0.937   1.277
 91 313 17 31 30  -0.608   0.593   0.973   1.292
 91 313 17 32 30  -0.585   0.541   0.991   1.272
 91 313 17 33 30  -0.592   0.473   1.035   1.283
 91 313 17 34 30  -0.598   0.385   1.046   1.266
 91 313 17 35 30  -0.540   0.279   1.003   1.173
 91 313 17 36 30  -0.525   0.336   0.983   1.164
 91 313 17 37 30  -0.545   0.347   0.978   1.173
 91 313 17 38 30  -0.566   0.307   0.970   1.165
 91 313 17 39 30  -0.557   0.316   0.987   1.177
 91 313 17 40 30  -0.549   0.306   0.984   1.167
 91 313 17 41 30  -0.550   0.314   0.977   1.165
 91 313 17 42 30  -0.540   0.329   0.984   1.170
 91 313 17 43 30  -0.515   0.332   0.979   1.155
 91 313 17 44 30  -0.403   0.420   0.846   1.064
 91 313 17 45 30  -0.152   0.869   0.109   0.931
 91 313 17 46 30  -0.001   0.823  -0.119   0.843
 91 313 17 47 30   0.105   0.775  -0.393   0.879
 91 313 17 48 30  -0.062   0.914  -0.156   0.960
 91 313 17 49 30  -0.155   1.007  -0.083   1.025
 91 313 17 50 30  -0.183   0.852   0.109   0.884
 91 313 17 51 30  -0.190   0.825   0.127   0.857
 91 313 17 52 30  -0.183   0.845   0.186   0.885
 91 313 17 53 30  -0.216   0.868   0.136   0.905
 91 313 17 54 30  -0.163   0.860   0.196   0.901
 91 313 17 55 30  -0.159   0.893   0.121   0.916
 91 313 17 56 30  -0.181   1.140   0.128   1.161
 91 313 17 57 30  -0.171   1.074   0.122   1.094
 91 313 17 58 30  -0.152   1.108   0.065   1.121
 91 313 17 59 30  -0.151   1.236   0.021   1.245
 91 313 18 00 30  -0.164   1.230   0.079   1.243
 91 313 18 01 30  -0.119   1.192   0.074   1.201
 91 313 18 02 30  -0.164   1.183   0.092   1.198
 91 313 18 03 30  -0.152   1.247   0.055   1.257
 91 313 18 04 30  -0.140   1.265   0.062   1.274
 91 313 18 05 30  -0.149   1.273   0.039   1.282
 91 313 18 06 30  -0.134   1.262   0.030   1.269
 91 313 18 07 30  -0.137   1.206   0.055   1.216
 91 313 18 08 30  -0.124   1.062   0.172   1.083
 91 313 18 09 30  -0.116   1.054   0.262   1.092
 91 313 18 10 30  -0.102   1.043   0.276   1.084
 91 313 18 11 30  -0.127   1.015   0.318   1.072
 91 313 18 12 30  -0.144   1.018   0.301   1.072
 91 313 18 13 30  -0.136   1.054   0.329   1.113
 91 313 18 14 30  -0.111   1.014   0.336   1.074
 91 313 18 15 30  -0.120   0.973   0.312   1.029
 91 313 18 16 30  -0.127   1.002   0.334   1.064
 91 313 18 17 30  -0.182   1.125   0.331   1.188
 91 313 18 18 30  -0.199   1.212   0.374   1.285
 91 313 18 19 30  -0.179   1.219   0.444   1.310
 91 313 18 20 30  -0.220   1.215   0.430   1.308
 91 313 18 21 30  -0.222   1.222   0.433   1.316
 91 313 18 22 30  -0.218   1.233   0.454   1.332
 91 313 18 23 30  -0.228   1.280   0.468   1.382
 91 313 18 24 30  -0.233   1.287   0.501   1.401
 91 313 18 25 30  -0.261   1.278   0.488   1.393
 91 313 18 26 30  -0.234   1.267   0.505   1.384
 91 313 18 27 30  -0.251   1.246   0.505   1.369
 91 313 18 28 30  -0.250   1.234   0.490   1.351
 91 313 18 29 30  -0.279   1.268   0.518   1.398
 91 313 18 30 30  -0.309   1.258   0.508   1.392
 91 313 18 31 30  -0.289   1.265   0.538   1.405
 91 313 18 32 30  -0.270   1.364   0.629   1.527
 91 313 18 33 30  -0.259   1.378   0.587   1.521
 91 313 18 34 30  -0.306   1.398   0.546   1.532
 91 313 18 35 30  -0.286   1.384   0.568   1.524
 91 313 18 36 30  -0.292   1.400   0.553   1.533
 91 313 18 37 30  -0.284   1.434   0.577   1.572
 91 313 18 38 30  -0.266   1.440   0.633   1.595
 91 313 18 39 30  -0.270   1.426   0.664   1.596
 91 313 18 40 30  -0.258   1.419   0.654   1.584
 91 313 18 41 30  -0.260   1.417   0.667   1.587
 91 313 18 42 30  -0.283   1.412   0.686   1.595
 91 313 18 43 30  -0.254   1.413   0.659   1.581
 91 313 18 44 30  -0.212   1.405   0.690   1.580
 91 313 18 45 30  -0.214   1.370   0.721   1.563
 91 313 18 46 30  -0.238   1.346   0.749   1.559
 91 313 18 47 30  -0.237   1.322   0.768   1.547
 91 313 18 48 30  -0.230   1.298   0.794   1.539
 91 313 18 49 30  -0.214   1.267   0.818   1.524
 91 313 18 50 30  -0.238   1.291   0.773   1.526
 91 313 18 51 30  -0.248   1.332   0.762   1.555
 91 313 18 52 30  -0.240   1.349   0.781   1.577
 91 313 18 53 30  -0.241   1.353   0.786   1.583
 91 313 18 54 30  -0.237   1.270   0.814   1.528
 91 313 18 55 30  -0.267   1.289   0.764   1.522
 91 313 18 56 30  -0.227   1.279   0.788   1.520
 91 313 18 57 30  -0.243   1.267   0.809   1.523
 91 313 18 58 30  -0.251   1.281   0.769   1.515
 91 313 18 59 30  -0.265   1.308   0.729   1.521
 91 313 19 00 30  -0.235   1.286   0.824   1.547
 91 313 19 01 30  -0.307   1.167   0.455   1.297
 91 313 19 02 30  -0.327   1.157   0.374   1.259
 91 313 19 03 30  -0.416   1.152   0.331   1.282
 91 313 19 04 30  -0.474   1.202   0.036   1.294
 91 313 19 05 30  -0.481   1.137  -0.073   1.240
 91 313 19 06 30  -0.462   1.207  -0.008   1.294
 91 313 19 07 30  -0.467   1.253   0.039   1.338
 91 313 19 08 30  -0.475   1.243   0.023   1.331
 91 313 19 09 30  -0.434   1.265  -0.005   1.338
 91 313 19 10 30  -0.454   1.272  -0.038   1.352
 91 313 19 11 30  -0.436   1.275  -0.091   1.350
 91 313 19 13 30  -0.452   1.273  -0.020   1.351
 91 313 19 14 30  -0.426   1.310  -0.066   1.380
 91 313 19 15 30  -0.412   1.261  -0.030   1.328
 91 313 19 16 30  -0.350   1.102   0.241   1.184
 91 313 19 17 30  -0.290   1.111   0.176   1.162
 91 313 19 19 30  -0.389   0.854   0.776   1.220
 91 313 19 20 30  -0.202   0.883   0.798   1.209
 91 313 19 21 30  -0.161   0.790   0.767   1.114
 91 313 19 22 30  -0.140   0.780   0.766   1.103
 91 313 19 23 30  -0.063   0.622   0.881   1.082
 91 313 19 24 30  -0.048   0.580   0.974   1.135
 91 313 19 25 30  -0.035   0.564   0.988   1.138
 91 313 19 26 30  -0.058   0.556   0.946   1.100
 91 313 19 27 30  -0.051   0.570   0.846   1.022
 91 313 19 28 30  -0.050   0.499   0.879   1.014
 91 313 19 29 30  -0.011   0.385   0.745   0.841
 91 313 19 30 30  -0.025   0.376   0.853   0.933
 91 313 19 31 30  -0.062   0.558   0.863   1.033
 91 313 19 32 30  -0.092   0.726   0.926   1.180
 91 313 19 33 30  -0.114   0.795   0.893   1.201
 91 313 19 34 30  -0.117   0.835   0.841   1.192
 91 313 19 35 30  -0.126   0.899   0.777   1.195
 91 313 19 36 30  -0.130   0.904   0.786   1.205
 91 313 19 37 30  -0.113   0.923   0.787   1.219
 91 313 19 38 30  -0.115   0.938   0.764   1.216
 91 313 19 39 30  -0.087   0.945   0.739   1.205
 91 313 19 40 30   0.366   0.541   0.585   0.907
 91 313 19 41 30   0.056   0.562   0.567   0.894
 91 313 19 42 30  -0.156   0.803   0.552   0.989
 91 313 19 43 30  -0.219   0.865   0.497   1.024
 91 313 19 44 30  -0.287   0.956   0.418   1.085
 91 313 19 45 30  -0.218   0.847   0.594   1.058
 91 313 19 46 30  -0.159   0.803   0.591   1.012
 91 313 19 47 30  -0.134   0.752   0.583   0.965
 91 313 19 48 30  -0.272   0.833   0.499   1.012
 91 313 19 49 30  -0.177   0.797   0.486   0.955
 91 313 19 50 30  -0.241   1.013   0.678   1.244
 91 313 19 51 30  -0.192   0.959   0.691   1.198
 91 313 19 52 30  -0.201   0.949   0.736   1.219
 91 313 19 53 30  -0.177   0.938   0.797   1.244
 91 313 19 54 30  -0.166   0.964   0.785   1.254
 91 313 19 55 30  -0.121   1.002   0.678   1.217
 91 313 19 56 30  -0.121   0.978   0.657   1.185
 91 313 19 57 30  -0.124   0.994   0.637   1.188
 91 313 19 58 30  -0.100   0.595   0.498   0.922
 91 313 19 59 30   0.236  -1.006   0.146   1.079
 91 313 20 00 30   0.320  -1.210   0.068   1.255
 91 313 20 01 30   0.399  -1.035   0.181   1.128
 91 313 20 02 30   0.395  -1.105   0.257   1.208
 91 313 20 03 30   0.366  -0.888   0.357   1.060
 91 313 20 04 30   0.405  -0.893   0.365   1.059
 91 313 20 05 30   0.468  -0.968   0.171   1.092
 91 313 20 06 30   0.626  -0.882   0.082   1.093
 91 313 20 07 30   0.537  -0.928  -0.150   1.104
 91 313 20 08 30   0.410  -1.055  -0.105   1.140
 91 313 20 09 30   0.363  -0.941  -0.225   1.041
 91 313 20 10 30   0.317  -0.911  -0.162   0.988
 91 313 20 11 30   0.236  -0.830   0.085   0.883
 91 313 20 12 30   0.034  -0.580   0.641   0.953
 91 313 20 13 30  -0.200  -0.051   0.989   1.021
 91 313 20 14 30  -0.211  -0.001   1.055   1.080
 91 313 20 15 30  -0.151  -0.072   0.868   0.886
 91 313 20 16 30  -0.158  -0.151   1.000   1.024
 91 313 20 17 30  -0.250   0.045   0.979   1.013
 91 313 20 18 30  -0.145  -0.104   0.926   0.947
 91 313 20 19 30  -0.024  -0.443   0.902   1.006
 91 313 20 20 30  -0.030  -0.422   0.836   0.937
 91 313 20 21 30  -0.126  -0.208   1.030   1.065
 91 313 20 22 30  -0.049  -0.238   1.112   1.140
 91 313 20 23 30  -0.021  -0.298   1.212   1.249
 91 313 20 24 30  -0.011  -0.292   1.312   1.344
 91 313 20 25 30  -0.051  -0.246   1.350   1.374
 91 313 20 26 30  -0.052  -0.227   1.359   1.380
 91 313 20 27 30  -0.076  -0.230   1.372   1.394
 91 313 20 28 30  -0.023  -0.256   1.401   1.425
 91 313 20 29 30  -0.089  -0.190   1.410   1.426
 91 313 20 30 30  -0.072  -0.148   1.409   1.423
 91 313 20 31 30  -0.144   0.007   1.361   1.369
 91 313 20 32 30  -0.093  -0.005   1.279   1.284
 91 313 20 33 30  -0.159   0.077   1.226   1.239
 91 313 20 34 30  -0.139   0.068   1.210   1.220
 91 313 20 35 30  -0.179   0.117   1.205   1.231
 91 313 20 36 30  -0.399   0.385   1.146   1.273
 91 313 20 37 30  -0.305   0.400   1.173   1.278
 91 313 20 38 30  -0.233   0.416   1.177   1.271
 91 313 20 39 30  -0.239   0.435   1.170   1.272
 91 313 20 40 30  -0.208   0.414   1.161   1.251
 91 313 20 41 30  -0.228   0.357   1.168   1.243
 91 313 20 42 30  -0.258   0.390   1.160   1.251
 91 313 20 43 30  -0.261   0.403   1.187   1.281
 91 313 20 44 30  -0.250   0.393   1.135   1.228
 91 313 20 45 30  -0.226   0.414   0.996   1.103
 91 313 20 46 30  -0.234   0.453   0.947   1.076
 91 313 20 47 30  -0.242   0.555   0.887   1.118
 91 313 20 48 30  -0.306   0.988   0.625   1.209
 91 313 20 49 30  -0.315   0.963   0.620   1.192
 91 313 20 50 30  -0.324   0.802   0.796   1.178
 91 313 20 51 30  -0.314   0.799   0.820   1.187
 91 313 20 52 30  -0.342   0.787   0.855   1.212
 91 313 20 53 30  -0.367   0.760   0.882   1.221
 91 313 20 54 30  -0.377   0.747   0.872   1.209
 91 313 20 55 30  -0.342   0.769   0.883   1.221
 91 313 20 56 30  -0.306   0.859   0.848   1.247
 91 313 20 57 30  -0.307   0.850   0.839   1.234
 91 313 20 58 30  -0.347   0.765   0.839   1.189
 91 313 20 59 30  -0.260   0.689   0.667   1.002
 91 313 21 00 30  -0.302   0.651   0.653   1.002
 91 313 21 01 30  -0.282   0.629   0.770   1.049
 91 313 21 02 30  -0.340   0.351   1.001   1.117
 91 313 21 03 30  -0.362   0.261   1.066   1.156
 91 313 21 04 30  -0.368   0.253   1.069   1.161
 91 313 21 05 30  -0.367   0.733   0.770   1.166
 91 313 21 06 30  -0.333   0.885   0.629   1.137
 91 313 21 07 30  -0.141   0.165   0.069   1.182
 91 313 21 08 30  -0.256   0.627   0.964   1.178
 91 313 21 09 30  -0.205   0.925   0.769   1.221
 91 313 21 10 30  -0.214   0.938   0.780   1.240
 91 313 21 11 30  -0.119   1.084   0.583   1.241
 91 313 21 12 30  -0.365   0.650   0.976   1.236
 91 313 21 13 30  -0.358   0.461   1.015   1.173
 91 313 21 14 30  -0.363   0.454   0.964   1.129
 91 313 21 15 30  -0.299   0.639   0.818   1.085
 91 313 21 16 30  -0.376   0.336   0.962   1.090
 91 313 21 17 30  -0.377   0.325   0.911   1.042
 91 313 21 18 30  -0.374   0.216   0.920   1.023
 91 313 21 19 30  -0.315   0.153   0.975   1.038
 91 313 21 20 30  -0.296   0.128   0.983   1.035
 91 313 21 21 30  -0.325   0.176   0.939   1.011
 91 313 21 22 30  -0.311   0.196   0.953   1.022
 91 313 21 23 30  -0.327   0.278   0.963   1.057
 91 313 21 24 30  -0.354   0.192   0.968   1.051
 91 313 21 25 30  -0.360   0.070   1.035   1.100
 91 313 21 26 30  -0.294   0.142   1.004   1.056
 91 313 21 27 30  -0.241   0.165   0.972   1.017
 91 313 21 28 30  -0.187   0.168   1.015   1.046
 91 313 21 29 30  -0.202   0.153   1.031   1.063
 91 313 21 30 30  -0.229   0.080   1.046   1.075
 91 313 21 31 30  -0.152   0.042   1.062   1.076
 91 313 21 32 30  -0.090  -0.070   1.076   1.083
 91 313 21 33 30  -0.024  -0.020   1.072   1.073
 91 313 21 34 30  -0.170  -0.053   1.073   1.089
 91 313 21 35 30  -0.185  -0.106   1.092   1.113
 91 313 21 36 30  -0.170  -0.254   1.049   1.093
 91 313 21 37 30  -0.153  -0.258   1.040   1.083
 91 313 21 38 30  -0.249  -0.207   1.040   1.091
 91 313 21 39 30  -0.317  -0.202   1.023   1.096
 91 313 21 40 30  -0.299  -0.175   1.032   1.091
 91 313 21 41 30  -0.260  -0.125   1.039   1.079
 91 313 21 42 30  -0.301  -0.095   1.057   1.104
 91 313 21 43 30  -0.300   0.043   0.968   1.019
 91 313 21 44 30  -0.295   0.107   0.814   0.874
 91 313 21 45 30  -0.288   0.074   0.810   0.866
 91 313 21 46 30  -0.268   0.118   0.790   0.845
 91 313 21 47 30  -0.185   0.390   0.620   0.758
 91 313 21 48 30  -0.159   0.400   0.553   0.707
 91 313 21 49 30  -0.054   0.495   0.464   0.693
 91 313 21 50 30  -0.269   0.311   0.498   0.657
 91 313 21 51 30  -0.260   0.347   0.483   0.650
 91 313 21 52 30  -0.207   0.377   0.447   0.621
 91 313 21 53 30  -0.227   0.390   0.457   0.645
 91 313 21 54 30  -0.198   0.467   0.380   0.635
 91 313 21 55 30  -0.231   0.493   0.348   0.648
 91 313 21 56 30  -0.190   0.550   0.351   0.681
 91 313 21 57 30  -0.050   0.596   0.331   0.687
 91 313 21 58 30  -0.005   0.517   0.314   0.624
 91 313 21 59 30   0.100   0.470   0.356   0.602
 91 313 22 00 30   0.091   0.524   0.301   0.613
 91 313 22 01 30   0.062   0.601   0.219   0.648
 91 313 22 02 30  -0.046   0.537   0.026   0.543
 91 313 22 03 30  -0.131   0.535   0.168   0.596
 91 313 22 04 30  -0.162   0.595   0.086   0.631
 91 313 22 05 30  -0.173   0.589   0.060   0.617
 91 313 22 06 30  -0.204   0.629   0.034   0.663
 91 313 22 07 30  -0.227   0.657   0.053   0.698
 91 313 22 08 30  -0.278   0.666   0.092   0.735
 91 313 22 09 30  -0.109   0.689   0.041   0.702
 91 313 22 10 30  -0.153   0.692   0.032   0.713
 91 313 22 11 30  -0.069   0.736   0.020   0.746
 91 313 22 12 30   0.033   0.813   0.123   0.828
 91 313 22 13 30  -0.027   0.816   0.251   0.859
 91 313 22 14 30  -0.073   0.824   0.281   0.875
 91 313 22 15 30  -0.057   0.826   0.209   0.855
 91 313 22 16 30  -0.059   0.820   0.246   0.859
 91 313 22 17 30  -0.058   0.790   0.281   0.841
 91 313 22 18 30  -0.080   0.771   0.381   0.864
 91 313 22 19 30  -0.160   0.725   0.377   0.835
 91 313 22 20 30  -0.146   0.733   0.358   0.830
 91 313 22 21 30  -0.136   0.654   0.420   0.790
 91 313 22 22 30  -0.182   0.542   0.512   0.770
 91 313 22 23 30  -0.243   0.086   0.623   0.804
 91 313 22 24 30  -0.360  -0.402   0.703   0.891
 91 313 22 25 30  -0.277  -0.429   0.720   0.887
 91 313 22 26 30  -0.264  -0.606   0.579   0.888
 91 313 22 27 30  -0.226  -0.619   0.328   0.794
 91 313 22 28 30  -0.271   0.277   0.275   0.495
 91 313 22 29 30  -0.268   0.400   0.312   0.576
 91 313 22 30 30  -0.253   0.349   0.354   0.560
 91 313 22 31 30  -0.276  -0.015   0.368   0.468
 91 313 22 32 30  -0.332  -0.126   0.464   0.595
 91 313 22 33 30  -0.393  -0.015   0.400   0.566
 91 313 22 34 30  -0.433  -0.067   0.318   0.551
 91 313 22 35 30  -0.297  -0.180   0.323   0.493
 91 313 22 36 30  -0.268  -0.303   0.165   0.444
 91 313 22 37 30  -0.293  -0.540   0.178   0.645
 91 313 22 38 30  -0.416  -0.301   0.329   0.614
 91 313 22 39 30  -0.450  -0.376   0.201   0.631
 91 313 22 40 30  -0.477  -0.364   0.130   0.620
 91 313 22 41 30  -0.482  -0.252   0.265   0.609
 91 313 22 42 30  -0.455  -0.298   0.251   0.601
 91 313 22 43 30  -0.449  -0.164   0.190   0.516
 91 313 22 44 30  -0.409  -0.182   0.254   0.519
 91 313 22 45 30  -0.475  -0.310   0.296   0.642
 91 313 22 46 30  -0.470  -0.339   0.255   0.635
 91 313 22 47 30  -0.544  -0.224   0.234   0.641
 91 313 22 48 30  -0.483  -0.324   0.236   0.632
 91 313 22 49 30  -0.402  -0.378   0.270   0.616
 91 313 22 50 30  -0.373  -0.320   0.359   0.610
 91 313 22 51 30  -0.344  -0.211   0.414   0.587
 91 313 22 52 30  -0.431  -0.143   0.396   0.607
 91 313 22 53 30  -0.389  -0.271   0.379   0.614
 91 313 22 54 30  -0.416  -0.340   0.282   0.610
 91 313 22 55 30  -0.354  -0.432   0.265   0.625
 91 313 22 56 30  -0.492  -0.068   0.305   0.614
 91 313 22 57 30  -0.528   0.275   0.385   0.719
 91 313 22 58 30  -0.479   0.309   0.300   0.694
 91 313 22 59 30  -0.661  -0.014   0.206   0.703
 91 313 23 00 30  -0.512   0.200   0.288   0.656
 91 313 23 01 30  -0.520   0.307   0.326   0.698
 91 313 23 02 30  -0.643   0.061   0.240   0.692
 91 313 23 03 30  -0.600   0.162   0.211   0.659
 91 313 23 04 30  -0.578   0.154   0.222   0.640
 91 313 23 05 30  -0.597   0.154   0.220   0.664
 91 313 23 06 30  -0.569   0.254   0.189   0.658
 91 313 23 07 30  -0.589   0.214   0.140   0.643
 91 313 23 08 30  -0.625   0.180   0.097   0.658
 91 313 23 09 30  -0.612   0.229   0.126   0.667
 91 313 23 10 30  -0.611   0.231   0.136   0.668
 91 313 23 11 30  -0.593   0.279   0.152   0.674
 91 313 23 12 30  -0.597   0.291   0.159   0.684
 91 313 23 13 30  -0.632   0.318   0.087   0.715
 91 313 23 14 30  -0.598   0.312   0.072   0.683
 91 313 23 15 30  -0.544   0.325   0.131   0.653
 91 313 23 16 30  -0.568   0.292   0.124   0.656
 91 313 23 17 30  -0.595   0.274   0.007   0.660
 91 313 23 18 30  -0.623   0.229  -0.207   0.699
 91 313 23 19 30  -0.569   0.238  -0.181   0.676
 91 313 23 20 30  -0.511   0.425  -0.024   0.671
 91 313 23 21 30  -0.488   0.483  -0.027   0.691
 91 313 23 22 30  -0.522   0.433  -0.174   0.702
 91 313 23 23 30  -0.567   0.420  -0.116   0.718
 91 313 23 24 30  -0.547   0.473   0.088   0.732
 91 313 23 25 30  -0.544   0.457   0.106   0.719
 91 313 23 26 30  -0.442   0.525   0.065   0.701
 91 313 23 27 30  -0.337   0.566  -0.071   0.669
 91 313 23 28 30  -0.426   0.519   0.040   0.676
 91 313 23 29 30  -0.489   0.501   0.149   0.718
 91 313 23 30 30  -0.579   0.473   0.170   0.767
 91 313 23 31 30  -0.570   0.422   0.219   0.751
 91 313 23 32 30  -0.379   0.558   0.166   0.705
 91 313 23 33 30  -0.353   0.571   0.107   0.693
 91 313 23 34 30  -0.528   0.460   0.212   0.732
 91 313 23 35 30  -0.477   0.520   0.124   0.719
 91 313 23 36 30  -0.501   0.499   0.088   0.719
 91 313 23 37 30  -0.480   0.486   0.145   0.700
 91 313 23 38 30  -0.464   0.474   0.195   0.693
 91 313 23 39 30  -0.484   0.414   0.284   0.702
 91 313 23 40 30  -0.470   0.490   0.183   0.724
 91 313 23 41 30  -0.459   0.611  -0.004   0.765
 91 313 23 42 30  -0.459   0.608  -0.024   0.762
 91 313 23 43 30  -0.440   0.611  -0.045   0.757
 91 313 23 44 30  -0.419   0.577  -0.010   0.715
 91 313 23 45 30  -0.322   0.521  -0.139   0.652
 91 313 23 46 30  -0.285   0.431  -0.300   0.620
 91 313 23 47 30  -0.404   0.512   0.051   0.679
 91 313 23 48 30  -0.485   0.502   0.100   0.706
 91 313 23 49 30  -0.433   0.499   0.182   0.686
 91 313 23 50 30  -0.443   0.478   0.149   0.669
 91 313 23 51 30  -0.478   0.479   0.073   0.681
 91 313 23 52 30  -0.474   0.452   0.016   0.656
 91 313 23 53 30  -0.495   0.453  -0.015   0.672
 91 313 23 54 30  -0.517   0.468  -0.041   0.700
 91 313 23 55 30  -0.537   0.406  -0.062   0.676
 91 313 23 56 30  -0.524   0.446  -0.066   0.692
 91 313 23 57 30  -0.504   0.459  -0.082   0.687
 91 313 23 58 30  -0.525   0.524  -0.094   0.749
 91 313 23 59 30  -0.532   0.569  -0.114   0.788
