 91 317 00 00 30   0.905  -0.581  -1.000   1.469
 91 317 00 01 30   0.946  -0.477  -1.001   1.462
 91 317 00 02 30   1.070  -0.265  -0.996   1.488
 91 317 00 03 30   1.081  -0.287  -0.983   1.489
 91 317 00 04 30   1.063  -0.312  -1.006   1.497
 91 317 00 05 30   1.058  -0.337  -0.992   1.489
 91 317 00 06 30   1.061  -0.330  -0.984   1.485
 91 317 00 07 30   1.061  -0.338  -0.997   1.495
 91 317 00 08 30   1.066  -0.344  -1.000   1.502
 91 317 00 09 30   1.030  -0.376  -1.016   1.496
 91 317 00 10 30   1.021  -0.388  -1.013   1.489
 91 317 00 11 30   1.007  -0.395  -1.014   1.484
 91 317 00 12 30   1.017  -0.376  -1.024   1.492
 91 317 00 13 30   1.011  -0.399  -1.031   1.499
 91 317 00 14 30   0.990  -0.440  -1.041   1.503
 91 317 00 15 30   0.976  -0.469  -1.063   1.518
 91 317 00 16 30   0.983  -0.451  -1.066   1.519
 91 317 00 17 30   0.967  -0.460  -1.066   1.511
 91 317 00 18 30   0.926  -0.535  -1.059   1.506
 91 317 00 19 30   0.774  -0.695  -1.071   1.504
 91 317 00 20 30   0.620  -0.860  -1.095   1.526
 91 317 00 21 30   0.724  -0.815  -1.073   1.531
 91 317 00 22 30   0.744  -0.782  -1.086   1.531
 91 317 00 23 30   0.740  -0.805  -1.075   1.533
 91 317 00 24 30   0.779  -0.770  -1.077   1.538
 91 317 00 25 30   0.854  -0.684  -1.085   1.541
 91 317 00 26 30   0.824  -0.691  -1.079   1.523
 91 317 00 27 30   0.816  -0.704  -1.060   1.511
 91 317 00 28 30   0.807  -0.717  -1.056   1.510
 91 317 00 29 30   0.793  -0.730  -1.060   1.512
 91 317 00 30 30   0.782  -0.728  -1.061   1.506
 91 317 00 31 30   0.794  -0.719  -1.060   1.507
 91 317 00 32 30   0.773  -0.738  -1.063   1.508
 91 317 00 33 30   0.764  -0.728  -1.076   1.507
 91 317 00 34 30   0.765  -0.723  -1.077   1.506
 91 317 00 35 30   0.751  -0.731  -1.079   1.504
 91 317 00 36 30   0.764  -0.710  -1.088   1.508
 91 317 00 37 30   0.736  -0.748  -1.084   1.509
 91 317 00 38 30   0.744  -0.737  -1.085   1.508
 91 317 00 39 30   0.745  -0.735  -1.087   1.509
 91 317 00 40 30   0.772  -0.723  -1.077   1.510
 91 317 00 41 30   0.797  -0.685  -1.082   1.508
 91 317 00 42 30   0.804  -0.678  -1.088   1.514
 91 317 00 43 30   0.859  -0.607  -1.089   1.516
 91 317 00 44 30   0.792  -0.726  -1.067   1.516
 91 317 00 45 30   0.717  -0.810  -1.069   1.521
 91 317 00 46 30   0.726  -0.792  -1.072   1.518
 91 317 00 47 30   0.751  -0.810  -1.053   1.526
 91 317 00 48 30   0.709  -0.804  -1.089   1.528
 91 317 00 49 30   0.714  -0.790  -1.103   1.533
 91 317 00 50 30   0.733  -0.775  -1.097   1.530
 91 317 00 51 30   0.744  -0.775  -1.091   1.532
 91 317 00 52 30   0.740  -0.778  -1.093   1.532
 91 317 00 53 30   0.745  -0.778  -1.089   1.532
 91 317 00 54 30   0.753  -0.771  -1.085   1.529
 91 317 00 55 30   0.786  -0.775  -1.064   1.534
 91 317 00 56 30   0.805  -0.723  -1.076   1.529
 91 317 00 57 30   0.801  -0.734  -1.097   1.545
 91 317 00 58 30   0.830  -0.741  -1.085   1.554
 91 317 00 59 30   0.825  -0.769  -1.064   1.551
 91 317 01 00 30   0.815  -0.709  -1.096   1.540
 91 317 01 01 30   0.866  -0.715  -1.062   1.546
 91 317 01 02 30   0.885  -0.732  -1.039   1.549
 91 317 01 03 30   0.924  -0.752  -0.996   1.553
 91 317 01 04 30   0.945  -0.755  -0.973   1.553
 91 317 01 05 30   0.905  -0.719  -1.051   1.563
 91 317 01 06 30   0.942  -0.707  -1.040   1.571
 91 317 01 07 30   0.926  -0.713  -1.041   1.566
 91 317 01 08 30   0.911  -0.714  -1.038   1.555
 91 317 01 09 30   0.880  -0.683  -1.086   1.556
 91 317 01 10 30   0.895  -0.687  -1.072   1.557
 91 317 01 11 30   0.943  -0.708  -0.996   1.544
 91 317 01 12 30   0.915  -0.679  -1.040   1.543
 91 317 01 13 30   0.877  -0.713  -1.055   1.546
 91 317 01 14 30   0.870  -0.700  -1.074   1.549
 91 317 01 15 30   0.865  -0.709  -1.070   1.548
 91 317 01 16 30   0.792  -0.735  -1.082   1.530
 91 317 01 17 30   0.790  -0.722  -1.099   1.537
 91 317 01 18 30   0.795  -0.744  -1.108   1.555
 91 317 01 19 30   0.824  -0.826  -1.049   1.569
 91 317 01 20 30   0.807  -0.879  -0.996   1.555
 91 317 01 21 30   0.788  -0.861  -1.009   1.543
 91 317 01 22 30   0.820  -0.826  -1.021   1.549
 91 317 01 23 30   0.808  -0.522  -0.167   1.568
 91 317 01 24 30   0.833  -0.792  -1.060   1.564
 91 317 01 38 30   0.786  -0.790  -1.091   1.560
 91 317 01 39 30   0.817  -0.751  -1.094   1.560
 91 317 01 40 30   0.878  -0.725  -1.067   1.561
 91 317 01 41 30   0.872  -0.703  -1.091   1.564
 91 317 01 42 30   0.913  -0.657  -1.084   1.563
 91 317 01 43 30   0.879  -0.680  -1.093   1.559
 91 317 01 44 30   0.862  -0.693  -1.102   1.562
 91 317 01 45 30   0.839  -0.707  -1.107   1.559
 91 317 01 48 30   0.782  -0.762  -1.089   1.543
 91 317 01 49 30   0.783  -0.771  -1.078   1.539
 91 317 01 50 30   0.740  -0.777  -1.097   1.536
 91 317 01 51 30   0.695  -0.808  -1.110   1.539
 91 317 01 52 30   0.721  -0.794  -1.094   1.532
 91 317 01 53 30   0.725  -0.798  -1.096   1.538
 91 317 01 54 30   0.779  -0.754  -1.097   1.543
 91 317 01 55 30   0.728  -0.799  -1.100   1.543
 91 317 01 56 30   0.738  -0.783  -1.107   1.544
 91 317 01 57 30   0.835  -0.729  -1.072   1.545
 91 317 01 58 30   0.895  -0.697  -1.052   1.548
 91 317 01 59 30   0.887  -0.698  -1.058   1.548
 91 317 02 00 30   0.870  -0.706  -1.066   1.547
 91 317 02 01 30   0.867  -0.710  -1.064   1.546
 91 317 02 02 30   0.875  -0.717  -1.053   1.546
 91 317 02 03 30   0.862  -0.761  -1.030   1.544
 91 317 02 04 30   0.789  -0.799  -1.057   1.543
 91 317 02 05 30   0.830  -0.771  -1.054   1.548
 91 317 02 06 30   0.848  -0.759  -1.050   1.549
 91 317 02 07 30   0.812  -0.800  -1.050   1.550
 91 317 02 08 30   0.782  -0.851  -1.029   1.548
 91 317 02 09 30   0.825  -0.793  -1.045   1.551
 91 317 02 10 30   0.879  -0.742  -1.047   1.557
 91 317 02 11 30   0.892  -0.751  -1.039   1.563
 91 317 02 12 30   0.952  -0.690  -1.039   1.569
 91 317 02 13 30   0.956  -0.687  -1.038   1.570
 91 317 02 14 30   0.964  -0.673  -1.038   1.569
 91 317 02 15 30   0.962  -0.691  -1.033   1.573
 91 317 02 16 30   0.942  -0.744  -1.028   1.580
 91 317 02 17 30   0.884  -0.804  -1.034   1.581
 91 317 02 18 30   0.831  -0.820  -1.073   1.586
 91 317 02 19 30   0.877  -0.771  -1.077   1.589
 91 317 02 20 30   0.869  -0.775  -1.041   1.564
 91 317 02 21 30   1.077  -0.500  -0.985   1.545
 91 317 02 22 30   1.201  -0.408  -0.882   1.548
 91 317 02 23 30   1.194  -0.317  -0.902   1.541
 91 317 02 24 30   1.201  -0.379  -0.877   1.536
 91 317 02 25 30   1.161  -0.460  -0.881   1.529
 91 317 02 26 30   1.089  -0.514  -0.926   1.521
 91 317 02 27 30   1.159  -0.449  -0.872   1.520
 91 317 02 28 30   1.149  -0.383  -0.907   1.516
 91 317 02 29 30   1.062  -0.441  -0.974   1.508
 91 317 02 30 30   1.061  -0.414  -0.999   1.515
 91 317 02 31 30   1.006  -0.575  -0.962   1.509
 91 317 02 32 30   1.194  -0.261  -0.888   1.517
 91 317 02 33 30   1.158  -0.183  -0.924   1.494
 91 317 02 34 30   1.099  -0.374  -0.947   1.502
 91 317 02 35 30   1.114  -0.431  -0.933   1.516
 91 317 02 36 30   1.073  -0.448  -0.970   1.515
 91 317 02 37 30   1.082  -0.428  -0.970   1.517
 91 317 02 38 30   1.086  -0.275  -1.019   1.521
 91 317 02 39 30   1.122  -0.295  -0.982   1.521
 91 317 02 40 30   1.138  -0.286  -0.963   1.519
 91 317 02 41 30   1.188  -0.245  -0.912   1.518
 91 317 02 42 30   1.180  -0.212  -0.929   1.519
 91 317 02 43 30   1.171  -0.304  -0.924   1.522
 91 317 02 44 30   1.178  -0.316  -0.917   1.527
 91 317 02 45 30   1.183  -0.338  -0.908   1.529
 91 317 02 46 30   1.158  -0.345  -0.943   1.533
 91 317 02 47 30   1.191  -0.308  -0.918   1.535
 91 317 02 48 30   1.217  -0.286  -0.895   1.538
 91 317 02 53 30   1.109  -0.400  -0.992   1.541
 91 317 02 54 30   1.084  -0.397  -1.016   1.538
 91 317 02 55 30   1.081  -0.418  -1.016   1.541
 91 317 02 56 30   1.154  -0.348  -0.953   1.538
 91 317 02 57 30   1.164  -0.369  -0.943   1.543
 91 317 02 58 30   1.143  -0.408  -0.953   1.543
 91 317 02 59 30   1.145  -0.378  -0.967   1.546
 91 317 03 00 30   1.173  -0.322  -0.952   1.545
 91 317 03 01 30   1.112  -0.399  -0.996   1.545
 91 317 03 02 30   1.084  -0.441  -1.012   1.547
 91 317 03 03 30   1.110  -0.419  -0.991   1.546
 91 317 03 04 30   1.093  -0.431  -1.004   1.546
 91 317 03 05 30   1.139  -0.383  -0.977   1.549
 91 317 03 06 30   1.114  -0.419  -0.990   1.549
 91 317 03 07 30   1.362  -0.108  -0.729   1.557
 91 317 03 08 30   1.346  -0.024  -0.774   1.554
 91 317 03 09 30   1.356  -0.074  -0.751   1.552
 91 317 03 10 30   1.355  -0.051  -0.752   1.551
 91 317 03 11 30   1.362  -0.045  -0.748   1.554
 91 317 03 12 30   1.357  -0.114  -0.747   1.554
 91 317 03 13 30   1.378  -0.052  -0.720   1.556
 91 317 03 14 30   1.367  -0.090  -0.744   1.559
 91 317 03 15 30   1.366  -0.115  -0.751   1.563
 91 317 03 16 30   1.363  -0.136  -0.753   1.564
 91 317 03 17 30   1.358  -0.082  -0.775   1.566
 91 317 03 18 30   1.375  -0.099  -0.757   1.573
 91 317 03 19 30   1.392  -0.101  -0.735   1.577
 91 317 03 20 30   1.389  -0.075  -0.731   1.571
 91 317 03 21 30   1.389   0.013  -0.716   1.563
 91 317 03 22 30   1.392   0.006  -0.718   1.566
 91 317 03 23 30   1.404  -0.001  -0.695   1.567
 91 317 03 24 30   1.420  -0.041  -0.685   1.577
 91 317 03 25 30   1.429  -0.041  -0.657   1.574
 91 317 03 26 30   1.428   0.024  -0.662   1.574
 91 317 03 27 30   1.436   0.025  -0.656   1.579
 91 317 03 28 30   1.444   0.032  -0.640   1.580
 91 317 03 29 30   1.433   0.073  -0.655   1.578
 91 317 03 30 30   1.391  -0.028  -0.716   1.569
 91 317 03 31 30   1.281  -0.205  -0.881   1.569
 91 317 03 32 30   1.262  -0.242  -0.905   1.572
 91 317 03 33 30   1.266  -0.246  -0.904   1.576
 91 317 03 34 30   1.273  -0.231  -0.896   1.574
 91 317 03 35 30   1.262  -0.253  -0.892   1.566
 91 317 03 36 30   1.224  -0.311  -0.934   1.572
 91 317 03 37 30   1.169  -0.347  -0.986   1.569
 91 317 03 38 30   1.148  -0.383  -1.030   1.589
 91 317 03 39 30   1.142  -0.387  -1.022   1.581
 91 317 03 40 30   1.132  -0.431  -1.021   1.584
 91 317 03 41 30   1.142  -0.420  -1.030   1.594
 91 317 03 42 30   1.128  -0.437  -1.053   1.604
 91 317 03 43 30   1.136  -0.437  -1.044   1.604
 91 317 03 44 30   1.101  -0.464  -1.070   1.604
 91 317 03 45 30   1.072  -0.487  -1.073   1.593
 91 317 03 46 30   1.025  -0.523  -1.096   1.589
 91 317 03 47 30   1.022  -0.514  -1.105   1.591
 91 317 03 48 30   1.046  -0.494  -1.100   1.596
 91 317 03 49 30   1.074  -0.497  -1.091   1.610
 91 317 03 50 30   1.041  -0.515  -1.122   1.615
 91 317 03 51 30   1.050  -0.516  -1.102   1.608
 91 317 03 52 30   1.008  -0.563  -1.112   1.604
 91 317 03 53 30   0.927  -0.622  -1.102   1.569
 91 317 03 54 30   0.915  -0.596  -1.122   1.566
 91 317 03 55 30   0.912  -0.597  -1.154   1.588
 91 317 03 56 30   0.975  -0.530  -1.165   1.610
 91 317 03 57 30   0.966  -0.496  -1.193   1.613
 91 317 03 58 30   1.010  -0.491  -1.158   1.613
 91 317 03 59 30   1.031  -0.442  -1.160   1.616
 91 317 04 00 30   1.089  -0.442  -1.105   1.614
 91 317 04 01 30   1.129  -0.510  -1.043   1.621
 91 317 04 02 30   1.242  -0.479  -0.903   1.610
 91 317 04 03 30   1.212  -0.437  -0.960   1.607
 91 317 04 04 30   1.205  -0.456  -0.985   1.622
 91 317 04 05 30   1.169  -0.455  -1.004   1.607
 91 317 04 06 30   1.180  -0.414  -1.005   1.604
 91 317 04 07 30   1.191  -0.411  -1.001   1.610
 91 317 04 08 30   1.189  -0.409  -1.003   1.609
 91 317 04 09 30   1.175  -0.420  -1.012   1.607
 91 317 04 10 30   1.103  -0.466  -1.071   1.613
 91 317 04 11 30   1.030  -0.541  -1.124   1.620
 91 317 04 12 30   1.046  -0.545  -1.103   1.617
 91 317 04 13 30   1.067  -0.529  -1.097   1.620
 91 317 04 14 30   1.090  -0.496  -1.092   1.621
 91 317 04 15 30   1.126  -0.393  -1.102   1.625
 91 317 04 16 30   1.125  -0.391  -1.099   1.621
 91 317 04 17 30   1.106  -0.429  -1.095   1.615
 91 317 04 18 30   1.114  -0.441  -1.094   1.623
 91 317 04 19 30   1.105  -0.469  -1.101   1.629
 91 317 04 20 30   1.061  -0.460  -1.146   1.629
 91 317 04 21 30   1.106  -0.454  -1.111   1.632
 91 317 04 22 30   1.117  -0.467  -1.095   1.633
 91 317 04 23 30   1.104  -0.481  -1.099   1.630
 91 317 04 24 30   1.108  -0.489  -1.088   1.628
 91 317 04 25 30   1.059  -0.526  -1.120   1.630
 91 317 04 26 30   1.089  -0.528  -1.101   1.636
 91 317 04 27 30   1.078  -0.517  -1.113   1.634
 91 317 04 28 30   1.095  -0.511  -1.100   1.634
 91 317 04 29 30   1.077  -0.509  -1.116   1.633
 91 317 04 30 30   1.085  -0.497  -1.115   1.634
 91 317 04 31 30   1.077  -0.498  -1.126   1.636
 91 317 04 32 30   1.021  -0.516  -1.165   1.633
 91 317 04 33 30   1.017  -0.518  -1.163   1.629
 91 317 04 34 30   1.035  -0.516  -1.157   1.636
 91 317 04 35 30   1.048  -0.504  -1.147   1.633
 91 317 04 36 30   1.052  -0.505  -1.153   1.641
 91 317 04 37 30   1.067  -0.511  -1.138   1.642
 91 317 04 38 30   1.048  -0.508  -1.150   1.637
 91 317 04 39 30   1.038  -0.527  -1.152   1.638
 91 317 04 40 30   1.085  -0.526  -1.119   1.645
 91 317 04 41 30   1.071  -0.546  -1.115   1.640
 91 317 04 42 30   0.998  -0.545  -1.180   1.640
 91 317 04 43 30   0.933  -0.577  -1.218   1.640
 91 317 04 44 30   0.993  -0.572  -1.172   1.639
 91 317 04 45 30   1.009  -0.570  -1.158   1.638
 91 317 04 46 30   1.031  -0.546  -1.147   1.637
 91 317 04 47 30   1.019  -0.558  -1.153   1.637
 91 317 04 48 30   1.036  -0.538  -1.147   1.637
 91 317 04 49 30   1.045  -0.542  -1.136   1.636
 91 317 04 50 30   1.056  -0.550  -1.118   1.634
 91 317 04 51 30   1.044  -0.542  -1.134   1.634
 91 317 04 52 30   1.032  -0.539  -1.143   1.632
 91 317 04 53 30   1.024  -0.529  -1.153   1.630
 91 317 04 54 30   1.003  -0.533  -1.166   1.629
 91 317 04 55 30   0.954  -0.551  -1.202   1.631
 91 317 04 56 30   0.960  -0.546  -1.198   1.629
 91 317 04 57 30   0.958  -0.566  -1.192   1.631
 91 317 04 58 30   0.964  -0.585  -1.173   1.627
 91 317 04 59 30   0.965  -0.568  -1.179   1.627
 91 317 05 00 30   1.008  -0.551  -1.151   1.626
 91 317 05 01 30   1.012  -0.553  -1.147   1.627
 91 317 05 02 30   1.027  -0.550  -1.136   1.627
 91 317 05 03 30   0.985  -0.578  -1.152   1.622
 91 317 05 04 30   0.997  -0.589  -1.140   1.625
 91 317 05 05 30   0.986  -0.574  -1.149   1.619
 91 317 05 06 30   1.016  -0.561  -1.137   1.625
 91 317 05 07 30   0.983  -0.563  -1.161   1.622
 91 317 05 08 30   0.979  -0.598  -1.143   1.620
 91 317 05 09 30   0.989  -0.610  -1.128   1.620
 91 317 05 10 30   0.976  -0.607  -1.142   1.620
 91 317 05 11 30   0.975  -0.596  -1.150   1.622
 91 317 05 12 30   1.005  -0.596  -1.124   1.622
 91 317 05 13 30   0.993  -0.605  -1.137   1.627
 91 317 05 14 30   0.988  -0.616  -1.131   1.624
 91 317 05 15 30   0.987  -0.620  -1.123   1.618
 91 317 05 16 30   0.971  -0.626  -1.136   1.620
 91 317 05 17 30   0.961  -0.633  -1.143   1.622
 91 317 05 18 30   0.948  -0.662  -1.139   1.624
 91 317 05 19 30   0.953  -0.645  -1.144   1.623
 91 317 05 20 30   0.977  -0.638  -1.119   1.617
 91 317 05 21 30   0.983  -0.642  -1.119   1.622
 91 317 05 22 30   0.983  -0.633  -1.127   1.625
 91 317 05 23 30   0.976  -0.659  -1.119   1.624
 91 317 05 24 30   0.944  -0.672  -1.136   1.623
 91 317 05 25 30   0.909  -0.694  -1.150   1.622
 91 317 05 26 30   1.071  -0.598  -1.074   1.633
 91 317 05 27 30   1.188  -0.501  -1.033   1.653
 91 317 05 28 30   1.243  -0.449  -0.996   1.655
 91 317 05 29 30   1.264  -0.432  -0.981   1.658
 91 317 05 30 30   1.277  -0.409  -0.977   1.660
 91 317 05 31 30   1.274  -0.430  -0.972   1.659
 91 317 05 32 30   1.275  -0.428  -0.974   1.661
 91 317 05 33 30   1.278  -0.408  -0.976   1.659
 91 317 05 34 30   1.267  -0.403  -0.996   1.661
 91 317 05 35 30   1.250  -0.426  -1.001   1.657
 91 317 05 36 30   1.265  -0.418  -0.990   1.660
 91 317 05 37 30   1.262  -0.413  -0.992   1.657
 91 317 05 38 30   1.245  -0.421  -0.999   1.651
 91 317 05 39 30   1.225  -0.442  -1.017   1.652
 91 317 05 40 30   1.244  -0.400  -1.008   1.651
 91 317 05 41 30   1.251  -0.385  -0.998   1.646
 91 317 05 42 30   1.246  -0.433  -0.987   1.648
 91 317 05 43 30   1.211  -0.460  -1.019   1.651
 91 317 05 44 30   1.207  -0.473  -1.028   1.655
 91 317 05 45 30   1.219  -0.456  -1.023   1.656
 91 317 05 46 30   1.203  -0.465  -1.035   1.654
 91 317 05 47 30   1.189  -0.484  -1.044   1.655
 91 317 05 48 30   1.196  -0.485  -1.036   1.655
 91 317 05 49 30   1.204  -0.479  -1.031   1.656
 91 317 05 50 30   1.221  -0.466  -1.015   1.654
 91 317 05 51 30   1.227  -0.441  -1.024   1.658
 91 317 05 52 30   1.237  -0.426  -1.023   1.661
 91 317 05 53 30   1.263  -0.425  -0.993   1.663
 91 317 05 54 30   1.291  -0.395  -0.974   1.665
 91 317 05 55 30   1.296  -0.371  -0.975   1.664
 91 317 05 56 30   1.296  -0.389  -0.971   1.666
 91 317 05 57 30   1.285  -0.404  -0.980   1.666
 91 317 05 58 30   1.262  -0.428  -1.000   1.666
 91 317 05 59 30   1.313  -0.375  -0.959   1.669
 91 317 06 00 30   1.347  -0.324  -0.935   1.671
 91 317 06 01 30   1.372  -0.285  -0.914   1.673
 91 317 06 02 30   1.373  -0.295  -0.909   1.673
 91 317 06 03 30   1.373  -0.296  -0.910   1.673
 91 317 06 04 30   1.380  -0.294  -0.899   1.673
 91 317 06 05 30   1.371  -0.307  -0.905   1.672
 91 317 06 06 30   1.359  -0.326  -0.920   1.673
 91 317 06 07 30   1.331  -0.362  -0.942   1.671
 91 317 06 08 30   1.394  -0.264  -0.883   1.672
 91 317 06 09 30   1.393  -0.276  -0.882   1.672
 91 317 06 10 30   1.403  -0.282  -0.870   1.675
 91 317 06 11 30   1.408  -0.270  -0.861   1.672
 91 317 06 12 30   1.440  -0.230  -0.818   1.673
 91 317 06 13 30   1.456  -0.178  -0.797   1.670
 91 317 06 14 30   1.450  -0.197  -0.813   1.674
 91 317 06 15 30   1.442  -0.211  -0.819   1.672
 91 317 06 16 30   1.450  -0.204  -0.810   1.673
 91 317 06 17 30   1.442  -0.213  -0.823   1.674
 91 317 06 18 30   1.423  -0.273  -0.840   1.675
 91 317 06 19 30   1.420  -0.263  -0.837   1.669
 91 317 06 20 30   1.414  -0.294  -0.837   1.670
 91 317 06 21 30   1.361  -0.376  -0.900   1.675
 91 317 06 22 30   1.351  -0.379  -0.918   1.676
 91 317 06 23 30   1.371  -0.342  -0.900   1.676
 91 317 06 24 30   1.336  -0.381  -0.930   1.672
 91 317 06 25 30   1.326  -0.411  -0.936   1.674
 91 317 06 26 30   1.321  -0.415  -0.942   1.675
 91 317 06 27 30   1.309  -0.440  -0.947   1.675
 91 317 06 28 30   1.328  -0.432  -0.924   1.675
 91 317 06 29 30   1.362  -0.379  -0.899   1.676
 91 317 06 30 30   1.418  -0.298  -0.844   1.678
 91 317 06 31 30   1.433  -0.261  -0.833   1.678
 91 317 06 32 30   1.438  -0.259  -0.824   1.678
 91 317 06 33 30   1.420  -0.279  -0.842   1.674
 91 317 06 34 30   1.394  -0.324  -0.862   1.671
 91 317 06 35 30   1.347  -0.394  -0.903   1.670
 91 317 06 36 30   1.307  -0.445  -0.939   1.670
 91 317 06 37 30   1.306  -0.469  -0.929   1.670
 91 317 06 38 30   1.318  -0.472  -0.913   1.671
 91 317 06 39 30   1.334  -0.421  -0.916   1.673
 91 317 06 40 30   1.330  -0.440  -0.916   1.674
 91 317 06 41 30   1.320  -0.451  -0.921   1.672
 91 317 06 42 30   1.303  -0.474  -0.934   1.672
 91 317 06 43 30   1.322  -0.445  -0.923   1.673
 91 317 06 44 30   1.343  -0.400  -0.917   1.675
 91 317 06 45 30   1.352  -0.398  -0.900   1.672
 91 317 06 46 30   1.361  -0.386  -0.895   1.674
 91 317 06 47 30   1.356  -0.383  -0.902   1.673
 91 317 06 48 30   1.357  -0.378  -0.905   1.675
 91 317 06 49 30   1.363  -0.386  -0.897   1.676
 91 317 06 50 30   1.365  -0.381  -0.892   1.674
 91 317 06 51 30   1.363  -0.379  -0.898   1.676
 91 317 06 52 30   1.362  -0.381  -0.900   1.676
 91 317 06 53 30   1.370  -0.367  -0.893   1.676
 91 317 06 54 30   1.369  -0.353  -0.898   1.675
 91 317 06 55 30   1.372  -0.355  -0.895   1.676
 91 317 06 56 30   1.393  -0.323  -0.875   1.677
 91 317 06 57 30   1.405  -0.313  -0.866   1.680
 91 317 06 58 30   1.412  -0.291  -0.862   1.680
 91 317 06 59 30   1.434  -0.251  -0.838   1.680
 91 317 07 00 30   1.486  -0.174  -0.761   1.678
 91 317 07 01 30   1.472  -0.194  -0.789   1.681
 91 317 07 02 30   1.444  -0.225  -0.822   1.678
 91 317 07 03 30   1.467  -0.169  -0.805   1.682
 91 317 07 04 30   1.480  -0.142  -0.786   1.682
 91 317 07 05 30   1.480  -0.160  -0.786   1.683
 91 317 07 06 30   1.464  -0.204  -0.804   1.683
 91 317 07 07 30   1.434  -0.254  -0.835   1.679
 91 317 07 08 30   1.438  -0.269  -0.826   1.680
 91 317 07 09 30   1.448  -0.240  -0.821   1.682
 91 317 07 10 30   1.448  -0.264  -0.814   1.682
 91 317 07 11 30   1.451  -0.280  -0.800   1.680
 91 317 07 12 30   1.454  -0.252  -0.810   1.683
 91 317 07 13 30   1.469  -0.234  -0.793   1.686
 91 317 07 14 30   1.466  -0.229  -0.798   1.684
 91 317 07 15 30   1.449  -0.267  -0.808   1.680
 91 317 07 16 30   1.407  -0.338  -0.856   1.682
 91 317 07 17 30   1.377  -0.367  -0.883   1.677
 91 317 07 18 30   1.384  -0.358  -0.878   1.678
 91 317 07 19 30   1.409  -0.325  -0.856   1.681
 91 317 07 20 30   1.422  -0.306  -0.841   1.680
 91 317 07 21 30   1.421  -0.301  -0.842   1.679
 91 317 07 22 30   1.423  -0.320  -0.836   1.682
 91 317 07 23 30   1.427  -0.319  -0.829   1.682
 91 317 07 24 30   1.415  -0.353  -0.829   1.677
 91 317 07 25 30   1.417  -0.365  -0.825   1.680
 91 317 07 26 30   1.403  -0.388  -0.840   1.680
 91 317 07 27 30   1.374  -0.397  -0.874   1.676
 91 317 07 28 30   1.367  -0.385  -0.880   1.671
 91 317 07 29 30   1.357  -0.408  -0.895   1.676
 91 317 07 30 30   1.349  -0.407  -0.900   1.672
 91 317 07 31 30   1.338  -0.404  -0.920   1.674
 91 317 07 32 30   1.375  -0.349  -0.883   1.671
 91 317 07 33 30   1.369  -0.352  -0.901   1.676
 91 317 07 34 30   1.382  -0.342  -0.885   1.677
 91 317 07 35 30   1.392  -0.336  -0.875   1.678
 91 317 07 36 30   1.394  -0.336  -0.864   1.674
 91 317 07 37 30   1.396  -0.314  -0.872   1.676
 91 317 07 38 30   1.396  -0.343  -0.858   1.674
 91 317 07 39 30   1.391  -0.330  -0.873   1.675
 91 317 07 40 30   1.388  -0.318  -0.878   1.673
 91 317 07 41 30   1.389  -0.317  -0.878   1.673
 91 317 07 42 30   1.404  -0.314  -0.862   1.677
 91 317 07 43 30   1.402  -0.318  -0.861   1.676
 91 317 07 44 30   1.409  -0.316  -0.856   1.678
 91 317 07 45 30   1.407  -0.312  -0.852   1.675
 91 317 07 46 30   1.408  -0.311  -0.851   1.675
 91 317 07 47 30   1.409  -0.323  -0.848   1.676
 91 317 07 48 30   1.408  -0.337  -0.844   1.676
 91 317 07 49 30   1.400  -0.342  -0.850   1.673
 91 317 07 50 30   1.399  -0.344  -0.853   1.674
 91 317 07 51 30   1.404  -0.331  -0.851   1.675
 91 317 07 52 30   1.409  -0.323  -0.848   1.676
 91 317 07 53 30   1.419  -0.313  -0.833   1.675
 91 317 07 54 30   1.425  -0.304  -0.818   1.672
 91 317 07 55 30   1.446  -0.279  -0.786   1.669
 91 317 07 56 30   1.438  -0.293  -0.794   1.668
 91 317 07 57 30   1.430  -0.295  -0.807   1.668
 91 317 07 58 30   1.425  -0.294  -0.820   1.670
 91 317 07 59 30   1.415  -0.293  -0.835   1.669
 91 317 08 00 30   1.413  -0.320  -0.833   1.671
 91 317 08 01 30   1.417  -0.308  -0.831   1.672
 91 317 08 02 30   1.420  -0.288  -0.829   1.669
 91 317 08 03 30   1.420  -0.294  -0.827   1.669
 91 317 08 04 30   1.424  -0.291  -0.824   1.671
 91 317 08 05 30   1.418  -0.290  -0.837   1.672
 91 317 08 06 30   1.414  -0.287  -0.839   1.669
 91 317 08 07 30   1.427  -0.293  -0.825   1.674
 91 317 08 08 30   1.434  -0.303  -0.810   1.674
 91 317 08 09 30   1.443  -0.300  -0.799   1.677
 91 317 08 10 30   1.445  -0.291  -0.802   1.678
 91 317 08 11 30   1.442  -0.298  -0.795   1.674
 91 317 08 12 30   1.440  -0.278  -0.812   1.676
 91 317 08 13 30   1.434  -0.288  -0.819   1.676
 91 317 08 14 30   1.431  -0.270  -0.827   1.675
 91 317 08 15 30   1.415  -0.266  -0.850   1.672
 91 317 08 16 30   1.422  -0.252  -0.842   1.672
 91 317 08 17 30   1.433  -0.253  -0.821   1.671
 91 317 08 18 30   1.431  -0.259  -0.820   1.669
 91 317 08 19 30   1.430  -0.268  -0.822   1.671
 91 317 08 20 30   1.425  -0.284  -0.823   1.670
 91 317 08 21 30   1.433  -0.290  -0.812   1.673
 91 317 08 22 30   1.408  -0.334  -0.820   1.665
 91 317 08 23 30   1.317  -0.474  -0.889   1.658
 91 317 08 24 30   1.384  -0.343  -0.839   1.655
 91 317 08 25 30   1.403  -0.319  -0.820   1.656
 91 317 08 26 30   1.404  -0.329  -0.819   1.658
 91 317 08 27 30   1.397  -0.344  -0.819   1.655
 91 317 08 28 30   1.403  -0.293  -0.828   1.656
 91 317 08 29 30   1.420  -0.310  -0.789   1.654
 91 317 08 30 30   1.396  -0.336  -0.827   1.658
 91 317 08 31 30   1.397  -0.346  -0.828   1.661
 91 317 08 32 30   1.391  -0.311  -0.846   1.658
 91 317 08 33 30   1.389  -0.310  -0.856   1.661
 91 317 08 34 30   1.392  -0.306  -0.844   1.656
 91 317 08 35 30   1.398  -0.330  -0.832   1.660
 91 317 08 36 30   1.403  -0.305  -0.831   1.659
 91 317 08 37 30   1.406  -0.283  -0.828   1.656
 91 317 08 38 30   1.420  -0.236  -0.813   1.654
 91 317 08 39 30   1.427  -0.281  -0.805   1.662
 91 317 08 40 30   1.385  -0.294  -0.864   1.660
 91 317 08 41 30   1.376  -0.306  -0.877   1.661
 91 317 08 42 30   1.396  -0.309  -0.853   1.665
 91 317 08 43 30   1.391  -0.300  -0.857   1.661
 91 317 08 44 30   1.393  -0.301  -0.862   1.666
 91 317 08 45 30   1.398  -0.323  -0.847   1.666
 91 317 08 46 30   1.387  -0.328  -0.863   1.666
 91 317 08 47 30   1.396  -0.330  -0.847   1.666
 91 317 08 48 30   1.410  -0.320  -0.834   1.670
 91 317 08 49 30   1.412  -0.328  -0.820   1.665
 91 317 08 50 30   1.417  -0.309  -0.816   1.664
 91 317 08 51 30   1.428  -0.308  -0.808   1.670
 91 317 08 52 30   1.421  -0.295  -0.822   1.669
 91 317 08 53 30   1.393  -0.258  -0.877   1.667
 91 317 08 54 30   1.421  -0.261  -0.826   1.665
 91 317 08 55 30   1.423  -0.264  -0.822   1.664
 91 317 08 56 30   1.417  -0.274  -0.832   1.666
 91 317 08 57 30   1.411  -0.271  -0.837   1.663
 91 317 08 58 30   1.412  -0.265  -0.836   1.662
 91 317 08 59 30   1.416  -0.265  -0.842   1.668
 91 317 09 00 30   1.426  -0.275  -0.821   1.668
 91 317 09 01 30   1.425  -0.271  -0.826   1.669
 91 317 09 02 30   1.412  -0.290  -0.833   1.665
 91 317 09 03 30   1.424  -0.283  -0.820   1.668
 91 317 09 04 30   1.421  -0.292  -0.822   1.667
 91 317 09 05 30   1.439  -0.289  -0.797   1.671
 91 317 09 06 30   1.418  -0.287  -0.826   1.666
 91 317 09 07 30   1.395  -0.322  -0.850   1.665
 91 317 09 08 30   1.384  -0.342  -0.855   1.663
 91 317 09 09 30   1.383  -0.348  -0.862   1.667
 91 317 09 23 30   1.347  -0.325  -0.907   1.656
 91 317 09 24 30   1.350  -0.327  -0.899   1.655
 91 317 09 25 30   1.362  -0.312  -0.896   1.660
 91 317 09 26 30   1.376  -0.325  -0.874   1.662
 91 317 09 27 30   1.373  -0.302  -0.881   1.659
 91 317 09 28 30   1.364  -0.295  -0.896   1.659
 91 317 09 29 30   1.367  -0.305  -0.883   1.656
 91 317 09 30 30   1.373  -0.285  -0.887   1.660
 91 317 09 31 30   1.379  -0.279  -0.880   1.660
 91 317 09 32 30   1.366  -0.289  -0.890   1.655
 91 317 09 33 30   1.383  -0.288  -0.871   1.660
 91 317 09 34 30   1.386  -0.285  -0.867   1.660
 91 317 09 35 30   1.384  -0.273  -0.870   1.658
 91 317 09 36 30   1.391  -0.280  -0.855   1.657
 91 317 09 37 30   1.393  -0.302  -0.844   1.657
 91 317 09 38 30   1.392  -0.282  -0.850   1.655
 91 317 09 39 30   1.396  -0.264  -0.850   1.656
 91 317 09 40 30   1.397  -0.260  -0.854   1.659
 91 317 09 41 30   1.385  -0.285  -0.865   1.658
 91 317 09 42 30   1.389  -0.271  -0.862   1.657
 91 317 09 43 30   1.383  -0.284  -0.870   1.658
 91 317 09 44 30   1.394  -0.268  -0.853   1.656
 91 317 09 45 30   1.395  -0.268  -0.851   1.656
 91 317 09 46 30   1.398  -0.261  -0.847   1.655
 91 317 09 47 30   1.392  -0.282  -0.853   1.657
 91 317 09 48 30   1.376  -0.340  -0.857   1.657
 91 317 09 49 30   1.381  -0.317  -0.857   1.656
 91 317 09 50 30   1.387  -0.308  -0.857   1.659
 91 317 09 51 30   1.383  -0.307  -0.856   1.655
 91 317 09 52 30   1.384  -0.311  -0.846   1.651
 91 317 09 53 30   1.383  -0.304  -0.852   1.653
 91 317 09 54 30   1.400  -0.257  -0.838   1.652
 91 317 09 55 30   1.418  -0.231  -0.812   1.650
 91 317 09 56 30   1.416  -0.231  -0.818   1.652
 91 317 09 57 30   1.406  -0.263  -0.819   1.648
 91 317 09 58 30   1.416  -0.252  -0.814   1.653
 91 317 09 59 30   1.411  -0.277  -0.817   1.654
 91 317 10 00 30   1.448  -0.274  -0.756   1.657
 91 317 10 01 30   1.438  -0.280  -0.765   1.653
 91 317 10 02 30   1.453  -0.262  -0.744   1.654
 91 317 10 03 30   1.442  -0.289  -0.743   1.650
 91 317 10 04 30   1.445  -0.291  -0.738   1.649
 91 317 10 05 30   1.430  -0.283  -0.775   1.652
 91 317 10 06 30   1.434  -0.305  -0.764   1.653
 91 317 10 07 30   1.439  -0.307  -0.758   1.656
 91 317 10 08 30   1.434  -0.306  -0.770   1.656
 91 317 10 09 30   1.431  -0.305  -0.770   1.654
 91 317 10 10 30   1.411  -0.299  -0.805   1.652
 91 317 10 11 30   1.417  -0.299  -0.798   1.654
 91 317 10 12 30   1.416  -0.289  -0.804   1.654
 91 317 10 13 30   1.400  -0.289  -0.833   1.655
 91 317 10 14 30   1.406  -0.278  -0.824   1.653
 91 317 10 15 30   1.389  -0.286  -0.840   1.649
 91 317 10 16 30   1.383  -0.284  -0.857   1.652
 91 317 10 17 30   1.402  -0.262  -0.834   1.652
 91 317 10 18 30   1.392  -0.268  -0.845   1.651
 91 317 10 19 30   1.384  -0.263  -0.858   1.649
 91 317 10 20 30   1.390  -0.253  -0.849   1.648
 91 317 10 21 30   1.368  -0.269  -0.884   1.651
 91 317 10 22 30   1.389  -0.271  -0.846   1.649
 91 317 10 23 30   1.362  -0.252  -0.895   1.649
 91 317 10 24 30   1.341  -0.230  -0.933   1.649
 91 317 10 25 30   1.340  -0.248  -0.927   1.648
 91 317 10 26 30   1.355  -0.243  -0.911   1.651
 91 317 10 28 30   1.360  -0.222  -0.909   1.651
 91 317 10 29 30   1.359  -0.225  -0.904   1.648
 91 317 10 30 30   1.363  -0.224  -0.894   1.645
 91 317 10 31 30   1.359  -0.232  -0.894   1.644
 91 317 10 32 30   1.353  -0.222  -0.906   1.644
 91 317 10 33 30   1.350  -0.246  -0.901   1.642
 91 317 10 34 30   1.381  -0.283  -0.848   1.646
 91 317 10 35 30   1.400  -0.293  -0.803   1.641
 91 317 10 36 30   1.403  -0.271  -0.804   1.640
 91 317 10 37 30   1.382  -0.223  -0.861   1.644
 91 317 10 38 30   1.381  -0.170  -0.878   1.646
 91 317 10 39 30   1.372  -0.156  -0.893   1.645
 91 317 10 40 30   1.379  -0.142  -0.868   1.636
 91 317 10 41 30   1.393  -0.203  -0.823   1.631
 91 317 10 42 30   1.385  -0.182  -0.843   1.632
 91 317 10 43 30   1.382  -0.164  -0.862   1.637
 91 317 10 44 30   1.395  -0.188  -0.857   1.648
 91 317 10 45 30   1.418  -0.240  -0.803   1.647
 91 317 10 46 30   1.417  -0.245  -0.804   1.647
 91 317 10 47 30   1.414  -0.220  -0.816   1.647
 91 317 10 48 30   1.385  -0.153  -0.872   1.644
 91 317 10 49 30   1.382  -0.153  -0.879   1.645
 91 317 10 50 30   1.369  -0.184  -0.898   1.648
 91 317 10 51 30   1.396  -0.167  -0.861   1.649
 91 317 10 52 30   1.403  -0.167  -0.848   1.648
 91 317 10 53 30   1.397  -0.197  -0.838   1.641
 91 317 10 54 30   1.384  -0.150  -0.866   1.640
 91 317 10 55 30   1.378  -0.172  -0.869   1.638
 91 317 10 56 30   1.390  -0.151  -0.851   1.637
 91 317 10 57 30   1.390  -0.160  -0.834   1.629
 91 317 10 58 30   1.412  -0.168  -0.807   1.636
 91 317 10 59 30   1.411  -0.217  -0.809   1.641
 91 317 11 00 30   1.388  -0.225  -0.842   1.640
 91 317 11 01 30   1.342  -0.313  -0.861   1.626
 91 317 11 02 30   1.309  -0.345  -0.891   1.622
 91 317 11 03 30   1.302  -0.270  -0.933   1.626
 91 317 11 07 30   1.406  -0.246  -0.779   1.626
 91 317 11 08 30   1.406  -0.278  -0.772   1.628
 91 317 11 09 30   1.411  -0.298  -0.759   1.630
 91 317 11 10 30   1.402  -0.228  -0.788   1.625
 91 317 11 11 30   1.387  -0.235  -0.811   1.624
 91 317 11 12 30   1.389  -0.235  -0.808   1.625
 91 317 11 13 30   1.395  -0.220  -0.807   1.626
 91 317 11 14 30   1.392  -0.207  -0.805   1.622
 91 317 11 15 30   1.397  -0.222  -0.797   1.624
 91 317 11 16 30   1.385  -0.252  -0.805   1.622
 91 317 11 17 30   1.353  -0.265  -0.853   1.622
 91 317 11 18 30   1.361  -0.265  -0.843   1.623
 91 317 11 19 30   1.342  -0.295  -0.858   1.621
 91 317 11 20 30   1.344  -0.287  -0.862   1.623
 91 317 11 21 30   1.376  -0.228  -0.830   1.623
 91 317 11 22 30   1.394  -0.213  -0.798   1.621
 91 317 11 23 30   1.389  -0.265  -0.791   1.620
 91 317 11 24 30   1.395  -0.258  -0.792   1.625
 91 317 11 25 30   1.389  -0.253  -0.802   1.625
 91 317 11 26 30   1.367  -0.248  -0.829   1.619
 91 317 11 27 30   1.370  -0.238  -0.820   1.615
 91 317 11 28 30   1.376  -0.207  -0.815   1.615
 91 317 11 29 30   1.351  -0.245  -0.860   1.622
 91 317 11 30 30   1.388  -0.179  -0.818   1.623
 91 317 11 31 30   1.380  -0.134  -0.831   1.617
 91 317 11 32 30   1.384  -0.113  -0.826   1.616
 91 317 11 33 30   1.376  -0.120  -0.848   1.621
 91 317 11 34 30   1.368  -0.057  -0.868   1.622
 91 317 11 35 30   1.361  -0.120  -0.862   1.616
 91 317 11 36 30   1.322  -0.230  -0.896   1.614
 91 317 11 37 30   1.339  -0.233  -0.858   1.608
 91 317 11 38 30   1.319  -0.325  -0.869   1.613
 91 317 11 39 30   1.299  -0.375  -0.868   1.608
 91 317 11 40 30   1.324  -0.287  -0.861   1.606
 91 317 11 41 30   1.335  -0.234  -0.866   1.609
 91 317 11 42 30   1.333  -0.223  -0.872   1.609
 91 317 11 43 30   1.328  -0.278  -0.866   1.610
 91 317 11 44 30   1.341  -0.334  -0.823   1.609
 91 317 11 45 30   1.356  -0.318  -0.808   1.611
 91 317 11 46 30   1.351  -0.358  -0.799   1.611
 91 317 11 47 30   1.359  -0.378  -0.777   1.611
 91 317 11 48 30   1.333  -0.328  -0.839   1.610
 91 317 11 49 30   1.308  -0.281  -0.890   1.608
 91 317 11 50 30   1.300  -0.230  -0.914   1.606
 91 317 11 51 30   1.303  -0.246  -0.910   1.608
 91 317 11 52 30   1.295  -0.215  -0.923   1.605
 91 317 11 53 30   1.283  -0.178  -0.951   1.608
 91 317 11 54 30   1.272  -0.165  -0.968   1.607
 91 317 11 55 30   1.278  -0.166  -0.957   1.605
 91 317 11 56 30   1.276  -0.178  -0.958   1.606
 91 317 11 57 30   1.277  -0.177  -0.955   1.605
 91 317 11 58 30   1.277  -0.170  -0.955   1.604
 91 317 11 59 30   1.279  -0.227  -0.925   1.598
 91 317 12 00 30   1.280  -0.339  -0.889   1.595
 91 317 12 01 30   1.270  -0.311  -0.901   1.588
 91 317 12 02 30   1.269  -0.304  -0.906   1.589
 91 317 12 03 30   1.267  -0.273  -0.911   1.584
 91 317 12 04 30   1.272  -0.276  -0.897   1.581
 91 317 12 05 30   1.273  -0.240  -0.892   1.574
 91 317 12 06 30   1.321  -0.243  -0.821   1.575
 91 317 12 07 30   1.296  -0.272  -0.842   1.571
 91 317 12 08 30   1.213  -0.127  -0.980   1.565
 91 317 12 09 30   1.203  -0.147  -0.969   1.552
 91 317 12 10 30   1.192  -0.160  -0.980   1.551
 91 317 12 11 30   1.240  -0.217  -0.916   1.558
 91 317 12 12 30   1.353  -0.278  -0.726   1.561
 91 317 12 13 30   1.265  -0.269  -0.857   1.553
 91 317 12 14 30   1.260  -0.309  -0.861   1.558
 91 317 12 15 30   1.269  -0.291  -0.847   1.554
 91 317 12 16 30   1.276  -0.319  -0.826   1.553
 91 317 12 17 30   1.213  -0.333  -0.904   1.549
 91 317 12 18 30   1.201  -0.330  -0.924   1.551
 91 317 12 19 30   1.191  -0.312  -0.944   1.552
 91 317 12 20 30   1.194  -0.301  -0.945   1.552
 91 317 12 21 30   1.147  -0.301  -1.004   1.554
 91 317 12 22 30   1.153  -0.303  -0.986   1.548
 91 317 12 23 30   1.168  -0.316  -0.969   1.550
 91 317 12 24 30   1.186  -0.314  -0.948   1.550
 91 317 12 25 30   1.185  -0.326  -0.943   1.549
 91 317 12 26 30   1.208  -0.311  -0.917   1.549
 91 317 12 27 30   1.202  -0.323  -0.915   1.546
 91 317 12 28 30   1.209  -0.370  -0.892   1.548
 91 317 12 29 30   1.232  -0.444  -0.821   1.550
 91 317 12 30 30   1.249  -0.621  -0.667   1.562
 91 317 12 31 30   1.194  -0.539  -0.847   1.564
 91 317 12 32 30   1.268  -0.630  -0.624   1.551
 91 317 12 33 30   1.228  -0.289  -0.876   1.547
 91 317 12 34 30   1.168  -0.263  -0.965   1.553
 91 317 12 35 30   1.223  -0.408  -0.824   1.549
 91 317 12 36 30   1.262  -0.554  -0.680   1.539
 91 317 12 37 30   1.231  -0.525  -0.649   1.489
 91 317 12 38 30   1.197  -0.413  -0.780   1.502
 91 317 12 39 30   1.214  -0.286  -0.763   1.486
 91 317 12 40 30   1.350  -0.312  -0.525   1.494
 91 317 12 41 30   1.252   0.065  -0.801   1.516
 91 317 12 42 30   1.243  -0.108  -0.809   1.517
 91 317 12 43 30   1.267  -0.144  -0.848   1.533
 91 317 12 44 30   1.276  -0.262  -0.804   1.535
 91 317 12 45 30   1.238  -0.527  -0.713   1.531
 91 317 12 46 30   1.193  -0.417  -0.864   1.546
 91 317 12 47 30   1.191  -0.609  -0.690   1.520
 91 317 12 48 30   1.174  -0.177  -0.881   1.504
 91 317 12 49 30   1.036  -0.136  -0.828   1.458
 91 317 12 50 30   1.018  -0.782  -0.615   1.450
 91 317 12 51 30   1.017  -0.692  -0.688   1.413
 91 317 12 52 30   0.988  -0.731  -0.748   1.440
 91 317 12 53 30   1.005  -0.673  -0.827   1.468
 91 317 12 54 30   1.080  -0.467  -0.902   1.485
 91 317 12 55 30   0.786  -0.873  -0.820   1.447
 91 317 12 56 30   0.712  -0.954  -0.832   1.454
 91 317 12 57 30   0.941  -0.723  -0.862   1.476
 91 317 12 58 30   1.019  -0.645  -0.861   1.482
 91 317 12 59 30   1.033  -0.621  -0.879   1.494
 91 317 13 00 30   1.154  -0.442  -0.838   1.494
 91 317 13 01 30   1.123  -0.418  -0.890   1.494
 91 317 13 02 30   1.122  -0.438  -0.894   1.501
 91 317 13 03 30   1.042  -0.574  -0.905   1.496
 91 317 13 04 30   0.915  -0.611  -0.944   1.454
 91 317 13 05 30   0.767  -0.760  -0.963   1.448
 91 317 13 06 30   0.906  -0.681  -0.933   1.470
 91 317 13 07 30   0.919  -0.635  -0.933   1.456
 91 317 13 08 30   0.891  -0.602  -0.929   1.422
 91 317 13 09 30   0.788  -0.696  -0.984   1.442
 91 317 13 10 30   0.853  -0.657  -1.005   1.473
 91 317 13 11 30   0.877  -0.628  -0.981   1.459
 91 317 13 12 30   0.874  -0.591  -0.953   1.422
 91 317 13 13 30   0.878  -0.571  -0.937   1.405
 91 317 13 14 30   0.874  -0.599  -0.967   1.435
 91 317 13 15 30   0.881  -0.643  -0.994   1.476
 91 317 13 16 30   0.854  -0.669  -0.957   1.447
 91 317 13 17 30   0.865  -0.711  -0.968   1.480
 91 317 13 18 30   0.845  -0.680  -0.948   1.444
 91 317 13 19 30   0.850  -0.722  -0.960   1.472
 91 317 13 20 30   0.839  -0.766  -0.940   1.476
 91 317 13 21 30   0.891  -0.710  -0.944   1.484
 91 317 13 22 30   1.086  -0.354  -0.983   1.535
 91 317 13 23 30   1.206  -0.052  -0.985   1.567
 91 317 13 24 30   1.150  -0.344  -0.991   1.558
 91 317 13 25 30   1.068  -0.333  -1.080   1.556
 91 317 13 26 30   1.074  -0.281  -1.082   1.551
 91 317 13 27 30   0.992  -0.375  -1.117   1.543
 91 317 13 28 30   1.068  -0.331  -1.048   1.534
 91 317 13 29 30   1.085  -0.324  -1.032   1.533
 91 317 13 30 30   1.039  -0.294  -1.079   1.528
 91 317 13 31 30   0.979  -0.217  -1.145   1.526
 91 317 13 32 30   0.996  -0.281  -1.116   1.523
 91 317 13 33 30   1.027  -0.351  -1.063   1.523
 91 317 13 34 30   1.059  -0.405  -0.985   1.505
 91 317 13 35 30   1.005  -0.289  -1.086   1.512
 91 317 13 36 30   0.989  -0.257  -1.100   1.503
 91 317 13 37 30   1.064  -0.279  -1.033   1.511
 91 317 13 38 30   1.055  -0.282  -1.045   1.513
 91 317 13 39 30   1.049  -0.289  -1.044   1.509
 91 317 13 40 30   1.050  -0.225  -1.055   1.506
 91 317 13 41 30   1.080  -0.169  -1.039   1.510
 91 317 13 42 30   0.997  -0.238  -1.073   1.491
 91 317 13 43 30   0.835  -0.479  -1.079   1.447
 91 317 13 44 30   0.777  -0.507  -1.083   1.426
 91 317 13 45 30   0.684  -0.614  -1.083   1.425
 91 317 13 46 30   0.688  -0.611  -1.097   1.433
 91 317 13 47 30   0.664  -0.594  -1.126   1.436
 91 317 13 48 30   0.608  -0.610  -1.151   1.439
 91 317 13 49 30   0.595  -0.622  -1.155   1.443
 91 317 13 50 30   0.612  -0.603  -1.175   1.456
 91 317 13 51 30   0.592  -0.571  -1.205   1.462
 91 317 13 52 30   0.533  -0.444  -1.289   1.464
 91 317 13 53 30   0.652  -0.476  -1.217   1.461
 91 317 13 54 30   0.676  -0.516  -1.178   1.454
 91 317 13 55 30   0.675  -0.521  -1.187   1.462
 91 317 13 56 30   0.653  -0.598  -1.172   1.469
 91 317 13 57 30   0.699  -0.601  -1.162   1.483
 91 317 13 58 30   0.669  -0.649  -1.150   1.481
 91 317 13 59 30   0.620  -0.672  -1.161   1.480
 91 317 14 00 30   0.600  -0.617  -1.189   1.469
 91 317 14 01 30   0.638  -0.610  -1.184   1.478
 91 317 14 02 30   0.655  -0.642  -1.153   1.473
 91 317 14 03 30   0.626  -0.642  -1.176   1.479
 91 317 14 04 30   0.636  -0.608  -1.183   1.475
 91 317 14 05 30   0.658  -0.586  -1.185   1.477
 91 317 14 06 30   0.649  -0.586  -1.186   1.474
 91 317 14 07 30   0.643  -0.601  -1.192   1.482
 91 317 14 08 30   0.648  -0.597  -1.177   1.470
 91 317 14 09 30   0.631  -0.616  -1.185   1.478
 91 317 14 10 30   0.618  -0.590  -1.196   1.471
 91 317 14 11 30   0.574  -0.764  -1.096   1.461
 91 317 14 12 30   0.659  -0.647  -1.133   1.465
 91 317 14 13 30   0.642  -0.571  -1.146   1.435
 91 317 14 14 30   0.616  -0.609  -1.120   1.416
 91 317 14 15 30   0.658  -0.576  -1.132   1.431
 91 317 14 16 30   0.714  -0.433  -1.192   1.462
 91 317 14 17 30   0.677  -0.183  -1.261   1.447
 91 317 14 18 30   0.723  -0.360  -1.154   1.410
 91 317 14 19 30   0.574  -0.444  -1.185   1.394
 91 317 14 20 30   0.662  -0.407  -1.157   1.394
 91 317 14 21 30   0.702  -0.234  -1.134   1.359
 91 317 14 22 30   0.699  -0.254  -1.141   1.363
 91 317 14 23 30   0.683  -0.312  -1.154   1.380
 91 317 14 24 30   0.645  -0.626  -1.028   1.369
 91 317 14 25 30   0.605  -0.604  -1.106   1.398
 91 317 14 26 30   0.597  -0.593  -1.111   1.394
 91 317 14 27 30   0.598  -0.581  -1.122   1.399
 91 317 14 28 30   0.514  -0.545  -1.183   1.402
 91 317 14 29 30   0.418  -0.572  -1.188   1.385
 91 317 14 30 30   0.403  -0.538  -1.201   1.378
 91 317 14 31 30   0.599  -0.547  -1.117   1.381
 91 317 14 32 30   0.651  -0.616  -1.046   1.379
 91 317 14 33 30   0.587  -0.509  -1.132   1.374
 91 317 14 34 30   0.527  -0.500  -1.155   1.365
 91 317 14 35 30   0.533  -0.525  -1.138   1.363
 91 317 14 36 30   0.557  -0.564  -1.127   1.378
 91 317 14 37 30   0.567  -0.557  -1.138   1.389
 91 317 14 38 30   0.529  -0.531  -1.149   1.372
 91 317 14 39 30   0.545  -0.540  -1.136   1.371
 91 317 14 40 30   0.558  -0.550  -1.125   1.371
 91 317 14 41 30   0.621  -0.577  -1.079   1.373
 91 317 14 42 30   0.573  -0.521  -1.133   1.374
 91 317 14 43 30   0.546  -0.535  -1.148   1.381
 91 317 14 44 30   0.544  -0.527  -1.166   1.391
 91 317 14 45 30   0.608  -0.553  -1.120   1.390
 91 317 14 46 30   0.647  -0.590  -1.087   1.396
 91 317 14 47 30   0.650  -0.597  -1.093   1.405
 91 317 14 48 30   0.676  -0.665  -1.042   1.410
 91 317 14 49 30   0.681  -0.650  -1.060   1.420
 91 317 14 50 30   0.706  -0.676  -1.024   1.416
 91 317 14 51 30   0.691  -0.645  -1.050   1.413
 91 317 14 52 30   0.709  -0.682  -1.028   1.423
 91 317 14 53 30   0.715  -0.659  -1.048   1.431
 91 317 14 54 30   0.711  -0.652  -1.056   1.430
 91 317 14 55 30   0.716  -0.688  -1.024   1.427
 91 317 14 56 30   0.705  -0.729  -0.994   1.422
 91 317 14 57 30   0.744  -0.762  -0.942   1.423
 91 317 14 58 30   0.750  -0.798  -0.900   1.418
 91 317 14 59 30   0.746  -0.782  -0.912   1.414
 91 317 15 00 30   0.710  -0.807  -0.897   1.400
 91 317 15 01 30   0.695  -0.792  -0.919   1.398
 91 317 15 02 30   0.671  -0.765  -0.971   1.407
 91 317 15 03 30   0.657  -0.772  -0.963   1.398
 91 317 15 04 30   0.671  -0.755  -0.970   1.402
 91 317 15 05 30   0.689  -0.739  -0.963   1.402
 91 317 15 06 30   0.639  -0.899  -0.874   1.408
 91 317 15 07 30   0.609  -0.927  -0.845   1.395
 91 317 15 08 30   0.649  -0.857  -0.878   1.390
 91 317 15 09 30   0.661  -0.796  -0.929   1.391
 91 317 15 10 30   0.673  -0.745  -0.960   1.391
 91 317 15 11 30   0.676  -0.811  -0.902   1.390
 91 317 15 12 30   0.667  -0.805  -0.917   1.393
 91 317 15 13 30   0.684  -0.808  -0.886   1.382
 91 317 15 14 30   0.659  -0.806  -0.895   1.374
 91 317 15 15 30   0.604  -0.847  -0.882   1.364
 91 317 15 16 30   0.632  -0.872  -0.828   1.359
 91 317 15 17 30   0.598  -0.886  -0.842   1.361
 91 317 15 18 30   0.599  -0.904  -0.824   1.362
 91 317 15 19 30   0.597  -0.872  -0.844   1.353
 91 317 15 20 30   0.604  -0.840  -0.838   1.332
 91 317 15 21 30   0.697  -0.450  -0.878   1.211
 91 317 15 22 30   0.751   0.055  -0.769   1.107
 91 317 15 23 30   0.824   0.102  -0.792   1.148
 91 317 15 24 30   0.829   0.068  -0.829   1.187
 91 317 15 25 30   0.704  -0.117  -0.770   1.052
 91 317 15 26 30   0.597  -0.476  -0.759   1.117
 91 317 15 27 30   0.672  -0.559  -0.768   1.170
 91 317 15 28 30   0.815  -0.135  -0.749   1.150
 91 317 15 29 30   0.880   0.267  -0.676   1.150
 91 317 15 30 30   0.931   0.367  -0.719   1.233
 91 317 15 31 30   0.886   0.357  -0.695   1.182
 91 317 15 32 30   0.911   0.351  -0.718   1.213
 91 317 15 33 30   0.953   0.361  -0.681   1.226
 91 317 15 34 30   0.956   0.382  -0.663   1.225
 91 317 15 35 30   0.951   0.413  -0.634   1.216
 91 317 15 36 30   0.912   0.394  -0.608   1.165
 91 317 15 37 30   0.914   0.423  -0.567   1.156
 91 317 15 38 30   0.899   0.421  -0.515   1.120
 91 317 15 39 30   0.858   0.369  -0.420   1.027
 91 317 15 40 30   0.916   0.448  -0.421   1.106
 91 317 15 41 30   0.941   0.348  -0.749   1.256
 91 317 15 42 30   0.966   0.342  -0.753   1.272
 91 317 15 43 30   0.982   0.391  -0.733   1.287
 91 317 15 44 30   0.978   0.415  -0.729   1.288
 91 317 15 45 30   0.973   0.441  -0.747   1.304
 91 317 15 46 30   0.973   0.430  -0.762   1.309
 91 317 15 47 30   0.969   0.430  -0.740   1.293
 91 317 15 48 30   0.980   0.315  -0.763   1.282
 91 317 15 49 30   0.961   0.379  -0.745   1.274
 91 317 15 50 30   0.950   0.461  -0.735   1.287
 91 317 15 51 30   0.982   0.420  -0.763   1.313
 91 317 15 52 30   1.001   0.430  -0.774   1.337
 91 317 15 53 30   1.006   0.439  -0.751   1.330
 91 317 15 54 30   0.984   0.445  -0.684   1.279
 91 317 15 55 30   1.020   0.476  -0.694   1.322
 91 317 15 56 30   1.027   0.494  -0.675   1.324
 91 317 15 57 30   1.025   0.464  -0.693   1.323
 91 317 15 58 30   0.969   0.444  -0.635   1.243
 91 317 15 59 30   0.905   0.483  -0.631   1.210
 91 317 16 00 30   0.696   0.382  -0.797   1.132
 91 317 16 01 30   0.515   0.323  -0.880   1.079
 91 317 16 02 30   0.448   0.290  -0.907   1.054
 91 317 16 03 30   0.574   0.351  -0.809   1.066
 91 317 16 04 30   0.509   0.369  -0.850   1.061
 91 317 16 05 30   0.523   0.295  -0.870   1.057
 91 317 16 06 30   0.515   0.316  -0.855   1.047
 91 317 16 07 30   0.496   0.329  -0.853   1.041
 91 317 16 08 30   0.449   0.327  -0.862   1.028
 91 317 16 09 30   0.440   0.330  -0.864   1.025
 91 317 16 10 30   0.394   0.389  -0.883   1.044
 91 317 16 11 30   0.451   0.292  -0.890   1.041
 91 317 16 12 30   0.460   0.096  -0.922   1.047
 91 317 16 13 30   0.393  -0.067  -1.031   1.127
 91 317 16 14 30   0.343   0.401  -0.925   1.143
 91 317 16 15 30   0.299   0.638  -0.805   1.071
 91 317 16 16 30   0.300   0.539  -0.832   1.037
 91 317 16 17 30   0.334   0.505  -0.797   1.003
 91 317 16 18 30   0.209   0.373  -0.930   1.031
 91 317 16 19 30   0.454   0.507  -0.775   1.035
 91 317 16 20 30   0.457   0.581  -0.684   1.009
 91 317 16 21 30   0.442   0.596  -0.664   0.999
 91 317 16 22 30   0.289   0.617  -0.671   0.960
 91 317 16 23 30   0.307   0.669  -0.608   0.959
 91 317 16 24 30   0.279   0.661  -0.645   0.968
 91 317 16 25 30   0.270   0.653  -0.664   0.976
 91 317 16 26 30   0.248   0.639  -0.690   0.975
 91 317 16 27 30   0.226   0.636  -0.679   0.959
 91 317 16 28 30   0.323   0.606  -0.678   0.967
 91 317 16 29 30   0.369   0.652  -0.618   0.972
 91 317 16 30 30   0.311   0.683  -0.598   0.962
 91 317 16 31 30   0.228   0.746  -0.562   0.962
 91 317 16 32 30   0.130   0.770  -0.511   0.934
 91 317 16 33 30   0.113   0.784  -0.482   0.928
 91 317 16 34 30   0.036   0.850  -0.533   1.008
 91 317 16 35 30  -0.102   0.927  -0.496   1.062
 91 317 16 36 30  -0.043   0.875  -0.492   1.047
 91 317 16 37 30   0.780   0.053  -0.630   1.033
 91 317 16 38 30   0.782   0.256  -0.688   1.077
 91 317 16 39 30   0.693   0.509  -0.691   1.104
 91 317 16 40 30   0.558   0.601  -0.671   1.063
 91 317 16 41 30   0.155   0.892  -0.395   1.010
 91 317 16 42 30   0.374   0.902  -0.307   1.041
 91 317 16 43 30   0.328   0.960  -0.291   1.061
 91 317 16 44 30   0.327   0.935  -0.354   1.055
 91 317 16 45 30   0.388   0.767  -0.527   1.023
 91 317 16 46 30   0.283   0.834  -0.245   0.926
 91 317 16 47 30   0.171   0.752  -0.184   0.812
 91 317 16 48 30   0.311   0.683  -0.620   0.979
 91 317 16 49 30   0.289   0.770  -0.549   0.994
 91 317 16 50 30   0.258   0.903  -0.343   1.010
 91 317 16 51 30   0.228   0.870  -0.435   1.008
 91 317 16 52 30   0.205   0.927  -0.472   1.063
 91 317 16 53 30   0.289   0.976  -0.425   1.104
 91 317 16 54 30   0.232   0.983  -0.344   1.070
 91 317 16 55 30   0.071   1.039  -0.325   1.094
 91 317 16 56 30   0.017   1.068  -0.265   1.102
 91 317 16 57 30   0.205   0.982  -0.428   1.105
 91 317 16 58 30   0.178   1.014  -0.337   1.085
 91 317 16 59 30   0.117   1.064  -0.287   1.110
 91 317 17 00 30   0.064   1.071  -0.295   1.119
 91 317 17 01 30  -0.061   1.084  -0.106   1.095
 91 317 17 02 30   0.098   1.116  -0.144   1.130
 91 317 17 03 30   0.093   1.088  -0.106   1.098
 91 317 17 04 30   0.028   1.102  -0.079   1.106
 91 317 17 05 30   0.088   1.038  -0.096   1.048
 91 317 17 06 30   0.057   1.026  -0.077   1.032
 91 317 17 07 30   0.076   1.073  -0.061   1.078
 91 317 17 08 30   0.116   1.079  -0.115   1.093
 91 317 17 09 30   0.205   1.092  -0.189   1.128
 91 317 17 10 30   0.116   1.140  -0.191   1.166
 91 317 17 11 30  -0.025   1.180  -0.131   1.188
 91 317 17 12 30  -0.074   1.182  -0.118   1.191
 91 317 17 13 30  -0.092   1.181  -0.118   1.191
 91 317 17 14 30  -0.126   1.170  -0.146   1.186
 91 317 17 15 30  -0.156   1.153  -0.181   1.179
 91 317 17 16 30  -0.224   1.114  -0.117   1.143
 91 317 17 17 30  -0.262   1.088  -0.122   1.126
 91 317 17 18 30  -0.191   1.060  -0.186   1.095
 91 317 17 19 30  -0.187   1.084  -0.123   1.107
 91 317 17 20 30  -0.182   1.092  -0.084   1.111
 91 317 17 21 30  -0.219   1.105  -0.052   1.129
 91 317 17 22 30  -0.176   1.039   0.067   1.057
 91 317 17 23 30  -0.132   1.069   0.031   1.079
 91 317 17 24 30  -0.129   1.026   0.051   1.039
 91 317 17 25 30  -0.143   1.074  -0.001   1.086
 91 317 17 26 30  -0.111   1.114  -0.030   1.126
 91 317 17 27 30  -0.075   0.963   0.063   0.973
 91 317 17 28 30  -0.086   0.986   0.070   0.993
 91 317 17 29 30  -0.069   1.067  -0.013   1.070
 91 317 17 30 30   0.120   1.061  -0.092   1.074
 91 317 17 31 30   0.143   1.100  -0.155   1.124
 91 317 17 32 30   0.379   1.004  -0.324   1.123
 91 317 17 33 30   0.386   1.009  -0.339   1.136
 91 317 17 34 30   0.375   1.050  -0.309   1.158
 91 317 17 35 30   0.464   0.928  -0.368   1.106
 91 317 17 36 30   0.511   0.899  -0.338   1.091
 91 317 17 37 30   0.179   1.000  -0.194   1.042
 91 317 17 38 30   0.073   1.063  -0.184   1.083
 91 317 17 39 30   0.318   0.992  -0.052   1.064
 91 317 17 40 30   0.255   1.057  -0.257   1.120
 91 317 17 41 30   0.228   1.073  -0.172   1.113
 91 317 17 42 30   0.179   1.094  -0.125   1.118
 91 317 17 43 30   0.239   1.082  -0.199   1.126
 91 317 17 44 30   0.255   1.074  -0.178   1.120
 91 317 17 45 30   0.355   1.015  -0.259   1.108
 91 317 17 46 30   0.415   0.968  -0.326   1.103
 91 317 17 47 30   0.465   0.952  -0.267   1.094
 91 317 17 48 30   0.480   0.946  -0.301   1.103
 91 317 17 49 30   0.446   0.962  -0.238   1.089
 91 317 17 50 30   0.449   0.952  -0.251   1.084
 91 317 17 51 30   0.505   0.933  -0.258   1.092
 91 317 17 52 30   0.517   0.896  -0.332   1.087
 91 317 17 53 30   0.535   0.837  -0.427   1.088
 91 317 17 54 30   0.466   0.875  -0.408   1.087
 91 317 17 55 30   0.625   0.637  -0.603   1.085
 91 317 17 56 30   0.653   0.708  -0.518   1.103
 91 317 17 57 30   0.659   0.739  -0.474   1.101
 91 317 17 58 30   0.631   0.817  -0.393   1.108
 91 317 17 59 30   0.652   0.781  -0.387   1.105
 91 317 18 00 30   0.950   0.337  -0.471   1.118
 91 317 18 01 30   0.999   0.324  -0.448   1.142
 91 317 18 02 30   1.029   0.263  -0.424   1.144
 91 317 18 03 30   1.022   0.305  -0.428   1.150
 91 317 18 04 30   1.046   0.233  -0.399   1.146
 91 317 18 05 30   1.046   0.239  -0.382   1.140
 91 317 18 06 30   1.071   0.080  -0.392   1.145
 91 317 18 07 30   1.039   0.093  -0.452   1.137
 91 317 18 08 30   0.997   0.097  -0.452   1.104
 91 317 18 09 30   1.015   0.145  -0.424   1.111
 91 317 18 10 30   1.012   0.238  -0.412   1.119
 91 317 18 11 30   0.950   0.258  -0.482   1.098
 91 317 18 12 30   0.953   0.261  -0.468   1.095
 91 317 18 13 30   0.816   0.221  -0.449   0.975
 91 317 18 14 30   0.740   0.109  -0.469   0.885
 91 317 18 15 30   0.731   0.224  -0.374   0.854
 91 317 18 16 30   0.565   0.192  -0.260   0.652
 91 317 18 17 30   0.537   0.163  -0.203   0.600
 91 317 18 18 30   0.697   0.170  -0.292   0.777
 91 317 18 19 30   0.763   0.254  -0.291   0.856
 91 317 18 20 30   0.762   0.194  -0.325   0.852
 91 317 18 21 30   0.681   0.102  -0.328   0.764
 91 317 18 22 30   0.787   0.099  -0.355   0.870
 91 317 18 23 30   0.773  -0.033  -0.347   0.852
 91 317 18 24 30   0.777  -0.117  -0.358   0.865
 91 317 18 25 30   0.715  -0.234  -0.294   0.816
 91 317 18 26 30   0.735  -0.156  -0.302   0.811
 91 317 18 27 30   0.775  -0.200  -0.264   0.845
 91 317 18 28 30   0.811  -0.192  -0.319   0.895
 91 317 18 29 30   0.808  -0.252  -0.280   0.894
 91 317 18 30 30   0.740  -0.250  -0.289   0.834
 91 317 18 31 30   0.768  -0.405  -0.296   0.918
 91 317 18 32 30   0.777  -0.526  -0.238   0.969
 91 317 18 33 30   0.812  -0.526  -0.197   0.988
 91 317 18 34 30   0.712  -0.490  -0.002   0.872
 91 317 18 35 30   0.621  -0.471  -0.132   0.791
 91 317 18 36 30   0.551  -0.536  -0.053   0.774
 91 317 18 37 30   0.457  -0.699  -0.016   0.839
 91 317 18 38 30   0.684  -0.676  -0.049   0.963
 91 317 18 39 30   0.708  -0.736  -0.061   1.025
 91 317 18 40 30   0.682  -0.727  -0.053   0.999
 91 317 18 41 30   0.722  -0.791  -0.005   1.071
 91 317 18 42 30   0.624  -0.719   0.011   0.953
 91 317 18 43 30   0.520  -0.625  -0.061   0.817
 91 317 18 44 30   0.636  -0.867  -0.086   1.080
 91 317 18 45 30   0.601  -0.836   0.014   1.031
 91 317 18 46 30   0.660  -0.826   0.059   1.066
 91 317 18 47 30   0.845  -0.875  -0.180   1.230
 91 317 18 48 30   0.919  -0.957  -0.179   1.339
 91 317 18 49 30   0.906  -0.981  -0.217   1.353
 91 317 18 50 30   0.906  -0.989  -0.176   1.353
 91 317 18 51 30   0.912  -1.009  -0.163   1.371
 91 317 18 52 30   0.897  -0.990  -0.152   1.346
 91 317 18 53 30   0.939  -0.954  -0.158   1.349
 91 317 18 54 30   0.925  -0.974  -0.112   1.349
 91 317 18 55 30   0.906  -0.977  -0.204   1.349
 91 317 18 56 30   0.953  -0.974  -0.104   1.367
 91 317 18 57 30   0.959  -0.972  -0.145   1.374
 91 317 18 58 30   0.947  -0.997  -0.144   1.383
 91 317 18 59 30   0.934  -1.009  -0.180   1.387
 91 317 19 00 30   0.921  -1.016  -0.196   1.385
 91 317 19 01 30   0.907  -1.010  -0.221   1.376
 91 317 19 02 30   0.897  -1.016  -0.242   1.377
 91 317 19 03 30   0.902  -1.012  -0.198   1.370
 91 317 19 04 30   0.916  -1.005  -0.194   1.373
 91 317 19 05 30   0.907  -1.012  -0.209   1.375
 91 317 19 06 30   0.953  -0.968  -0.223   1.377
 91 317 19 07 30   0.951  -0.969  -0.257   1.382
 91 317 19 08 30   0.922  -1.002  -0.207   1.377
 91 317 19 09 30   0.882  -1.042  -0.185   1.378
 91 317 19 10 30   0.898  -1.020  -0.212   1.376
 91 317 19 11 30   0.932  -0.979  -0.239   1.373
 91 317 19 12 30   0.945  -0.970  -0.233   1.374
 91 317 19 13 30   0.946  -0.975  -0.205   1.375
 91 317 19 14 30   0.942  -0.975  -0.207   1.372
 91 317 19 15 30   0.935  -0.982  -0.220   1.374
 91 317 19 16 30   0.927  -0.987  -0.215   1.372
 91 317 19 17 30   0.803  -1.095  -0.185   1.370
 91 317 19 18 30   0.737  -1.137  -0.168   1.367
 91 317 19 19 30   0.688  -1.158  -0.136   1.355
 91 317 19 20 30   0.811  -1.074  -0.208   1.363
 91 317 19 21 30   0.859  -1.045  -0.228   1.372
 91 317 19 22 30   0.901  -1.008  -0.238   1.374
 91 317 19 23 30   0.870  -1.000  -0.181   1.338
 91 317 19 24 30   0.824  -0.988  -0.150   1.295
 91 317 19 25 30   0.815  -1.033  -0.233   1.337
 91 317 19 26 30   0.789  -1.065  -0.228   1.347
 91 317 19 27 30   0.790  -1.051  -0.349   1.361
 91 317 19 28 30   0.819  -1.038  -0.320   1.361
 91 317 19 29 30   0.820  -1.035  -0.279   1.351
 91 317 19 30 30   0.866  -1.039  -0.183   1.366
 91 317 19 31 30   0.865  -1.036  -0.171   1.362
 91 317 19 32 30   0.683  -1.142  -0.233   1.352
 91 317 19 33 30   0.686  -1.146  -0.202   1.352
 91 317 19 34 30   0.769  -1.108  -0.126   1.358
 91 317 19 35 30   0.733  -1.144  -0.157   1.376
 91 317 19 36 30   0.778  -1.120   0.012   1.367
 91 317 19 37 30   0.786  -1.110   0.021   1.361
 91 317 19 38 30   0.827  -1.074  -0.033   1.357
 91 317 19 39 30   0.792  -1.108   0.010   1.363
 91 317 19 40 30   0.787  -1.099  -0.031   1.354
 91 317 19 41 30   0.767  -1.108   0.026   1.350
 91 317 19 42 30   0.756  -1.118   0.036   1.351
 91 317 19 43 30   0.660  -1.184   0.036   1.357
 91 317 19 44 30   0.685  -1.161   0.082   1.352
 91 317 19 45 30   0.689  -1.161   0.053   1.352
 91 317 19 46 30   0.609  -1.213   0.044   1.360
 91 317 19 47 30   0.614  -1.211   0.047   1.360
 91 317 19 48 30   0.643  -1.179   0.063   1.350
 91 317 19 49 30   0.545  -1.238  -0.024   1.354
 91 317 19 50 30   0.483  -1.261  -0.039   1.351
 91 317 19 51 30   0.396  -1.276  -0.146   1.350
 91 317 19 52 30   0.580  -1.186   0.025   1.352
 91 317 19 53 30   0.746  -1.123   0.192   1.362
 91 317 19 54 30   0.750  -1.117   0.179   1.358
 91 317 19 55 30   0.745  -1.120   0.160   1.355
 91 317 19 56 30   0.697  -1.150   0.148   1.354
 91 317 19 57 30   0.703  -1.147   0.114   1.351
 91 317 19 58 30   0.698  -1.145   0.105   1.345
 91 317 19 59 30   0.671  -1.159   0.058   1.341
 91 317 20 00 30   0.680  -1.152   0.055   1.340
 91 317 20 01 30   0.646  -1.183  -0.034   1.349
 91 317 20 02 30   0.603  -1.188   0.013   1.334
 91 317 20 03 30   0.558  -1.206   0.066   1.330
 91 317 20 04 30   0.544  -1.203   0.070   1.322
 91 317 20 06 30   0.539  -1.220   0.000   1.334
 91 317 20 07 30   0.523  -1.214   0.012   1.322
 91 317 20 08 30   0.519  -1.198   0.040   1.306
 91 317 20 09 30   0.520  -1.191   0.073   1.302
 91 317 20 10 30   0.511  -1.203   0.064   1.309
 91 317 20 11 30   0.488  -1.226   0.066   1.322
 91 317 20 12 30   0.580  -1.191   0.127   1.333
 91 317 20 13 30   0.601  -1.190   0.142   1.342
 91 317 20 14 30   0.558  -1.219   0.109   1.346
 91 317 20 15 30   0.626  -1.194   0.136   1.356
 91 317 20 16 30   0.617  -1.188   0.117   1.346
 91 317 20 17 30   0.515  -1.224   0.011   1.330
 91 317 20 18 30   0.428  -1.260  -0.008   1.332
 91 317 20 19 30   0.587  -1.194   0.098   1.335
 91 317 20 20 30   0.605  -1.191   0.089   1.339
 91 317 20 21 30   0.567  -1.200   0.128   1.333
 91 317 20 22 30   0.537  -1.209   0.132   1.330
 91 317 20 23 30   0.591  -1.209   0.088   1.349
 91 317 20 24 30   0.578  -1.230   0.071   1.361
 91 317 20 25 30   0.588  -1.240   0.074   1.375
 91 317 20 26 30   0.597  -1.239   0.083   1.378
 91 317 20 27 30   0.602  -1.241   0.057   1.381
 91 317 20 28 30   0.596  -1.249   0.076   1.387
 91 317 20 29 30   0.611  -1.244   0.050   1.387
 91 317 20 30 30   0.622  -1.244  -0.002   1.391
 91 317 20 31 30   0.512  -1.281   0.055   1.383
 91 317 20 32 30   0.544  -1.263   0.062   1.377
 91 317 20 33 30   0.505  -1.276   0.070   1.375
 91 317 20 34 30   0.555  -1.233   0.027   1.353
 91 317 20 35 30   0.543  -1.232  -0.014   1.348
 91 317 20 36 30   0.599  -1.196  -0.175   1.350
 91 317 20 37 30   0.640  -1.190  -0.133   1.359
 91 317 20 38 30   0.613  -1.203  -0.138   1.358
 91 317 20 39 30   0.626  -1.191  -0.170   1.357
 91 317 20 40 30   0.587  -1.214  -0.149   1.357
 91 317 20 41 30   0.568  -1.241  -0.115   1.370
 91 317 20 42 30   0.552  -1.228  -0.139   1.354
 91 317 20 43 30   0.566  -1.216  -0.173   1.353
 91 317 20 44 30   0.534  -1.220  -0.190   1.346
 91 317 20 45 30   0.530  -1.234  -0.155   1.352
 91 317 20 46 30   0.546  -1.217  -0.123   1.340
 91 317 20 47 30   0.540  -1.185  -0.134   1.309
 91 317 20 48 30   0.567  -1.160  -0.125   1.299
 91 317 20 49 30   0.550  -1.196  -0.095   1.323
 91 317 20 50 30   0.546  -1.221  -0.109   1.345
 91 317 20 51 30   0.585  -1.193   0.022   1.329
 91 317 20 52 30   0.612  -1.178  -0.007   1.328
 91 317 20 53 30   0.573  -1.229  -0.089   1.360
 91 317 20 54 30   0.556  -1.247  -0.087   1.368
 91 317 20 55 30   0.547  -1.233  -0.033   1.350
 91 317 20 56 30   0.492  -1.254  -0.008   1.347
 91 317 20 57 30   0.497  -1.256  -0.002   1.351
 91 317 20 58 30   0.468  -1.261  -0.036   1.346
 91 317 20 59 30   0.466  -1.255  -0.006   1.339
 91 317 21 00 30   0.441  -1.253  -0.013   1.329
 91 317 21 01 30   0.415  -1.259  -0.046   1.326
 91 317 21 02 30   0.268  -0.444   0.332   1.322
 91 317 21 03 30   0.308  -0.548   0.299   1.282
 91 317 21 04 30   0.426  -1.201   0.006   1.274
 91 317 21 07 30   0.474  -1.206   0.038   1.296
 91 317 21 08 30   0.467  -1.195   0.038   1.284
 91 317 21 09 30   0.473  -1.198   0.051   1.289
 91 317 21 10 30   0.464  -1.208   0.039   1.295
 91 317 21 11 30   0.450  -1.245   0.039   1.324
 91 317 21 12 30   0.441  -1.263   0.039   1.338
 91 317 21 13 30   0.427  -1.262   0.016   1.333
 91 317 21 14 30   0.421  -1.260   0.000   1.328
 91 317 21 15 30   0.412  -1.244   0.026   1.311
 91 317 21 16 30   0.402  -1.222   0.026   1.287
 91 317 21 17 30   0.381  -1.230   0.039   1.289
 91 317 21 18 30   0.415  -1.231   0.058   1.302
 91 317 21 19 30   0.394  -1.231   0.068   1.295
 91 317 21 20 30   0.394  -1.199   0.039   1.263
 91 317 21 21 30   0.350  -1.160   0.087   1.215
 91 317 21 22 30   0.336  -1.176   0.078   1.226
 91 317 21 23 30   0.369  -1.159   0.096   1.221
 91 317 21 24 30   0.406  -1.143   0.062   1.215
 91 317 21 25 30   0.407  -1.159   0.054   1.230
 91 317 21 26 30   0.409  -1.204   0.085   1.275
 91 317 21 27 30   0.419  -1.203   0.107   1.279
 91 317 21 28 30   0.383  -1.217   0.106   1.281
 91 317 21 29 30   0.406  -1.214   0.091   1.284
 91 317 21 30 30   0.421  -1.209   0.093   1.283
 91 317 21 31 30   0.415  -1.206   0.106   1.280
 91 317 21 32 30   0.439  -1.204   0.121   1.287
 91 317 21 33 30   0.453  -1.188   0.127   1.278
 91 317 21 34 30   0.434  -1.185   0.139   1.270
 91 317 21 35 30   0.431  -1.167   0.155   1.254
 91 317 21 36 30   0.438  -1.182   0.180   1.274
 91 317 21 37 30   0.419  -1.191   0.170   1.275
 91 317 21 38 30   0.337  -1.184   0.124   1.237
 91 317 21 39 30   0.370  -1.109   0.157   1.180
 91 317 21 40 30   0.349  -1.061   0.145   1.127
 91 317 21 41 30   0.324  -1.121   0.134   1.176
 91 317 21 42 30   0.266  -1.042   0.205   1.097
 91 317 21 43 30   0.264  -1.101   0.209   1.152
 91 317 21 44 30   0.260  -1.097   0.186   1.146
 91 317 21 45 30   0.139  -1.062   0.114   1.078
 91 317 21 46 30   0.138  -1.106   0.086   1.124
 91 317 21 47 30   0.315  -1.060   0.152   1.120
 91 317 21 48 30   0.078  -1.151   0.039   1.166
 91 317 21 49 30  -0.076  -1.144  -0.048   1.153
 91 317 21 50 30  -0.055  -1.135   0.007   1.140
 91 317 21 51 30   0.133  -1.114   0.031   1.124
 91 317 21 52 30   0.056  -1.173   0.013   1.175
 91 317 21 53 30   0.107  -1.193  -0.030   1.199
 91 317 21 54 30   0.122  -1.194  -0.025   1.202
 91 317 21 55 30   0.173  -1.197  -0.051   1.212
 91 317 21 56 30   0.254  -1.191  -0.099   1.223
 91 317 21 57 30   0.208  -1.179  -0.081   1.203
 91 317 21 58 30   0.280  -1.157  -0.053   1.193
 91 317 21 59 30   0.274  -1.234  -0.006   1.265
 91 317 22 00 30   0.285  -1.256  -0.083   1.291
 91 317 22 01 30   0.299  -1.263  -0.092   1.302
 91 317 22 02 30   0.298  -1.241  -0.149   1.285
 91 317 22 03 30   0.316  -1.208  -0.130   1.257
 91 317 22 04 30   0.318  -1.237  -0.119   1.284
 91 317 22 05 30   0.280  -1.207  -0.143   1.252
 91 317 22 06 30   0.183  -1.076  -0.233   1.120
 91 317 22 07 30   0.225  -1.064  -0.176   1.102
 91 317 22 08 30   0.317  -1.065   0.105   1.123
 91 317 22 09 30   0.273  -1.072   0.074   1.110
 91 317 22 10 30   0.289  -1.082   0.030   1.122
 91 317 22 11 30   0.393  -1.042  -0.035   1.115
 91 317 22 12 30   0.369  -1.055  -0.055   1.123
 91 317 22 13 30   0.492  -0.984  -0.032   1.112
 91 317 22 14 30   0.420  -1.016  -0.091   1.122
 91 317 22 15 30   0.257  -1.019  -0.173   1.113
 91 317 22 16 30   0.400  -1.008   0.468   1.185
 91 317 22 17 30   0.363  -1.066   0.382   1.193
 91 317 22 18 30   0.491  -0.958   0.522   1.199
 91 317 22 19 30   0.499  -0.950   0.573   1.216
 91 317 22 22 30   0.453  -1.016   0.553   1.243
 91 317 22 23 30   0.460  -0.978   0.602   1.243
 91 317 22 24 30   0.467  -0.904   0.687   1.240
 91 317 22 25 30   0.421  -0.978   0.629   1.239
 91 317 22 26 30   0.379  -1.081   0.335   1.199
 91 317 22 27 30   0.413  -1.061   0.313   1.187
 91 317 22 28 30   0.383  -1.126   0.223   1.212
 91 317 22 29 30   0.388  -1.081   0.350   1.202
 91 317 22 30 30   0.393  -1.041   0.514   1.231
 91 317 22 31 30   0.418  -1.027   0.609   1.266
 91 317 22 32 30   0.439  -1.018   0.511   1.226
 91 317 22 33 30   0.317  -1.107   0.335   1.201
 91 317 22 34 30   0.160  -1.189  -0.011   1.207
 91 317 22 35 30  -0.106  -1.227  -0.355   1.285
 91 317 22 36 30  -0.013  -1.263  -0.205   1.283
 91 317 22 37 30   0.105  -1.220  -0.201   1.245
 91 317 22 38 30   0.115  -1.225  -0.115   1.243
 91 317 22 39 30   0.085  -1.256  -0.051   1.260
 91 317 22 40 30   0.042  -1.263  -0.182   1.283
 91 317 22 41 30   0.053  -1.266  -0.223   1.287
 91 317 22 42 30   0.076  -1.274  -0.201   1.292
 91 317 22 43 30   0.070  -1.273  -0.184   1.288
 91 317 22 44 30   0.076  -1.273  -0.165   1.286
 91 317 22 45 30   0.097  -1.276  -0.194   1.295
 91 317 22 46 30   0.189  -1.284  -0.085   1.304
 91 317 22 47 30   0.249  -1.270   0.002   1.294
 91 317 22 48 30   0.381  -1.229   0.112   1.293
 91 317 22 49 30   0.434  -1.241   0.129   1.322
 91 317 22 50 30   0.408  -1.254   0.149   1.328
 91 317 22 51 30   0.284  -1.300   0.059   1.335
 91 317 22 52 30   0.418  -1.244   0.113   1.320
 91 317 22 53 30   0.374  -1.267   0.068   1.325
 91 317 22 54 30   0.356  -1.278   0.032   1.327
 91 317 22 55 30   0.340  -1.275   0.055   1.322
 91 317 22 56 30   0.370  -1.263   0.133   1.324
 91 317 22 57 30   0.377  -1.202  -0.086   1.284
 91 317 22 58 30   0.204  -1.186  -0.157   1.219
 91 317 22 59 30   0.176  -1.146  -0.318   1.210
 91 317 23 00 30   0.162  -1.148  -0.195   1.182
 91 317 23 01 30   0.212  -1.146  -0.170   1.181
 91 317 23 02 30   0.171  -1.184  -0.059   1.199
 91 317 23 03 30   0.150  -1.176  -0.050   1.187
 91 317 23 04 30   0.204  -1.163   0.122   1.188
 91 317 23 05 30   0.183  -1.182   0.031   1.200
 91 317 23 06 30   0.196  -1.156  -0.149   1.182
 91 317 23 07 30   0.174  -1.156  -0.115   1.178
 91 317 23 08 30   0.182  -1.167  -0.085   1.186
 91 317 23 09 30   0.143  -1.175  -0.003   1.184
 91 317 23 10 30   0.100  -1.206   0.171   1.225
 91 317 23 11 30   0.160  -1.237   0.018   1.249
 91 317 23 12 30   0.146  -1.238   0.006   1.247
 91 317 23 13 30   0.146  -1.244   0.005   1.253
 91 317 23 14 30   0.155  -1.243  -0.018   1.253
 91 317 23 15 30   0.156  -1.241  -0.020   1.251
 91 317 23 16 30   0.163  -1.238   0.005   1.248
 91 317 23 17 30   0.090  -1.231   0.071   1.239
 91 317 23 18 30  -0.002  -1.221   0.159   1.232
 91 317 23 19 30   0.040  -1.236   0.109   1.243
 91 317 23 20 30   0.032  -1.235   0.074   1.238
 91 317 23 21 30   0.077  -1.221   0.069   1.226
 91 317 23 22 30   0.125  -1.214   0.027   1.221
 91 317 23 23 30   0.141  -1.205   0.014   1.213
 91 317 23 24 30   0.144  -1.205   0.032   1.214
 91 317 23 25 30   0.140  -1.218  -0.036   1.227
 91 317 23 26 30   0.108  -1.220  -0.048   1.226
 91 317 23 27 30   0.100  -1.217  -0.064   1.223
 91 317 23 28 30   0.073  -1.246  -0.071   1.251
 91 317 23 29 30   0.073  -1.215  -0.089   1.221
 91 317 23 30 30   0.056  -1.197  -0.107   1.203
 91 317 23 31 30   0.087  -1.194  -0.134   1.205
 91 317 23 32 30   0.082  -1.200  -0.146   1.213
 91 317 23 33 30   0.071  -1.210  -0.142   1.221
 91 317 23 34 30   0.055  -1.217  -0.148   1.228
 91 317 23 35 30   0.062  -1.212  -0.160   1.224
 91 317 23 36 30   0.026  -1.214  -0.152   1.224
 91 317 23 37 30   0.010  -1.219  -0.145   1.227
 91 317 23 38 30   0.014  -1.210  -0.179   1.224
 91 317 23 39 30   0.015  -1.207  -0.195   1.223
 91 317 23 40 30  -0.010  -1.206  -0.201   1.223
 91 317 23 41 30  -0.024  -1.200  -0.196   1.216
 91 317 23 42 30  -0.004  -1.201  -0.170   1.213
 91 317 23 43 30   0.010  -1.198  -0.165   1.209
 91 317 23 44 30   0.007  -1.187  -0.177   1.200
 91 317 23 45 30  -0.049  -1.200  -0.155   1.211
 91 317 23 46 30  -0.010  -1.198  -0.176   1.212
 91 317 23 47 30  -0.044  -1.194  -0.188   1.209
 91 317 23 48 30  -0.008  -1.199  -0.195   1.215
 91 317 23 49 30  -0.002  -1.196  -0.185   1.211
 91 317 23 50 30  -0.043  -1.168  -0.224   1.190
 91 317 23 51 30  -0.013  -1.165  -0.245   1.191
 91 317 23 52 30   0.008  -1.171  -0.272   1.202
 91 317 23 53 30   0.052  -1.196  -0.224   1.219
 91 317 23 54 30   0.097  -1.203  -0.189   1.222
 91 317 23 55 30   0.075  -1.202  -0.205   1.222
 91 317 23 56 30   0.069  -1.210  -0.202   1.229
 91 317 23 57 30   0.063  -1.208  -0.194   1.225
 91 317 23 58 30   0.085  -1.225  -0.199   1.244
 91 317 23 59 30   0.088  -1.211  -0.191   1.229
