 91 328 00 00 30  -0.167   0.297  -0.011   0.343
 91 328 00 01 30  -0.180   0.307  -0.001   0.357
 91 328 00 02 30  -0.178   0.307   0.018   0.357
 91 328 00 03 30  -0.176   0.309  -0.001   0.359
 91 328 00 04 30  -0.181   0.296  -0.065   0.354
 91 328 00 05 30  -0.169   0.258  -0.143   0.341
 91 328 00 06 30  -0.159   0.236  -0.176   0.335
 91 328 00 07 30  -0.159   0.225  -0.186   0.333
 91 328 00 08 30  -0.137   0.191  -0.232   0.331
 91 328 00 09 30  -0.134   0.189  -0.226   0.324
 91 328 00 10 30  -0.139   0.217  -0.193   0.325
 91 328 00 11 30  -0.153   0.232  -0.189   0.337
 91 328 00 12 30  -0.140   0.179  -0.257   0.344
 91 328 00 13 30  -0.134   0.138  -0.260   0.326
 91 328 00 14 30  -0.134   0.142  -0.251   0.319
 91 328 00 15 30  -0.141   0.093  -0.276   0.324
 91 328 00 16 30  -0.143   0.085  -0.282   0.330
 91 328 00 17 30  -0.096   0.053  -0.306   0.329
 91 328 00 18 30  -0.115   0.050  -0.306   0.332
 91 328 00 19 30  -0.119   0.058  -0.310   0.339
 91 328 00 20 30  -0.133   0.069  -0.295   0.337
 91 328 00 21 30  -0.119   0.073  -0.297   0.329
 91 328 00 22 30  -0.119   0.097  -0.296   0.335
 91 328 00 23 30  -0.139   0.064  -0.303   0.341
 91 328 00 24 30  -0.114   0.151  -0.283   0.342
 91 328 00 25 30  -0.084   0.145  -0.305   0.349
 91 328 00 26 30  -0.139   0.179  -0.262   0.348
 91 328 00 27 30  -0.115   0.204  -0.269   0.357
 91 328 00 28 30  -0.039   0.187  -0.298   0.360
 91 328 00 29 30  -0.110   0.288  -0.132   0.346
 91 328 00 30 30  -0.075   0.333   0.062   0.349
 91 328 00 31 30  -0.082   0.333   0.078   0.352
 91 328 00 32 30  -0.024   0.338   0.095   0.352
 91 328 00 33 30  -0.039   0.334   0.097   0.352
 91 328 00 34 30  -0.042   0.335   0.088   0.352
 91 328 00 35 30  -0.030   0.346   0.011   0.350
 91 328 00 36 30  -0.052   0.348   0.008   0.353
 91 328 00 37 30  -0.034   0.350  -0.031   0.354
 91 328 00 38 30  -0.041   0.348  -0.027   0.353
 91 328 00 39 30  -0.009   0.338  -0.070   0.351
 91 328 00 40 30   0.098   0.345   0.002   0.359
 91 328 00 41 30   0.049   0.347  -0.048   0.355
 91 328 00 42 30   0.028   0.338  -0.089   0.352
 91 328 00 43 30   0.003   0.346  -0.054   0.354
 91 328 00 44 30   0.012   0.306  -0.157   0.347
 91 328 00 45 30   0.006   0.281  -0.203   0.350
 91 328 00 46 30   0.004   0.209  -0.276   0.349
 91 328 00 47 30  -0.006   0.175  -0.271   0.340
 91 328 00 48 30  -0.040   0.158  -0.291   0.335
 91 328 00 49 30  -0.070   0.157  -0.285   0.335
 91 328 00 50 30  -0.066   0.088  -0.319   0.339
 91 328 00 51 30  -0.086   0.108  -0.316   0.346
 91 328 00 52 30  -0.158   0.253  -0.080   0.333
 91 328 00 53 30  -0.162   0.283  -0.072   0.335
 91 328 00 54 30  -0.176   0.239  -0.149   0.336
 91 328 00 55 30  -0.203   0.180  -0.193   0.334
 91 328 00 56 30  -0.226   0.150  -0.188   0.331
 91 328 00 57 30  -0.205   0.093  -0.245   0.336
 91 328 00 58 30  -0.184   0.064  -0.274   0.341
 91 328 00 59 30  -0.194   0.138  -0.240   0.339
 91 328 01 00 30  -0.185   0.134  -0.248   0.338
 91 328 01 01 30  -0.159   0.131  -0.258   0.332
 91 328 01 02 30  -0.187   0.156  -0.211   0.328
 91 328 01 03 30  -0.220   0.099  -0.208   0.322
 91 328 01 04 30  -0.194   0.156  -0.209   0.327
 91 328 01 05 30  -0.166   0.211  -0.182   0.326
 91 328 01 06 30  -0.161   0.237  -0.151   0.326
 91 328 01 07 30  -0.129   0.279  -0.122   0.333
 91 328 01 08 30  -0.102   0.220  -0.218   0.329
 91 328 01 09 30  -0.094   0.162  -0.271   0.330
 91 328 01 10 30  -0.062   0.150  -0.287   0.332
 91 328 01 11 30  -0.041   0.124  -0.302   0.331
 91 328 01 12 30  -0.035   0.130  -0.308   0.337
 91 328 01 13 30  -0.052   0.148  -0.295   0.339
 91 328 01 14 30  -0.027   0.164  -0.287   0.345
 91 328 01 15 30  -0.022   0.091  -0.336   0.351
 91 328 01 16 30  -0.018   0.199   0.088   0.314
 91 328 01 17 30  -0.025   0.169   0.257   0.311
 91 328 01 18 30  -0.031   0.140   0.296   0.331
 91 328 01 19 30  -0.025   0.194   0.293   0.356
 91 328 01 20 30  -0.014   0.216   0.285   0.361
 91 328 01 21 30  -0.046   0.184   0.304   0.359
 91 328 01 22 30  -0.064   0.171   0.300   0.352
 91 328 01 23 30  -0.036   0.201   0.302   0.367
 91 328 01 24 30   0.001   0.229   0.279   0.366
 91 328 01 25 30   0.063   0.297   0.103   0.324
 91 328 01 26 30   0.079   0.300   0.019   0.312
 91 328 01 27 30   0.102   0.325   0.040   0.348
 91 328 01 28 30   0.087   0.343   0.040   0.358
 91 328 01 29 30   0.109   0.341   0.002   0.362
 91 328 01 30 30   0.106   0.344  -0.096   0.373
 91 328 01 31 30   0.085   0.356  -0.033   0.369
 91 328 01 32 30   0.072   0.365   0.015   0.373
 91 328 01 33 30   0.092   0.353  -0.064   0.372
 91 328 01 34 30   0.064   0.331   0.007   0.367
 91 328 01 35 30  -0.005   0.298   0.178   0.354
 91 328 01 36 30  -0.001   0.289   0.198   0.352
 91 328 01 37 30   0.048   0.316   0.108   0.344
 91 328 01 38 30   0.136   0.236  -0.114   0.342
 91 328 01 39 30  -0.036   0.319   0.088   0.349
 91 328 01 40 30   0.037   0.359  -0.009   0.370
 91 328 01 41 30   0.032   0.349  -0.127   0.376
 91 328 01 42 30   0.025   0.357  -0.104   0.374
 91 328 01 43 30   0.059   0.348  -0.117   0.374
 91 328 01 44 30  -0.059   0.335  -0.067   0.363
 91 328 01 45 30   0.080   0.348  -0.036   0.361
 91 328 01 46 30   0.137   0.302   0.021   0.357
 91 328 01 47 30   0.043   0.348  -0.067   0.361
 91 328 01 48 30   0.019   0.302  -0.098   0.326
 91 328 01 49 30  -0.087   0.301   0.079   0.326
 91 328 01 50 30  -0.073   0.315  -0.012   0.334
 91 328 01 51 30  -0.009   0.272   0.127   0.336
 91 328 01 52 30  -0.029   0.277   0.157   0.328
 91 328 01 53 30  -0.015   0.291   0.056   0.321
 91 328 01 54 30  -0.007   0.212   0.230   0.323
 91 328 01 55 30  -0.183   0.212   0.113   0.327
 91 328 01 56 30  -0.162   0.165   0.224   0.325
 91 328 01 57 30  -0.129   0.124   0.272   0.326
 91 328 01 58 30  -0.118   0.125   0.286   0.334
 91 328 01 59 30  -0.133   0.105   0.286   0.335
 91 328 02 00 30  -0.075   0.165   0.295   0.349
 91 328 02 01 30  -0.054   0.189   0.289   0.351
 91 328 02 02 30  -0.006   0.191   0.304   0.359
 91 328 02 03 30  -0.067   0.242   0.242   0.351
 91 328 02 04 30  -0.063   0.255   0.232   0.351
 91 328 02 05 30  -0.053   0.289   0.172   0.343
 91 328 02 06 30  -0.034   0.251   0.188   0.342
 91 328 02 07 30  -0.010   0.249   0.235   0.351
 91 328 02 08 30  -0.015   0.325   0.115   0.351
 91 328 02 09 30  -0.027   0.333   0.021   0.336
 91 328 02 10 30  -0.025   0.328   0.032   0.340
 91 328 02 11 30   0.024   0.280   0.201   0.350
 91 328 02 12 30   0.071   0.323   0.113   0.352
 91 328 02 13 30  -0.004   0.276   0.203   0.344
 91 328 02 14 30  -0.035   0.298   0.163   0.347
 91 328 02 15 30  -0.184   0.260   0.103   0.338
 91 328 02 16 30  -0.139   0.306   0.053   0.343
 91 328 02 17 30  -0.091   0.326   0.013   0.345
 91 328 02 18 30  -0.139   0.300   0.057   0.341
 91 328 02 19 30  -0.076   0.308   0.064   0.346
 91 328 02 20 30  -0.071   0.340   0.111   0.365
 91 328 02 21 30  -0.077   0.351   0.079   0.370
 91 328 02 22 30  -0.098   0.343   0.009   0.368
 91 328 02 23 30  -0.098   0.341  -0.099   0.370
 91 328 02 24 30  -0.065   0.304  -0.187   0.368
 91 328 02 25 30  -0.100   0.271  -0.153   0.353
 91 328 02 26 30  -0.160   0.280  -0.146   0.356
 91 328 02 27 30  -0.203   0.220  -0.186   0.354
 91 328 02 28 30  -0.206   0.177  -0.205   0.342
 91 328 02 29 30  -0.192   0.128  -0.257   0.347
 91 328 02 30 30  -0.196   0.054  -0.276   0.345
 91 328 02 31 30  -0.105   0.292  -0.085   0.355
 91 328 02 32 30  -0.101   0.342  -0.047   0.361
 91 328 02 33 30  -0.127   0.318  -0.062   0.364
 91 328 02 34 30  -0.179   0.274  -0.117   0.359
 91 328 02 35 30  -0.174   0.274  -0.153   0.360
 91 328 02 36 30  -0.173   0.219  -0.217   0.358
 91 328 02 37 30  -0.152   0.213  -0.216   0.341
 91 328 02 38 30  -0.175   0.231  -0.155   0.336
 91 328 02 39 30  -0.052   0.338   0.045   0.358
 91 328 02 40 30  -0.011   0.347   0.098   0.368
 91 328 02 41 30  -0.104   0.322  -0.007   0.345
 91 328 02 42 30  -0.053   0.288   0.083   0.352
 91 328 02 43 30  -0.097   0.333  -0.002   0.364
 91 328 02 44 30  -0.088   0.322  -0.150   0.368
 91 328 02 45 30  -0.108   0.286  -0.202   0.367
 91 328 02 46 30  -0.127   0.260  -0.218   0.363
 91 328 02 47 30  -0.101   0.237  -0.251   0.363
 91 328 02 48 30  -0.062   0.221  -0.269   0.355
 91 328 02 49 30  -0.014   0.178  -0.310   0.361
 91 328 02 50 30   0.035   0.141  -0.331   0.370
 91 328 02 51 30   0.055   0.009  -0.365   0.372
 91 328 02 52 30   0.062   0.021  -0.350   0.363
 91 328 02 53 30   0.017   0.081  -0.343   0.354
 91 328 02 54 30   0.002   0.116  -0.333   0.356
 91 328 02 55 30   0.001   0.182  -0.292   0.350
 91 328 02 56 30   0.014   0.333  -0.097   0.353
 91 328 02 57 30   0.046   0.234  -0.260   0.357
 91 328 02 58 30   0.090   0.308  -0.162   0.361
 91 328 02 59 30   0.103   0.256  -0.228   0.363
 91 328 03 00 30   0.079   0.325  -0.144   0.372
 91 328 03 01 30   0.016   0.345  -0.096   0.361
 91 328 03 02 30   0.031   0.347  -0.111   0.372
 91 328 03 03 30   0.138   0.279  -0.207   0.375
 91 328 03 04 30   0.101   0.214  -0.278   0.366
 91 328 03 05 30   0.122   0.247  -0.221   0.359
 91 328 03 06 30   0.102   0.279  -0.200   0.360
 91 328 03 07 30   0.077   0.267  -0.222   0.356
 91 328 03 08 30   0.065   0.255  -0.230   0.353
 91 328 03 09 30   0.068   0.262  -0.218   0.357
 91 328 03 10 30   0.068   0.261  -0.239   0.367
 91 328 03 11 30   0.057   0.248  -0.257   0.362
 91 328 03 12 30   0.047   0.228  -0.280   0.366
 91 328 03 13 30   0.023   0.211  -0.294   0.364
 91 328 03 14 30  -0.011   0.111  -0.338   0.359
 91 328 03 15 30  -0.007   0.189  -0.291   0.348
 91 328 03 16 30  -0.015   0.187  -0.294   0.349
 91 328 03 17 30   0.039   0.157  -0.310   0.352
 91 328 03 18 30   0.000   0.194  -0.283   0.345
 91 328 03 19 30  -0.007   0.177  -0.297   0.347
 91 328 03 20 30   0.052   0.190  -0.296   0.358
 91 328 03 21 30   0.104   0.204  -0.276   0.361
 91 328 03 22 30   0.106   0.227  -0.264   0.365
 91 328 03 23 30   0.165   0.205  -0.252   0.368
 91 328 03 24 30   0.126   0.226  -0.252   0.363
 91 328 03 25 30   0.156   0.183  -0.275   0.366
 91 328 03 26 30   0.171   0.175  -0.271   0.366
 91 328 03 27 30   0.239   0.152  -0.226   0.364
 91 328 03 28 30   0.256   0.144  -0.207   0.360
 91 328 03 29 30   0.283   0.067  -0.182   0.360
 91 328 03 30 30  -0.155   0.180  -0.005   0.317
 91 328 03 31 30  -0.174   0.259  -0.053   0.324
 91 328 03 32 30  -0.122   0.298  -0.064   0.332
 91 328 03 33 30  -0.090   0.298  -0.118   0.337
 91 328 03 34 30  -0.103   0.268  -0.178   0.339
 91 328 03 35 30  -0.022   0.266  -0.218   0.345
 91 328 03 36 30  -0.016   0.246  -0.236   0.343
 91 328 03 37 30  -0.055   0.257  -0.212   0.338
 91 328 03 38 30  -0.100   0.256  -0.186   0.335
 91 328 03 39 30  -0.107   0.255  -0.173   0.329
 91 328 03 40 30  -0.130   0.248  -0.152   0.323
 91 328 03 41 30  -0.133   0.241  -0.151   0.322
 91 328 03 42 30  -0.185   0.240  -0.082   0.318
 91 328 03 43 30  -0.154   0.214  -0.183   0.324
 91 328 03 44 30  -0.155   0.186  -0.211   0.323
 91 328 03 45 30  -0.263   0.087  -0.050   0.287
 91 328 03 46 30  -0.271   0.118  -0.053   0.302
 91 328 03 47 30  -0.244   0.167  -0.048   0.301
 91 328 03 48 30  -0.204   0.106  -0.131   0.270
 91 328 03 49 30  -0.175  -0.099  -0.105   0.237
 91 328 03 50 30  -0.097  -0.242   0.032   0.295
 91 328 03 51 30  -0.180  -0.105   0.262   0.342
 91 328 03 52 30  -0.204   0.031   0.245   0.327
 91 328 03 53 30  -0.184   0.253   0.148   0.351
 91 328 03 54 30  -0.173   0.265   0.133   0.344
 91 328 03 55 30  -0.161   0.259   0.135   0.334
 91 328 03 56 30  -0.173   0.268   0.132   0.346
 91 328 03 57 30  -0.154   0.283   0.113   0.343
 91 328 03 58 30  -0.145   0.289   0.114   0.343
 91 328 03 59 30  -0.154   0.274   0.126   0.340
 91 328 04 00 30  -0.138   0.283   0.132   0.343
 91 328 04 01 30  -0.130   0.293   0.116   0.342
 91 328 04 02 30  -0.149   0.291   0.097   0.341
 91 328 04 03 30  -0.141   0.300   0.072   0.340
 91 328 04 04 30  -0.116   0.309   0.069   0.339
 91 328 04 05 30  -0.086   0.328   0.021   0.341
 91 328 04 06 30  -0.055   0.335  -0.006   0.342
 91 328 04 07 30  -0.035   0.322  -0.091   0.339
 91 328 04 08 30  -0.015   0.330  -0.055   0.336
 91 328 04 09 30  -0.001   0.318   0.029   0.333
 91 328 04 10 30  -0.088   0.286   0.128   0.327
 91 328 04 11 30  -0.079   0.312   0.070   0.331
 91 328 04 12 30  -0.081   0.277   0.118   0.321
 91 328 04 13 30  -0.114   0.205   0.230   0.332
 91 328 04 14 30  -0.098   0.266   0.183   0.344
 91 328 04 15 30  -0.077   0.301   0.157   0.350
 91 328 04 16 30  -0.090   0.293   0.128   0.334
 91 328 04 17 30  -0.091   0.274   0.160   0.333
 91 328 04 18 30  -0.127   0.257   0.173   0.336
 91 328 04 19 30  -0.130   0.228   0.204   0.337
 91 328 04 20 30  -0.084   0.276   0.175   0.339
 91 328 04 21 30  -0.108   0.272   0.159   0.334
 91 328 04 22 30  -0.106   0.269   0.174   0.338
 91 328 04 23 30  -0.114   0.269   0.172   0.340
 91 328 04 24 30  -0.130   0.245   0.200   0.343
 91 328 04 25 30  -0.160   0.267   0.160   0.353
 91 328 04 26 30  -0.135   0.287   0.126   0.348
 91 328 04 27 30  -0.209   0.249   0.111   0.344
 91 328 04 28 30  -0.226   0.203   0.153   0.341
 91 328 04 29 30  -0.170   0.235   0.196   0.356
 91 328 04 30 30  -0.107   0.274   0.212   0.363
 91 328 04 31 30  -0.075   0.312   0.159   0.364
 91 328 04 32 30  -0.059   0.298   0.195   0.363
 91 328 04 33 30  -0.008   0.316   0.178   0.364
 91 328 04 34 30  -0.024   0.322   0.172   0.366
 91 328 04 35 30  -0.034   0.323   0.166   0.366
 91 328 04 36 30  -0.025   0.325   0.171   0.369
 91 328 04 37 30   0.006   0.358   0.130   0.384
 91 328 04 38 30   0.039   0.320  -0.006   0.328
 91 328 04 39 30  -0.044  -0.067   0.252   0.276
 91 328 04 40 30  -0.073  -0.140   0.224   0.275
 91 328 04 41 30  -0.101  -0.088   0.266   0.298
 91 328 04 42 30  -0.081  -0.081   0.277   0.300
 91 328 04 43 30  -0.077  -0.069   0.298   0.316
 91 328 04 44 30  -0.075  -0.050   0.310   0.323
 91 328 04 45 30  -0.110  -0.082   0.305   0.335
 91 328 04 46 30  -0.109  -0.100   0.321   0.355
 91 328 04 47 30  -0.126  -0.090   0.320   0.356
 91 328 04 48 30  -0.136  -0.097   0.334   0.374
 91 328 04 49 30  -0.158  -0.097   0.333   0.382
 91 328 04 50 30  -0.174  -0.105   0.348   0.404
 91 328 04 51 30  -0.201  -0.074   0.373   0.431
 91 328 04 52 30  -0.190  -0.013   0.362   0.410
 91 328 04 53 30  -0.163  -0.059   0.379   0.417
 91 328 04 54 30  -0.141  -0.077   0.382   0.415
 91 328 04 55 30  -0.162  -0.070   0.382   0.421
 91 328 04 56 30  -0.138  -0.082   0.387   0.420
 91 328 04 57 30  -0.140  -0.056   0.394   0.423
 91 328 04 58 30  -0.146  -0.046   0.391   0.420
 91 328 04 59 30  -0.150  -0.042   0.389   0.420
 91 328 05 00 30  -0.063   0.013   0.416   0.427
 91 328 05 01 30  -0.039   0.024   0.421   0.424
 91 328 05 02 30  -0.047   0.051   0.407   0.413
 91 328 05 03 30  -0.019   0.046   0.416   0.420
 91 328 05 04 30  -0.002   0.043   0.421   0.424
 91 328 05 05 30   0.019   0.047   0.425   0.429
 91 328 05 06 30   0.027   0.080   0.422   0.432
 91 328 05 07 30   0.006   0.070   0.406   0.416
 91 328 05 08 30  -0.072   0.035   0.387   0.398
 91 328 05 09 30  -0.033   0.075   0.387   0.399
 91 328 05 10 30  -0.024   0.060   0.381   0.388
 91 328 05 11 30   0.027   0.120   0.371   0.393
 91 328 05 12 30   0.033   0.131   0.367   0.392
 91 328 05 13 30   0.010   0.123   0.374   0.395
 91 328 05 14 30   0.005   0.151   0.367   0.398
 91 328 05 15 30   0.041   0.138   0.366   0.397
 91 328 05 16 30  -0.142  -0.027   0.338   0.372
 91 328 05 17 30  -0.163   0.042   0.352   0.391
 91 328 05 18 30  -0.124   0.055   0.379   0.402
 91 328 05 19 30  -0.123   0.054   0.384   0.409
 91 328 05 20 30  -0.119   0.051   0.392   0.413
 91 328 05 21 30  -0.117   0.081   0.384   0.410
 91 328 05 22 30  -0.066   0.156   0.367   0.408
 91 328 05 23 30  -0.019   0.210   0.345   0.405
 91 328 05 24 30  -0.013   0.194   0.342   0.394
 91 328 05 25 30   0.007   0.198   0.339   0.394
 91 328 05 26 30  -0.008   0.149   0.358   0.389
 91 328 05 27 30  -0.023   0.153   0.356   0.390
 91 328 05 28 30  -0.031   0.169   0.355   0.396
 91 328 05 29 30  -0.057   0.136   0.357   0.388
 91 328 05 30 30  -0.048   0.132   0.359   0.386
 91 328 05 31 30  -0.037   0.143   0.359   0.389
 91 328 05 32 30  -0.029   0.141   0.355   0.386
 91 328 05 33 30  -0.074   0.110   0.357   0.383
 91 328 05 34 30  -0.101   0.149   0.341   0.386
 91 328 05 35 30  -0.089   0.159   0.322   0.372
 91 328 05 36 30  -0.081   0.168   0.315   0.367
 91 328 05 37 30  -0.106   0.098   0.336   0.369
 91 328 05 38 30  -0.097   0.162   0.317   0.372
 91 328 05 39 30  -0.102   0.241   0.260   0.371
 91 328 05 40 30  -0.132   0.234   0.238   0.365
 91 328 05 41 30  -0.143   0.125   0.298   0.356
 91 328 05 42 30  -0.157   0.136   0.277   0.351
 91 328 05 43 30  -0.066   0.001   0.354   0.361
 91 328 05 44 30  -0.071  -0.006   0.361   0.370
 91 328 05 45 30  -0.095   0.049   0.367   0.383
 91 328 05 46 30  -0.114   0.156   0.328   0.384
 91 328 05 47 30  -0.106   0.096   0.351   0.380
 91 328 05 48 30  -0.093   0.112   0.352   0.382
 91 328 05 49 30  -0.111   0.141   0.328   0.375
 91 328 05 50 30  -0.071   0.104   0.355   0.378
 91 328 05 51 30  -0.061   0.087   0.367   0.383
 91 328 05 52 30  -0.101   0.159   0.325   0.382
 91 328 05 53 30  -0.167   0.260   0.218   0.380
 91 328 05 54 30  -0.159   0.276   0.192   0.373
 91 328 05 55 30  -0.163   0.292   0.164   0.374
 91 328 05 56 30  -0.138   0.265   0.230   0.380
 91 328 05 57 30  -0.156   0.202   0.285   0.384
 91 328 05 58 30  -0.140   0.192   0.306   0.388
 91 328 05 59 30  -0.144   0.220   0.291   0.394
 91 328 06 00 30  -0.110   0.218   0.309   0.395
 91 328 06 01 30  -0.089   0.219   0.307   0.388
 91 328 06 02 30  -0.131   0.250   0.256   0.384
 91 328 06 03 30  -0.193   0.278   0.165   0.378
 91 328 06 04 30  -0.185   0.249   0.187   0.365
 91 328 06 05 30  -0.168   0.272   0.172   0.365
 91 328 06 06 30  -0.166   0.302   0.114   0.363
 91 328 06 07 30  -0.138   0.296   0.147   0.361
 91 328 06 08 30  -0.094   0.312   0.155   0.363
 91 328 06 09 30  -0.016   0.282   0.194   0.370
 91 328 06 10 30   0.017   0.224   0.275   0.376
 91 328 06 11 30  -0.112   0.233   0.261   0.369
 91 328 06 12 30  -0.105   0.258   0.238   0.371
 91 328 06 13 30  -0.043   0.253   0.261   0.369
 91 328 06 14 30  -0.121   0.230   0.258   0.370
 91 328 06 15 30  -0.191   0.264   0.163   0.368
 91 328 06 16 30  -0.197   0.214   0.207   0.359
 91 328 06 17 30  -0.144   0.257   0.205   0.361
 91 328 06 18 30  -0.106   0.258   0.232   0.363
 91 328 06 19 30  -0.102   0.211   0.269   0.359
 91 328 06 20 30  -0.085   0.197   0.295   0.366
 91 328 06 21 30  -0.092   0.195   0.303   0.373
 91 328 06 22 30  -0.129   0.252   0.231   0.368
 91 328 06 23 30  -0.073   0.216   0.292   0.371
 91 328 06 24 30  -0.031   0.222   0.299   0.375
 91 328 06 25 30  -0.047   0.212   0.300   0.371
 91 328 06 26 30  -0.056   0.190   0.312   0.371
 91 328 06 27 30  -0.055   0.151   0.332   0.370
 91 328 06 28 30  -0.053   0.172   0.321   0.369
 91 328 06 29 30  -0.059   0.154   0.314   0.357
 91 328 06 30 30  -0.062   0.105   0.333   0.355
 91 328 06 31 30  -0.043   0.065   0.355   0.364
 91 328 06 32 30  -0.101   0.095   0.325   0.356
 91 328 06 33 30  -0.082   0.079   0.333   0.355
 91 328 06 34 30  -0.060   0.093   0.338   0.359
 91 328 06 35 30  -0.115   0.059   0.332   0.358
 91 328 06 36 30  -0.109   0.054   0.335   0.357
 91 328 06 37 30  -0.084   0.034   0.351   0.363
 91 328 06 38 30  -0.081   0.028   0.352   0.365
 91 328 06 39 30  -0.086   0.056   0.359   0.374
 91 328 06 40 30  -0.124   0.120   0.334   0.378
 91 328 06 41 30  -0.079   0.067   0.361   0.377
 91 328 06 42 30  -0.100   0.054   0.360   0.378
 91 328 06 43 30  -0.080   0.042   0.366   0.378
 91 328 06 44 30  -0.054   0.037   0.372   0.380
 91 328 06 45 30  -0.056   0.042   0.366   0.373
 91 328 06 46 30  -0.088   0.067   0.352   0.369
 91 328 06 47 30  -0.104   0.067   0.351   0.372
 91 328 06 48 30  -0.141   0.179   0.291   0.379
 91 328 06 49 30  -0.129   0.124   0.315   0.369
 91 328 06 50 30  -0.126   0.165   0.311   0.375
 91 328 06 51 30  -0.123   0.157   0.280   0.363
 91 328 06 52 30  -0.207   0.060   0.278   0.353
 91 328 06 53 30  -0.224   0.030   0.260   0.346
 91 328 06 54 30  -0.235   0.034   0.257   0.351
 91 328 06 55 30  -0.260   0.082   0.237   0.362
 91 328 06 56 30  -0.276   0.152   0.217   0.383
 91 328 06 57 30  -0.257   0.211   0.193   0.385
 91 328 06 58 30  -0.204   0.254   0.193   0.380
 91 328 06 59 30  -0.191   0.228   0.222   0.373
 91 328 07 00 30  -0.208   0.202   0.226   0.368
 91 328 07 01 30  -0.234   0.168   0.218   0.365
 91 328 07 02 30  -0.234   0.128   0.247   0.365
 91 328 07 03 30  -0.190   0.188   0.252   0.368
 91 328 07 04 30  -0.142   0.171   0.289   0.366
 91 328 07 05 30  -0.207   0.171   0.249   0.368
 91 328 07 06 30  -0.189   0.175   0.264   0.370
 91 328 07 07 30  -0.250   0.173   0.190   0.366
 91 328 07 08 30  -0.244   0.089   0.237   0.360
 91 328 07 09 30  -0.087   0.167   0.330   0.383
 91 328 07 10 30  -0.073   0.213   0.304   0.379
 91 328 07 11 30  -0.151   0.226   0.240   0.367
 91 328 07 12 30  -0.179   0.176   0.262   0.365
 91 328 07 13 30  -0.134   0.155   0.303   0.366
 91 328 07 14 30  -0.159   0.201   0.254   0.369
 91 328 07 15 30  -0.182   0.210   0.234   0.366
 91 328 07 16 30  -0.157   0.288   0.128   0.368
 91 328 07 17 30  -0.207   0.257   0.123   0.354
 91 328 07 18 30  -0.187   0.249   0.164   0.354
 91 328 07 19 30  -0.179   0.241   0.191   0.357
 91 328 07 20 30  -0.164   0.279   0.143   0.358
 91 328 07 21 30  -0.189   0.272   0.132   0.358
 91 328 07 22 30  -0.203   0.263   0.131   0.358
 91 328 07 23 30  -0.193   0.285   0.053   0.359
 91 328 07 24 30  -0.159   0.300  -0.117   0.363
 91 328 07 25 30  -0.129   0.274  -0.175   0.354
 91 328 07 26 30  -0.157   0.281  -0.135   0.350
 91 328 07 27 30  -0.160   0.245  -0.176   0.343
 91 328 07 28 30  -0.155   0.228  -0.196   0.339
 91 328 07 29 30  -0.171   0.241  -0.138   0.332
 91 328 07 30 30  -0.131   0.259  -0.176   0.344
 91 328 07 31 30  -0.104   0.236  -0.219   0.339
 91 328 07 32 30  -0.101   0.238  -0.194   0.329
 91 328 07 33 30  -0.170   0.295  -0.019   0.343
 91 328 07 34 30  -0.136   0.315  -0.060   0.351
 91 328 07 35 30  -0.129   0.309  -0.105   0.353
 91 328 07 36 30  -0.110   0.278  -0.187   0.354
 91 328 07 37 30  -0.115   0.270  -0.192   0.354
 91 328 07 38 30  -0.110   0.283  -0.185   0.357
 91 328 07 39 30  -0.106   0.277  -0.203   0.361
 91 328 07 40 30  -0.114   0.281  -0.186   0.357
 91 328 07 41 30  -0.147   0.300  -0.125   0.358
 91 328 07 42 30  -0.202   0.285  -0.066   0.357
 91 328 07 43 30  -0.151   0.315  -0.092   0.364
 91 328 07 44 30  -0.144   0.316  -0.104   0.365
 91 328 07 45 30  -0.151   0.326  -0.036   0.364
 91 328 07 46 30  -0.150   0.333  -0.012   0.367
 91 328 07 51 30  -0.186   0.311  -0.087   0.376
 91 328 07 52 30  -0.108   0.224  -0.275   0.377
 91 328 07 53 30  -0.163   0.261  -0.190   0.366
 91 328 07 54 30  -0.095   0.229  -0.260   0.370
 91 328 07 55 30  -0.073   0.254  -0.244   0.361
 91 328 07 56 30  -0.143   0.226  -0.235   0.359
 91 328 07 57 30  -0.235   0.177  -0.169   0.344
 91 328 07 58 30  -0.078   0.154  -0.261   0.357
 91 328 07 59 30  -0.132   0.096  -0.298   0.363
 91 328 08 00 30  -0.225  -0.008  -0.258   0.344
 91 328 08 01 30  -0.205  -0.006  -0.274   0.344
 91 328 08 02 30  -0.150  -0.033  -0.306   0.346
 91 328 08 03 30  -0.201   0.052  -0.262   0.338
 91 328 08 04 30  -0.228   0.069  -0.233   0.338
 91 328 08 05 30  -0.157   0.053  -0.313   0.356
 91 328 08 06 30  -0.169  -0.007  -0.320   0.362
 91 328 08 07 30  -0.161  -0.016  -0.316   0.357
 91 328 08 08 30  -0.175   0.110  -0.280   0.354
 91 328 08 09 30  -0.176   0.106  -0.297   0.363
 91 328 08 10 30  -0.162  -0.008  -0.322   0.362
 91 328 08 11 30  -0.107   0.167  -0.296   0.364
 91 328 08 12 30  -0.107   0.162  -0.319   0.375
 91 328 08 13 30  -0.105   0.147  -0.335   0.382
 91 328 08 14 30  -0.113   0.155  -0.323   0.376
 91 328 08 15 30  -0.108   0.155  -0.330   0.381
 91 328 08 16 30  -0.095   0.146  -0.344   0.387
 91 328 08 17 30  -0.111   0.123  -0.344   0.383
 91 328 08 18 30  -0.141   0.127  -0.329   0.380
 91 328 08 19 30  -0.148   0.102  -0.318   0.367
 91 328 08 20 30  -0.085   0.126  -0.322   0.360
 91 328 08 21 30  -0.126   0.089  -0.319   0.355
 91 328 08 22 30  -0.117   0.110  -0.307   0.347
 91 328 08 23 30  -0.121   0.125  -0.311   0.357
 91 328 08 24 30  -0.103   0.150  -0.295   0.348
 91 328 08 25 30  -0.090   0.141  -0.300   0.345
 91 328 08 26 30  -0.050   0.105  -0.301   0.325
 91 328 08 27 30  -0.088   0.132  -0.321   0.359
 91 328 08 28 30  -0.111   0.165  -0.297   0.358
 91 328 08 29 30  -0.086   0.175  -0.288   0.349
 91 328 08 30 30   0.026   0.154  -0.310   0.359
 91 328 08 31 30   0.123   0.083  -0.275   0.353
 91 328 08 32 30   0.135   0.121  -0.289   0.343
 91 328 08 33 30   0.135   0.212  -0.228   0.345
 91 328 08 34 30   0.111   0.241  -0.254   0.369
 91 328 08 35 30   0.062   0.176  -0.302   0.357
 91 328 08 36 30   0.017   0.170  -0.323   0.368
 91 328 08 37 30  -0.023   0.190  -0.328   0.382
 91 328 08 38 30  -0.035   0.202  -0.332   0.392
 91 328 08 39 30  -0.054   0.209  -0.335   0.399
 91 328 08 40 30  -0.049   0.232  -0.334   0.410
 91 328 08 41 30  -0.054   0.180  -0.355   0.403
 91 328 08 42 30  -0.033   0.211  -0.338   0.401
 91 328 08 43 30  -0.097   0.134  -0.353   0.391
 91 328 08 44 30  -0.103   0.146  -0.359   0.403
 91 328 08 45 30  -0.107   0.154  -0.359   0.408
 91 328 08 46 30  -0.075   0.197  -0.372   0.429
 91 328 08 47 30  -0.088   0.162  -0.374   0.417
 91 328 08 48 30  -0.092   0.164  -0.376   0.422
 91 328 08 49 30  -0.106   0.191  -0.372   0.432
 91 328 08 50 30  -0.117   0.157  -0.372   0.422
 91 328 08 51 30  -0.100   0.149  -0.364   0.411
 91 328 08 52 30  -0.056   0.152  -0.391   0.433
 91 328 08 53 30  -0.157   0.130  -0.378   0.436
 91 328 08 54 30  -0.064   0.219  -0.391   0.453
 91 328 08 55 30  -0.045   0.231  -0.386   0.452
 91 328 08 56 30  -0.065   0.221  -0.381   0.445
 91 328 08 57 30  -0.037   0.250  -0.379   0.456
 91 328 08 58 30  -0.046   0.245  -0.387   0.460
 91 328 08 59 30  -0.048   0.241  -0.390   0.462
 91 328 09 00 30  -0.035   0.251  -0.394   0.469
 91 328 09 01 30  -0.052   0.239  -0.403   0.472
 91 328 09 02 30  -0.021   0.263  -0.389   0.471
 91 328 09 03 30  -0.019   0.278  -0.382   0.475
 91 328 09 04 30  -0.039   0.277  -0.391   0.481
 91 328 09 05 30  -0.031   0.296  -0.379   0.482
 91 328 09 06 30  -0.005   0.305  -0.372   0.482
 91 328 09 07 30  -0.004   0.308  -0.369   0.482
 91 328 09 11 30  -0.004   0.266  -0.406   0.487
 91 328 09 12 30  -0.030   0.255  -0.412   0.486
 91 328 09 13 30  -0.037   0.232  -0.416   0.478
 91 328 09 14 30  -0.053   0.222  -0.402   0.464
 91 328 09 15 30  -0.066   0.196  -0.417   0.468
 91 328 09 16 30  -0.029   0.252  -0.399   0.474
 91 328 09 17 30  -0.002   0.182  -0.421   0.463
 91 328 09 18 30  -0.048   0.227  -0.400   0.463
 91 328 09 19 30  -0.042   0.213  -0.407   0.463
 91 328 09 20 30  -0.003   0.226  -0.403   0.463
 91 328 09 21 30  -0.042   0.211  -0.405   0.459
 91 328 09 22 30  -0.032   0.204  -0.417   0.466
 91 328 09 23 30  -0.072   0.174  -0.408   0.454
 91 328 09 24 30  -0.039   0.129  -0.429   0.453
 91 328 09 25 30  -0.002   0.188  -0.424   0.465
 91 328 09 26 30  -0.005   0.265  -0.381   0.466
 91 328 09 27 30  -0.001   0.301  -0.342   0.457
 91 328 09 28 30  -0.024   0.270  -0.362   0.453
 91 328 09 29 30  -0.005   0.288  -0.349   0.454
 91 328 09 30 30  -0.017   0.263  -0.361   0.447
 91 328 09 31 30  -0.003   0.265  -0.352   0.441
 91 328 09 32 30  -0.007   0.221  -0.367   0.430
 91 328 09 33 30  -0.008   0.160  -0.399   0.434
 91 328 09 34 30  -0.002   0.161  -0.411   0.443
 91 328 09 35 30  -0.017   0.168  -0.402   0.437
 91 328 09 36 30  -0.028   0.164  -0.400   0.434
 91 328 09 37 30  -0.011   0.183  -0.392   0.435
 91 328 09 38 30  -0.008   0.184  -0.384   0.433
 91 328 09 39 30  -0.064   0.085  -0.407   0.428
 91 328 09 40 30  -0.026   0.113  -0.411   0.429
 91 328 09 41 30  -0.030   0.172  -0.386   0.427
 91 328 09 42 30  -0.010   0.185  -0.390   0.434
 91 328 09 43 30  -0.076   0.224  -0.356   0.431
 91 328 09 44 30  -0.095   0.301  -0.289   0.432
 91 328 09 45 30  -0.007   0.315  -0.305   0.445
 91 328 09 46 30  -0.031   0.217  -0.376   0.440
 91 328 09 47 30  -0.039   0.189  -0.392   0.439
 91 328 09 48 30  -0.050   0.181  -0.392   0.435
 91 328 09 49 30  -0.099   0.224  -0.349   0.431
 91 328 09 50 30  -0.075   0.218  -0.361   0.435
 91 328 09 51 30  -0.070   0.219  -0.367   0.437
 91 328 09 52 30   0.035   0.254  -0.357   0.440
 91 328 09 53 30   0.093   0.240  -0.364   0.447
 91 328 09 54 30  -0.117   0.229  -0.302   0.426
 91 328 09 55 30  -0.153   0.217  -0.318   0.421
 91 328 09 56 30  -0.012   0.203  -0.367   0.437
 91 328 09 57 30   0.119   0.140  -0.403   0.444
 91 328 09 58 30   0.101   0.159  -0.409   0.451
 91 328 09 59 30   0.082   0.183  -0.417   0.463
 91 328 10 00 30   0.068   0.198  -0.413   0.463
 91 328 10 01 30   0.067   0.185  -0.411   0.456
 91 328 10 02 30   0.072   0.195  -0.403   0.453
 91 328 10 03 30   0.062   0.209  -0.406   0.461
 91 328 10 04 30   0.056   0.206  -0.407   0.459
 91 328 10 05 30   0.068   0.215  -0.397   0.457
 91 328 10 06 30   0.059   0.215  -0.391   0.451
 91 328 10 07 30   0.053   0.216  -0.385   0.445
 91 328 10 11 30   0.055   0.198  -0.375   0.428
 91 328 10 12 30   0.034   0.188  -0.376   0.422
 91 328 10 13 30   0.061   0.200  -0.366   0.424
 91 328 10 14 30   0.059   0.113  -0.402   0.423
 91 328 10 15 30   0.007   0.137  -0.396   0.420
 91 328 10 16 30  -0.007   0.148  -0.393   0.421
 91 328 10 17 30  -0.027   0.206  -0.387   0.441
 91 328 10 18 30  -0.036   0.222  -0.389   0.450
 91 328 10 19 30  -0.044   0.200  -0.392   0.442
 91 328 10 20 30  -0.069   0.183  -0.373   0.423
 91 328 10 21 30  -0.050   0.176  -0.376   0.424
 91 328 10 22 30  -0.114   0.178  -0.355   0.414
 91 328 10 23 30  -0.147   0.112  -0.371   0.416
 91 328 10 24 30  -0.100   0.114  -0.393   0.422
 91 328 10 25 30  -0.107   0.096  -0.398   0.424
 91 328 10 26 30  -0.109   0.140  -0.385   0.425
 91 328 10 27 30  -0.140   0.164  -0.366   0.426
 91 328 10 28 30  -0.132   0.170  -0.363   0.423
 91 328 10 29 30  -0.157   0.179  -0.346   0.421
 91 328 10 30 30  -0.128   0.165  -0.363   0.421
 91 328 10 31 30  -0.224   0.171  -0.300   0.413
 91 328 10 32 30  -0.195   0.189  -0.313   0.417
 91 328 10 33 30  -0.165   0.201  -0.331   0.422
 91 328 10 34 30  -0.153   0.212  -0.333   0.425
 91 328 10 35 30  -0.135   0.202  -0.359   0.437
 91 328 10 36 30  -0.138   0.191  -0.365   0.437
 91 328 10 37 30  -0.160   0.196  -0.351   0.434
 91 328 10 38 30  -0.177   0.205  -0.348   0.441
 91 328 10 39 30  -0.073   0.156  -0.401   0.440
 91 328 10 40 30  -0.125   0.210  -0.363   0.438
 91 328 10 41 30  -0.168   0.218  -0.344   0.441
 91 328 10 42 30  -0.115   0.206  -0.395   0.461
 91 328 10 43 30  -0.122   0.217  -0.403   0.473
 91 328 10 44 30  -0.133   0.175  -0.419   0.474
 91 328 10 45 30  -0.120   0.197  -0.412   0.473
 91 328 10 46 30  -0.130   0.182  -0.418   0.474
 91 328 10 47 30  -0.131   0.176  -0.418   0.472
 91 328 10 48 30  -0.122   0.158  -0.414   0.460
 91 328 10 49 30  -0.094   0.174  -0.419   0.464
 91 328 10 50 30  -0.139   0.179  -0.402   0.462
 91 328 10 51 30  -0.138   0.172  -0.406   0.463
 91 328 10 52 30  -0.136   0.174  -0.412   0.468
 91 328 10 53 30  -0.151   0.164  -0.415   0.471
 91 328 10 54 30  -0.148   0.148  -0.422   0.472
 91 328 10 55 30  -0.152   0.167  -0.408   0.466
 91 328 10 56 30  -0.143   0.189  -0.407   0.471
 91 328 10 57 30  -0.138   0.167  -0.419   0.472
 91 328 10 58 30  -0.134   0.151  -0.425   0.470
 91 328 10 59 30  -0.126   0.138  -0.433   0.472
 91 328 11 00 30  -0.140   0.118  -0.432   0.469
 91 328 11 01 30  -0.131   0.124  -0.438   0.474
 91 328 11 02 30  -0.123   0.154  -0.431   0.474
 91 328 11 03 30  -0.167   0.192  -0.393   0.468
 91 328 11 04 30  -0.185   0.200  -0.379   0.467
 91 328 11 05 30  -0.158   0.163  -0.416   0.475
 91 328 11 06 30  -0.141   0.138  -0.424   0.468
 91 328 11 07 30  -0.135   0.116  -0.422   0.458
 91 328 11 08 30  -0.118   0.105  -0.408   0.438
 91 328 11 09 30  -0.133   0.093  -0.406   0.437
 91 328 11 10 30  -0.115   0.082  -0.407   0.432
 91 328 11 11 30  -0.100   0.085  -0.414   0.435
 91 328 11 12 30  -0.103   0.086  -0.412   0.434
 91 328 11 13 30  -0.109   0.095  -0.439   0.462
 91 328 11 14 30  -0.111   0.103  -0.432   0.458
 91 328 11 15 30  -0.112   0.104  -0.412   0.439
 91 328 11 16 30  -0.122   0.080  -0.399   0.425
 91 328 11 17 30  -0.109   0.084  -0.399   0.422
 91 328 11 18 30  -0.105   0.056  -0.403   0.421
 91 328 11 19 30  -0.104   0.047  -0.395   0.411
 91 328 11 20 30  -0.091   0.028  -0.387   0.400
 91 328 11 21 30  -0.103   0.038  -0.377   0.395
 91 328 11 22 30  -0.088   0.030  -0.379   0.391
 91 328 11 23 30  -0.090  -0.073  -0.353   0.382
 91 328 11 24 30  -0.066  -0.051  -0.349   0.370
 91 328 11 25 30  -0.102  -0.040  -0.343   0.360
 91 328 11 26 30  -0.084  -0.004  -0.350   0.361
 91 328 11 27 30  -0.061   0.066  -0.352   0.364
 91 328 11 28 30  -0.062   0.061  -0.355   0.367
 91 328 11 29 30  -0.056   0.008  -0.360   0.367
 91 328 11 30 30  -0.057  -0.074  -0.358   0.370
 91 328 11 31 30  -0.055  -0.089  -0.354   0.370
 91 328 11 32 30  -0.040  -0.127  -0.350   0.375
 91 328 11 33 30  -0.031  -0.142  -0.337   0.370
 91 328 11 34 30  -0.042  -0.140  -0.338   0.369
 91 328 11 35 30  -0.028  -0.153  -0.336   0.371
 91 328 11 37 30  -0.102   0.139  -0.316   0.369
 91 328 11 38 30  -0.113   0.190  -0.334   0.402
 91 328 11 39 30  -0.091   0.229  -0.353   0.431
 91 328 11 40 30  -0.113   0.203  -0.377   0.443
 91 328 11 41 30  -0.102   0.199  -0.377   0.439
 91 328 11 42 30  -0.104   0.182  -0.386   0.440
 91 328 11 43 30  -0.111   0.206  -0.358   0.429
 91 328 11 44 30  -0.111   0.121  -0.382   0.417
 91 328 11 45 30  -0.094   0.135  -0.385   0.419
 91 328 11 46 30  -0.090  -0.021  -0.339   0.360
 91 328 11 47 30  -0.080  -0.069  -0.316   0.334
 91 328 11 48 30  -0.075  -0.080  -0.290   0.310
 91 328 11 49 30  -0.078  -0.075  -0.285   0.305
 91 328 11 50 30  -0.081  -0.071  -0.282   0.302
 91 328 11 51 30  -0.082  -0.076  -0.271   0.294
 91 328 11 52 30  -0.102  -0.056  -0.289   0.312
 91 328 11 53 30  -0.111  -0.024  -0.297   0.318
 91 328 11 54 30  -0.107  -0.017  -0.283   0.303
 91 328 11 55 30  -0.109   0.001  -0.279   0.300
 91 328 11 56 30  -0.114  -0.036  -0.314   0.336
 91 328 11 57 30  -0.104  -0.046  -0.329   0.349
 91 328 11 58 30  -0.086  -0.038  -0.344   0.357
 91 328 11 59 30  -0.097  -0.061  -0.342   0.361
 91 328 12 00 30  -0.092  -0.098  -0.335   0.362
 91 328 12 01 30  -0.058  -0.159  -0.320   0.363
 91 328 12 02 30  -0.056  -0.155  -0.316   0.357
 91 328 12 03 30  -0.091  -0.088  -0.332   0.357
 91 328 12 04 30  -0.114  -0.077  -0.321   0.351
 91 328 12 05 30  -0.127  -0.068  -0.315   0.347
 91 328 12 06 30  -0.126  -0.082  -0.322   0.356
 91 328 12 07 30  -0.126  -0.073  -0.314   0.347
 91 328 12 08 30  -0.139  -0.054  -0.310   0.345
 91 328 12 09 30  -0.157  -0.059  -0.308   0.352
 91 328 12 10 30  -0.172  -0.057  -0.311   0.360
 91 328 12 11 30  -0.167  -0.059  -0.315   0.362
 91 328 12 12 30  -0.173  -0.057  -0.312   0.363
 91 328 12 13 30  -0.175  -0.053  -0.315   0.364
 91 328 12 14 30  -0.155  -0.054  -0.318   0.358
 91 328 12 15 30  -0.134  -0.057  -0.320   0.353
 91 328 12 16 30  -0.086  -0.094  -0.324   0.349
 91 328 12 17 30  -0.053  -0.134  -0.323   0.355
 91 328 12 18 30  -0.069  -0.134  -0.299   0.335
 91 328 12 19 30  -0.063  -0.128  -0.307   0.338
 91 328 12 20 30  -0.068  -0.122  -0.297   0.329
 91 328 12 21 30  -0.066  -0.126  -0.297   0.330
 91 328 12 22 30  -0.081  -0.129  -0.300   0.337
 91 328 12 23 30  -0.075  -0.162  -0.291   0.344
 91 328 12 24 30  -0.086  -0.111  -0.339   0.371
 91 328 12 25 30  -0.112  -0.019  -0.394   0.415
 91 328 12 26 30  -0.123   0.029  -0.419   0.441
 91 328 12 27 30  -0.137   0.009  -0.432   0.454
 91 328 12 28 30  -0.136   0.034  -0.434   0.457
 91 328 12 29 30  -0.149   0.030  -0.435   0.461
 91 328 12 30 30  -0.131   0.040  -0.437   0.458
 91 328 12 31 30  -0.114   0.025  -0.445   0.460
 91 328 12 32 30  -0.143   0.037  -0.430   0.455
 91 328 12 33 30  -0.115   0.070  -0.433   0.453
 91 328 12 34 30  -0.120   0.088  -0.423   0.449
 91 328 12 35 30  -0.130   0.066  -0.425   0.450
 91 328 12 36 30  -0.131   0.075  -0.418   0.445
 91 328 12 37 30  -0.130   0.079  -0.425   0.451
 91 328 12 38 30  -0.117   0.104  -0.421   0.449
 91 328 12 39 30  -0.105   0.180  -0.346   0.409
 91 328 12 40 30  -0.086   0.137  -0.351   0.392
 91 328 12 41 30  -0.052   0.083  -0.376   0.390
 91 328 12 42 30  -0.050   0.106  -0.370   0.389
 91 328 12 43 30  -0.043   0.134  -0.368   0.395
 91 328 12 44 30  -0.017   0.139  -0.366   0.392
 91 328 12 45 30  -0.035   0.162  -0.360   0.397
 91 328 12 46 30  -0.009   0.152  -0.365   0.397
 91 328 12 47 30   0.005   0.139  -0.370   0.396
 91 328 12 48 30  -0.025   0.179  -0.368   0.410
 91 328 12 49 30  -0.040   0.198  -0.364   0.417
 91 328 12 50 30  -0.080   0.214  -0.340   0.410
 91 328 12 51 30  -0.041   0.214  -0.345   0.408
 91 328 12 52 30  -0.047   0.209  -0.347   0.409
 91 328 12 53 30  -0.071   0.224  -0.330   0.406
 91 328 12 54 30  -0.071   0.218  -0.341   0.411
 91 328 12 55 30  -0.071   0.209  -0.350   0.414
 91 328 12 56 30  -0.063   0.183  -0.355   0.405
 91 328 12 57 30  -0.119   0.207  -0.330   0.409
 91 328 12 58 30  -0.128   0.225  -0.322   0.414
 91 328 12 59 30  -0.126   0.211  -0.328   0.411
 91 328 13 00 30  -0.105   0.204  -0.330   0.403
 91 328 13 01 30  -0.130   0.242  -0.294   0.404
 91 328 13 02 30  -0.097   0.174  -0.351   0.404
 91 328 13 03 30  -0.133   0.207  -0.309   0.399
 91 328 13 04 30  -0.141   0.206  -0.316   0.404
 91 328 13 05 30  -0.127   0.182  -0.341   0.408
 91 328 13 06 30  -0.149   0.200  -0.323   0.409
 91 328 13 07 30  -0.154   0.197  -0.320   0.407
 91 328 13 08 30  -0.154   0.179  -0.328   0.404
 91 328 13 09 30  -0.155   0.098  -0.335   0.383
 91 328 13 10 30  -0.172   0.166  -0.315   0.401
 91 328 13 11 30  -0.127   0.225  -0.314   0.409
 91 328 13 12 30  -0.129   0.235  -0.305   0.407
 91 328 13 13 30  -0.113   0.238  -0.320   0.416
 91 328 13 14 30  -0.077   0.232  -0.327   0.409
 91 328 13 15 30  -0.056   0.221  -0.324   0.397
 91 328 13 16 30  -0.051   0.191  -0.324   0.380
 91 328 13 17 30  -0.067   0.133  -0.344   0.376
 91 328 13 18 30  -0.066   0.116  -0.342   0.368
 91 328 13 19 30  -0.020   0.153  -0.331   0.368
 91 328 13 20 30   0.000   0.190  -0.319   0.372
 91 328 13 21 30  -0.009   0.142  -0.344   0.373
 91 328 13 22 30  -0.047   0.130  -0.340   0.370
 91 328 13 23 30  -0.068   0.118  -0.344   0.370
 91 328 13 24 30  -0.070   0.136  -0.345   0.380
 91 328 13 25 30  -0.047   0.189  -0.329   0.386
 91 328 13 26 30  -0.031   0.180  -0.340   0.388
 91 328 13 27 30  -0.003  -0.007  -0.372   0.390
 91 328 13 28 30   0.003  -0.083  -0.371   0.381
 91 328 13 29 30  -0.077   0.159  -0.295   0.389
 91 328 13 30 30  -0.093   0.284  -0.258   0.396
 91 328 13 31 30  -0.080   0.256  -0.284   0.393
 91 328 13 32 30  -0.005   0.217  -0.323   0.391
 91 328 13 33 30  -0.055   0.229  -0.302   0.387
 91 328 13 34 30  -0.084   0.230  -0.292   0.383
 91 328 13 35 30  -0.057   0.227  -0.305   0.385
 91 328 13 36 30  -0.038   0.261  -0.283   0.389
 91 328 13 37 30  -0.104   0.233  -0.292   0.389
 91 328 13 38 30  -0.131   0.197  -0.308   0.390
 91 328 13 39 30  -0.133   0.164  -0.327   0.390
 91 328 13 40 30  -0.101   0.160  -0.349   0.398
 91 328 13 41 30  -0.122   0.173  -0.338   0.405
 91 328 13 42 30  -0.144   0.232  -0.310   0.415
 91 328 13 43 30  -0.158   0.249  -0.295   0.419
 91 328 13 44 30  -0.134   0.282  -0.280   0.421
 91 328 13 45 30  -0.173   0.262  -0.276   0.419
 91 328 13 46 30  -0.126   0.277  -0.275   0.414
 91 328 13 47 30  -0.127   0.273  -0.279   0.412
 91 328 13 48 30  -0.154   0.240  -0.290   0.408
 91 328 13 49 30  -0.146   0.212  -0.305   0.400
 91 328 13 50 30  -0.132   0.199  -0.329   0.408
 91 328 13 51 30  -0.136   0.203  -0.332   0.413
 91 328 13 52 30  -0.126   0.224  -0.329   0.418
 91 328 13 53 30  -0.129   0.224  -0.325   0.416
 91 328 13 54 30  -0.064   0.290  -0.290   0.417
 91 328 13 55 30  -0.051   0.289  -0.292   0.414
 91 328 13 56 30  -0.059   0.284  -0.296   0.415
 91 328 13 57 30  -0.076   0.251  -0.316   0.412
 91 328 13 58 30  -0.084   0.205  -0.340   0.407
 91 328 13 59 30  -0.078   0.194  -0.350   0.408
 91 328 14 00 30  -0.090   0.197  -0.343   0.410
 91 328 14 01 30  -0.099   0.223  -0.330   0.410
 91 328 14 02 30  -0.103   0.232  -0.322   0.411
 91 328 14 03 30  -0.095   0.165  -0.346   0.397
 91 328 14 04 30  -0.072   0.162  -0.343   0.387
 91 328 14 05 30  -0.067   0.136  -0.355   0.386
 91 328 14 06 30  -0.069   0.127  -0.352   0.381
 91 328 14 07 30  -0.094   0.109  -0.349   0.379
 91 328 14 08 30  -0.081   0.094  -0.357   0.379
 91 328 14 09 30  -0.089   0.124  -0.345   0.378
 91 328 14 10 30  -0.077   0.080  -0.361   0.379
 91 328 14 11 30  -0.117   0.206  -0.306   0.395
 91 328 14 12 30  -0.125   0.268  -0.288   0.413
 91 328 14 13 30  -0.148   0.208  -0.325   0.414
 91 328 14 14 30  -0.140   0.191  -0.337   0.412
 91 328 14 15 30  -0.106   0.186  -0.352   0.413
 91 328 14 16 30  -0.123   0.182  -0.341   0.407
 91 328 14 17 30  -0.125   0.170  -0.345   0.404
 91 328 14 18 30  -0.114   0.177  -0.346   0.406
 91 328 14 19 30  -0.083   0.207  -0.324   0.394
 91 328 14 20 30  -0.080   0.191  -0.339   0.398
 91 328 14 21 30  -0.085   0.164  -0.343   0.390
 91 328 14 22 30  -0.070   0.158  -0.350   0.391
 91 328 14 23 30  -0.062   0.151  -0.355   0.391
 91 328 14 24 30  -0.066   0.161  -0.361   0.401
 91 328 14 25 30  -0.062   0.181  -0.351   0.400
 91 328 14 26 30  -0.057   0.159  -0.358   0.397
 91 328 14 27 30  -0.015   0.152  -0.368   0.402
 91 328 14 28 30   0.015  -0.010  -0.408   0.409
 91 328 14 29 30   0.016   0.027  -0.409   0.416
 91 328 14 30 30   0.000  -0.045  -0.411   0.417
 91 328 14 31 30   0.025  -0.014  -0.418   0.421
 91 328 14 32 30   0.029   0.171  -0.394   0.435
 91 328 14 33 30   0.015   0.173  -0.401   0.437
 91 328 14 34 30  -0.002   0.182  -0.399   0.439
 91 328 14 35 30   0.016   0.172  -0.407   0.442
 91 328 14 36 30   0.027   0.184  -0.388   0.430
 91 328 14 37 30   0.015   0.195  -0.362   0.412
 91 328 14 38 30  -0.006   0.196  -0.372   0.421
 91 328 14 39 30   0.052   0.240  -0.304   0.412
 91 328 14 40 30  -0.011   0.196  -0.360   0.411
 91 328 14 41 30  -0.005   0.201  -0.361   0.414
 91 328 14 42 30  -0.005   0.189  -0.361   0.409
 91 328 14 43 30  -0.009   0.165  -0.375   0.411
 91 328 14 44 30  -0.010   0.177  -0.372   0.413
 91 328 14 45 30  -0.027   0.174  -0.371   0.411
 91 328 14 46 30  -0.009   0.183  -0.368   0.413
 91 328 14 47 30   0.032   0.182  -0.373   0.417
 91 328 14 48 30   0.017   0.165  -0.381   0.417
 91 328 14 49 30  -0.004   0.158  -0.380   0.413
 91 328 14 50 30   0.007   0.166  -0.376   0.412
 91 328 14 51 30  -0.004   0.171  -0.371   0.410
 91 328 14 52 30   0.021   0.161  -0.379   0.413
 91 328 14 53 30   0.037   0.145  -0.379   0.410
 91 328 14 54 30   0.042   0.173  -0.389   0.428
 91 328 14 55 30   0.041   0.167  -0.385   0.422
 91 328 14 56 30   0.017   0.170  -0.368   0.407
 91 328 14 57 30   0.028   0.178  -0.385   0.425
 91 328 14 58 30   0.018   0.177  -0.393   0.432
 91 328 14 59 30   0.024   0.182  -0.391   0.432
 91 328 15 00 30   0.006   0.184  -0.385   0.428
 91 328 15 01 30   0.029   0.143  -0.390   0.417
 91 328 15 02 30   0.048   0.136  -0.383   0.410
 91 328 15 03 30   0.041   0.151  -0.375   0.407
 91 328 15 04 30   0.061   0.150  -0.374   0.408
 91 328 15 05 30   0.046   0.152  -0.381   0.413
 91 328 15 06 30   0.032   0.146  -0.384   0.413
 91 328 15 07 30   0.006   0.155  -0.390   0.421
 91 328 15 08 30   0.006   0.166  -0.390   0.425
 91 328 15 09 30  -0.009   0.158  -0.385   0.417
 91 328 15 10 30   0.023   0.140  -0.390   0.415
 91 328 15 11 30  -0.014   0.152  -0.380   0.410
 91 328 15 12 30  -0.018   0.188  -0.362   0.409
 91 328 15 13 30  -0.027   0.163  -0.375   0.411
 91 328 15 14 30  -0.056   0.130  -0.386   0.412
 91 328 15 15 30  -0.050   0.147  -0.387   0.417
 91 328 15 16 30  -0.051   0.147  -0.384   0.415
 91 328 15 17 30  -0.038   0.137  -0.383   0.409
 91 328 15 18 30  -0.029   0.127  -0.380   0.403
 91 328 15 19 30  -0.045   0.123  -0.363   0.390
 91 328 15 20 30  -0.005   0.051  -0.364   0.387
 91 328 15 21 30   0.050  -0.118  -0.370   0.396
 91 328 15 22 30   0.061  -0.116  -0.375   0.400
 91 328 15 23 30   0.054  -0.184  -0.349   0.402
 91 328 15 24 30  -0.030   0.020  -0.392   0.398
 91 328 15 25 30   0.004   0.131  -0.371   0.400
 91 328 15 26 30  -0.021   0.164  -0.354   0.392
 91 328 15 27 30  -0.080   0.061  -0.375   0.390
 91 328 15 28 30  -0.142   0.037  -0.369   0.398
 91 328 15 29 30  -0.201   0.156  -0.273   0.380
 91 328 15 30 30  -0.192   0.240  -0.188   0.379
 91 328 15 31 30  -0.098   0.017  -0.377   0.393
 91 328 15 32 30  -0.081  -0.037  -0.390   0.401
 91 328 15 33 30  -0.053  -0.031  -0.395   0.401
 91 328 15 34 30  -0.094   0.002  -0.387   0.400
 91 328 15 35 30  -0.042  -0.023  -0.396   0.400
 91 328 15 36 30  -0.063  -0.008  -0.397   0.403
 91 328 15 37 30  -0.069  -0.020  -0.390   0.398
 91 328 15 38 30   0.155   0.290  -0.226   0.419
 91 328 15 39 30  -0.030   0.170  -0.413   0.449
 91 328 15 40 30  -0.041   0.165  -0.413   0.447
 91 328 15 41 30  -0.001   0.195  -0.392   0.439
 91 328 15 42 30   0.024   0.221  -0.373   0.435
 91 328 15 43 30   0.016   0.202  -0.379   0.430
 91 328 15 44 30   0.015   0.206  -0.390   0.442
 91 328 15 45 30   0.022   0.215  -0.394   0.450
 91 328 15 46 30   0.025   0.232  -0.381   0.447
 91 328 15 47 30   0.013   0.229  -0.369   0.435
 91 328 15 48 30   0.028   0.211  -0.376   0.433
 91 328 15 49 30   0.031   0.220  -0.372   0.434
 91 328 15 50 30   0.031   0.217  -0.371   0.432
 91 328 15 51 30   0.035   0.202  -0.387   0.438
 91 328 15 52 30   0.039   0.216  -0.386   0.445
 91 328 15 53 30   0.038   0.194  -0.387   0.435
 91 328 15 54 30   0.015   0.176  -0.396   0.434
 91 328 15 55 30   0.015   0.183  -0.391   0.433
 91 328 15 56 30   0.027   0.181  -0.385   0.426
 91 328 15 57 30   0.005   0.160  -0.388   0.420
 91 328 15 58 30   0.022   0.160  -0.391   0.424
 91 328 15 59 30   0.020   0.155  -0.387   0.419
 91 328 16 00 30   0.026   0.141  -0.396   0.422
 91 328 16 01 30  -0.004   0.098  -0.398   0.412
 91 328 16 02 30   0.006   0.018  -0.399   0.404
 91 328 16 03 30   0.006   0.027  -0.398   0.401
 91 328 16 04 30   0.022   0.094  -0.401   0.414
 91 328 16 05 30   0.031   0.112  -0.401   0.419
 91 328 16 06 30   0.046   0.139  -0.387   0.415
 91 328 16 07 30   0.048   0.152  -0.388   0.422
 91 328 16 08 30   0.061   0.159  -0.382   0.421
 91 328 16 09 30   0.118   0.200  -0.360   0.429
 91 328 16 10 30   0.090   0.187  -0.367   0.424
 91 328 16 11 30   0.068   0.166  -0.378   0.419
 91 328 16 12 30   0.069   0.196  -0.368   0.423
 91 328 16 13 30   0.073   0.195  -0.364   0.419
 91 328 16 14 30   0.084   0.187  -0.365   0.419
 91 328 16 15 30   0.084   0.193  -0.360   0.418
 91 328 16 16 30   0.089   0.194  -0.362   0.420
 91 328 16 17 30   0.099   0.180  -0.363   0.418
 91 328 16 18 30   0.080   0.175  -0.370   0.418
 91 328 16 19 30   0.039   0.149  -0.379   0.409
 91 328 16 20 30   0.040   0.177  -0.367   0.412
 91 328 16 21 30   0.033   0.148  -0.374   0.414
 91 328 16 22 30  -0.045   0.116  -0.392   0.412
 91 328 16 23 30  -0.069   0.130  -0.393   0.420
 91 328 16 24 30  -0.067   0.121  -0.403   0.426
 91 328 16 25 30  -0.054   0.126  -0.406   0.429
 91 328 16 26 30  -0.044   0.154  -0.398   0.430
 91 328 16 27 30  -0.072   0.141  -0.395   0.426
 91 328 16 28 30  -0.062   0.149  -0.391   0.424
 91 328 16 29 30  -0.070   0.153  -0.385   0.420
 91 328 16 30 30  -0.066   0.156  -0.385   0.422
 91 328 16 31 30  -0.071   0.137  -0.393   0.422
 91 328 16 32 30  -0.065   0.124  -0.396   0.421
 91 328 16 33 30  -0.011   0.205  -0.353   0.410
 91 328 16 34 30  -0.022   0.227  -0.340   0.410
 91 328 16 35 30  -0.018   0.226  -0.338   0.407
 91 328 16 36 30  -0.037   0.228  -0.336   0.408
 91 328 16 37 30  -0.040   0.236  -0.335   0.412
 91 328 16 38 30  -0.025   0.243  -0.329   0.410
 91 328 16 39 30  -0.036   0.220  -0.340   0.409
 91 328 16 40 30  -0.044   0.232  -0.334   0.410
 91 328 16 41 30  -0.025   0.239  -0.332   0.410
 91 328 16 42 30  -0.019   0.231  -0.336   0.410
 91 328 16 43 30   0.003   0.210  -0.352   0.411
 91 328 16 44 30  -0.036   0.234  -0.339   0.414
 91 328 16 45 30  -0.030   0.226  -0.343   0.412
 91 328 16 46 30  -0.026   0.282  -0.301   0.418
 91 328 16 47 30   0.004   0.229  -0.349   0.419
 91 328 16 48 30  -0.013   0.241  -0.344   0.421
 91 328 16 49 30  -0.014   0.229  -0.342   0.413
 91 328 16 50 30  -0.025   0.275  -0.306   0.415
 91 328 16 51 30  -0.062   0.282  -0.300   0.418
 91 328 16 52 30  -0.039   0.307  -0.271   0.412
 91 328 16 53 30  -0.032   0.298  -0.279   0.412
 91 328 16 54 30  -0.031   0.267  -0.313   0.413
 91 328 16 55 30  -0.033   0.309  -0.272   0.414
 91 328 16 56 30  -0.031   0.322  -0.262   0.418
 91 328 16 57 30  -0.047   0.291  -0.292   0.416
 91 328 16 58 30  -0.041   0.307  -0.279   0.418
 91 328 16 59 30  -0.043   0.297  -0.288   0.417
 91 328 17 00 30  -0.062   0.324  -0.260   0.420
 91 328 17 01 30  -0.071   0.308  -0.271   0.418
 91 328 17 02 30  -0.069   0.318  -0.260   0.417
 91 328 17 03 30  -0.033   0.308  -0.271   0.415
 91 328 17 04 30   0.011   0.273  -0.308   0.412
 91 328 17 05 30  -0.013   0.294  -0.287   0.412
 91 328 17 06 30  -0.022   0.322  -0.262   0.417
 91 328 17 07 30  -0.031   0.328  -0.257   0.420
 91 328 17 08 30  -0.041   0.308  -0.271   0.415
 91 328 17 09 30  -0.031   0.261  -0.317   0.413
 91 328 17 10 30  -0.039   0.284  -0.301   0.416
 91 328 17 11 30  -0.041   0.276  -0.308   0.416
 91 328 17 12 30  -0.019   0.283  -0.307   0.418
 91 328 17 13 30  -0.011   0.249  -0.315   0.402
 91 328 17 14 30  -0.003   0.257  -0.313   0.406
 91 328 17 15 30   0.024   0.248  -0.315   0.402
 91 328 17 16 30   0.039   0.243  -0.316   0.401
 91 328 17 17 30   0.035   0.222  -0.336   0.405
 91 328 17 18 30   0.016   0.195  -0.347   0.400
 91 328 17 19 30   0.011   0.239  -0.327   0.405
 91 328 17 20 30   0.030   0.232  -0.337   0.411
 91 328 17 21 30   0.038   0.236  -0.332   0.410
 91 328 17 22 30   0.058   0.232  -0.337   0.414
 91 328 17 23 30   0.050   0.237  -0.333   0.412
 91 328 17 24 30   0.054   0.244  -0.329   0.414
 91 328 17 25 30   0.062   0.257  -0.316   0.412
 91 328 17 26 30   0.074   0.261  -0.318   0.418
 91 328 17 27 30   0.080   0.262  -0.316   0.419
 91 328 17 28 30   0.061   0.218  -0.346   0.414
 91 328 17 29 30   0.063   0.214  -0.351   0.416
 91 328 17 30 30   0.028   0.240  -0.340   0.418
 91 328 17 31 30   0.051   0.255  -0.327   0.418
 91 328 17 32 30   0.038   0.272  -0.310   0.415
 91 328 17 33 30   0.003   0.259  -0.304   0.409
 91 328 17 34 30   0.046   0.220  -0.334   0.410
 91 328 17 35 30   0.027   0.231  -0.333   0.410
 91 328 17 36 30   0.025   0.323  -0.242   0.411
 91 328 17 37 30   0.006   0.367  -0.186   0.414
 91 328 17 38 30   0.022   0.348  -0.220   0.414
 91 328 17 39 30   0.006   0.342  -0.233   0.414
 91 328 17 40 30  -0.007   0.349  -0.216   0.412
 91 328 17 41 30   0.013   0.331  -0.237   0.408
 91 328 17 42 30   0.087   0.301  -0.247   0.409
 91 328 17 43 30   0.047   0.307  -0.262   0.408
 91 328 17 44 30   0.092   0.288  -0.273   0.408
 91 328 17 45 30   0.076   0.305  -0.257   0.407
 91 328 17 46 30   0.082   0.315  -0.246   0.409
 91 328 17 47 30   0.066   0.315  -0.249   0.408
 91 328 17 48 30   0.038   0.315  -0.255   0.407
 91 328 17 49 30   0.037   0.324  -0.242   0.407
 91 328 17 50 30   0.045   0.325  -0.248   0.412
 91 328 17 51 30   0.043   0.302  -0.268   0.407
 91 328 17 52 30   0.068   0.315  -0.245   0.406
 91 328 17 53 30   0.070   0.326  -0.238   0.410
 91 328 17 54 30   0.052   0.315  -0.257   0.410
 91 328 17 55 30   0.020   0.288  -0.285   0.406
 91 328 17 56 30   0.079   0.311  -0.249   0.407
 91 328 17 57 30   0.073   0.296  -0.264   0.403
 91 328 17 58 30   0.067   0.294  -0.266   0.402
 91 328 17 59 30   0.079   0.299  -0.263   0.407
 91 328 18 00 30   0.093   0.300  -0.256   0.406
 91 328 18 01 30   0.095   0.293  -0.262   0.405
 91 328 18 02 30   0.072   0.293  -0.272   0.407
 91 328 18 03 30   0.100   0.299  -0.254   0.406
 91 328 18 04 30   0.094   0.297  -0.256   0.405
 91 328 18 05 30   0.119   0.323  -0.228   0.413
 91 328 18 06 30   0.103   0.314  -0.244   0.412
 91 328 18 07 30   0.095   0.312  -0.250   0.411
 91 328 18 08 30   0.079   0.310  -0.250   0.407
 91 328 18 09 30   0.088   0.311  -0.242   0.405
 91 328 18 10 30   0.072   0.300  -0.260   0.404
 91 328 18 11 30   0.082   0.299  -0.263   0.407
 91 328 18 12 30   0.086   0.298  -0.262   0.407
 91 328 18 13 30   0.085   0.295  -0.271   0.410
 91 328 18 14 30   0.115   0.230  -0.319   0.411
 91 328 18 15 30   0.105   0.327  -0.216   0.414
 91 328 18 16 30   0.074   0.374  -0.181   0.423
 91 328 18 17 30   0.043   0.397  -0.114   0.418
 91 328 18 18 30   0.016   0.402  -0.100   0.415
 91 328 18 19 30   0.027   0.391  -0.133   0.415
 91 328 18 20 30  -0.005   0.393  -0.110   0.410
 91 328 18 21 30   0.005   0.391  -0.126   0.412
 91 328 18 22 30   0.018   0.397  -0.100   0.410
 91 328 18 23 30   0.008   0.397  -0.112   0.414
 91 328 18 24 30  -0.007   0.396  -0.102   0.410
 91 328 18 25 30   0.015   0.398  -0.084   0.410
 91 328 18 26 30   0.000   0.407  -0.042   0.410
 91 328 18 27 30   0.014   0.408  -0.044   0.411
 91 328 18 28 30   0.012   0.401  -0.073   0.409
 91 328 18 29 30   0.006   0.402  -0.073   0.409
 91 328 18 30 30   0.019   0.400  -0.088   0.411
 91 328 18 31 30   0.036   0.394  -0.104   0.410
 91 328 18 32 30   0.038   0.393  -0.102   0.409
 91 328 18 33 30   0.055   0.392  -0.108   0.410
 91 328 18 34 30   0.038   0.396  -0.095   0.409
 91 328 18 35 30   0.060   0.395  -0.089   0.409
 91 328 18 36 30   0.069   0.389  -0.103   0.409
 91 328 18 37 30   0.096   0.388  -0.102   0.413
 91 328 18 38 30   0.051   0.391  -0.086   0.406
 91 328 18 39 30  -0.137   0.364  -0.050   0.394
 91 328 18 40 30  -0.109   0.376  -0.066   0.400
 91 328 18 41 30  -0.055   0.379  -0.108   0.401
 91 328 18 42 30  -0.031   0.386  -0.094   0.399
 91 328 18 43 30   0.061   0.384  -0.070   0.402
 91 328 18 44 30   0.035   0.395  -0.067   0.405
 91 328 18 45 30   0.021   0.390  -0.086   0.400
 91 328 18 46 30   0.052   0.394  -0.050   0.401
 91 328 18 47 30   0.054   0.397  -0.034   0.402
 91 328 18 48 30   0.038   0.397  -0.038   0.401
 91 328 18 49 30   0.047   0.394  -0.033   0.399
 91 328 18 50 30   0.056   0.386  -0.042   0.392
 91 328 18 51 30   0.042   0.386  -0.020   0.389
 91 328 18 52 30   0.045   0.391   0.001   0.394
 91 328 18 53 30   0.037   0.386   0.006   0.389
 91 328 18 54 30   0.020   0.359   0.055   0.365
 91 328 18 55 30  -0.008   0.367   0.006   0.367
 91 328 18 56 30  -0.001   0.369  -0.013   0.370
 91 328 18 57 30   0.025   0.367  -0.030   0.370
 91 328 18 58 30   0.035   0.369  -0.045   0.375
 91 328 18 59 30   0.021   0.372  -0.022   0.375
 91 328 19 00 30   0.039   0.370  -0.010   0.373
 91 328 19 01 30   0.034   0.360  -0.063   0.370
 91 328 19 02 30   0.065   0.349  -0.055   0.360
 91 328 19 03 30   0.031   0.270   0.019   0.278
 91 328 19 04 30   0.015   0.094   0.156   0.212
 91 328 19 05 30   0.052   0.106   0.147   0.216
 91 328 19 06 30   0.107   0.193   0.006   0.227
 91 328 19 07 30   0.067   0.241  -0.072   0.265
 91 328 19 08 30   0.040   0.300  -0.082   0.314
 91 328 19 09 30   0.030   0.302  -0.072   0.313
 91 328 19 10 30   0.017   0.294  -0.044   0.302
 91 328 19 11 30   0.029   0.278  -0.057   0.288
 91 328 19 12 30   0.019   0.301  -0.077   0.312
 91 328 19 13 30   0.047   0.268  -0.153   0.319
 91 328 19 14 30   0.063   0.269  -0.153   0.316
 91 328 19 15 30   0.037   0.296  -0.076   0.314
 91 328 19 16 30   0.093   0.304   0.006   0.321
 91 328 19 17 30   0.057   0.315   0.003   0.328
 91 328 19 18 30   0.034   0.318  -0.012   0.326
 91 328 19 19 30   0.036   0.280   0.148   0.323
 91 328 19 20 30   0.024   0.273   0.089   0.316
 91 328 19 21 30  -0.010   0.234  -0.151   0.289
 91 328 19 22 30  -0.004   0.285  -0.081   0.299
 91 328 19 23 30   0.025   0.292  -0.103   0.323
 91 328 19 24 30   0.021   0.291  -0.222   0.370
 91 328 19 25 30   0.030   0.294  -0.264   0.397
 91 328 19 26 30   0.030   0.301  -0.265   0.403
 91 328 19 28 30   0.114   0.309  -0.245   0.410
 91 328 19 29 30   0.120   0.299  -0.255   0.412
 91 328 19 30 30   0.128   0.304  -0.249   0.414
 91 328 19 31 30   0.090   0.309  -0.246   0.406
 91 328 19 32 30   0.079   0.330  -0.227   0.409
 91 328 19 33 30   0.051   0.343  -0.228   0.416
 91 328 19 34 30   0.031   0.341  -0.241   0.420
 91 328 19 35 30   0.121   0.357  -0.189   0.423
 91 328 19 36 30   0.065   0.383  -0.149   0.421
 91 328 19 37 30   0.091   0.373  -0.166   0.424
 91 328 19 38 30   0.085   0.341  -0.243   0.429
 91 328 19 39 30   0.090   0.359  -0.210   0.426
 91 328 19 40 30   0.088   0.334  -0.231   0.417
 91 328 19 41 30   0.067   0.337  -0.235   0.417
 91 328 19 42 30   0.086   0.335  -0.237   0.419
 91 328 19 43 30   0.108   0.334  -0.223   0.416
 91 328 19 44 30   0.113   0.331  -0.231   0.420
 91 328 19 45 30   0.114   0.318  -0.253   0.423
 91 328 19 46 30   0.062   0.358  -0.214   0.423
 91 328 19 47 30   0.066   0.351  -0.226   0.423
 91 328 19 48 30   0.074   0.286  -0.277   0.409
 91 328 19 50 30   0.091   0.303  -0.263   0.412
 91 328 19 51 30   0.084   0.298  -0.268   0.410
 91 328 19 52 30   0.093   0.300  -0.264   0.411
 91 328 19 53 30   0.093   0.304  -0.264   0.413
 91 328 19 54 30   0.086   0.303  -0.264   0.413
 91 328 19 55 30   0.044   0.318  -0.257   0.412
 91 328 19 56 30   0.038   0.335  -0.238   0.415
 91 328 19 57 30   0.013   0.341  -0.227   0.414
 91 328 19 58 30   0.010   0.306  -0.265   0.412
 91 328 19 59 30  -0.031   0.253  -0.311   0.404
 91 328 20 00 30   0.007   0.317  -0.257   0.409
 91 328 20 01 30  -0.024   0.298  -0.268   0.404
 91 328 20 02 30   0.000   0.312  -0.264   0.411
 91 328 20 03 30   0.057   0.340  -0.232   0.417
 91 328 20 04 30   0.066   0.351  -0.217   0.418
 91 328 20 05 30   0.064   0.352  -0.216   0.419
 91 328 20 06 30   0.048   0.375  -0.180   0.421
 91 328 20 07 30  -0.014   0.298  -0.277   0.414
 91 328 20 08 30   0.036   0.313  -0.254   0.414
 91 328 20 09 30   0.064   0.317  -0.258   0.415
 91 328 20 10 30   0.066   0.319  -0.255   0.417
 91 328 20 11 30   0.078   0.298  -0.261   0.415
 91 328 20 12 30   0.073   0.259  -0.321   0.422
 91 328 20 13 30   0.102   0.258  -0.311   0.420
 91 328 20 14 30   0.121   0.262  -0.293   0.416
 91 328 20 15 30   0.004   0.350  -0.220   0.414
 91 328 20 16 30   0.005   0.356  -0.215   0.417
 91 328 20 17 30   0.040   0.333  -0.245   0.416
 91 328 20 18 30   0.030   0.327  -0.260   0.420
 91 328 20 19 30   0.035   0.345  -0.236   0.420
 91 328 20 20 30   0.046   0.340  -0.240   0.420
 91 328 20 21 30   0.040   0.333  -0.249   0.418
 91 328 20 22 30   0.032   0.303  -0.274   0.412
 91 328 20 23 30   0.055   0.244  -0.327   0.415
 91 328 20 24 30   0.071   0.228  -0.329   0.410
 91 328 20 25 30   0.127   0.197  -0.336   0.413
 91 328 20 26 30   0.114   0.192  -0.343   0.414
 91 328 20 27 30   0.093   0.196  -0.344   0.408
 91 328 20 28 30   0.063   0.183  -0.360   0.413
 91 328 20 29 30   0.101   0.132  -0.374   0.410
 91 328 20 30 30   0.089   0.158  -0.372   0.415
 91 328 20 31 30   0.098   0.150  -0.370   0.411
 91 328 20 32 30   0.105   0.171  -0.361   0.414
 91 328 20 33 30   0.083   0.213  -0.342   0.413
 91 328 20 34 30   0.079   0.271  -0.297   0.410
 91 328 20 35 30   0.098   0.261  -0.303   0.413
 91 328 20 36 30   0.087   0.317  -0.258   0.419
 91 328 20 37 30   0.055   0.335  -0.216   0.408
 91 328 20 38 30   0.075   0.355  -0.192   0.413
 91 328 20 39 30   0.042   0.378  -0.159   0.421
 91 328 20 40 30   0.042   0.386  -0.137   0.415
 91 328 20 41 30   0.032   0.366  -0.179   0.415
 91 328 20 42 30   0.021   0.369  -0.183   0.413
 91 328 20 43 30   0.049   0.381  -0.156   0.415
 91 328 20 44 30   0.056   0.383  -0.167   0.421
 91 328 20 45 30   0.080   0.398  -0.126   0.426
 91 328 20 46 30   0.091   0.388  -0.141   0.423
 91 328 20 47 30   0.094   0.381  -0.158   0.424
 91 328 20 48 30   0.073   0.369  -0.164   0.413
 91 328 20 49 30   0.077   0.380  -0.132   0.410
 91 328 20 50 30   0.062   0.391  -0.110   0.411
 91 328 20 51 30   0.053   0.403  -0.112   0.423
 91 328 20 52 30   0.045   0.402  -0.103   0.418
 91 328 20 53 30   0.057   0.393  -0.123   0.418
 91 328 20 54 30   0.034   0.395   0.043   0.408
 91 328 20 55 30   0.017   0.400   0.006   0.401
 91 328 20 56 30   0.044   0.391   0.000   0.395
 91 328 20 57 30   0.065   0.388   0.005   0.398
 91 328 20 58 30   0.071   0.388   0.001   0.396
 91 328 20 59 30   0.060   0.392  -0.005   0.397
 91 328 21 00 30   0.052   0.386  -0.044   0.394
 91 328 21 01 30   0.038   0.386  -0.042   0.392
 91 328 21 02 30   0.039   0.390  -0.100   0.406
 91 328 21 03 30   0.039   0.386  -0.134   0.412
 91 328 21 04 30   0.028   0.385  -0.137   0.410
 91 328 21 05 30   0.025   0.356  -0.209   0.416
 91 328 21 06 30   0.027   0.370  -0.192   0.418
 91 328 21 07 30   0.045   0.381  -0.130   0.411
 91 328 21 08 30   0.015   0.389   0.014   0.390
 91 328 21 09 30   0.015   0.392  -0.033   0.394
 91 328 21 10 30  -0.009   0.399  -0.039   0.402
 91 328 21 11 30   0.018   0.395  -0.081   0.405
 91 328 21 12 30  -0.012   0.394  -0.049   0.402
 91 328 21 13 30  -0.008   0.406  -0.039   0.410
 91 328 21 14 30   0.007   0.405  -0.041   0.408
 91 328 21 15 30   0.011   0.404  -0.054   0.409
 91 328 21 16 30   0.025   0.411  -0.040   0.415
 91 328 21 17 30   0.033   0.405  -0.021   0.408
 91 328 21 18 30   0.027   0.408  -0.038   0.412
 91 328 21 19 30   0.036   0.395  -0.062   0.406
 91 328 21 20 30   0.005   0.364  -0.181   0.408
 91 328 21 21 30  -0.031   0.353  -0.188   0.403
 91 328 21 22 30  -0.069   0.323  -0.225   0.401
 91 328 21 23 30  -0.085   0.315  -0.229   0.402
 91 328 21 24 30  -0.011   0.336  -0.132   0.401
 91 328 21 25 30   0.088   0.401  -0.020   0.412
 91 328 21 26 30   0.074   0.405  -0.057   0.417
 91 328 21 27 30   0.061   0.393  -0.087   0.408
 91 328 21 28 30   0.061   0.391  -0.085   0.406
 91 328 21 29 30   0.069   0.392  -0.089   0.409
 91 328 21 30 30   0.075   0.384  -0.122   0.411
 91 328 21 31 30   0.045   0.361  -0.173   0.403
 91 328 21 32 30   0.049   0.357  -0.170   0.400
 91 328 21 33 30   0.033   0.380  -0.116   0.401
 91 328 21 34 30   0.040   0.393  -0.102   0.408
 91 328 21 35 30   0.048   0.389  -0.087   0.402
 91 328 21 36 30   0.081   0.392  -0.043   0.406
 91 328 21 37 30  -0.031   0.387  -0.086   0.399
 91 328 21 38 30  -0.037   0.384  -0.110   0.403
 91 328 21 39 30  -0.005   0.400  -0.063   0.408
 91 328 21 40 30  -0.010   0.402  -0.039   0.405
 91 328 21 41 30   0.000   0.397  -0.083   0.407
 91 328 21 42 30   0.046   0.396  -0.071   0.407
 91 328 21 43 30   0.093   0.393  -0.008   0.405
 91 328 21 44 30   0.117   0.387  -0.032   0.406
 91 328 21 45 30   0.095   0.381  -0.089   0.403
 91 328 21 46 30   0.098   0.378  -0.088   0.401
 91 328 21 47 30   0.111   0.382  -0.068   0.403
 91 328 21 48 30   0.107   0.387  -0.059   0.406
 91 328 21 49 30   0.114   0.393  -0.056   0.413
 91 328 21 50 30   0.111   0.387  -0.047   0.406
 91 328 21 51 30   0.021   0.376  -0.092   0.399
 91 328 21 52 30   0.084   0.382  -0.073   0.398
 91 328 21 53 30   0.079   0.371  -0.115   0.399
 91 328 21 54 30   0.118   0.372  -0.006   0.393
 91 328 21 55 30   0.010   0.379  -0.041   0.383
 91 328 21 56 30   0.017   0.400  -0.018   0.402
 91 328 21 57 30   0.026   0.383  -0.016   0.385
 91 328 21 58 30   0.028   0.383   0.036   0.388
 91 328 21 59 30   0.084   0.382   0.065   0.397
 91 328 22 00 30   0.069   0.387   0.045   0.397
 91 328 22 01 30   0.075   0.386   0.031   0.396
 91 328 22 02 30   0.048   0.393   0.008   0.396
 91 328 22 03 30   0.090   0.388   0.039   0.400
 91 328 22 04 30   0.086   0.386   0.042   0.398
 91 328 22 05 30   0.061   0.381   0.026   0.387
 91 328 22 06 30   0.040   0.390   0.026   0.394
 91 328 22 07 30   0.027   0.374   0.041   0.377
 91 328 22 08 30   0.009   0.366   0.011   0.368
 91 328 22 09 30  -0.030   0.378  -0.039   0.387
 91 328 22 10 30   0.021   0.389   0.027   0.392
 91 328 22 11 30  -0.040   0.373  -0.106   0.392
 91 328 22 12 30  -0.032   0.378  -0.026   0.387
 91 328 22 13 30   0.000   0.382   0.068   0.391
 91 328 22 14 30  -0.031   0.363   0.106   0.380
 91 328 22 15 30  -0.018   0.345   0.101   0.361
 91 328 22 16 30  -0.027   0.339   0.068   0.358
 91 328 22 17 30   0.004   0.330  -0.134   0.357
 91 328 22 18 30   0.007   0.327  -0.135   0.354
 91 328 22 19 30   0.037   0.308  -0.162   0.354
 91 328 22 20 30   0.015   0.322  -0.138   0.352
 91 328 22 21 30  -0.018   0.341  -0.091   0.355
 91 328 22 22 30  -0.044   0.353  -0.070   0.363
 91 328 22 23 30  -0.069   0.358  -0.019   0.366
 91 328 22 24 30  -0.077   0.354   0.029   0.365
 91 328 22 25 30  -0.021   0.353   0.040   0.357
 91 328 22 26 30  -0.029   0.356   0.050   0.364
 91 328 22 27 30  -0.045   0.350   0.064   0.360
 91 328 22 28 30  -0.042   0.330   0.047   0.337
 91 328 22 29 30  -0.026   0.292   0.118   0.319
 91 328 22 30 30  -0.033   0.295   0.043   0.322
 91 328 22 31 30  -0.021   0.323  -0.142   0.354
 91 328 22 32 30  -0.011   0.308  -0.189   0.363
 91 328 22 33 30  -0.039   0.318  -0.182   0.369
 91 328 22 34 30  -0.024   0.311  -0.194   0.368
 91 328 22 35 30  -0.022   0.313  -0.196   0.371
 91 328 22 36 30  -0.022   0.300  -0.216   0.373
 91 328 22 37 30   0.019   0.278  -0.253   0.378
 91 328 22 38 30  -0.016   0.283  -0.253   0.380
 91 328 22 39 30  -0.025   0.269  -0.271   0.383
 91 328 22 40 30  -0.016   0.265  -0.273   0.384
 91 328 22 41 30   0.018   0.274  -0.274   0.389
 91 328 22 42 30   0.020   0.256  -0.286   0.385
 91 328 22 43 30   0.040   0.229  -0.295   0.380
 91 328 22 44 30   0.001   0.252  -0.292   0.388
 91 328 22 45 30  -0.034   0.305  -0.263   0.405
 91 328 22 46 30  -0.029   0.320  -0.256   0.413
 91 328 22 47 30  -0.038   0.348  -0.228   0.418
 91 328 22 48 30  -0.036   0.336  -0.242   0.416
 91 328 22 49 30  -0.037   0.339  -0.241   0.418
 91 328 22 50 30  -0.048   0.335  -0.246   0.419
 91 328 22 51 30  -0.049   0.338  -0.249   0.423
 91 328 22 52 30  -0.017   0.333  -0.254   0.421
 91 328 22 53 30  -0.058   0.294  -0.300   0.426
 91 328 22 54 30  -0.044   0.267  -0.328   0.428
 91 328 22 55 30  -0.077   0.283  -0.302   0.422
 91 328 22 56 30  -0.104   0.240  -0.321   0.414
 91 328 22 57 30  -0.099   0.243  -0.321   0.415
 91 328 22 58 30  -0.073   0.190  -0.346   0.404
 91 328 22 59 30  -0.062   0.207  -0.337   0.403
 91 328 23 00 30  -0.042   0.263  -0.321   0.418
 91 328 23 01 30  -0.101   0.209  -0.337   0.410
 91 328 23 02 30  -0.069   0.219  -0.339   0.413
 91 328 23 03 30  -0.034   0.289  -0.312   0.427
 91 328 23 04 30  -0.069   0.246  -0.333   0.421
 91 328 23 05 30  -0.074   0.216  -0.350   0.419
 91 328 23 06 30  -0.062   0.229  -0.347   0.421
 91 328 23 07 30  -0.084   0.213  -0.354   0.422
 91 328 23 08 30  -0.014   0.274  -0.325   0.427
 91 328 23 09 30  -0.026   0.270  -0.324   0.424
 91 328 23 10 30  -0.060   0.241  -0.340   0.421
 91 328 23 11 30  -0.093   0.212  -0.341   0.413
 91 328 23 12 30  -0.116   0.222  -0.322   0.408
 91 328 23 13 30  -0.114   0.216  -0.337   0.416
 91 328 23 14 30  -0.094   0.260  -0.320   0.423
 91 328 23 15 30  -0.065   0.246  -0.340   0.425
 91 328 23 16 30  -0.037   0.258  -0.339   0.429
 91 328 23 17 30  -0.045   0.259  -0.337   0.428
 91 328 23 18 30  -0.046   0.287  -0.307   0.425
 91 328 23 19 30  -0.064   0.267  -0.317   0.420
 91 328 23 20 30  -0.089   0.289  -0.287   0.418
 91 328 23 21 30  -0.061   0.279  -0.299   0.416
 91 328 23 22 30  -0.032   0.348  -0.226   0.423
 91 328 23 23 30   0.024   0.405  -0.128   0.428
 91 328 23 24 30  -0.046   0.350  -0.228   0.430
 91 328 23 25 30  -0.100   0.306  -0.280   0.428
 91 328 23 26 30  -0.079   0.271  -0.323   0.431
 91 328 23 27 30  -0.071   0.206  -0.361   0.424
 91 328 23 28 30  -0.100   0.287  -0.293   0.427
 91 328 23 29 30  -0.083   0.277  -0.312   0.427
 91 328 23 30 30  -0.081   0.262  -0.324   0.426
 91 328 23 31 30  -0.061   0.255  -0.331   0.424
 91 328 23 32 30  -0.074   0.231  -0.345   0.424
 91 328 23 33 30  -0.054   0.181  -0.374   0.423
 91 328 23 34 30  -0.021   0.274  -0.293   0.417
 91 328 23 35 30  -0.005   0.231  -0.334   0.419
 91 328 23 36 30  -0.046   0.271  -0.308   0.415
 91 328 23 37 30   0.022   0.228  -0.353   0.423
 91 328 23 38 30   0.017   0.231  -0.350   0.421
 91 328 23 39 30  -0.013   0.240  -0.340   0.418
 91 328 23 40 30   0.002   0.231  -0.351   0.422
 91 328 23 41 30  -0.001   0.278  -0.315   0.424
 91 328 23 42 30   0.033   0.180  -0.379   0.423
 91 328 23 43 30   0.011   0.209  -0.364   0.421
 91 328 23 44 30   0.013   0.229  -0.348   0.419
 91 328 23 45 30   0.007   0.204  -0.361   0.415
 91 328 23 46 30   0.054   0.176  -0.371   0.415
 91 328 23 47 30   0.088   0.138  -0.379   0.414
 91 328 23 48 30   0.129   0.110  -0.375   0.415
 91 328 23 49 30   0.018   0.158  -0.380   0.413
 91 328 23 50 30  -0.012   0.162  -0.375   0.409
 91 328 23 51 30  -0.010   0.148  -0.379   0.408
 91 328 23 52 30   0.001   0.142  -0.378   0.404
 91 328 23 53 30   0.032   0.078  -0.392   0.405
 91 328 23 54 30   0.002   0.114  -0.388   0.405
 91 328 23 55 30  -0.002   0.108  -0.387   0.403
 91 328 23 56 30  -0.037   0.121  -0.376   0.398
 91 328 23 57 30  -0.012   0.141  -0.375   0.401
 91 328 23 58 30   0.015   0.135  -0.379   0.403
 91 328 23 59 30   0.030   0.159  -0.371   0.405
