 91 329 00 00 30  -0.020   0.145  -0.379   0.407
 91 329 00 01 30  -0.129   0.138  -0.359   0.407
 91 329 00 02 30  -0.129   0.145  -0.358   0.408
 91 329 00 03 30  -0.153   0.130  -0.361   0.413
 91 329 00 04 30  -0.156   0.117  -0.364   0.414
 91 329 00 05 30  -0.171   0.126  -0.356   0.415
 91 329 00 06 30  -0.158   0.123  -0.362   0.414
 91 329 00 07 30  -0.156   0.087  -0.372   0.414
 91 329 00 08 30  -0.145   0.076  -0.378   0.412
 91 329 00 09 30  -0.151   0.079  -0.374   0.411
 91 329 00 10 30  -0.150   0.074  -0.379   0.415
 91 329 00 11 30  -0.130   0.060  -0.391   0.417
 91 329 00 12 30  -0.134   0.048  -0.391   0.417
 91 329 00 13 30  -0.140   0.038  -0.386   0.412
 91 329 00 14 30  -0.118   0.031  -0.391   0.411
 91 329 00 15 30  -0.128   0.051  -0.391   0.416
 91 329 00 16 30  -0.130   0.031  -0.391   0.415
 91 329 00 17 30  -0.133   0.016  -0.393   0.417
 91 329 00 18 30  -0.119  -0.006  -0.400   0.419
 91 329 00 19 30  -0.118  -0.006  -0.395   0.413
 91 329 00 20 30  -0.101   0.010  -0.401   0.416
 91 329 00 21 30  -0.114  -0.027  -0.391   0.415
 91 329 00 22 30  -0.159  -0.060  -0.371   0.408
 91 329 00 23 30  -0.147  -0.037  -0.375   0.405
 91 329 00 24 30  -0.151  -0.028  -0.365   0.397
 91 329 00 25 30  -0.134  -0.044  -0.368   0.396
 91 329 00 26 30  -0.127  -0.030  -0.369   0.392
 91 329 00 27 30  -0.133  -0.038  -0.360   0.388
 91 329 00 28 30  -0.088  -0.035  -0.374   0.389
 91 329 00 29 30  -0.067  -0.007  -0.399   0.406
 91 329 00 30 30  -0.055  -0.042  -0.391   0.398
 91 329 00 31 30  -0.030  -0.084  -0.381   0.393
 91 329 00 32 30   0.042  -0.121  -0.357   0.386
 91 329 00 33 30   0.048  -0.125  -0.341   0.368
 91 329 00 34 30   0.028  -0.123  -0.343   0.366
 91 329 00 35 30   0.030  -0.155  -0.330   0.367
 91 329 00 36 30   0.039  -0.148  -0.322   0.358
 91 329 00 37 30   0.026  -0.153  -0.317   0.355
 91 329 00 38 30   0.007  -0.190  -0.299   0.355
 91 329 00 39 30   0.008  -0.182  -0.300   0.352
 91 329 00 40 30  -0.011  -0.218  -0.273   0.351
 91 329 00 41 30   0.013  -0.252  -0.241   0.362
 91 329 00 42 30   0.041  -0.301  -0.182   0.354
 91 329 01 01 30   0.040   0.052  -0.351   0.357
 91 329 01 02 30   0.033   0.091  -0.343   0.362
 91 329 01 03 30   0.028   0.131  -0.340   0.366
 91 329 01 21 30   0.000   0.130  -0.306   0.333
 91 329 01 22 30   0.003   0.173  -0.288   0.337
 91 329 01 23 30   0.003   0.171  -0.293   0.340
 91 329 01 24 30   0.009   0.150  -0.317   0.351
 91 329 01 25 30   0.014   0.150  -0.308   0.343
 91 329 01 26 30   0.031   0.139  -0.316   0.347
 91 329 01 27 30   0.034   0.141  -0.322   0.354
 91 329 01 28 30   0.035   0.156  -0.315   0.354
 91 329 01 29 30   0.033   0.149  -0.321   0.356
 91 329 01 30 30   0.034   0.141  -0.324   0.356
 91 329 01 31 30   0.014   0.140  -0.323   0.353
 91 329 01 32 30   0.019   0.136  -0.321   0.350
 91 329 01 33 30   0.043   0.125  -0.327   0.358
 91 329 01 34 30  -0.039   0.031  -0.379   0.387
 91 329 01 35 30   0.039   0.183  -0.348   0.398
 91 329 01 36 30  -0.007   0.220  -0.319   0.390
 91 329 01 37 30  -0.074   0.256  -0.282   0.390
 91 329 01 38 30  -0.054   0.275  -0.269   0.389
 91 329 01 39 30  -0.053   0.261  -0.282   0.388
 91 329 01 40 30  -0.052   0.260  -0.278   0.384
 91 329 01 41 30  -0.056   0.257  -0.286   0.389
 91 329 01 42 30  -0.085   0.254  -0.281   0.389
 91 329 01 43 30  -0.082   0.236  -0.289   0.383
 91 329 01 44 30  -0.067   0.226  -0.309   0.389
 91 329 01 45 30  -0.073   0.230  -0.307   0.391
 91 329 01 46 30  -0.063   0.232  -0.304   0.388
 91 329 01 47 30  -0.044   0.207  -0.313   0.378
 91 329 01 48 30  -0.080   0.219  -0.303   0.385
 91 329 01 49 30  -0.036   0.213  -0.326   0.392
 91 329 01 50 30  -0.058   0.204  -0.315   0.381
 91 329 01 51 30  -0.125   0.210  -0.306   0.394
 91 329 01 52 30  -0.133   0.212  -0.312   0.400
 91 329 01 53 30  -0.117   0.215  -0.322   0.406
 91 329 01 54 30  -0.100   0.245  -0.324   0.419
 91 329 01 55 30  -0.113   0.230  -0.325   0.415
 91 329 01 56 30  -0.071   0.240  -0.334   0.418
 91 329 01 57 30  -0.065   0.225  -0.358   0.430
 91 329 01 58 30  -0.069   0.223  -0.340   0.415
 91 329 01 59 30  -0.081   0.254  -0.294   0.398
 91 329 02 00 30  -0.107   0.219  -0.303   0.390
 91 329 02 01 30  -0.134   0.224  -0.311   0.407
 91 329 02 02 30  -0.134   0.226  -0.302   0.401
 91 329 02 03 30  -0.118   0.208  -0.312   0.393
 91 329 02 04 30  -0.108   0.211  -0.319   0.398
 91 329 02 05 30  -0.100   0.195  -0.334   0.400
 91 329 02 06 30  -0.081   0.204  -0.335   0.400
 91 329 02 07 30  -0.080   0.213  -0.332   0.403
 91 329 02 08 30  -0.086   0.209  -0.340   0.408
 91 329 02 09 30  -0.042   0.225  -0.334   0.405
 91 329 02 10 30  -0.033   0.212  -0.345   0.407
 91 329 02 11 30  -0.050   0.203  -0.341   0.401
 91 329 02 12 30  -0.047   0.188  -0.346   0.397
 91 329 02 13 30  -0.045   0.200  -0.354   0.409
 91 329 02 14 30  -0.051   0.194  -0.346   0.400
 91 329 02 15 30  -0.060   0.192  -0.344   0.400
 91 329 02 16 30  -0.056   0.194  -0.353   0.407
 91 329 02 17 30  -0.069   0.201  -0.339   0.401
 91 329 02 18 30  -0.049   0.194  -0.338   0.393
 91 329 02 19 30  -0.045   0.182  -0.353   0.401
 91 329 02 20 30  -0.055   0.185  -0.346   0.397
 91 329 02 21 30  -0.039   0.149  -0.371   0.402
 91 329 02 22 30  -0.023   0.137  -0.379   0.404
 91 329 02 23 30  -0.013   0.137  -0.380   0.405
 91 329 02 24 30   0.012   0.115  -0.389   0.407
 91 329 02 25 30  -0.002   0.133  -0.391   0.414
 91 329 02 26 30   0.006   0.165  -0.380   0.415
 91 329 02 28 30   0.004   0.173  -0.395   0.431
 91 329 02 29 30  -0.090   0.184  -0.350   0.414
 91 329 02 30 30  -0.165   0.195  -0.333   0.421
 91 329 02 31 30  -0.105   0.198  -0.358   0.423
 91 329 02 32 30  -0.072   0.191  -0.366   0.419
 91 329 02 33 30  -0.062   0.184  -0.374   0.422
 91 329 02 34 30  -0.065   0.174  -0.372   0.416
 91 329 02 35 30  -0.068   0.194  -0.360   0.414
 91 329 02 36 30  -0.081   0.195  -0.354   0.413
 91 329 02 37 30  -0.092   0.189  -0.358   0.416
 91 329 02 38 30  -0.077   0.196  -0.361   0.419
 91 329 02 39 30  -0.087   0.205  -0.355   0.419
 91 329 02 40 30  -0.070   0.206  -0.353   0.415
 91 329 02 41 30  -0.047   0.194  -0.365   0.419
 91 329 02 42 30  -0.061   0.152  -0.380   0.414
 91 329 02 43 30  -0.085   0.088  -0.393   0.413
 91 329 02 44 30  -0.100   0.067  -0.390   0.409
 91 329 02 45 30  -0.126   0.087  -0.369   0.401
 91 329 02 46 30  -0.138   0.115  -0.359   0.401
 91 329 02 47 30  -0.157   0.072  -0.358   0.398
 91 329 02 48 30  -0.139   0.091  -0.366   0.403
 91 329 02 49 30  -0.123   0.124  -0.354   0.397
 91 329 02 50 30  -0.106   0.134  -0.344   0.385
 91 329 02 51 30  -0.095   0.142  -0.343   0.384
 91 329 02 52 30  -0.136   0.108  -0.349   0.390
 91 329 02 53 30  -0.137   0.073  -0.353   0.388
 91 329 02 54 30  -0.135   0.015  -0.350   0.376
 91 329 02 55 30  -0.107   0.044  -0.363   0.382
 91 329 02 56 30  -0.133   0.045  -0.361   0.388
 91 329 02 57 30  -0.120   0.044  -0.363   0.385
 91 329 02 58 30  -0.130   0.064  -0.358   0.386
 91 329 02 59 30  -0.120   0.081  -0.356   0.385
 91 329 03 00 30  -0.133   0.091  -0.344   0.380
 91 329 03 01 30  -0.137   0.070  -0.336   0.370
 91 329 03 02 30  -0.125   0.085  -0.338   0.371
 91 329 03 03 30  -0.140   0.077  -0.332   0.369
 91 329 03 04 30  -0.149   0.059  -0.335   0.372
 91 329 03 05 30  -0.152   0.052  -0.324   0.362
 91 329 03 06 30  -0.131   0.066  -0.326   0.358
 91 329 03 07 30  -0.134   0.076  -0.326   0.361
 91 329 03 08 30  -0.126   0.087  -0.327   0.362
 91 329 03 09 30  -0.132   0.085  -0.334   0.369
 91 329 03 10 30  -0.120   0.090  -0.353   0.384
 91 329 03 11 30  -0.107   0.106  -0.346   0.378
 91 329 03 12 30  -0.108   0.120  -0.335   0.373
 91 329 03 13 30  -0.099   0.106  -0.355   0.384
 91 329 03 14 30  -0.103   0.109  -0.355   0.386
 91 329 03 15 30  -0.113   0.107  -0.346   0.379
 91 329 03 16 30  -0.151   0.069  -0.325   0.369
 91 329 03 17 30  -0.193   0.000  -0.289   0.349
 91 329 03 18 30  -0.168   0.045  -0.288   0.344
 91 329 03 19 30  -0.148   0.078  -0.303   0.347
 91 329 03 20 30  -0.162   0.098  -0.285   0.343
 91 329 03 21 30  -0.180   0.055  -0.281   0.339
 91 329 03 22 30  -0.187   0.049  -0.281   0.342
 91 329 03 23 30  -0.188   0.029  -0.262   0.324
 91 329 03 24 30  -0.188   0.045  -0.271   0.333
 91 329 03 25 30  -0.203   0.040  -0.281   0.349
 91 329 03 26 30  -0.189   0.022  -0.282   0.340
 91 329 03 27 30  -0.181   0.009  -0.262   0.319
 91 329 03 28 30  -0.184   0.005  -0.263   0.322
 91 329 03 29 30  -0.185   0.013  -0.261   0.321
 91 329 03 30 30  -0.158   0.026  -0.270   0.316
 91 329 03 31 30  -0.147   0.054  -0.277   0.320
 91 329 03 32 30  -0.162   0.040  -0.259   0.309
 91 329 03 33 30  -0.152   0.056  -0.264   0.310
 91 329 03 34 30  -0.103   0.095  -0.293   0.327
 91 329 03 35 30  -0.089   0.133  -0.324   0.362
 91 329 03 36 30  -0.120   0.131  -0.331   0.376
 91 329 03 37 30  -0.121   0.128  -0.340   0.383
 91 329 03 38 30  -0.125   0.143  -0.348   0.397
 91 329 03 39 30  -0.110   0.125  -0.376   0.412
 91 329 03 40 30  -0.120   0.172  -0.350   0.411
 91 329 03 41 30  -0.071   0.230  -0.339   0.422
 91 329 03 42 30  -0.035   0.247  -0.364   0.445
 91 329 03 43 30  -0.044   0.177  -0.406   0.446
 91 329 03 44 30  -0.046   0.198  -0.401   0.450
 91 329 03 45 30  -0.027   0.229  -0.389   0.453
 91 329 03 46 30  -0.092   0.129  -0.417   0.451
 91 329 03 47 30  -0.133   0.059  -0.436   0.460
 91 329 03 48 30  -0.116   0.098  -0.437   0.463
 91 329 03 49 30  -0.159   0.088  -0.428   0.465
 91 329 03 50 30  -0.131   0.109  -0.434   0.466
 91 329 03 51 30  -0.115   0.142  -0.433   0.470
 91 329 03 52 30  -0.105   0.160  -0.430   0.471
 91 329 03 53 30  -0.093   0.166  -0.432   0.472
 91 329 03 54 30  -0.090   0.159  -0.426   0.464
 91 329 03 55 30  -0.102   0.155  -0.431   0.470
 91 329 03 56 30  -0.101   0.136  -0.432   0.465
 91 329 03 57 30  -0.094   0.160  -0.428   0.468
 91 329 03 58 30  -0.107   0.168  -0.419   0.465
 91 329 03 59 30  -0.119   0.167  -0.413   0.462
 91 329 04 00 30  -0.135   0.173  -0.410   0.466
 91 329 04 01 30  -0.121   0.193  -0.403   0.463
 91 329 04 02 30  -0.101   0.192  -0.407   0.462
 91 329 04 03 30  -0.127   0.201  -0.384   0.453
 91 329 04 04 30  -0.152   0.199  -0.382   0.457
 91 329 04 05 30  -0.157   0.196  -0.383   0.459
 91 329 04 06 30  -0.156   0.196  -0.382   0.457
 91 329 04 07 30  -0.156   0.203  -0.380   0.459
 91 329 04 08 30  -0.120   0.194  -0.398   0.459
 91 329 04 09 30  -0.138   0.201  -0.380   0.452
 91 329 04 10 30  -0.130   0.188  -0.400   0.462
 91 329 04 11 30  -0.128   0.167  -0.427   0.476
 91 329 04 12 30  -0.119   0.177  -0.430   0.481
 91 329 04 13 30  -0.102   0.194  -0.421   0.475
 91 329 04 14 30  -0.091   0.200  -0.413   0.468
 91 329 04 15 30  -0.102   0.210  -0.414   0.475
 91 329 04 16 30  -0.110   0.195  -0.415   0.472
 91 329 04 17 30  -0.114   0.170  -0.417   0.466
 91 329 04 18 30  -0.123   0.184  -0.418   0.473
 91 329 04 19 30  -0.127   0.199  -0.402   0.467
 91 329 04 20 30  -0.135   0.208  -0.412   0.481
 91 329 04 21 30  -0.138   0.223  -0.396   0.476
 91 329 04 22 30  -0.095   0.212  -0.411   0.473
 91 329 04 23 30  -0.082   0.210  -0.414   0.471
 91 329 04 24 30  -0.087   0.205  -0.409   0.467
 91 329 04 25 30  -0.025   0.229  -0.403   0.465
 91 329 04 26 30  -0.054   0.220  -0.400   0.460
 91 329 04 27 30  -0.056   0.220  -0.398   0.459
 91 329 04 28 30  -0.029   0.214  -0.400   0.455
 91 329 04 29 30  -0.030   0.213  -0.400   0.455
 91 329 04 30 30  -0.046   0.204  -0.406   0.457
 91 329 04 31 30  -0.051   0.215  -0.399   0.456
 91 329 04 32 30  -0.055   0.203  -0.400   0.452
 91 329 04 33 30  -0.065   0.194  -0.395   0.445
 91 329 04 34 30  -0.054   0.202  -0.388   0.442
 91 329 04 35 30  -0.056   0.221  -0.390   0.452
 91 329 04 36 30  -0.068   0.226  -0.378   0.446
 91 329 04 37 30  -0.060   0.215  -0.391   0.450
 91 329 04 38 30  -0.056   0.190  -0.409   0.455
 91 329 04 39 30  -0.046   0.187  -0.410   0.453
 91 329 04 40 30  -0.060   0.193  -0.404   0.452
 91 329 04 41 30  -0.070   0.218  -0.388   0.452
 91 329 04 42 30  -0.074   0.238  -0.370   0.447
 91 329 04 43 30  -0.092   0.247  -0.358   0.445
 91 329 04 44 30  -0.091   0.251  -0.348   0.439
 91 329 04 45 30  -0.100   0.271  -0.342   0.448
 91 329 04 46 30  -0.106   0.284  -0.334   0.451
 91 329 04 47 30  -0.107   0.282  -0.326   0.446
 91 329 04 48 30  -0.089   0.301  -0.320   0.449
 91 329 04 49 30  -0.100   0.305  -0.315   0.450
 91 329 04 50 30  -0.095   0.322  -0.306   0.454
 91 329 04 51 30  -0.107   0.314  -0.302   0.449
 91 329 04 52 30  -0.104   0.326  -0.291   0.449
 91 329 04 53 30  -0.099   0.318  -0.293   0.445
 91 329 04 54 30  -0.114   0.388  -0.203   0.454
 91 329 04 55 30  -0.090   0.364  -0.232   0.445
 91 329 04 56 30  -0.108   0.367  -0.226   0.445
 91 329 04 57 30  -0.122   0.367  -0.222   0.446
 91 329 04 58 30  -0.116   0.372  -0.225   0.450
 91 329 04 59 30  -0.135   0.360  -0.231   0.449
 91 329 05 00 30  -0.131   0.360  -0.241   0.453
 91 329 05 01 30  -0.118   0.364  -0.245   0.455
 91 329 05 02 30  -0.124   0.334  -0.283   0.456
 91 329 05 03 30  -0.106   0.362  -0.269   0.465
 91 329 05 04 30  -0.103   0.369  -0.283   0.477
 91 329 05 05 30  -0.123   0.353  -0.288   0.472
 91 329 05 06 30  -0.125   0.334  -0.294   0.462
 91 329 05 07 30  -0.118   0.325  -0.287   0.450
 91 329 05 08 30  -0.116   0.320  -0.291   0.448
 91 329 05 09 30  -0.097   0.331  -0.291   0.451
 91 329 05 10 30  -0.087   0.345  -0.280   0.453
 91 329 05 11 30  -0.110   0.312  -0.324   0.465
 91 329 05 12 30  -0.140   0.264  -0.350   0.461
 91 329 05 13 30  -0.125   0.288  -0.334   0.459
 91 329 05 14 30  -0.133   0.278  -0.341   0.460
 91 329 05 15 30  -0.138   0.289  -0.332   0.461
 91 329 05 16 30  -0.125   0.295  -0.325   0.457
 91 329 05 17 30  -0.128   0.271  -0.351   0.464
 91 329 05 18 30  -0.168   0.359  -0.281   0.486
 91 329 05 19 30  -0.145   0.338  -0.288   0.467
 91 329 05 20 30  -0.149   0.338  -0.290   0.470
 91 329 05 21 30  -0.142   0.335  -0.293   0.468
 91 329 05 22 30  -0.126   0.314  -0.292   0.448
 91 329 05 23 30  -0.115   0.306  -0.295   0.441
 91 329 05 24 30  -0.117   0.299  -0.298   0.439
 91 329 05 25 30  -0.131   0.289  -0.321   0.453
 91 329 05 26 30  -0.131   0.321  -0.290   0.452
 91 329 05 27 30  -0.139   0.303  -0.296   0.446
 91 329 05 28 30  -0.121   0.308  -0.301   0.448
 91 329 05 29 30  -0.128   0.331  -0.271   0.447
 91 329 05 30 30  -0.121   0.321  -0.289   0.449
 91 329 05 31 30  -0.133   0.321  -0.290   0.453
 91 329 05 32 30  -0.117   0.314  -0.311   0.458
 91 329 05 33 30  -0.133   0.307  -0.311   0.457
 91 329 05 34 30  -0.117   0.315  -0.308   0.456
 91 329 05 35 30  -0.120   0.319  -0.304   0.457
 91 329 05 36 30  -0.114   0.316  -0.306   0.455
 91 329 05 37 30  -0.096   0.325  -0.311   0.460
 91 329 05 38 30  -0.079   0.336  -0.304   0.460
 91 329 05 39 30  -0.112   0.346  -0.287   0.465
 91 329 05 40 30  -0.177   0.358  -0.256   0.475
 91 329 05 41 30  -0.121   0.304  -0.351   0.487
 91 329 05 42 30  -0.100   0.263  -0.379   0.472
 91 329 05 43 30  -0.082   0.290  -0.358   0.469
 91 329 05 44 30  -0.086   0.260  -0.372   0.465
 91 329 05 45 30  -0.222   0.150  -0.380   0.467
 91 329 05 46 30  -0.147   0.242  -0.342   0.445
 91 329 05 47 30  -0.128   0.236  -0.354   0.445
 91 329 05 48 30  -0.106   0.263  -0.337   0.441
 91 329 05 49 30  -0.099   0.275  -0.331   0.442
 91 329 05 50 30  -0.096   0.259  -0.346   0.444
 91 329 05 51 30  -0.086   0.259  -0.352   0.446
 91 329 05 52 30  -0.064   0.219  -0.390   0.453
 91 329 05 53 30  -0.046   0.192  -0.408   0.454
 91 329 05 54 30  -0.027   0.173  -0.396   0.437
 91 329 05 55 30  -0.038   0.202  -0.362   0.423
 91 329 05 56 30  -0.034   0.230  -0.321   0.410
 91 329 05 57 30  -0.062   0.384  -0.130   0.422
 91 329 05 58 30  -0.074   0.437  -0.029   0.444
 91 329 05 59 30  -0.081   0.443   0.002   0.451
 91 329 06 00 30  -0.086   0.444  -0.017   0.457
 91 329 06 01 30  -0.043   0.442  -0.127   0.466
 91 329 06 02 30   0.022   0.393  -0.249   0.468
 91 329 06 03 30   0.039   0.372  -0.283   0.469
 91 329 06 04 30   0.047   0.407  -0.221   0.467
 91 329 06 05 30   0.048   0.402  -0.222   0.462
 91 329 06 06 30   0.045   0.404  -0.223   0.466
 91 329 06 07 30   0.012   0.437  -0.176   0.472
 91 329 06 08 30  -0.031   0.429  -0.171   0.464
 91 329 06 09 30  -0.037   0.437  -0.145   0.462
 91 329 06 10 30  -0.027   0.443  -0.129   0.462
 91 329 06 11 30  -0.023   0.451  -0.110   0.465
 91 329 06 12 30  -0.023   0.449  -0.108   0.463
 91 329 06 13 30  -0.011   0.443  -0.106   0.456
 91 329 06 14 30  -0.009   0.440  -0.104   0.452
 91 329 06 15 30  -0.030   0.440  -0.113   0.456
 91 329 06 16 30  -0.010   0.428  -0.146   0.453
 91 329 06 17 30   0.001   0.426  -0.160   0.456
 91 329 06 18 30   0.006   0.433  -0.124   0.452
 91 329 06 19 30   0.020   0.439  -0.089   0.449
 91 329 06 20 30   0.016   0.439  -0.043   0.444
 91 329 06 21 30   0.038   0.436  -0.063   0.443
 91 329 06 22 30   0.044   0.431  -0.055   0.439
 91 329 06 23 30   0.051   0.430  -0.024   0.439
 91 329 06 24 30   0.027   0.426  -0.093   0.438
 91 329 06 25 30   0.005   0.427  -0.119   0.444
 91 329 06 26 30   0.007   0.429  -0.115   0.445
 91 329 06 27 30  -0.040   0.407  -0.150   0.441
 91 329 06 28 30  -0.101   0.375  -0.198   0.437
 91 329 06 29 30  -0.108   0.377  -0.198   0.440
 91 329 06 30 30  -0.126   0.378  -0.190   0.442
 91 329 06 31 30  -0.090   0.390  -0.194   0.447
 91 329 06 32 30  -0.068   0.407  -0.182   0.451
 91 329 06 33 30  -0.074   0.407  -0.173   0.449
 91 329 06 34 30  -0.087   0.400  -0.180   0.447
 91 329 06 35 30  -0.153   0.347  -0.212   0.438
 91 329 06 36 30  -0.179   0.338  -0.213   0.439
 91 329 06 37 30  -0.160   0.351  -0.203   0.436
 91 329 06 38 30  -0.168   0.336  -0.218   0.435
 91 329 06 39 30  -0.190   0.322  -0.224   0.436
 91 329 06 40 30  -0.190   0.320  -0.232   0.439
 91 329 06 41 30  -0.202   0.326  -0.234   0.450
 91 329 06 42 30  -0.203   0.323  -0.238   0.450
 91 329 06 43 30  -0.189   0.330  -0.236   0.448
 91 329 06 44 30  -0.207   0.318  -0.235   0.446
 91 329 06 45 30  -0.212   0.323  -0.218   0.445
 91 329 06 46 30  -0.244   0.296  -0.224   0.445
 91 329 06 47 30  -0.247   0.311  -0.201   0.446
 91 329 06 48 30  -0.259   0.313  -0.178   0.443
 91 329 06 49 30  -0.224   0.354  -0.152   0.447
 91 329 06 50 30  -0.181   0.380  -0.129   0.441
 91 329 06 51 30  -0.149   0.395  -0.138   0.445
 91 329 06 52 30  -0.158   0.392  -0.136   0.445
 91 329 06 53 30  -0.164   0.392  -0.136   0.446
 91 329 06 54 30  -0.157   0.386  -0.146   0.442
 91 329 06 55 30  -0.125   0.390  -0.151   0.437
 91 329 06 56 30  -0.125   0.397  -0.136   0.438
 91 329 06 57 30  -0.126   0.395  -0.156   0.443
 91 329 06 58 30  -0.139   0.388  -0.147   0.438
 91 329 06 59 30  -0.143   0.385  -0.153   0.438
 91 329 07 00 30  -0.139   0.382  -0.157   0.436
 91 329 07 01 30  -0.154   0.387  -0.146   0.442
 91 329 07 02 30  -0.150   0.396  -0.144   0.448
 91 329 07 03 30  -0.150   0.403  -0.118   0.447
 91 329 07 04 30  -0.151   0.408  -0.093   0.445
 91 329 07 05 30  -0.157   0.393  -0.109   0.439
 91 329 07 06 30  -0.178   0.388  -0.070   0.433
 91 329 07 07 30  -0.203   0.374  -0.075   0.433
 91 329 07 08 30  -0.162   0.395  -0.080   0.437
 91 329 07 09 30  -0.101   0.408  -0.110   0.436
 91 329 07 10 30  -0.109   0.404  -0.105   0.432
 91 329 07 11 30  -0.043   0.389  -0.171   0.428
 91 329 07 12 30  -0.040   0.394  -0.164   0.429
 91 329 07 13 30  -0.045   0.402  -0.138   0.428
 91 329 07 14 30  -0.047   0.403  -0.129   0.426
 91 329 07 15 30  -0.047   0.405  -0.135   0.430
 91 329 07 16 30  -0.081   0.409  -0.096   0.432
 91 329 07 17 30  -0.112   0.416  -0.046   0.434
 91 329 07 18 30  -0.120   0.413  -0.003   0.431
 91 329 07 19 30  -0.134   0.409   0.008   0.432
 91 329 07 20 30  -0.126   0.407  -0.051   0.430
 91 329 07 21 30  -0.103   0.397  -0.114   0.426
 91 329 07 22 30  -0.108   0.392  -0.110   0.422
 91 329 07 23 30  -0.099   0.405  -0.036   0.419
 91 329 07 24 30  -0.095   0.410  -0.046   0.424
 91 329 07 25 30  -0.094   0.415  -0.019   0.427
 91 329 07 26 30  -0.116   0.403   0.031   0.425
 91 329 07 27 30  -0.098   0.424  -0.027   0.436
 91 329 07 28 30  -0.109   0.424  -0.030   0.439
 91 329 07 29 30  -0.106   0.415  -0.036   0.431
 91 329 07 30 30  -0.098   0.415  -0.046   0.429
 91 329 07 31 30  -0.093   0.411  -0.053   0.426
 91 329 07 32 30  -0.104   0.410  -0.031   0.425
 91 329 07 33 30  -0.137   0.406   0.009   0.429
 91 329 07 34 30  -0.138   0.397   0.010   0.421
 91 329 07 35 30  -0.153   0.390   0.016   0.420
 91 329 07 36 30  -0.153   0.391   0.012   0.421
 91 329 07 37 30  -0.152   0.390   0.013   0.419
 91 329 07 38 30  -0.160   0.388   0.014   0.420
 91 329 07 39 30  -0.162   0.389   0.008   0.422
 91 329 07 40 30  -0.165   0.392   0.002   0.426
 91 329 07 41 30  -0.171   0.391   0.001   0.427
 91 329 07 42 30  -0.156   0.402  -0.014   0.432
 91 329 07 43 30  -0.151   0.404   0.001   0.432
 91 329 07 44 30  -0.138   0.404  -0.011   0.428
 91 329 07 45 30  -0.158   0.396  -0.025   0.428
 91 329 07 46 30  -0.200   0.407  -0.024   0.456
 91 329 07 47 30  -0.203   0.413   0.042   0.464
 91 329 07 48 30  -0.156   0.393   0.177   0.460
 91 329 07 49 30  -0.111   0.375   0.221   0.450
 91 329 07 50 30  -0.115   0.359   0.221   0.438
 91 329 07 51 30  -0.106   0.340   0.247   0.435
 91 329 07 52 30  -0.133   0.343   0.238   0.439
 91 329 07 53 30  -0.116   0.336   0.240   0.430
 91 329 07 54 30  -0.136   0.338   0.207   0.420
 91 329 07 55 30  -0.133   0.342   0.186   0.412
 91 329 07 56 30  -0.150   0.334   0.168   0.404
 91 329 07 57 30  -0.149   0.329   0.168   0.399
 91 329 07 58 30  -0.143   0.331   0.181   0.404
 91 329 07 59 30  -0.154   0.311   0.202   0.402
 91 329 08 00 30  -0.150   0.317   0.196   0.403
 91 329 08 01 30  -0.161   0.317   0.202   0.409
 91 329 08 02 30  -0.153   0.324   0.200   0.411
 91 329 08 03 30  -0.157   0.313   0.212   0.410
 91 329 08 04 30  -0.152   0.317   0.203   0.406
 91 329 08 05 30  -0.165   0.282   0.241   0.407
 91 329 08 06 30  -0.160   0.308   0.220   0.412
 91 329 08 07 30  -0.193   0.291   0.246   0.428
 91 329 08 08 30  -0.181   0.277   0.248   0.414
 91 329 08 09 30  -0.202   0.260   0.258   0.420
 91 329 08 10 30  -0.197   0.256   0.268   0.421
 91 329 08 11 30  -0.192   0.287   0.241   0.422
 91 329 08 12 30  -0.193   0.294   0.227   0.419
 91 329 08 13 30  -0.179   0.289   0.239   0.416
 91 329 08 14 30  -0.171   0.283   0.241   0.410
 91 329 08 15 30  -0.153   0.249   0.270   0.398
 91 329 08 16 30  -0.158   0.267   0.254   0.401
 91 329 08 17 30  -0.160   0.284   0.240   0.405
 91 329 08 18 30  -0.163   0.280   0.249   0.409
 91 329 08 19 30  -0.159   0.290   0.246   0.413
 91 329 08 20 30  -0.171   0.299   0.227   0.413
 91 329 08 21 30  -0.187   0.280   0.233   0.412
 91 329 08 22 30  -0.218   0.272   0.209   0.408
 91 329 08 23 30  -0.195   0.292   0.197   0.404
 91 329 08 24 30  -0.178   0.296   0.201   0.403
 91 329 08 25 30  -0.167   0.311   0.198   0.407
 91 329 08 26 30  -0.178   0.324   0.162   0.404
 91 329 08 27 30  -0.195   0.325   0.116   0.399
 91 329 08 28 30  -0.164   0.287   0.217   0.400
 91 329 08 29 30  -0.181   0.280   0.237   0.414
 91 329 08 30 30  -0.137   0.238   0.321   0.423
 91 329 08 31 30  -0.118   0.273   0.302   0.425
 91 329 08 32 30  -0.104   0.282   0.297   0.423
 91 329 08 33 30  -0.105   0.292   0.288   0.424
 91 329 08 34 30  -0.080   0.277   0.310   0.424
 91 329 08 35 30  -0.094   0.305   0.287   0.432
 91 329 08 36 30  -0.181   0.359   0.131   0.425
 91 329 08 37 30  -0.168   0.366   0.125   0.422
 91 329 08 41 30  -0.161   0.383   0.038   0.418
 91 329 08 42 30  -0.141   0.376   0.096   0.414
 91 329 08 43 30  -0.118   0.395   0.052   0.417
 91 329 08 44 30  -0.118   0.395   0.040   0.414
 91 329 08 45 30  -0.093   0.402   0.016   0.417
 91 329 08 46 30  -0.045   0.418  -0.044   0.423
 91 329 08 52 30  -0.039   0.419  -0.002   0.421
 91 329 08 53 30  -0.049   0.412   0.009   0.416
 91 329 08 54 30  -0.037   0.409   0.054   0.416
 91 329 08 55 30  -0.059   0.403  -0.040   0.413
 91 329 08 56 30  -0.038   0.403  -0.071   0.412
 91 329 08 57 30  -0.034   0.407  -0.057   0.412
 91 329 08 58 30  -0.050   0.399  -0.084   0.412
 91 329 08 59 30  -0.057   0.395  -0.091   0.410
 91 329 09 00 30  -0.043   0.402  -0.058   0.409
 91 329 09 01 30  -0.043   0.404  -0.052   0.411
 91 329 09 02 30  -0.026   0.412  -0.058   0.418
 91 329 09 03 30  -0.036   0.418  -0.069   0.425
 91 329 09 04 30  -0.018   0.423  -0.042   0.426
 91 329 09 05 30  -0.022   0.415  -0.081   0.424
 91 329 09 06 30  -0.001   0.413  -0.099   0.425
 91 329 09 07 30   0.000   0.410  -0.107   0.425
 91 329 09 08 30   0.014   0.394  -0.144   0.421
 91 329 09 09 30   0.009   0.406  -0.104   0.420
 91 329 09 10 30   0.012   0.412  -0.105   0.426
 91 329 09 11 30   0.019   0.420  -0.086   0.431
 91 329 09 12 30  -0.041   0.444   0.000   0.448
 91 329 09 13 30  -0.039   0.444   0.001   0.447
 91 329 09 14 30  -0.006   0.453  -0.031   0.455
 91 329 09 15 30   0.009   0.450  -0.045   0.452
 91 329 09 16 30   0.017   0.446  -0.067   0.452
 91 329 09 17 30   0.018   0.443  -0.069   0.449
 91 329 09 18 30  -0.001   0.454  -0.029   0.455
 91 329 09 19 30   0.015   0.459  -0.033   0.461
 91 329 09 20 30   0.034   0.446  -0.068   0.453
 91 329 09 21 30   0.055   0.422  -0.132   0.447
 91 329 09 22 30   0.087   0.412  -0.167   0.453
 91 329 09 23 30   0.110   0.358  -0.167   0.411
 91 329 09 24 30   0.076   0.331  -0.166   0.380
 91 329 09 25 30   0.119   0.306  -0.179   0.382
 91 329 09 26 30   0.131   0.264  -0.179   0.348
 91 329 09 27 30   0.114   0.240  -0.184   0.324
 91 329 09 28 30   0.117   0.188  -0.221   0.314
 91 329 09 29 30   0.045   0.239  -0.211   0.324
 91 329 09 30 30  -0.054   0.269  -0.182   0.340
 91 329 09 31 30   0.145   0.176  -0.302   0.386
 91 329 09 32 30   0.180   0.273  -0.251   0.431
 91 329 09 33 30   0.186   0.082  -0.360   0.446
 91 329 09 34 30   0.204   0.171  -0.345   0.458
 91 329 09 35 30   0.155  -0.065  -0.433   0.470
 91 329 09 36 30   0.216   0.113  -0.347   0.462
 91 329 09 37 30   0.281   0.200  -0.309   0.467
 91 329 09 38 30   0.254   0.088  -0.363   0.460
 91 329 09 39 30   0.098  -0.025  -0.434   0.450
 91 329 09 40 30   0.080   0.020  -0.447   0.458
 91 329 09 41 30   0.097  -0.083  -0.429   0.458
 91 329 09 42 30   0.240   0.117  -0.317   0.464
 91 329 09 43 30   0.293   0.145  -0.342   0.474
 91 329 09 44 30   0.262   0.078  -0.389   0.477
 91 329 09 45 30   0.262   0.064  -0.395   0.479
 91 329 09 46 30   0.286   0.035  -0.372   0.471
 91 329 09 47 30   0.278  -0.070  -0.352   0.456
 91 329 09 52 30   0.244  -0.307  -0.164   0.426
 91 329 09 53 30   0.242  -0.316  -0.167   0.433
 91 329 09 54 30   0.232  -0.306  -0.203   0.435
 91 329 09 55 30   0.236  -0.316  -0.187   0.437
 91 329 09 56 30   0.232  -0.304  -0.219   0.441
 91 329 09 57 30   0.244  -0.294  -0.217   0.441
 91 329 09 58 30   0.224  -0.289  -0.225   0.434
 91 329 09 59 30   0.191  -0.276  -0.230   0.413
 91 329 10 00 30   0.234  -0.244  -0.228   0.414
 91 329 10 01 30   0.285  -0.147  -0.300   0.441
 91 329 10 02 30   0.273  -0.094  -0.243   0.406
 91 329 10 03 30   0.224  -0.252   0.078   0.350
 91 329 10 04 30   0.250  -0.230  -0.116   0.362
 91 329 10 05 30   0.282  -0.183  -0.203   0.393
 91 329 10 06 30   0.205  -0.309   0.046   0.380
 91 329 10 07 30   0.137  -0.369   0.108   0.413
 91 329 10 08 30   0.248  -0.331  -0.060   0.432
 91 329 10 09 30   0.316  -0.287  -0.146   0.453
 91 329 10 10 30   0.324  -0.280  -0.193   0.471
 91 329 10 11 30   0.335  -0.267  -0.219   0.481
 91 329 10 12 30   0.328  -0.277  -0.182   0.469
 91 329 10 13 30   0.313  -0.343  -0.026   0.468
 91 329 10 14 30   0.313  -0.320  -0.134   0.468
 91 329 10 15 30   0.310  -0.334  -0.099   0.467
 91 329 10 16 30   0.318  -0.351  -0.116   0.489
 91 329 10 17 30   0.292  -0.361  -0.098   0.475
 91 329 10 19 30   0.333  -0.322  -0.101   0.475
 91 329 10 20 30   0.328  -0.327  -0.125   0.480
 91 329 10 21 30   0.330  -0.325  -0.093   0.473
 91 329 10 22 30   0.369  -0.312  -0.038   0.486
 91 329 10 23 30   0.341  -0.341  -0.063   0.488
 91 329 10 24 30   0.308  -0.376  -0.080   0.495
 91 329 10 25 30   0.293  -0.378  -0.091   0.488
 91 329 10 26 30   0.348  -0.341  -0.100   0.498
 91 329 10 27 30   0.365  -0.318  -0.089   0.493
 91 329 10 28 30   0.309  -0.362  -0.180   0.512
 91 329 10 29 30   0.310  -0.374  -0.156   0.512
 91 329 10 30 30   0.356  -0.356  -0.116   0.518
 91 329 10 31 30   0.321  -0.368  -0.132   0.507
 91 329 10 32 30   0.306  -0.399  -0.152   0.528
 91 329 10 33 30   0.271  -0.415  -0.170   0.525
 91 329 10 34 30   0.298  -0.413  -0.145   0.530
 91 329 10 35 30   0.270  -0.431  -0.160   0.534
 91 329 10 36 30   0.232  -0.429  -0.170   0.517
 91 329 10 37 30   0.252  -0.416  -0.157   0.513
 91 329 10 38 30   0.292  -0.426  -0.144   0.537
 91 329 10 39 30   0.275  -0.433  -0.159   0.538
 91 329 10 40 30   0.268  -0.445  -0.155   0.542
 91 329 10 41 30   0.276  -0.445  -0.156   0.547
 91 329 10 42 30   0.260  -0.455  -0.158   0.547
 91 329 10 43 30   0.277  -0.450  -0.164   0.553
 91 329 10 44 30   0.281  -0.449  -0.155   0.552
 91 329 10 45 30   0.286  -0.448  -0.152   0.553
 91 329 10 46 30   0.262  -0.462  -0.157   0.554
 91 329 10 47 30   0.261  -0.466  -0.148   0.555
 91 329 10 48 30   0.279  -0.454  -0.138   0.551
 91 329 11 05 30   0.321  -0.406  -0.177   0.547
 91 329 11 06 30   0.321  -0.408  -0.186   0.552
 91 329 11 07 30   0.325  -0.397  -0.184   0.546
 91 329 11 08 30   0.327  -0.385  -0.195   0.541
 91 329 11 35 30   0.282   0.243  -0.328   0.497
 91 329 11 36 30   0.267   0.237  -0.345   0.497
 91 329 11 37 30   0.257   0.217  -0.355   0.489
 91 329 11 38 30   0.251   0.250  -0.325   0.481
 91 329 11 39 30   0.249   0.261  -0.314   0.479
 91 329 11 40 30   0.252   0.274  -0.300   0.478
 91 329 11 41 30   0.243   0.288  -0.287   0.474
 91 329 11 42 30   0.239   0.299  -0.266   0.467
 91 329 11 43 30   0.266   0.299  -0.267   0.481
 91 329 11 44 30   0.250   0.315  -0.266   0.483
 91 329 11 45 30   0.267   0.314  -0.261   0.489
 91 329 11 46 30   0.281   0.263  -0.298   0.487
 91 329 11 47 30   0.281   0.246  -0.302   0.482
 91 329 11 48 30   0.275   0.300  -0.256   0.481
 91 329 11 49 30   0.280   0.295  -0.243   0.475
 91 329 11 50 30   0.281   0.321  -0.211   0.476
 91 329 11 51 30   0.303   0.283  -0.251   0.486
 91 329 11 52 30   0.296   0.285  -0.248   0.480
 91 329 11 53 30   0.301   0.274  -0.268   0.488
 91 329 11 54 30   0.323   0.244  -0.270   0.487
 91 329 11 55 30   0.295   0.235  -0.298   0.482
 91 329 11 56 30   0.316   0.201  -0.303   0.482
 91 329 11 57 30   0.312   0.189  -0.313   0.482
 91 329 11 58 30   0.318   0.191  -0.314   0.487
 91 329 11 59 30   0.281   0.220  -0.319   0.479
 91 329 12 00 30   0.307   0.173  -0.324   0.481
 91 329 12 01 30   0.329   0.119  -0.337   0.487
 91 329 12 02 30   0.293   0.160  -0.352   0.486
 91 329 12 03 30   0.301   0.147  -0.342   0.479
 91 329 12 04 30   0.306   0.136  -0.340   0.478
 91 329 12 05 30   0.306   0.125  -0.345   0.478
 91 329 12 06 30   0.275   0.127  -0.368   0.477
 91 329 12 07 30   0.284   0.053  -0.381   0.479
 91 329 12 08 30   0.274   0.091  -0.374   0.474
 91 329 12 09 30   0.287   0.076  -0.358   0.466
 91 329 12 10 30   0.267   0.072  -0.355   0.450
 91 329 12 11 30   0.258   0.059  -0.347   0.438
 91 329 12 12 30   0.269   0.119  -0.325   0.447
 91 329 12 13 30   0.285   0.069  -0.388   0.486
 91 329 12 14 30   0.279   0.089  -0.388   0.487
 91 329 12 15 30   0.268   0.103  -0.364   0.464
 91 329 12 16 30   0.244   0.097  -0.350   0.438
 91 329 12 17 30   0.245   0.089  -0.353   0.439
 91 329 12 18 30   0.257   0.106  -0.351   0.448
 91 329 12 19 30   0.282   0.110  -0.366   0.475
 91 329 12 20 30   0.275   0.099  -0.371   0.473
 91 329 12 21 30   0.260   0.110  -0.357   0.456
 91 329 12 22 30   0.259   0.099  -0.345   0.443
 91 329 12 23 30   0.254   0.112  -0.341   0.440
 91 329 12 24 30   0.245   0.091  -0.348   0.435
 91 329 12 25 30   0.287   0.079  -0.324   0.441
 91 329 12 26 30   0.295   0.090  -0.326   0.449
 91 329 12 27 30   0.299   0.050  -0.335   0.452
 91 329 12 28 30   0.305   0.041  -0.326   0.449
 91 329 12 29 30   0.312   0.039  -0.318   0.447
 91 329 12 30 30   0.293   0.047  -0.307   0.427
 91 329 12 31 30   0.263   0.052  -0.330   0.426
 91 329 12 32 30   0.265   0.078  -0.336   0.435
 91 329 12 33 30   0.285   0.084  -0.320   0.437
 91 329 12 34 30   0.287   0.080  -0.313   0.432
 91 329 12 35 30   0.303   0.089  -0.297   0.434
 91 329 12 36 30   0.306   0.066  -0.297   0.432
 91 329 12 37 30   0.301   0.082  -0.300   0.433
 91 329 12 38 30   0.293   0.074  -0.314   0.436
 91 329 12 39 30   0.296   0.062  -0.314   0.436
 91 329 12 40 30   0.288   0.064  -0.324   0.439
 91 329 12 41 30   0.286   0.056  -0.327   0.438
 91 329 12 42 30   0.289   0.067  -0.324   0.441
 91 329 12 43 30   0.277   0.074  -0.333   0.440
 91 329 12 44 30   0.262   0.060  -0.353   0.444
 91 329 12 45 30   0.245   0.056  -0.361   0.440
 91 329 12 46 30   0.236   0.057  -0.371   0.443
 91 329 12 47 30   0.238   0.068  -0.355   0.436
 91 329 12 48 30   0.200   0.036  -0.354   0.418
 91 329 12 49 30   0.053  -0.072  -0.379   0.394
 91 329 12 50 30   0.019  -0.082  -0.380   0.390
 91 329 12 51 30   0.079  -0.029  -0.382   0.392
 91 329 12 52 30   0.083  -0.043  -0.381   0.393
 91 329 12 53 30   0.073  -0.048  -0.376   0.387
 91 329 12 54 30   0.087  -0.033  -0.381   0.393
 91 329 12 55 30   0.064  -0.076  -0.379   0.392
 91 329 12 56 30   0.063  -0.045  -0.378   0.388
 91 329 12 57 30   0.123  -0.043  -0.361   0.387
 91 329 12 58 30   0.071  -0.024  -0.372   0.384
 91 329 12 59 30   0.109   0.010  -0.382   0.398
 91 329 13 00 30   0.161   0.046  -0.382   0.417
 91 329 13 01 30   0.281   0.144  -0.269   0.427
 91 329 13 02 30   0.331   0.172  -0.233   0.440
 91 329 13 03 30   0.297   0.162  -0.280   0.440
 91 329 13 04 30   0.288   0.151  -0.299   0.442
 91 329 13 05 30   0.278   0.131  -0.318   0.443
 91 329 13 06 30   0.262   0.112  -0.332   0.438
 91 329 13 07 30   0.240   0.096  -0.349   0.435
 91 329 13 08 30   0.226   0.085  -0.354   0.428
 91 329 13 09 30   0.234   0.109  -0.332   0.421
 91 329 13 10 30   0.228   0.065  -0.342   0.419
 91 329 13 11 30   0.048  -0.030  -0.363   0.413
 91 329 13 12 30  -0.088  -0.154  -0.362   0.403
 91 329 13 13 30  -0.009  -0.083  -0.401   0.410
 91 329 13 14 30   0.005  -0.079  -0.409   0.417
 91 329 13 15 30  -0.005  -0.072  -0.392   0.400
 91 329 13 16 30   0.031   0.001  -0.376   0.379
 91 329 13 17 30   0.106   0.069  -0.347   0.372
 91 329 13 18 30   0.079   0.022  -0.365   0.375
 91 329 13 19 30   0.105   0.064  -0.351   0.373
 91 329 13 20 30   0.145   0.106  -0.348   0.395
 91 329 13 21 30   0.003   0.009  -0.404   0.408
 91 329 13 22 30   0.043   0.055  -0.396   0.407
 91 329 13 23 30   0.093   0.114  -0.382   0.410
 91 329 13 24 30   0.122   0.114  -0.374   0.410
 91 329 13 25 30   0.122   0.092  -0.378   0.409
 91 329 13 26 30   0.116   0.059  -0.382   0.405
 91 329 13 27 30   0.110   0.051  -0.390   0.410
 91 329 13 28 30   0.027   0.045  -0.376   0.385
 91 329 13 29 30  -0.007   0.021  -0.372   0.374
 91 329 13 30 30  -0.003   0.010  -0.379   0.380
 91 329 13 31 30   0.023   0.005  -0.381   0.383
 91 329 13 32 30   0.033  -0.003  -0.373   0.376
 91 329 13 33 30   0.129   0.129  -0.345   0.393
 91 329 13 34 30   0.082   0.097  -0.377   0.399
 91 329 13 35 30  -0.048   0.052  -0.402   0.410
 91 329 13 36 30  -0.032   0.098  -0.390   0.404
 91 329 13 37 30  -0.008   0.094  -0.398   0.410
 91 329 13 38 30  -0.018   0.076  -0.400   0.407
 91 329 13 39 30   0.006   0.075  -0.398   0.406
 91 329 13 40 30  -0.004   0.097  -0.395   0.408
 91 329 13 41 30  -0.004   0.102  -0.398   0.412
 91 329 13 42 30  -0.017   0.113  -0.387   0.408
 91 329 13 43 30   0.003   0.093  -0.378   0.393
 91 329 13 44 30  -0.066   0.087  -0.358   0.378
 91 329 13 45 30   0.029   0.091  -0.338   0.380
 91 329 13 46 30  -0.019   0.088  -0.387   0.400
 91 329 13 47 30  -0.027   0.107  -0.389   0.405
 91 329 13 48 30  -0.013   0.119  -0.384   0.403
 91 329 13 49 30  -0.008   0.130  -0.381   0.403
 91 329 13 50 30  -0.004   0.136  -0.365   0.390
 91 329 13 51 30  -0.001   0.145  -0.349   0.378
 91 329 13 52 30   0.014   0.151  -0.353   0.385
 91 329 13 53 30   0.023   0.165  -0.336   0.377
 91 329 13 54 30   0.053   0.139  -0.324   0.357
 91 329 13 55 30   0.080   0.160  -0.318   0.365
 91 329 13 56 30   0.073   0.190  -0.320   0.380
 91 329 13 57 30   0.069   0.181  -0.324   0.378
 91 329 13 58 30   0.078   0.159  -0.323   0.369
 91 329 13 59 30   0.085   0.199  -0.284   0.359
 91 329 14 00 30   0.088   0.245  -0.238   0.354
 91 329 14 01 30   0.095   0.259  -0.224   0.356
 91 329 14 02 30   0.097   0.264  -0.241   0.371
 91 329 14 03 30   0.072   0.292  -0.185   0.357
 91 329 14 04 30   0.076   0.226  -0.256   0.354
 91 329 14 05 30   0.067   0.182  -0.274   0.336
 91 329 14 06 30   0.048   0.230  -0.278   0.365
 91 329 14 07 30   0.049   0.245  -0.276   0.374
 91 329 14 08 30   0.039   0.198  -0.355   0.410
 91 329 14 09 30   0.061   0.195  -0.368   0.421
 91 329 14 10 30   0.048   0.176  -0.384   0.426
 91 329 14 11 30   0.077   0.151  -0.391   0.427
 91 329 14 12 30   0.080   0.100  -0.398   0.420
 91 329 14 13 30   0.094   0.165  -0.338   0.395
 91 329 14 14 30   0.108   0.207  -0.317   0.396
 91 329 14 15 30   0.102   0.206  -0.313   0.390
 91 329 14 16 30   0.176   0.277  -0.068   0.382
 91 329 14 17 30   0.208   0.300  -0.078   0.384
 91 329 14 18 30   0.188   0.305  -0.119   0.379
 91 329 14 19 30   0.184   0.312  -0.116   0.381
 91 329 14 20 30   0.178   0.323  -0.112   0.388
 91 329 14 21 30   0.168   0.345  -0.049   0.390
 91 329 14 22 30   0.164   0.349   0.002   0.386
 91 329 14 23 30   0.142   0.344  -0.009   0.373
 91 329 14 24 30   0.108   0.359   0.033   0.380
 91 329 14 25 30   0.121   0.359  -0.031   0.382
 91 329 14 26 30   0.104   0.364  -0.099   0.392
 91 329 14 27 30   0.098   0.360  -0.125   0.394
 91 329 14 28 30   0.104   0.363  -0.115   0.395
 91 329 14 29 30   0.102   0.362  -0.121   0.395
 91 329 14 30 30   0.083   0.332  -0.169   0.384
 91 329 14 31 30   0.089   0.331  -0.165   0.381
 91 329 14 32 30   0.105   0.330  -0.153   0.379
 91 329 14 33 30   0.102   0.332  -0.155   0.381
 91 329 14 34 30   0.098   0.333  -0.155   0.381
 91 329 14 35 30   0.082   0.337  -0.170   0.387
 91 329 14 36 30   0.075   0.340  -0.172   0.389
 91 329 14 37 30   0.081   0.342  -0.148   0.383
 91 329 14 38 30   0.062   0.334  -0.187   0.388
 91 329 14 39 30   0.056   0.316  -0.210   0.385
 91 329 14 40 30   0.058   0.312  -0.203   0.377
 91 329 14 41 30   0.035   0.247  -0.248   0.359
 91 329 14 42 30  -0.047   0.096  -0.302   0.321
 91 329 14 43 30  -0.037   0.133  -0.275   0.309
 91 329 14 44 30  -0.008   0.227  -0.242   0.337
 91 329 14 45 30   0.007   0.247  -0.219   0.331
 91 329 14 46 30  -0.019   0.201  -0.258   0.328
 91 329 14 47 30  -0.031   0.148  -0.273   0.314
 91 329 14 48 30  -0.047   0.134  -0.272   0.309
 91 329 14 49 30   0.003   0.225  -0.222   0.322
 91 329 14 50 30   0.049   0.289  -0.143   0.330
 91 329 14 51 30   0.081   0.290  -0.122   0.327
 91 329 14 52 30   0.057   0.294  -0.136   0.331
 91 329 14 53 30   0.054   0.263  -0.187   0.331
 91 329 14 54 30   0.043   0.343  -0.017   0.351
 91 329 14 55 30   0.050   0.356   0.041   0.363
 91 329 14 56 30   0.031   0.350   0.042   0.359
 91 329 14 57 30   0.050   0.353   0.034   0.360
 91 329 14 58 30   0.071   0.357   0.006   0.365
 91 329 14 59 30   0.076   0.357  -0.004   0.366
 91 329 15 00 30   0.077   0.359  -0.008   0.367
 91 329 15 01 30   0.082   0.352   0.001   0.364
 91 329 15 02 30   0.097   0.308  -0.123   0.348
 91 329 15 03 30   0.107   0.300  -0.135   0.347
 91 329 15 04 30   0.085   0.338  -0.088   0.360
 91 329 15 05 30   0.085   0.339  -0.070   0.361
 91 329 15 06 30   0.091   0.338  -0.037   0.354
 91 329 15 07 30   0.077   0.347  -0.035   0.359
 91 329 15 08 30   0.053   0.352  -0.035   0.358
 91 329 15 09 30   0.087   0.359  -0.033   0.373
 91 329 15 10 30   0.113   0.354   0.063   0.378
 91 329 15 11 30   0.116   0.350   0.051   0.376
 91 329 15 12 30   0.105   0.343   0.097   0.373
 91 329 15 13 30   0.072   0.381   0.038   0.390
 91 329 15 14 30   0.082   0.366   0.046   0.379
 91 329 15 15 30   0.074   0.341   0.100   0.372
 91 329 15 16 30   0.076   0.364  -0.060   0.377
 91 329 15 17 30   0.078   0.382  -0.047   0.393
 91 329 15 18 30   0.093   0.379  -0.031   0.392
 91 329 15 19 30   0.094   0.377  -0.026   0.390
 91 329 15 20 30   0.103   0.377  -0.025   0.392
 91 329 15 21 30   0.112   0.367  -0.034   0.385
 91 329 15 22 30   0.117   0.327  -0.094   0.364
 91 329 15 23 30   0.153   0.280  -0.159   0.357
 91 329 15 24 30   0.185   0.183  -0.226   0.355
 91 329 15 25 30   0.186   0.154  -0.254   0.356
 91 329 15 26 30   0.162   0.195  -0.238   0.351
 91 329 15 27 30   0.174   0.236  -0.189   0.358
 91 329 15 28 30   0.097   0.347  -0.062   0.375
 91 329 15 29 30   0.102   0.359  -0.041   0.377
 91 329 15 30 30   0.120   0.361  -0.026   0.382
 91 329 15 31 30   0.115   0.369   0.006   0.387
 91 329 15 32 30   0.085   0.373   0.025   0.383
 91 329 15 33 30   0.110   0.365  -0.011   0.386
 91 329 15 34 30   0.126   0.361  -0.111   0.399
 91 329 15 35 30   0.123   0.367  -0.078   0.397
 91 329 15 36 30   0.101   0.388  -0.004   0.403
 91 329 15 37 30   0.113   0.384  -0.010   0.401
 91 329 15 38 30   0.103   0.401  -0.008   0.415
 91 329 15 39 30   0.107   0.404   0.025   0.419
 91 329 15 40 30   0.081   0.406   0.017   0.414
 91 329 15 41 30   0.079   0.406   0.038   0.416
 91 329 15 42 30   0.075   0.399   0.033   0.408
 91 329 15 43 30   0.051   0.397   0.019   0.401
 91 329 15 44 30   0.055   0.388   0.046   0.396
 91 329 15 45 30   0.053   0.395   0.028   0.400
 91 329 15 46 30   0.061   0.393   0.025   0.399
 91 329 15 47 30   0.069   0.390   0.031   0.397
 91 329 15 48 30   0.069   0.389   0.035   0.397
 91 329 15 49 30   0.050   0.389   0.044   0.395
 91 329 15 50 30   0.057   0.380   0.043   0.387
 91 329 15 51 30   0.084   0.379   0.030   0.390
 91 329 15 52 30   0.098   0.382   0.012   0.395
 91 329 15 53 30   0.073   0.384   0.030   0.393
 91 329 15 54 30   0.105   0.378   0.050   0.396
 91 329 15 55 30   0.095   0.381   0.053   0.396
 91 329 15 56 30   0.096   0.380   0.034   0.395
 91 329 15 57 30   0.082   0.380   0.036   0.393
 91 329 15 58 30   0.049   0.381   0.053   0.389
 91 329 15 59 30   0.002   0.390   0.081   0.398
 91 329 16 00 30  -0.010   0.387   0.090   0.398
 91 329 16 01 30  -0.021   0.385   0.083   0.396
 91 329 16 02 30  -0.022   0.382   0.090   0.393
 91 329 16 03 30  -0.014   0.371   0.121   0.391
 91 329 16 04 30   0.006   0.361   0.131   0.386
 91 329 16 05 30   0.020   0.386   0.071   0.394
 91 329 16 06 30   0.022   0.374   0.091   0.387
 91 329 16 07 30   0.029   0.373   0.041   0.378
 91 329 16 08 30   0.024   0.368   0.073   0.376
 91 329 16 09 30   0.022   0.367   0.058   0.374
 91 329 16 10 30   0.034   0.386   0.032   0.390
 91 329 16 11 30   0.050   0.392  -0.011   0.395
 91 329 16 12 30   0.063   0.388  -0.044   0.396
 91 329 16 13 30   0.038   0.391  -0.066   0.398
 91 329 16 14 30   0.048   0.384   0.001   0.388
 91 329 16 15 30   0.051   0.377   0.036   0.383
 91 329 16 16 30   0.054   0.376   0.073   0.388
 91 329 16 17 30   0.051   0.384   0.071   0.394
 91 329 16 18 30   0.044   0.379   0.066   0.388
 91 329 16 19 30   0.083   0.348   0.133   0.384
 91 329 16 20 30   0.073   0.349   0.125   0.379
 91 329 16 21 30   0.074   0.353   0.109   0.378
 91 329 16 22 30   0.071   0.357   0.089   0.375
 91 329 16 23 30   0.059   0.359   0.089   0.376
 91 329 16 24 30   0.059   0.367   0.081   0.381
 91 329 16 25 30   0.052   0.360   0.101   0.379
 91 329 16 26 30   0.049   0.347   0.125   0.373
 91 329 16 27 30   0.047   0.336   0.159   0.377
 91 329 16 28 30   0.069   0.361   0.112   0.384
 91 329 16 29 30   0.064   0.350   0.141   0.383
 91 329 16 30 30   0.050   0.354   0.139   0.384
 91 329 16 31 30   0.048   0.353   0.145   0.385
 91 329 16 32 30   0.023   0.360   0.126   0.382
 91 329 16 33 30   0.036   0.329   0.171   0.375
 91 329 16 34 30   0.036   0.328   0.168   0.371
 91 329 16 35 30   0.029   0.337   0.152   0.372
 91 329 16 36 30   0.005   0.326   0.151   0.363
 91 329 16 37 30   0.003   0.335   0.127   0.361
 91 329 16 38 30  -0.035   0.337   0.112   0.358
 91 329 16 39 30  -0.017   0.346   0.069   0.354
 91 329 16 40 30   0.009   0.355   0.065   0.362
 91 329 16 41 30   0.023   0.353   0.081   0.364
 91 329 16 42 30   0.034   0.360  -0.027   0.367
 91 329 16 43 30   0.036   0.362  -0.033   0.366
 91 329 16 44 30   0.043   0.370  -0.045   0.375
 91 329 16 45 30   0.045   0.370  -0.045   0.376
 91 329 16 46 30   0.047   0.366  -0.043   0.372
 91 329 16 47 30   0.062   0.361  -0.058   0.371
 91 329 16 48 30   0.072   0.352  -0.075   0.367
 91 329 16 49 30   0.081   0.336  -0.079   0.355
 91 329 16 50 30   0.092   0.351  -0.036   0.366
 91 329 16 51 30   0.075   0.353   0.041   0.364
 91 329 16 52 30   0.082   0.353   0.033   0.364
 91 329 16 53 30   0.078   0.354   0.027   0.364
 91 329 16 54 30   0.072   0.354   0.021   0.363
 91 329 16 55 30   0.076   0.355   0.009   0.364
 91 329 16 56 30   0.103   0.344   0.024   0.360
 91 329 16 57 30   0.103   0.348   0.024   0.364
 91 329 16 58 30   0.095   0.350   0.008   0.363
 91 329 16 59 30   0.086   0.355  -0.001   0.366
 91 329 17 00 30   0.096   0.348   0.003   0.361
 91 329 17 01 30   0.083   0.350   0.016   0.360
 91 329 17 02 30   0.076   0.351   0.040   0.362
 91 329 17 03 30   0.085   0.354   0.066   0.371
 91 329 17 04 30   0.083   0.349   0.088   0.370
 91 329 17 05 30   0.099   0.339   0.106   0.370
 91 329 17 06 30   0.102   0.338   0.090   0.364
 91 329 17 07 30   0.096   0.332   0.111   0.364
 91 329 17 08 30   0.093   0.314   0.115   0.356
 91 329 17 09 30   0.038   0.329   0.083   0.342
 91 329 17 10 30   0.042   0.333   0.085   0.347
 91 329 17 11 30   0.055   0.305   0.171   0.358
 91 329 17 12 30   0.058   0.304   0.172   0.358
 91 329 17 13 30   0.046   0.313   0.169   0.359
 91 329 17 14 30   0.035   0.292   0.194   0.359
 91 329 17 15 30   0.001   0.321   0.176   0.371
 91 329 17 16 30   0.003   0.327   0.185   0.376
 91 329 17 17 30  -0.001   0.334   0.160   0.371
 91 329 17 18 30   0.003   0.351   0.166   0.389
 91 329 17 19 30  -0.002   0.354   0.160   0.389
 91 329 17 20 30  -0.013   0.360   0.151   0.391
 91 329 17 21 30  -0.016   0.351   0.159   0.386
 91 329 17 22 30  -0.020   0.358   0.152   0.390
 91 329 17 23 30  -0.029   0.344   0.187   0.393
 91 329 17 24 30  -0.050   0.321   0.200   0.383
 91 329 17 25 30  -0.076   0.277   0.251   0.384
 91 329 17 26 30  -0.065   0.215   0.307   0.381
 91 329 17 27 30  -0.049   0.271   0.269   0.385
 91 329 17 28 30  -0.039   0.291   0.250   0.386
 91 329 17 29 30  -0.026   0.302   0.234   0.384
 91 329 17 30 30  -0.005   0.326   0.202   0.385
 91 329 17 31 30   0.008   0.323   0.220   0.392
 91 329 17 32 30   0.051   0.339   0.193   0.394
 91 329 17 33 30   0.044   0.354   0.157   0.394
 91 329 17 34 30  -0.028   0.300   0.236   0.385
 91 329 17 35 30  -0.041   0.299   0.239   0.385
 91 329 17 36 30  -0.045   0.314   0.223   0.388
 91 329 17 37 30  -0.040   0.269   0.267   0.382
 91 329 17 38 30  -0.032   0.299   0.210   0.367
 91 329 17 39 30  -0.023   0.279   0.223   0.358
 91 329 17 40 30  -0.034   0.271   0.257   0.377
 91 329 17 41 30  -0.005   0.316   0.151   0.360
 91 329 17 42 30   0.017   0.336   0.104   0.353
 91 329 17 43 30   0.016   0.342   0.038   0.353
 91 329 17 44 30   0.019   0.336  -0.182   0.386
 91 329 17 45 30   0.020   0.280  -0.233   0.371
 91 329 17 46 30   0.039   0.303   0.086   0.385
 91 329 17 47 30  -0.007   0.202   0.339   0.396
 91 329 17 48 30   0.016   0.236   0.315   0.397
 91 329 17 49 30   0.014   0.252   0.305   0.397
 91 329 17 50 30   0.014   0.236   0.319   0.398
 91 329 17 51 30  -0.008   0.219   0.327   0.396
 91 329 17 52 30  -0.028   0.214   0.335   0.399
 91 329 17 53 30  -0.018   0.248   0.316   0.402
 91 329 17 54 30  -0.016   0.250   0.313   0.402
 91 329 17 55 30  -0.008   0.273   0.292   0.403
 91 329 17 56 30   0.025   0.306   0.251   0.397
 91 329 17 57 30   0.029   0.317   0.234   0.397
 91 329 17 58 30   0.022   0.326   0.246   0.409
 91 329 17 59 30   0.015   0.305   0.275   0.411
 91 329 18 00 30  -0.001   0.323   0.257   0.413
 91 329 18 01 30   0.002   0.323   0.249   0.408
 91 329 18 02 30   0.004   0.326   0.246   0.409
 91 329 18 03 30   0.023   0.354   0.213   0.415
 91 329 18 04 30   0.030   0.380   0.193   0.428
 91 329 18 05 30   0.038   0.393   0.172   0.431
 91 329 18 06 30   0.039   0.396   0.164   0.431
 91 329 18 07 30   0.069   0.385  -0.037   0.437
 91 329 18 08 30   0.083   0.397  -0.143   0.438
 91 329 18 09 30   0.053   0.419  -0.123   0.442
 91 329 18 10 30   0.089   0.424  -0.076   0.441
 91 329 18 11 30   0.074   0.423  -0.062   0.441
 91 329 18 12 30   0.065   0.429  -0.063   0.441
 91 329 18 13 30   0.043   0.433  -0.050   0.439
 91 329 18 14 30   0.025   0.436  -0.037   0.439
 91 329 18 15 30   0.079   0.435  -0.012   0.443
 91 329 18 16 30   0.027   0.435   0.017   0.437
 91 329 18 17 30   0.101   0.423   0.004   0.437
 91 329 18 18 30   0.040   0.436   0.051   0.441
 91 329 18 19 30   0.046   0.432   0.054   0.438
 91 329 18 20 30   0.021   0.437   0.035   0.440
 91 329 18 21 30   0.053   0.437   0.040   0.444
 91 329 18 22 30   0.072   0.430   0.060   0.440
 91 329 18 23 30   0.087   0.419   0.079   0.436
 91 329 18 24 30   0.108   0.424   0.042   0.440
 91 329 18 25 30   0.100   0.426   0.032   0.439
 91 329 18 26 30   0.098   0.427  -0.006   0.440
 91 329 18 27 30   0.097   0.421   0.043   0.437
 91 329 18 28 30   0.087   0.397   0.154   0.445
 91 329 18 29 30   0.072   0.389   0.216   0.451
 91 329 18 30 30   0.079   0.384   0.227   0.453
 91 329 18 31 30   0.087   0.410   0.167   0.452
 91 329 18 32 30   0.084   0.417   0.143   0.449
 91 329 18 33 30   0.076   0.425   0.128   0.450
 91 329 18 34 30   0.082   0.424   0.112   0.448
 91 329 18 35 30   0.078   0.430   0.085   0.446
 91 329 18 36 30   0.079   0.426   0.065   0.438
 91 329 18 37 30   0.084   0.428   0.046   0.439
 91 329 18 38 30   0.101   0.424   0.065   0.441
 91 329 18 39 30   0.064   0.420   0.086   0.434
 91 329 18 40 30   0.068   0.414   0.117   0.437
 91 329 18 41 30   0.061   0.424   0.091   0.438
 91 329 18 42 30   0.023   0.424   0.065   0.430
 91 329 18 43 30   0.067   0.399   0.090   0.415
 91 329 18 44 30   0.044   0.406   0.084   0.418
 91 329 18 45 30  -0.014   0.398   0.071   0.406
 91 329 18 46 30  -0.003   0.400   0.061   0.405
 91 329 18 47 30   0.034   0.399   0.076   0.408
 91 329 18 48 30   0.070   0.393   0.084   0.409
 91 329 18 49 30   0.064   0.400   0.081   0.414
 91 329 18 50 30   0.060   0.392   0.106   0.412
 91 329 18 51 30   0.060   0.395   0.079   0.408
 91 329 18 52 30   0.030   0.409   0.052   0.416
 91 329 18 53 30   0.055   0.403   0.076   0.414
 91 329 18 54 30   0.041   0.418   0.082   0.428
 91 329 18 55 30   0.040   0.429   0.047   0.434
 91 329 18 56 30   0.060   0.428   0.043   0.435
 91 329 18 57 30   0.076   0.407   0.046   0.417
 91 329 18 58 30   0.063   0.411   0.035   0.417
 91 329 18 59 30   0.045   0.412   0.026   0.415
 91 329 19 00 30   0.046   0.412   0.017   0.415
 91 329 19 01 30   0.061   0.412   0.014   0.417
 91 329 19 02 30   0.057   0.415   0.009   0.419
 91 329 19 03 30   0.065   0.412   0.003   0.417
 91 329 19 04 30   0.059   0.408  -0.031   0.414
 91 329 19 05 30   0.075   0.418  -0.018   0.425
 91 329 19 06 30   0.090   0.417  -0.011   0.427
 91 329 19 07 30   0.096   0.410  -0.006   0.422
 91 329 19 08 30   0.097   0.408  -0.019   0.420
 91 329 19 09 30   0.088   0.407  -0.019   0.418
 91 329 19 10 30   0.122   0.398  -0.013   0.417
 91 329 19 11 30   0.134   0.397  -0.007   0.419
 91 329 19 13 30   0.124   0.400  -0.036   0.420
 91 329 19 14 30   0.126   0.403  -0.021   0.424
 91 329 19 15 30   0.131   0.396   0.035   0.420
 91 329 19 16 30   0.109   0.405   0.011   0.421
 91 329 19 17 30   0.115   0.400   0.005   0.417
 91 329 19 18 30   0.096   0.409   0.006   0.421
 91 329 19 19 30   0.106   0.405   0.013   0.419
 91 329 19 20 30   0.092   0.409   0.004   0.420
 91 329 19 21 30   0.108   0.400   0.008   0.415
 91 329 19 22 30   0.102   0.404   0.021   0.418
 91 329 19 23 30   0.062   0.408   0.031   0.414
 91 329 19 24 30   0.114   0.407  -0.017   0.423
 91 329 19 25 30   0.153   0.389  -0.041   0.420
 91 329 19 26 30   0.154   0.393  -0.023   0.424
 91 329 19 27 30   0.191   0.385  -0.023   0.432
 91 329 19 28 30   0.161   0.403   0.016   0.435
 91 329 19 29 30   0.165   0.406   0.017   0.439
 91 329 19 30 30   0.141   0.409   0.001   0.433
 91 329 19 31 30   0.144   0.412  -0.018   0.437
 91 329 19 32 30   0.165   0.406  -0.016   0.440
 91 329 19 33 30   0.186   0.381  -0.098   0.436
 91 329 19 34 30   0.168   0.396  -0.088   0.440
 91 329 19 35 30   0.175   0.384  -0.086   0.431
 91 329 19 36 30   0.171   0.383  -0.084   0.428
 91 329 19 37 30   0.175   0.378  -0.089   0.426
 91 329 19 38 30   0.171   0.379  -0.069   0.422
 91 329 19 39 30   0.177   0.370  -0.079   0.418
 91 329 19 40 30   0.183   0.366  -0.095   0.422
 91 329 19 41 30   0.205   0.378  -0.047   0.432
 91 329 19 42 30   0.204   0.377  -0.041   0.431
 91 329 19 43 30   0.206   0.378  -0.036   0.432
 91 329 19 44 30   0.195   0.384  -0.035   0.432
 91 329 19 45 30   0.190   0.390  -0.044   0.436
 91 329 19 46 30   0.193   0.383  -0.053   0.433
 91 329 19 47 30   0.152   0.395  -0.083   0.432
 91 329 19 48 30   0.162   0.380  -0.114   0.429
 91 329 19 49 30   0.179   0.366  -0.116   0.424
 91 329 19 50 30   0.182   0.371  -0.111   0.428
 91 329 19 51 30   0.178   0.365  -0.117   0.423
 91 329 19 52 30   0.216   0.345  -0.116   0.424
 91 329 19 53 30   0.188   0.348  -0.152   0.424
 91 329 19 54 30   0.197   0.346  -0.155   0.427
 91 329 19 55 30   0.194   0.341  -0.152   0.421
 91 329 19 56 30   0.180   0.344  -0.158   0.419
 91 329 19 57 30   0.171   0.341  -0.175   0.421
 91 329 19 58 30   0.199   0.322  -0.184   0.422
 91 329 19 59 30   0.188   0.332  -0.185   0.424
 91 329 20 00 30   0.182   0.318  -0.200   0.419
 91 329 20 01 30   0.181   0.293  -0.227   0.414
 91 329 20 02 30   0.169   0.275  -0.253   0.411
 91 329 20 03 30   0.198   0.318  -0.203   0.426
 91 329 20 04 30   0.177   0.326  -0.204   0.423
 91 329 20 05 30   0.187   0.322  -0.208   0.426
 91 329 20 06 30   0.200   0.298  -0.217   0.420
 91 329 20 07 30   0.197   0.290  -0.221   0.415
 91 329 20 08 30   0.189   0.293  -0.235   0.420
 91 329 20 09 30   0.184   0.304  -0.219   0.418
 91 329 20 10 30   0.189   0.293  -0.219   0.413
 91 329 20 11 30   0.174   0.302  -0.225   0.415
 91 329 20 12 30   0.164   0.293  -0.232   0.409
 91 329 20 13 30   0.160   0.276  -0.233   0.396
 91 329 20 14 30   0.121   0.331  -0.189   0.401
 91 329 20 15 30   0.089   0.372  -0.115   0.401
 91 329 20 16 30   0.094   0.382  -0.091   0.406
 91 329 20 17 30   0.130   0.383  -0.007   0.406
 91 329 20 18 30   0.139   0.378  -0.055   0.407
 91 329 20 19 30   0.114   0.389  -0.075   0.415
 91 329 20 20 30   0.062   0.406  -0.036   0.413
 91 329 20 21 30   0.064   0.405  -0.048   0.413
 91 329 20 22 30   0.077   0.400  -0.051   0.411
 91 329 20 23 30   0.083   0.394  -0.072   0.410
 91 329 20 24 30   0.072   0.390  -0.116   0.414
 91 329 20 25 30   0.076   0.386  -0.101   0.406
 91 329 20 26 30   0.064   0.394  -0.095   0.411
 91 329 20 27 30   0.046   0.398  -0.083   0.410
 91 329 20 28 30   0.047   0.401  -0.073   0.412
 91 329 20 29 30   0.064   0.389  -0.094   0.406
 91 329 20 30 30   0.043   0.404  -0.037   0.409
 91 329 20 31 30   0.062   0.388  -0.067   0.401
 91 329 20 32 30   0.096   0.366  -0.134   0.402
 91 329 20 33 30   0.086   0.376  -0.114   0.402
 91 329 20 34 30   0.081   0.377  -0.124   0.406
 91 329 20 35 30   0.117   0.363  -0.126   0.404
 91 329 20 36 30   0.129   0.294  -0.231   0.398
 91 329 20 37 30   0.124   0.294  -0.220   0.392
 91 329 20 38 30   0.093   0.350  -0.160   0.396
 91 329 20 39 30   0.115   0.351  -0.133   0.394
 91 329 20 40 30   0.118   0.356  -0.106   0.390
 91 329 20 41 30   0.104   0.357  -0.108   0.388
 91 329 20 42 30   0.119   0.348  -0.118   0.386
 91 329 20 43 30   0.119   0.333  -0.147   0.384
 91 329 20 44 30   0.129   0.304  -0.193   0.383
 91 329 20 45 30   0.125   0.335  -0.146   0.387
 91 329 20 46 30   0.069   0.365  -0.048   0.385
 91 329 20 47 30   0.098   0.327  -0.077   0.368
 91 329 20 48 30   0.095   0.317  -0.200   0.387
 91 329 20 49 30   0.117   0.362  -0.048   0.385
 91 329 20 50 30   0.115   0.366  -0.040   0.387
 91 329 20 51 30   0.125   0.360  -0.060   0.387
 91 329 20 52 30   0.120   0.362  -0.087   0.393
 91 329 20 53 30   0.111   0.333  -0.166   0.390
 91 329 20 54 30   0.127   0.295  -0.217   0.392
 91 329 20 55 30   0.119   0.286  -0.224   0.392
 91 329 20 56 30   0.131   0.091  -0.350   0.386
 91 329 20 57 30   0.051   0.214  -0.299   0.380
 91 329 20 58 30   0.027   0.310  -0.188   0.376
 91 329 20 59 30   0.034   0.332  -0.195   0.388
 91 329 21 00 30  -0.066   0.326   0.012   0.380
 91 329 21 01 30  -0.094   0.375   0.088   0.397
 91 329 21 02 30  -0.013   0.398   0.004   0.412
 91 329 21 03 30  -0.058   0.398  -0.011   0.406
 91 329 21 04 30  -0.071   0.398   0.011   0.407
 91 329 21 05 30  -0.090   0.410   0.049   0.425
 91 329 21 06 30  -0.119   0.399   0.075   0.424
 91 329 21 07 30  -0.096   0.409   0.064   0.426
 91 329 21 08 30  -0.114   0.407   0.093   0.434
 91 329 21 09 30  -0.081   0.427   0.061   0.439
 91 329 21 10 30  -0.087   0.428   0.066   0.442
 91 329 21 11 30  -0.066   0.430   0.044   0.441
 91 329 21 12 30  -0.107   0.426   0.086   0.449
 91 329 21 13 30  -0.070   0.433   0.056   0.443
 91 329 21 14 30  -0.097   0.434   0.033   0.447
 91 329 21 15 30  -0.099   0.428   0.043   0.442
 91 329 21 16 30  -0.077   0.432   0.049   0.442
 91 329 21 17 30  -0.078   0.431   0.066   0.443
 91 329 21 18 30  -0.070   0.422   0.113   0.444
 91 329 21 19 30  -0.118   0.384   0.187   0.445
 91 329 21 20 30  -0.124   0.368   0.212   0.443
 91 329 21 21 30  -0.118   0.359   0.226   0.441
 91 329 21 22 30  -0.102   0.341   0.270   0.448
 91 329 21 23 30  -0.108   0.328   0.248   0.432
 91 329 21 24 30  -0.120   0.373   0.213   0.446
 91 329 21 25 30  -0.120   0.377   0.216   0.451
 91 329 21 26 30  -0.092   0.377   0.225   0.449
 91 329 21 27 30  -0.096   0.357   0.230   0.436
 91 329 21 28 30  -0.123   0.342   0.220   0.427
 91 329 21 29 30  -0.116   0.332   0.246   0.430
 91 329 21 30 30  -0.091   0.274   0.271   0.400
 91 329 21 31 30  -0.067   0.257   0.232   0.387
 91 329 21 32 30  -0.100   0.373   0.114   0.404
 91 329 21 33 30  -0.103   0.373   0.118   0.405
 91 329 21 34 30  -0.086   0.342   0.173   0.393
 91 329 21 35 30  -0.106   0.335   0.181   0.397
 91 329 21 36 30  -0.137   0.340   0.143   0.395
 91 329 21 37 30  -0.067   0.284   0.097   0.314
 91 329 21 38 30  -0.008   0.030  -0.188   0.252
 91 329 21 39 30   0.093  -0.042  -0.229   0.264
 91 329 21 40 30   0.132  -0.041  -0.254   0.297
 91 329 21 41 30   0.169  -0.229  -0.312   0.423
 91 329 21 42 30   0.171  -0.229  -0.308   0.421
 91 329 21 43 30   0.162  -0.235  -0.308   0.420
 91 329 21 44 30   0.191  -0.253  -0.295   0.433
 91 329 21 45 30   0.188  -0.254  -0.297   0.434
 91 329 21 46 30   0.184  -0.261  -0.290   0.432
 91 329 21 47 30   0.180  -0.284  -0.259   0.425
 91 329 21 48 30   0.192  -0.287  -0.261   0.433
 91 329 21 49 30   0.192  -0.318  -0.264   0.455
 91 329 21 50 30   0.188  -0.312  -0.259   0.447
 91 329 21 51 30   0.201  -0.319  -0.253   0.454
 91 329 21 52 30   0.199  -0.311  -0.257   0.450
 91 329 21 53 30   0.180  -0.297  -0.280   0.446
 91 329 21 54 30   0.176  -0.298  -0.293   0.453
 91 329 21 55 30   0.164  -0.306  -0.309   0.466
 91 329 21 56 30   0.135  -0.303  -0.322   0.463
 91 329 21 57 30   0.131  -0.300  -0.314   0.454
 91 329 21 58 30   0.132  -0.314  -0.301   0.455
 91 329 21 59 30   0.124  -0.347  -0.283   0.466
 91 329 22 00 30   0.124  -0.359  -0.281   0.473
 91 329 22 01 30   0.115  -0.359  -0.274   0.467
 91 329 22 02 30   0.132  -0.349  -0.274   0.463
 91 329 22 03 30   0.120  -0.345  -0.264   0.451
 91 329 22 04 30   0.104  -0.347  -0.286   0.462
 91 329 22 05 30   0.130  -0.332  -0.327   0.488
 91 329 22 06 30   0.125  -0.322  -0.354   0.496
 91 329 22 07 30   0.147  -0.300  -0.374   0.502
 91 329 22 08 30   0.145  -0.304  -0.356   0.490
 91 329 22 09 30   0.139  -0.324  -0.350   0.497
 91 329 22 10 30   0.159  -0.318  -0.341   0.493
 91 329 22 11 30   0.137  -0.293  -0.360   0.484
 91 329 22 12 30   0.112  -0.338  -0.307   0.472
 91 329 22 13 30   0.129  -0.337  -0.294   0.466
 91 329 22 14 30   0.119  -0.324  -0.313   0.466
 91 329 22 15 30   0.122  -0.338  -0.295   0.465
 91 329 22 16 30   0.125  -0.350  -0.292   0.473
 91 329 22 17 30   0.127  -0.322  -0.325   0.475
 91 329 22 18 30   0.133  -0.333  -0.322   0.482
 91 329 22 19 30   0.142  -0.334  -0.313   0.480
 91 329 22 20 30   0.141  -0.322  -0.325   0.479
 91 329 22 21 30   0.179  -0.281  -0.347   0.482
 91 329 22 22 30   0.188  -0.287  -0.336   0.481
 91 329 22 23 30   0.174  -0.294  -0.343   0.484
 91 329 22 24 30   0.166  -0.304  -0.331   0.479
 91 329 22 25 30   0.152  -0.305  -0.333   0.477
 91 329 22 26 30   0.132  -0.314  -0.343   0.484
 91 329 22 27 30   0.144  -0.327  -0.334   0.489
 91 329 22 28 30   0.165  -0.296  -0.328   0.474
 91 329 22 29 30   0.155  -0.289  -0.343   0.475
 91 329 22 30 30   0.134  -0.307  -0.345   0.481
 91 329 22 31 30   0.156  -0.270  -0.349   0.469
 91 329 22 32 30   0.181  -0.239  -0.360   0.469
 91 329 22 33 30   0.157  -0.264  -0.355   0.471
 91 329 22 34 30   0.160  -0.272  -0.338   0.463
 91 329 22 35 30   0.179  -0.260  -0.336   0.462
 91 329 22 36 30   0.166  -0.246  -0.357   0.465
 91 329 22 37 30   0.156  -0.276  -0.355   0.477
 91 329 22 38 30   0.154  -0.279  -0.332   0.461
 91 329 22 39 30   0.159  -0.281  -0.333   0.466
 91 329 22 40 30   0.140  -0.224  -0.377   0.461
 91 329 22 41 30   0.142  -0.219  -0.381   0.462
 91 329 22 42 30   0.173  -0.246  -0.355   0.466
 91 329 22 43 30   0.182  -0.254  -0.350   0.470
 91 329 22 44 30   0.173  -0.265  -0.348   0.471
 91 329 22 45 30   0.190  -0.192  -0.386   0.472
 91 329 22 46 30   0.186  -0.266  -0.342   0.474
 91 329 22 47 30   0.181  -0.185  -0.395   0.475
 91 329 22 48 30   0.180  -0.161  -0.408   0.475
 91 329 22 49 30   0.185  -0.135  -0.408   0.468
 91 329 22 50 30   0.164  -0.101  -0.419   0.461
 91 329 22 51 30   0.165  -0.129  -0.402   0.454
 91 329 22 52 30   0.159  -0.141  -0.400   0.456
 91 329 22 53 30   0.167  -0.189  -0.382   0.460
 91 329 22 54 30   0.164  -0.174  -0.390   0.458
 91 329 22 55 30   0.184  -0.175  -0.389   0.465
 91 329 22 56 30   0.190  -0.193  -0.380   0.466
 91 329 22 57 30   0.182  -0.180  -0.391   0.468
 91 329 22 58 30   0.177  -0.174  -0.391   0.463
 91 329 22 59 30   0.172  -0.179  -0.389   0.462
 91 329 23 00 30   0.197  -0.151  -0.364   0.441
 91 329 23 01 30   0.182  -0.149  -0.368   0.437
 91 329 23 02 30   0.161  -0.171  -0.374   0.442
 91 329 23 03 30   0.169  -0.191  -0.365   0.446
 91 329 23 04 30   0.182  -0.180  -0.374   0.454
 91 329 23 05 30   0.168  -0.192  -0.391   0.467
 91 329 23 06 30   0.173  -0.197  -0.385   0.466
 91 329 23 07 30   0.184  -0.200  -0.377   0.465
 91 329 23 08 30   0.159  -0.214  -0.383   0.467
 91 329 23 09 30   0.119  -0.237  -0.387   0.469
 91 329 23 10 30   0.115  -0.245  -0.379   0.467
 91 329 23 11 30   0.112  -0.254  -0.374   0.465
 91 329 23 12 30   0.093  -0.266  -0.366   0.462
 91 329 23 13 30   0.097  -0.256  -0.359   0.452
 91 329 23 14 30   0.094  -0.259  -0.351   0.447
 91 329 23 15 30   0.075  -0.272  -0.350   0.450
 91 329 23 16 30   0.072  -0.291  -0.355   0.465
 91 329 23 17 30   0.081  -0.275  -0.362   0.462
 91 329 23 18 30   0.070  -0.298  -0.349   0.464
 91 329 23 19 30   0.083  -0.284  -0.356   0.463
 91 329 23 20 30   0.085  -0.282  -0.363   0.468
 91 329 23 21 30   0.119  -0.261  -0.364   0.464
 91 329 23 22 30   0.185  -0.164  -0.375   0.450
 91 329 23 23 30   0.226  -0.094  -0.388   0.460
 91 329 23 24 30   0.171  -0.187  -0.372   0.456
 91 329 23 25 30   0.113  -0.304  -0.332   0.466
 91 329 23 26 30   0.120  -0.252  -0.358   0.456
 91 329 23 27 30   0.108  -0.218  -0.386   0.456
 91 329 23 28 30   0.112  -0.217  -0.391   0.461
 91 329 23 29 30   0.101  -0.215  -0.386   0.454
 91 329 23 30 30   0.146  -0.170  -0.384   0.448
 91 329 23 31 30   0.171  -0.129  -0.393   0.449
 91 329 23 32 30   0.186  -0.127  -0.389   0.450
 91 329 23 33 30   0.179  -0.116  -0.391   0.446
 91 329 23 34 30   0.167  -0.106  -0.410   0.455
 91 329 23 35 30   0.167  -0.125  -0.400   0.453
 91 329 23 36 30   0.167  -0.129  -0.400   0.452
 91 329 23 37 30   0.152  -0.098  -0.405   0.444
 91 329 23 38 30   0.141  -0.108  -0.395   0.434
 91 329 23 39 30   0.127  -0.143  -0.402   0.446
 91 329 23 40 30   0.141  -0.136  -0.418   0.462
 91 329 23 41 30   0.140  -0.204  -0.374   0.453
 91 329 23 42 30   0.123  -0.297  -0.292   0.435
 91 329 23 43 30   0.136  -0.284  -0.302   0.436
 91 329 23 44 30   0.129  -0.299  -0.293   0.439
 91 329 23 45 30   0.138  -0.343  -0.277   0.463
 91 329 23 46 30   0.148  -0.337  -0.283   0.465
 91 329 23 47 30   0.137  -0.354  -0.267   0.464
 91 329 23 48 30   0.131  -0.361  -0.261   0.465
 91 329 23 49 30   0.149  -0.354  -0.271   0.472
 91 329 23 50 30   0.169  -0.280  -0.336   0.472
 91 329 23 51 30   0.181  -0.241  -0.355   0.466
 91 329 23 52 30   0.137  -0.283  -0.339   0.463
 91 329 23 53 30   0.128  -0.267  -0.346   0.456
 91 329 23 54 30   0.126  -0.288  -0.336   0.461
 91 329 23 55 30   0.142  -0.277  -0.347   0.466
 91 329 23 56 30   0.136  -0.292  -0.342   0.470
 91 329 23 57 30   0.138  -0.291  -0.342   0.469
 91 329 23 58 30   0.137  -0.294  -0.338   0.468
 91 329 23 59 30   0.147  -0.283  -0.349   0.473
