 91 333 00 00 30  -0.404   0.249   0.078   0.481
 91 333 00 01 30  -0.388   0.256   0.102   0.477
 91 333 00 02 30  -0.386   0.267   0.099   0.480
 91 333 00 03 30  -0.396   0.251   0.103   0.481
 91 333 00 04 30  -0.403   0.253   0.088   0.485
 91 333 00 05 30  -0.418   0.237   0.075   0.487
 91 333 00 06 30  -0.403   0.256   0.113   0.491
 91 333 00 07 30  -0.386   0.285   0.096   0.490
 91 333 00 08 30  -0.369   0.284   0.128   0.484
 91 333 00 09 30  -0.377   0.280   0.115   0.484
 91 333 00 10 30  -0.380   0.281   0.097   0.484
 91 333 00 11 30  -0.379   0.295   0.102   0.492
 91 333 00 12 30  -0.346   0.298   0.171   0.490
 91 333 00 13 30  -0.370   0.300   0.112   0.491
 91 333 00 14 30  -0.393   0.286   0.061   0.492
 91 333 00 15 30  -0.383   0.275   0.113   0.485
 91 333 00 16 30  -0.363   0.301   0.088   0.481
 91 333 00 17 30  -0.350   0.253   0.204   0.480
 91 333 00 18 30  -0.382   0.275   0.134   0.491
 91 333 00 19 30  -0.399   0.279   0.072   0.493
 91 333 00 20 30  -0.394   0.287   0.042   0.490
 91 333 00 21 30  -0.387   0.303   0.006   0.492
 91 333 00 22 30  -0.392   0.292   0.011   0.490
 91 333 00 23 30  -0.385   0.285   0.020   0.480
 91 333 00 24 30  -0.371   0.288   0.004   0.470
 91 333 00 25 30  -0.391   0.252   0.012   0.468
 91 333 00 26 30  -0.384   0.253   0.005   0.464
 91 333 00 27 30  -0.393   0.214   0.150   0.472
 91 333 00 28 30  -0.395   0.216   0.142   0.473
 91 333 00 29 30  -0.402   0.228   0.099   0.474
 91 333 00 30 30  -0.400   0.230   0.060   0.466
 91 333 00 31 30  -0.400   0.231   0.086   0.470
 91 333 00 32 30  -0.397   0.230   0.095   0.469
 91 333 00 33 30  -0.390   0.241   0.081   0.466
 91 333 00 34 30  -0.370   0.268   0.063   0.464
 91 333 00 35 30  -0.414   0.201   0.039   0.463
 91 333 00 36 30  -0.395   0.235   0.013   0.463
 91 333 00 37 30  -0.380   0.247  -0.071   0.460
 91 333 00 38 30  -0.385   0.245  -0.016   0.457
 91 333 00 39 30  -0.345   0.287   0.067   0.456
 91 333 00 40 30  -0.326   0.299   0.138   0.464
 91 333 00 41 30  -0.312   0.325   0.146   0.475
 91 333 00 42 30  -0.296   0.332   0.144   0.468
 91 333 00 43 30  -0.313   0.326   0.106   0.466
 91 333 00 44 30  -0.321   0.303   0.172   0.474
 91 333 00 45 30  -0.290   0.349   0.115   0.471
 91 333 00 46 30  -0.254   0.373   0.129   0.470
 91 333 00 47 30  -0.315   0.345   0.092   0.481
 91 333 00 48 30  -0.349   0.325   0.002   0.478
 91 333 00 49 30  -0.356   0.298   0.023   0.474
 91 333 00 50 30  -0.385   0.246   0.151   0.482
 91 333 00 51 30  -0.371   0.267   0.135   0.477
 91 333 00 52 30  -0.346   0.208   0.225   0.463
 91 333 00 53 30  -0.334   0.231   0.223   0.464
 91 333 00 54 30  -0.352   0.261   0.198   0.481
 91 333 00 55 30  -0.331   0.291   0.163   0.472
 91 333 00 56 30  -0.322   0.302   0.171   0.474
 91 333 00 57 30  -0.301   0.321   0.181   0.476
 91 333 00 58 30  -0.322   0.313   0.159   0.477
 91 333 00 59 30  -0.328   0.302   0.150   0.472
 91 333 01 00 30  -0.336   0.284   0.159   0.469
 91 333 01 01 30  -0.347   0.271   0.161   0.470
 91 333 01 02 30  -0.368   0.255   0.118   0.463
 91 333 01 03 30  -0.378   0.243   0.104   0.461
 91 333 01 04 30  -0.380   0.242   0.106   0.464
 91 333 01 05 30  -0.384   0.266   0.081   0.475
 91 333 01 06 30  -0.362   0.288   0.073   0.469
 91 333 01 07 30  -0.364   0.225   0.117   0.453
 91 333 01 08 30  -0.392   0.097   0.171   0.439
 91 333 01 09 30  -0.404   0.058   0.175   0.444
 91 333 01 10 30  -0.387  -0.001   0.197   0.434
 91 333 01 11 30  -0.414   0.021   0.156   0.443
 91 333 01 12 30  -0.402  -0.024   0.179   0.441
 91 333 01 13 30  -0.395  -0.020   0.210   0.450
 91 333 01 14 30  -0.403   0.010   0.219   0.459
 91 333 01 15 30  -0.406   0.030   0.212   0.459
 91 333 01 16 30  -0.401   0.065   0.214   0.460
 91 333 01 19 30  -0.385   0.055   0.222   0.449
 91 333 01 20 30  -0.388   0.065   0.220   0.451
 91 333 01 21 30  -0.386   0.049   0.236   0.455
 91 333 01 22 30  -0.363   0.143   0.226   0.453
 91 333 01 23 30  -0.350   0.141   0.257   0.457
 91 333 01 24 30  -0.351   0.084   0.253   0.441
 91 333 01 25 30  -0.359   0.059   0.267   0.452
 91 333 01 26 30  -0.360   0.049   0.269   0.453
 91 333 01 27 30  -0.367   0.043   0.251   0.448
 91 333 01 28 30  -0.387  -0.009   0.212   0.442
 91 333 01 29 30  -0.379   0.028   0.221   0.440
 91 333 01 30 30  -0.359  -0.033   0.244   0.436
 91 333 01 31 30  -0.365   0.026   0.251   0.445
 91 333 01 32 30  -0.379   0.006   0.236   0.447
 91 333 01 33 30  -0.373   0.030   0.247   0.449
 91 333 01 34 30  -0.375  -0.012   0.253   0.453
 91 333 01 35 30  -0.377  -0.007   0.252   0.453
 91 333 01 36 30  -0.401  -0.011   0.210   0.453
 91 333 01 37 30  -0.399   0.002   0.206   0.450
 91 333 01 38 30  -0.407  -0.024   0.190   0.451
 91 333 01 39 30  -0.407   0.009   0.192   0.450
 91 333 01 40 30  -0.399   0.014   0.203   0.448
 91 333 01 41 30  -0.384  -0.020   0.234   0.450
 91 333 01 42 30  -0.372  -0.041   0.247   0.449
 91 333 01 43 30  -0.360  -0.043   0.258   0.445
 91 333 01 44 30  -0.377  -0.002   0.227   0.442
 91 333 01 45 30  -0.391   0.045   0.222   0.452
 91 333 01 46 30  -0.385   0.038   0.220   0.446
 91 333 01 47 30  -0.369  -0.020   0.234   0.439
 91 333 01 48 30  -0.371  -0.018   0.240   0.443
 91 333 01 49 30  -0.375  -0.039   0.231   0.442
 91 333 01 50 30  -0.362  -0.016   0.240   0.435
 91 333 01 51 30  -0.370  -0.017   0.235   0.439
 91 333 01 52 30  -0.327  -0.035   0.289   0.439
 91 333 01 53 30  -0.340  -0.034   0.270   0.439
 91 333 01 54 30  -0.384   0.016   0.216   0.441
 91 333 01 55 30  -0.378   0.015   0.215   0.436
 91 333 01 56 30  -0.379   0.041   0.209   0.435
 91 333 01 57 30  -0.378   0.017   0.201   0.430
 91 333 01 58 30  -0.390  -0.009   0.183   0.431
 91 333 01 59 30  -0.393  -0.001   0.189   0.436
 91 333 02 00 30  -0.385   0.003   0.209   0.439
 91 333 02 01 30  -0.384   0.002   0.203   0.434
 91 333 02 02 30  -0.396  -0.019   0.188   0.439
 91 333 02 03 30  -0.402  -0.006   0.213   0.456
 91 333 02 04 30  -0.400  -0.013   0.207   0.451
 91 333 02 05 30  -0.406  -0.005   0.192   0.450
 91 333 02 06 30  -0.415  -0.015   0.185   0.456
 91 333 02 07 30  -0.410   0.001   0.190   0.453
 91 333 02 08 30  -0.410   0.012   0.193   0.455
 91 333 02 09 30  -0.421  -0.009   0.170   0.455
 91 333 02 10 30  -0.414   0.029   0.184   0.454
 91 333 02 11 30  -0.414   0.006   0.167   0.447
 91 333 02 12 30  -0.419   0.043   0.165   0.453
 91 333 02 13 30  -0.414   0.008   0.167   0.450
 91 333 02 14 30  -0.432  -0.043   0.148   0.461
 91 333 02 15 30  -0.441  -0.051   0.149   0.468
 91 333 02 16 30  -0.435  -0.054   0.150   0.464
 91 333 02 17 30  -0.428  -0.050   0.134   0.451
 91 333 02 22 30  -0.438   0.017   0.120   0.455
 91 333 02 23 30  -0.441   0.013   0.113   0.456
 91 333 02 24 30  -0.442   0.024   0.102   0.454
 91 333 02 25 30  -0.439   0.045   0.095   0.451
 91 333 02 26 30  -0.452   0.032   0.079   0.461
 91 333 02 27 30  -0.450   0.033   0.080   0.458
 91 333 02 28 30  -0.450   0.036   0.089   0.460
 91 333 02 29 30  -0.451   0.028   0.098   0.462
 91 333 02 30 30  -0.456   0.035   0.086   0.466
 91 333 02 31 30  -0.459   0.034   0.083   0.468
 91 333 02 32 30  -0.460   0.021   0.085   0.468
 91 333 02 33 30  -0.461   0.004   0.088   0.469
 91 333 02 34 30  -0.454   0.020   0.098   0.465
 91 333 02 35 30  -0.456   0.025   0.093   0.466
 91 333 02 36 30  -0.458   0.031   0.106   0.471
 91 333 02 37 30  -0.453   0.016   0.113   0.467
 91 333 02 38 30  -0.458   0.021   0.101   0.469
 91 333 02 39 30  -0.456   0.039   0.094   0.468
 91 333 02 40 30  -0.460   0.038   0.098   0.472
 91 333 02 41 30  -0.460   0.038   0.096   0.472
 91 333 02 42 30  -0.453   0.021   0.085   0.462
 91 333 02 43 30  -0.453   0.022   0.073   0.460
 91 333 02 44 30  -0.453   0.020   0.080   0.461
 91 333 02 45 30  -0.453  -0.001   0.074   0.459
 91 333 02 46 30  -0.451   0.002   0.072   0.457
 91 333 02 47 30  -0.453   0.006   0.071   0.459
 91 333 02 48 30  -0.450   0.019   0.067   0.456
 91 333 02 49 30  -0.452   0.016   0.065   0.457
 91 333 02 50 30  -0.450   0.022   0.071   0.456
 91 333 02 51 30  -0.455   0.041   0.062   0.461
 91 333 02 52 30  -0.458   0.028   0.046   0.462
 91 333 02 53 30  -0.461   0.037   0.041   0.465
 91 333 02 54 30  -0.457   0.056   0.040   0.463
 91 333 02 55 30  -0.451   0.074   0.049   0.460
 91 333 02 56 30  -0.448   0.069   0.059   0.457
 91 333 02 57 30  -0.452   0.049   0.079   0.461
 91 333 02 58 30  -0.456   0.045   0.071   0.464
 91 333 02 59 30  -0.462   0.023   0.076   0.469
 91 333 03 00 30  -0.465   0.058   0.059   0.473
 91 333 03 01 30  -0.466   0.080   0.053   0.476
 91 333 03 02 30  -0.465   0.056   0.059   0.472
 91 333 03 03 30  -0.466   0.041   0.056   0.471
 91 333 03 04 30  -0.465   0.033   0.069   0.472
 91 333 03 05 30  -0.467   0.036   0.066   0.473
 91 333 03 06 30  -0.466   0.062   0.051   0.474
 91 333 03 07 30  -0.465   0.049   0.066   0.473
 91 333 03 08 30  -0.464   0.042   0.051   0.468
 91 333 03 09 30  -0.456   0.065   0.056   0.464
 91 333 03 10 30  -0.455   0.071   0.067   0.465
 91 333 03 11 30  -0.462   0.066   0.060   0.471
 91 333 03 12 30  -0.458   0.086   0.039   0.468
 91 333 03 13 30  -0.459   0.083   0.038   0.468
 91 333 03 14 30  -0.462   0.086   0.024   0.471
 91 333 03 15 30  -0.461   0.098   0.046   0.474
 91 333 03 16 30  -0.460   0.101   0.039   0.473
 91 333 03 17 30  -0.454   0.104   0.046   0.468
 91 333 03 18 30  -0.454   0.099   0.036   0.466
 91 333 03 19 30  -0.454   0.082   0.039   0.463
 91 333 03 20 30  -0.453   0.096   0.034   0.464
 91 333 03 21 30  -0.452   0.098   0.042   0.465
 91 333 03 22 30  -0.450   0.102   0.045   0.464
 91 333 03 23 30  -0.458   0.091   0.025   0.468
 91 333 03 24 30  -0.450   0.088   0.064   0.464
 91 333 03 25 30  -0.447   0.100   0.109   0.472
 91 333 03 26 30  -0.454   0.104   0.070   0.472
 91 333 03 27 30  -0.461   0.106   0.032   0.475
 91 333 03 28 30  -0.465   0.101   0.004   0.476
 91 333 03 29 30  -0.462   0.071   0.022   0.471
 91 333 03 30 30  -0.461   0.069   0.013   0.469
 91 333 03 31 30  -0.469   0.033   0.026   0.471
 91 333 03 32 30  -0.470   0.062   0.026   0.476
 91 333 03 33 30  -0.473   0.049   0.018   0.477
 91 333 03 34 30  -0.468   0.076   0.047   0.477
 91 333 03 35 30  -0.472   0.066   0.034   0.478
 91 333 03 36 30  -0.466   0.063   0.057   0.474
 91 333 03 37 30  -0.463   0.042   0.045   0.467
 91 333 03 38 30  -0.462   0.042   0.070   0.470
 91 333 03 39 30  -0.461   0.045   0.088   0.472
 91 333 03 40 30  -0.465   0.047   0.101   0.478
 91 333 03 41 30  -0.473   0.045   0.077   0.482
 91 333 03 42 30  -0.480   0.042   0.024   0.483
 91 333 03 43 30  -0.482   0.049   0.009   0.484
 91 333 03 44 30  -0.477   0.051   0.001   0.480
 91 333 03 45 30  -0.475   0.047   0.004   0.477
 91 333 03 46 30  -0.476   0.042   0.013   0.478
 91 333 03 47 30  -0.468   0.053  -0.002   0.471
 91 333 03 48 30  -0.465   0.058   0.001   0.468
 91 333 03 49 30  -0.468   0.073  -0.005   0.473
 91 333 03 50 30  -0.468   0.060  -0.001   0.472
 91 333 03 51 30  -0.467   0.055   0.001   0.471
 91 333 03 52 30  -0.453   0.062  -0.029   0.459
 91 333 03 53 30  -0.449   0.141   0.019   0.473
 91 333 03 54 30  -0.444   0.175   0.054   0.480
 91 333 03 55 30  -0.440   0.171   0.061   0.476
 91 333 03 56 30  -0.441   0.176   0.051   0.477
 91 333 03 57 30  -0.444   0.164   0.027   0.474
 91 333 03 58 30  -0.440   0.169   0.034   0.472
 91 333 03 59 30  -0.435   0.168   0.027   0.468
 91 333 04 00 30  -0.433   0.166   0.014   0.464
 91 333 04 01 30  -0.445   0.163  -0.006   0.474
 91 333 04 02 30  -0.442   0.168  -0.027   0.474
 91 333 04 03 30  -0.429   0.194  -0.044   0.473
 91 333 04 04 30  -0.439   0.197  -0.030   0.483
 91 333 04 05 30  -0.436   0.174  -0.023   0.470
 91 333 04 06 30  -0.424   0.170  -0.036   0.460
 91 333 04 07 30  -0.434   0.175  -0.043   0.471
 91 333 04 08 30  -0.466   0.142   0.041   0.490
 91 333 04 09 30  -0.467   0.151   0.049   0.494
 91 333 04 10 30  -0.469   0.161   0.050   0.498
 91 333 04 11 30  -0.470   0.158   0.050   0.499
 91 333 04 12 30  -0.458   0.169   0.079   0.495
 91 333 04 13 30  -0.449   0.162   0.091   0.487
 91 333 04 14 30  -0.447   0.172   0.094   0.488
 91 333 04 15 30  -0.444   0.173   0.094   0.486
 91 333 04 16 30  -0.445   0.167   0.106   0.487
 91 333 04 17 30  -0.453   0.164   0.099   0.492
 91 333 04 18 30  -0.446   0.169   0.103   0.488
 91 333 04 19 30  -0.448   0.154   0.091   0.483
 91 333 04 20 30  -0.448   0.139   0.092   0.478
 91 333 04 21 30  -0.463   0.125   0.103   0.491
 91 333 04 22 30  -0.470   0.150   0.101   0.504
 91 333 04 23 30  -0.452   0.157   0.099   0.490
 91 333 04 24 30  -0.443   0.167   0.127   0.491
 91 333 04 25 30  -0.446   0.159   0.115   0.487
 91 333 04 26 30  -0.452   0.136   0.076   0.481
 91 333 04 27 30  -0.466   0.123   0.067   0.488
 91 333 04 28 30  -0.446   0.175   0.073   0.485
 91 333 04 29 30  -0.453   0.168   0.064   0.488
 91 333 04 30 30  -0.478   0.118   0.018   0.493
 91 333 04 31 30  -0.481   0.107  -0.002   0.493
 91 333 04 32 30  -0.482   0.071  -0.026   0.488
 91 333 04 33 30  -0.477   0.060  -0.018   0.482
 91 333 04 34 30  -0.476   0.060  -0.031   0.482
 91 333 04 35 30  -0.478   0.036  -0.029   0.480
 91 333 04 36 30  -0.475   0.010  -0.049   0.478
 91 333 04 37 30  -0.475   0.018  -0.051   0.479
 91 333 04 38 30  -0.488   0.055  -0.022   0.492
 91 333 04 39 30  -0.495   0.012  -0.062   0.500
 91 333 04 40 30  -0.500   0.025  -0.050   0.504
 91 333 04 41 30  -0.497   0.028  -0.041   0.500
 91 333 04 42 30  -0.490   0.021  -0.035   0.492
 91 333 04 43 30  -0.487   0.025  -0.058   0.492
 91 333 04 44 30  -0.494   0.022  -0.068   0.499
 91 333 04 45 30  -0.495   0.031  -0.066   0.501
 91 333 04 46 30  -0.499   0.036  -0.060   0.504
 91 333 04 47 30  -0.496   0.030  -0.072   0.502
 91 333 04 48 30  -0.498   0.015  -0.090   0.507
 91 333 04 49 30  -0.493   0.006  -0.088   0.501
 91 333 04 50 30  -0.493   0.007  -0.099   0.504
 91 333 04 51 30  -0.495   0.016  -0.084   0.503
 91 333 04 52 30  -0.495   0.011  -0.095   0.504
 91 333 04 53 30  -0.484   0.003  -0.089   0.493
 91 333 04 54 30  -0.484   0.010  -0.095   0.494
 91 333 04 55 30  -0.488   0.014  -0.079   0.495
 91 333 04 56 30  -0.490   0.030  -0.087   0.498
 91 333 04 57 30  -0.491   0.026  -0.090   0.500
 91 333 04 58 30  -0.495   0.006  -0.083   0.502
 91 333 04 59 30  -0.493  -0.001  -0.098   0.503
 91 333 05 00 30  -0.486  -0.011  -0.109   0.498
 91 333 05 01 30  -0.486   0.051  -0.089   0.498
 91 333 05 02 30  -0.478   0.011  -0.093   0.489
 91 333 05 03 30  -0.464   0.043  -0.091   0.476
 91 333 05 04 30  -0.478   0.106  -0.038   0.492
 91 333 05 05 30  -0.485   0.115  -0.046   0.501
 91 333 05 06 30  -0.485   0.087  -0.056   0.496
 91 333 05 07 30  -0.487   0.107  -0.042   0.501
 91 333 05 08 30  -0.488   0.104  -0.050   0.502
 91 333 05 09 30  -0.486   0.137  -0.034   0.507
 91 333 05 10 30  -0.496   0.128  -0.030   0.514
 91 333 05 11 30  -0.489   0.128  -0.056   0.510
 91 333 05 12 30  -0.485   0.074  -0.090   0.500
 91 333 05 13 30  -0.489   0.071  -0.067   0.499
 91 333 05 14 30  -0.496   0.102  -0.024   0.507
 91 333 05 15 30  -0.475   0.151   0.030   0.500
 91 333 05 16 30  -0.465   0.160   0.030   0.493
 91 333 05 17 30  -0.472   0.145   0.022   0.495
 91 333 05 18 30  -0.482   0.158   0.011   0.507
 91 333 05 19 30  -0.470   0.184   0.025   0.506
 91 333 05 20 30  -0.477   0.159  -0.001   0.503
 91 333 05 21 30  -0.466   0.155   0.004   0.491
 91 333 05 22 30  -0.456   0.158   0.011   0.483
 91 333 05 23 30  -0.463   0.133   0.021   0.484
 91 333 05 24 30  -0.466   0.134   0.024   0.487
 91 333 05 25 30  -0.457   0.167   0.003   0.487
 91 333 05 26 30  -0.464   0.130   0.004   0.483
 91 333 05 27 30  -0.460   0.153   0.036   0.487
 91 333 05 28 30  -0.453   0.176   0.032   0.488
 91 333 05 29 30  -0.462   0.162   0.028   0.491
 91 333 05 30 30  -0.465   0.141  -0.022   0.487
 91 333 05 31 30  -0.476   0.142  -0.019   0.497
 91 333 05 32 30  -0.460   0.148   0.032   0.485
 91 333 05 33 30  -0.461   0.166   0.032   0.492
 91 333 05 34 30  -0.467   0.154   0.043   0.493
 91 333 05 35 30  -0.465   0.151   0.008   0.490
 91 333 05 36 30  -0.466   0.164   0.031   0.496
 91 333 05 37 30  -0.469   0.160   0.034   0.497
 91 333 05 38 30  -0.463   0.160   0.048   0.493
 91 333 05 39 30  -0.471   0.141   0.057   0.495
 91 333 05 40 30  -0.478   0.138   0.073   0.503
 91 333 05 41 30  -0.462   0.155   0.111   0.501
 91 333 05 42 30  -0.461   0.154   0.080   0.495
 91 333 05 43 30  -0.467   0.157  -0.101   0.504
 91 333 05 44 30  -0.463   0.163  -0.085   0.499
 91 333 05 45 30  -0.462   0.164  -0.070   0.495
 91 333 05 46 30  -0.470   0.163  -0.035   0.499
 91 333 05 47 30  -0.472   0.164  -0.003   0.500
 91 333 05 48 30  -0.461   0.183  -0.022   0.497
 91 333 05 49 30  -0.460   0.169  -0.013   0.490
 91 333 05 50 30  -0.467   0.156   0.008   0.493
 91 333 05 51 30  -0.471   0.158   0.005   0.498
 91 333 05 52 30  -0.486   0.144  -0.012   0.508
 91 333 05 53 30  -0.482   0.141  -0.043   0.505
 91 333 05 54 30  -0.476   0.142  -0.027   0.498
 91 333 05 55 30  -0.473   0.136  -0.021   0.494
 91 333 05 56 30  -0.466   0.158   0.000   0.493
 91 333 05 57 30  -0.469   0.154  -0.030   0.495
 91 333 05 58 30  -0.475   0.149  -0.035   0.500
 91 333 05 59 30  -0.467   0.186  -0.004   0.504
 91 333 06 00 30  -0.424   0.270   0.064   0.508
 91 333 06 01 30  -0.443   0.270   0.053   0.524
 91 333 06 02 30  -0.480   0.188  -0.023   0.516
 91 333 06 03 30  -0.477   0.202  -0.031   0.520
 91 333 06 04 30  -0.463   0.204  -0.033   0.507
 91 333 06 05 30  -0.463   0.217  -0.016   0.512
 91 333 06 06 30  -0.469   0.191  -0.031   0.508
 91 333 06 07 30  -0.474   0.173  -0.059   0.509
 91 333 06 08 30  -0.468   0.196  -0.011   0.508
 91 333 06 09 30  -0.457   0.195   0.025   0.498
 91 333 06 10 30  -0.461   0.194  -0.015   0.501
 91 333 06 11 30  -0.451   0.197  -0.032   0.494
 91 333 06 12 30  -0.456   0.211  -0.016   0.503
 91 333 06 13 30  -0.460   0.172  -0.035   0.494
 91 333 06 14 30  -0.466   0.169  -0.035   0.498
 91 333 06 15 30  -0.449   0.216  -0.003   0.499
 91 333 06 16 30  -0.454   0.216   0.003   0.503
 91 333 06 17 30  -0.460   0.187  -0.014   0.497
 91 333 06 18 30  -0.457   0.202  -0.010   0.501
 91 333 06 19 30  -0.467   0.170  -0.022   0.497
 91 333 06 20 30  -0.479   0.154   0.000   0.504
 91 333 06 21 30  -0.479   0.138  -0.037   0.501
 91 333 06 22 30  -0.475   0.131  -0.014   0.494
 91 333 06 23 30  -0.456   0.186  -0.031   0.495
 91 333 06 24 30  -0.439   0.243  -0.001   0.502
 91 333 06 25 30  -0.417   0.288  -0.008   0.507
 91 333 06 26 30  -0.432   0.244   0.002   0.497
 91 333 06 27 30  -0.435   0.268  -0.015   0.513
 91 333 06 28 30  -0.444   0.240  -0.043   0.507
 91 333 06 29 30  -0.430   0.259  -0.023   0.503
 91 333 06 30 30  -0.442   0.231  -0.025   0.500
 91 333 06 31 30  -0.455   0.209  -0.010   0.501
 91 333 06 32 30  -0.469   0.181  -0.013   0.503
 91 333 06 33 30  -0.477   0.161   0.003   0.504
 91 333 06 34 30  -0.482   0.146  -0.002   0.504
 91 333 06 35 30  -0.478   0.160  -0.002   0.504
 91 333 06 36 30  -0.469   0.192   0.034   0.509
 91 333 06 37 30  -0.461   0.197   0.029   0.503
 91 333 06 38 30  -0.445   0.229   0.044   0.503
 91 333 06 39 30  -0.462   0.183   0.027   0.498
 91 333 06 40 30  -0.454   0.200   0.047   0.499
 91 333 06 41 30  -0.442   0.229   0.020   0.499
 91 333 06 42 30  -0.476   0.180   0.022   0.511
 91 333 06 43 30  -0.476   0.176   0.015   0.508
 91 333 06 44 30  -0.473   0.171   0.014   0.504
 91 333 06 45 30  -0.484   0.126   0.029   0.502
 91 333 06 46 30  -0.460   0.170   0.048   0.493
 91 333 06 47 30  -0.472   0.126   0.022   0.490
 91 333 06 48 30  -0.471   0.147   0.025   0.495
 91 333 06 49 30  -0.480   0.153   0.040   0.507
 91 333 06 50 30  -0.469   0.171   0.034   0.501
 91 333 06 51 30  -0.485   0.135   0.033   0.505
 91 333 06 52 30  -0.482   0.119   0.028   0.498
 91 333 06 53 30  -0.477   0.134   0.053   0.499
 91 333 06 54 30  -0.462   0.167   0.028   0.493
 91 333 06 55 30  -0.485   0.134   0.043   0.505
 91 333 06 56 30  -0.469   0.163   0.045   0.499
 91 333 06 57 30  -0.472   0.165   0.037   0.502
 91 333 06 58 30  -0.481   0.158   0.050   0.510
 91 333 06 59 30  -0.480   0.166   0.033   0.509
 91 333 07 00 30  -0.484   0.146   0.034   0.508
 91 333 07 01 30  -0.480   0.145   0.032   0.503
 91 333 07 02 30  -0.478   0.161   0.060   0.508
 91 333 07 03 30  -0.474   0.173   0.039   0.507
 91 333 07 04 30  -0.480   0.155   0.026   0.506
 91 333 07 05 30  -0.488   0.154   0.009   0.512
 91 333 07 06 30  -0.485   0.160   0.023   0.512
 91 333 07 07 30  -0.501   0.131   0.040   0.519
 91 333 07 08 30  -0.503   0.124   0.035   0.520
 91 333 07 09 30  -0.504   0.162   0.035   0.531
 91 333 07 10 30  -0.491   0.177   0.034   0.523
 91 333 07 11 30  -0.477   0.163   0.023   0.504
 91 333 07 12 30  -0.480   0.150   0.033   0.504
 91 333 07 13 30  -0.482   0.145   0.025   0.504
 91 333 07 14 30  -0.475   0.145   0.031   0.498
 91 333 07 15 30  -0.474   0.144   0.035   0.497
 91 333 07 16 30  -0.466   0.159   0.027   0.494
 91 333 07 17 30  -0.472   0.134   0.049   0.493
 91 333 07 18 30  -0.475   0.125   0.045   0.493
 91 333 07 19 30  -0.488   0.114   0.043   0.503
 91 333 07 20 30  -0.499   0.123   0.060   0.518
 91 333 07 21 30  -0.500   0.099   0.056   0.514
 91 333 07 22 30  -0.500   0.084   0.059   0.511
 91 333 07 23 30  -0.507   0.084   0.062   0.518
 91 333 07 24 30  -0.505   0.084   0.068   0.517
 91 333 07 25 30  -0.502   0.080   0.066   0.514
 91 333 07 26 30  -0.504   0.089   0.054   0.516
 91 333 07 27 30  -0.504   0.065   0.068   0.513
 91 333 07 28 30  -0.499   0.068   0.079   0.510
 91 333 07 29 30  -0.508   0.116   0.054   0.524
 91 333 07 30 30  -0.516   0.124   0.039   0.532
 91 333 07 31 30  -0.510   0.132   0.035   0.528
 91 333 07 32 30  -0.515   0.116   0.058   0.532
 91 333 07 33 30  -0.513   0.121   0.061   0.530
 91 333 07 34 30  -0.502   0.126   0.050   0.520
 91 333 07 35 30  -0.509   0.129   0.040   0.526
 91 333 07 36 30  -0.505   0.115   0.033   0.519
 91 333 07 37 30  -0.520   0.113   0.024   0.532
 91 333 07 38 30  -0.521   0.110   0.018   0.533
 91 333 07 39 30  -0.520   0.114   0.027   0.533
 91 333 07 40 30  -0.517   0.113   0.034   0.530
 91 333 07 41 30  -0.518   0.111   0.043   0.531
 91 333 07 42 30  -0.513   0.112   0.049   0.527
 91 333 07 43 30  -0.513   0.122   0.035   0.529
 91 333 07 44 30  -0.514   0.107   0.023   0.525
 91 333 07 45 30  -0.521   0.086   0.045   0.530
 91 333 07 46 30  -0.518   0.065   0.064   0.527
 91 333 07 47 30  -0.523   0.054   0.085   0.533
 91 333 07 48 30  -0.528   0.046   0.096   0.539
 91 333 07 49 30  -0.528   0.053   0.090   0.539
 91 333 07 50 30  -0.530   0.016   0.117   0.543
 91 333 07 51 30  -0.518  -0.004   0.144   0.538
 91 333 07 52 30  -0.505  -0.017   0.151   0.528
 91 333 07 53 30  -0.496  -0.007   0.139   0.516
 91 333 07 54 30  -0.503   0.008   0.136   0.521
 91 333 07 55 30  -0.516   0.004   0.137   0.534
 91 333 07 56 30  -0.521   0.008   0.139   0.540
 91 333 07 57 30  -0.519   0.014   0.137   0.537
 91 333 07 58 30  -0.513   0.025   0.149   0.535
 91 333 07 59 30  -0.518   0.013   0.143   0.538
 91 333 08 00 30  -0.523   0.023   0.140   0.542
 91 333 08 01 30  -0.517   0.022   0.146   0.538
 91 333 08 02 30  -0.512   0.039   0.134   0.531
 91 333 08 03 30  -0.523   0.022   0.129   0.539
 91 333 08 04 30  -0.527   0.035   0.136   0.546
 91 333 08 05 30  -0.519   0.033   0.132   0.537
 91 333 08 06 30  -0.520   0.031   0.118   0.534
 91 333 08 07 30  -0.516   0.025   0.128   0.532
 91 333 08 08 30  -0.523   0.053   0.135   0.543
 91 333 08 09 30  -0.516   0.060   0.125   0.535
 91 333 08 10 30  -0.514   0.085   0.123   0.536
 91 333 08 11 30  -0.509   0.087   0.136   0.534
 91 333 08 12 30  -0.499   0.078   0.146   0.527
 91 333 08 13 30  -0.512   0.065   0.126   0.532
 91 333 08 14 30  -0.515   0.067   0.123   0.534
 91 333 08 15 30  -0.519   0.059   0.122   0.537
 91 333 08 16 30  -0.517   0.084   0.104   0.534
 91 333 08 17 30  -0.516   0.077   0.099   0.531
 91 333 08 18 30  -0.511   0.062   0.100   0.525
 91 333 08 19 30  -0.505   0.082   0.096   0.521
 91 333 08 20 30  -0.506   0.083   0.094   0.522
 91 333 08 21 30  -0.506   0.080   0.099   0.522
 91 333 08 22 30  -0.514   0.087   0.088   0.529
 91 333 08 23 30  -0.506   0.079   0.086   0.520
 91 333 08 24 30  -0.504   0.093   0.077   0.518
 91 333 08 25 30  -0.500   0.111   0.069   0.518
 91 333 08 26 30  -0.497   0.125   0.061   0.516
 91 333 08 27 30  -0.501   0.105   0.077   0.518
 91 333 08 28 30  -0.501   0.117   0.065   0.519
 91 333 08 29 30  -0.495   0.122   0.069   0.515
 91 333 08 30 30  -0.498   0.131   0.063   0.519
 91 333 08 31 30  -0.495   0.108   0.080   0.513
 91 333 08 32 30  -0.488   0.118   0.076   0.508
 91 333 08 33 30  -0.481   0.127   0.085   0.506
 91 333 08 34 30  -0.486   0.126   0.086   0.510
 91 333 08 35 30  -0.491   0.137   0.084   0.517
 91 333 08 36 30  -0.499   0.121   0.084   0.521
 91 333 08 37 30  -0.500   0.140   0.089   0.528
 91 333 08 38 30  -0.503   0.122   0.082   0.524
 91 333 08 39 30  -0.493   0.139   0.076   0.518
 91 333 08 40 30  -0.486   0.127   0.074   0.508
 91 333 08 41 30  -0.487   0.113   0.091   0.509
 91 333 08 42 30  -0.494   0.109   0.081   0.513
 91 333 08 43 30  -0.488   0.117   0.091   0.511
 91 333 08 44 30  -0.490   0.102   0.094   0.510
 91 333 08 45 30  -0.488   0.114   0.095   0.510
 91 333 08 46 30  -0.490   0.103   0.089   0.509
 91 333 08 47 30  -0.491   0.128   0.079   0.514
 91 333 08 48 30  -0.492   0.128   0.071   0.513
 91 333 08 49 30  -0.490   0.128   0.079   0.513
 91 333 08 50 30  -0.490   0.123   0.071   0.510
 91 333 08 51 30  -0.486   0.120   0.075   0.506
 91 333 08 52 30  -0.492   0.121   0.079   0.513
 91 333 08 53 30  -0.488   0.132   0.066   0.510
 91 333 08 54 30  -0.494   0.124   0.086   0.516
 91 333 08 55 30  -0.498   0.127   0.049   0.516
 91 333 08 56 30  -0.506   0.136   0.028   0.525
 91 333 08 57 30  -0.505   0.134   0.014   0.523
 91 333 08 58 30  -0.506   0.126   0.030   0.522
 91 333 08 59 30  -0.503   0.132   0.017   0.521
 91 333 09 00 30  -0.507   0.113   0.033   0.521
 91 333 09 01 30  -0.509   0.129   0.035   0.527
 91 333 09 02 30  -0.514   0.105   0.048   0.528
 91 333 09 03 30  -0.502   0.120   0.051   0.519
 91 333 09 04 30  -0.510   0.122   0.031   0.525
 91 333 09 05 30  -0.501   0.128   0.042   0.519
 91 333 09 06 30  -0.505   0.131   0.062   0.526
 91 333 09 07 30  -0.501   0.131   0.062   0.522
 91 333 09 08 30  -0.507   0.135   0.062   0.528
 91 333 09 09 30  -0.512   0.136   0.050   0.533
 91 333 09 10 30  -0.509   0.128   0.045   0.527
 91 333 09 11 30  -0.508   0.132   0.038   0.526
 91 333 09 12 30  -0.511   0.132   0.046   0.530
 91 333 09 13 30  -0.519   0.125   0.074   0.539
 91 333 09 14 30  -0.515   0.131   0.078   0.537
 91 333 09 15 30  -0.523   0.128   0.070   0.544
 91 333 09 16 30  -0.514   0.128   0.056   0.533
 91 333 09 17 30  -0.513   0.130   0.047   0.531
 91 333 09 18 30  -0.512   0.126   0.050   0.530
 91 333 09 19 30  -0.515   0.124   0.056   0.533
 91 333 09 20 30  -0.505   0.137   0.047   0.526
 91 333 09 21 30  -0.500   0.155   0.034   0.525
 91 333 09 22 30  -0.495   0.150   0.020   0.518
 91 333 09 23 30  -0.498   0.145   0.028   0.520
 91 333 09 24 30  -0.509   0.153   0.022   0.533
 91 333 09 25 30  -0.520   0.150   0.023   0.542
 91 333 09 26 30  -0.517   0.179   0.000   0.547
 91 333 09 27 30  -0.515   0.167   0.009   0.542
 91 333 09 28 30  -0.513   0.142   0.038   0.535
 91 333 09 29 30  -0.508   0.142   0.041   0.529
 91 333 09 30 30  -0.514   0.170   0.017   0.542
 91 333 09 31 30  -0.504   0.187   0.007   0.538
 91 333 09 32 30  -0.520   0.176   0.026   0.550
 91 333 09 33 30  -0.464   0.271  -0.105   0.549
 91 333 09 34 30  -0.460   0.277  -0.113   0.549
 91 333 09 35 30  -0.472   0.264  -0.017   0.543
 91 333 09 36 30  -0.471   0.248   0.031   0.535
 91 333 09 37 30  -0.481   0.321   0.170   0.674
 91 333 09 38 30  -0.497   0.236  -0.027   0.552
 91 333 09 39 30  -0.508   0.218  -0.037   0.554
 91 333 09 40 30  -0.504   0.209  -0.008   0.546
 91 333 09 41 30  -0.496   0.212   0.004   0.540
 91 333 09 42 30  -0.489   0.229   0.005   0.540
 91 333 09 43 30  -0.488   0.226   0.003   0.538
 91 333 09 46 30  -0.486   0.199  -0.009   0.526
 91 333 09 47 30  -0.471   0.261  -0.059   0.545
 91 333 09 48 30  -0.394   0.358  -0.109   0.545
 91 333 09 49 30  -0.450   0.257  -0.052   0.528
 91 333 09 50 30  -0.529   0.119   0.038   0.545
 91 333 09 51 30  -0.536   0.078   0.057   0.545
 91 333 09 52 30  -0.516   0.025   0.083   0.523
 91 333 09 53 30  -0.514   0.020   0.067   0.519
 91 333 09 54 30  -0.517   0.031   0.058   0.521
 91 333 09 55 30  -0.518   0.035   0.054   0.522
 91 333 09 56 30  -0.516   0.034   0.050   0.520
 91 333 09 57 30  -0.509   0.057   0.034   0.513
 91 333 09 58 30  -0.507   0.034   0.057   0.512
 91 333 09 59 30  -0.502   0.035   0.061   0.508
 91 333 10 00 30  -0.501   0.030   0.036   0.503
 91 333 10 01 30  -0.488  -0.082   0.114   0.628
 91 333 10 02 30  -0.514   0.042   0.038   0.518
 91 333 10 03 30  -0.522   0.047   0.032   0.525
 91 333 10 04 30  -0.525   0.046   0.038   0.529
 91 333 10 05 30  -0.520   0.031   0.051   0.523
 91 333 10 06 30  -0.509   0.032   0.045   0.512
 91 333 10 07 30  -0.510   0.014   0.069   0.515
 91 333 10 08 30  -0.517   0.022   0.047   0.520
 91 333 10 09 30  -0.407   0.057   0.046   0.616
 91 333 10 15 30  -0.529   0.019   0.051   0.532
 91 333 10 16 30  -0.528   0.026   0.052   0.531
 91 333 10 17 30  -0.529   0.015   0.048   0.532
 91 333 11 04 30  -0.541   0.043   0.023   0.543
 91 333 11 05 30  -0.535   0.054   0.014   0.538
 91 333 11 08 30  -0.525   0.015  -0.048   0.598
 91 333 11 09 30  -0.525   0.074   0.004   0.530
 91 333 11 10 30  -0.526   0.086   0.008   0.534
 91 333 11 11 30  -0.530   0.087  -0.027   0.539
 91 333 11 12 30  -0.537   0.078   0.031   0.543
 91 333 11 13 30  -0.538   0.097   0.005   0.547
 91 333 11 19 30  -0.530   0.084  -0.001   0.537
 91 333 13 15 30  -0.525   0.147  -0.035   0.546
 91 333 13 16 30  -0.532   0.138  -0.040   0.551
 91 333 13 17 30  -0.541   0.135  -0.050   0.560
 91 333 13 18 30  -0.537   0.138  -0.035   0.556
 91 333 13 19 30  -0.539   0.143  -0.011   0.558
 91 333 13 20 30  -0.539   0.135  -0.015   0.557
 91 333 13 21 30  -0.528   0.144  -0.037   0.549
 91 333 13 22 30  -0.533   0.136  -0.031   0.551
 91 333 13 23 30  -0.527   0.116  -0.010   0.540
 91 333 13 24 30  -0.533   0.113  -0.015   0.545
 91 333 13 25 30  -0.532   0.093  -0.023   0.541
 91 333 13 26 30  -0.526   0.095   0.020   0.536
 91 333 13 27 30  -0.538   0.122   0.018   0.552
 91 333 13 28 30  -0.532   0.139   0.021   0.550
 91 333 13 29 30  -0.547   0.118  -0.002   0.559
 91 333 13 30 30  -0.555   0.081  -0.018   0.561
 91 333 13 31 30  -0.562   0.059  -0.003   0.565
 91 333 13 32 30  -0.554   0.078  -0.014   0.560
 91 333 13 33 30  -0.546   0.118   0.028   0.559
 91 333 13 34 30  -0.540   0.089   0.055   0.551
 91 333 13 35 30  -0.542   0.054  -0.014   0.546
 91 333 13 36 30  -0.558   0.030  -0.049   0.561
 91 333 13 37 30  -0.556  -0.049  -0.053   0.562
 91 333 13 38 30  -0.557  -0.081  -0.002   0.563
 91 333 13 39 30  -0.560  -0.023   0.007   0.560
 91 333 13 40 30  -0.559  -0.027  -0.002   0.560
 91 333 13 41 30  -0.548  -0.064  -0.006   0.552
 91 333 13 42 30  -0.541  -0.106   0.000   0.552
 91 333 13 43 30  -0.538  -0.147   0.016   0.558
 91 333 13 44 30  -0.538  -0.164   0.033   0.564
 91 333 13 45 30  -0.538  -0.131   0.051   0.558
 91 333 13 46 30  -0.540  -0.021   0.058   0.544
 91 333 13 47 30  -0.534   0.013   0.022   0.535
 91 333 13 48 30  -0.532  -0.027   0.013   0.533
 91 333 13 49 30  -0.538  -0.019   0.020   0.539
 91 333 13 50 30  -0.532  -0.007   0.032   0.533
 91 333 13 51 30  -0.528   0.017   0.030   0.529
 91 333 13 52 30  -0.529   0.008   0.043   0.531
 91 333 13 53 30  -0.533   0.007  -0.008   0.533
 91 333 13 54 30  -0.539  -0.014  -0.003   0.540
 91 333 13 55 30  -0.546  -0.008   0.002   0.546
 91 333 13 56 30  -0.546   0.000   0.016   0.546
 91 333 13 57 30  -0.546  -0.012   0.004   0.546
 91 333 13 58 30  -0.545  -0.028   0.003   0.546
 91 333 13 59 30  -0.537  -0.023  -0.009   0.538
 91 333 14 00 30  -0.544  -0.015  -0.023   0.544
 91 333 14 01 30  -0.546   0.007  -0.021   0.547
 91 333 14 02 30  -0.545   0.020  -0.021   0.546
 91 333 14 03 30  -0.543   0.030  -0.004   0.544
 91 333 14 04 30  -0.540   0.030   0.018   0.541
 91 333 14 05 30  -0.532   0.027   0.035   0.534
 91 333 14 06 30  -0.536   0.009   0.033   0.537
 91 333 14 07 30  -0.541   0.006   0.016   0.541
 91 333 14 08 30  -0.551   0.022  -0.001   0.551
 91 333 14 09 30  -0.551   0.033   0.012   0.552
 91 333 14 10 30  -0.554   0.029   0.025   0.556
 91 333 14 11 30  -0.554   0.041   0.041   0.557
 91 333 14 12 30  -0.545   0.040   0.051   0.549
 91 333 14 13 30  -0.542   0.039   0.087   0.551
 91 333 14 14 30  -0.552   0.038   0.102   0.563
 91 333 14 15 30  -0.552   0.055   0.095   0.564
 91 333 14 16 30  -0.558   0.077   0.079   0.569
 91 333 14 17 30  -0.562   0.071   0.048   0.568
 91 333 14 18 30  -0.553   0.065   0.026   0.557
 91 333 14 19 30  -0.551   0.056   0.000   0.554
 91 333 14 20 30  -0.548   0.071   0.008   0.553
 91 333 14 21 30  -0.553   0.074   0.008   0.558
 91 333 14 22 30  -0.554   0.076   0.010   0.560
 91 333 14 23 30  -0.555   0.083   0.027   0.562
 91 333 14 24 30  -0.559   0.092   0.017   0.567
 91 333 14 25 30  -0.564   0.095   0.010   0.572
 91 333 14 26 30  -0.564   0.077   0.015   0.570
 91 333 14 27 30  -0.576   0.060   0.016   0.579
 91 333 14 28 30  -0.560   0.061   0.023   0.564
 91 333 14 29 30  -0.555   0.068   0.021   0.560
 91 333 14 30 30  -0.557   0.068   0.011   0.562
 91 333 14 31 30  -0.563   0.054   0.015   0.566
 91 333 14 32 30  -0.564   0.047   0.019   0.566
 91 333 14 33 30  -0.564   0.049   0.022   0.567
 91 333 14 34 30  -0.567   0.058   0.025   0.571
 91 333 14 35 30  -0.563   0.057   0.017   0.566
 91 333 14 36 30  -0.570   0.059   0.021   0.573
 91 333 14 37 30  -0.568   0.084  -0.015   0.575
 91 333 14 38 30  -0.579   0.081  -0.005   0.585
 91 333 14 39 30  -0.576   0.058   0.005   0.579
 91 333 14 40 30  -0.570   0.067   0.022   0.575
 91 333 14 41 30  -0.559   0.077   0.000   0.564
 91 333 14 42 30  -0.551   0.076  -0.012   0.557
 91 333 14 43 30  -0.558   0.071  -0.009   0.563
 91 333 14 44 30  -0.570   0.069  -0.013   0.574
 91 333 14 45 30  -0.573   0.076  -0.025   0.579
 91 333 14 46 30  -0.562   0.079  -0.030   0.568
 91 333 14 47 30  -0.558   0.074  -0.016   0.564
 91 333 14 48 30  -0.565   0.046   0.017   0.567
 91 333 14 49 30  -0.566   0.038   0.028   0.568
 91 333 14 50 30  -0.566   0.060   0.017   0.570
 91 333 14 51 30  -0.556   0.095  -0.002   0.564
 91 333 14 52 30  -0.555   0.050   0.027   0.558
 91 333 14 53 30  -0.563   0.009   0.040   0.564
 91 333 14 54 30  -0.562   0.043   0.036   0.565
 91 333 14 55 30  -0.558   0.079   0.019   0.565
 91 333 14 56 30  -0.556   0.079   0.012   0.562
 91 333 14 57 30  -0.556   0.068  -0.002   0.560
 91 333 14 58 30  -0.560   0.046   0.026   0.562
 91 333 14 59 30  -0.561   0.053   0.015   0.563
 91 333 15 00 30  -0.557   0.073   0.016   0.562
 91 333 15 01 30  -0.557   0.069  -0.004   0.562
 91 333 15 02 30  -0.547   0.110  -0.042   0.560
 91 333 15 03 30  -0.547   0.114  -0.042   0.561
 91 333 15 04 30  -0.549   0.104  -0.023   0.560
 91 333 15 05 30  -0.546   0.097  -0.032   0.556
 91 333 15 06 30  -0.546   0.111  -0.013   0.558
 91 333 15 07 30  -0.553   0.116  -0.016   0.565
 91 333 15 08 30  -0.550   0.119  -0.017   0.563
 91 333 15 09 30  -0.552   0.100  -0.007   0.561
 91 333 15 10 30  -0.550   0.100   0.009   0.559
 91 333 15 11 30  -0.553   0.094   0.007   0.561
 91 333 15 12 30  -0.545   0.101   0.014   0.555
 91 333 15 13 30  -0.549   0.112   0.028   0.561
 91 333 15 14 30  -0.547   0.105   0.018   0.558
 91 333 15 15 30  -0.544   0.093   0.034   0.554
 91 333 15 16 30  -0.553   0.069   0.024   0.558
 91 333 15 17 30  -0.556   0.046   0.020   0.558
 91 333 15 18 30  -0.559   0.063   0.033   0.563
 91 333 15 19 30  -0.561   0.077   0.029   0.567
 91 333 15 20 30  -0.556   0.069   0.013   0.560
 91 333 15 21 30  -0.555   0.074   0.012   0.560
 91 333 15 22 30  -0.560   0.053   0.012   0.563
 91 333 15 23 30  -0.563   0.038   0.014   0.565
 91 333 15 24 30  -0.569   0.021   0.010   0.570
 91 333 15 25 30  -0.568   0.019  -0.006   0.569
 91 333 15 26 30  -0.563   0.038   0.004   0.565
 91 333 15 27 30  -0.564   0.043   0.012   0.566
 91 333 15 28 30  -0.566   0.021   0.008   0.567
 91 333 15 29 30  -0.568   0.015   0.003   0.568
 91 333 15 30 30  -0.564   0.016  -0.005   0.564
 91 333 15 31 30  -0.563  -0.002  -0.011   0.563
 91 333 15 32 30  -0.563   0.008  -0.011   0.564
 91 333 15 33 30  -0.567   0.018  -0.005   0.567
 91 333 15 34 30  -0.566   0.030   0.007   0.567
 91 333 15 35 30  -0.562   0.012  -0.010   0.562
 91 333 15 36 30  -0.558   0.012  -0.023   0.558
 91 333 15 37 30  -0.562   0.024  -0.014   0.563
 91 333 15 38 30  -0.565   0.015  -0.022   0.566
 91 333 15 39 30  -0.571   0.010  -0.025   0.572
 91 333 15 40 30  -0.559   0.023  -0.042   0.562
 91 333 15 41 30  -0.552   0.014  -0.026   0.553
 91 333 15 42 30  -0.545   0.021  -0.017   0.545
 91 333 15 43 30  -0.552   0.046  -0.002   0.555
 91 333 15 44 30  -0.556   0.051   0.001   0.559
 91 333 15 45 30  -0.551   0.054  -0.025   0.555
 91 333 15 46 30  -0.552   0.028  -0.019   0.554
 91 333 15 47 30  -0.553   0.009  -0.027   0.554
 91 333 15 48 30  -0.553   0.038  -0.010   0.554
 91 333 15 49 30  -0.544   0.058  -0.019   0.548
 91 333 15 50 30  -0.540   0.080  -0.070   0.552
 91 333 15 51 30  -0.553   0.047  -0.038   0.558
 91 333 15 52 30  -0.557   0.061  -0.042   0.563
 91 333 15 53 30  -0.556   0.042  -0.060   0.561
 91 333 15 54 30  -0.551   0.002  -0.075   0.556
 91 333 15 55 30  -0.553   0.027  -0.052   0.557
 91 333 15 56 30  -0.548   0.038  -0.047   0.552
 91 333 15 57 30  -0.548   0.025  -0.012   0.548
 91 333 15 58 30  -0.552   0.022  -0.028   0.553
 91 333 15 59 30  -0.554  -0.003  -0.035   0.555
 91 333 16 00 30  -0.551  -0.004  -0.008   0.552
 91 333 16 01 30  -0.549  -0.006  -0.021   0.550
 91 333 16 02 30  -0.542  -0.013  -0.036   0.544
 91 333 16 03 30  -0.548   0.000  -0.029   0.549
 91 333 16 04 30  -0.551  -0.027  -0.013   0.552
 91 333 16 05 30  -0.552  -0.039  -0.047   0.555
 91 333 16 06 30  -0.554   0.015  -0.046   0.556
 91 333 16 07 30  -0.549   0.035  -0.040   0.551
 91 333 16 08 30  -0.544   0.029  -0.042   0.547
 91 333 16 09 30  -0.548   0.037  -0.051   0.552
 91 333 16 10 30  -0.549   0.031  -0.052   0.553
 91 333 16 11 30  -0.550   0.037  -0.039   0.553
 91 333 16 12 30  -0.549   0.043  -0.044   0.553
 91 333 16 13 30  -0.553   0.050  -0.028   0.556
 91 333 16 14 30  -0.553   0.051  -0.021   0.556
 91 333 16 15 30  -0.551   0.025  -0.036   0.553
 91 333 16 16 30  -0.538   0.039  -0.050   0.542
 91 333 16 17 30  -0.548   0.029  -0.041   0.550
 91 333 16 18 30  -0.553   0.038  -0.024   0.556
 91 333 16 19 30  -0.550   0.054  -0.003   0.552
 91 333 16 20 30  -0.548   0.066  -0.018   0.552
 91 333 16 21 30  -0.548   0.056  -0.046   0.553
 91 333 16 22 30  -0.549   0.039  -0.043   0.552
 91 333 16 23 30  -0.554   0.034  -0.028   0.556
 91 333 16 24 30  -0.555   0.022  -0.033   0.557
 91 333 16 25 30  -0.555   0.052  -0.020   0.558
 91 333 16 26 30  -0.555   0.046  -0.013   0.558
 91 333 16 27 30  -0.553   0.012  -0.030   0.555
 91 333 16 28 30  -0.553   0.053  -0.040   0.557
 91 333 16 29 30  -0.550   0.071  -0.045   0.556
 91 333 16 30 30  -0.551   0.051  -0.024   0.554
 91 333 16 31 30  -0.550   0.048  -0.032   0.553
 91 333 16 32 30  -0.550   0.046  -0.033   0.553
 91 333 16 33 30  -0.558   0.023  -0.014   0.560
 91 333 16 34 30  -0.560   0.005  -0.019   0.561
 91 333 16 35 30  -0.552   0.011  -0.030   0.553
 91 333 16 36 30  -0.549   0.055  -0.030   0.553
 91 333 16 37 30  -0.544   0.040  -0.048   0.548
 91 333 16 38 30  -0.550   0.019  -0.024   0.551
 91 333 16 39 30  -0.565   0.036  -0.017   0.567
 91 333 16 40 30  -0.550   0.041  -0.017   0.552
 91 333 16 41 30  -0.548   0.041  -0.023   0.551
 91 333 16 42 30  -0.549   0.007  -0.031   0.550
 91 333 16 43 30  -0.551   0.023  -0.044   0.554
 91 333 16 44 30  -0.556   0.028  -0.038   0.558
 91 333 16 45 30  -0.559   0.009  -0.031   0.560
 91 333 16 46 30  -0.550   0.025  -0.016   0.552
 91 333 16 47 30  -0.553   0.015  -0.021   0.554
 91 333 16 48 30  -0.545   0.041  -0.024   0.547
 91 333 16 49 30  -0.548   0.053  -0.044   0.553
 91 333 16 50 30  -0.549   0.038  -0.033   0.552
 91 333 16 51 30  -0.555   0.030  -0.022   0.557
 91 333 16 52 30  -0.545   0.034  -0.033   0.548
 91 333 16 53 30  -0.548   0.045  -0.013   0.550
 91 333 16 54 30  -0.548   0.052  -0.012   0.550
 91 333 16 55 30  -0.550   0.047  -0.021   0.553
 91 333 16 56 30  -0.553   0.054  -0.008   0.556
 91 333 16 57 30  -0.547   0.059  -0.002   0.550
 91 333 16 58 30  -0.553   0.046  -0.010   0.555
 91 333 16 59 30  -0.555   0.038   0.001   0.558
 91 333 17 00 30  -0.553   0.033  -0.022   0.554
 91 333 17 01 30  -0.550   0.015  -0.033   0.552
 91 333 17 02 30  -0.551   0.029  -0.020   0.553
 91 333 17 03 30  -0.548   0.058  -0.016   0.552
 91 333 17 08 30  -0.548   0.061  -0.041   0.554
 91 333 17 09 30  -0.547   0.056  -0.054   0.553
 91 333 17 10 30  -0.548   0.078  -0.031   0.555
 91 333 17 11 30  -0.546   0.081  -0.051   0.555
 91 333 17 12 30  -0.550   0.077  -0.039   0.557
 91 333 17 13 30  -0.556   0.072  -0.025   0.562
 91 333 17 14 30  -0.544   0.056  -0.050   0.550
 91 333 17 15 30  -0.546   0.076  -0.071   0.556
 91 333 17 16 30  -0.536   0.059  -0.086   0.546
 91 333 17 17 30  -0.540   0.065  -0.090   0.552
 91 333 17 18 30  -0.537   0.059  -0.084   0.547
 91 333 17 19 30  -0.538   0.069  -0.083   0.550
 91 333 17 20 30  -0.548   0.061  -0.070   0.557
 91 333 17 21 30  -0.555   0.068  -0.039   0.561
 91 333 17 22 30  -0.547   0.075  -0.049   0.555
 91 333 17 23 30  -0.544   0.057  -0.041   0.549
 91 333 17 24 30  -0.551   0.055  -0.061   0.557
 91 333 17 25 30  -0.547   0.075  -0.066   0.556
 91 333 17 26 30  -0.541   0.068  -0.073   0.551
 91 333 17 27 30  -0.535   0.037  -0.094   0.545
 91 333 17 28 30  -0.532   0.036  -0.089   0.541
 91 333 17 29 30  -0.537   0.055  -0.086   0.546
 91 333 17 30 30  -0.558   0.056  -0.079   0.566
 91 333 17 31 30  -0.557  -0.006  -0.050   0.561
 91 333 17 32 30  -0.539  -0.007  -0.056   0.542
 91 333 17 33 30  -0.529   0.001  -0.055   0.532
 91 333 17 34 30  -0.535   0.034  -0.048   0.539
 91 333 17 35 30  -0.537   0.055  -0.056   0.543
 91 333 17 36 30  -0.548   0.064  -0.066   0.556
 91 333 17 37 30  -0.555   0.048  -0.049   0.559
 91 333 17 38 30  -0.537   0.021   0.002   0.539
 91 333 17 39 30  -0.532   0.038  -0.021   0.534
 91 333 17 40 30  -0.534   0.044  -0.052   0.539
 91 333 17 41 30  -0.543   0.070  -0.049   0.551
 91 333 17 42 30  -0.561   0.045  -0.026   0.563
 91 333 17 43 30  -0.551   0.041   0.009   0.553
 91 333 17 44 30  -0.544   0.043  -0.016   0.547
 91 333 17 45 30  -0.532   0.044  -0.012   0.534
 91 333 17 46 30  -0.528   0.038   0.013   0.530
 91 333 17 47 30  -0.542   0.023   0.021   0.543
 91 333 17 48 30  -0.553   0.048   0.027   0.556
 91 333 17 49 30  -0.551   0.055   0.026   0.555
 91 333 17 50 30  -0.550   0.022   0.061   0.554
 91 333 17 51 30  -0.537   0.019   0.069   0.543
 91 333 17 52 30  -0.540  -0.001   0.061   0.544
 91 333 17 53 30  -0.539   0.030   0.082   0.546
 91 333 17 54 30  -0.541   0.036   0.108   0.553
 91 333 17 55 30  -0.546   0.013   0.098   0.556
 91 333 17 56 30  -0.543   0.028   0.098   0.553
 91 333 17 57 30  -0.540   0.046   0.081   0.548
 91 333 17 58 30  -0.531   0.042   0.115   0.545
 91 333 17 59 30  -0.530   0.049   0.113   0.544
 91 333 18 00 30  -0.541   0.056   0.102   0.554
 91 333 18 01 30  -0.543   0.069   0.105   0.558
 91 333 18 02 30  -0.549   0.104  -0.002   0.560
 91 333 18 03 30  -0.540   0.097   0.008   0.549
 91 333 18 04 30  -0.529   0.104   0.029   0.540
 91 333 18 05 30  -0.537   0.083   0.013   0.544
 91 333 18 06 30  -0.543   0.074   0.004   0.548
 91 333 18 07 30  -0.542   0.033   0.054   0.547
 91 333 18 08 30  -0.548   0.081   0.026   0.555
 91 333 18 09 30  -0.552   0.094   0.004   0.561
 91 333 18 10 30  -0.545   0.064   0.030   0.550
 91 333 18 11 30  -0.548   0.048   0.026   0.551
 91 333 18 12 30  -0.553   0.051   0.022   0.556
 91 333 18 13 30  -0.549   0.057   0.014   0.553
 91 333 18 14 30  -0.543   0.084   0.010   0.550
 91 333 18 15 30  -0.545   0.100   0.020   0.554
 91 333 18 16 30  -0.544   0.098  -0.014   0.553
 91 333 18 17 30  -0.546   0.089   0.010   0.554
 91 333 18 18 30  -0.545   0.061   0.007   0.548
 91 333 18 19 30  -0.542   0.091   0.008   0.550
 91 333 18 20 30  -0.539   0.091   0.004   0.547
 91 333 18 21 30  -0.536   0.122   0.017   0.551
 91 333 18 22 30  -0.537   0.124   0.025   0.552
 91 333 18 23 30  -0.533   0.126   0.012   0.548
 91 333 18 24 30  -0.538   0.108   0.028   0.550
 91 333 18 25 30  -0.542   0.097   0.027   0.552
 91 333 18 26 30  -0.539   0.098   0.022   0.549
 91 333 18 27 30  -0.541   0.118   0.021   0.555
 91 333 18 28 30  -0.548   0.099   0.043   0.559
 91 333 18 29 30  -0.546   0.109   0.047   0.559
 91 333 18 30 30  -0.535   0.127   0.043   0.552
 91 333 18 31 30  -0.535   0.106   0.045   0.548
 91 333 18 32 30  -0.532   0.103   0.049   0.544
 91 333 18 33 30  -0.535   0.107   0.031   0.547
 91 333 18 34 30  -0.542   0.104   0.043   0.554
 91 333 18 35 30  -0.545   0.111   0.034   0.558
 91 333 18 36 30  -0.547   0.111   0.021   0.559
 91 333 18 37 30  -0.541   0.078   0.006   0.548
 91 333 18 38 30  -0.537   0.073   0.015   0.542
 91 333 18 39 30  -0.536   0.087   0.024   0.545
 91 333 18 40 30  -0.531   0.105   0.038   0.544
 91 333 18 41 30  -0.528   0.115   0.056   0.544
 91 333 18 42 30  -0.539   0.110   0.046   0.552
 91 333 18 43 30  -0.546   0.108  -0.003   0.558
 91 333 18 44 30  -0.542   0.130  -0.025   0.558
 91 333 18 45 30  -0.539   0.139  -0.026   0.558
 91 333 18 46 30  -0.528   0.131  -0.027   0.546
 91 333 18 47 30  -0.539   0.151  -0.043   0.561
 91 333 18 48 30  -0.540   0.095  -0.067   0.553
 91 333 18 49 30  -0.540   0.095  -0.047   0.550
 91 333 18 50 30  -0.541   0.064  -0.079   0.550
 91 333 18 51 30  -0.551   0.062  -0.094   0.562
 91 333 18 52 30  -0.550   0.070  -0.076   0.560
 91 333 18 53 30  -0.530   0.096  -0.054   0.543
 91 333 18 54 30  -0.528   0.102  -0.029   0.539
 91 333 18 55 30  -0.522   0.097  -0.045   0.534
 91 333 18 56 30  -0.536   0.069  -0.026   0.541
 91 333 18 57 30  -0.530   0.119  -0.004   0.544
 91 333 18 58 30  -0.525   0.148  -0.034   0.549
 91 333 18 59 30  -0.519   0.120  -0.062   0.537
 91 333 19 00 30  -0.534   0.107  -0.055   0.548
 91 333 19 01 30  -0.536   0.108  -0.029   0.548
 91 333 19 02 30  -0.541   0.102  -0.043   0.552
 91 333 19 03 30  -0.542   0.084  -0.040   0.550
 91 333 19 04 30  -0.533   0.074  -0.053   0.542
 91 333 19 05 30  -0.527   0.092  -0.040   0.537
 91 333 19 06 30  -0.519   0.102  -0.040   0.532
 91 333 19 07 30  -0.531   0.085  -0.033   0.539
 91 333 19 08 30  -0.542   0.069  -0.061   0.550
 91 333 19 09 30  -0.548   0.087  -0.038   0.557
 91 333 19 10 30  -0.542   0.121   0.001   0.556
 91 333 19 11 30  -0.536   0.108   0.032   0.548
 91 333 19 12 30  -0.533   0.090   0.036   0.543
 91 333 19 13 30  -0.531   0.090   0.016   0.539
 91 333 19 14 30  -0.531   0.094   0.035   0.540
 91 333 19 15 30  -0.537   0.098   0.047   0.548
 91 333 19 16 30  -0.541   0.068   0.050   0.547
 91 333 19 17 30  -0.546   0.053   0.026   0.549
 91 333 19 18 30  -0.560   0.031   0.018   0.561
 91 333 19 19 30  -0.546   0.036   0.017   0.548
 91 333 19 20 30  -0.542   0.008  -0.008   0.542
 91 333 19 21 30  -0.544  -0.003  -0.003   0.545
 91 333 19 22 30  -0.546   0.012   0.007   0.546
 91 333 19 23 30  -0.537  -0.013   0.018   0.538
 91 333 19 24 30  -0.540  -0.022   0.032   0.542
 91 333 19 25 30  -0.551  -0.038   0.007   0.552
 91 333 19 26 30  -0.543  -0.040   0.015   0.545
 91 333 19 27 30  -0.543  -0.035   0.021   0.545
 91 333 19 28 30  -0.559  -0.021   0.017   0.560
 91 333 19 29 30  -0.548  -0.033   0.026   0.550
 91 333 19 30 30  -0.538  -0.033   0.024   0.540
 91 333 19 31 30  -0.546  -0.053   0.025   0.550
 91 333 19 32 30  -0.557  -0.054   0.021   0.561
 91 333 19 33 30  -0.552  -0.064   0.007   0.556
 91 333 19 34 30  -0.553  -0.058   0.011   0.556
 91 333 19 35 30  -0.554  -0.075   0.034   0.561
 91 333 19 36 30  -0.553  -0.045   0.018   0.555
 91 333 19 37 30  -0.552  -0.084   0.023   0.559
 91 333 19 38 30  -0.543  -0.102   0.031   0.554
 91 333 19 39 30  -0.545  -0.113   0.019   0.557
 91 333 19 40 30  -0.544  -0.076   0.029   0.551
 91 333 19 41 30  -0.544  -0.100   0.052   0.556
 91 333 19 42 30  -0.536  -0.106   0.052   0.549
 91 333 19 43 30  -0.534  -0.121   0.035   0.549
 91 333 19 44 30  -0.535  -0.126   0.043   0.551
 91 333 19 45 30  -0.543  -0.130   0.052   0.560
 91 333 19 46 30  -0.532  -0.141   0.054   0.553
 91 333 19 47 30  -0.568  -0.092   0.045   0.579
 91 333 19 48 30  -0.555   0.025   0.078   0.563
 91 333 19 49 30  -0.568   0.052   0.079   0.578
 91 333 19 50 30  -0.555   0.126   0.051   0.573
 91 333 19 51 30  -0.559   0.129   0.034   0.575
 91 333 19 52 30  -0.552   0.069   0.068   0.562
 91 333 19 53 30  -0.542   0.025   0.103   0.553
 91 333 19 54 30  -0.555   0.065   0.109   0.570
 91 333 19 55 30  -0.560   0.102   0.071   0.574
 91 333 19 56 30  -0.554   0.085   0.085   0.567
 91 333 19 57 30  -0.538   0.060   0.150   0.563
 91 333 19 58 30  -0.539   0.084   0.145   0.567
 91 333 19 59 30  -0.536   0.059   0.143   0.558
 91 333 20 00 30  -0.561   0.062   0.106   0.575
 91 333 20 01 30  -0.555   0.034   0.124   0.569
 91 333 20 02 30  -0.550   0.025   0.115   0.563
 91 333 20 03 30  -0.575   0.012   0.078   0.581
 91 333 20 04 30  -0.563   0.011   0.064   0.567
 91 333 20 05 30  -0.570   0.009   0.058   0.573
 91 333 20 06 30  -0.558  -0.006   0.053   0.561
 91 333 20 07 30  -0.568  -0.005   0.050   0.571
 91 333 20 08 30  -0.571  -0.002   0.052   0.574
 91 333 20 09 30  -0.571  -0.020   0.066   0.575
 91 333 20 10 30  -0.568   0.006   0.057   0.571
 91 333 20 11 30  -0.571  -0.001   0.028   0.572
 91 333 20 12 30  -0.573  -0.030   0.031   0.574
 91 333 20 13 30  -0.575  -0.040   0.032   0.577
 91 333 20 14 30  -0.569  -0.035   0.025   0.571
 91 333 20 15 30  -0.572  -0.027   0.064   0.576
 91 333 20 16 30  -0.563  -0.030   0.058   0.567
 91 333 20 17 30  -0.566  -0.013   0.050   0.569
 91 333 20 18 30  -0.561   0.002   0.025   0.562
 91 333 20 19 30  -0.559  -0.012   0.000   0.560
 91 333 20 20 30  -0.565  -0.010  -0.024   0.566
 91 333 20 21 30  -0.574  -0.003  -0.030   0.575
 91 333 20 22 30  -0.555  -0.110  -0.048   0.574
 91 333 20 23 30  -0.572  -0.023  -0.013   0.576
 91 333 20 24 30  -0.575  -0.009   0.020   0.576
 91 333 20 25 30  -0.569  -0.041   0.022   0.571
 91 333 20 26 30  -0.563  -0.068   0.002   0.568
 91 333 20 27 30  -0.561  -0.077   0.012   0.571
 91 333 20 28 30  -0.556  -0.102   0.102   0.575
 91 333 20 29 30  -0.554  -0.122   0.088   0.575
 91 333 20 30 30  -0.551  -0.133   0.103   0.577
 91 333 20 31 30  -0.562  -0.095   0.096   0.579
 91 333 20 32 30  -0.567  -0.076   0.073   0.577
 91 333 20 33 30  -0.578  -0.075   0.018   0.587
 91 333 20 34 30  -0.583  -0.047   0.068   0.589
 91 333 20 35 30  -0.579  -0.041   0.080   0.586
 91 333 20 36 30  -0.591  -0.042   0.036   0.594
 91 333 20 37 30  -0.585  -0.027   0.035   0.587
 91 333 20 38 30  -0.580  -0.016   0.010   0.581
 91 333 20 39 30  -0.582   0.006   0.004   0.582
 91 333 20 40 30  -0.586  -0.020   0.032   0.588
 91 333 20 41 30  -0.592  -0.032   0.066   0.597
 91 333 20 42 30  -0.591  -0.026   0.065   0.595
 91 333 20 43 30  -0.582  -0.027   0.083   0.589
 91 333 20 44 30  -0.584  -0.007   0.073   0.589
 91 333 20 45 30  -0.583   0.034   0.035   0.586
 91 333 20 46 30  -0.587   0.072  -0.004   0.591
 91 333 20 47 30  -0.585   0.057   0.047   0.591
 91 333 20 48 30  -0.591   0.036   0.057   0.595
 91 333 20 49 30  -0.584   0.017   0.054   0.587
 91 333 20 50 30  -0.573   0.029   0.063   0.577
 91 333 20 51 30  -0.577   0.021   0.064   0.582
 91 333 20 52 30  -0.573   0.019   0.067   0.578
 91 333 20 53 30  -0.569   0.006   0.054   0.572
 91 333 20 54 30  -0.574   0.018   0.029   0.576
 91 333 20 55 30  -0.584   0.001   0.046   0.586
 91 333 20 56 30  -0.591   0.025   0.031   0.593
 91 333 20 57 30  -0.579   0.022   0.014   0.580
 91 333 20 58 30  -0.580   0.055  -0.054   0.586
 91 333 20 59 30  -0.579   0.064  -0.036   0.584
 91 333 21 00 30  -0.581   0.018  -0.013   0.582
 91 333 21 01 30  -0.591   0.008  -0.006   0.591
 91 333 21 02 30  -0.588  -0.022  -0.002   0.589
 91 333 21 03 30  -0.583  -0.054   0.034   0.587
 91 333 21 04 30  -0.587  -0.026   0.059   0.591
 91 333 21 05 30  -0.591  -0.020   0.061   0.595
 91 333 21 06 30  -0.592  -0.036   0.051   0.596
 91 333 21 11 30  -0.573  -0.075   0.073   0.583
 91 333 21 12 30  -0.572  -0.089   0.085   0.587
 91 333 21 13 30  -0.562  -0.094   0.131   0.585
 91 333 21 14 30  -0.555  -0.088   0.105   0.572
 91 333 21 15 30  -0.554  -0.094   0.150   0.582
 91 333 21 16 30  -0.558  -0.117   0.160   0.594
 91 333 21 17 30  -0.547  -0.161   0.205   0.606
 91 333 21 18 30  -0.566  -0.115   0.143   0.598
 91 333 21 19 30  -0.567  -0.091   0.127   0.589
 91 333 21 20 30  -0.574  -0.015   0.093   0.587
 91 333 21 21 30  -0.566   0.034   0.089   0.575
 91 333 21 22 30  -0.580   0.037   0.049   0.583
 91 333 21 23 30  -0.584  -0.050   0.025   0.587
 91 333 21 24 30  -0.568  -0.057   0.092   0.579
 91 333 21 25 30  -0.541  -0.106   0.170   0.580
 91 333 21 26 30  -0.498  -0.188   0.243   0.586
 91 333 21 27 30  -0.531  -0.171   0.196   0.593
 91 333 21 28 30  -0.512  -0.114   0.262   0.587
 91 333 21 29 30  -0.529  -0.106   0.218   0.582
 91 333 21 30 30  -0.538  -0.095   0.210   0.585
 91 333 21 31 30  -0.540  -0.093   0.202   0.584
 91 333 21 32 30  -0.533  -0.111   0.202   0.580
 91 333 21 33 30  -0.534  -0.114   0.196   0.581
 91 333 21 34 30  -0.540  -0.110   0.219   0.593
 91 333 21 35 30  -0.522  -0.123   0.237   0.587
 91 333 21 36 30  -0.473  -0.158   0.311   0.589
 91 333 21 37 30  -0.505  -0.108   0.269   0.583
 91 333 21 38 30  -0.501  -0.140   0.269   0.586
 91 333 21 39 30  -0.499  -0.099   0.302   0.593
 91 333 21 40 30  -0.552  -0.078   0.194   0.592
 91 333 21 41 30  -0.553  -0.072   0.164   0.582
 91 333 21 42 30  -0.559  -0.087   0.147   0.585
 91 333 21 43 30  -0.539  -0.078   0.223   0.589
 91 333 21 44 30  -0.542  -0.058   0.172   0.572
 91 333 21 45 30  -0.560  -0.054   0.141   0.580
 91 333 21 46 30  -0.570  -0.043   0.071   0.577
 91 333 21 47 30  -0.571  -0.012   0.003   0.572
 91 333 21 48 30  -0.565  -0.008   0.006   0.566
 91 333 21 49 30  -0.574  -0.019   0.020   0.575
 91 333 21 50 30  -0.575  -0.029   0.035   0.576
 91 333 21 51 30  -0.582  -0.033   0.035   0.584
 91 333 21 52 30  -0.578  -0.034   0.031   0.580
 91 333 21 53 30  -0.569  -0.033   0.040   0.571
 91 333 21 54 30  -0.571  -0.031   0.022   0.572
 91 333 21 55 30  -0.567  -0.034   0.010   0.568
 91 333 21 56 30  -0.571  -0.056   0.027   0.575
 91 333 21 57 30  -0.576  -0.044   0.062   0.581
 91 333 21 58 30  -0.577  -0.029   0.063   0.581
 91 333 21 59 30  -0.565  -0.045   0.063   0.571
 91 333 22 00 30  -0.570  -0.039   0.003   0.571
 91 333 22 01 30  -0.566  -0.005  -0.038   0.567
 91 333 22 02 30  -0.562  -0.003  -0.050   0.565
 91 333 22 03 30  -0.563  -0.007  -0.048   0.565
 91 333 22 04 30  -0.568  -0.004  -0.073   0.572
 91 333 22 05 30  -0.576  -0.008  -0.072   0.580
 91 333 22 06 30  -0.572  -0.021  -0.056   0.576
 91 333 22 07 30  -0.569  -0.030  -0.037   0.571
 91 333 22 08 30  -0.564  -0.023  -0.031   0.566
 91 333 22 09 30  -0.564  -0.002  -0.048   0.566
 91 333 22 10 30  -0.569  -0.017  -0.050   0.572
 91 333 22 11 30  -0.576  -0.006  -0.042   0.578
 91 333 22 12 30  -0.571  -0.012  -0.043   0.573
 91 333 22 13 30  -0.567  -0.014  -0.031   0.569
 91 333 22 14 30  -0.566  -0.057  -0.008   0.569
 91 333 22 15 30  -0.552  -0.106   0.004   0.563
 91 333 22 16 30  -0.559  -0.091  -0.003   0.567
 91 333 22 17 30  -0.560  -0.081   0.000   0.566
 91 333 22 18 30  -0.574  -0.045  -0.024   0.576
 91 333 22 19 30  -0.569  -0.052  -0.010   0.572
 91 333 22 20 30  -0.561  -0.050  -0.001   0.563
 91 333 22 21 30  -0.558  -0.041   0.003   0.560
 91 333 22 22 30  -0.569  -0.031   0.022   0.570
 91 333 22 23 30  -0.563  -0.054   0.006   0.566
 91 333 22 24 30  -0.558  -0.069   0.016   0.562
 91 333 22 25 30  -0.561  -0.069   0.022   0.566
 91 333 22 26 30  -0.559  -0.094   0.017   0.567
 91 333 22 27 30  -0.567  -0.076   0.029   0.573
 91 333 22 28 30  -0.563  -0.066   0.045   0.569
 91 333 22 29 30  -0.561  -0.054   0.052   0.567
 91 333 22 30 30  -0.559  -0.022   0.072   0.564
 91 333 22 31 30  -0.564  -0.009   0.074   0.569
 91 333 22 32 30  -0.569  -0.053   0.048   0.575
 91 333 22 33 30  -0.576  -0.025   0.042   0.578
 91 333 22 34 30  -0.566  -0.106   0.057   0.580
 91 333 22 35 30  -0.568  -0.123   0.064   0.586
 91 333 22 36 30  -0.558  -0.157   0.061   0.583
 91 333 22 37 30  -0.564  -0.127   0.074   0.584
 91 333 22 38 30  -0.562  -0.109   0.064   0.578
 91 333 22 39 30  -0.566  -0.097   0.069   0.579
 91 333 22 40 30  -0.563  -0.072   0.076   0.575
 91 333 22 41 30  -0.561  -0.032   0.087   0.569
 91 333 22 42 30  -0.561  -0.030   0.114   0.574
 91 333 22 43 30  -0.550  -0.069   0.105   0.566
 91 333 22 44 30  -0.557  -0.084   0.077   0.570
 91 333 22 45 30  -0.566  -0.087   0.052   0.576
 91 333 22 46 30  -0.560  -0.046   0.127   0.577
 91 333 22 47 30  -0.567  -0.053   0.108   0.580
 91 333 22 48 30  -0.562  -0.044   0.132   0.579
 91 333 22 49 30  -0.565  -0.042   0.079   0.572
 91 333 22 50 30  -0.576  -0.059   0.040   0.581
 91 333 22 51 30  -0.582  -0.061   0.047   0.588
 91 333 22 52 30  -0.567  -0.064   0.087   0.578
 91 333 22 53 30  -0.569  -0.056   0.111   0.583
 91 333 22 54 30  -0.572  -0.063   0.097   0.583
 91 333 22 55 30  -0.579  -0.051   0.098   0.590
 91 333 22 56 30  -0.589  -0.059   0.026   0.593
 91 333 22 57 30  -0.573  -0.068   0.063   0.581
 91 333 22 58 30  -0.573  -0.053   0.044   0.577
 91 333 22 59 30  -0.581  -0.016   0.018   0.582
 91 333 23 00 30  -0.582  -0.025   0.010   0.583
 91 333 23 01 30  -0.578   0.003   0.028   0.579
 91 333 23 02 30  -0.582  -0.036   0.002   0.584
 91 333 23 03 30  -0.583  -0.050   0.009   0.585
 91 333 23 04 30  -0.586  -0.029   0.001   0.587
 91 333 23 05 30  -0.582  -0.032   0.015   0.583
 91 333 23 06 30  -0.586  -0.035   0.041   0.589
 91 333 23 07 30  -0.582  -0.033   0.056   0.586
 91 333 23 08 30  -0.582  -0.038   0.055   0.586
 91 333 23 09 30  -0.583  -0.029   0.060   0.587
 91 333 23 10 30  -0.576  -0.028   0.074   0.581
 91 333 23 11 30  -0.587  -0.027   0.076   0.593
 91 333 23 12 30  -0.585  -0.035   0.088   0.593
 91 333 23 13 30  -0.586  -0.039   0.094   0.595
 91 333 23 14 30  -0.589  -0.023   0.098   0.597
 91 333 23 15 30  -0.581  -0.008   0.094   0.588
 91 333 23 16 30  -0.584  -0.037   0.104   0.594
 91 333 23 17 30  -0.569   0.007   0.119   0.582
 91 333 23 18 30  -0.567  -0.009   0.116   0.579
 91 333 23 19 30  -0.562  -0.008   0.123   0.576
 91 333 23 20 30  -0.569  -0.018   0.118   0.581
 91 333 23 21 30  -0.564  -0.029   0.125   0.578
 91 333 23 22 30  -0.558  -0.032   0.124   0.573
 91 333 23 23 30  -0.564  -0.039   0.114   0.577
 91 333 23 24 30  -0.543  -0.037   0.134   0.561
 91 333 23 25 30  -0.539  -0.021   0.143   0.558
 91 333 23 26 30  -0.552  -0.041   0.171   0.579
 91 333 23 27 30  -0.550  -0.061   0.146   0.572
 91 333 23 28 30  -0.553  -0.072   0.140   0.575
 91 333 23 29 30  -0.546  -0.070   0.152   0.571
 91 333 23 30 30  -0.516  -0.099   0.155   0.548
 91 333 23 31 30  -0.541  -0.109   0.196   0.586
 91 333 23 32 30  -0.520  -0.066   0.214   0.566
 91 333 23 33 30  -0.517  -0.075   0.209   0.563
 91 333 23 34 30  -0.525  -0.065   0.190   0.563
 91 333 23 35 30  -0.511  -0.049   0.168   0.540
 91 333 23 36 30  -0.555  -0.063   0.134   0.575
 91 333 23 37 30  -0.576  -0.086   0.080   0.588
 91 333 23 38 30  -0.573  -0.093   0.073   0.585
 91 333 23 39 30  -0.574  -0.117   0.064   0.590
 91 333 23 40 30  -0.569  -0.125   0.053   0.585
 91 333 23 41 30  -0.572  -0.125   0.057   0.589
 91 333 23 42 30  -0.577  -0.143   0.066   0.599
 91 333 23 43 30  -0.560  -0.153   0.066   0.585
 91 333 23 44 30  -0.562  -0.139   0.049   0.582
 91 333 23 45 30  -0.575  -0.115   0.075   0.591
 91 333 23 46 30  -0.570  -0.115   0.088   0.588
 91 333 23 47 30  -0.564  -0.133   0.091   0.587
 91 333 23 48 30  -0.564  -0.123   0.094   0.585
 91 333 23 49 30  -0.568  -0.109   0.094   0.586
 91 333 23 50 30  -0.576  -0.105   0.077   0.591
 91 333 23 51 30  -0.573  -0.114   0.097   0.593
 91 333 23 52 30  -0.579  -0.077   0.086   0.591
 91 333 23 53 30  -0.590  -0.030   0.077   0.596
 91 333 23 54 30  -0.585  -0.022   0.131   0.600
 91 333 23 55 30  -0.574   0.017   0.118   0.587
 91 333 23 56 30  -0.566   0.047   0.091   0.576
 91 333 23 57 30  -0.528  -0.149   0.058   0.561
 91 333 23 58 30  -0.501  -0.296   0.063   0.587
 91 333 23 59 30  -0.543  -0.248   0.044   0.600
