 91 337 00 00 30  -0.150   0.176   0.052   0.238
 91 337 00 01 30  -0.163   0.207   0.050   0.268
 91 337 00 02 30  -0.110   0.171   0.047   0.210
 91 337 00 03 30  -0.156   0.137   0.053   0.215
 91 337 00 04 30  -0.193   0.113   0.064   0.233
 91 337 00 05 30  -0.243   0.143   0.098   0.299
 91 337 00 06 30  -0.246   0.081   0.068   0.268
 91 337 00 07 30  -0.267   0.061   0.063   0.281
 91 337 00 08 30  -0.275   0.067   0.066   0.291
 91 337 00 09 30  -0.274   0.071   0.064   0.290
 91 337 00 10 30  -0.274   0.069   0.068   0.291
 91 337 00 11 30  -0.269   0.062   0.070   0.285
 91 337 00 12 30  -0.269   0.065   0.074   0.287
 91 337 00 13 30  -0.259   0.073   0.087   0.283
 91 337 00 14 30  -0.274   0.069   0.100   0.300
 91 337 00 15 30  -0.273   0.068   0.115   0.304
 91 337 00 16 30  -0.271   0.071   0.131   0.310
 91 337 00 17 30  -0.273   0.057   0.136   0.311
 91 337 00 18 30  -0.276   0.052   0.132   0.311
 91 337 00 19 30  -0.277   0.036   0.139   0.312
 91 337 00 20 30  -0.256   0.044   0.142   0.296
 91 337 00 21 30  -0.257   0.033   0.137   0.293
 91 337 00 22 30  -0.238   0.022   0.137   0.275
 91 337 00 23 30  -0.230   0.023   0.135   0.268
 91 337 00 24 30  -0.233   0.007   0.131   0.268
 91 337 00 25 30  -0.228   0.006   0.127   0.261
 91 337 00 26 30  -0.239   0.002   0.122   0.269
 91 337 00 27 30  -0.228   0.019   0.141   0.269
 91 337 00 28 30  -0.235   0.018   0.146   0.277
 91 337 00 29 30  -0.255   0.030   0.150   0.298
 91 337 00 30 30  -0.259   0.006   0.159   0.304
 91 337 00 31 30  -0.265  -0.003   0.161   0.310
 91 337 00 32 30  -0.273  -0.016   0.157   0.316
 91 337 00 33 30  -0.262  -0.020   0.147   0.302
 91 337 00 34 30  -0.247  -0.038   0.154   0.294
 91 337 00 35 30  -0.242  -0.037   0.162   0.294
 91 337 00 36 30  -0.233  -0.043   0.155   0.283
 91 337 00 37 30  -0.227  -0.037   0.165   0.283
 91 337 00 38 30  -0.227  -0.046   0.157   0.281
 91 337 00 39 30  -0.236  -0.041   0.165   0.292
 91 337 00 40 30  -0.236  -0.026   0.183   0.300
 91 337 00 41 30  -0.232  -0.031   0.176   0.292
 91 337 00 42 30  -0.233  -0.046   0.179   0.297
 91 337 00 43 30  -0.244  -0.039   0.173   0.302
 91 337 00 44 30  -0.226  -0.053   0.165   0.285
 91 337 00 45 30  -0.223  -0.057   0.167   0.284
 91 337 00 46 30  -0.230  -0.056   0.180   0.298
 91 337 00 47 30  -0.237  -0.069   0.191   0.313
 91 337 00 48 30  -0.246  -0.064   0.186   0.315
 91 337 00 49 30  -0.257  -0.077   0.177   0.322
 91 337 00 50 30  -0.260  -0.105   0.182   0.334
 91 337 00 51 30  -0.260  -0.110   0.193   0.346
 91 337 00 52 30  -0.204   0.191   0.109   0.320
 91 337 00 53 30  -0.163   0.256   0.055   0.308
 91 337 00 54 30  -0.171   0.239   0.061   0.301
 91 337 00 55 30  -0.181   0.227   0.079   0.302
 91 337 00 56 30  -0.177   0.225   0.093   0.301
 91 337 00 57 30  -0.144   0.259   0.033   0.304
 91 337 00 58 30  -0.136   0.283   0.011   0.315
 91 337 00 59 30  -0.137   0.279   0.024   0.312
 91 337 01 00 30  -0.134   0.267   0.061   0.308
 91 337 01 01 30  -0.131   0.261   0.071   0.301
 91 337 01 02 30  -0.125   0.279   0.058   0.312
 91 337 01 03 30  -0.128   0.280   0.055   0.313
 91 337 01 04 30  -0.122   0.287   0.023   0.313
 91 337 01 05 30  -0.107   0.293   0.025   0.313
 91 337 01 06 30  -0.108   0.296   0.014   0.316
 91 337 01 07 30  -0.110   0.293   0.001   0.314
 91 337 01 08 30  -0.095   0.289  -0.037   0.310
 91 337 01 09 30  -0.082   0.264  -0.076   0.292
 91 337 01 10 30  -0.074   0.234  -0.118   0.276
 91 337 01 11 30  -0.081   0.167  -0.169   0.256
 91 337 01 12 30  -0.092   0.141  -0.174   0.244
 91 337 01 13 30  -0.106   0.139  -0.144   0.229
 91 337 01 14 30  -0.067   0.261   0.013   0.271
 91 337 01 15 30  -0.081   0.254  -0.012   0.270
 91 337 01 16 30  -0.093   0.242  -0.014   0.262
 91 337 01 17 30  -0.099   0.228  -0.054   0.254
 91 337 01 18 30  -0.066   0.235  -0.046   0.249
 91 337 01 19 30  -0.098   0.232  -0.050   0.257
 91 337 01 20 30  -0.115   0.204  -0.062   0.242
 91 337 01 21 30  -0.110   0.196  -0.047   0.230
 91 337 01 22 30  -0.113   0.191  -0.037   0.226
 91 337 01 23 30  -0.096   0.176  -0.019   0.202
 91 337 01 24 30  -0.115   0.147  -0.016   0.188
 91 337 01 25 30  -0.127   0.143  -0.018   0.193
 91 337 01 26 30  -0.127   0.131  -0.037   0.186
 91 337 01 27 30  -0.130   0.133  -0.047   0.192
 91 337 01 28 30  -0.168   0.146  -0.046   0.228
 91 337 01 29 30  -0.195   0.142  -0.053   0.247
 91 337 01 30 30  -0.212   0.134  -0.046   0.256
 91 337 01 31 30  -0.230   0.127  -0.044   0.267
 91 337 01 32 30  -0.241   0.111  -0.043   0.269
 91 337 01 33 30  -0.260   0.087  -0.042   0.277
 91 337 01 34 30  -0.266   0.072  -0.030   0.277
 91 337 01 35 30  -0.266   0.061  -0.016   0.274
 91 337 01 36 30  -0.300   0.046  -0.004   0.304
 91 337 01 37 30  -0.310   0.030   0.017   0.312
 91 337 01 38 30  -0.310   0.013   0.033   0.312
 91 337 01 39 30  -0.305  -0.002   0.051   0.309
 91 337 01 40 30  -0.301  -0.008   0.063   0.308
 91 337 01 41 30  -0.293  -0.023   0.070   0.302
 91 337 01 42 30  -0.270  -0.025   0.085   0.284
 91 337 01 43 30  -0.265  -0.025   0.098   0.284
 91 337 01 44 30  -0.253  -0.029   0.114   0.279
 91 337 01 45 30  -0.231  -0.028   0.115   0.259
 91 337 01 46 30  -0.236  -0.027   0.122   0.267
 91 337 01 47 30  -0.219  -0.025   0.124   0.253
 91 337 01 48 30  -0.217  -0.013   0.129   0.253
 91 337 01 49 30  -0.217  -0.010   0.133   0.254
 91 337 01 50 30  -0.206  -0.004   0.135   0.246
 91 337 01 51 30  -0.224  -0.011   0.151   0.271
 91 337 01 52 30  -0.265  -0.081   0.197   0.340
 91 337 01 53 30  -0.274  -0.080   0.203   0.351
 91 337 01 54 30  -0.269  -0.088   0.199   0.346
 91 337 01 55 30  -0.286  -0.072   0.203   0.358
 91 337 01 56 30  -0.283  -0.075   0.205   0.358
 91 337 01 57 30  -0.287  -0.075   0.208   0.362
 91 337 01 58 30  -0.290  -0.062   0.201   0.359
 91 337 01 59 30  -0.291  -0.060   0.204   0.361
 91 337 02 00 30  -0.280  -0.062   0.204   0.352
 91 337 02 01 30  -0.284  -0.048   0.210   0.357
 91 337 02 02 30  -0.288  -0.011   0.203   0.353
 91 337 02 03 30  -0.288  -0.031   0.202   0.354
 91 337 02 04 30  -0.281   0.017   0.190   0.340
 91 337 02 05 30  -0.281   0.026   0.191   0.341
 91 337 02 06 30  -0.280   0.005   0.184   0.336
 91 337 02 07 30  -0.283   0.001   0.176   0.334
 91 337 02 08 30  -0.275  -0.004   0.182   0.330
 91 337 02 09 30  -0.284   0.008   0.178   0.335
 91 337 02 10 30  -0.292  -0.005   0.181   0.344
 91 337 02 11 30  -0.291  -0.005   0.178   0.342
 91 337 02 12 30  -0.292  -0.007   0.189   0.348
 91 337 02 13 30  -0.286  -0.017   0.184   0.341
 91 337 02 14 30  -0.296  -0.012   0.177   0.345
 91 337 02 15 30  -0.279  -0.015   0.195   0.342
 91 337 02 16 30  -0.282  -0.019   0.193   0.343
 91 337 02 17 30  -0.274  -0.007   0.188   0.332
 91 337 02 18 30  -0.281  -0.015   0.196   0.343
 91 337 02 19 30  -0.281  -0.018   0.197   0.344
 91 337 02 20 30  -0.272  -0.004   0.190   0.332
 91 337 02 21 30  -0.288  -0.004   0.188   0.344
 91 337 02 22 30  -0.291  -0.025   0.200   0.354
 91 337 02 23 30  -0.280  -0.029   0.201   0.347
 91 337 02 24 30  -0.274  -0.009   0.204   0.342
 91 337 02 25 30  -0.280  -0.002   0.208   0.350
 91 337 02 26 30  -0.290   0.001   0.188   0.346
 91 337 02 27 30  -0.293   0.011   0.192   0.351
 91 337 02 28 30  -0.293  -0.005   0.193   0.351
 91 337 02 29 30  -0.294  -0.022   0.191   0.352
 91 337 02 30 30  -0.289  -0.018   0.198   0.351
 91 337 02 31 30  -0.292  -0.021   0.187   0.349
 91 337 02 32 30  -0.293   0.024   0.189   0.350
 91 337 02 33 30  -0.291   0.003   0.205   0.356
 91 337 02 34 30  -0.301   0.023   0.193   0.359
 91 337 02 35 30  -0.292   0.001   0.200   0.354
 91 337 02 36 30  -0.271  -0.012   0.204   0.340
 91 337 02 37 30  -0.267   0.004   0.212   0.341
 91 337 02 38 30  -0.265  -0.004   0.204   0.335
 91 337 02 39 30  -0.274  -0.001   0.198   0.338
 91 337 02 40 30  -0.281  -0.006   0.194   0.342
 91 337 02 41 30  -0.286   0.009   0.172   0.334
 91 337 02 42 30  -0.284  -0.004   0.184   0.339
 91 337 02 43 30  -0.276   0.003   0.189   0.335
 91 337 02 44 30  -0.267   0.011   0.199   0.335
 91 337 02 45 30  -0.276  -0.043   0.221   0.357
 91 337 02 46 30  -0.259  -0.045   0.232   0.351
 91 337 02 47 30  -0.270  -0.033   0.228   0.355
 91 337 02 48 30  -0.260  -0.039   0.237   0.354
 91 337 02 49 30  -0.265  -0.038   0.225   0.350
 91 337 02 50 30  -0.276  -0.038   0.208   0.348
 91 337 02 51 30  -0.300  -0.021   0.177   0.350
 91 337 02 52 30  -0.310   0.018   0.153   0.346
 91 337 02 53 30  -0.304   0.028   0.150   0.341
 91 337 02 54 30  -0.312   0.043   0.132   0.341
 91 337 02 55 30  -0.312   0.052   0.124   0.340
 91 337 02 56 30  -0.307   0.048   0.145   0.343
 91 337 02 57 30  -0.309   0.054   0.132   0.340
 91 337 02 58 30  -0.306   0.043   0.144   0.341
 91 337 02 59 30  -0.310   0.047   0.145   0.345
 91 337 03 00 30  -0.304   0.047   0.145   0.341
 91 337 03 01 30  -0.309   0.036   0.143   0.343
 91 337 03 02 30  -0.306   0.017   0.158   0.346
 91 337 03 03 30  -0.296   0.010   0.167   0.340
 91 337 03 04 30  -0.286  -0.021   0.180   0.339
 91 337 03 05 30  -0.276  -0.021   0.190   0.336
 91 337 03 06 30  -0.281  -0.003   0.188   0.339
 91 337 03 07 30  -0.286  -0.007   0.187   0.343
 91 337 03 08 30  -0.300   0.002   0.157   0.340
 91 337 03 09 30  -0.288  -0.012   0.178   0.339
 91 337 03 10 30  -0.265  -0.040   0.204   0.337
 91 337 03 11 30  -0.249  -0.062   0.222   0.340
 91 337 03 12 30  -0.253  -0.027   0.224   0.339
 91 337 03 13 30  -0.261  -0.051   0.214   0.343
 91 337 03 14 30  -0.275  -0.027   0.193   0.338
 91 337 03 15 30  -0.244  -0.028   0.232   0.338
 91 337 03 16 30  -0.242  -0.018   0.240   0.342
 91 337 03 17 30  -0.244  -0.020   0.233   0.338
 91 337 03 18 30  -0.240  -0.039   0.237   0.340
 91 337 03 19 30  -0.242  -0.002   0.233   0.337
 91 337 03 20 30  -0.249  -0.006   0.229   0.339
 91 337 03 21 30  -0.271  -0.008   0.209   0.343
 91 337 03 22 30  -0.269  -0.008   0.210   0.341
 91 337 03 23 30  -0.260  -0.008   0.218   0.340
 91 337 03 24 30  -0.263  -0.018   0.217   0.341
 91 337 03 25 30  -0.255  -0.018   0.225   0.341
 91 337 03 26 30  -0.241  -0.012   0.241   0.342
 91 337 03 27 30  -0.261  -0.022   0.211   0.337
 91 337 03 28 30  -0.260  -0.024   0.209   0.335
 91 337 03 29 30  -0.262  -0.026   0.219   0.343
 91 337 03 30 30  -0.269  -0.044   0.202   0.340
 91 337 03 31 30  -0.299  -0.037   0.158   0.340
 91 337 03 32 30  -0.273  -0.034   0.203   0.342
 91 337 03 33 30  -0.263  -0.056   0.208   0.341
 91 337 03 34 30  -0.315  -0.028   0.119   0.338
 91 337 03 35 30  -0.305   0.008   0.139   0.336
 91 337 03 36 30  -0.327  -0.032   0.090   0.341
 91 337 03 37 30  -0.336  -0.021   0.071   0.344
 91 337 03 38 30  -0.326  -0.031   0.101   0.344
 91 337 03 39 30  -0.288  -0.040   0.151   0.331
 91 337 03 40 30  -0.290  -0.059   0.159   0.338
 91 337 03 41 30  -0.288  -0.037   0.157   0.331
 91 337 03 42 30  -0.310  -0.074   0.106   0.337
 91 337 03 43 30  -0.312  -0.038   0.114   0.334
 91 337 03 44 30  -0.312  -0.031   0.119   0.335
 91 337 03 45 30  -0.316  -0.048   0.110   0.339
 91 337 03 46 30  -0.328  -0.013   0.091   0.341
 91 337 03 47 30  -0.317  -0.023   0.121   0.341
 91 337 03 48 30  -0.324  -0.027   0.095   0.339
 91 337 03 49 30  -0.313  -0.028   0.112   0.334
 91 337 03 50 30  -0.303  -0.049   0.130   0.333
 91 337 03 51 30  -0.305  -0.077   0.112   0.335
 91 337 03 52 30  -0.300  -0.103   0.113   0.337
 91 337 03 53 30  -0.289  -0.025   0.179   0.342
 91 337 03 54 30  -0.303  -0.021   0.160   0.344
 91 337 03 55 30  -0.303  -0.042   0.162   0.346
 91 337 03 56 30  -0.300  -0.036   0.163   0.344
 91 337 03 57 30  -0.290   0.002   0.186   0.345
 91 337 03 58 30  -0.277   0.000   0.197   0.341
 91 337 03 59 30  -0.265  -0.037   0.211   0.341
 91 337 04 00 30  -0.285  -0.016   0.190   0.344
 91 337 04 01 30  -0.283  -0.012   0.186   0.340
 91 337 04 02 30  -0.281  -0.031   0.185   0.338
 91 337 04 03 30  -0.293  -0.009   0.176   0.343
 91 337 04 04 30  -0.286  -0.020   0.180   0.339
 91 337 04 05 30  -0.313   0.014   0.130   0.340
 91 337 04 06 30  -0.290   0.010   0.170   0.337
 91 337 04 07 30  -0.268  -0.018   0.196   0.333
 91 337 04 08 30  -0.256  -0.019   0.219   0.338
 91 337 04 09 30  -0.247  -0.024   0.220   0.332
 91 337 04 10 30  -0.243  -0.066   0.207   0.327
 91 337 04 11 30  -0.234  -0.079   0.217   0.329
 91 337 04 12 30  -0.245  -0.083   0.207   0.331
 91 337 04 13 30  -0.244  -0.089   0.202   0.330
 91 337 04 14 30  -0.250  -0.072   0.209   0.334
 91 337 04 15 30  -0.253  -0.045   0.220   0.339
 91 337 04 16 30  -0.252  -0.048   0.215   0.335
 91 337 04 17 30  -0.250  -0.031   0.224   0.337
 91 337 04 18 30  -0.259   0.004   0.212   0.335
 91 337 04 19 30  -0.263   0.006   0.211   0.338
 91 337 04 20 30  -0.261  -0.012   0.216   0.339
 91 337 04 21 30  -0.280  -0.011   0.195   0.342
 91 337 04 22 30  -0.288  -0.033   0.176   0.339
 91 337 04 23 30  -0.288  -0.018   0.178   0.340
 91 337 04 24 30  -0.267  -0.025   0.203   0.337
 91 337 04 25 30  -0.267  -0.050   0.203   0.339
 91 337 04 26 30  -0.260  -0.033   0.222   0.344
 91 337 04 27 30  -0.260  -0.011   0.223   0.345
 91 337 04 28 30  -0.283   0.031   0.208   0.353
 91 337 04 29 30  -0.266   0.003   0.220   0.345
 91 337 04 30 30  -0.268  -0.028   0.211   0.342
 91 337 04 31 30  -0.262  -0.027   0.210   0.337
 91 337 04 32 30  -0.264  -0.025   0.214   0.341
 91 337 04 33 30  -0.274  -0.024   0.198   0.339
 91 337 04 34 30  -0.275  -0.023   0.192   0.337
 91 337 04 35 30  -0.269  -0.047   0.190   0.333
 91 337 04 36 30  -0.282  -0.028   0.182   0.337
 91 337 04 37 30  -0.277  -0.035   0.190   0.338
 91 337 04 38 30  -0.272  -0.025   0.199   0.339
 91 337 04 39 30  -0.261   0.015   0.215   0.341
 91 337 04 40 30  -0.264   0.042   0.213   0.343
 91 337 04 41 30  -0.279   0.009   0.194   0.341
 91 337 04 42 30  -0.289   0.014   0.170   0.336
 91 337 04 43 30  -0.275   0.027   0.191   0.336
 91 337 04 44 30  -0.270   0.015   0.197   0.335
 91 337 04 45 30  -0.274   0.009   0.190   0.335
 91 337 04 46 30  -0.307   0.008   0.157   0.346
 91 337 04 47 30  -0.282   0.010   0.183   0.337
 91 337 04 48 30  -0.276   0.025   0.195   0.339
 91 337 04 49 30  -0.277   0.033   0.196   0.341
 91 337 04 50 30  -0.287   0.050   0.170   0.337
 91 337 04 51 30  -0.300   0.026   0.159   0.341
 91 337 04 52 30  -0.283   0.006   0.178   0.335
 91 337 04 53 30  -0.267  -0.027   0.198   0.334
 91 337 04 54 30  -0.264  -0.015   0.199   0.332
 91 337 04 55 30  -0.259   0.018   0.212   0.336
 91 337 04 56 30  -0.255   0.014   0.227   0.342
 91 337 04 57 30  -0.271   0.016   0.200   0.337
 91 337 04 58 30  -0.272   0.025   0.198   0.338
 91 337 04 59 30  -0.277   0.017   0.190   0.337
 91 337 05 00 30  -0.302   0.030   0.155   0.342
 91 337 05 01 30  -0.277   0.029   0.186   0.337
 91 337 05 02 30  -0.252   0.006   0.224   0.338
 91 337 05 03 30  -0.238   0.022   0.249   0.345
 91 337 05 04 30  -0.243   0.036   0.240   0.344
 91 337 05 05 30  -0.254   0.031   0.224   0.340
 91 337 05 06 30  -0.262   0.029   0.216   0.341
 91 337 05 07 30  -0.263   0.057   0.214   0.344
 91 337 05 08 30  -0.258   0.056   0.222   0.345
 91 337 05 09 30  -0.259   0.067   0.213   0.342
 91 337 05 10 30  -0.252   0.090   0.213   0.342
 91 337 05 11 30  -0.266   0.081   0.189   0.336
 91 337 05 12 30  -0.268   0.081   0.195   0.341
 91 337 05 13 30  -0.262   0.092   0.202   0.344
 91 337 05 14 30  -0.281   0.079   0.174   0.340
 91 337 05 15 30  -0.287   0.079   0.163   0.340
 91 337 05 16 30  -0.298   0.086   0.127   0.336
 91 337 05 17 30  -0.278   0.032   0.158   0.322
 91 337 05 18 30  -0.285  -0.018   0.160   0.328
 91 337 05 19 30  -0.278   0.018   0.172   0.328
 91 337 05 20 30  -0.280   0.024   0.162   0.325
 91 337 05 21 30  -0.283   0.007   0.158   0.325
 91 337 05 22 30  -0.271  -0.014   0.175   0.323
 91 337 05 23 30  -0.248  -0.020   0.199   0.319
 91 337 05 24 30  -0.256  -0.009   0.184   0.316
 91 337 05 25 30  -0.248  -0.009   0.202   0.321
 91 337 05 26 30  -0.256  -0.012   0.194   0.322
 91 337 05 27 30  -0.258  -0.010   0.182   0.316
 91 337 05 28 30  -0.264   0.002   0.179   0.319
 91 337 05 29 30  -0.271   0.016   0.169   0.320
 91 337 05 30 30  -0.264   0.018   0.180   0.321
 91 337 05 31 30  -0.244  -0.011   0.204   0.320
 91 337 05 32 30  -0.244  -0.005   0.216   0.326
 91 337 05 33 30  -0.261  -0.002   0.206   0.334
 91 337 05 34 30  -0.270   0.014   0.180   0.325
 91 337 05 35 30  -0.271   0.011   0.181   0.327
 91 337 05 36 30  -0.268   0.013   0.184   0.326
 91 337 05 37 30  -0.276  -0.003   0.180   0.330
 91 337 05 38 30  -0.259   0.005   0.208   0.333
 91 337 05 39 30  -0.252  -0.024   0.210   0.329
 91 337 05 40 30  -0.263  -0.018   0.199   0.331
 91 337 05 41 30  -0.263  -0.004   0.202   0.333
 91 337 05 42 30  -0.267   0.015   0.183   0.325
 91 337 05 43 30  -0.260   0.012   0.192   0.324
 91 337 05 44 30  -0.259   0.020   0.185   0.319
 91 337 05 45 30  -0.255   0.005   0.193   0.320
 91 337 05 46 30  -0.250   0.022   0.206   0.325
 91 337 05 47 30  -0.241   0.028   0.216   0.325
 91 337 05 48 30  -0.243   0.029   0.211   0.324
 91 337 05 49 30  -0.219  -0.063   0.220   0.319
 91 337 05 50 30  -0.196  -0.107   0.233   0.324
 91 337 05 51 30  -0.218  -0.075   0.226   0.324
 91 337 05 52 30  -0.159  -0.132   0.257   0.334
 91 337 05 53 30  -0.150  -0.159   0.254   0.336
 91 337 05 54 30  -0.136  -0.189   0.239   0.336
 91 337 05 55 30  -0.102  -0.233   0.228   0.343
 91 337 05 56 30  -0.150  -0.161   0.246   0.343
 91 337 05 57 30  -0.243  -0.006   0.236   0.339
 91 337 05 58 30  -0.244  -0.002   0.234   0.338
 91 337 05 59 30  -0.245  -0.018   0.233   0.339
 91 337 06 00 30  -0.245  -0.017   0.231   0.337
 91 337 06 01 30  -0.237  -0.006   0.230   0.331
 91 337 06 02 30  -0.256   0.001   0.217   0.335
 91 337 06 03 30  -0.252   0.002   0.219   0.334
 91 337 06 04 30  -0.241   0.005   0.229   0.333
 91 337 06 05 30  -0.240  -0.001   0.231   0.333
 91 337 06 06 30  -0.247  -0.004   0.223   0.333
 91 337 06 07 30  -0.264   0.037   0.184   0.325
 91 337 06 08 30  -0.263   0.037   0.182   0.323
 91 337 06 09 30  -0.261   0.039   0.189   0.325
 91 337 06 10 30  -0.257   0.024   0.198   0.326
 91 337 06 11 30  -0.267   0.013   0.185   0.325
 91 337 06 12 30  -0.261   0.013   0.198   0.328
 91 337 06 13 30  -0.269  -0.002   0.181   0.325
 91 337 06 14 30  -0.262   0.006   0.197   0.328
 91 337 06 15 30  -0.259   0.015   0.196   0.326
 91 337 06 16 30  -0.258   0.024   0.190   0.322
 91 337 06 17 30  -0.277   0.012   0.165   0.323
 91 337 06 18 30  -0.273   0.038   0.165   0.322
 91 337 06 19 30  -0.255   0.029   0.199   0.326
 91 337 06 20 30  -0.255   0.005   0.207   0.329
 91 337 06 21 30  -0.260   0.028   0.202   0.331
 91 337 06 22 30  -0.242   0.015   0.218   0.327
 91 337 06 23 30  -0.255   0.011   0.212   0.332
 91 337 06 24 30  -0.260   0.039   0.209   0.336
 91 337 06 25 30  -0.257   0.039   0.215   0.337
 91 337 06 26 30  -0.256   0.049   0.215   0.337
 91 337 06 27 30  -0.250   0.049   0.220   0.337
 91 337 06 28 30  -0.255   0.064   0.211   0.338
 91 337 06 29 30  -0.248   0.071   0.211   0.334
 91 337 06 30 30  -0.246   0.068   0.217   0.336
 91 337 06 31 30  -0.251   0.068   0.209   0.334
 91 337 06 32 30  -0.252   0.071   0.206   0.333
 91 337 06 33 30  -0.262   0.071   0.201   0.338
 91 337 06 34 30  -0.267   0.069   0.201   0.341
 91 337 06 35 30  -0.267   0.080   0.198   0.342
 91 337 06 36 30  -0.271   0.068   0.192   0.340
 91 337 06 37 30  -0.282   0.090   0.172   0.342
 91 337 06 38 30  -0.277   0.094   0.169   0.338
 91 337 06 39 30  -0.268   0.091   0.176   0.334
 91 337 06 40 30  -0.267   0.091   0.183   0.336
 91 337 06 41 30  -0.273   0.096   0.180   0.342
 91 337 06 42 30  -0.272   0.115   0.161   0.337
 91 337 06 43 30  -0.263   0.125   0.158   0.332
 91 337 06 44 30  -0.267   0.116   0.152   0.329
 91 337 06 45 30  -0.260   0.132   0.140   0.324
 91 337 06 46 30  -0.257   0.122   0.158   0.326
 91 337 06 47 30  -0.267   0.124   0.136   0.325
 91 337 06 48 30  -0.255   0.129   0.154   0.325
 91 337 06 49 30  -0.259   0.131   0.149   0.326
 91 337 06 50 30  -0.256   0.129   0.165   0.331
 91 337 06 51 30  -0.255   0.134   0.152   0.326
 91 337 06 52 30  -0.252   0.137   0.170   0.334
 91 337 06 53 30  -0.260   0.124   0.152   0.327
 91 337 06 54 30  -0.259   0.132   0.174   0.339
 91 337 06 55 30  -0.247   0.124   0.202   0.343
 91 337 06 56 30  -0.259   0.117   0.184   0.339
 91 337 06 57 30  -0.270   0.126   0.156   0.337
 91 337 06 58 30  -0.268   0.130   0.159   0.338
 91 337 06 59 30  -0.274   0.115   0.154   0.335
 91 337 07 00 30  -0.273   0.116   0.156   0.336
 91 337 07 01 30  -0.259   0.124   0.177   0.337
 91 337 07 02 30  -0.254   0.126   0.190   0.342
 91 337 07 03 30  -0.245   0.143   0.191   0.343
 91 337 07 04 30  -0.251   0.131   0.189   0.341
 91 337 07 05 30  -0.259   0.130   0.179   0.341
 91 337 07 06 30  -0.259   0.126   0.187   0.344
 91 337 07 07 30  -0.252   0.137   0.189   0.344
 91 337 07 08 30  -0.245   0.139   0.197   0.344
 91 337 07 09 30  -0.250   0.134   0.192   0.342
 91 337 07 10 30  -0.264   0.133   0.172   0.342
 91 337 07 11 30  -0.262   0.126   0.181   0.343
 91 337 07 12 30  -0.268   0.129   0.169   0.342
 91 337 07 13 30  -0.284   0.120   0.141   0.340
 91 337 07 14 30  -0.274   0.125   0.146   0.335
 91 337 07 15 30  -0.247   0.122   0.183   0.332
 91 337 07 16 30  -0.216   0.114   0.218   0.328
 91 337 07 17 30  -0.220   0.109   0.211   0.324
 91 337 07 18 30  -0.225   0.109   0.206   0.325
 91 337 07 19 30  -0.212   0.123   0.218   0.329
 91 337 07 20 30  -0.209   0.117   0.219   0.325
 91 337 07 21 30  -0.211   0.129   0.208   0.323
 91 337 07 22 30  -0.206   0.123   0.213   0.321
 91 337 07 23 30  -0.203   0.137   0.214   0.326
 91 337 07 24 30  -0.207   0.141   0.193   0.317
 91 337 07 25 30  -0.222   0.138   0.181   0.318
 91 337 07 26 30  -0.224   0.136   0.176   0.317
 91 337 07 27 30  -0.218   0.124   0.191   0.315
 91 337 07 28 30  -0.218   0.148   0.179   0.319
 91 337 07 29 30  -0.230   0.095   0.188   0.312
 91 337 07 30 30  -0.247   0.095   0.187   0.324
 91 337 07 31 30  -0.232   0.083   0.204   0.321
 91 337 07 32 30  -0.233   0.102   0.196   0.321
 91 337 07 33 30  -0.230   0.113   0.191   0.321
 91 337 07 34 30  -0.217   0.148   0.179   0.318
 91 337 07 35 30  -0.222   0.143   0.170   0.315
 91 337 07 36 30  -0.228   0.139   0.172   0.318
 91 337 07 37 30  -0.220   0.158   0.179   0.325
 91 337 07 38 30  -0.199   0.173   0.169   0.315
 91 337 07 39 30  -0.181   0.223   0.117   0.311
 91 337 07 40 30  -0.113   0.289   0.068   0.325
 91 337 07 41 30  -0.071   0.309   0.054   0.322
 91 337 07 42 30  -0.062   0.309   0.038   0.319
 91 337 07 43 30  -0.078   0.302   0.041   0.315
 91 337 07 44 30  -0.072   0.303   0.043   0.315
 91 337 07 45 30  -0.088   0.291   0.053   0.309
 91 337 07 46 30  -0.108   0.288   0.075   0.317
 91 337 07 47 30  -0.104   0.292   0.058   0.316
 91 337 07 48 30  -0.093   0.295   0.073   0.318
 91 337 07 49 30  -0.106   0.292   0.066   0.318
 91 337 07 50 30  -0.102   0.300   0.051   0.322
 91 337 07 51 30  -0.068   0.315   0.044   0.327
 91 337 07 52 30  -0.066   0.307   0.093   0.329
 91 337 07 53 30  -0.132   0.280   0.078   0.321
 91 337 07 54 30  -0.212   0.220   0.122   0.330
 91 337 07 55 30  -0.227   0.218   0.125   0.339
 91 337 07 56 30  -0.227   0.220   0.125   0.340
 91 337 07 57 30  -0.223   0.222   0.128   0.340
 91 337 07 58 30  -0.227   0.229   0.125   0.347
 91 337 07 59 30  -0.231   0.234   0.124   0.351
 91 337 08 00 30  -0.228   0.234   0.131   0.352
 91 337 08 01 30  -0.230   0.238   0.116   0.351
 91 337 08 02 30  -0.238   0.232   0.115   0.352
 91 337 08 03 30  -0.248   0.221   0.117   0.352
 91 337 08 04 30  -0.239   0.229   0.117   0.351
 91 337 08 05 30  -0.238   0.222   0.122   0.348
 91 337 08 06 30  -0.238   0.222   0.129   0.351
 91 337 08 07 30  -0.233   0.225   0.143   0.355
 91 337 08 08 30  -0.238   0.218   0.137   0.351
 91 337 08 09 30  -0.231   0.222   0.135   0.348
 91 337 08 10 30  -0.236   0.215   0.144   0.351
 91 337 08 11 30  -0.246   0.206   0.139   0.350
 91 337 08 12 30  -0.242   0.203   0.139   0.345
 91 337 08 13 30  -0.244   0.208   0.132   0.347
 91 337 08 14 30  -0.246   0.209   0.124   0.346
 91 337 08 15 30  -0.258   0.204   0.115   0.348
 91 337 08 16 30  -0.243   0.208   0.116   0.341
 91 337 08 17 30  -0.207   0.238   0.130   0.342
 91 337 08 18 30  -0.156   0.246   0.141   0.324
 91 337 08 19 30  -0.138   0.250   0.136   0.317
 91 337 08 20 30  -0.125   0.260   0.140   0.321
 91 337 08 21 30  -0.126   0.256   0.134   0.316
 91 337 08 22 30  -0.131   0.253   0.136   0.316
 91 337 08 23 30  -0.137   0.254   0.132   0.317
 91 337 08 24 30  -0.135   0.255   0.133   0.318
 91 337 08 25 30  -0.132   0.258   0.139   0.321
 91 337 08 26 30  -0.131   0.255   0.137   0.318
 91 337 08 27 30  -0.165   0.232   0.128   0.313
 91 337 08 28 30  -0.161   0.236   0.128   0.313
 91 337 08 29 30  -0.155   0.237   0.129   0.312
 91 337 08 30 30  -0.158   0.234   0.130   0.311
 91 337 08 31 30  -0.165   0.226   0.129   0.309
 91 337 08 32 30  -0.189   0.224   0.119   0.316
 91 337 08 33 30  -0.191   0.227   0.128   0.324
 91 337 08 34 30  -0.180   0.231   0.134   0.322
 91 337 08 35 30  -0.183   0.232   0.131   0.323
 91 337 08 36 30  -0.187   0.236   0.127   0.327
 91 337 08 37 30  -0.184   0.237   0.132   0.328
 91 337 08 38 30  -0.180   0.238   0.140   0.330
 91 337 08 39 30  -0.178   0.234   0.132   0.322
 91 337 08 40 30  -0.175   0.236   0.142   0.326
 91 337 08 41 30  -0.197   0.244   0.101   0.332
 91 337 08 42 30  -0.209   0.242   0.074   0.329
 91 337 08 43 30  -0.199   0.245   0.098   0.330
 91 337 08 44 30  -0.199   0.241   0.093   0.326
 91 337 08 45 30  -0.200   0.237   0.095   0.325
 91 337 08 46 30  -0.187   0.232   0.110   0.318
 91 337 08 47 30  -0.177   0.235   0.117   0.317
 91 337 08 48 30  -0.189   0.221   0.116   0.314
 91 337 08 49 30  -0.189   0.225   0.105   0.313
 91 337 08 50 30  -0.193   0.210   0.127   0.313
 91 337 08 51 30  -0.193   0.229   0.122   0.324
 91 337 08 52 30  -0.195   0.234   0.111   0.325
 91 337 08 53 30  -0.191   0.214   0.134   0.318
 91 337 08 54 30  -0.201   0.197   0.148   0.318
 91 337 08 55 30  -0.168   0.254   0.091   0.321
 91 337 08 56 30  -0.154   0.265   0.083   0.318
 91 337 08 57 30  -0.153   0.265   0.089   0.319
 91 337 08 58 30  -0.152   0.262   0.104   0.320
 91 337 08 59 30  -0.161   0.247   0.122   0.321
 91 337 09 00 30  -0.135   0.276   0.087   0.319
 91 337 09 01 30  -0.143   0.275   0.082   0.321
 91 337 09 02 30  -0.156   0.268   0.083   0.322
 91 337 09 03 30  -0.152   0.278   0.074   0.326
 91 337 09 04 30  -0.156   0.275   0.069   0.323
 91 337 09 05 30  -0.157   0.275   0.065   0.324
 91 337 09 06 30  -0.152   0.272   0.079   0.323
 91 337 09 07 30  -0.135   0.286   0.065   0.323
 91 337 09 08 30  -0.146   0.279   0.055   0.320
 91 337 09 09 30  -0.153   0.279   0.049   0.322
 91 337 09 10 30  -0.148   0.282   0.045   0.322
 91 337 09 11 30  -0.146   0.282   0.049   0.321
 91 337 09 12 30  -0.144   0.286   0.055   0.325
 91 337 09 13 30  -0.140   0.288   0.051   0.325
 91 337 09 14 30  -0.151   0.286   0.034   0.326
 91 337 09 15 30  -0.177   0.267   0.015   0.321
 91 337 09 16 30  -0.167   0.274   0.021   0.322
 91 337 09 17 30  -0.156   0.279   0.029   0.322
 91 337 09 18 30  -0.148   0.281   0.028   0.321
 91 337 09 19 30  -0.171   0.259   0.076   0.320
 91 337 09 20 30  -0.182   0.239   0.109   0.320
 91 337 09 21 30  -0.187   0.227   0.127   0.321
 91 337 09 22 30  -0.188   0.227   0.139   0.326
 91 337 09 23 30  -0.182   0.219   0.153   0.324
 91 337 09 24 30  -0.196   0.153   0.186   0.314
 91 337 09 25 30  -0.189   0.093   0.236   0.316
 91 337 09 29 30  -0.166   0.187   0.217   0.331
 91 337 09 30 30  -0.155   0.195   0.205   0.323
 91 337 09 31 30  -0.166   0.186   0.207   0.324
 91 337 09 32 30  -0.178   0.161   0.211   0.320
 91 337 09 33 30  -0.184   0.154   0.218   0.325
 91 337 09 34 30  -0.189   0.156   0.216   0.326
 91 337 09 35 30  -0.198   0.162   0.204   0.328
 91 337 09 36 30  -0.196   0.149   0.204   0.320
 91 337 09 37 30  -0.189   0.155   0.203   0.318
 91 337 09 38 30  -0.193   0.150   0.207   0.320
 91 337 09 39 30  -0.186   0.152   0.209   0.318
 91 337 09 40 30  -0.178   0.157   0.206   0.315
 91 337 09 41 30  -0.181   0.133   0.221   0.315
 91 337 09 42 30  -0.173   0.149   0.217   0.315
 91 337 09 43 30  -0.176   0.145   0.213   0.313
 91 337 09 44 30  -0.187   0.145   0.214   0.319
 91 337 09 45 30  -0.194   0.139   0.199   0.311
 91 337 09 46 30  -0.195   0.150   0.203   0.319
 91 337 09 47 30  -0.194   0.149   0.210   0.323
 91 337 09 48 30  -0.185   0.168   0.216   0.331
 91 337 09 49 30  -0.192   0.160   0.209   0.327
 91 337 09 50 30  -0.183   0.174   0.207   0.327
 91 337 09 51 30  -0.200   0.162   0.193   0.322
 91 337 09 52 30  -0.178   0.166   0.215   0.325
 91 337 09 53 30  -0.164   0.176   0.225   0.329
 91 337 09 54 30  -0.162   0.174   0.225   0.327
 91 337 09 55 30  -0.173   0.166   0.221   0.326
 91 337 09 56 30  -0.175   0.175   0.220   0.331
 91 337 09 57 30  -0.170   0.175   0.221   0.330
 91 337 09 58 30  -0.164   0.180   0.219   0.328
 91 337 09 59 30  -0.171   0.190   0.208   0.330
 91 337 10 00 30  -0.163   0.190   0.217   0.331
 91 337 10 01 30  -0.164   0.176   0.223   0.329
 91 337 10 02 30  -0.171   0.162   0.221   0.323
 91 337 10 03 30  -0.184   0.154   0.215   0.322
 91 337 10 04 30  -0.196   0.160   0.202   0.324
 91 337 10 05 30  -0.202   0.159   0.201   0.326
 91 337 10 06 30  -0.180   0.165   0.212   0.324
 91 337 10 07 30  -0.179   0.162   0.217   0.325
 91 337 10 08 30  -0.175   0.150   0.226   0.323
 91 337 10 09 30  -0.171   0.157   0.221   0.321
 91 337 10 10 30  -0.192   0.156   0.200   0.318
 91 337 10 11 30  -0.182   0.160   0.200   0.314
 91 337 10 12 30  -0.199   0.158   0.196   0.321
 91 337 10 13 30  -0.190   0.172   0.197   0.324
 91 337 10 14 30  -0.206   0.163   0.197   0.329
 91 337 10 15 30  -0.201   0.177   0.193   0.330
 91 337 10 16 30  -0.193   0.175   0.206   0.332
 91 337 10 17 30  -0.230   0.161   0.169   0.329
 91 337 10 18 30  -0.234   0.162   0.163   0.328
 91 337 10 19 30  -0.236   0.157   0.163   0.327
 91 337 10 20 30  -0.240   0.137   0.172   0.326
 91 337 10 21 30  -0.235   0.159   0.173   0.333
 91 337 10 22 30  -0.225   0.167   0.177   0.332
 91 337 10 23 30  -0.210   0.183   0.181   0.332
 91 337 10 24 30  -0.221   0.175   0.172   0.330
 91 337 10 25 30  -0.221   0.167   0.182   0.332
 91 337 10 26 30  -0.219   0.165   0.188   0.332
 91 337 10 27 30  -0.220   0.174   0.173   0.330
 91 337 10 28 30  -0.210   0.186   0.170   0.328
 91 337 10 29 30  -0.208   0.179   0.183   0.330
 91 337 10 30 30  -0.199   0.195   0.181   0.333
 91 337 10 31 30  -0.198   0.198   0.183   0.335
 91 337 10 32 30  -0.215   0.177   0.187   0.336
 91 337 10 33 30  -0.212   0.166   0.197   0.334
 91 337 10 34 30  -0.219   0.155   0.196   0.333
 91 337 10 35 30  -0.211   0.163   0.194   0.330
 91 337 10 36 30  -0.215   0.148   0.201   0.329
 91 337 10 37 30  -0.222   0.145   0.189   0.326
 91 337 10 38 30  -0.218   0.138   0.194   0.323
 91 337 10 39 30  -0.209   0.136   0.207   0.324
 91 337 10 40 30  -0.217   0.139   0.194   0.323
 91 337 10 41 30  -0.221   0.131   0.194   0.322
 91 337 10 42 30  -0.223   0.126   0.196   0.322
 91 337 10 43 30  -0.225   0.135   0.203   0.332
 91 337 10 44 30  -0.221   0.136   0.204   0.331
 91 337 10 45 30  -0.218   0.135   0.207   0.330
 91 337 10 46 30  -0.232   0.112   0.198   0.325
 91 337 10 47 30  -0.234   0.111   0.192   0.323
 91 337 10 48 30  -0.233   0.118   0.191   0.324
 91 337 10 49 30  -0.229   0.130   0.194   0.327
 91 337 10 50 30  -0.214   0.138   0.196   0.322
 91 337 10 51 30  -0.210   0.131   0.208   0.324
 91 337 10 52 30  -0.214   0.121   0.207   0.322
 91 337 10 53 30  -0.206   0.122   0.209   0.318
 91 337 10 54 30  -0.212   0.117   0.201   0.315
 91 337 10 55 30  -0.213   0.109   0.201   0.313
 91 337 10 56 30  -0.212   0.098   0.207   0.313
 91 337 10 57 30  -0.198   0.117   0.218   0.317
 91 337 10 58 30  -0.204   0.113   0.210   0.314
 91 337 10 59 30  -0.221   0.094   0.199   0.313
 91 337 11 00 30  -0.225   0.086   0.207   0.318
 91 337 11 01 30  -0.214   0.075   0.223   0.318
 91 337 11 02 30  -0.202   0.075   0.236   0.320
 91 337 11 03 30  -0.202   0.079   0.239   0.323
 91 337 11 04 30  -0.200   0.085   0.241   0.325
 91 337 11 05 30  -0.200   0.079   0.240   0.322
 91 337 11 06 30  -0.233   0.041   0.207   0.317
 91 337 11 07 30  -0.249   0.091   0.161   0.311
 91 337 11 08 30  -0.223   0.097   0.185   0.306
 91 337 11 09 30  -0.226   0.085   0.188   0.306
 91 337 11 10 30  -0.218   0.067   0.199   0.304
 91 337 11 11 30  -0.218   0.077   0.193   0.302
 91 337 11 12 30  -0.218   0.083   0.198   0.307
 91 337 11 13 30  -0.214   0.085   0.204   0.308
 91 337 11 14 30  -0.217   0.107   0.196   0.312
 91 337 11 15 30  -0.215   0.120   0.193   0.314
 91 337 11 16 30  -0.217   0.130   0.172   0.307
 91 337 11 17 30  -0.212   0.148   0.164   0.306
 91 337 11 18 30  -0.233   0.114   0.162   0.306
 91 337 11 19 30  -0.225   0.139   0.150   0.305
 91 337 11 20 30  -0.221   0.108   0.179   0.305
 91 337 11 21 30  -0.227   0.120   0.162   0.305
 91 337 11 22 30  -0.218   0.108   0.183   0.305
 91 337 11 23 30  -0.224   0.100   0.184   0.306
 91 337 11 24 30  -0.227   0.103   0.179   0.307
 91 337 11 25 30  -0.231   0.081   0.184   0.307
 91 337 11 26 30  -0.243   0.100   0.163   0.309
 91 337 11 27 30  -0.233   0.100   0.185   0.314
 91 337 11 28 30  -0.234   0.120   0.166   0.311
 91 337 11 29 30  -0.247   0.107   0.153   0.310
 91 337 11 30 30  -0.248   0.102   0.154   0.310
 91 337 11 31 30  -0.238   0.122   0.155   0.309
 91 337 11 32 30  -0.220   0.132   0.161   0.304
 91 337 11 33 30  -0.231   0.093   0.181   0.309
 91 337 11 34 30  -0.229   0.104   0.179   0.309
 91 337 11 35 30  -0.225   0.126   0.177   0.314
 91 337 11 36 30  -0.219   0.165   0.149   0.312
 91 337 11 37 30  -0.221   0.160   0.155   0.314
 91 337 11 38 30  -0.223   0.148   0.163   0.314
 91 337 11 39 30  -0.224   0.146   0.166   0.315
 91 337 11 40 30  -0.224   0.154   0.161   0.316
 91 337 11 41 30  -0.223   0.167   0.145   0.315
 91 337 11 42 30  -0.235   0.134   0.157   0.315
 91 337 11 43 30  -0.238   0.147   0.152   0.319
 91 337 11 44 30  -0.238   0.144   0.158   0.320
 91 337 11 45 30  -0.232   0.170   0.132   0.317
 91 337 11 46 30  -0.218   0.196   0.101   0.310
 91 337 11 47 30  -0.198   0.175   0.169   0.314
 91 337 11 48 30  -0.203   0.191   0.146   0.315
 91 337 11 49 30  -0.208   0.187   0.147   0.316
 91 337 11 50 30  -0.200   0.198   0.130   0.311
 91 337 11 51 30  -0.201   0.214   0.103   0.312
 91 337 11 52 30  -0.212   0.200   0.108   0.312
 91 337 11 53 30  -0.218   0.177   0.132   0.312
 91 337 11 54 30  -0.218   0.153   0.166   0.314
 91 337 11 55 30  -0.220   0.157   0.160   0.315
 91 337 11 56 30  -0.227   0.177   0.133   0.317
 91 337 11 57 30  -0.227   0.179   0.126   0.316
 91 337 11 58 30  -0.216   0.177   0.137   0.312
 91 337 11 59 30  -0.198   0.164   0.170   0.308
 91 337 12 00 30  -0.207   0.156   0.171   0.311
 91 337 12 01 30  -0.206   0.163   0.175   0.316
 91 337 12 02 30  -0.233   0.174   0.117   0.314
 91 337 12 03 30  -0.219   0.177   0.126   0.309
 91 337 12 04 30  -0.226   0.176   0.120   0.311
 91 337 12 05 30  -0.227   0.175   0.119   0.311
 91 337 12 06 30  -0.215   0.185   0.132   0.314
 91 337 12 07 30  -0.217   0.168   0.132   0.305
 91 337 12 08 30  -0.205   0.177   0.140   0.305
 91 337 12 09 30  -0.223   0.161   0.141   0.309
 91 337 12 10 30  -0.232   0.159   0.130   0.311
 91 337 12 11 30  -0.215   0.167   0.127   0.301
 91 337 12 12 30  -0.216   0.168   0.121   0.299
 91 337 12 13 30  -0.230   0.157   0.139   0.311
 91 337 12 14 30  -0.224   0.168   0.139   0.313
 91 337 12 15 30  -0.193   0.220   0.121   0.318
 91 337 12 16 30  -0.205   0.210   0.105   0.312
 91 337 12 17 30  -0.211   0.202   0.114   0.315
 91 337 12 18 30  -0.206   0.212   0.110   0.317
 91 337 12 19 30  -0.203   0.209   0.111   0.313
 91 337 12 20 30  -0.214   0.209   0.111   0.320
 91 337 12 21 30  -0.208   0.218   0.105   0.319
 91 337 12 22 30  -0.207   0.243   0.088   0.333
 91 337 12 23 30  -0.177   0.282   0.052   0.338
 91 337 12 24 30  -0.179   0.281   0.050   0.337
 91 337 12 25 30  -0.180   0.277   0.048   0.335
 91 337 12 26 30  -0.178   0.277   0.038   0.332
 91 337 12 27 30  -0.174   0.274   0.043   0.328
 91 337 12 28 30  -0.180   0.260   0.055   0.321
 91 337 12 29 30  -0.180   0.234   0.104   0.315
 91 337 12 30 30  -0.188   0.219   0.129   0.317
 91 337 12 31 30  -0.186   0.211   0.151   0.319
 91 337 12 32 30  -0.169   0.253   0.089   0.317
 91 337 12 33 30  -0.167   0.253   0.089   0.317
 91 337 12 34 30  -0.171   0.244   0.088   0.312
 91 337 12 35 30  -0.191   0.231   0.087   0.312
 91 337 12 36 30  -0.191   0.232   0.086   0.313
 91 337 12 37 30  -0.186   0.243   0.078   0.316
 91 337 12 38 30  -0.173   0.250   0.081   0.315
 91 337 12 39 30  -0.182   0.248   0.075   0.317
 91 337 12 40 30  -0.176   0.251   0.077   0.316
 91 337 12 41 30  -0.181   0.252   0.076   0.320
 91 337 12 42 30  -0.176   0.253   0.067   0.316
 91 337 12 43 30  -0.174   0.261   0.061   0.320
 91 337 12 44 30  -0.174   0.256   0.064   0.316
 91 337 12 45 30  -0.162   0.266   0.051   0.316
 91 337 12 46 30  -0.178   0.241   0.065   0.310
 91 337 12 47 30  -0.198   0.160   0.186   0.316
 91 337 12 48 30  -0.204   0.153   0.185   0.315
 91 337 12 49 30  -0.203   0.176   0.162   0.314
 91 337 12 50 30  -0.186   0.220   0.106   0.309
 91 337 12 51 30  -0.168   0.255   0.053   0.311
 91 337 12 52 30  -0.167   0.244   0.067   0.305
 91 337 12 53 30  -0.185   0.214   0.104   0.302
 91 337 12 54 30  -0.142   0.260   0.060   0.304
 91 337 12 55 30  -0.135   0.260   0.066   0.301
 91 337 12 56 30  -0.215   0.170   0.131   0.305
 91 337 12 57 30  -0.213   0.175   0.144   0.312
 91 337 12 58 30  -0.217   0.184   0.123   0.311
 91 337 12 59 30  -0.216   0.205   0.099   0.314
 91 337 13 00 30  -0.222   0.195   0.108   0.315
 91 337 13 01 30  -0.212   0.196   0.115   0.311
 91 337 13 02 30  -0.217   0.181   0.126   0.310
 91 337 13 03 30  -0.211   0.193   0.134   0.316
 91 337 13 04 30  -0.220   0.188   0.140   0.322
 91 337 13 05 30  -0.222   0.195   0.119   0.319
 91 337 13 06 30  -0.216   0.181   0.114   0.304
 91 337 13 07 30  -0.215   0.206   0.103   0.315
 91 337 13 08 30  -0.213   0.205   0.104   0.314
 91 337 13 09 30  -0.226   0.199   0.105   0.319
 91 337 13 10 30  -0.218   0.208   0.092   0.315
 91 337 13 11 30  -0.213   0.204   0.084   0.307
 91 337 13 12 30  -0.223   0.203   0.081   0.313
 91 337 13 13 30  -0.221   0.204   0.093   0.315
 91 337 13 14 30  -0.219   0.205   0.100   0.317
 91 337 13 15 30  -0.220   0.200   0.102   0.315
 91 337 13 16 30  -0.222   0.205   0.094   0.317
 91 337 13 17 30  -0.219   0.201   0.103   0.315
 91 337 13 18 30  -0.221   0.204   0.095   0.315
 91 337 13 19 30  -0.214   0.199   0.100   0.309
 91 337 13 20 30  -0.216   0.198   0.099   0.309
 91 337 13 21 30  -0.215   0.201   0.103   0.312
 91 337 13 22 30  -0.214   0.206   0.101   0.314
 91 337 13 23 30  -0.212   0.202   0.102   0.310
 91 337 13 24 30  -0.209   0.208   0.109   0.314
 91 337 13 25 30  -0.208   0.209   0.112   0.316
 91 337 13 26 30  -0.198   0.218   0.113   0.316
 91 337 13 27 30  -0.202   0.212   0.106   0.312
 91 337 13 28 30  -0.203   0.211   0.100   0.309
 91 337 13 29 30  -0.205   0.206   0.107   0.310
 91 337 13 30 30  -0.195   0.214   0.095   0.306
 91 337 13 31 30  -0.179   0.204   0.125   0.299
 91 337 13 32 30  -0.185   0.195   0.129   0.299
 91 337 13 33 30  -0.170   0.209   0.128   0.299
 91 337 13 34 30  -0.179   0.204   0.126   0.300
 91 337 13 35 30  -0.187   0.208   0.120   0.305
 91 337 13 36 30  -0.195   0.201   0.123   0.306
 91 337 13 37 30  -0.169   0.237   0.088   0.309
 91 337 13 38 30  -0.176   0.244   0.079   0.312
 91 337 13 39 30  -0.181   0.247   0.069   0.315
 91 337 13 40 30  -0.160   0.262   0.056   0.312
 91 337 13 41 30  -0.150   0.263   0.041   0.307
 91 337 13 42 30  -0.181   0.228   0.095   0.307
 91 337 13 43 30  -0.182   0.222   0.105   0.307
 91 337 13 44 30  -0.198   0.198   0.130   0.308
 91 337 13 45 30  -0.175   0.223   0.114   0.307
 91 337 13 46 30  -0.185   0.216   0.117   0.308
 91 337 13 47 30  -0.182   0.222   0.112   0.308
 91 337 13 48 30  -0.186   0.223   0.097   0.307
 91 337 13 49 30  -0.181   0.222   0.115   0.309
 91 337 13 50 30  -0.188   0.223   0.096   0.307
 91 337 13 51 30  -0.186   0.175   0.153   0.299
 91 337 13 52 30  -0.188   0.203   0.123   0.303
 91 337 13 53 30  -0.179   0.221   0.108   0.304
 91 337 13 54 30  -0.181   0.215   0.110   0.302
 91 337 13 55 30  -0.189   0.215   0.102   0.304
 91 337 13 56 30  -0.217   0.186   0.114   0.308
 91 337 13 57 30  -0.216   0.192   0.108   0.309
 91 337 13 58 30  -0.211   0.205   0.098   0.310
 91 337 13 59 30  -0.216   0.197   0.096   0.308
 91 337 14 00 30  -0.216   0.202   0.093   0.310
 91 337 14 01 30  -0.205   0.203   0.107   0.309
 91 337 14 02 30  -0.221   0.188   0.103   0.309
 91 337 14 03 30  -0.227   0.183   0.102   0.309
 91 337 14 04 30  -0.234   0.182   0.087   0.309
 91 337 14 05 30  -0.222   0.191   0.078   0.303
 91 337 14 06 30  -0.220   0.199   0.060   0.303
 91 337 14 07 30  -0.215   0.205   0.059   0.304
 91 337 14 08 30  -0.201   0.231   0.044   0.310
 91 337 14 09 30  -0.219   0.215   0.050   0.313
 91 337 14 10 30  -0.219   0.213   0.051   0.311
 91 337 14 11 30  -0.222   0.205   0.053   0.307
 91 337 14 12 30  -0.218   0.202   0.065   0.305
 91 337 14 13 30  -0.222   0.200   0.070   0.307
 91 337 14 14 30  -0.226   0.191   0.061   0.304
 91 337 14 15 30  -0.212   0.213   0.060   0.308
 91 337 14 16 30  -0.226   0.190   0.066   0.303
 91 337 14 17 30  -0.215   0.202   0.078   0.306
 91 337 14 18 30  -0.205   0.212   0.078   0.306
 91 337 14 19 30  -0.191   0.221   0.096   0.308
 91 337 14 20 30  -0.213   0.198   0.109   0.313
 91 337 14 21 30  -0.171   0.269   0.037   0.321
 91 337 14 22 30  -0.170   0.269   0.028   0.320
 91 337 14 23 30  -0.174   0.273   0.018   0.325
 91 337 14 24 30  -0.174   0.278   0.016   0.329
 91 337 14 25 30  -0.160   0.278  -0.016   0.321
 91 337 14 26 30  -0.160   0.272  -0.017   0.316
 91 337 14 27 30  -0.189   0.262  -0.014   0.324
 91 337 14 28 30  -0.194   0.249   0.006   0.320
 91 337 14 29 30  -0.180   0.267   0.030   0.324
 91 337 14 30 30  -0.177   0.271   0.014   0.324
 91 337 14 31 30  -0.176   0.270   0.011   0.323
 91 337 14 32 30  -0.157   0.277  -0.021   0.321
 91 337 14 33 30  -0.151   0.276  -0.020   0.315
 91 337 14 34 30  -0.162   0.276  -0.034   0.322
 91 337 14 35 30  -0.163   0.282  -0.022   0.327
 91 337 14 36 30  -0.159   0.280  -0.046   0.326
 91 337 14 37 30  -0.144   0.280  -0.066   0.322
 91 337 14 38 30  -0.142   0.281  -0.056   0.320
 91 337 14 39 30  -0.145   0.267  -0.040   0.307
 91 337 14 40 30  -0.130   0.271  -0.059   0.307
 91 337 14 41 30  -0.128   0.265  -0.065   0.301
 91 337 14 42 30  -0.159   0.250  -0.039   0.302
 91 337 14 43 30  -0.185   0.246   0.002   0.308
 91 337 14 44 30  -0.180   0.250  -0.013   0.309
 91 337 14 45 30  -0.178   0.250  -0.015   0.307
 91 337 14 46 30  -0.162   0.257   0.009   0.305
 91 337 14 47 30  -0.150   0.265   0.031   0.306
 91 337 14 48 30  -0.166   0.248   0.047   0.303
 91 337 14 49 30  -0.165   0.242   0.065   0.300
 91 337 14 50 30  -0.173   0.247   0.045   0.306
 91 337 14 51 30  -0.190   0.233   0.030   0.302
 91 337 14 52 30  -0.175   0.240   0.053   0.303
 91 337 14 53 30  -0.180   0.231   0.011   0.294
 91 337 14 54 30  -0.186   0.229   0.035   0.298
 91 337 14 55 30  -0.177   0.240   0.023   0.300
 91 337 14 56 30  -0.180   0.235   0.026   0.297
 91 337 14 57 30  -0.175   0.244   0.024   0.301
 91 337 14 58 30  -0.173   0.243   0.018   0.299
 91 337 14 59 30  -0.177   0.242   0.024   0.301
 91 337 15 00 30  -0.152   0.256   0.038   0.301
 91 337 15 01 30  -0.153   0.254   0.021   0.298
 91 337 15 02 30  -0.160   0.251   0.019   0.299
 91 337 15 03 30  -0.173   0.243   0.011   0.299
 91 337 15 04 30  -0.156   0.254   0.018   0.299
 91 337 15 05 30  -0.150   0.259   0.017   0.300
 91 337 15 06 30  -0.155   0.260   0.022   0.304
 91 337 15 07 30  -0.148   0.268   0.005   0.306
 91 337 15 08 30  -0.145   0.271  -0.007   0.308
 91 337 15 09 30  -0.150   0.272  -0.007   0.311
 91 337 15 10 30  -0.114   0.285  -0.022   0.309
 91 337 15 11 30  -0.115   0.285  -0.022   0.309
 91 337 15 12 30  -0.130   0.279  -0.028   0.310
 91 337 15 13 30  -0.121   0.280  -0.026   0.306
 91 337 15 14 30  -0.094   0.289  -0.038   0.311
 91 337 15 15 30  -0.028   0.293  -0.124   0.320
 91 337 15 16 30  -0.048   0.294  -0.124   0.324
 91 337 15 17 30  -0.004   0.283  -0.153   0.323
 91 337 15 18 30   0.023   0.271  -0.174   0.324
 91 337 15 19 30   0.021   0.283  -0.170   0.331
 91 337 15 20 30   0.017   0.287  -0.166   0.332
 91 337 15 21 30   0.046   0.258  -0.203   0.333
 91 337 15 22 30   0.032   0.269  -0.189   0.336
 91 337 15 23 30   0.011   0.284  -0.182   0.338
 91 337 15 24 30   0.033   0.272  -0.195   0.337
 91 337 15 25 30   0.024   0.266  -0.194   0.330
 91 337 15 26 30   0.033   0.269  -0.189   0.331
 91 337 15 27 30   0.010   0.278  -0.176   0.331
 91 337 15 28 30   0.025   0.282  -0.179   0.335
 91 337 15 29 30   0.040   0.284  -0.170   0.334
 91 337 15 30 30   0.061   0.280  -0.174   0.337
 91 337 15 31 30   0.064   0.262  -0.208   0.341
 91 337 15 32 30   0.057   0.269  -0.201   0.341
 91 337 15 33 30   0.034   0.301  -0.171   0.349
 91 337 15 34 30   0.033   0.309  -0.166   0.353
 91 337 15 35 30   0.072   0.296  -0.181   0.356
 91 337 15 36 30   0.096   0.270  -0.219   0.366
 91 337 15 37 30   0.096   0.247  -0.261   0.372
 91 337 15 38 30   0.102   0.290  -0.209   0.373
 91 337 15 39 30   0.068   0.317  -0.175   0.370
 91 337 15 40 30   0.041   0.318  -0.174   0.365
 91 337 15 41 30   0.049   0.326  -0.173   0.374
 91 337 15 42 30   0.083   0.305  -0.199   0.374
 91 337 15 43 30   0.079   0.301  -0.217   0.380
 91 337 15 44 30   0.116   0.290  -0.239   0.394
 91 337 15 45 30   0.125   0.265  -0.244   0.381
 91 337 15 46 30   0.151   0.234  -0.256   0.379
 91 337 15 47 30   0.165   0.211  -0.265   0.377
 91 337 15 48 30   0.158   0.216  -0.266   0.377
 91 337 15 49 30   0.192   0.174  -0.274   0.378
 91 337 15 50 30   0.194   0.165  -0.284   0.382
 91 337 15 51 30   0.217   0.133  -0.280   0.379
 91 337 15 52 30   0.219   0.159  -0.259   0.375
 91 337 15 53 30   0.138   0.251  -0.234   0.376
 91 337 15 54 30   0.135   0.266  -0.232   0.378
 91 337 15 55 30   0.102   0.287  -0.214   0.374
 91 337 15 56 30   0.065   0.300  -0.210   0.372
 91 337 15 57 30   0.078   0.274  -0.238   0.373
 91 337 15 58 30   0.125   0.251  -0.250   0.376
 91 337 15 59 30   0.149   0.243  -0.242   0.374
 91 337 16 00 30   0.126   0.269  -0.229   0.375
 91 337 16 01 30   0.130   0.264  -0.226   0.371
 91 337 16 02 30   0.146   0.253  -0.232   0.373
 91 337 16 03 30   0.139   0.258  -0.230   0.373
 91 337 16 04 30   0.139   0.259  -0.233   0.376
 91 337 16 05 30   0.138   0.269  -0.225   0.377
 91 337 16 06 30   0.140   0.269  -0.217   0.373
 91 337 16 07 30   0.163   0.242  -0.229   0.372
 91 337 16 08 30   0.196   0.233  -0.209   0.370
 91 337 16 09 30   0.202   0.203  -0.238   0.373
 91 337 16 10 30   0.191   0.178  -0.263   0.371
 91 337 16 11 30   0.155   0.226  -0.234   0.368
 91 337 16 12 30   0.136   0.248  -0.232   0.367
 91 337 16 13 30   0.119   0.243  -0.245   0.369
 91 337 16 14 30   0.178   0.194  -0.257   0.368
 91 337 16 15 30   0.195   0.177  -0.262   0.372
 91 337 16 16 30   0.190   0.175  -0.274   0.378
 91 337 16 17 30   0.194   0.170  -0.275   0.379
 91 337 16 18 30   0.206   0.184  -0.261   0.381
 91 337 16 19 30   0.207   0.142  -0.286   0.382
 91 337 16 20 30   0.182   0.192  -0.266   0.376
 91 337 16 21 30   0.178   0.196  -0.258   0.370
 91 337 16 22 30   0.197   0.208  -0.226   0.366
 91 337 16 23 30   0.174   0.278  -0.165   0.373
 91 337 16 24 30   0.186   0.211  -0.239   0.373
 91 337 16 25 30   0.178   0.170  -0.283   0.377
 91 337 16 26 30   0.156   0.250  -0.204   0.371
 91 337 16 27 30   0.151   0.308  -0.120   0.366
 91 337 16 28 30   0.183   0.260  -0.191   0.372
 91 337 16 29 30   0.179   0.232  -0.214   0.364
 91 337 16 30 30   0.169   0.234  -0.214   0.359
 91 337 16 31 30   0.179   0.225  -0.219   0.362
 91 337 16 32 30   0.184   0.209  -0.229   0.361
 91 337 16 33 30   0.185   0.191  -0.236   0.356
 91 337 16 34 30   0.178   0.187  -0.246   0.357
 91 337 16 35 30   0.202   0.196  -0.217   0.357
 91 337 16 36 30   0.230   0.190  -0.203   0.362
 91 337 16 37 30   0.233   0.192  -0.191   0.358
 91 337 16 38 30   0.235   0.197  -0.190   0.361
 91 337 16 39 30   0.220   0.200  -0.220   0.371
 91 337 16 40 30   0.176   0.220  -0.241   0.372
 91 337 16 41 30   0.182   0.221  -0.230   0.369
 91 337 16 42 30   0.160   0.240  -0.230   0.370
 91 337 16 43 30   0.195   0.230  -0.214   0.371
 91 337 16 44 30   0.193   0.226  -0.220   0.370
 91 337 16 45 30   0.171   0.225  -0.237   0.370
 91 337 16 46 30   0.211   0.208  -0.230   0.375
 91 337 16 47 30   0.201   0.204  -0.234   0.370
 91 337 16 48 30   0.209   0.199  -0.231   0.372
 91 337 16 49 30   0.220   0.211  -0.221   0.377
 91 337 16 50 30   0.240   0.200  -0.218   0.382
 91 337 16 51 30   0.240   0.183  -0.223   0.376
 91 337 16 52 30   0.232   0.210  -0.204   0.374
 91 337 16 53 30   0.222   0.205  -0.222   0.376
 91 337 16 54 30   0.221   0.204  -0.220   0.373
 91 337 16 55 30   0.207   0.206  -0.230   0.373
 91 337 16 56 30   0.189   0.190  -0.258   0.373
 91 337 16 57 30   0.213   0.182  -0.240   0.370
 91 337 16 58 30   0.242   0.182  -0.211   0.371
 91 337 16 59 30   0.249   0.185  -0.207   0.374
 91 337 17 00 30   0.262   0.184  -0.198   0.376
 91 337 17 01 30   0.258   0.172  -0.215   0.378
 91 337 17 02 30   0.262   0.158  -0.221   0.378
 91 337 17 03 30   0.253   0.151  -0.229   0.374
 91 337 17 04 30   0.255   0.158  -0.227   0.377
 91 337 17 05 30   0.256   0.154  -0.226   0.375
 91 337 17 06 30   0.246   0.160  -0.237   0.377
 91 337 17 07 30   0.253   0.156  -0.233   0.378
 91 337 17 08 30   0.248   0.158  -0.240   0.379
 91 337 17 09 30   0.253   0.162  -0.229   0.378
 91 337 17 10 30   0.262   0.154  -0.218   0.375
 91 337 17 11 30   0.265   0.158  -0.218   0.378
 91 337 17 12 30   0.252   0.174  -0.215   0.375
 91 337 17 13 30   0.264   0.160  -0.209   0.373
 91 337 17 14 30   0.261   0.162  -0.205   0.370
 91 337 17 15 30   0.223   0.167  -0.232   0.363
 91 337 17 16 30   0.234   0.152  -0.227   0.363
 91 337 17 17 30   0.185   0.176  -0.231   0.359
 91 337 17 18 30   0.126   0.291  -0.151   0.364
 91 337 17 19 30   0.082   0.332  -0.131   0.368
 91 337 17 20 30   0.115   0.308  -0.177   0.373
 91 337 17 21 30   0.117   0.308  -0.172   0.372
 91 337 17 22 30   0.117   0.312  -0.159   0.370
 91 337 17 23 30   0.116   0.316  -0.151   0.369
 91 337 17 24 30   0.104   0.313  -0.162   0.368
 91 337 17 25 30   0.101   0.322  -0.155   0.372
 91 337 17 26 30   0.095   0.327  -0.150   0.372
 91 337 17 27 30   0.099   0.328  -0.152   0.375
 91 337 17 28 30   0.096   0.328  -0.157   0.376
 91 337 17 29 30   0.096   0.333  -0.150   0.378
 91 337 17 30 30   0.089   0.334  -0.157   0.380
 91 337 17 31 30   0.083   0.341  -0.152   0.383
 91 337 17 32 30   0.099   0.335  -0.145   0.378
 91 337 17 33 30   0.103   0.327  -0.154   0.376
 91 337 17 34 30   0.101   0.327  -0.167   0.381
 91 337 17 35 30   0.082   0.341  -0.145   0.380
 91 337 17 36 30   0.080   0.339  -0.148   0.379
 91 337 17 37 30   0.087   0.340  -0.149   0.382
 91 337 17 38 30   0.085   0.337  -0.158   0.382
 91 337 17 39 30   0.083   0.333  -0.173   0.384
 91 337 17 40 30   0.086   0.334  -0.165   0.383
 91 337 17 41 30   0.071   0.334  -0.172   0.383
 91 337 17 42 30   0.067   0.333  -0.175   0.383
 91 337 17 43 30   0.053   0.338  -0.172   0.383
 91 337 17 44 30   0.067   0.338  -0.165   0.382
 91 337 17 45 30   0.070   0.333  -0.170   0.381
 91 337 17 46 30   0.082   0.329  -0.177   0.383
 91 337 17 47 30   0.072   0.332  -0.176   0.383
 91 337 17 48 30   0.068   0.334  -0.173   0.382
 91 337 17 49 30   0.069   0.334  -0.166   0.379
 91 337 17 50 30   0.060   0.340  -0.157   0.379
 91 337 17 51 30   0.067   0.342  -0.151   0.380
 91 337 17 52 30   0.066   0.330  -0.170   0.378
 91 337 17 53 30   0.069   0.337  -0.159   0.379
 91 337 17 54 30   0.070   0.340  -0.150   0.379
 91 337 17 55 30   0.077   0.336  -0.156   0.379
 91 337 17 56 30   0.076   0.349  -0.125   0.379
 91 337 17 57 30   0.072   0.353  -0.122   0.381
 91 337 17 58 30   0.072   0.353  -0.116   0.379
 91 337 17 59 30   0.065   0.346  -0.130   0.376
 91 337 18 00 30   0.074   0.342  -0.130   0.373
 91 337 18 01 30   0.072   0.344  -0.126   0.374
 91 337 18 02 30   0.071   0.348  -0.117   0.374
 91 337 18 03 30   0.050   0.348  -0.126   0.374
 91 337 18 04 30   0.063   0.345  -0.131   0.374
 91 337 18 05 30   0.064   0.340  -0.143   0.375
 91 337 18 06 30   0.055   0.339  -0.140   0.371
 91 337 18 07 30   0.055   0.340  -0.133   0.369
 91 337 18 08 30   0.050   0.340  -0.132   0.369
 91 337 18 09 30   0.044   0.338  -0.139   0.368
 91 337 18 10 30   0.047   0.337  -0.137   0.367
 91 337 18 11 30   0.043   0.333  -0.147   0.367
 91 337 18 12 30   0.055   0.322  -0.170   0.369
 91 337 18 13 30   0.111   0.295  -0.210   0.379
 91 337 18 14 30   0.128   0.286  -0.214   0.381
 91 337 18 15 30   0.094   0.330  -0.163   0.381
 91 337 18 16 30   0.097   0.326  -0.175   0.383
 91 337 18 17 30   0.107   0.322  -0.186   0.387
 91 337 18 18 30   0.131   0.298  -0.202   0.385
 91 337 18 19 30   0.184   0.248  -0.237   0.390
 91 337 18 20 30   0.189   0.251  -0.233   0.392
 91 337 18 21 30   0.198   0.245  -0.227   0.389
 91 337 18 22 30   0.131   0.288  -0.207   0.386
 91 337 18 23 30   0.030   0.346  -0.161   0.383
 91 337 18 24 30   0.011   0.345  -0.150   0.377
 91 337 18 25 30  -0.027   0.350  -0.131   0.376
 91 337 18 26 30  -0.012   0.347  -0.150   0.378
 91 337 18 27 30   0.006   0.343  -0.173   0.384
 91 337 18 28 30  -0.020   0.345  -0.156   0.381
 91 337 18 29 30  -0.031   0.354  -0.150   0.386
 91 337 18 30 30  -0.012   0.349  -0.164   0.387
 91 337 18 31 30   0.008   0.339  -0.180   0.385
 91 337 18 32 30   0.012   0.345  -0.179   0.389
 91 337 18 33 30   0.024   0.338  -0.177   0.383
 91 337 18 34 30  -0.002   0.364  -0.124   0.385
 91 337 18 35 30  -0.004   0.351  -0.172   0.393
 91 337 18 36 30   0.009   0.312  -0.225   0.385
 91 337 18 37 30   0.006   0.314  -0.218   0.383
 91 337 18 38 30   0.008   0.311  -0.226   0.385
 91 337 18 39 30  -0.003   0.298  -0.242   0.384
 91 337 18 40 30   0.010   0.295  -0.250   0.387
 91 337 18 41 30   0.020   0.304  -0.241   0.389
 91 337 18 42 30  -0.003   0.288  -0.263   0.391
 91 337 18 43 30   0.022   0.307  -0.239   0.390
 91 337 18 44 30   0.018   0.294  -0.252   0.388
 91 337 18 45 30   0.009   0.276  -0.268   0.385
 91 337 18 47 30   0.027   0.299  -0.245   0.388
 91 337 18 48 30   0.041   0.307  -0.239   0.391
 91 337 18 49 30   0.039   0.313  -0.235   0.393
 91 337 18 51 30   0.041   0.307  -0.240   0.392
 91 337 18 52 30   0.056   0.316  -0.219   0.389
 91 337 18 53 30   0.065   0.309  -0.217   0.383
 91 337 18 54 30   0.067   0.316  -0.210   0.386
 91 337 18 55 30   0.053   0.310  -0.226   0.388
 91 337 18 56 30   0.059   0.313  -0.230   0.393
 91 337 18 57 30   0.061   0.310  -0.227   0.390
 91 337 18 58 30   0.062   0.312  -0.221   0.387
 91 337 18 59 30   0.073   0.320  -0.202   0.385
 91 337 19 00 30   0.074   0.325  -0.197   0.388
 91 337 19 01 30   0.072   0.334  -0.191   0.391
 91 337 19 02 30   0.071   0.338  -0.200   0.399
 91 337 19 03 30   0.066   0.326  -0.222   0.400
 91 337 19 04 30   0.066   0.314  -0.242   0.402
 91 337 19 05 30   0.062   0.301  -0.253   0.398
 91 337 19 06 30   0.063   0.298  -0.258   0.399
 91 337 19 07 30   0.058   0.294  -0.261   0.398
 91 337 19 08 30   0.055   0.291  -0.262   0.396
 91 337 19 09 30   0.047   0.296  -0.260   0.397
 91 337 19 10 30   0.062   0.288  -0.257   0.392
 91 337 19 11 30   0.062   0.286  -0.258   0.391
 91 337 19 12 30   0.052   0.279  -0.270   0.392
 91 337 19 13 30   0.046   0.285  -0.267   0.393
 91 337 19 14 30   0.030   0.282  -0.270   0.393
 91 337 19 15 30   0.045   0.280  -0.272   0.394
 91 337 19 16 30   0.027   0.272  -0.276   0.392
 91 337 19 17 30  -0.016   0.252  -0.299   0.393
 91 337 19 18 30   0.023   0.272  -0.272   0.386
 91 337 19 19 30   0.029   0.268  -0.281   0.390
 91 337 19 20 30   0.054   0.264  -0.282   0.391
 91 337 19 21 30   0.066   0.275  -0.269   0.390
 91 337 19 22 30   0.054   0.275  -0.272   0.391
 91 337 19 23 30   0.038   0.274  -0.271   0.388
 91 337 19 24 30   0.001   0.259  -0.284   0.385
 91 337 19 25 30  -0.002   0.250  -0.288   0.382
 91 337 19 26 30   0.024   0.247  -0.290   0.382
 91 337 19 27 30  -0.029   0.237  -0.282   0.371
 91 337 19 28 30   0.012   0.248  -0.274   0.371
 91 337 19 29 30   0.005   0.252  -0.264   0.366
 91 337 19 30 30   0.012   0.256  -0.265   0.369
 91 337 19 31 30   0.026   0.256  -0.265   0.370
 91 337 19 32 30   0.013   0.273  -0.245   0.368
 91 337 19 33 30  -0.010   0.279  -0.240   0.369
 91 337 19 34 30  -0.007   0.280  -0.243   0.371
 91 337 19 35 30   0.022   0.275  -0.248   0.371
 91 337 19 36 30  -0.024   0.301  -0.218   0.374
 91 337 19 37 30  -0.060   0.302  -0.206   0.372
 91 337 19 38 30   0.099   0.227  -0.268   0.384
 91 337 19 39 30   0.153   0.207  -0.303   0.399
 91 337 19 40 30   0.164   0.213  -0.301   0.404
 91 337 19 41 30   0.171   0.231  -0.294   0.412
 91 337 19 42 30   0.152   0.259  -0.275   0.408
 91 337 19 43 30   0.156   0.267  -0.264   0.407
 91 337 19 44 30   0.119   0.286  -0.263   0.407
 91 337 19 45 30   0.103   0.289  -0.253   0.398
 91 337 19 46 30   0.101   0.303  -0.234   0.396
 91 337 19 47 30   0.115   0.293  -0.253   0.404
 91 337 19 48 30   0.140   0.273  -0.263   0.405
 91 337 19 49 30   0.133   0.274  -0.265   0.405
 91 337 19 50 30   0.138   0.257  -0.280   0.404
 91 337 19 51 30   0.136   0.255  -0.287   0.408
 91 337 19 52 30   0.134   0.265  -0.278   0.407
 91 337 19 53 30   0.140   0.282  -0.247   0.400
 91 337 19 54 30   0.125   0.283  -0.250   0.398
 91 337 19 55 30   0.130   0.263  -0.264   0.395
 91 337 19 56 30   0.139   0.269  -0.263   0.402
 91 337 19 57 30   0.139   0.270  -0.260   0.400
 91 337 19 58 30   0.116   0.311  -0.201   0.389
 91 337 19 59 30   0.132   0.293  -0.220   0.390
 91 337 20 00 30   0.123   0.308  -0.196   0.386
 91 337 20 01 30   0.112   0.324  -0.181   0.388
 91 337 20 02 30   0.120   0.329  -0.181   0.395
 91 337 20 03 30   0.109   0.343  -0.158   0.393
 91 337 20 04 30   0.125   0.326  -0.176   0.392
 91 337 20 05 30   0.130   0.306  -0.201   0.389
 91 337 20 06 30   0.139   0.288  -0.222   0.390
 91 337 20 07 30   0.148   0.263  -0.245   0.389
 91 337 20 08 30   0.153   0.258  -0.251   0.391
 91 337 20 09 30   0.151   0.243  -0.265   0.391
 91 337 20 10 30   0.150   0.226  -0.284   0.393
 91 337 20 11 30   0.150   0.213  -0.298   0.396
 91 337 20 12 30   0.153   0.192  -0.317   0.401
 91 337 20 13 30   0.154   0.169  -0.328   0.400
 91 337 20 14 30   0.146   0.225  -0.290   0.395
 91 337 20 15 30   0.144   0.224  -0.283   0.389
 91 337 20 16 30   0.169   0.207  -0.290   0.394
 91 337 20 17 30   0.167   0.209  -0.294   0.397
 91 337 20 18 30   0.167   0.218  -0.292   0.401
 91 337 20 19 30   0.169   0.223  -0.290   0.403
 91 337 20 20 30   0.158   0.241  -0.278   0.401
 91 337 20 21 30   0.185   0.212  -0.294   0.407
 91 337 20 22 30   0.196   0.183  -0.309   0.410
 91 337 20 23 30   0.187   0.196  -0.303   0.406
 91 337 20 24 30   0.183   0.210  -0.296   0.407
 91 337 20 25 30   0.175   0.224  -0.289   0.405
 91 337 20 26 30   0.176   0.215  -0.295   0.406
 91 337 20 27 30   0.185   0.161  -0.312   0.398
 91 337 20 28 30   0.182   0.148  -0.322   0.399
 91 337 20 29 30   0.187   0.149  -0.314   0.395
 91 337 20 30 30   0.183   0.148  -0.307   0.388
 91 337 20 31 30   0.198   0.157  -0.286   0.383
 91 337 20 32 30   0.186   0.208  -0.266   0.386
 91 337 20 33 30   0.189   0.213  -0.265   0.390
 91 337 20 34 30   0.180   0.205  -0.274   0.387
 91 337 20 35 30   0.169   0.208  -0.268   0.380
 91 337 20 36 30   0.179   0.206  -0.265   0.381
 91 337 20 37 30   0.176   0.219  -0.255   0.379
 91 337 20 38 30   0.165   0.218  -0.265   0.381
 91 337 20 39 30   0.158   0.209  -0.238   0.354
 91 337 20 40 30   0.151   0.192  -0.252   0.351
 91 337 20 41 30   0.148   0.181  -0.264   0.353
 91 337 20 42 30   0.139   0.167  -0.273   0.349
 91 337 20 43 30   0.158   0.156  -0.274   0.353
 91 337 20 44 30   0.159   0.168  -0.269   0.356
 91 337 20 45 30   0.150   0.179  -0.262   0.351
 91 337 20 46 30   0.145   0.165  -0.272   0.350
 91 337 20 47 30   0.148   0.171  -0.273   0.355
 91 337 20 48 30   0.153   0.147  -0.281   0.352
 91 337 20 49 30   0.145   0.143  -0.286   0.351
 91 337 20 50 30   0.146   0.163  -0.275   0.352
 91 337 20 51 30   0.150   0.177  -0.266   0.353
 91 337 20 52 30   0.153   0.160  -0.276   0.354
 91 337 20 53 30   0.163   0.186  -0.247   0.350
 91 337 20 54 30   0.163   0.193  -0.242   0.350
 91 337 20 55 30   0.168   0.196  -0.239   0.352
 91 337 20 56 30   0.164   0.199  -0.239   0.352
 91 337 20 57 30   0.165   0.197  -0.238   0.350
 91 337 20 58 30   0.160   0.208  -0.233   0.351
 91 337 20 59 30   0.156   0.212  -0.237   0.354
 91 337 21 00 30   0.119   0.193  -0.269   0.352
 91 337 21 01 30   0.123   0.189  -0.267   0.350
 91 337 21 02 30   0.126   0.190  -0.269   0.353
 91 337 21 03 30   0.122   0.198  -0.264   0.352
 91 337 21 04 30   0.118   0.177  -0.283   0.354
 91 337 21 05 30   0.151   0.217  -0.242   0.360
 91 337 21 06 30   0.152   0.222  -0.235   0.358
 91 337 21 07 30   0.147   0.219  -0.243   0.359
 91 337 21 08 30   0.145   0.211  -0.254   0.361
 91 337 21 09 30   0.144   0.212  -0.243   0.354
 91 337 21 10 30   0.144   0.231  -0.238   0.362
 91 337 21 11 30   0.147   0.222  -0.242   0.360
 91 337 21 12 30   0.147   0.225  -0.235   0.357
 91 337 21 13 30   0.160   0.239  -0.201   0.351
 91 337 21 14 30   0.152   0.241  -0.206   0.352
 91 337 21 15 30   0.163   0.232  -0.208   0.352
 91 337 21 16 30   0.163   0.216  -0.219   0.348
 91 337 21 17 30   0.159   0.230  -0.215   0.353
 91 337 21 18 30   0.151   0.240  -0.208   0.353
 91 337 21 19 30   0.145   0.222  -0.238   0.357
 91 337 21 20 30   0.148   0.202  -0.254   0.357
 91 337 21 21 30   0.159   0.204  -0.246   0.358
 91 337 21 22 30   0.168   0.183  -0.264   0.363
 91 337 21 23 30   0.176   0.158  -0.278   0.365
 91 337 21 24 30   0.168   0.189  -0.256   0.360
 91 337 21 25 30   0.168   0.192  -0.254   0.360
 91 337 21 26 30   0.171   0.183  -0.258   0.360
 91 337 21 27 30   0.143   0.199  -0.264   0.361
 91 337 21 28 30   0.145   0.212  -0.250   0.358
 91 337 21 29 30   0.132   0.222  -0.247   0.358
 91 337 21 30 30   0.130   0.221  -0.241   0.353
 91 337 21 31 30   0.082   0.243  -0.247   0.357
 91 337 21 32 30   0.098   0.263  -0.223   0.360
 91 337 21 33 30   0.110   0.253  -0.228   0.359
 91 337 21 34 30   0.107   0.265  -0.213   0.357
 91 337 21 35 30   0.108   0.284  -0.197   0.362
 91 337 21 36 30   0.080   0.295  -0.186   0.359
 91 337 21 37 30   0.108   0.253  -0.229   0.360
 91 337 21 38 30   0.076   0.285  -0.219   0.368
 91 337 21 39 30   0.121   0.254  -0.236   0.367
 91 337 21 40 30   0.103   0.271  -0.226   0.368
 91 337 21 41 30   0.106   0.269  -0.236   0.374
 91 337 21 42 30   0.100   0.260  -0.244   0.370
 91 337 21 43 30   0.095   0.257  -0.247   0.369
 91 337 21 44 30   0.094   0.255  -0.245   0.367
 91 337 21 45 30   0.089   0.262  -0.237   0.365
 91 337 21 46 30   0.123   0.273  -0.206   0.364
 91 337 21 47 30   0.114   0.254  -0.236   0.365
 91 337 21 48 30   0.105   0.247  -0.252   0.368
 91 337 21 49 30   0.114   0.248  -0.252   0.372
 91 337 21 50 30   0.122   0.247  -0.257   0.377
 91 337 21 51 30   0.124   0.233  -0.268   0.377
 91 337 21 52 30   0.092   0.280  -0.232   0.375
 91 337 21 53 30   0.077   0.304  -0.200   0.373
 91 337 21 54 30   0.093   0.300  -0.197   0.372
 91 337 21 55 30   0.089   0.304  -0.202   0.376
 91 337 21 56 30   0.079   0.316  -0.193   0.379
 91 337 21 57 30   0.093   0.316  -0.185   0.378
 91 337 21 58 30   0.092   0.309  -0.196   0.378
 91 337 21 59 30   0.092   0.316  -0.193   0.382
 91 337 22 00 30   0.128   0.299  -0.194   0.379
 91 337 22 01 30   0.108   0.311  -0.183   0.377
 91 337 22 02 30   0.120   0.315  -0.174   0.380
 91 337 22 03 30   0.117   0.306  -0.178   0.373
 91 337 22 04 30   0.116   0.321  -0.169   0.382
 91 337 22 05 30   0.105   0.338  -0.148   0.385
 91 337 22 06 30   0.111   0.328  -0.165   0.384
 91 337 22 07 30   0.134   0.303  -0.189   0.383
 91 337 22 08 30   0.149   0.304  -0.190   0.389
 91 337 22 09 30   0.128   0.320  -0.168   0.385
 91 337 22 10 30   0.123   0.307  -0.197   0.385
 91 337 22 11 30   0.114   0.307  -0.190   0.382
 91 337 22 12 30   0.109   0.257  -0.264   0.385
 91 337 22 13 30   0.123   0.263  -0.252   0.385
 91 337 22 14 30   0.137   0.216  -0.286   0.385
 91 337 22 15 30   0.117   0.329  -0.163   0.386
 91 337 22 16 30   0.112   0.332  -0.154   0.384
 91 337 22 17 30   0.087   0.308  -0.214   0.385
 91 337 22 18 30   0.096   0.310  -0.213   0.389
 91 337 22 19 30   0.085   0.321  -0.209   0.393
 91 337 22 20 30   0.079   0.324  -0.204   0.392
 91 337 22 21 30   0.073   0.326  -0.209   0.394
 91 337 22 22 30   0.097   0.315  -0.214   0.393
 91 337 22 23 30   0.088   0.315  -0.215   0.391
 91 337 22 24 30   0.103   0.309  -0.219   0.393
 91 337 22 25 30   0.100   0.312  -0.212   0.390
 91 337 22 26 30   0.117   0.303  -0.210   0.387
 91 337 22 27 30   0.110   0.300  -0.229   0.393
 91 337 22 28 30   0.105   0.310  -0.216   0.392
 91 337 22 29 30   0.100   0.332  -0.194   0.397
 91 337 22 30 30   0.094   0.329  -0.199   0.395
 91 337 22 31 30   0.096   0.316  -0.209   0.392
 91 337 22 32 30   0.112   0.319  -0.208   0.397
 91 337 22 33 30   0.095   0.338  -0.187   0.399
 91 337 22 34 30   0.100   0.343  -0.180   0.401
 91 337 22 35 30   0.089   0.369  -0.150   0.408
 91 337 22 36 30   0.110   0.351  -0.180   0.411
 91 337 22 37 30   0.121   0.340  -0.175   0.401
 91 337 22 38 30   0.113   0.346  -0.166   0.401
 91 337 22 39 30   0.106   0.349  -0.168   0.402
 91 337 22 40 30   0.094   0.365  -0.140   0.403
 91 337 22 41 30   0.085   0.363  -0.141   0.399
 91 337 22 42 30   0.085   0.378  -0.107   0.403
 91 337 22 43 30   0.099   0.379  -0.098   0.404
 91 337 22 44 30   0.094   0.380  -0.097   0.404
 91 337 22 45 30   0.086   0.377  -0.060   0.393
 91 337 22 46 30   0.071   0.386  -0.019   0.393
 91 337 22 47 30   0.095   0.385  -0.041   0.400
 91 337 22 48 30   0.111   0.384  -0.067   0.405
 91 337 22 49 30   0.115   0.381  -0.070   0.404
 91 337 22 50 30   0.107   0.380  -0.062   0.400
 91 337 22 51 30   0.113   0.379  -0.048   0.399
 91 337 22 52 30   0.110   0.373  -0.066   0.395
 91 337 22 53 30   0.081   0.374  -0.086   0.393
 91 337 22 54 30   0.080   0.365  -0.106   0.389
 91 337 22 55 30   0.096   0.368  -0.093   0.392
 91 337 22 56 30   0.092   0.372  -0.078   0.392
 91 337 22 57 30   0.092   0.376  -0.073   0.394
 91 337 22 58 30   0.088   0.380  -0.068   0.396
 91 337 22 59 30   0.093   0.375  -0.082   0.395
 91 337 23 00 30   0.081   0.384  -0.052   0.397
 91 337 23 01 30   0.078   0.392   0.003   0.400
 91 337 23 02 30   0.071   0.388  -0.001   0.395
 91 337 23 03 30   0.063   0.382  -0.031   0.389
 91 337 23 04 30   0.067   0.388  -0.006   0.395
 91 337 23 05 30   0.070   0.392  -0.008   0.399
 91 337 23 06 30   0.073   0.391  -0.008   0.398
 91 337 23 07 30   0.061   0.379   0.004   0.386
 91 337 23 08 30   0.107   0.348  -0.113   0.381
 91 337 23 09 30   0.118   0.353  -0.100   0.386
 91 337 23 10 30   0.113   0.359  -0.075   0.384
 91 337 23 11 30   0.103   0.352  -0.097   0.380
 91 337 23 12 30   0.104   0.361  -0.060   0.382
 91 337 23 13 30   0.096   0.365  -0.039   0.380
 91 337 23 14 30   0.106   0.363  -0.041   0.381
 91 337 23 15 30   0.071   0.375  -0.036   0.385
 91 337 23 16 30   0.042   0.381  -0.036   0.386
 91 337 23 17 30   0.047   0.377  -0.050   0.383
 91 337 23 18 30   0.039   0.376  -0.072   0.386
 91 337 23 19 30   0.050   0.365  -0.099   0.382
 91 337 23 20 30   0.085   0.369  -0.085   0.388
 91 337 23 21 30   0.062   0.363  -0.096   0.381
 91 337 23 22 30   0.061   0.366  -0.085   0.381
 91 337 23 23 30   0.071   0.365  -0.077   0.380
 91 337 23 24 30   0.084   0.364  -0.076   0.382
 91 337 23 25 30   0.085   0.364  -0.067   0.380
 91 337 23 26 30   0.092   0.365  -0.060   0.381
 91 337 23 27 30   0.098   0.366  -0.057   0.384
 91 337 23 28 30   0.090   0.368  -0.048   0.382
 91 337 23 29 30   0.095   0.368  -0.049   0.383
 91 337 23 30 30   0.107   0.358  -0.083   0.384
 91 337 23 31 30   0.111   0.364  -0.071   0.387
 91 337 23 32 30   0.109   0.363  -0.070   0.387
 91 337 23 33 30   0.125   0.349  -0.098   0.384
 91 337 23 34 30   0.126   0.353  -0.072   0.382
 91 337 23 35 30   0.122   0.350  -0.085   0.382
 91 337 23 36 30   0.148   0.344  -0.063   0.381
 91 337 23 37 30   0.174   0.344  -0.027   0.387
 91 337 23 38 30   0.097   0.346  -0.126   0.386
 91 337 23 39 30   0.078   0.351  -0.147   0.389
 91 337 23 40 30   0.078   0.355  -0.125   0.385
 91 337 23 41 30   0.111   0.349  -0.046   0.371
 91 337 23 42 30   0.133   0.349  -0.010   0.374
 91 337 23 43 30   0.070   0.355  -0.058   0.368
 91 337 23 44 30   0.030   0.357  -0.058   0.364
 91 337 23 45 30   0.023   0.362  -0.062   0.369
 91 337 23 46 30   0.043   0.359  -0.073   0.370
 91 337 23 47 30   0.040   0.363  -0.064   0.372
 91 337 23 48 30   0.060   0.357  -0.074   0.370
 91 337 23 49 30   0.085   0.353  -0.070   0.371
 91 337 23 50 30   0.072   0.355  -0.086   0.373
 91 337 23 51 30   0.062   0.357  -0.078   0.371
 91 337 23 52 30   0.064   0.361  -0.078   0.375
 91 337 23 53 30   0.055   0.356  -0.090   0.373
 91 337 23 54 30   0.080   0.359   0.007   0.368
 91 337 23 55 30   0.078   0.362  -0.005   0.371
 91 337 23 56 30   0.055   0.359  -0.075   0.380
 91 337 23 57 30   0.045   0.357  -0.132   0.384
 91 337 23 58 30   0.054   0.358  -0.112   0.379
 91 337 23 59 30   0.076   0.363  -0.043   0.374
