 91 358 00 00 30  -0.771   1.501   1.049   1.988
 91 358 00 01 30  -0.796   1.504   1.095   2.024
 91 358 00 02 30  -0.796   1.495   1.106   2.023
 91 358 00 03 30  -0.759   1.430   1.149   1.988
 91 358 00 04 30  -0.766   1.423   1.179   2.002
 91 358 00 05 30  -0.925   1.412   1.094   2.012
 91 358 00 06 30  -0.891   1.415   1.128   2.018
 91 358 00 07 30  -0.926   1.395   1.103   2.006
 91 358 00 08 30  -0.858   1.371   1.206   2.018
 91 358 00 09 30  -0.794   1.476   1.153   2.036
 91 358 00 10 30  -0.852   1.545   1.043   2.051
 91 358 00 11 30  -0.865   1.567   0.996   2.049
 91 358 00 12 30  -0.900   1.562   0.964   2.046
 91 358 00 13 30  -0.820   1.482   1.158   2.053
 91 358 00 14 30  -0.811   1.451   1.204   2.059
 91 358 00 15 30  -0.852   1.410   1.226   2.056
 91 358 00 16 30  -0.802   1.422   1.224   2.041
 91 358 00 17 30  -0.833   1.441   1.191   2.048
 91 358 00 18 30  -0.875   1.425   1.213   2.066
 91 358 00 19 30  -0.899   1.353   1.276   2.066
 91 358 00 20 30  -0.829   1.378   1.283   2.058
 91 358 00 21 30  -0.793   1.352   1.316   2.047
 91 358 00 22 30  -0.799   1.345   1.344   2.063
 91 358 00 23 30  -0.847   1.385   1.281   2.071
 91 358 00 24 30  -0.947   1.438   1.174   2.084
 91 358 00 25 30  -0.939   1.415   1.218   2.090
 91 358 00 30 30  -0.946   1.328   1.302   2.087
 91 358 00 31 30  -0.934   1.316   1.323   2.088
 91 358 00 32 30  -0.908   1.312   1.335   2.083
 91 358 00 33 30  -0.877   1.384   1.277   2.078
 91 358 00 34 30  -0.800   1.418   1.289   2.077
 91 358 00 35 30  -0.837   1.454   1.226   2.078
 91 358 00 36 30  -0.793   1.489   1.223   2.084
 91 358 00 37 30  -0.795   1.501   1.204   2.083
 91 358 00 38 30  -0.700   1.532   1.209   2.076
 91 358 00 39 30  -0.866   1.587   1.040   2.087
 91 358 00 40 30  -0.870   1.559   1.061   2.077
 91 358 00 41 30  -0.852   1.554   1.056   2.065
 91 358 00 42 30  -0.818   1.551   1.091   2.066
 91 358 00 43 30  -0.869   1.530   1.108   2.079
 91 358 00 44 30  -0.869   1.477   1.184   2.084
 91 358 00 45 30  -0.905   1.423   1.230   2.088
 91 358 00 46 30  -0.923   1.387   1.269   2.094
 91 358 00 47 30  -0.947   1.365   1.255   2.083
 91 358 00 48 30  -0.910   1.354   1.309   2.092
 91 358 00 49 30  -0.912   1.350   1.318   2.096
 91 358 00 50 30  -0.917   1.375   1.280   2.091
 91 358 00 51 30  -0.936   1.323   1.301   2.079
 91 358 00 52 30  -0.909   1.326   1.311   2.075
 91 358 00 53 30  -0.906   1.310   1.331   2.076
 91 358 00 54 30  -0.894   1.334   1.315   2.075
 91 358 00 55 30  -0.869   1.337   1.312   2.065
 91 358 00 56 30  -0.829   1.423   1.230   2.056
 91 358 00 57 30  -0.718   1.567   1.077   2.035
 91 358 00 58 30  -0.707   1.414   1.293   2.043
 91 358 00 59 30  -0.801   1.365   1.310   2.055
 91 358 01 00 30  -0.748   1.353   1.338   2.050
 91 358 01 01 30  -0.776   1.068   1.554   2.065
 91 358 01 02 30  -0.786   0.748   1.766   2.074
 91 358 01 03 30  -0.812   0.784   1.743   2.077
 91 358 01 04 30  -0.840   0.747   1.741   2.074
 91 358 01 05 30  -0.851   0.778   1.719   2.071
 91 358 01 06 30  -0.864   0.816   1.698   2.073
 91 358 01 07 30  -0.888   0.844   1.672   2.074
 91 358 01 08 30  -0.938   0.869   1.632   2.075
 91 358 01 09 30  -0.957   0.888   1.610   2.074
 91 358 01 10 30  -0.900   0.911   1.619   2.064
 91 358 01 11 30  -0.943   1.001   1.552   2.074
 91 358 01 12 30  -0.946   1.026   1.526   2.068
 91 358 01 13 30  -0.952   1.059   1.504   2.072
 91 358 01 14 30  -0.933   1.108   1.474   2.066
 91 358 01 15 30  -0.935   1.132   1.445   2.060
 91 358 01 16 30  -0.939   1.134   1.463   2.075
 91 358 01 17 30  -0.948   1.126   1.467   2.078
 91 358 01 18 30  -0.924   1.143   1.463   2.074
 91 358 01 19 30  -0.931   1.131   1.458   2.067
 91 358 01 20 30  -0.925   1.118   1.462   2.060
 91 358 01 21 30  -0.954   1.284   1.262   2.040
 91 358 01 22 30  -1.014   1.205   1.283   2.033
 91 358 01 23 30  -1.019   1.109   1.348   2.023
 91 358 01 24 30  -1.008   1.145   1.332   2.026
 91 358 01 25 30  -0.969   1.223   1.295   2.030
 91 358 01 26 30  -0.931   1.182   1.364   2.031
 91 358 01 27 30  -0.927   1.183   1.356   2.025
 91 358 01 28 30  -0.926   1.205   1.329   2.020
 91 358 01 29 30  -0.963   1.198   1.302   2.015
 91 358 01 30 30  -0.953   1.170   1.331   2.014
 91 358 01 31 30  -0.961   1.225   1.274   2.014
 91 358 01 32 30  -0.890   1.099   1.425   2.008
 91 358 01 33 30  -0.879   1.090   1.446   2.014
 91 358 01 34 30  -0.860   1.010   1.523   2.020
 91 358 01 35 30  -0.865   1.024   1.550   2.049
 91 358 01 36 30  -0.874   0.948   1.567   2.030
 91 358 01 37 30  -0.850   0.962   1.550   2.013
 91 358 01 38 30  -0.855   0.947   1.545   2.004
 91 358 01 39 30  -0.853   0.919   1.578   2.016
 91 358 01 40 30  -0.858   0.856   1.628   2.030
 91 358 01 41 30  -0.852   0.862   1.631   2.032
 91 358 01 42 30  -0.847   1.153   1.422   2.025
 91 358 01 43 30  -0.808   1.224   1.387   2.019
 91 358 01 44 30  -0.764   1.241   1.381   2.009
 91 358 01 45 30  -0.766   1.281   1.318   1.999
 91 358 01 46 30  -0.748   1.636   0.860   1.998
 91 358 01 47 30  -0.712   1.674   0.716   1.956
 91 358 01 48 30  -0.753   1.630   0.777   1.957
 91 358 01 49 30  -0.766   1.617   0.769   1.948
 91 358 01 50 30  -0.783   1.626   0.664   1.923
 91 358 01 51 30  -0.776   1.642   0.566   1.903
 91 358 01 52 30  -0.676   1.733   0.467   1.924
 91 358 01 53 30  -0.663   1.672   0.533   1.882
 91 358 01 54 30  -0.445   1.779   0.032   1.859
 91 358 01 55 30  -0.381   1.795  -0.086   1.838
 91 358 01 56 30  -0.416   1.788  -0.006   1.837
 91 358 01 57 30  -0.509   1.772   0.225   1.858
 91 358 01 58 30  -0.511   1.757   0.275   1.851
 91 358 01 59 30  -0.524   1.759   0.323   1.864
 91 358 02 00 30  -0.564   1.672   0.527   1.852
 91 358 02 01 30  -0.656   1.447   0.898   1.828
 91 358 02 02 30  -0.640   1.308   1.094   1.825
 91 358 02 03 30  -0.599   1.361   1.043   1.820
 91 358 02 04 30  -0.659   1.274   1.130   1.826
 91 358 02 05 30  -0.681   1.237   1.195   1.851
 91 358 02 06 30  -0.702   1.183   1.260   1.866
 91 358 02 07 30  -0.713   1.202   1.238   1.867
 91 358 02 08 30  -0.687   1.249   1.139   1.824
 91 358 02 09 30  -0.782   1.288   0.996   1.810
 91 358 02 10 30  -0.855   1.415   0.736   1.821
 91 358 02 11 30  -0.783   1.396   0.866   1.825
 91 358 02 12 30  -0.740   1.283   1.077   1.834
 91 358 02 13 30  -0.777   1.334   0.985   1.834
 91 358 02 14 30  -0.848   1.378   0.864   1.837
 91 358 02 15 30  -0.802   1.415   0.807   1.825
 91 358 02 16 30  -0.753   1.476   0.679   1.792
 91 358 02 17 30  -0.729   1.485   0.651   1.778
 91 358 02 18 30  -0.750   1.501   0.627   1.792
 91 358 02 19 30  -0.743   1.533   0.595   1.804
 91 358 02 20 30  -0.768   1.516   0.529   1.780
 91 358 02 21 30  -0.788   1.463   0.589   1.765
 91 358 02 22 30  -0.754   1.537   0.491   1.782
 91 358 02 23 30  -0.765   1.494   0.614   1.791
 91 358 02 24 30  -0.657   1.483   0.785   1.803
 91 358 02 25 30  -0.776   1.438   0.747   1.797
 91 358 02 26 30  -0.796   1.473   0.672   1.804
 91 358 02 27 30  -0.768   1.333   0.917   1.806
 91 358 02 28 30  -0.731   1.177   1.154   1.807
 91 358 02 29 30  -0.749   1.299   1.000   1.804
 91 358 02 30 30  -0.744   1.257   1.086   1.821
 91 358 02 31 30  -0.763   1.093   1.306   1.882
 91 358 02 32 30  -0.779   1.181   1.336   1.947
 91 358 02 33 30  -0.799   1.125   1.395   1.963
 91 358 02 34 30  -0.781   1.099   1.442   1.975
 91 358 02 35 30  -0.760   1.093   1.462   1.978
 91 358 02 36 30  -0.762   1.149   1.421   1.980
 91 358 02 37 30  -0.739   1.172   1.418   1.982
 91 358 02 38 30  -0.721   1.041   1.493   1.961
 91 358 02 39 30  -0.707   0.981   1.554   1.970
 91 358 02 40 30  -0.690   0.925   1.602   1.976
 91 358 02 41 30  -0.686   0.969   1.573   1.973
 91 358 02 42 30  -0.661   0.960   1.579   1.963
 91 358 02 43 30  -0.643   0.951   1.597   1.968
 91 358 02 44 30  -0.680   1.079   1.450   1.938
 91 358 02 45 30  -0.711   1.147   1.383   1.932
 91 358 02 46 30  -0.722   1.171   1.371   1.943
 91 358 02 47 30  -0.708   1.147   1.407   1.950
 91 358 02 48 30  -0.679   1.115   1.447   1.949
 91 358 02 49 30  -0.628   1.054   1.525   1.958
 91 358 02 50 30  -0.642   1.033   1.549   1.970
 91 358 02 51 30  -0.626   1.027   1.571   1.979
 91 358 02 52 30  -0.655   1.082   1.522   1.985
 91 358 02 53 30  -0.692   1.340   1.281   1.984
 91 358 02 54 30  -0.654   1.153   1.471   1.983
 91 358 02 55 30  -0.684   1.273   1.363   1.990
 91 358 02 56 30  -0.728   1.063   1.510   1.986
 91 358 02 57 30  -0.657   1.267   1.326   1.953
 91 358 02 58 30  -0.604   1.365   1.196   1.913
 91 358 02 59 30  -0.641   1.394   1.126   1.905
 91 358 03 00 30  -0.628   1.326   1.238   1.921
 91 358 03 01 30  -0.654   1.202   1.306   1.896
 91 358 03 02 30  -0.655   1.055   1.389   1.865
 91 358 03 03 30  -0.644   1.001   1.448   1.875
 91 358 03 04 30  -0.652   1.038   1.406   1.866
 91 358 03 05 30  -0.669   1.079   1.396   1.888
 91 358 03 06 30  -0.650   1.017   1.456   1.893
 91 358 03 07 30  -0.620   1.002   1.480   1.892
 91 358 03 08 30  -0.628   0.987   1.446   1.862
 91 358 03 09 30  -0.657   1.025   1.404   1.859
 91 358 03 10 30  -0.635   1.026   1.410   1.856
 91 358 03 11 30  -0.646   0.996   1.438   1.865
 91 358 03 12 30  -0.633   0.954   1.482   1.875
 91 358 03 13 30  -0.637   0.907   1.517   1.879
 91 358 03 14 30  -0.590   0.939   1.539   1.897
 91 358 03 15 30  -0.590   0.925   1.509   1.866
 91 358 03 16 30  -0.580   0.907   1.508   1.854
 91 358 03 17 30  -0.607   0.874   1.469   1.814
 91 358 03 18 30  -0.629   0.844   1.472   1.810
 91 358 03 19 30  -0.604   0.836   1.491   1.813
 91 358 03 20 30  -0.589   0.841   1.502   1.819
 91 358 03 21 30  -0.588   0.854   1.542   1.858
 91 358 03 22 30  -0.598   0.851   1.537   1.856
 91 358 03 23 30  -0.630   0.849   1.524   1.855
 91 358 03 24 30  -0.611   0.823   1.563   1.870
 91 358 03 25 30  -0.620   0.848   1.559   1.881
 91 358 03 26 30  -0.596   0.737   1.623   1.880
 91 358 03 27 30  -0.579   0.755   1.657   1.912
 91 358 03 28 30  -0.605   0.842   1.635   1.937
 91 358 03 29 30  -0.650   0.834   1.622   1.938
 91 358 03 30 30  -0.597   0.831   1.613   1.911
 91 358 03 31 30  -0.614   0.850   1.601   1.915
 91 358 03 32 30  -0.582   0.826   1.617   1.909
 91 358 03 33 30  -0.595   0.850   1.676   1.971
 91 358 03 34 30  -0.596   0.809   1.707   1.981
 91 358 03 35 30  -0.590   0.777   1.710   1.969
 91 358 03 36 30  -0.594   0.789   1.709   1.974
 91 358 03 37 30  -0.558   0.755   1.704   1.946
 91 358 03 38 30  -0.522   0.776   1.686   1.929
 91 358 03 39 30  -0.562   0.801   1.675   1.941
 91 358 03 40 30  -0.663   0.800   1.640   1.942
 91 358 03 41 30  -0.647   0.845   1.586   1.916
 91 358 03 42 30  -0.491   0.712   1.684   1.894
 91 358 03 43 30  -0.457   0.670   1.684   1.869
 91 358 03 44 30  -0.485   0.691   1.661   1.865
 91 358 03 45 30  -0.586   0.710   1.597   1.847
 91 358 03 46 30  -0.568   0.689   1.459   1.711
 91 358 03 47 30  -0.503   0.694   1.439   1.675
 91 358 03 48 30  -0.539   0.705   1.413   1.669
 91 358 03 49 30  -0.517   0.702   1.419   1.666
 91 358 03 50 30  -0.544   0.706   1.440   1.694
 91 358 03 51 30  -0.522   0.705   1.464   1.707
 91 358 03 52 30  -0.467   0.569   1.546   1.713
 91 358 03 53 30  -0.453   0.496   1.581   1.719
 91 358 03 54 30  -0.449   0.404   1.566   1.679
 91 358 03 55 30  -0.501   0.474   1.513   1.670
 91 358 03 56 30  -0.694   0.822   1.178   1.618
 91 358 03 57 30  -0.593   0.798   1.247   1.603
 91 358 03 58 30  -0.376   0.636   1.428   1.608
 91 358 03 59 30  -0.380   0.604   1.429   1.602
 91 358 04 00 30  -0.372   0.678   1.394   1.595
 91 358 04 01 30  -0.394   0.664   1.390   1.592
 91 358 04 02 30  -0.458   0.676   1.388   1.613
 91 358 04 03 30  -0.372   0.617   1.430   1.609
 91 358 04 04 30  -0.427   0.701   1.404   1.642
 91 358 04 05 30  -0.515   0.792   1.324   1.627
 91 358 04 06 30  -0.466   0.726   1.368   1.618
 91 358 04 07 30  -0.471   0.724   1.378   1.627
 91 358 04 08 30  -0.576   0.806   1.279   1.618
 91 358 04 09 30  -0.623   0.836   1.237   1.619
 91 358 04 10 30  -0.664   0.861   1.199   1.619
 91 358 04 11 30  -0.663   0.839   1.211   1.616
 91 358 04 12 30  -0.679   0.869   1.185   1.619
 91 358 04 13 30  -0.658   0.856   1.213   1.626
 91 358 04 14 30  -0.671   0.883   1.180   1.619
 91 358 04 15 30  -0.665   0.855   1.192   1.612
 91 358 04 16 30  -0.716   0.867   1.147   1.607
 91 358 04 17 30  -0.696   0.900   1.180   1.641
 91 358 04 18 30  -0.682   0.917   1.202   1.662
 91 358 04 19 30  -0.559   0.823   1.314   1.649
 91 358 04 20 30  -0.520   0.788   1.304   1.617
 91 358 04 21 30  -0.536   0.901   1.205   1.598
 91 358 04 22 30  -0.557   0.905   1.196   1.601
 91 358 04 23 30  -0.519   0.886   1.246   1.616
 91 358 04 24 30  -0.477   0.883   1.270   1.619
 91 358 04 25 30  -0.465   0.885   1.239   1.592
 91 358 04 26 30  -0.474   0.891   1.259   1.614
 91 358 04 27 30  -0.460   0.883   1.282   1.623
 91 358 04 28 30  -0.482   0.967   1.182   1.603
 91 358 04 29 30  -0.516   0.964   1.173   1.604
 91 358 04 30 30  -0.522   1.006   1.141   1.609
 91 358 04 31 30  -0.565   1.035   1.118   1.625
 91 358 04 32 30  -0.541   1.052   1.109   1.624
 91 358 04 33 30  -0.515   0.984   1.196   1.637
 91 358 04 34 30  -0.574   1.103   1.053   1.630
 91 358 04 35 30  -0.606   1.083   1.050   1.626
 91 358 04 36 30  -0.617   1.086   1.068   1.644
 91 358 04 37 30  -0.630   1.087   1.039   1.631
 91 358 04 38 30  -0.635   1.129   1.007   1.641
 91 358 04 39 30  -0.667   1.191   0.971   1.676
 91 358 04 40 30  -0.657   1.231   0.991   1.712
 91 358 04 41 30  -0.669   1.217   0.946   1.682
 91 358 04 42 30  -0.661   1.224   0.893   1.654
 91 358 04 43 30  -0.660   1.243   0.970   1.711
 91 358 04 44 30  -0.648   1.302   0.903   1.712
 91 358 04 45 30  -0.705   1.259   0.913   1.709
 91 358 04 46 30  -0.738   1.237   0.855   1.677
 91 358 04 47 30  -0.750   1.263   0.865   1.705
 91 358 04 48 30  -0.748   1.272   0.853   1.705
 91 358 04 49 30  -0.773   1.268   0.834   1.703
 91 358 04 50 30  -0.763   1.305   0.793   1.708
 91 358 04 51 30  -0.738   1.236   0.762   1.630
 91 358 04 52 30  -0.785   1.267   0.667   1.637
 91 358 04 53 30  -0.831   1.290   0.662   1.672
 91 358 04 54 30  -0.829   1.273   0.667   1.660
 91 358 04 55 30  -0.783   1.296   0.659   1.652
 91 358 04 56 30  -0.784   1.284   0.638   1.634
 91 358 04 57 30  -0.807   1.255   0.648   1.628
 91 358 04 58 30  -0.790   1.283   0.610   1.626
 91 358 04 59 30  -0.831   1.243   0.627   1.622
 91 358 05 00 30  -0.834   1.252   0.607   1.622
 91 358 05 01 30  -0.856   1.247   0.554   1.612
 91 358 05 02 30  -0.846   1.243   0.606   1.621
 91 358 05 03 30  -0.756   1.225   0.683   1.595
 91 358 05 04 30  -0.727   1.241   0.703   1.602
 91 358 05 05 30  -0.618   1.231   0.849   1.625
 91 358 05 06 30  -0.558   1.274   0.936   1.677
 91 358 05 07 30  -0.556   1.285   0.876   1.652
 91 358 05 08 30  -0.570   1.223   0.781   1.559
 91 358 05 09 30  -0.564   1.235   0.757   1.555
 91 358 05 10 30  -0.559   1.269   0.772   1.587
 91 358 05 11 30  -0.566   1.264   0.783   1.591
 91 358 05 12 30  -0.580   1.257   0.784   1.590
 91 358 05 13 30  -0.589   1.258   0.775   1.591
 91 358 05 14 30  -0.551   1.252   0.826   1.599
 91 358 05 15 30  -0.541   1.283   0.860   1.637
 91 358 05 16 30  -0.593   1.301   0.824   1.651
 91 358 05 17 30  -0.598   1.317   0.790   1.649
 91 358 05 18 30  -0.635   1.300   0.800   1.654
 91 358 05 19 30  -0.626   1.310   0.728   1.625
 91 358 05 20 30  -0.670   1.286   0.671   1.600
 91 358 05 21 30  -0.651   1.316   0.691   1.623
 91 358 05 22 30  -0.625   1.319   0.690   1.615
 91 358 05 23 30  -0.650   1.300   0.621   1.581
 91 358 05 24 30  -0.647   1.340   0.527   1.581
 91 358 05 25 30  -0.679   1.383   0.476   1.616
 91 358 05 26 30  -0.736   1.370   0.542   1.647
 91 358 05 27 30  -0.678   1.401   0.405   1.610
 91 358 05 28 30  -0.674   1.396   0.347   1.589
 91 358 05 29 30  -0.729   1.400   0.425   1.636
 91 358 05 30 30  -0.719   1.395   0.505   1.650
 91 358 05 31 30  -0.712   1.417   0.483   1.661
 91 358 05 32 30  -0.738   1.385   0.528   1.662
 91 358 05 33 30  -0.845   1.292   0.641   1.674
 91 358 05 34 30  -0.853   1.077   0.918   1.665
 91 358 05 35 30  -0.864   0.896   1.058   1.636
 91 358 05 36 30  -0.863   1.127   0.802   1.638
 91 358 05 37 30  -0.832   1.139   0.713   1.583
 91 358 05 38 30  -0.825   1.161   0.729   1.601
 91 358 05 39 30  -0.759   1.238   0.666   1.602
 91 358 05 40 30  -0.797   1.153   0.727   1.582
 91 358 05 41 30  -0.831   1.043   0.852   1.585
 91 358 05 42 30  -0.776   1.190   0.685   1.582
 91 358 05 43 30  -0.732   1.262   0.585   1.573
 91 358 05 44 30  -0.746   1.234   0.607   1.565
 91 358 05 45 30  -0.741   1.222   0.598   1.549
 91 358 05 46 30  -0.762   1.218   0.621   1.566
 91 358 05 47 30  -0.745   1.229   0.574   1.548
 91 358 05 48 30  -0.761   1.227   0.554   1.547
 91 358 05 49 30  -0.784   1.217   0.566   1.555
 91 358 05 50 30  -0.801   1.181   0.644   1.567
 91 358 05 51 30  -0.841   1.163   0.681   1.589
 91 358 05 52 30  -0.760   1.257   0.570   1.578
 91 358 05 53 30  -0.772   1.274   0.465   1.565
 91 358 05 54 30  -0.765   1.305   0.400   1.566
 91 358 05 55 30  -0.743   1.283   0.480   1.559
 91 358 05 56 30  -0.737   1.276   0.485   1.552
 91 358 05 57 30  -0.784   1.249   0.480   1.551
 91 358 05 58 30  -0.761   1.264   0.471   1.549
 91 358 05 59 30  -0.842   1.207   0.499   1.554
 91 358 06 00 30  -0.828   1.228   0.465   1.553
 91 358 06 01 30  -0.861   1.207   0.532   1.577
 91 358 06 02 30  -0.865   1.261   0.562   1.630
 91 358 06 03 30  -0.906   1.255   0.579   1.653
 91 358 06 04 30  -0.939   1.197   0.598   1.642
 91 358 06 05 30  -0.999   1.135   0.626   1.641
 91 358 06 06 30  -0.978   1.144   0.620   1.629
 91 358 06 07 30  -0.951   1.173   0.607   1.631
 91 358 06 08 30  -0.855   1.298   0.536   1.644
 91 358 06 09 30  -0.895   1.237   0.591   1.638
 91 358 06 10 30  -0.907   1.245   0.533   1.630
 91 358 06 11 30  -0.912   1.251   0.508   1.630
 91 358 06 12 30  -0.884   1.280   0.561   1.654
 91 358 06 13 30  -0.877   1.265   0.562   1.640
 91 358 06 14 30  -0.891   1.269   0.528   1.639
 91 358 06 15 30  -0.882   1.259   0.543   1.631
 91 358 06 16 30  -0.878   1.256   0.507   1.615
 91 358 06 17 30  -0.862   1.256   0.462   1.592
 91 358 06 18 30  -0.857   1.256   0.413   1.576
 91 358 06 19 30  -0.822   1.255   0.383   1.549
 91 358 06 20 30  -0.808   1.250   0.438   1.553
 91 358 06 21 30  -0.762   1.219   0.428   1.501
 91 358 06 22 30  -0.795   1.203   0.370   1.489
 91 358 06 23 30  -0.832   1.215   0.323   1.508
 91 358 06 24 30  -0.845   1.210   0.316   1.509
 91 358 06 25 30  -0.849   1.227   0.307   1.523
 91 358 06 26 30  -0.854   1.244   0.261   1.532
 91 358 06 27 30  -0.821   1.252   0.262   1.521
 91 358 06 28 30  -0.793   1.325   0.303   1.576
 91 358 06 29 30  -0.800   1.298   0.348   1.564
 91 358 06 30 30  -0.789   1.257   0.274   1.512
 91 358 06 31 30  -0.648   1.252   0.072   1.425
 91 358 06 32 30  -0.486   1.236  -0.121   1.334
 91 358 06 33 30  -0.475   1.257  -0.134   1.353
 91 358 06 34 30  -0.510   1.227  -0.088   1.333
 91 358 06 35 30  -0.537   1.206  -0.087   1.323
 91 358 06 36 30  -0.561   1.194  -0.071   1.321
 91 358 06 37 30  -0.508   1.222  -0.073   1.326
 91 358 06 38 30  -0.520   1.244  -0.083   1.351
 91 358 06 39 30  -0.550   1.276  -0.064   1.396
 91 358 06 40 30  -0.547   1.214  -0.011   1.333
 91 358 06 41 30  -0.508   1.285  -0.160   1.392
 91 358 06 42 30  -0.517   1.274  -0.112   1.383
 91 358 06 43 30  -0.365   1.231  -0.454   1.369
 91 358 06 44 30  -0.250   1.171  -0.561   1.325
 91 358 06 45 30  -0.259   1.112  -0.544   1.269
 91 358 06 46 30  -0.275   1.097  -0.592   1.277
 91 358 06 47 30  -0.289   1.099  -0.587   1.280
 91 358 06 48 30  -0.262   1.100  -0.581   1.272
 91 358 06 49 30  -0.184   1.087  -0.612   1.263
 91 358 06 50 30  -0.255   1.109  -0.619   1.296
 91 358 06 51 30  -0.237   1.096  -0.608   1.276
 91 358 06 52 30  -0.231   1.081  -0.592   1.255
 91 358 06 53 30  -0.214   1.072  -0.623   1.258
 91 358 06 54 30  -0.258   1.100  -0.650   1.304
 91 358 06 55 30  -0.308   1.084  -0.678   1.315
 91 358 06 56 30  -0.306   1.066  -0.680   1.301
 91 358 06 57 30  -0.289   1.075  -0.697   1.313
 91 358 06 58 30  -0.297   1.090  -0.686   1.322
 91 358 06 59 30  -0.333   1.064  -0.707   1.320
 91 358 07 00 30  -0.283   1.083  -0.686   1.313
 91 358 07 01 30  -0.309   1.137  -0.667   1.354
 91 358 07 02 30  -0.297   1.128  -0.639   1.331
 91 358 07 03 30  -0.335   1.169  -0.641   1.375
 91 358 07 04 30  -0.286   1.162  -0.627   1.352
 91 358 07 05 30  -0.273   1.164  -0.639   1.356
 91 358 07 06 30  -0.335   1.162  -0.607   1.353
 91 358 07 07 30  -0.326   1.179  -0.600   1.363
 91 358 07 08 30  -0.280   1.266  -0.594   1.427
 91 358 07 09 30  -0.304   1.244  -0.610   1.419
 91 358 07 10 30  -0.345   1.171  -0.611   1.366
 91 358 07 11 30  -0.287   1.211  -0.605   1.385
 91 358 07 12 30  -0.343   1.178  -0.583   1.360
 91 358 07 13 30  -0.354   1.172  -0.582   1.357
 91 358 07 14 30  -0.341   1.159  -0.610   1.355
 91 358 07 15 30  -0.320   1.202  -0.579   1.372
 91 358 07 16 30  -0.304   1.239  -0.589   1.406
 91 358 07 17 30  -0.323   1.242  -0.532   1.400
 91 358 07 18 30  -0.807   1.295   0.232   1.548
 91 358 07 19 30  -0.866   1.377   0.185   1.637
 91 358 07 20 30  -0.680   1.436   0.044   1.614
 91 358 07 21 30  -0.544   1.468   0.174   1.582
 91 358 07 22 30  -0.666   1.426   0.168   1.589
 91 358 07 23 30  -0.670   1.464   0.170   1.620
 91 358 07 24 30  -0.682   1.447   0.153   1.608
 91 358 07 25 30  -0.763   1.405   0.212   1.616
 91 358 07 26 30  -0.634   1.452   0.011   1.585
 91 358 07 27 30  -0.614   1.431  -0.007   1.558
 91 358 07 28 30  -0.559   1.415  -0.106   1.526
 91 358 07 29 30  -0.528   1.443  -0.115   1.542
 91 358 07 30 30  -0.470   1.468  -0.113   1.548
 91 358 07 31 30  -0.447   1.501  -0.151   1.574
 91 358 07 32 30  -0.391   1.517  -0.167   1.576
 91 358 07 33 30  -0.372   1.509  -0.183   1.565
 91 358 07 34 30  -0.395   1.507  -0.138   1.565
 91 358 07 35 30  -0.483   1.505  -0.033   1.582
 91 358 07 36 30  -0.486   1.505  -0.067   1.583
 91 358 07 37 30  -0.460   1.504  -0.089   1.576
 91 358 07 38 30  -0.454   1.515  -0.108   1.585
 91 358 07 39 30  -0.454   1.504  -0.124   1.578
 91 358 07 40 30  -0.403   1.497  -0.199   1.565
 91 358 07 41 30  -0.339   1.520  -0.180   1.570
 91 358 07 42 30  -0.286   1.521  -0.201   1.563
 91 358 07 43 30  -0.361   1.510  -0.194   1.565
 91 358 07 44 30  -0.423   1.491  -0.188   1.563
 91 358 07 45 30  -0.453   1.471  -0.138   1.546
 91 358 07 46 30  -0.412   1.454  -0.175   1.522
 91 358 07 47 30  -0.396   1.467  -0.176   1.530
 91 358 07 48 30  -0.408   1.464  -0.193   1.533
 91 358 07 49 30  -0.422   1.462  -0.170   1.531
 91 358 07 50 30  -0.424   1.451  -0.157   1.520
 91 358 07 51 30  -0.404   1.453  -0.165   1.517
 91 358 07 52 30  -0.388   1.451  -0.175   1.513
 91 358 07 53 30  -0.392   1.450  -0.179   1.513
 91 358 07 54 30  -0.412   1.451  -0.192   1.521
 91 358 07 55 30  -0.402   1.454  -0.212   1.524
 91 358 07 56 30  -0.399   1.453  -0.218   1.523
 91 358 07 57 30  -0.388   1.449  -0.226   1.517
 91 358 07 58 30  -0.411   1.438  -0.190   1.508
 91 358 07 59 30  -0.423   1.440  -0.193   1.513
 91 358 08 00 30  -0.401   1.437  -0.210   1.506
 91 358 08 01 30  -0.381   1.446  -0.224   1.512
 91 358 08 02 30  -0.343   1.449  -0.253   1.510
 91 358 08 03 30  -0.323   1.450  -0.267   1.510
 91 358 08 04 30  -0.345   1.431  -0.257   1.494
 91 358 08 05 30  -0.362   1.448  -0.286   1.520
 91 358 08 06 30  -0.334   1.453  -0.277   1.517
 91 358 08 07 30  -0.326   1.459  -0.278   1.521
 91 358 08 08 30  -0.329   1.452  -0.288   1.517
 91 358 08 09 30  -0.331   1.459  -0.302   1.526
 91 358 08 10 30  -0.362   1.429  -0.345   1.514
 91 358 08 11 30  -0.385   1.428  -0.326   1.515
 91 358 08 12 30  -0.410   1.425  -0.266   1.507
 91 358 08 13 30  -0.419   1.414  -0.258   1.497
 91 358 08 14 30  -0.402   1.427  -0.252   1.504
 91 358 08 15 30  -0.373   1.404  -0.274   1.478
 91 358 08 16 30  -0.324   1.418  -0.278   1.481
 91 358 08 17 30  -0.371   1.389  -0.252   1.461
 91 358 08 18 30  -0.461   1.367  -0.148   1.451
 91 358 08 19 30  -0.423   1.378  -0.200   1.456
 91 358 08 20 30  -0.403   1.372  -0.267   1.455
 91 358 08 21 30  -0.367   1.375  -0.242   1.444
 91 358 08 22 30  -0.369   1.374  -0.275   1.450
 91 358 08 23 30  -0.381   1.370  -0.312   1.456
 91 358 08 24 30  -0.403   1.373  -0.310   1.465
 91 358 08 25 30  -0.403   1.361  -0.265   1.444
 91 358 08 26 30  -0.452   1.378  -0.231   1.470
 91 358 08 27 30  -0.618   1.454   0.036   1.581
 91 358 08 28 30  -0.623   1.449   0.013   1.577
 91 358 08 29 30  -0.607   1.427  -0.101   1.555
 91 358 08 30 30  -0.548   1.459  -0.057   1.561
 91 358 08 31 30  -0.545   1.481   0.070   1.580
 91 358 08 32 30  -0.558   1.476   0.054   1.579
 91 358 08 33 30  -0.578   1.471   0.100   1.584
 91 358 08 34 30  -0.567   1.454   0.142   1.568
 91 358 08 35 30  -0.570   1.446   0.158   1.564
 91 358 08 36 30  -0.590   1.446   0.030   1.562
 91 358 08 37 30  -0.614   1.417   0.090   1.547
 91 358 08 38 30  -0.592   1.430   0.038   1.548
 91 358 08 39 30  -0.539   1.436   0.160   1.547
 91 358 08 40 30  -0.448   1.422   0.270   1.519
 91 358 08 41 30  -0.573   1.353   0.041   1.471
 91 358 08 42 30  -0.545   1.329   0.051   1.439
 91 358 08 43 30  -0.549   1.361   0.037   1.470
 91 358 08 44 30  -0.487   1.355  -0.128   1.448
 91 358 08 45 30  -0.511   1.348  -0.089   1.447
 91 358 08 46 30  -0.586   1.328  -0.080   1.454
 91 358 08 47 30  -0.623   1.299  -0.110   1.445
 91 358 08 48 30  -0.615   1.323  -0.113   1.464
 91 358 08 49 30  -0.674   1.286  -0.196   1.466
 91 358 08 50 30  -0.637   1.305  -0.161   1.461
 91 358 08 51 30  -0.595   1.338  -0.124   1.470
 91 358 08 52 30  -0.624   1.327  -0.125   1.473
 91 358 08 53 30  -0.698   1.281  -0.222   1.477
 91 358 08 54 30  -0.660   1.295  -0.264   1.478
 91 358 08 55 30  -0.615   1.318  -0.210   1.472
 91 358 08 56 30  -0.580   1.346  -0.122   1.472
 91 358 08 57 30  -0.504   1.389  -0.042   1.479
 91 358 08 58 30  -0.562   1.372   0.114   1.489
 91 358 08 59 30  -0.548   1.411   0.123   1.520
 91 358 09 00 30  -0.580   1.392  -0.067   1.518
 91 358 09 01 30  -0.665   1.282   0.504   1.539
 91 358 09 02 30  -0.874   1.034   0.675   1.521
 91 358 09 03 30  -0.659   1.225   0.703   1.560
 91 358 09 04 30  -0.582   1.243   0.742   1.562
 91 358 09 05 30  -0.526   1.228   0.883   1.601
 91 358 09 06 30  -0.558   1.294   0.832   1.638
 91 358 09 07 30  -0.607   1.343   0.787   1.672
 91 358 09 08 30  -0.604   1.323   0.826   1.673
 91 358 09 09 30  -0.586   1.286   0.818   1.633
 91 358 09 10 30  -0.535   1.272   0.838   1.614
 91 358 09 11 30  -0.528   1.258   0.852   1.609
 91 358 09 12 30  -0.567   1.261   0.833   1.616
 91 358 09 13 30  -0.536   1.287   0.848   1.633
 91 358 09 14 30  -0.554   1.235   0.904   1.628
 91 358 09 15 30  -0.514   1.230   0.956   1.641
 91 358 09 16 30  -0.481   1.187   0.994   1.622
 91 358 09 17 30  -0.435   1.141   1.050   1.610
 91 358 09 18 30  -0.434   1.153   1.019   1.599
 91 358 09 19 30  -0.534   1.240   0.676   1.528
 91 358 09 20 30  -0.562   1.270   0.616   1.522
 91 358 09 21 30  -0.510   1.287   0.666   1.537
 91 358 09 22 30  -0.604   1.282   0.607   1.544
 91 358 09 23 30  -0.617   1.289   0.611   1.555
 91 358 09 24 30  -0.631   1.293   0.637   1.574
 91 358 09 25 30  -0.647   1.296   0.608   1.572
 91 358 09 26 30  -0.721   1.327   0.474   1.584
 91 358 09 27 30  -0.731   1.321   0.520   1.597
 91 358 09 28 30  -0.709   1.320   0.559   1.600
 91 358 09 29 30  -0.723   1.318   0.562   1.605
 91 358 09 30 30  -0.721   1.303   0.546   1.587
 91 358 09 31 30  -0.741   1.304   0.523   1.589
 91 358 09 32 30  -0.750   1.304   0.529   1.596
 91 358 09 33 30  -0.774   1.281   0.535   1.590
 91 358 09 34 30  -0.777   1.295   0.510   1.595
 91 358 09 35 30  -0.765   1.318   0.478   1.598
 91 358 09 36 30  -0.754   1.324   0.440   1.586
 91 358 09 37 30  -0.758   1.325   0.452   1.592
 91 358 09 38 30  -0.793   1.325   0.441   1.606
 91 358 09 39 30  -0.824   1.295   0.402   1.587
 91 358 09 40 30  -0.828   1.286   0.410   1.584
 91 358 09 41 30  -0.813   1.297   0.435   1.591
 91 358 09 42 30  -0.797   1.292   0.488   1.595
 91 358 09 43 30  -0.794   1.315   0.489   1.612
 91 358 09 44 30  -0.803   1.307   0.500   1.613
 91 358 09 45 30  -0.807   1.306   0.459   1.602
 91 358 09 46 30  -0.787   1.297   0.456   1.585
 91 358 09 47 30  -0.742   1.322   0.494   1.595
 91 358 09 48 30  -0.709   1.338   0.503   1.598
 91 358 09 49 30  -0.769   1.303   0.490   1.592
 91 358 09 50 30  -0.817   1.335   0.555   1.663
 91 358 09 51 30  -0.878   1.379   0.382   1.680
 91 358 09 52 30  -0.869   1.383   0.438   1.692
 91 358 09 53 30  -0.851   1.400   0.404   1.688
 91 358 09 54 30  -0.849   1.413   0.404   1.697
 91 358 09 55 30  -0.833   1.426   0.379   1.695
 91 358 09 56 30  -0.828   1.437   0.356   1.696
 91 358 09 57 30  -0.844   1.445   0.338   1.708
 91 358 09 58 30  -0.797   1.403   0.481   1.694
 91 358 09 59 30  -0.801   1.315   0.660   1.683
 91 358 10 00 30  -0.773   1.327   0.674   1.678
 91 358 10 01 30  -0.787   1.341   0.646   1.685
 91 358 10 02 30  -0.755   1.355   0.696   1.701
 91 358 10 03 30  -0.790   1.336   0.727   1.714
 91 358 10 04 30  -0.802   1.308   0.758   1.712
 91 358 10 05 30  -0.808   1.284   0.791   1.711
 91 358 10 06 30  -0.812   1.372   0.612   1.709
 91 358 10 07 30  -0.812   1.373   0.592   1.702
 91 358 10 08 30  -0.839   1.396   0.516   1.709
 91 358 10 09 30  -0.858   1.410   0.451   1.711
 91 358 10 10 30  -0.839   1.414   0.444   1.704
 91 358 10 11 30  -0.845   1.394   0.462   1.695
 91 358 10 12 30  -0.863   1.363   0.514   1.693
 91 358 10 13 30  -0.857   1.365   0.509   1.690
 91 358 10 14 30  -0.861   1.357   0.498   1.683
 91 358 10 15 30  -0.844   1.361   0.513   1.682
 91 358 10 16 30  -0.819   1.350   0.503   1.658
 91 358 10 17 30  -0.806   1.348   0.481   1.643
 91 358 10 18 30  -0.792   1.341   0.505   1.638
 91 358 10 19 30  -0.759   1.360   0.540   1.649
 91 358 10 20 30  -0.762   1.340   0.560   1.641
 91 358 10 21 30  -0.765   1.364   0.485   1.639
 91 358 10 22 30  -0.786   1.357   0.536   1.657
 91 358 10 23 30  -0.783   1.352   0.560   1.660
 91 358 10 24 30  -0.794   1.352   0.513   1.650
 91 358 10 25 30  -0.773   1.364   0.508   1.648
 91 358 10 26 30  -0.777   1.360   0.495   1.643
 91 358 10 27 30  -0.750   1.356   0.518   1.634
 91 358 10 28 30  -0.719   1.363   0.530   1.630
 91 358 10 29 30  -0.751   1.355   0.514   1.632
 91 358 10 30 30  -0.758   1.352   0.511   1.632
 91 358 10 31 30  -0.760   1.363   0.476   1.632
 91 358 10 32 30  -0.736   1.354   0.482   1.616
 91 358 10 33 30  -0.722   1.367   0.507   1.630
 91 358 10 34 30  -0.506   1.354   0.682   1.599
 91 358 10 35 30  -0.517   1.379   0.626   1.604
 91 358 10 36 30  -0.687   1.323   0.579   1.603
 91 358 10 37 30  -0.703   1.328   0.610   1.623
 91 358 10 38 30  -0.472   1.435   0.529   1.614
 91 358 10 39 30  -0.326   1.524   0.441   1.622
 91 358 10 40 30  -0.463   1.458   0.474   1.603
 91 358 10 41 30  -0.471   1.425   0.590   1.613
 91 358 10 42 30  -0.430   1.459   0.555   1.620
 91 358 10 43 30  -0.271   1.540   0.465   1.633
 91 358 10 44 30  -0.282   1.581   0.339   1.643
 91 358 10 45 30  -0.438   1.570   0.253   1.651
 91 358 10 46 30  -0.525   1.564   0.181   1.660
 91 358 10 47 30  -0.607   1.577   0.239   1.706
 91 358 10 48 30  -0.641   1.578   0.261   1.723
 91 358 10 49 30  -0.647   1.569   0.262   1.717
 91 358 10 50 30  -0.581   1.567   0.213   1.689
 91 358 10 51 30  -0.369   1.514   0.082   1.561
 91 358 10 52 30  -0.429   1.468   0.093   1.533
 91 358 10 53 30  -0.321   1.447   0.027   1.484
 91 358 10 54 30  -0.346   1.443  -0.072   1.486
 91 358 10 55 30  -0.419   1.448   0.177   1.523
 91 358 10 56 30  -0.501   1.477   0.205   1.575
 91 358 10 57 30  -0.630   1.446   0.207   1.591
 91 358 10 58 30  -0.621   1.456   0.175   1.593
 91 358 10 59 30  -0.744   1.430   0.194   1.627
 91 358 11 00 30  -0.969   1.321   0.351   1.676
 91 358 11 01 30  -0.994   1.301   0.395   1.684
 91 358 11 02 30  -1.017   1.277   0.420   1.686
 91 358 11 03 30  -1.034   1.277   0.412   1.695
 91 358 11 04 30  -1.026   1.253   0.445   1.680
 91 358 11 05 30  -1.027   1.257   0.425   1.678
 91 358 11 06 30  -1.009   1.342   0.280   1.703
 91 358 11 07 30  -1.012   1.323   0.269   1.688
 91 358 11 08 30  -1.043   1.292   0.245   1.681
 91 358 11 09 30  -1.068   1.264   0.300   1.682
 91 358 11 10 30  -1.062   1.258   0.350   1.683
 91 358 11 11 30  -1.076   1.264   0.329   1.692
 91 358 11 12 30  -0.989   1.345   0.192   1.683
 91 358 11 13 30  -0.997   1.327   0.211   1.673
 91 358 11 14 30  -1.040   1.272   0.277   1.666
 91 358 11 15 30  -1.123   1.158   0.510   1.697
 91 358 11 16 30  -1.153   1.129   0.524   1.698
 91 358 11 17 30  -1.095   1.195   0.358   1.664
 91 358 11 18 30  -1.034   1.257   0.125   1.634
 91 358 11 19 30  -1.005   1.263   0.183   1.625
 91 358 11 20 30  -0.950   1.305   0.130   1.620
 91 358 11 21 30  -0.937   1.311   0.113   1.617
 91 358 11 22 30  -0.913   1.305   0.121   1.598
 91 358 11 23 30  -0.908   1.310   0.096   1.598
 91 358 11 24 30  -0.973   1.281   0.105   1.613
 91 358 11 25 30  -0.995   1.270   0.054   1.615
 91 358 11 26 30  -0.966   1.299   0.099   1.622
 91 358 11 27 30  -0.929   1.326   0.101   1.623
 91 358 11 28 30  -0.917   1.338   0.109   1.626
 91 358 11 29 30  -0.945   1.285   0.118   1.600
 91 358 11 30 30  -0.784   1.357   0.082   1.569
 91 358 11 31 30  -0.790   1.350   0.089   1.567
 91 358 11 32 30  -0.801   1.355   0.080   1.577
 91 358 11 33 30  -0.617   1.377  -0.098   1.515
 91 358 11 34 30  -0.715   1.363  -0.067   1.542
 91 358 11 35 30  -0.897   1.345   0.047   1.618
 91 358 11 36 30  -0.990   1.326   0.068   1.656
 91 358 11 37 30  -0.948   1.376  -0.003   1.671
 91 358 11 38 30  -0.963   1.349   0.008   1.658
 91 358 11 39 30  -0.969   1.343  -0.001   1.656
 91 358 11 40 30  -0.940   1.364   0.011   1.657
 91 358 11 41 30  -0.929   1.381   0.012   1.665
 91 358 11 42 30  -0.943   1.366   0.006   1.660
 91 358 11 43 30  -0.926   1.371   0.013   1.655
 91 358 11 44 30  -0.815   1.434   0.095   1.654
 91 358 11 45 30  -0.910   1.381   0.034   1.655
 91 358 11 46 30  -0.890   1.391   0.050   1.652
 91 358 11 47 30  -0.898   1.386   0.019   1.652
 91 358 11 48 30  -0.797   1.456   0.048   1.662
 91 358 11 49 30  -0.866   1.404   0.011   1.651
 91 358 11 50 30  -0.927   1.359   0.009   1.645
 91 358 11 51 30  -0.899   1.369   0.047   1.638
 91 358 11 52 30  -0.879   1.377   0.051   1.635
 91 358 11 53 30  -0.887   1.373  -0.009   1.635
 91 358 11 54 30  -0.871   1.374  -0.013   1.628
 91 358 11 55 30  -0.908   1.348  -0.001   1.626
 91 358 11 56 30  -0.912   1.333  -0.095   1.618
 91 358 11 57 30  -0.878   1.352  -0.129   1.619
 91 358 11 58 30  -0.884   1.344  -0.009   1.609
 91 358 11 59 30  -0.861   1.356   0.015   1.606
 91 358 12 00 30  -0.882   1.350   0.007   1.613
 91 358 12 01 30  -0.887   1.337   0.011   1.605
 91 358 12 02 30  -0.884   1.325   0.011   1.594
 91 358 12 03 30  -0.855   1.343   0.024   1.593
 91 358 12 04 30  -0.870   1.313  -0.009   1.576
 91 358 12 05 30  -0.858   1.311   0.019   1.569
 91 358 12 06 30  -0.873   1.302  -0.010   1.568
 91 358 12 07 30  -0.785   1.330  -0.031   1.545
 91 358 12 08 30  -0.803   1.331  -0.043   1.556
 91 358 12 09 30  -0.814   1.329  -0.021   1.559
 91 358 12 10 30  -0.716   1.363  -0.030   1.542
 91 358 12 11 30  -0.701   1.357  -0.027   1.529
 91 358 12 12 30  -0.791   1.310  -0.003   1.533
 91 358 12 13 30  -0.904   1.263   0.098   1.558
 91 358 12 14 30  -0.956   1.170   0.154   1.521
 91 358 12 15 30  -0.918   1.162   0.115   1.486
 91 358 12 16 30  -0.920   1.141   0.114   1.471
 91 358 12 17 30  -0.920   1.131   0.187   1.471
 91 358 12 18 30  -0.927   1.102   0.233   1.460
 91 358 12 19 30  -0.912   1.083   0.210   1.432
 91 358 12 20 30  -0.914   1.090   0.179   1.434
 91 358 12 21 30  -0.893   1.118   0.198   1.445
 91 358 12 22 30  -0.940   1.075   0.187   1.440
 91 358 12 23 30  -0.927   1.086   0.223   1.445
 91 358 12 24 30  -0.922   1.111   0.197   1.458
 91 358 12 25 30  -0.931   1.113   0.152   1.460
 91 358 12 26 30  -0.988   1.110   0.025   1.489
 91 358 12 27 30  -1.054   1.089  -0.122   1.521
 91 358 12 28 30  -1.089   1.062  -0.143   1.528
 91 358 12 29 30  -1.048   1.088  -0.096   1.515
 91 358 12 30 30  -0.945   1.182  -0.007   1.516
 91 358 12 31 30  -1.104   1.042   0.046   1.519
 91 358 12 32 30  -1.042   1.111   0.028   1.525
 91 358 12 33 30  -1.050   1.106  -0.034   1.527
 91 358 12 34 30  -1.044   1.148  -0.137   1.561
 91 358 12 35 30  -1.056   1.124  -0.127   1.548
 91 358 12 36 30  -1.031   1.151  -0.148   1.553
 91 358 12 37 30  -1.023   1.146  -0.131   1.547
 91 358 12 38 30  -1.069   1.101  -0.166   1.544
 91 358 12 39 30  -1.037   1.138  -0.090   1.542
 91 358 12 40 30  -1.038   1.130  -0.128   1.541
 91 358 12 41 30  -1.018   1.148  -0.041   1.536
 91 358 12 42 30  -1.028   1.136  -0.103   1.537
 91 358 12 43 30  -1.039   1.120  -0.121   1.533
 91 358 12 44 30  -1.065   1.095  -0.102   1.532
 91 358 12 45 30  -1.076   1.097  -0.126   1.542
 91 358 12 46 30  -1.075   1.093  -0.129   1.538
 91 358 12 47 30  -1.096   1.071  -0.117   1.537
 91 358 12 48 30  -1.067   1.087  -0.141   1.529
 91 358 12 49 30  -1.107   1.047  -0.113   1.529
 91 358 12 50 30  -1.081   1.068  -0.148   1.527
 91 358 12 51 30  -1.086   1.068  -0.190   1.535
 91 358 12 52 30  -1.017   1.154  -0.107   1.543
 91 358 12 53 30  -1.031   1.165  -0.107   1.559
 91 358 12 54 30  -1.013   1.180  -0.093   1.558
 91 358 12 55 30  -1.030   1.158  -0.096   1.553
 91 358 12 56 30  -1.009   1.176  -0.047   1.550
 91 358 12 57 30  -1.027   1.158  -0.080   1.550
 91 358 12 58 30  -1.027   1.154  -0.090   1.548
 91 358 12 59 30  -1.021   1.160  -0.092   1.548
 91 358 13 00 30  -0.983   1.182  -0.057   1.539
 91 358 13 01 30  -0.971   1.183  -0.066   1.532
 91 358 13 02 30  -0.942   1.209  -0.071   1.534
 91 358 13 03 30  -0.946   1.201  -0.068   1.530
 91 358 13 04 30  -0.935   1.208  -0.064   1.529
 91 358 13 05 30  -0.958   1.186  -0.012   1.525
 91 358 13 06 30  -0.952   1.183  -0.027   1.521
 91 358 13 07 30  -1.052   1.112  -0.153   1.539
 91 358 13 08 30  -1.048   1.090  -0.173   1.522
 91 358 13 09 30  -1.044   1.082  -0.150   1.511
 91 358 13 10 30  -1.040   1.106  -0.069   1.520
 91 358 13 11 30  -1.031   1.087  -0.131   1.504
 91 358 13 12 30  -1.043   1.069  -0.160   1.503
 91 358 13 13 30  -1.022   1.080  -0.211   1.502
 91 358 13 14 30  -0.991   1.088  -0.265   1.496
 91 358 13 15 30  -0.979   1.082  -0.340   1.499
 91 358 13 16 30  -0.995   1.085  -0.023   1.503
 91 358 13 17 30  -1.014   1.088   0.126   1.494
 91 358 13 18 30  -0.993   1.082   0.094   1.472
 91 358 13 19 30  -0.983   1.080  -0.011   1.461
 91 358 13 20 30  -0.965   1.091   0.023   1.457
 91 358 13 21 30  -0.944   1.100   0.026   1.451
 91 358 13 22 30  -0.861   1.161   0.020   1.446
 91 358 13 23 30  -0.851   1.164  -0.053   1.443
 91 358 13 24 30  -0.859   1.152  -0.119   1.442
 91 358 13 25 30  -1.009   1.034   0.010   1.461
 91 358 13 26 30  -1.051   1.005   0.195   1.468
 91 358 13 27 30  -0.949   1.074  -0.110   1.455
 91 358 13 28 30  -0.872   1.095  -0.269   1.425
 91 358 13 29 30  -0.855   1.098  -0.283   1.421
 91 358 13 30 30  -0.882   1.080  -0.317   1.431
 91 358 13 31 30  -0.873   1.079  -0.321   1.425
 91 358 13 32 30  -0.893   1.065  -0.344   1.433
 91 358 13 33 30  -0.841   1.114  -0.376   1.446
 91 358 13 34 30  -0.832   1.130  -0.339   1.445
 91 358 13 35 30  -0.816   1.063  -0.488   1.432
 91 358 13 36 30  -0.879   1.025  -0.319   1.413
 91 358 13 37 30  -0.949   1.017  -0.033   1.392
 91 358 13 38 30  -0.967   1.015  -0.024   1.402
 91 358 13 39 30  -0.945   1.041  -0.017   1.406
 91 358 13 40 30  -0.930   1.053  -0.006   1.405
 91 358 13 41 30  -0.921   1.046  -0.013   1.394
 91 358 13 42 30  -0.941   1.034  -0.035   1.399
 91 358 13 43 30  -0.976   1.038  -0.013   1.425
 91 358 13 44 30  -0.980   1.021  -0.007   1.415
 91 358 13 45 30  -0.963   1.015  -0.006   1.399
 91 358 13 46 30  -0.943   1.023  -0.027   1.392
 91 358 13 47 30  -0.932   1.007  -0.042   1.373
 91 358 13 48 30  -0.947   1.004  -0.025   1.381
 91 358 13 49 30  -0.999   1.008  -0.154   1.428
 91 358 13 50 30  -0.983   1.014  -0.170   1.422
 91 358 13 51 30  -0.973   1.001  -0.164   1.406
 91 358 13 52 30  -0.992   1.006  -0.215   1.429
 91 358 13 53 30  -0.985   1.008  -0.219   1.427
 91 358 13 54 30  -1.001   0.973  -0.255   1.420
 91 358 13 55 30  -0.982   0.991  -0.266   1.421
 91 358 13 56 30  -0.976   1.043  -0.156   1.437
 91 358 13 57 30  -0.976   1.052  -0.085   1.438
 91 358 13 58 30  -0.965   1.027  -0.175   1.421
 91 358 13 59 30  -0.958   0.993  -0.226   1.399
 91 358 14 00 30  -0.960   0.985  -0.008   1.375
 91 358 14 01 30  -0.963   0.989   0.041   1.381
 91 358 14 02 30  -0.973   0.977   0.062   1.381
 91 358 14 03 30  -0.971   0.980   0.047   1.380
 91 358 14 04 30  -0.965   0.986   0.038   1.380
 91 358 14 05 30  -0.967   0.964   0.078   1.368
 91 358 14 06 30  -0.961   0.955   0.048   1.357
 91 358 14 07 30  -1.001   0.919   0.111   1.363
 91 358 14 08 30  -0.954   0.985  -0.038   1.372
 91 358 14 09 30  -0.964   0.968  -0.038   1.367
 91 358 14 10 30  -0.955   0.959  -0.053   1.355
 91 358 14 11 30  -0.936   0.965  -0.079   1.347
 91 358 14 12 30  -0.915   0.990  -0.134   1.355
 91 358 14 13 30  -0.946   0.973  -0.128   1.364
 91 358 14 14 30  -0.927   0.991  -0.175   1.368
 91 358 14 15 30  -0.931   1.003  -0.184   1.381
 91 358 14 16 30  -0.968   0.980  -0.168   1.388
 91 358 14 17 30  -0.999   0.961  -0.154   1.395
 91 358 14 18 30  -0.990   0.972  -0.156   1.396
 91 358 14 19 30  -0.995   0.968  -0.161   1.397
 91 358 14 20 30  -0.986   0.963  -0.180   1.390
 91 358 14 21 30  -0.980   0.977  -0.149   1.392
 91 358 14 22 30  -0.953   0.983  -0.141   1.377
 91 358 14 23 30  -0.966   0.988  -0.107   1.387
 91 358 14 24 30  -0.958   0.995  -0.198   1.396
 91 358 14 25 30  -0.938   0.970  -0.170   1.361
 91 358 14 26 30  -0.902   0.922  -0.158   1.300
 91 358 14 27 30  -0.906   0.925  -0.151   1.303
 91 358 14 28 30  -0.906   0.909  -0.131   1.291
 91 358 14 29 30  -0.926   0.925  -0.116   1.314
 91 358 14 30 30  -0.921   0.925  -0.109   1.310
 91 358 14 31 30  -0.924   0.932  -0.093   1.315
 91 358 14 32 30  -0.931   0.929  -0.129   1.322
 91 358 14 33 30  -0.935   0.921  -0.148   1.321
 91 358 14 34 30  -0.915   0.934  -0.138   1.315
 91 358 14 35 30  -0.908   0.945  -0.162   1.321
 91 358 14 36 30  -0.927   0.955  -0.170   1.342
 91 358 14 37 30  -0.928   0.957  -0.192   1.347
 91 358 14 38 30  -0.915   0.976  -0.192   1.352
 91 358 14 39 30  -0.921   0.965  -0.209   1.350
 91 358 14 40 30  -0.922   0.969  -0.195   1.352
 91 358 14 41 30  -0.919   0.988  -0.159   1.359
 91 358 14 42 30  -0.916   0.948  -0.191   1.332
 91 358 14 43 30  -0.893   0.918  -0.213   1.299
 91 358 14 44 30  -0.863   0.909  -0.209   1.271
 91 358 14 45 30  -0.837   0.894  -0.208   1.242
 91 358 14 46 30  -0.835   0.858  -0.225   1.219
 91 358 14 47 30  -0.872   0.847  -0.231   1.238
 91 358 14 48 30  -0.841   0.878  -0.226   1.237
 91 358 14 49 30  -0.821   0.889  -0.229   1.231
 91 358 14 50 30  -0.812   0.856  -0.250   1.206
 91 358 14 51 30  -0.781   0.819  -0.213   1.152
 91 358 14 52 30  -0.826   0.793  -0.216   1.166
 91 358 14 53 30  -0.825   0.781  -0.189   1.152
 91 358 14 54 30  -0.827   0.772  -0.186   1.147
 91 358 14 55 30  -0.828   0.781  -0.182   1.153
 91 358 14 56 30  -0.812   0.788  -0.185   1.147
 91 358 14 57 30  -0.840   0.767  -0.179   1.152
 91 358 14 58 30  -0.892   0.723  -0.154   1.159
 91 358 14 59 30  -0.901   0.711  -0.157   1.159
 91 358 15 00 30  -0.872   0.758  -0.170   1.168
 91 358 15 01 30  -0.875   0.762  -0.170   1.173
 91 358 15 02 30  -0.882   0.748  -0.180   1.170
 91 358 15 03 30  -0.899   0.728  -0.193   1.173
 91 358 15 04 30  -0.926   0.744  -0.198   1.204
 91 358 15 05 30  -0.935   0.749  -0.181   1.212
 91 358 15 06 30  -0.933   0.713  -0.244   1.200
 91 358 15 07 30  -0.906   0.674  -0.317   1.173
 91 358 15 08 30  -0.923   0.690  -0.298   1.191
 91 358 15 09 30  -0.928   0.738  -0.257   1.214
 91 358 15 10 30  -0.904   0.773  -0.187   1.205
 91 358 15 11 30  -0.930   0.741  -0.221   1.210
 91 358 15 12 30  -0.938   0.741  -0.228   1.217
 91 358 15 13 30  -0.927   0.740  -0.235   1.209
 91 358 15 14 30  -0.939   0.727  -0.242   1.212
 91 358 15 15 30  -0.958   0.712  -0.206   1.212
 91 358 15 16 30  -0.958   0.723  -0.221   1.221
 91 358 15 17 30  -0.938   0.694  -0.265   1.197
 91 358 15 18 30  -0.937   0.675  -0.234   1.178
 91 358 15 19 30  -0.945   0.665  -0.227   1.178
 91 358 15 20 30  -0.963   0.640  -0.229   1.179
 91 358 15 21 30  -0.949   0.655  -0.250   1.180
 91 358 15 22 30  -0.931   0.678  -0.271   1.183
 91 358 15 23 30  -0.916   0.712  -0.250   1.187
 91 358 15 24 30  -0.918   0.680  -0.267   1.174
 91 358 15 25 30  -0.911   0.682  -0.291   1.175
 91 358 15 26 30  -0.914   0.680  -0.326   1.185
 91 358 15 27 30  -0.904   0.684  -0.326   1.180
 91 358 15 28 30  -0.913   0.685  -0.289   1.178
 91 358 15 29 30  -0.912   0.690  -0.288   1.179
 91 358 15 30 30  -0.912   0.680  -0.293   1.175
 91 358 15 31 30  -0.917   0.673  -0.304   1.177
 91 358 15 32 30  -0.909   0.675  -0.294   1.170
 91 358 15 33 30  -0.898   0.690  -0.300   1.172
 91 358 15 34 30  -0.929   0.631  -0.321   1.168
 91 358 15 35 30  -0.953   0.631  -0.312   1.185
 91 358 15 36 30  -0.906   0.717  -0.277   1.189
 91 358 15 37 30  -0.897   0.734  -0.276   1.192
 91 358 15 38 30  -0.931   0.697  -0.261   1.192
 91 358 15 39 30  -0.945   0.695  -0.260   1.202
 91 358 15 40 30  -0.979   0.697  -0.242   1.226
 91 358 15 41 30  -0.950   0.689  -0.283   1.208
 91 358 15 42 30  -0.934   0.685  -0.325   1.203
 91 358 15 43 30  -0.932   0.697  -0.322   1.208
 91 358 15 44 30  -0.915   0.717  -0.372   1.221
 91 358 15 45 30  -0.974   0.684  -0.302   1.228
 91 358 15 46 30  -0.979   0.674  -0.315   1.229
 91 358 15 47 30  -0.963   0.678  -0.326   1.223
 91 358 15 48 30  -0.938   0.696  -0.325   1.213
 91 358 15 49 30  -0.942   0.684  -0.342   1.213
 91 358 15 50 30  -0.945   0.682  -0.322   1.210
 91 358 15 51 30  -0.944   0.692  -0.306   1.210
 91 358 15 52 30  -0.945   0.699  -0.314   1.217
 91 358 15 53 30  -0.953   0.686  -0.301   1.213
 91 358 15 54 30  -0.951   0.685  -0.331   1.220
 91 358 15 55 30  -0.943   0.686  -0.351   1.218
 91 358 15 56 30  -0.940   0.688  -0.334   1.212
 91 358 15 57 30  -0.942   0.686  -0.329   1.211
 91 358 15 58 30  -0.960   0.674  -0.311   1.214
 91 358 15 59 30  -0.952   0.665  -0.330   1.208
 91 358 16 00 30  -0.952   0.675  -0.317   1.209
 91 358 16 01 30  -0.962   0.674  -0.297   1.212
 91 358 16 02 30  -0.983   0.651  -0.273   1.211
 91 358 16 03 30  -1.002   0.629  -0.274   1.215
 91 358 16 04 30  -1.012   0.640  -0.269   1.227
 91 358 16 05 30  -1.018   0.649  -0.266   1.236
 91 358 16 06 30  -1.011   0.639  -0.259   1.224
 91 358 16 07 30  -1.016   0.630  -0.226   1.217
 91 358 16 08 30  -1.028   0.623  -0.226   1.224
 91 358 16 09 30  -1.014   0.639  -0.253   1.226
 91 358 16 10 30  -1.010   0.659  -0.273   1.237
 91 358 16 11 30  -1.015   0.651  -0.285   1.239
 91 358 16 12 30  -1.022   0.640  -0.269   1.236
 91 358 16 13 30  -1.019   0.668  -0.223   1.240
 91 358 16 14 30  -1.017   0.671  -0.209   1.238
 91 358 16 15 30  -1.007   0.643  -0.265   1.225
 91 358 16 16 30  -1.014   0.652  -0.231   1.228
 91 358 16 17 30  -1.013   0.648  -0.222   1.223
 91 358 16 18 30  -1.026   0.643  -0.221   1.231
 91 358 16 19 30  -1.012   0.658  -0.216   1.227
 91 358 16 20 30  -1.042   0.638  -0.182   1.236
 91 358 16 21 30  -1.058   0.649  -0.178   1.254
 91 358 16 22 30  -1.055   0.649  -0.173   1.251
 91 358 16 23 30  -1.050   0.649  -0.182   1.248
 91 358 16 24 30  -1.043   0.643  -0.174   1.238
 91 358 16 25 30  -1.043   0.653  -0.171   1.243
 91 358 16 26 30  -1.045   0.663  -0.176   1.250
 91 358 16 27 30  -1.040   0.658  -0.194   1.246
 91 358 16 28 30  -1.030   0.662  -0.191   1.239
 91 358 16 29 30  -1.027   0.657  -0.219   1.239
 91 358 16 30 30  -1.013   0.660  -0.240   1.232
 91 358 16 31 30  -1.010   0.666  -0.252   1.236
 91 358 16 32 30  -1.018   0.693  -0.234   1.254
 91 358 16 33 30  -1.045   0.689  -0.236   1.274
 91 358 16 34 30  -1.049   0.680  -0.235   1.272
 91 358 16 35 30  -1.060   0.659  -0.249   1.273
 91 358 16 36 30  -1.035   0.631  -0.200   1.229
 91 358 16 37 30  -1.036   0.628  -0.197   1.227
 91 358 16 38 30  -1.033   0.604  -0.207   1.215
 91 358 16 39 30  -1.011   0.648  -0.182   1.214
 91 358 16 40 30  -1.017   0.634  -0.230   1.221
 91 358 16 41 30  -1.004   0.653  -0.222   1.219
 91 358 16 42 30  -1.007   0.659  -0.230   1.225
 91 358 16 43 30  -1.010   0.647  -0.247   1.225
 91 358 16 44 30  -1.005   0.637  -0.225   1.211
 91 358 16 45 30  -0.991   0.641  -0.245   1.205
 91 358 16 46 30  -0.991   0.640  -0.252   1.207
 91 358 16 47 30  -1.000   0.644  -0.213   1.209
 91 358 16 48 30  -0.996   0.640  -0.212   1.203
 91 358 16 49 30  -0.995   0.626  -0.264   1.205
 91 358 16 50 30  -0.992   0.601  -0.259   1.189
 91 358 16 51 30  -0.992   0.595  -0.228   1.179
 91 358 16 52 30  -0.974   0.605  -0.262   1.176
 91 358 16 53 30  -0.989   0.585  -0.234   1.173
 91 358 16 54 30  -0.992   0.573  -0.225   1.167
 91 358 16 55 30  -0.772   0.788  -0.114   1.211
 91 358 16 56 30  -0.055   1.124   0.198   1.144
 91 358 16 57 30  -0.151   1.283   0.177   1.305
 91 358 16 58 30  -0.113   1.304   0.188   1.322
 91 358 16 59 30  -0.136   1.281   0.202   1.305
 91 358 17 00 30  -0.087   1.251   0.215   1.272
 91 358 17 01 30  -0.068   1.219   0.251   1.250
 91 358 17 02 30  -0.026   1.240   0.277   1.276
 91 358 17 03 30  -0.035   1.255   0.280   1.293
 91 358 17 04 30  -0.073   1.285   0.118   1.295
 91 358 17 05 30   0.009   1.273   0.163   1.286
 91 358 17 06 30  -0.015   1.283   0.113   1.294
 91 358 17 07 30  -0.025   1.296   0.144   1.306
 91 358 17 08 30   0.009   1.296   0.153   1.306
 91 358 17 09 30   0.017   1.283   0.133   1.295
 91 358 17 10 30   0.088   1.293   0.081   1.300
 91 358 17 11 30   0.055   1.308   0.093   1.313
 91 358 17 12 30   0.078   1.308   0.084   1.314
 91 358 17 13 30   0.090   1.298   0.009   1.302
 91 358 17 14 30  -0.028   1.295   0.020   1.298
 91 358 17 15 30  -0.100   1.237   0.089   1.246
 91 358 17 16 30  -0.128   1.203   0.161   1.222
 91 358 17 17 30  -0.171   1.201   0.201   1.233
 91 358 17 18 30  -0.212   1.222   0.224   1.261
 91 358 17 19 30  -0.176   1.207   0.172   1.233
 91 358 17 20 30  -0.120   1.199   0.017   1.209
 91 358 17 21 30  -0.188   1.232  -0.045   1.248
 91 358 17 22 30  -0.170   1.224   0.221   1.257
 91 358 17 23 30  -0.170   1.209   0.243   1.247
 91 358 17 24 30  -0.221   1.239   0.152   1.268
 91 358 17 25 30  -0.215   1.259   0.107   1.282
 91 358 17 26 30  -0.193   1.255   0.129   1.278
 91 358 17 27 30  -0.202   1.266   0.050   1.286
 91 358 17 28 30  -0.213   1.232  -0.045   1.254
 91 358 17 29 30  -0.214   1.214  -0.033   1.236
 91 358 17 30 30  -0.230   1.209  -0.027   1.231
 91 358 17 31 30  -0.225   1.197   0.028   1.221
 91 358 17 32 30  -0.213   1.188  -0.046   1.209
 91 358 17 33 30  -0.229   1.193  -0.038   1.216
 91 358 17 34 30  -0.188   1.191   0.004   1.207
 91 358 17 35 30  -0.220   1.179   0.045   1.202
 91 358 17 36 30  -0.313   1.177  -0.008   1.219
 91 358 17 37 30  -0.236   1.201  -0.054   1.229
 91 358 17 38 30  -0.219   1.205  -0.129   1.236
 91 358 17 39 30  -0.237   1.185  -0.150   1.218
 91 358 17 40 30  -0.237   1.191  -0.126   1.221
 91 358 17 41 30  -0.277   1.182  -0.027   1.216
 91 358 17 42 30  -0.285   1.191  -0.063   1.227
 91 358 17 43 30  -0.311   1.193  -0.085   1.237
 91 358 17 44 30  -0.336   1.167  -0.134   1.223
 91 358 17 49 30  -0.267   1.169  -0.198   1.216
 91 358 17 50 30  -0.284   1.173  -0.207   1.225
 91 358 17 51 30  -0.257   1.172  -0.206   1.219
 91 358 17 52 30  -0.130   1.191  -0.125   1.209
 91 358 17 53 30  -0.199   1.181  -0.135   1.207
 91 358 17 54 30  -0.165   1.202  -0.166   1.227
 91 358 17 55 30  -0.146   1.193  -0.213   1.221
 91 358 17 56 30  -0.106   1.199  -0.180   1.217
 91 358 17 57 30  -0.166   1.183  -0.157   1.205
 91 358 17 58 30  -0.181   1.152  -0.187   1.182
 91 358 17 59 30  -0.182   1.156  -0.181   1.185
 91 358 18 00 30  -0.133   1.174  -0.121   1.189
 91 358 18 01 30  -0.135   1.200  -0.092   1.212
 91 358 18 02 30  -0.178   1.206  -0.095   1.223
 91 358 18 03 30  -0.202   1.205  -0.114   1.228
 91 358 18 04 30  -0.219   1.197  -0.105   1.222
 91 358 18 05 30  -0.186   1.189  -0.101   1.209
 91 358 18 06 30  -0.206   1.191  -0.082   1.213
 91 358 18 07 30  -0.237   1.182  -0.081   1.209
 91 358 18 08 30  -0.197   1.201  -0.079   1.220
 91 358 18 09 30  -0.191   1.199  -0.124   1.221
 91 358 18 10 30  -0.158   1.203  -0.163   1.225
 91 358 18 11 30  -0.123   1.214  -0.110   1.228
 91 358 18 12 30  -0.147   1.219  -0.090   1.232
 91 358 18 13 30  -0.197   1.195  -0.183   1.226
 91 358 18 14 30  -0.205   1.199  -0.201   1.233
 91 358 18 15 30  -0.163   1.193  -0.196   1.220
 91 358 18 16 30  -0.182   1.189  -0.224   1.224
 91 358 18 17 30  -0.197   1.195  -0.210   1.230
 91 358 18 18 30  -0.167   1.197  -0.227   1.231
 91 358 18 19 30  -0.101   1.206  -0.210   1.228
 91 358 18 20 30  -0.056   1.214  -0.256   1.242
 91 358 18 21 30   0.011   1.218  -0.270   1.248
 91 358 18 22 30  -0.027   1.227  -0.245   1.252
 91 358 18 23 30  -0.035   1.223  -0.238   1.248
 91 358 18 24 30  -0.069   1.216  -0.261   1.246
 91 358 18 25 30  -0.043   1.190  -0.277   1.232
 91 358 18 26 30  -0.115   1.170  -0.199   1.194
 91 358 18 27 30  -0.177   1.198  -0.132   1.220
 91 358 18 28 30  -0.188   1.208  -0.125   1.230
 91 358 18 29 30  -0.218   1.196  -0.180   1.231
 91 358 18 30 30  -0.268   1.193  -0.118   1.230
 91 358 18 31 30  -0.231   1.198  -0.124   1.229
 91 358 18 32 30  -0.230   1.211  -0.093   1.238
 91 358 18 33 30  -0.239   1.225  -0.091   1.251
 91 358 18 34 30  -0.232   1.223  -0.112   1.250
 91 358 18 35 30  -0.227   1.230  -0.110   1.256
 91 358 18 36 30  -0.218   1.226  -0.125   1.251
 91 358 18 37 30  -0.213   1.217  -0.131   1.243
 91 358 18 38 30  -0.196   1.218  -0.153   1.244
 91 358 18 39 30  -0.188   1.237  -0.123   1.257
 91 358 18 40 30  -0.161   1.243  -0.127   1.260
 91 358 18 41 30  -0.164   1.250  -0.142   1.269
 91 358 18 42 30  -0.146   1.253  -0.161   1.272
 91 358 18 43 30  -0.168   1.251  -0.187   1.276
 91 358 18 44 30  -0.141   1.261  -0.179   1.281
 91 358 18 45 30  -0.170   1.250  -0.154   1.272
 91 358 18 46 30  -0.156   1.247  -0.129   1.264
 91 358 18 47 30  -0.156   1.246  -0.153   1.266
 91 358 18 48 30  -0.119   1.259  -0.151   1.274
 91 358 18 49 30  -0.171   1.217  -0.181   1.242
 91 358 18 50 30  -0.146   1.236  -0.139   1.253
 91 358 18 51 30  -0.163   1.237  -0.117   1.253
 91 358 18 52 30  -0.142   1.236  -0.159   1.254
 91 358 18 53 30  -0.114   1.235  -0.209   1.257
 91 358 18 54 30  -0.092   1.242  -0.191   1.261
 91 358 18 55 30  -0.083   1.241  -0.208   1.262
 91 358 18 56 30  -0.044   1.258  -0.199   1.275
 91 358 18 57 30  -0.057   1.265  -0.167   1.278
 91 358 18 58 30  -0.024   1.268  -0.170   1.280
 91 358 18 59 30   0.045   1.254  -0.236   1.277
 91 358 19 00 30   0.068   1.268  -0.243   1.293
 91 358 19 01 30   0.069   1.260  -0.269   1.293
 91 358 19 02 30   0.107   1.184  -0.357   1.242
 91 358 19 03 30   0.087   1.149  -0.355   1.209
 91 358 19 04 30  -0.090   1.174  -0.244   1.205
 91 358 19 05 30  -0.369   1.060  -0.094   1.128
 91 358 19 06 30  -0.293   1.068  -0.090   1.118
 91 358 19 07 30  -0.155   1.126  -0.023   1.140
 91 358 19 08 30  -0.394   1.072  -0.048   1.148
 91 358 19 09 30  -0.264   1.095  -0.086   1.142
 91 358 19 10 30  -0.143   1.119  -0.103   1.133
 91 358 19 11 30  -0.119   1.139  -0.153   1.156
 91 358 19 12 30  -0.109   1.158  -0.150   1.174
 91 358 19 13 30  -0.086   1.158  -0.167   1.173
 91 358 19 14 30  -0.081   1.132  -0.186   1.150
 91 358 19 15 30  -0.019   1.144  -0.240   1.169
 91 358 19 16 30   0.055   1.144  -0.201   1.164
 91 358 19 17 30  -0.073   1.166  -0.099   1.174
 91 358 19 18 30  -0.060   1.154  -0.183   1.173
 91 358 19 19 30  -0.087   1.163  -0.161   1.179
 91 358 19 20 30  -0.052   1.136  -0.132   1.147
 91 358 19 21 30  -0.144   1.117  -0.108   1.134
 91 358 19 22 30  -0.064   1.121  -0.199   1.142
 91 358 19 23 30  -0.108   1.128  -0.127   1.143
 91 358 19 24 30  -0.096   1.119  -0.139   1.133
 91 358 19 25 30  -0.121   1.119  -0.165   1.138
 91 358 19 26 30  -0.117   1.134  -0.146   1.150
 91 358 19 27 30  -0.120   1.155  -0.146   1.170
 91 358 19 28 30  -0.125   1.131  -0.128   1.146
 91 358 19 29 30  -0.143   1.130  -0.129   1.147
 91 358 19 30 30  -0.025   1.111  -0.273   1.151
 91 358 19 31 30  -0.073   1.162  -0.322   1.210
 91 358 19 32 30  -0.044   1.146  -0.353   1.201
 91 358 19 33 30  -0.056   1.130  -0.208   1.151
 91 358 19 34 30  -0.066   1.125  -0.180   1.141
 91 358 19 35 30  -0.032   1.135  -0.187   1.152
 91 358 19 36 30  -0.034   1.123  -0.194   1.142
 91 358 19 37 30  -0.016   1.115  -0.236   1.140
 91 358 19 38 30  -0.023   1.121  -0.234   1.146
 91 358 19 39 30  -0.020   1.134  -0.211   1.154
 91 358 19 40 30   0.032   1.144  -0.237   1.169
 91 358 19 41 30  -0.043   1.142  -0.179   1.157
 91 358 19 42 30   0.023   1.147  -0.167   1.160
 91 358 19 43 30  -0.062   1.128  -0.224   1.153
 91 358 19 44 30  -0.057   1.136  -0.234   1.161
 91 358 19 45 30  -0.079   1.143  -0.194   1.163
 91 358 19 46 30  -0.109   1.168  -0.174   1.186
 91 358 19 47 30  -0.094   1.166  -0.161   1.181
 91 358 19 48 30  -0.068   1.165  -0.165   1.179
 91 358 19 49 30  -0.069   1.156  -0.181   1.172
 91 358 19 50 30  -0.052   1.147  -0.227   1.171
 91 358 19 51 30  -0.081   1.148  -0.195   1.168
 91 358 19 52 30  -0.084   1.138  -0.250   1.168
 91 358 19 53 30  -0.098   1.153  -0.200   1.174
 91 358 19 54 30  -0.108   1.154  -0.185   1.174
 91 358 19 55 30  -0.116   1.146  -0.190   1.168
 91 358 19 56 30  -0.146   1.138  -0.196   1.165
 91 358 19 57 30  -0.246   1.115  -0.165   1.154
 91 358 19 58 30  -0.259   1.108  -0.173   1.152
 91 358 19 59 30  -0.280   1.109  -0.151   1.154
 91 358 20 00 30  -0.238   1.118  -0.148   1.153
 91 358 20 01 30  -0.289   1.122  -0.132   1.167
 91 358 20 02 30  -0.345   1.113  -0.102   1.170
 91 358 20 03 30  -0.374   1.113  -0.090   1.178
 91 358 20 04 30  -0.450   1.107  -0.053   1.197
 91 358 20 05 30  -0.552   1.078   0.024   1.216
 91 358 20 06 30  -0.687   1.018   0.074   1.233
 91 358 20 07 30  -0.881   0.848   0.151   1.235
 91 358 20 08 30  -0.897   0.821   0.198   1.235
 91 358 20 09 30  -0.720   0.998   0.073   1.233
 91 358 20 10 30  -0.777   0.941   0.082   1.225
 91 358 20 11 30  -0.788   0.899   0.157   1.207
 91 358 20 12 30  -0.882   0.823   0.178   1.222
 91 358 20 13 30  -0.901   0.767   0.258   1.216
 91 358 20 14 30  -0.890   0.786   0.243   1.218
 91 358 20 15 30  -0.866   0.841   0.024   1.211
 91 358 20 16 30  -0.786   0.914   0.064   1.211
 91 358 20 17 30  -0.716   0.969   0.086   1.209
 91 358 20 18 30  -0.722   0.964   0.145   1.214
 91 358 20 19 30  -0.760   0.944   0.184   1.227
 91 358 20 20 30  -0.749   0.979   0.195   1.250
 91 358 20 21 30  -0.726   0.971   0.287   1.247
 91 358 20 22 30  -0.734   0.963   0.281   1.244
 91 358 20 23 30  -0.710   0.998   0.251   1.251
 91 358 20 24 30  -0.702   0.991   0.212   1.236
 91 358 20 25 30  -0.663   1.023   0.121   1.229
 91 358 20 26 30  -0.527   1.092  -0.021   1.214
 91 358 20 27 30  -0.521   1.090   0.002   1.210
 91 358 20 28 30  -0.462   1.115   0.033   1.208
 91 358 20 29 30  -0.425   1.134   0.057   1.214
 91 358 20 30 30  -0.359   1.161   0.103   1.221
 91 358 20 31 30  -0.402   1.154   0.038   1.223
 91 358 20 32 30  -0.265   1.185   0.136   1.231
 91 358 20 33 30  -0.152   1.209   0.166   1.230
 91 358 20 34 30  -0.162   1.223   0.099   1.239
 91 358 20 35 30  -0.138   1.233   0.013   1.241
 91 358 20 36 30  -0.178   1.231   0.024   1.245
 91 358 20 37 30  -0.158   1.224  -0.011   1.235
 91 358 20 38 30  -0.132   1.227  -0.040   1.236
 91 358 20 39 30  -0.125   1.195  -0.044   1.215
 91 358 20 40 30  -0.018   1.186  -0.157   1.198
 91 358 20 41 30  -0.092   1.176  -0.121   1.187
 91 358 20 42 30  -0.165   1.170  -0.072   1.184
 91 358 20 43 30  -0.177   1.158  -0.055   1.173
 91 358 20 44 30  -0.145   1.168  -0.081   1.180
 91 358 20 45 30  -0.113   1.165  -0.081   1.173
 91 358 20 46 30  -0.102   1.151  -0.064   1.157
 91 358 20 47 30  -0.138   1.164  -0.048   1.174
 91 358 20 48 30  -0.097   1.109  -0.082   1.117
 91 358 20 49 30  -0.091   1.133  -0.086   1.140
 91 358 20 50 30  -0.108   1.136  -0.071   1.144
 91 358 20 51 30  -0.113   1.136  -0.076   1.145
 91 358 20 52 30  -0.091   1.165  -0.085   1.173
 91 358 20 53 30  -0.108   1.175  -0.097   1.184
 91 358 20 54 30  -0.183   1.160   0.045   1.180
 91 358 20 55 30  -0.195   1.157   0.060   1.175
 91 358 20 56 30  -0.179   1.164  -0.056   1.180
 91 358 20 57 30  -0.132   1.169  -0.110   1.182
 91 358 20 58 30  -0.150   1.172  -0.101   1.186
 91 358 20 59 30  -0.104   1.181  -0.105   1.190
 91 358 21 00 30  -0.120   1.164  -0.104   1.175
 91 358 21 01 30  -0.180   1.142  -0.083   1.160
 91 358 21 02 30  -0.247   1.118  -0.072   1.148
 91 358 21 03 30  -0.353   1.072  -0.027   1.130
 91 358 21 04 30  -0.216   1.065  -0.086   1.095
 91 358 21 05 30  -0.057   1.080  -0.132   1.090
 91 358 21 06 30  -0.069   1.074  -0.130   1.084
 91 358 21 07 30  -0.107   1.084  -0.111   1.095
 91 358 21 08 30  -0.087   1.095  -0.122   1.106
 91 358 21 09 30  -0.082   1.077  -0.118   1.087
 91 358 21 10 30  -0.129   1.087  -0.113   1.101
 91 358 21 11 30  -0.093   1.075  -0.135   1.088
 91 358 21 12 30  -0.138   1.069  -0.068   1.081
 91 358 21 13 30  -0.144   1.078  -0.140   1.097
 91 358 21 14 30  -0.130   1.072  -0.105   1.086
 91 358 21 15 30  -0.197   1.053  -0.108   1.077
 91 358 21 16 30  -0.133   1.089  -0.112   1.104
 91 358 21 17 30  -0.126   1.097  -0.073   1.107
 91 358 21 18 30  -0.095   1.098  -0.105   1.107
 91 358 21 19 30  -0.093   1.087  -0.177   1.105
 91 358 21 20 30  -0.140   1.081  -0.160   1.105
 91 358 21 21 30  -0.193   1.065  -0.116   1.091
 91 358 21 22 30  -0.213   1.057  -0.126   1.086
 91 358 21 23 30  -0.211   1.064  -0.108   1.091
 91 358 21 24 30  -0.177   1.072  -0.026   1.088
 91 358 21 25 30  -0.218   1.081  -0.031   1.104
 91 358 21 26 30  -0.237   1.083   0.063   1.111
 91 358 21 27 30  -0.238   1.075   0.065   1.105
 91 358 21 28 30  -0.235   1.086  -0.050   1.113
 91 358 21 29 30  -0.228   1.085  -0.053   1.111
 91 358 21 30 30  -0.236   1.092  -0.048   1.119
 91 358 21 31 30  -0.248   1.106  -0.025   1.134
 91 358 21 32 30  -0.274   1.091  -0.016   1.125
 91 358 21 33 30  -0.275   1.102  -0.042   1.137
 91 358 21 34 30  -0.265   1.097  -0.036   1.130
 91 358 21 35 30  -0.277   1.098  -0.004   1.133
 91 358 21 36 30  -0.244   1.100  -0.067   1.129
 91 358 21 37 30  -0.266   1.103  -0.022   1.135
 91 358 21 38 30  -0.294   1.095  -0.044   1.136
 91 358 21 39 30  -0.309   1.094  -0.034   1.138
 91 358 21 40 30  -0.330   1.090  -0.049   1.140
 91 358 21 41 30  -0.352   1.119  -0.040   1.175
 91 358 21 42 30  -0.371   1.103   0.119   1.184
 91 358 21 43 30  -0.249   1.150  -0.005   1.179
 91 358 21 44 30  -0.201   1.144  -0.072   1.166
 91 358 21 45 30  -0.059   1.134  -0.231   1.167
 91 358 21 46 30  -0.015   1.099  -0.289   1.137
 91 358 21 47 30  -0.083   1.109  -0.243   1.140
 91 358 21 48 30  -0.139   1.118  -0.245   1.154
 91 358 21 49 30  -0.142   1.137  -0.128   1.155
 91 358 21 50 30  -0.112   1.138  -0.116   1.150
 91 358 21 51 30  -0.105   1.123  -0.161   1.140
 91 358 21 52 30  -0.066   1.124  -0.230   1.150
 91 358 21 53 30  -0.098   1.147  -0.200   1.169
 91 358 21 54 30  -0.122   1.183  -0.153   1.199
 91 358 21 55 30  -0.166   1.180  -0.137   1.199
 91 358 21 56 30  -0.251   1.174  -0.063   1.205
 91 358 21 57 30  -0.338   1.194  -0.022   1.242
 91 358 21 58 30  -0.331   1.192  -0.040   1.238
 91 358 21 59 30  -0.314   1.178  -0.041   1.220
 91 358 22 00 30  -0.290   1.171  -0.069   1.209
 91 358 22 01 30  -0.241   1.187  -0.110   1.217
 91 358 22 02 30  -0.148   1.157  -0.166   1.184
 91 358 22 03 30  -0.128   1.159  -0.166   1.179
 91 358 22 04 30  -0.152   1.150  -0.088   1.164
 91 358 22 05 30  -0.145   1.129  -0.112   1.145
 91 358 22 06 30  -0.185   1.110  -0.082   1.129
 91 358 22 07 30  -0.292   1.093  -0.065   1.134
 91 358 22 08 30  -0.181   1.142  -0.012   1.158
 91 358 22 09 30  -0.144   1.154   0.014   1.164
 91 358 22 10 30  -0.129   1.127   0.041   1.136
 91 358 22 11 30  -0.134   1.116   0.032   1.125
 91 358 22 12 30  -0.189   1.094   0.004   1.113
 91 358 22 13 30  -0.220   1.097   0.005   1.120
 91 358 22 14 30  -0.123   1.161   0.154   1.180
 91 358 22 15 30  -0.149   1.229   0.159   1.249
 91 358 22 16 30  -0.184   1.223   0.108   1.242
 91 358 22 17 30  -0.163   1.217   0.092   1.231
 91 358 22 18 30  -0.191   1.236   0.070   1.254
 91 358 22 19 30  -0.214   1.234   0.142   1.261
 91 358 22 20 30  -0.181   1.244   0.113   1.263
 91 358 22 21 30  -0.190   1.237   0.063   1.253
 91 358 22 22 30  -0.205   1.245   0.084   1.265
 91 358 22 23 30  -0.179   1.254   0.074   1.269
 91 358 22 24 30  -0.188   1.245   0.073   1.263
 91 358 22 25 30  -0.171   1.252   0.047   1.266
 91 358 22 26 30  -0.161   1.251   0.007   1.262
 91 358 22 27 30  -0.184   1.217   0.025   1.232
 91 358 22 28 30  -0.184   1.192   0.036   1.208
 91 358 22 29 30  -0.151   1.193   0.088   1.210
 91 358 22 30 30  -0.059   1.261   0.132   1.271
 91 358 22 31 30  -0.068   1.270   0.119   1.278
 91 358 22 32 30  -0.126   1.230   0.123   1.243
 91 358 22 33 30  -0.093   1.256   0.143   1.268
 91 358 22 34 30  -0.201   1.261   0.062   1.279
 91 358 22 35 30  -0.182   1.259   0.089   1.275
 91 358 22 36 30  -0.202   1.242   0.101   1.263
 91 358 22 37 30  -0.214   1.243   0.094   1.265
 91 358 22 38 30  -0.207   1.239   0.096   1.261
 91 358 22 39 30  -0.204   1.237   0.086   1.256
 91 358 22 40 30  -0.174   1.255   0.072   1.269
 91 358 22 41 30  -0.200   1.236   0.056   1.254
 91 358 22 42 30  -0.243   1.168   0.006   1.193
 91 358 22 43 30  -0.222   1.167   0.039   1.189
 91 358 22 44 30  -0.213   1.166   0.058   1.187
 91 358 22 45 30  -0.199   1.183   0.051   1.200
 91 358 22 46 30  -0.175   1.185   0.074   1.201
 91 358 22 47 30  -0.157   1.256   0.055   1.268
 91 358 22 48 30  -0.293   1.242   0.008   1.279
 91 358 22 49 30  -0.339   1.243   0.013   1.289
 91 358 22 50 30  -0.361   1.240   0.017   1.293
 91 358 22 51 30  -0.275   1.257   0.036   1.288
 91 358 22 52 30  -0.292   1.251   0.037   1.285
 91 358 22 53 30  -0.270   1.233   0.045   1.265
 91 358 22 54 30  -0.263   1.206   0.061   1.237
 91 358 22 55 30  -0.289   1.155   0.093   1.196
 91 358 22 56 30  -0.265   1.144   0.097   1.179
 91 358 22 57 30  -0.262   1.162   0.114   1.197
 91 358 22 58 30  -0.263   1.131   0.160   1.173
 91 358 22 59 30  -0.240   1.108   0.150   1.144
 91 358 23 00 30  -0.202   1.121   0.128   1.147
 91 358 23 01 30  -0.215   1.119   0.104   1.145
 91 358 23 02 30  -0.245   1.114   0.132   1.149
 91 358 23 03 30  -0.294   1.102   0.080   1.144
 91 358 23 04 30  -0.318   1.091   0.063   1.140
 91 358 23 05 30  -0.340   1.088   0.063   1.142
 91 358 23 06 30  -0.303   1.107   0.060   1.149
 91 358 23 07 30  -0.288   1.109   0.056   1.148
 91 358 23 08 30  -0.254   1.160   0.006   1.188
 91 358 23 09 30  -0.260   1.164   0.013   1.193
 91 358 23 10 30  -0.248   1.174   0.019   1.201
 91 358 23 11 30  -0.288   1.155   0.006   1.191
 91 358 23 12 30  -0.255   1.160   0.052   1.189
 91 358 23 13 30  -0.248   1.146   0.075   1.175
 91 358 23 14 30  -0.274   1.141   0.043   1.174
 91 358 23 15 30  -0.260   1.149   0.053   1.179
 91 358 23 16 30  -0.269   1.156  -0.008   1.187
 91 358 23 17 30  -0.333   1.170   0.060   1.219
 91 358 23 18 30  -0.340   1.181   0.077   1.232
 91 358 23 19 30  -0.362   1.183   0.073   1.240
 91 358 23 20 30  -0.329   1.187   0.111   1.238
 91 358 23 21 30  -0.320   1.212   0.079   1.256
 91 358 23 22 30  -0.348   1.200   0.066   1.252
 91 358 23 23 30  -0.354   1.197   0.170   1.275
 91 358 23 24 30  -0.401   1.208  -0.082   1.276
 91 358 23 25 30  -0.405   1.184  -0.062   1.253
 91 358 23 26 30  -0.422   1.168  -0.016   1.243
 91 358 23 27 30  -0.418   1.148   0.072   1.224
 91 358 23 28 30  -0.433   1.133   0.106   1.218
 91 358 23 29 30  -0.449   1.140   0.088   1.230
 91 358 23 30 30  -0.593   1.143   0.108   1.296
 91 358 23 31 30  -0.609   1.149   0.079   1.304
 91 358 23 32 30  -0.583   1.194   0.024   1.329
 91 358 23 33 30  -0.570   1.208   0.045   1.337
 91 358 23 34 30  -0.574   1.196   0.058   1.329
 91 358 23 35 30  -0.550   1.203   0.076   1.325
 91 358 23 36 30  -0.548   1.216   0.077   1.336
 91 358 23 37 30  -0.529   1.205   0.079   1.319
 91 358 23 38 30  -0.535   1.150   0.073   1.271
 91 358 23 39 30  -0.568   1.118   0.068   1.256
 91 358 23 40 30  -0.588   1.109   0.090   1.258
 91 358 23 41 30  -0.600   1.083   0.099   1.242
 91 358 23 42 30  -0.637   1.147   0.121   1.318
 91 358 23 43 30  -0.634   1.130   0.132   1.302
 91 358 23 44 30  -0.651   1.149   0.144   1.329
 91 358 23 45 30  -0.644   1.139   0.171   1.320
 91 358 23 46 30  -0.584   1.144   0.137   1.292
 91 358 23 47 30  -0.618   1.081   0.165   1.257
 91 358 23 48 30  -0.588   1.042   0.181   1.211
 91 358 23 49 30  -0.589   1.043   0.211   1.217
 91 358 23 50 30  -0.618   1.029   0.244   1.225
 91 358 23 51 30  -0.577   0.956   0.249   1.144
 91 358 23 52 30  -0.594   1.005   0.281   1.202
 91 358 23 53 30  -0.421   1.120   0.172   1.250
 91 358 23 54 30   0.062   1.266  -0.226   1.288
 91 358 23 55 30   0.007   1.259  -0.198   1.277
 91 358 23 56 30   0.108   1.280  -0.134   1.295
 91 358 23 57 30   0.309   1.279  -0.063   1.324
 91 358 23 58 30   0.027   1.302  -0.074   1.305
 91 358 23 59 30  -0.110   1.309  -0.020   1.316
