 91 363 00 03 30  -0.212   0.112   0.911   0.942
 91 363 00 04 30  -0.215   0.108   0.911   0.943
 91 363 00 05 30  -0.271   0.118   0.890   0.939
 91 363 00 06 30  -0.262   0.110   0.894   0.938
 91 363 00 07 30  -0.276   0.110   0.889   0.937
 91 363 00 08 30  -0.260   0.082   0.893   0.934
 91 363 00 09 30  -0.271   0.041   0.898   0.939
 91 363 00 10 30  -0.295   0.053   0.886   0.937
 91 363 00 11 30  -0.273  -0.028   0.887   0.931
 91 363 00 12 30  -0.275  -0.009   0.897   0.939
 91 363 00 13 30  -0.253  -0.023   0.900   0.935
 91 363 00 14 30  -0.236  -0.024   0.903   0.935
 91 363 00 15 30  -0.221  -0.087   0.898   0.929
 91 363 00 16 30  -0.208  -0.113   0.870   0.903
 91 363 00 17 30  -0.186  -0.112   0.871   0.900
 91 363 00 18 30  -0.204  -0.142   0.864   0.900
 91 363 00 19 30  -0.231  -0.155   0.852   0.897
 91 363 00 20 30  -0.249  -0.151   0.839   0.891
 91 363 00 21 30  -0.259  -0.112   0.845   0.891
 91 363 00 22 30  -0.283  -0.117   0.831   0.886
 91 363 00 23 30  -0.224  -0.147   0.860   0.908
 91 363 00 24 30  -0.126  -0.224   0.858   0.898
 91 363 00 25 30  -0.235  -0.112   0.878   0.916
 91 363 00 26 30  -0.258  -0.091   0.865   0.908
 91 363 00 27 30  -0.224  -0.108   0.866   0.902
 91 363 00 28 30  -0.208  -0.103   0.868   0.899
 91 363 00 29 30  -0.231  -0.125   0.856   0.896
 91 363 00 30 30  -0.281  -0.132   0.841   0.899
 91 363 00 31 30  -0.388  -0.091   0.812   0.905
 91 363 00 32 30  -0.346  -0.137   0.824   0.905
 91 363 00 33 30  -0.323  -0.141   0.834   0.906
 91 363 00 34 30  -0.308  -0.149   0.840   0.907
 91 363 00 35 30  -0.272  -0.195   0.838   0.908
 91 363 00 36 30  -0.236  -0.163   0.862   0.909
 91 363 00 37 30  -0.230  -0.189   0.857   0.909
 91 363 00 38 30  -0.232  -0.198   0.853   0.907
 91 363 00 39 30  -0.192  -0.166   0.871   0.908
 91 363 00 40 30  -0.198  -0.168   0.867   0.907
 91 363 00 41 30  -0.159  -0.215   0.866   0.908
 91 363 00 42 30  -0.189  -0.236   0.851   0.904
 91 363 00 43 30  -0.200  -0.169   0.850   0.892
 91 363 00 44 30  -0.251  -0.192   0.823   0.887
 91 363 00 45 30  -0.242  -0.183   0.836   0.892
 91 363 00 46 30  -0.357  -0.189   0.772   0.873
 91 363 00 47 30  -0.306  -0.149   0.795   0.866
 91 363 00 48 30  -0.268  -0.136   0.809   0.867
 91 363 00 49 30  -0.072  -0.329   0.827   0.895
 91 363 00 50 30  -0.054  -0.386   0.801   0.895
 91 363 00 51 30  -0.057  -0.343   0.824   0.895
 91 363 00 52 30  -0.113  -0.330   0.813   0.886
 91 363 00 53 30  -0.125  -0.269   0.834   0.886
 91 363 00 54 30  -0.114  -0.304   0.813   0.877
 91 363 00 55 30  -0.047  -0.356   0.802   0.880
 91 363 00 56 30  -0.117  -0.311   0.812   0.879
 91 363 00 57 30  -0.091  -0.299   0.811   0.872
 91 363 00 58 30   0.004  -0.363   0.781   0.865
 91 363 00 59 30  -0.050  -0.253   0.822   0.871
 91 363 01 00 30  -0.172  -0.162   0.827   0.860
 91 363 01 01 30  -0.158  -0.230   0.786   0.835
 91 363 01 02 30  -0.094  -0.226   0.774   0.813
 91 363 01 03 30  -0.124  -0.224   0.789   0.830
 91 363 01 04 30  -0.128  -0.215   0.795   0.834
 91 363 01 05 30  -0.132  -0.229   0.781   0.825
 91 363 01 06 30  -0.114  -0.325   0.736   0.814
 91 363 01 07 30  -0.121  -0.275   0.743   0.802
 91 363 01 08 30  -0.086  -0.307   0.732   0.799
 91 363 01 09 30  -0.079  -0.283   0.753   0.809
 91 363 01 10 30  -0.078  -0.267   0.758   0.808
 91 363 01 11 30  -0.055  -0.268   0.764   0.813
 91 363 01 12 30  -0.089  -0.234   0.777   0.818
 91 363 01 13 30  -0.125  -0.163   0.790   0.817
 91 363 01 14 30  -0.084  -0.158   0.819   0.841
 91 363 01 15 30  -0.071  -0.156   0.799   0.818
 91 363 01 16 30  -0.088  -0.126   0.785   0.801
 91 363 01 17 30  -0.105  -0.161   0.773   0.797
 91 363 01 18 30  -0.079  -0.169   0.775   0.798
 91 363 01 19 30  -0.147  -0.143   0.765   0.793
 91 363 01 20 30  -0.195  -0.140   0.763   0.801
 91 363 01 21 30  -0.159  -0.150   0.780   0.810
 91 363 01 22 30  -0.247  -0.105   0.747   0.810
 91 363 01 23 30  -0.646   0.251   0.388   0.821
 91 363 01 24 30  -0.694   0.340   0.311   0.833
 91 363 01 25 30  -0.681   0.329   0.334   0.827
 91 363 01 26 30  -0.678   0.311   0.334   0.817
 91 363 01 27 30  -0.682   0.310   0.322   0.815
 91 363 01 28 30  -0.692   0.283   0.333   0.819
 91 363 01 29 30  -0.685   0.302   0.323   0.816
 91 363 01 30 30  -0.676   0.291   0.339   0.810
 91 363 01 31 30  -0.683   0.312   0.315   0.814
 91 363 01 32 30  -0.686   0.313   0.310   0.816
 91 363 01 33 30  -0.682   0.316   0.298   0.809
 91 363 01 34 30  -0.671   0.309   0.325   0.807
 91 363 01 35 30  -0.665   0.315   0.331   0.807
 91 363 01 36 30  -0.667   0.307   0.330   0.805
 91 363 01 37 30  -0.659   0.314   0.342   0.806
 91 363 01 38 30  -0.662   0.312   0.331   0.804
 91 363 01 39 30  -0.663   0.316   0.312   0.799
 91 363 01 40 30  -0.655   0.316   0.327   0.797
 91 363 01 41 30  -0.660   0.317   0.320   0.799
 91 363 01 42 30  -0.667   0.315   0.311   0.801
 91 363 01 43 30  -0.672   0.317   0.292   0.798
 91 363 01 44 30  -0.663   0.329   0.300   0.799
 91 363 01 45 30  -0.659   0.339   0.299   0.799
 91 363 01 46 30  -0.631   0.380   0.314   0.801
 91 363 01 47 30  -0.640   0.367   0.300   0.797
 91 363 01 48 30  -0.649   0.363   0.275   0.793
 91 363 01 49 30  -0.643   0.358   0.268   0.784
 91 363 01 50 30  -0.645   0.369   0.249   0.784
 91 363 01 51 30  -0.648   0.366   0.256   0.788
 91 363 01 52 30  -0.649   0.350   0.274   0.787
 91 363 01 53 30  -0.648   0.333   0.281   0.781
 91 363 01 54 30  -0.646   0.320   0.312   0.786
 91 363 01 55 30  -0.656   0.307   0.313   0.789
 91 363 01 56 30  -0.638   0.307   0.334   0.783
 91 363 01 57 30  -0.647   0.304   0.330   0.787
 91 363 01 58 30  -0.646   0.323   0.327   0.793
 91 363 01 59 30  -0.634   0.328   0.340   0.791
 91 363 02 00 30  -0.641   0.315   0.337   0.790
 91 363 02 01 30  -0.639   0.310   0.333   0.785
 91 363 02 02 30  -0.634   0.266   0.380   0.786
 91 363 02 03 30  -0.639   0.267   0.363   0.782
 91 363 02 04 30  -0.631   0.266   0.365   0.776
 91 363 02 05 30  -0.637   0.265   0.362   0.780
 91 363 02 06 30  -0.637   0.264   0.351   0.774
 91 363 02 07 30  -0.635   0.260   0.354   0.773
 91 363 02 08 30  -0.634   0.291   0.337   0.775
 91 363 02 09 30  -0.652   0.257   0.349   0.783
 91 363 02 10 30  -0.630   0.254   0.369   0.774
 91 363 02 11 30  -0.646   0.201   0.376   0.776
 91 363 02 12 30  -0.618   0.157   0.434   0.774
 91 363 02 13 30  -0.519   0.065   0.574   0.778
 91 363 02 14 30  -0.596   0.144   0.474   0.779
 91 363 02 15 30  -0.631   0.305   0.356   0.788
 91 363 02 16 30  -0.638   0.296   0.353   0.788
 91 363 02 17 30  -0.648   0.299   0.344   0.793
 91 363 02 18 30  -0.652   0.288   0.350   0.795
 91 363 02 19 30  -0.653   0.300   0.351   0.800
 91 363 02 20 30  -0.640   0.326   0.350   0.800
 91 363 02 21 30  -0.646   0.279   0.383   0.802
 91 363 02 22 30  -0.656   0.294   0.363   0.807
 91 363 02 23 30  -0.676   0.319   0.318   0.813
 91 363 02 24 30  -0.671   0.291   0.357   0.814
 91 363 02 25 30  -0.667   0.284   0.363   0.811
 91 363 02 26 30  -0.663   0.279   0.375   0.811
 91 363 02 27 30  -0.673   0.298   0.352   0.816
 91 363 02 28 30  -0.659   0.281   0.380   0.812
 91 363 02 29 30  -0.650   0.297   0.409   0.824
 91 363 02 30 30  -0.656   0.282   0.423   0.830
 91 363 02 31 30  -0.656   0.291   0.407   0.826
 91 363 02 32 30  -0.652   0.290   0.407   0.822
 91 363 02 33 30  -0.641   0.314   0.410   0.823
 91 363 02 34 30  -0.651   0.303   0.385   0.815
 91 363 02 35 30  -0.636   0.295   0.396   0.806
 91 363 02 36 30  -0.586   0.281   0.458   0.796
 91 363 02 37 30  -0.519   0.256   0.525   0.793
 91 363 02 38 30  -0.471  -0.008   0.586   0.771
 91 363 02 39 30  -0.276  -0.161   0.714   0.789
 91 363 02 40 30  -0.347  -0.072   0.707   0.794
 91 363 02 41 30  -0.336  -0.023   0.592   0.690
 91 363 02 42 30  -0.279   0.014   0.421   0.508
 91 363 02 43 30  -0.265  -0.025   0.425   0.503
 91 363 02 44 30  -0.276   0.018   0.411   0.497
 91 363 02 45 30  -0.277  -0.015   0.440   0.521
 91 363 02 46 30  -0.274  -0.017   0.431   0.511
 91 363 02 47 30  -0.283  -0.021   0.427   0.513
 91 363 02 48 30  -0.321   0.010   0.433   0.540
 91 363 02 49 30  -0.315   0.023   0.439   0.541
 91 363 02 50 30  -0.356   0.016   0.453   0.577
 91 363 02 51 30  -0.451   0.060   0.546   0.711
 91 363 02 52 30  -0.428   0.045   0.609   0.747
 91 363 02 53 30  -0.386   0.022   0.666   0.773
 91 363 02 54 30  -0.373   0.000   0.614   0.721
 91 363 02 55 30  -0.375  -0.008   0.653   0.754
 91 363 02 56 30  -0.306   0.008   0.524   0.608
 91 363 02 57 30  -0.330   0.038   0.438   0.551
 91 363 02 58 30  -0.332   0.062   0.382   0.511
 91 363 02 59 30  -0.349   0.050   0.391   0.527
 91 363 03 00 30  -0.329   0.046   0.416   0.532
 91 363 03 01 30  -0.348  -0.002   0.381   0.516
 91 363 03 02 30  -0.396  -0.002   0.486   0.628
 91 363 03 03 30  -0.499  -0.021   0.593   0.776
 91 363 03 04 30  -0.498  -0.030   0.594   0.776
 91 363 03 05 30  -0.466   0.037   0.651   0.803
 91 363 03 06 30  -0.429  -0.001   0.691   0.815
 91 363 03 07 30  -0.491  -0.008   0.646   0.813
 91 363 03 08 30  -0.452  -0.011   0.673   0.813
 91 363 03 09 30  -0.523  -0.071   0.617   0.814
 91 363 03 10 30  -0.497  -0.047   0.654   0.823
 91 363 03 11 30  -0.502  -0.029   0.646   0.820
 91 363 03 12 30  -0.486  -0.041   0.656   0.819
 91 363 03 13 30  -0.507  -0.021   0.639   0.817
 91 363 03 14 30  -0.517  -0.019   0.637   0.822
 91 363 03 15 30  -0.519  -0.034   0.638   0.824
 91 363 03 16 30  -0.517  -0.006   0.627   0.813
 91 363 03 17 30  -0.488  -0.075   0.594   0.773
 91 363 03 18 30  -0.488  -0.074   0.604   0.781
 91 363 03 19 30  -0.524  -0.068   0.582   0.786
 91 363 03 20 30  -0.485  -0.077   0.605   0.780
 91 363 03 21 30  -0.485  -0.081   0.604   0.779
 91 363 03 22 30  -0.495  -0.080   0.571   0.760
 91 363 03 23 30  -0.492  -0.112   0.589   0.776
 91 363 03 24 30  -0.451  -0.121   0.580   0.745
 91 363 03 25 30  -0.409  -0.109   0.514   0.667
 91 363 03 26 30  -0.400  -0.101   0.483   0.636
 91 363 03 27 30  -0.371  -0.035   0.449   0.587
 91 363 03 28 30  -0.384   0.009   0.405   0.559
 91 363 03 29 30  -0.376   0.017   0.410   0.557
 91 363 03 30 30  -0.395   0.061   0.332   0.522
 91 363 03 31 30  -0.403   0.083   0.322   0.522
 91 363 03 32 30  -0.395   0.072   0.326   0.518
 91 363 03 33 30  -0.403   0.072   0.311   0.514
 91 363 03 34 30  -0.404   0.071   0.326   0.525
 91 363 03 35 30  -0.379  -0.013   0.404   0.556
 91 363 03 36 30  -0.403  -0.087   0.530   0.671
 91 363 03 37 30  -0.429  -0.066   0.515   0.674
 91 363 03 38 30  -0.456  -0.049   0.535   0.705
 91 363 03 39 30  -0.463  -0.037   0.538   0.711
 91 363 03 40 30  -0.469  -0.045   0.536   0.714
 91 363 03 41 30  -0.474  -0.050   0.561   0.736
 91 363 03 42 30  -0.464  -0.037   0.573   0.738
 91 363 03 43 30  -0.451  -0.037   0.586   0.741
 91 363 03 44 30  -0.451  -0.036   0.582   0.737
 91 363 03 45 30  -0.481  -0.055   0.555   0.736
 91 363 03 46 30  -0.484  -0.050   0.550   0.735
 91 363 03 47 30  -0.490  -0.063   0.531   0.725
 91 363 03 48 30  -0.492  -0.056   0.547   0.738
 91 363 03 49 30  -0.495  -0.062   0.550   0.742
 91 363 03 50 30  -0.493  -0.053   0.547   0.739
 91 363 03 51 30  -0.509  -0.018   0.532   0.737
 91 363 03 52 30  -0.510  -0.028   0.532   0.738
 91 363 03 53 30  -0.525  -0.024   0.522   0.741
 91 363 03 54 30  -0.516  -0.025   0.531   0.742
 91 363 03 55 30  -0.502  -0.039   0.539   0.738
 91 363 03 56 30  -0.508  -0.039   0.537   0.740
 91 363 03 57 30  -0.504  -0.056   0.541   0.741
 91 363 03 58 30  -0.513  -0.054   0.537   0.745
 91 363 03 59 30  -0.511  -0.057   0.544   0.749
 91 363 04 00 30  -0.511  -0.041   0.540   0.745
 91 363 04 01 30  -0.511  -0.028   0.531   0.738
 91 363 04 02 30  -0.513  -0.045   0.533   0.741
 91 363 04 03 30  -0.518  -0.062   0.529   0.743
 91 363 04 04 30  -0.511  -0.083   0.534   0.744
 91 363 04 05 30  -0.510  -0.075   0.540   0.747
 91 363 04 06 30  -0.517  -0.064   0.537   0.748
 91 363 04 07 30  -0.518  -0.059   0.541   0.751
 91 363 04 08 30  -0.515  -0.073   0.561   0.766
 91 363 04 09 30  -0.501  -0.091   0.566   0.761
 91 363 04 10 30  -0.503  -0.087   0.570   0.765
 91 363 04 11 30  -0.475  -0.136   0.578   0.762
 91 363 04 12 30  -0.444  -0.177   0.590   0.760
 91 363 04 13 30  -0.490  -0.132   0.571   0.764
 91 363 04 14 30  -0.503  -0.044   0.563   0.758
 91 363 04 15 30  -0.519  -0.044   0.556   0.763
 91 363 04 16 30  -0.525  -0.039   0.570   0.777
 91 363 04 17 30  -0.510  -0.121   0.578   0.781
 91 363 04 18 30  -0.510  -0.086   0.580   0.777
 91 363 04 19 30  -0.521  -0.071   0.560   0.770
 91 363 04 20 30  -0.472  -0.164   0.583   0.768
 91 363 04 21 30  -0.462  -0.156   0.588   0.764
 91 363 04 22 30  -0.464  -0.159   0.581   0.761
 91 363 04 23 30  -0.476  -0.143   0.579   0.763
 91 363 04 24 30  -0.502  -0.131   0.555   0.761
 91 363 04 25 30  -0.482  -0.120   0.574   0.760
 91 363 04 26 30  -0.474  -0.118   0.576   0.756
 91 363 04 27 30  -0.461  -0.143   0.577   0.752
 91 363 04 28 30  -0.453  -0.143   0.581   0.751
 91 363 04 29 30  -0.478  -0.107   0.569   0.752
 91 363 04 30 30  -0.470  -0.086   0.559   0.736
 91 363 04 31 30  -0.388   0.037   0.430   0.583
 91 363 04 32 30  -0.405   0.105   0.368   0.558
 91 363 04 33 30  -0.367   0.050   0.376   0.529
 91 363 04 34 30  -0.374   0.044   0.370   0.528
 91 363 04 35 30  -0.394   0.014   0.380   0.548
 91 363 04 36 30  -0.391  -0.103   0.431   0.591
 91 363 04 37 30  -0.388  -0.107   0.437   0.594
 91 363 04 38 30  -0.376  -0.162   0.432   0.595
 91 363 04 39 30  -0.364  -0.164   0.436   0.592
 91 363 04 40 30  -0.415  -0.147   0.486   0.657
 91 363 04 41 30  -0.424  -0.212   0.512   0.700
 91 363 04 42 30  -0.370  -0.138   0.463   0.609
 91 363 04 43 30  -0.357  -0.154   0.463   0.605
 91 363 04 44 30  -0.332  -0.201   0.467   0.607
 91 363 04 45 30  -0.315  -0.244   0.472   0.618
 91 363 04 46 30  -0.303  -0.259   0.469   0.617
 91 363 04 47 30  -0.321  -0.213   0.493   0.627
 91 363 04 48 30  -0.328  -0.178   0.507   0.630
 91 363 04 49 30  -0.338  -0.163   0.496   0.622
 91 363 04 50 30  -0.321  -0.141   0.509   0.619
 91 363 04 51 30  -0.369  -0.126   0.483   0.620
 91 363 04 52 30  -0.387  -0.123   0.476   0.626
 91 363 04 53 30  -0.368  -0.122   0.488   0.624
 91 363 04 54 30  -0.375  -0.120   0.485   0.625
 91 363 04 55 30  -0.365  -0.105   0.492   0.622
 91 363 04 56 30  -0.372  -0.121   0.491   0.628
 91 363 04 57 30  -0.351  -0.097   0.511   0.629
 91 363 04 58 30  -0.365  -0.118   0.511   0.639
 91 363 04 59 30  -0.386  -0.081   0.484   0.627
 91 363 05 00 30  -0.395  -0.060   0.470   0.617
 91 363 05 01 30  -0.397  -0.055   0.474   0.621
 91 363 05 02 30  -0.376  -0.133   0.522   0.658
 91 363 05 03 30  -0.385  -0.126   0.527   0.664
 91 363 05 04 30  -0.393  -0.111   0.522   0.664
 91 363 05 05 30  -0.399  -0.096   0.518   0.662
 91 363 05 06 30  -0.407  -0.059   0.523   0.666
 91 363 05 07 30  -0.403  -0.049   0.505   0.649
 91 363 05 08 30  -0.385  -0.058   0.499   0.634
 91 363 05 09 30  -0.396  -0.042   0.492   0.634
 91 363 05 10 30  -0.447   0.010   0.471   0.651
 91 363 05 11 30  -0.459  -0.010   0.457   0.648
 91 363 05 12 30  -0.467  -0.038   0.429   0.636
 91 363 05 13 30  -0.462   0.038   0.418   0.626
 91 363 05 14 30  -0.435  -0.014   0.438   0.619
 91 363 05 15 30  -0.419  -0.042   0.459   0.624
 91 363 05 16 30  -0.418  -0.018   0.456   0.619
 91 363 05 17 30  -0.422  -0.044   0.465   0.630
 91 363 05 18 30  -0.428  -0.018   0.466   0.633
 91 363 05 19 30  -0.421  -0.009   0.483   0.641
 91 363 05 20 30  -0.402  -0.041   0.483   0.630
 91 363 05 21 30  -0.415  -0.049   0.490   0.645
 91 363 05 22 30  -0.406  -0.078   0.482   0.635
 91 363 05 23 30  -0.418  -0.058   0.519   0.669
 91 363 05 24 30  -0.396   0.035   0.526   0.660
 91 363 05 25 30  -0.427  -0.052   0.519   0.675
 91 363 05 26 30  -0.416  -0.120   0.516   0.674
 91 363 05 27 30  -0.406  -0.104   0.506   0.657
 91 363 05 28 30  -0.463  -0.039   0.517   0.700
 91 363 05 29 30  -0.491  -0.014   0.541   0.731
 91 363 05 30 30  -0.498   0.036   0.540   0.741
 91 363 05 31 30  -0.533   0.148   0.456   0.718
 91 363 05 32 30  -0.507   0.084   0.523   0.733
 91 363 05 33 30  -0.505   0.017   0.542   0.742
 91 363 05 34 30  -0.511  -0.013   0.544   0.747
 91 363 05 35 30  -0.512  -0.034   0.549   0.752
 91 363 05 36 30  -0.520  -0.041   0.559   0.765
 91 363 05 37 30  -0.557   0.061   0.521   0.770
 91 363 05 38 30  -0.601   0.146   0.468   0.775
 91 363 05 39 30  -0.622   0.240   0.397   0.778
 91 363 05 40 30  -0.625   0.279   0.377   0.782
 91 363 05 41 30  -0.626   0.268   0.380   0.780
 91 363 05 42 30  -0.632   0.285   0.345   0.775
 91 363 05 43 30  -0.629   0.256   0.381   0.779
 91 363 05 44 30  -0.623   0.306   0.329   0.769
 91 363 05 45 30  -0.622   0.331   0.309   0.769
 91 363 05 46 30  -0.601   0.363   0.308   0.767
 91 363 05 47 30  -0.594   0.228   0.358   0.743
 91 363 05 48 30  -0.591   0.062   0.458   0.751
 91 363 05 49 30  -0.536   0.047   0.506   0.742
 91 363 05 50 30  -0.491  -0.055   0.562   0.750
 91 363 05 51 30  -0.449  -0.137   0.619   0.778
 91 363 05 52 30  -0.518  -0.086   0.577   0.781
 91 363 05 53 30  -0.525  -0.093   0.585   0.791
 91 363 05 54 30  -0.503  -0.097   0.616   0.802
 91 363 05 55 30  -0.499  -0.084   0.616   0.802
 91 363 05 56 30  -0.616   0.265   0.387   0.790
 91 363 05 57 30  -0.641   0.388   0.247   0.790
 91 363 05 58 30  -0.631   0.351   0.304   0.784
 91 363 05 59 30  -0.633   0.330   0.322   0.783
 91 363 06 00 30  -0.637   0.322   0.313   0.780
 91 363 06 01 30  -0.617   0.309   0.349   0.774
 91 363 06 02 30  -0.625   0.322   0.304   0.767
 91 363 06 03 30  -0.640   0.309   0.287   0.767
 91 363 06 04 30  -0.638   0.275   0.329   0.769
 91 363 06 05 30  -0.626   0.269   0.351   0.768
 91 363 06 06 30  -0.596   0.284   0.410   0.777
 91 363 06 07 30  -0.643   0.233   0.354   0.771
 91 363 06 08 30  -0.649   0.252   0.347   0.779
 91 363 06 09 30  -0.647   0.217   0.371   0.777
 91 363 06 10 30  -0.651   0.190   0.387   0.781
 91 363 06 11 30  -0.659   0.208   0.375   0.787
 91 363 06 12 30  -0.671   0.172   0.385   0.793
 91 363 06 13 30  -0.649   0.159   0.399   0.781
 91 363 06 14 30  -0.633   0.193   0.435   0.793
 91 363 06 15 30  -0.644   0.161   0.430   0.792
 91 363 06 16 30  -0.646   0.189   0.418   0.793
 91 363 06 17 30  -0.642   0.165   0.461   0.807
 91 363 06 18 30  -0.654   0.155   0.449   0.809
 91 363 06 19 30  -0.635   0.191   0.456   0.808
 91 363 06 20 30  -0.597   0.311   0.429   0.799
 91 363 06 21 30  -0.599   0.301   0.449   0.807
 91 363 06 22 30  -0.607   0.292   0.443   0.806
 91 363 06 23 30  -0.606   0.254   0.454   0.800
 91 363 06 24 30  -0.567   0.232   0.496   0.789
 91 363 06 25 30  -0.564   0.201   0.525   0.797
 91 363 06 26 30  -0.589   0.163   0.509   0.796
 91 363 06 27 30  -0.598   0.173   0.467   0.779
 91 363 06 28 30  -0.596   0.187   0.473   0.783
 91 363 06 29 30  -0.605   0.190   0.457   0.781
 91 363 06 30 30  -0.614   0.181   0.446   0.781
 91 363 06 31 30  -0.617   0.218   0.431   0.783
 91 363 06 32 30  -0.593   0.202   0.463   0.779
 91 363 06 33 30  -0.598   0.158   0.475   0.780
 91 363 06 34 30  -0.602   0.209   0.443   0.778
 91 363 06 35 30  -0.585   0.180   0.466   0.770
 91 363 06 36 30  -0.602   0.153   0.459   0.773
 91 363 06 37 30  -0.595   0.159   0.455   0.768
 91 363 06 38 30  -0.588   0.150   0.478   0.773
 91 363 06 39 30  -0.603   0.178   0.449   0.775
 91 363 06 40 30  -0.581   0.233   0.452   0.773
 91 363 06 41 30  -0.550   0.246   0.467   0.763
 91 363 06 42 30  -0.557   0.182   0.496   0.768
 91 363 06 43 30  -0.582   0.191   0.477   0.777
 91 363 06 44 30  -0.589   0.193   0.463   0.774
 91 363 06 45 30  -0.585   0.202   0.452   0.766
 91 363 06 46 30  -0.597   0.211   0.445   0.775
 91 363 06 47 30  -0.617   0.189   0.432   0.778
 91 363 06 48 30  -0.641   0.213   0.373   0.772
 91 363 06 49 30  -0.585   0.250   0.422   0.763
 91 363 06 50 30  -0.559   0.201   0.471   0.760
 91 363 06 51 30  -0.562   0.185   0.492   0.770
 91 363 06 52 30  -0.591   0.127   0.486   0.777
 91 363 06 53 30  -0.575   0.130   0.497   0.773
 91 363 06 54 30  -0.526   0.063   0.572   0.780
 91 363 06 55 30  -0.604   0.163   0.468   0.783
 91 363 06 56 30  -0.561   0.079   0.541   0.785
 91 363 06 57 30  -0.573   0.065   0.548   0.796
 91 363 06 58 30  -0.592   0.113   0.506   0.786
 91 363 06 59 30  -0.521   0.094   0.572   0.781
 91 363 07 00 30  -0.497   0.104   0.602   0.790
 91 363 07 01 30  -0.535   0.100   0.562   0.785
 91 363 07 02 30  -0.541   0.085   0.552   0.778
 91 363 07 03 30  -0.530   0.088   0.561   0.777
 91 363 07 04 30  -0.540   0.075   0.562   0.783
 91 363 07 05 30  -0.559   0.078   0.540   0.782
 91 363 07 06 30  -0.565   0.097   0.542   0.789
 91 363 07 07 30  -0.537   0.131   0.559   0.786
 91 363 07 15 30  -0.553   0.092   0.525   0.768
 91 363 07 16 30  -0.556   0.165   0.496   0.764
 91 363 07 17 30  -0.525   0.127   0.540   0.765
 91 363 07 18 30  -0.495   0.080   0.595   0.780
 91 363 07 19 30  -0.487   0.036   0.606   0.778
 91 363 07 20 30  -0.508   0.060   0.592   0.783
 91 363 07 21 30  -0.503   0.070   0.606   0.791
 91 363 07 22 30  -0.522   0.069   0.587   0.789
 91 363 07 23 30  -0.547   0.046   0.567   0.791
 91 363 07 24 30  -0.586   0.072   0.521   0.788
 91 363 07 25 30  -0.604   0.160   0.485   0.792
 91 363 07 26 30  -0.558   0.072   0.540   0.784
 91 363 07 27 30  -0.523  -0.008   0.578   0.781
 91 363 07 28 30  -0.512   0.016   0.596   0.786
 91 363 07 29 30  -0.514   0.021   0.604   0.794
 91 363 07 30 30  -0.526   0.002   0.600   0.798
 91 363 07 31 30  -0.593   0.074   0.527   0.797
 91 363 07 32 30  -0.663   0.156   0.404   0.793
 91 363 07 33 30  -0.692   0.195   0.284   0.774
 91 363 07 34 30  -0.682   0.160   0.321   0.772
 91 363 07 35 30  -0.453   0.024   0.630   0.789
 91 363 07 36 30  -0.454   0.055   0.654   0.800
 91 363 07 37 30  -0.507   0.031   0.620   0.803
 91 363 07 38 30  -0.481   0.017   0.633   0.796
 91 363 07 39 30  -0.497   0.012   0.643   0.816
 91 363 07 40 30  -0.579   0.119   0.550   0.808
 91 363 07 41 30  -0.547   0.069   0.580   0.802
 91 363 07 42 30  -0.624   0.110   0.496   0.813
 91 363 07 43 30  -0.628   0.149   0.476   0.803
 91 363 07 44 30  -0.660   0.208   0.411   0.809
 91 363 07 45 30  -0.692   0.271   0.299   0.802
 91 363 07 46 30  -0.688   0.277   0.277   0.792
 91 363 07 47 30  -0.684   0.288   0.259   0.791
 91 363 07 48 30  -0.709   0.282   0.133   0.776
 91 363 07 49 30  -0.697   0.285   0.148   0.769
 91 363 07 50 30  -0.680   0.285   0.218   0.770
 91 363 07 51 30  -0.652   0.303   0.271   0.770
 91 363 07 52 30  -0.666   0.267   0.254   0.762
 91 363 07 53 30  -0.654   0.235   0.293   0.754
 91 363 07 54 30  -0.636   0.197   0.358   0.756
 91 363 07 55 30  -0.639   0.189   0.369   0.763
 91 363 07 56 30  -0.636   0.203   0.383   0.770
 91 363 07 57 30  -0.621   0.192   0.416   0.772
 91 363 07 58 30  -0.621   0.217   0.407   0.774
 91 363 07 59 30  -0.615   0.208   0.378   0.752
 91 363 08 00 30  -0.628   0.269   0.335   0.762
 91 363 08 01 30  -0.600   0.295   0.361   0.760
 91 363 08 02 30  -0.622   0.258   0.352   0.761
 91 363 08 03 30  -0.621   0.250   0.353   0.757
 91 363 08 04 30  -0.649   0.229   0.314   0.757
 91 363 08 05 30  -0.642   0.256   0.299   0.755
 91 363 08 06 30  -0.645   0.220   0.331   0.758
 91 363 08 07 30  -0.657   0.233   0.315   0.765
 91 363 08 08 30  -0.658   0.210   0.355   0.777
 91 363 08 09 30  -0.675   0.232   0.303   0.777
 91 363 08 10 30  -0.634   0.242   0.342   0.762
 91 363 08 11 30  -0.644   0.227   0.329   0.759
 91 363 08 12 30  -0.651   0.234   0.335   0.770
 91 363 08 13 30  -0.644   0.223   0.335   0.760
 91 363 08 14 30  -0.628   0.212   0.377   0.763
 91 363 08 15 30  -0.595   0.210   0.423   0.761
 91 363 08 16 30  -0.604   0.209   0.417   0.764
 91 363 08 17 30  -0.576   0.160   0.481   0.769
 91 363 08 18 30  -0.553   0.151   0.515   0.771
 91 363 08 19 30  -0.560   0.172   0.511   0.778
 91 363 08 20 30  -0.582   0.205   0.467   0.774
 91 363 08 21 30  -0.583   0.249   0.448   0.777
 91 363 08 22 30  -0.590   0.242   0.433   0.771
 91 363 08 23 30  -0.578   0.238   0.437   0.763
 91 363 08 24 30  -0.620   0.201   0.388   0.759
 91 363 08 25 30  -0.613   0.231   0.415   0.780
 91 363 08 26 30  -0.573   0.256   0.449   0.773
 91 363 08 27 30  -0.557   0.259   0.440   0.763
 91 363 08 28 30  -0.671   0.112   0.341   0.762
 91 363 08 29 30  -0.665   0.131   0.351   0.764
 91 363 08 30 30  -0.672   0.148   0.330   0.763
 91 363 08 31 30  -0.691   0.126   0.310   0.768
 91 363 08 32 30  -0.681   0.128   0.314   0.762
 91 363 08 33 30  -0.652   0.169   0.351   0.760
 91 363 08 34 30  -0.638   0.235   0.359   0.773
 91 363 08 35 30  -0.612   0.248   0.392   0.769
 91 363 08 36 30  -0.634   0.267   0.335   0.766
 91 363 08 37 30  -0.623   0.293   0.355   0.777
 91 363 08 38 30  -0.611   0.273   0.380   0.771
 91 363 08 39 30  -0.628   0.249   0.383   0.777
 91 363 08 40 30  -0.614   0.168   0.385   0.745
 91 363 08 41 30  -0.617   0.218   0.365   0.753
 91 363 08 42 30  -0.595   0.207   0.405   0.749
 91 363 08 43 30  -0.622   0.233   0.367   0.760
 91 363 08 44 30  -0.617   0.252   0.370   0.762
 91 363 08 45 30  -0.587   0.276   0.368   0.746
 91 363 08 46 30  -0.593   0.182   0.396   0.739
 91 363 08 47 30  -0.604   0.164   0.398   0.743
 91 363 08 48 30  -0.594   0.192   0.393   0.739
 91 363 08 49 30  -0.597   0.154   0.405   0.739
 91 363 08 50 30  -0.609   0.130   0.431   0.757
 91 363 08 51 30  -0.619   0.172   0.406   0.762
 91 363 08 52 30  -0.616   0.104   0.423   0.756
 91 363 08 53 30  -0.595   0.128   0.425   0.743
 91 363 08 54 30  -0.556   0.163   0.478   0.752
 91 363 08 55 30  -0.574   0.078   0.474   0.750
 91 363 08 56 30  -0.602   0.152   0.439   0.763
 91 363 08 57 30  -0.603   0.175   0.437   0.765
 91 363 08 58 30  -0.619   0.203   0.418   0.775
 91 363 08 59 30  -0.619   0.201   0.404   0.768
 91 363 09 00 30  -0.560   0.100   0.514   0.776
 91 363 09 01 30  -0.570   0.051   0.534   0.784
 91 363 09 02 30  -0.610   0.171   0.467   0.789
 91 363 09 03 30  -0.596   0.117   0.499   0.787
 91 363 09 04 30  -0.609   0.103   0.490   0.791
 91 363 09 05 30  -0.629   0.234   0.416   0.791
 91 363 09 06 30  -0.628   0.242   0.418   0.795
 91 363 09 07 30  -0.633   0.234   0.405   0.788
 91 363 09 08 30  -0.633   0.197   0.420   0.787
 91 363 09 09 30  -0.628   0.257   0.390   0.785
 91 363 09 10 30  -0.635   0.136   0.427   0.782
 91 363 09 11 30  -0.638   0.230   0.390   0.789
 91 363 09 12 30  -0.650   0.253   0.373   0.794
 91 363 09 13 30  -0.631   0.261   0.369   0.778
 91 363 09 14 30  -0.599   0.385   0.315   0.780
 91 363 09 15 30  -0.587   0.254   0.404   0.770
 91 363 09 16 30  -0.612   0.315   0.379   0.788
 91 363 09 17 30  -0.615   0.300   0.371   0.779
 91 363 09 18 30  -0.636   0.209   0.375   0.769
 91 363 09 19 30  -0.654   0.202   0.376   0.782
 91 363 09 20 30  -0.643   0.252   0.384   0.791
 91 363 09 21 30  -0.645   0.258   0.391   0.798
 91 363 09 22 30  -0.644   0.294   0.371   0.800
 91 363 09 23 30  -0.631   0.303   0.360   0.788
 91 363 09 24 30  -0.626   0.287   0.387   0.790
 91 363 09 25 30  -0.627   0.263   0.390   0.785
 91 363 09 26 30  -0.625   0.234   0.373   0.766
 91 363 09 27 30  -0.627   0.221   0.396   0.775
 91 363 09 28 30  -0.619   0.239   0.407   0.780
 91 363 09 29 30  -0.589   0.162   0.477   0.782
 91 363 09 30 30  -0.597   0.111   0.510   0.795
 91 363 09 31 30  -0.601   0.096   0.505   0.793
 91 363 09 32 30  -0.590   0.020   0.517   0.786
 91 363 09 33 30  -0.581   0.079   0.500   0.773
 91 363 09 34 30  -0.541  -0.008   0.572   0.792
 91 363 09 35 30  -0.616   0.097   0.475   0.785
 91 363 09 36 30  -0.649   0.156   0.410   0.785
 91 363 09 37 30  -0.649   0.179   0.405   0.786
 91 363 09 38 30  -0.632   0.170   0.422   0.779
 91 363 09 39 30  -0.631   0.113   0.448   0.783
 91 363 09 40 30  -0.630   0.167   0.438   0.787
 91 363 09 41 30  -0.644   0.226   0.400   0.793
 91 363 09 42 30  -0.642   0.204   0.404   0.787
 91 363 09 43 30  -0.640   0.240   0.375   0.780
 91 363 09 44 30  -0.646   0.233   0.366   0.779
 91 363 09 45 30  -0.650   0.242   0.358   0.781
 91 363 09 46 30  -0.654   0.199   0.373   0.779
 91 363 09 47 30  -0.658   0.206   0.349   0.773
 91 363 09 48 30  -0.649   0.193   0.358   0.767
 91 363 09 49 30  -0.675   0.197   0.341   0.782
 91 363 09 50 30  -0.679   0.208   0.320   0.780
 91 363 09 51 30  -0.633   0.150   0.422   0.777
 91 363 09 52 30  -0.599   0.164   0.468   0.779
 91 363 09 53 30  -0.602   0.162   0.473   0.783
 91 363 09 54 30  -0.628   0.184   0.426   0.782
 91 363 09 55 30  -0.626   0.214   0.409   0.779
 91 363 09 56 30  -0.616   0.193   0.431   0.777
 91 363 09 57 30  -0.623   0.229   0.404   0.780
 91 363 09 58 30  -0.586   0.239   0.444   0.777
 91 363 09 59 30  -0.614   0.266   0.395   0.777
 91 363 10 00 30  -0.635   0.251   0.375   0.781
 91 363 10 01 30  -0.630   0.282   0.358   0.778
 91 363 10 02 30  -0.632   0.303   0.343   0.781
 91 363 10 03 30  -0.612   0.234   0.407   0.772
 91 363 10 04 30  -0.521   0.072   0.568   0.778
 91 363 10 05 30  -0.534   0.105   0.563   0.786
 91 363 10 06 30  -0.492   0.105   0.587   0.778
 91 363 10 07 30  -0.571   0.202   0.482   0.778
 91 363 10 08 30  -0.578   0.173   0.489   0.780
 91 363 10 09 30  -0.589   0.243   0.444   0.777
 91 363 10 10 30  -0.567   0.193   0.505   0.786
 91 363 10 11 30  -0.539   0.212   0.525   0.786
 91 363 10 12 30  -0.605   0.195   0.449   0.781
 91 363 10 13 30  -0.530   0.208   0.532   0.780
 91 363 10 14 30  -0.559   0.214   0.491   0.775
 91 363 10 15 30  -0.558   0.193   0.491   0.772
 91 363 10 16 30  -0.633   0.218   0.372   0.767
 91 363 10 17 30  -0.628   0.224   0.379   0.768
 91 363 10 18 30  -0.546   0.198   0.506   0.775
 91 363 10 19 30  -0.552   0.239   0.482   0.781
 91 363 10 20 30  -0.652   0.271   0.301   0.769
 91 363 10 21 30  -0.621   0.271   0.401   0.788
 91 363 10 22 30  -0.626   0.276   0.387   0.787
 91 363 10 23 30  -0.639   0.194   0.369   0.764
 91 363 10 24 30  -0.662   0.152   0.358   0.768
 91 363 10 25 30  -0.624   0.152   0.408   0.764
 91 363 10 26 30  -0.611   0.142   0.439   0.767
 91 363 10 27 30  -0.626   0.161   0.415   0.770
 91 363 10 28 30  -0.631   0.188   0.402   0.774
 91 363 10 29 30  -0.640   0.226   0.368   0.774
 91 363 10 30 30  -0.617   0.283   0.374   0.775
 91 363 10 31 30  -0.595   0.292   0.391   0.772
 91 363 10 32 30  -0.548   0.308   0.427   0.762
 91 363 10 33 30  -0.543   0.198   0.474   0.750
 91 363 10 34 30  -0.553   0.170   0.483   0.758
 91 363 10 35 30  -0.616   0.171   0.402   0.758
 91 363 10 36 30  -0.587   0.213   0.428   0.765
 91 363 10 37 30  -0.641   0.181   0.332   0.748
 91 363 10 38 30  -0.683   0.114   0.312   0.764
 91 363 10 39 30  -0.688   0.109   0.305   0.763
 91 363 10 40 30  -0.713   0.070   0.260   0.769
 91 363 10 41 30  -0.625   0.157   0.412   0.768
 91 363 10 42 30  -0.670   0.174   0.281   0.758
 91 363 10 43 30  -0.684   0.177   0.254   0.754
 91 363 10 44 30  -0.649   0.077   0.364   0.749
 91 363 10 45 30  -0.634   0.091   0.399   0.756
 91 363 10 46 30  -0.659   0.053   0.366   0.757
 91 363 10 47 30  -0.659   0.067   0.355   0.753
 91 363 10 48 30  -0.682   0.064   0.352   0.771
 91 363 10 49 30  -0.648   0.088   0.390   0.765
 91 363 10 50 30  -0.663   0.211   0.280   0.753
 91 363 10 51 30  -0.638   0.159   0.355   0.748
 91 363 10 52 30  -0.677   0.069   0.306   0.750
 91 363 10 53 30  -0.702   0.039   0.280   0.758
 91 363 10 54 30  -0.720   0.013   0.215   0.753
 91 363 10 55 30  -0.699   0.136   0.269   0.764
 91 363 10 56 30  -0.703   0.101   0.277   0.763
 91 363 10 57 30  -0.694   0.117   0.318   0.774
 91 363 10 58 30  -0.630   0.236   0.390   0.778
 91 363 10 59 30  -0.618   0.253   0.383   0.770
 91 363 11 00 30  -0.627   0.233   0.364   0.762
 91 363 11 01 30  -0.651   0.204   0.349   0.767
 91 363 11 02 30  -0.636   0.210   0.398   0.780
 91 363 11 03 30  -0.619   0.214   0.394   0.766
 91 363 11 04 30  -0.659   0.158   0.364   0.770
 91 363 11 05 30  -0.627   0.199   0.405   0.773
 91 363 11 06 30  -0.633   0.155   0.372   0.752
 91 363 11 07 30  -0.704   0.032   0.251   0.751
 91 363 11 08 30  -0.719  -0.009   0.204   0.749
 91 363 11 09 30  -0.730  -0.078   0.147   0.751
 91 363 11 10 30  -0.732  -0.143   0.083   0.754
 91 363 11 11 30  -0.752  -0.097   0.081   0.764
 91 363 11 12 30  -0.754  -0.027   0.129   0.766
 91 363 11 13 30  -0.759  -0.051   0.130   0.777
 91 363 11 14 30  -0.757  -0.029   0.108   0.767
 91 363 11 15 30  -0.758  -0.014   0.058   0.761
 91 363 11 16 30  -0.764  -0.022   0.060   0.767
 91 363 11 17 30  -0.762  -0.049   0.060   0.766
 91 363 11 18 30  -0.761  -0.011   0.120   0.771
 91 363 11 19 30  -0.765  -0.052   0.021   0.770
 91 363 11 20 30  -0.767  -0.026   0.015   0.768
 91 363 11 21 30  -0.761  -0.017   0.043   0.762
 91 363 11 22 30  -0.754  -0.012   0.036   0.756
 91 363 11 23 30  -0.758   0.003   0.003   0.759
 91 363 11 24 30  -0.760   0.047   0.001   0.762
 91 363 11 25 30  -0.762   0.055   0.045   0.766
 91 363 11 26 30  -0.766   0.054   0.061   0.771
 91 363 11 27 30  -0.766   0.064   0.098   0.775
 91 363 11 28 30  -0.761   0.043   0.125   0.773
 91 363 11 29 30  -0.752   0.061   0.077   0.760
 91 363 11 30 30  -0.757   0.018   0.126   0.769
 91 363 11 31 30  -0.758   0.048   0.163   0.778
 91 363 11 32 30  -0.738   0.087   0.201   0.770
 91 363 11 33 30  -0.730   0.070   0.166   0.753
 91 363 11 34 30  -0.750   0.019   0.082   0.755
 91 363 11 35 30  -0.762   0.013   0.062   0.765
 91 363 11 36 30  -0.748   0.050   0.019   0.751
 91 363 11 37 30  -0.745   0.035   0.018   0.747
 91 363 11 38 30  -0.755  -0.020   0.057   0.758
 91 363 11 39 30  -0.755  -0.045   0.075   0.760
 91 363 11 40 30  -0.751  -0.025   0.089   0.757
 91 363 11 41 30  -0.747  -0.056   0.123   0.760
 91 363 11 42 30  -0.754  -0.040   0.172   0.775
 91 363 11 43 30  -0.728   0.038   0.251   0.772
 91 363 11 44 30  -0.723   0.002   0.218   0.756
 91 363 11 45 30  -0.742  -0.004   0.188   0.766
 91 363 11 46 30  -0.744  -0.096   0.167   0.771
 91 363 11 47 30  -0.753  -0.079   0.067   0.763
 91 363 11 48 30  -0.766  -0.029   0.075   0.771
 91 363 11 49 30  -0.775   0.047   0.086   0.782
 91 363 11 50 30  -0.751   0.117   0.194   0.787
 91 363 11 51 30  -0.742   0.036   0.245   0.788
 91 363 11 52 30  -0.760   0.016   0.187   0.785
 91 363 11 53 30  -0.760   0.017   0.189   0.785
 91 363 11 54 30  -0.717   0.070   0.327   0.793
 91 363 11 55 30  -0.657   0.079   0.433   0.793
 91 363 11 56 30  -0.536   0.169   0.555   0.792
 91 363 11 57 30  -0.404   0.231   0.617   0.773
 91 363 11 58 30  -0.383   0.234   0.625   0.770
 91 363 11 59 30  -0.371   0.232   0.639   0.774
 91 363 12 00 30  -0.379   0.187   0.652   0.777
 91 363 12 01 30  -0.374   0.181   0.644   0.766
 91 363 12 02 30  -0.385   0.174   0.649   0.775
 91 363 12 03 30  -0.391   0.190   0.660   0.791
 91 363 12 04 30  -0.407   0.179   0.646   0.785
 91 363 12 05 30  -0.416   0.224   0.623   0.783
 91 363 12 06 30  -0.423   0.159   0.636   0.782
 91 363 12 07 30  -0.417   0.137   0.656   0.789
 91 363 12 08 30  -0.404   0.146   0.676   0.801
 91 363 12 09 30  -0.416   0.151   0.670   0.803
 91 363 12 10 30  -0.441   0.171   0.639   0.795
 91 363 12 11 30  -0.470   0.195   0.611   0.795
 91 363 12 12 30  -0.467   0.187   0.609   0.790
 91 363 12 13 30  -0.463   0.205   0.607   0.791
 91 363 12 14 30  -0.467   0.221   0.614   0.803
 91 363 12 15 30  -0.466   0.217   0.602   0.792
 91 363 12 16 30  -0.462   0.205   0.597   0.782
 91 363 12 17 30  -0.461   0.204   0.603   0.786
 91 363 12 18 30  -0.459   0.212   0.612   0.794
 91 363 12 19 30  -0.470   0.211   0.596   0.789
 91 363 12 20 30  -0.471   0.232   0.578   0.782
 91 363 12 21 30  -0.449   0.237   0.594   0.782
 91 363 12 22 30  -0.438   0.258   0.591   0.780
 91 363 12 23 30  -0.459   0.276   0.573   0.784
 91 363 12 24 30  -0.476   0.260   0.564   0.783
 91 363 12 25 30  -0.479   0.268   0.553   0.780
 91 363 12 26 30  -0.441   0.255   0.567   0.763
 91 363 12 27 30  -0.453   0.293   0.549   0.770
 91 363 12 28 30  -0.465   0.291   0.531   0.764
 91 363 12 29 30  -0.493   0.195   0.513   0.744
 91 363 12 30 30  -0.580   0.063   0.472   0.751
 91 363 12 31 30  -0.582   0.144   0.456   0.754
 91 363 12 32 30  -0.599   0.151   0.446   0.762
 91 363 12 33 30  -0.613   0.158   0.440   0.771
 91 363 12 34 30  -0.601   0.132   0.465   0.773
 91 363 12 35 30  -0.589   0.133   0.467   0.764
 91 363 12 36 30  -0.551   0.143   0.507   0.767
 91 363 12 37 30  -0.564   0.128   0.500   0.766
 91 363 12 38 30  -0.578   0.125   0.496   0.772
 91 363 12 39 30  -0.589   0.142   0.487   0.777
 91 363 12 40 30  -0.606   0.132   0.483   0.787
 91 363 12 41 30  -0.610   0.138   0.464   0.779
 91 363 12 42 30  -0.610   0.152   0.453   0.776
 91 363 12 43 30  -0.620   0.140   0.453   0.781
 91 363 12 44 30  -0.615   0.162   0.461   0.786
 91 363 12 45 30  -0.627   0.128   0.452   0.785
 91 363 12 46 30  -0.662   0.098   0.402   0.781
 91 363 12 47 30  -0.653   0.088   0.411   0.777
 91 363 12 48 30  -0.657   0.086   0.406   0.778
 91 363 12 49 30  -0.662   0.094   0.400   0.779
 91 363 12 50 30  -0.667   0.110   0.400   0.785
 91 363 12 51 30  -0.651   0.105   0.423   0.784
 91 363 12 52 30  -0.642   0.120   0.446   0.791
 91 363 12 53 30  -0.653   0.114   0.434   0.793
 91 363 12 54 30  -0.664   0.145   0.398   0.788
 91 363 12 55 30  -0.654   0.149   0.409   0.786
 91 363 12 56 30  -0.654   0.137   0.402   0.780
 91 363 12 57 30  -0.659   0.139   0.391   0.779
 91 363 12 58 30  -0.667   0.145   0.390   0.787
 91 363 12 59 30  -0.662   0.152   0.393   0.785
 91 363 13 00 30  -0.659   0.166   0.389   0.784
 91 363 13 01 30  -0.657   0.145   0.398   0.783
 91 363 13 02 30  -0.648   0.150   0.418   0.786
 91 363 13 03 30  -0.656   0.142   0.415   0.790
 91 363 13 04 30  -0.659   0.128   0.397   0.780
 91 363 13 05 30  -0.650   0.145   0.400   0.777
 91 363 13 06 30  -0.663   0.136   0.381   0.777
 91 363 13 07 30  -0.662   0.138   0.383   0.777
 91 363 13 08 30  -0.662   0.128   0.391   0.780
 91 363 13 09 30  -0.665   0.141   0.387   0.783
 91 363 13 10 30  -0.643   0.158   0.424   0.787
 91 363 13 11 30  -0.638   0.127   0.433   0.782
 91 363 13 12 30  -0.628   0.149   0.442   0.783
 91 363 13 13 30  -0.635   0.148   0.431   0.782
 91 363 13 14 30  -0.650   0.110   0.417   0.780
 91 363 13 15 30  -0.641   0.149   0.430   0.788
 91 363 13 16 30  -0.596   0.204   0.478   0.791
 91 363 13 17 30  -0.613   0.201   0.455   0.790
 91 363 13 18 30  -0.614   0.214   0.438   0.785
 91 363 13 19 30  -0.620   0.223   0.441   0.793
 91 363 13 20 30  -0.624   0.210   0.443   0.793
 91 363 13 21 30  -0.614   0.211   0.443   0.787
 91 363 13 22 30  -0.606   0.190   0.448   0.778
 91 363 13 23 30  -0.634   0.185   0.435   0.791
 91 363 13 24 30  -0.627   0.201   0.436   0.790
 91 363 13 25 30  -0.612   0.209   0.447   0.787
 91 363 13 26 30  -0.610   0.202   0.445   0.782
 91 363 13 27 30  -0.625   0.180   0.446   0.789
 91 363 13 28 30  -0.633   0.180   0.438   0.791
 91 363 13 29 30  -0.617   0.212   0.434   0.784
 91 363 13 30 30  -0.604   0.208   0.427   0.769
 91 363 13 31 30  -0.616   0.194   0.426   0.775
 91 363 13 32 30  -0.627   0.191   0.434   0.787
 91 363 13 33 30  -0.615   0.199   0.446   0.785
 91 363 13 34 30  -0.619   0.179   0.454   0.789
 91 363 13 35 30  -0.605   0.215   0.448   0.783
 91 363 13 36 30  -0.599   0.198   0.467   0.785
 91 363 13 37 30  -0.610   0.191   0.454   0.785
 91 363 13 38 30  -0.618   0.157   0.460   0.786
 91 363 13 39 30  -0.637   0.161   0.451   0.797
 91 363 13 40 30  -0.610   0.176   0.475   0.793
 91 363 13 41 30  -0.612   0.169   0.464   0.787
 91 363 13 42 30  -0.615   0.178   0.436   0.775
 91 363 13 43 30  -0.618   0.170   0.442   0.779
 91 363 13 44 30  -0.623   0.167   0.439   0.780
 91 363 13 45 30  -0.630   0.161   0.425   0.777
 91 363 13 46 30  -0.615   0.184   0.445   0.781
 91 363 13 47 30  -0.592   0.151   0.466   0.769
 91 363 13 48 30  -0.612   0.174   0.457   0.784
 91 363 13 49 30  -0.616   0.170   0.454   0.784
 91 363 13 50 30  -0.610   0.183   0.462   0.787
 91 363 13 51 30  -0.617   0.161   0.449   0.780
 91 363 13 52 30  -0.599   0.184   0.466   0.781
 91 363 13 54 30  -0.609   0.162   0.475   0.790
 91 363 13 55 30  -0.599   0.182   0.459   0.776
 91 363 13 56 30  -0.591   0.183   0.470   0.777
 91 363 13 57 30  -0.604   0.193   0.459   0.783
 91 363 13 58 30  -0.603   0.192   0.458   0.782
 91 363 13 59 30  -0.603   0.207   0.455   0.783
 91 363 14 00 30  -0.620   0.198   0.429   0.780
 91 363 14 02 30  -0.626   0.207   0.424   0.784
 91 363 14 03 30  -0.609   0.229   0.440   0.787
 91 363 14 04 30  -0.555   0.248   0.488   0.780
 91 363 14 05 30  -0.563   0.271   0.476   0.786
 91 363 14 06 30  -0.576   0.237   0.480   0.786
 91 363 14 07 30  -0.591   0.216   0.470   0.785
 91 363 14 08 30  -0.579   0.241   0.470   0.784
 91 363 14 09 30  -0.591   0.221   0.476   0.791
 91 363 14 10 30  -0.593   0.217   0.470   0.788
 91 363 14 11 30  -0.597   0.211   0.474   0.791
 91 363 14 12 30  -0.595   0.238   0.457   0.787
 91 363 14 13 30  -0.587   0.241   0.471   0.791
 91 363 14 14 30  -0.586   0.250   0.478   0.797
 91 363 14 15 30  -0.603   0.225   0.465   0.795
 91 363 14 16 30  -0.596   0.235   0.477   0.800
 91 363 14 17 30  -0.568   0.275   0.505   0.812
 91 363 14 18 30  -0.578   0.229   0.507   0.804
 91 363 14 19 30  -0.610   0.223   0.472   0.805
 91 363 14 20 30  -0.555   0.277   0.502   0.800
 91 363 14 21 30  -0.562   0.262   0.488   0.791
 91 363 14 22 30  -0.595   0.220   0.477   0.794
 91 363 14 23 30  -0.617   0.180   0.445   0.783
 91 363 14 24 30  -0.617   0.174   0.436   0.776
 91 363 14 25 30  -0.637   0.151   0.437   0.787
 91 363 14 26 30  -0.606   0.154   0.476   0.787
 91 363 14 27 30  -0.527   0.275   0.538   0.803
 91 363 14 28 30  -0.510   0.314   0.546   0.812
 91 363 14 29 30  -0.497   0.299   0.552   0.802
 91 363 14 30 30  -0.575   0.215   0.507   0.797
 91 363 14 31 30  -0.578   0.233   0.498   0.799
 91 363 14 32 30  -0.590   0.228   0.499   0.806
 91 363 14 33 30  -0.574   0.239   0.512   0.806
 91 363 14 34 30  -0.569   0.257   0.508   0.805
 91 363 14 35 30  -0.581   0.225   0.506   0.803
 91 363 14 36 30  -0.569   0.233   0.524   0.808
 91 363 14 37 30  -0.518   0.304   0.544   0.813
 91 363 14 38 30  -0.493   0.315   0.572   0.819
 91 363 14 39 30  -0.480   0.338   0.572   0.819
 91 363 14 40 30  -0.464   0.338   0.565   0.806
 91 363 14 41 30  -0.438   0.350   0.559   0.794
 91 363 14 42 30  -0.385   0.378   0.586   0.797
 91 363 14 43 30  -0.401   0.378   0.576   0.798
 91 363 14 44 30  -0.410   0.371   0.571   0.795
 91 363 14 45 30  -0.431   0.380   0.561   0.804
 91 363 14 46 30  -0.450   0.374   0.547   0.801
 91 363 14 47 30  -0.385   0.402   0.582   0.807
 91 363 14 48 30  -0.359   0.413   0.599   0.811
 91 363 14 49 30  -0.371   0.400   0.599   0.811
 91 363 14 50 30  -0.372   0.414   0.589   0.810
 91 363 14 51 30  -0.403   0.405   0.575   0.811
 91 363 14 52 30  -0.428   0.338   0.592   0.806
 91 363 14 53 30  -0.432   0.336   0.583   0.800
 91 363 14 54 30  -0.463   0.313   0.578   0.805
 91 363 14 55 30  -0.539   0.266   0.536   0.807
 91 363 14 56 30  -0.534   0.241   0.556   0.810
 91 363 14 57 30  -0.538   0.197   0.579   0.815
 91 363 14 58 30  -0.555   0.179   0.553   0.804
 91 363 14 59 30  -0.559   0.198   0.545   0.806
 91 363 15 00 30  -0.592   0.200   0.523   0.816
 91 363 15 01 30  -0.608   0.168   0.515   0.815
 91 363 15 02 30  -0.596   0.161   0.528   0.812
 91 363 15 03 30  -0.604   0.138   0.521   0.809
 91 363 15 04 30  -0.610   0.156   0.513   0.812
 91 363 15 05 30  -0.592   0.178   0.529   0.814
 91 363 15 06 30  -0.585   0.180   0.547   0.821
 91 363 15 07 30  -0.587   0.191   0.539   0.819
 91 363 15 08 30  -0.610   0.176   0.514   0.817
 91 363 15 09 30  -0.609   0.179   0.513   0.816
 91 363 15 10 30  -0.599   0.177   0.528   0.818
 91 363 15 11 30  -0.590   0.170   0.530   0.812
 91 363 15 12 30  -0.620   0.175   0.517   0.827
 91 363 15 13 30  -0.612   0.167   0.522   0.822
 91 363 15 14 30  -0.601   0.171   0.510   0.808
 91 363 15 15 30  -0.637   0.180   0.455   0.804
 91 363 15 16 30  -0.639   0.164   0.471   0.810
 91 363 15 17 30  -0.649   0.156   0.461   0.812
 91 363 15 18 30  -0.630   0.158   0.498   0.819
 91 363 15 19 30  -0.596   0.180   0.522   0.813
 91 363 15 20 30  -0.627   0.147   0.482   0.804
 91 363 15 21 30  -0.609   0.146   0.499   0.801
 91 363 15 22 30  -0.610   0.147   0.507   0.807
 91 363 15 23 30  -0.615   0.142   0.512   0.813
 91 363 15 24 30  -0.631   0.130   0.503   0.817
 91 363 15 25 30  -0.608   0.156   0.503   0.805
 91 363 15 26 30  -0.589   0.174   0.515   0.802
 91 363 15 27 30  -0.572   0.214   0.528   0.808
 91 363 15 28 30  -0.578   0.184   0.531   0.807
 91 363 15 29 30  -0.572   0.170   0.543   0.807
 91 363 15 30 30  -0.576   0.178   0.543   0.811
 91 363 15 31 30  -0.576   0.215   0.539   0.818
 91 363 15 32 30  -0.592   0.200   0.526   0.817
 91 363 15 33 30  -0.630   0.183   0.492   0.820
 91 363 15 34 30  -0.587   0.197   0.530   0.816
 91 363 15 56 30  -0.597   0.157   0.503   0.797
 91 363 15 57 30  -0.633   0.114   0.471   0.798
 91 363 15 58 30  -0.620   0.127   0.476   0.793
 91 363 15 59 30  -0.602   0.163   0.490   0.794
 91 363 16 00 30  -0.583   0.185   0.493   0.786
 91 363 16 01 30  -0.577   0.162   0.511   0.788
 91 363 16 02 30  -0.605   0.138   0.484   0.788
 91 363 16 03 30  -0.627   0.111   0.429   0.769
 91 363 16 04 30  -0.619   0.118   0.433   0.765
 91 363 16 05 30  -0.604   0.151   0.466   0.778
 91 363 16 06 30  -0.620   0.160   0.458   0.787
 91 363 16 07 30  -0.613   0.137   0.463   0.781
 91 363 16 08 30  -0.624   0.130   0.469   0.791
 91 363 16 10 30  -0.638   0.150   0.427   0.782
 91 363 16 11 30  -0.629   0.142   0.422   0.771
 91 363 16 12 30  -0.597   0.147   0.445   0.760
 91 363 16 13 30  -0.602   0.130   0.438   0.756
 91 363 16 14 30  -0.619   0.137   0.437   0.770
 91 363 16 15 30  -0.634   0.134   0.427   0.776
 91 363 16 16 30  -0.621   0.122   0.444   0.773
 91 363 16 17 30  -0.636   0.103   0.438   0.780
 91 363 16 18 30  -0.625   0.141   0.433   0.774
 91 363 16 19 30  -0.623   0.113   0.443   0.774
 91 363 16 20 30  -0.623   0.120   0.444   0.776
 91 363 16 21 30  -0.636   0.110   0.444   0.784
 91 363 16 22 30  -0.645   0.125   0.436   0.788
 91 363 16 23 30  -0.652   0.140   0.405   0.780
 91 363 16 24 30  -0.632   0.152   0.414   0.771
 91 363 16 25 30  -0.636   0.108   0.417   0.769
 91 363 16 26 30  -0.662   0.109   0.404   0.784
 91 363 16 27 30  -0.669   0.121   0.396   0.787
 91 363 16 28 30  -0.658   0.144   0.406   0.787
 91 363 16 29 30  -0.629   0.145   0.433   0.778
 91 363 16 30 30  -0.648   0.121   0.426   0.786
 91 363 16 31 30  -0.668   0.148   0.407   0.796
 91 363 16 32 30  -0.639   0.167   0.426   0.786
 91 363 16 33 30  -0.625   0.146   0.450   0.784
 91 363 16 34 30  -0.639   0.146   0.441   0.790
 91 363 16 35 30  -0.647   0.158   0.439   0.798
 91 363 16 36 30  -0.648   0.135   0.442   0.797
 91 363 16 37 30  -0.654   0.125   0.432   0.794
 91 363 16 38 30  -0.651   0.153   0.429   0.795
 91 363 16 39 30  -0.650   0.141   0.446   0.801
 91 363 16 40 30  -0.657   0.162   0.414   0.794
 91 363 16 41 30  -0.645   0.191   0.410   0.787
 91 363 16 42 30  -0.649   0.180   0.409   0.789
 91 363 16 43 30  -0.656   0.166   0.403   0.788
 91 363 16 44 30  -0.663   0.146   0.391   0.784
 91 363 16 45 30  -0.649   0.143   0.415   0.783
 91 363 16 46 30  -0.641   0.136   0.433   0.785
 91 363 16 47 30  -0.631   0.130   0.446   0.783
 91 363 16 48 30  -0.631   0.135   0.434   0.777
 91 363 16 49 30  -0.627   0.142   0.442   0.781
 91 363 16 50 30  -0.604   0.108   0.480   0.779
 91 363 16 51 30  -0.626   0.111   0.448   0.778
 91 363 16 52 30  -0.625   0.131   0.445   0.779
 91 363 16 53 30  -0.615   0.139   0.468   0.785
 91 363 16 54 30  -0.638   0.136   0.431   0.783
 91 363 16 55 30  -0.612   0.135   0.450   0.771
 91 363 16 56 30  -0.588   0.127   0.475   0.767
 91 363 16 57 30  -0.595   0.126   0.468   0.768
 91 363 16 58 30  -0.580   0.121   0.471   0.757
 91 363 16 59 30  -0.598   0.112   0.448   0.756
 91 363 17 00 30  -0.576   0.152   0.456   0.751
 91 363 17 01 30  -0.574   0.165   0.439   0.741
 91 363 17 02 30  -0.555   0.149   0.468   0.743
 91 363 17 03 30  -0.549   0.108   0.504   0.754
 91 363 17 04 30  -0.591   0.165   0.433   0.753
 91 363 17 05 30  -0.580   0.179   0.440   0.750
 91 363 17 06 30  -0.579   0.143   0.444   0.744
 91 363 17 07 30  -0.565   0.165   0.456   0.746
 91 363 17 08 30  -0.565   0.128   0.470   0.747
 91 363 17 09 30  -0.569   0.152   0.466   0.752
 91 363 17 10 30  -0.578   0.145   0.463   0.756
 91 363 17 11 30  -0.579   0.160   0.456   0.755
 91 363 17 12 30  -0.613   0.194   0.395   0.755
 91 363 17 13 30  -0.631   0.212   0.398   0.776
 91 363 17 14 30  -0.586   0.203   0.465   0.776
 91 363 17 15 30  -0.601   0.156   0.453   0.769
 91 363 17 16 30  -0.627   0.146   0.429   0.774
 91 363 17 17 30  -0.605   0.162   0.455   0.774
 91 363 17 18 30  -0.601   0.179   0.456   0.776
 91 363 17 19 30  -0.583   0.181   0.464   0.767
 91 363 17 20 30  -0.594   0.173   0.449   0.765
 91 363 17 21 30  -0.549   0.144   0.514   0.770
 91 363 17 22 30  -0.543   0.150   0.507   0.759
 91 363 17 23 30  -0.508   0.138   0.509   0.733
 91 363 17 24 30  -0.499   0.099   0.536   0.740
 91 363 17 25 30  -0.523   0.095   0.514   0.740
 91 363 17 26 30  -0.529   0.168   0.491   0.744
 91 363 17 27 30  -0.527   0.166   0.484   0.737
 91 363 17 28 30  -0.519   0.216   0.452   0.723
 91 363 17 29 30  -0.517   0.186   0.485   0.735
 91 363 17 30 30  -0.501   0.245   0.463   0.727
 91 363 17 31 30  -0.527   0.166   0.506   0.751
 91 363 17 32 30  -0.521   0.124   0.521   0.748
 91 363 17 33 30  -0.520   0.159   0.496   0.736
 91 363 17 34 30  -0.527   0.208   0.485   0.747
 91 363 17 35 30  -0.528   0.289   0.451   0.753
 91 363 17 36 30  -0.550   0.287   0.415   0.747
 91 363 17 37 30  -0.551   0.269   0.428   0.748
 91 363 17 38 30  -0.532   0.323   0.427   0.756
 91 363 17 39 30  -0.542   0.334   0.409   0.758
 91 363 17 40 30  -0.528   0.262   0.460   0.748
 91 363 17 41 30  -0.528   0.247   0.474   0.752
 91 363 17 42 30  -0.508   0.274   0.517   0.777
 91 363 17 43 30  -0.521   0.264   0.505   0.775
 91 363 17 44 30  -0.523   0.294   0.477   0.768
 91 363 17 45 30  -0.511   0.255   0.516   0.771
 91 363 17 46 30  -0.546   0.241   0.490   0.773
 91 363 17 47 30  -0.554   0.276   0.473   0.780
 91 363 17 48 30  -0.532   0.286   0.465   0.766
 91 363 17 49 30  -0.498   0.271   0.519   0.769
 91 363 17 50 30  -0.522   0.229   0.524   0.775
 91 363 17 51 30  -0.514   0.284   0.514   0.782
 91 363 17 52 30  -0.496   0.218   0.535   0.763
 91 363 17 53 30  -0.495   0.252   0.519   0.761
 91 363 17 54 30  -0.505   0.282   0.508   0.770
 91 363 17 55 30  -0.496   0.265   0.513   0.762
 91 363 17 56 30  -0.481   0.270   0.524   0.761
 91 363 17 57 30  -0.489   0.272   0.501   0.752
 91 363 17 58 30  -0.480   0.295   0.510   0.760
 91 363 17 59 30  -0.474   0.260   0.530   0.758
 91 363 18 00 30  -0.494   0.258   0.508   0.755
 91 363 18 01 30  -0.495   0.236   0.498   0.741
 91 363 18 02 30  -0.493   0.243   0.509   0.749
 91 363 18 03 30  -0.447   0.275   0.523   0.742
 91 363 18 04 30  -0.479   0.222   0.515   0.738
 91 363 18 05 30  -0.511   0.227   0.479   0.738
 91 363 18 06 30  -0.495   0.260   0.484   0.740
 91 363 18 07 30  -0.510   0.258   0.472   0.742
 91 363 18 08 30  -0.470   0.305   0.484   0.742
 91 363 18 09 30  -0.474   0.258   0.511   0.743
 91 363 18 10 30  -0.489   0.253   0.500   0.746
 91 363 18 11 30  -0.462   0.270   0.530   0.754
 91 363 18 12 30  -0.460   0.263   0.539   0.757
 91 363 18 13 30  -0.486   0.292   0.516   0.767
 91 363 18 14 30  -0.499   0.321   0.491   0.772
 91 363 18 15 30  -0.502   0.325   0.483   0.770
 91 363 18 16 30  -0.497   0.304   0.510   0.775
 91 363 18 17 30  -0.506   0.291   0.502   0.771
 91 363 18 18 30  -0.496   0.310   0.494   0.766
 91 363 18 19 30  -0.479   0.283   0.520   0.761
 91 363 18 20 30  -0.481   0.285   0.519   0.763
 91 363 18 21 30  -0.506   0.289   0.494   0.765
 91 363 18 22 30  -0.464   0.309   0.522   0.764
 91 363 18 23 30  -0.460   0.295   0.536   0.766
 91 363 18 24 30  -0.477   0.301   0.537   0.779
 91 363 18 25 30  -0.458   0.322   0.541   0.779
 91 363 18 26 30  -0.455   0.301   0.526   0.759
 91 363 18 27 30  -0.462   0.297   0.520   0.757
 91 363 18 28 30  -0.460   0.317   0.506   0.754
 91 363 18 29 30  -0.464   0.313   0.506   0.754
 91 363 18 30 30  -0.452   0.306   0.529   0.761
 91 363 18 31 30  -0.443   0.300   0.527   0.753
 91 363 18 32 30  -0.421   0.297   0.555   0.757
 91 363 18 33 30  -0.414   0.285   0.565   0.757
 91 363 18 34 30  -0.435   0.287   0.572   0.774
 91 363 18 35 30  -0.452   0.318   0.537   0.771
 91 363 18 36 30  -0.465   0.338   0.517   0.773
 91 363 18 37 30  -0.462   0.333   0.525   0.775
 91 363 18 38 30  -0.458   0.322   0.537   0.776
 91 363 18 40 30  -0.476   0.316   0.501   0.760
 91 363 18 41 30  -0.485   0.310   0.495   0.759
 91 363 18 43 30  -0.589   0.177   0.483   0.783
 91 363 18 44 30  -0.539   0.220   0.509   0.778
 91 363 18 45 30  -0.434   0.294   0.544   0.755
 91 363 18 46 30  -0.450   0.298   0.532   0.758
 91 363 18 47 30  -0.472   0.298   0.503   0.752
 91 363 18 48 30  -0.454   0.310   0.520   0.757
 91 363 18 49 30  -0.457   0.278   0.555   0.771
 91 363 18 50 30  -0.470   0.352   0.488   0.764
 91 363 18 51 30  -0.462   0.335   0.493   0.754
 91 363 18 52 30  -0.449   0.365   0.488   0.758
 91 363 18 53 30  -0.451   0.338   0.501   0.755
 91 363 18 54 30  -0.481   0.312   0.503   0.763
 91 363 18 55 30  -0.471   0.344   0.486   0.760
 91 363 18 56 30  -0.462   0.364   0.490   0.766
 91 363 18 57 30  -0.429   0.327   0.540   0.764
 91 363 18 58 30  -0.438   0.359   0.511   0.763
 91 363 18 59 30  -0.414   0.345   0.536   0.762
 91 363 19 00 30  -0.424   0.381   0.486   0.749
 91 363 19 01 30  -0.442   0.409   0.433   0.742
 91 363 19 02 30  -0.442   0.429   0.398   0.733
 91 363 19 03 30  -0.454   0.378   0.435   0.734
 91 363 19 04 30  -0.468   0.381   0.416   0.734
 91 363 19 05 30  -0.478   0.375   0.411   0.734
 91 363 19 06 30  -0.504   0.386   0.359   0.730
 91 363 19 07 30  -0.505   0.397   0.350   0.732
 91 363 19 08 30  -0.507   0.395   0.357   0.737
 91 363 19 09 30  -0.532   0.363   0.347   0.732
 91 363 19 10 30  -0.486   0.351   0.402   0.723
 91 363 19 11 30  -0.458   0.376   0.432   0.734
 91 363 19 12 30  -0.442   0.378   0.436   0.727
 91 363 19 13 30  -0.429   0.393   0.433   0.726
 91 363 19 14 30  -0.461   0.362   0.418   0.720
 91 363 19 15 30  -0.459   0.371   0.428   0.729
 91 363 19 16 30  -0.480   0.340   0.423   0.724
 91 363 19 17 30  -0.482   0.346   0.420   0.727
 91 363 19 18 30  -0.480   0.337   0.422   0.723
 91 363 19 19 30  -0.469   0.343   0.438   0.728
 91 363 19 20 30  -0.464   0.343   0.458   0.738
 91 363 19 21 30  -0.478   0.358   0.425   0.733
 91 363 19 22 30  -0.481   0.369   0.369   0.710
 91 363 19 23 30  -0.486   0.352   0.380   0.710
 91 363 19 24 30  -0.472   0.357   0.396   0.714
 91 363 19 25 30  -0.448   0.381   0.378   0.700
 91 363 19 26 30  -0.437   0.354   0.458   0.727
 91 363 19 27 30  -0.420   0.350   0.493   0.737
 91 363 19 28 30  -0.444   0.317   0.488   0.734
 91 363 19 29 30  -0.455   0.420   0.384   0.733
 91 363 19 30 30  -0.451   0.422   0.400   0.737
 91 363 19 31 30  -0.450   0.351   0.461   0.734
 91 363 19 32 30  -0.445   0.331   0.472   0.730
 91 363 19 33 30  -0.450   0.356   0.459   0.736
 91 363 19 34 30  -0.433   0.348   0.485   0.739
 91 363 19 35 30  -0.432   0.344   0.487   0.737
 91 363 19 36 30  -0.457   0.329   0.480   0.741
 91 363 19 37 30  -0.434   0.329   0.502   0.742
 91 363 19 38 30  -0.380   0.324   0.535   0.733
 91 363 19 39 30  -0.385   0.290   0.557   0.738
 91 363 19 40 30  -0.397   0.221   0.573   0.737
 91 363 19 41 30  -0.408   0.246   0.579   0.750
 91 363 19 42 30  -0.419   0.301   0.543   0.749
 91 363 19 43 30  -0.413   0.306   0.543   0.748
 91 363 19 44 30  -0.398   0.291   0.556   0.744
 91 363 19 45 30  -0.386   0.284   0.561   0.738
 91 363 19 46 30  -0.370   0.286   0.578   0.744
 91 363 19 47 30  -0.384   0.248   0.583   0.741
 91 363 19 48 30  -0.388   0.242   0.587   0.745
 91 363 19 49 30  -0.385   0.229   0.595   0.745
 91 363 19 50 30  -0.371   0.231   0.602   0.744
 91 363 19 51 30  -0.367   0.162   0.615   0.745
 91 363 19 52 30  -0.401   0.250   0.585   0.753
 91 363 19 53 30  -0.394   0.238   0.587   0.746
 91 363 19 54 30  -0.382   0.221   0.603   0.747
 91 363 19 55 30  -0.369   0.231   0.606   0.747
 91 363 19 56 30  -0.356   0.181   0.626   0.748
 91 363 19 57 30  -0.338   0.249   0.624   0.754
 91 363 19 58 30  -0.380   0.233   0.606   0.753
 91 363 19 59 30  -0.391   0.264   0.582   0.750
 91 363 20 00 30  -0.354   0.248   0.605   0.745
 91 363 20 01 30  -0.361   0.236   0.597   0.737
 91 363 20 02 30  -0.387   0.223   0.579   0.731
 91 363 20 03 30  -0.404   0.199   0.579   0.734
 91 363 20 04 30  -0.424   0.212   0.564   0.737
 91 363 20 05 30  -0.419   0.219   0.567   0.739
 91 363 20 06 30  -0.412   0.223   0.574   0.742
 91 363 20 07 30  -0.426   0.197   0.572   0.741
 91 363 20 08 30  -0.366   0.273   0.584   0.743
 91 363 20 09 30  -0.368   0.258   0.585   0.739
 91 363 20 10 30  -0.352   0.271   0.590   0.738
 91 363 20 11 30  -0.363   0.284   0.584   0.744
 91 363 20 12 30  -0.339   0.320   0.579   0.743
 91 363 20 13 30  -0.356   0.316   0.571   0.744
 91 363 20 14 30  -0.350   0.293   0.579   0.738
 91 363 20 15 30  -0.383   0.276   0.568   0.741
 91 363 20 16 30  -0.404   0.288   0.542   0.736
 91 363 20 17 30  -0.342   0.359   0.558   0.747
 91 363 20 18 30  -0.363   0.329   0.571   0.753
 91 363 20 19 30  -0.384   0.287   0.575   0.749
 91 363 20 20 30  -0.415   0.298   0.547   0.750
 91 363 20 21 30  -0.356   0.331   0.582   0.759
 91 363 20 22 30  -0.358   0.321   0.578   0.752
 91 363 20 23 30  -0.362   0.346   0.548   0.742
 91 363 20 24 30  -0.375   0.360   0.531   0.744
 91 363 20 25 30  -0.389   0.236   0.583   0.741
 91 363 20 26 30  -0.330   0.299   0.586   0.742
 91 363 20 27 30  -0.413   0.273   0.534   0.736
 91 363 20 28 30  -0.227   0.392   0.591   0.748
 91 363 20 29 30  -0.184   0.387   0.609   0.747
 91 363 20 30 30  -0.415   0.209   0.590   0.753
 91 363 20 31 30  -0.403   0.213   0.588   0.747
 91 363 20 32 30  -0.328   0.327   0.573   0.743
 91 363 20 33 30  -0.377   0.337   0.543   0.744
 91 363 20 34 30  -0.362   0.321   0.561   0.743
 91 363 20 35 30  -0.347   0.308   0.583   0.746
 91 363 20 36 30  -0.341   0.324   0.578   0.750
 91 363 20 37 30  -0.338   0.391   0.539   0.749
 91 363 20 38 30  -0.336   0.338   0.586   0.756
 91 363 20 39 30  -0.346   0.375   0.557   0.756
 91 363 20 40 30  -0.343   0.398   0.543   0.756
 91 363 20 41 30  -0.331   0.404   0.543   0.754
 91 363 20 42 30  -0.327   0.403   0.544   0.752
 91 363 20 43 30  -0.354   0.411   0.525   0.755
 91 363 20 44 30  -0.365   0.434   0.485   0.746
 91 363 20 45 30  -0.381   0.440   0.467   0.746
 91 363 20 46 30  -0.370   0.421   0.482   0.739
 91 363 20 47 30  -0.364   0.425   0.483   0.739
 91 363 20 48 30  -0.371   0.462   0.449   0.744
 91 363 20 49 30  -0.370   0.502   0.411   0.747
 91 363 20 50 30  -0.374   0.497   0.410   0.745
 91 363 20 51 30  -0.377   0.498   0.392   0.738
 91 363 20 52 30  -0.374   0.515   0.374   0.739
 91 363 20 53 30  -0.378   0.489   0.408   0.740
 91 363 20 54 30  -0.364   0.501   0.409   0.742
 91 363 20 55 30  -0.346   0.522   0.393   0.739
 91 363 20 56 30  -0.359   0.492   0.414   0.737
 91 363 20 57 30  -0.365   0.485   0.413   0.735
 91 363 20 58 30  -0.349   0.477   0.438   0.737
 91 363 20 59 30  -0.344   0.469   0.444   0.732
 91 363 21 00 30  -0.244   0.393   0.573   0.741
 91 363 21 01 30  -0.238   0.379   0.578   0.733
 91 363 21 02 30  -0.315   0.475   0.456   0.737
 91 363 21 03 30  -0.332   0.423   0.503   0.737
 91 363 21 04 30  -0.304   0.455   0.488   0.735
 91 363 21 05 30  -0.294   0.442   0.500   0.731
 91 363 21 06 30  -0.320   0.449   0.492   0.741
 91 363 21 07 30  -0.328   0.418   0.516   0.742
 91 363 21 08 30  -0.306   0.454   0.504   0.747
 91 363 21 09 30  -0.328   0.438   0.505   0.746
 91 363 21 10 30  -0.299   0.428   0.525   0.742
 91 363 21 11 30  -0.270   0.393   0.566   0.741
 91 363 21 12 30  -0.283   0.305   0.616   0.745
 91 363 21 13 30  -0.250   0.254   0.641   0.737
 91 363 21 14 30  -0.297   0.323   0.592   0.738
 91 363 21 15 30  -0.231   0.272   0.642   0.736
 91 363 21 16 30  -0.130   0.278   0.667   0.737
 91 363 21 17 30  -0.175   0.293   0.655   0.742
 91 363 21 18 30  -0.182   0.514   0.525   0.772
 91 363 21 19 30  -0.134   0.585   0.519   0.794
 91 363 21 20 30  -0.157   0.496   0.584   0.786
 91 363 21 21 30  -0.200   0.395   0.634   0.773
 91 363 21 22 30  -0.168   0.396   0.640   0.771
 91 363 21 23 30  -0.097   0.496   0.583   0.772
 91 363 21 24 30  -0.112   0.437   0.615   0.764
 91 363 21 25 30  -0.137   0.429   0.612   0.760
 91 363 21 26 30  -0.147   0.402   0.635   0.766
 91 363 21 27 30  -0.128   0.454   0.606   0.769
 91 363 21 28 30  -0.082   0.553   0.543   0.780
 91 363 21 29 30  -0.081   0.554   0.537   0.777
 91 363 21 30 30  -0.088   0.457   0.617   0.777
 91 363 21 31 30  -0.119   0.469   0.616   0.785
 91 363 21 32 30  -0.169   0.385   0.643   0.769
 91 363 21 33 30  -0.163   0.351   0.668   0.772
 91 363 21 34 30  -0.178   0.368   0.642   0.764
 91 363 21 35 30  -0.235   0.344   0.654   0.776
 91 363 21 36 30  -0.188   0.293   0.675   0.761
 91 363 21 37 30  -0.149   0.329   0.662   0.755
 91 363 21 38 30  -0.083   0.402   0.650   0.770
 91 363 21 39 30  -0.070   0.411   0.638   0.762
 91 363 21 40 30  -0.072   0.411   0.628   0.756
 91 363 21 41 30  -0.079   0.413   0.625   0.756
 91 363 21 42 30  -0.017   0.381   0.651   0.755
 91 363 21 43 30  -0.048   0.376   0.660   0.761
 91 363 21 44 30  -0.085   0.375   0.671   0.774
 91 363 21 45 30  -0.025   0.373   0.674   0.772
 91 363 21 46 30  -0.054   0.365   0.677   0.771
 91 363 21 47 30  -0.087   0.378   0.680   0.783
 91 363 21 48 30  -0.077   0.386   0.667   0.775
 91 363 21 49 30  -0.106   0.341   0.672   0.762
 91 363 21 50 30  -0.183   0.316   0.661   0.757
 91 363 21 51 30  -0.196   0.298   0.671   0.761
 91 363 21 52 30  -0.059   0.333   0.688   0.770
 91 363 21 53 30  -0.107   0.317   0.682   0.762
 91 363 21 54 30  -0.152   0.281   0.684   0.756
 91 363 21 55 30  -0.182   0.277   0.678   0.755
 91 363 21 56 30  -0.166   0.278   0.681   0.755
 91 363 21 57 30  -0.157   0.249   0.693   0.754
 91 363 21 58 30  -0.193   0.210   0.696   0.753
 91 363 21 59 30  -0.103   0.228   0.719   0.761
 91 363 22 00 30  -0.086   0.219   0.719   0.756
 91 363 22 01 30  -0.096   0.194   0.721   0.754
 91 363 22 02 30  -0.098   0.169   0.722   0.748
 91 363 22 03 30  -0.100   0.161   0.725   0.750
 91 363 22 04 30  -0.140   0.153   0.717   0.747
 91 363 22 05 30  -0.139   0.133   0.721   0.747
 91 363 22 06 30  -0.132   0.116   0.723   0.745
 91 363 22 07 30  -0.182   0.088   0.716   0.745
 91 363 22 08 30  -0.195   0.089   0.715   0.747
 91 363 22 09 30  -0.200   0.101   0.708   0.743
 91 363 22 10 30  -0.198   0.064   0.712   0.743
 91 363 22 11 30  -0.197   0.101   0.705   0.740
 91 363 22 12 30  -0.199   0.091   0.693   0.728
 91 363 22 13 30  -0.205   0.050   0.695   0.727
 91 363 22 14 30  -0.203   0.095   0.708   0.744
 91 363 22 15 30  -0.203   0.116   0.713   0.751
 91 363 22 16 30  -0.177   0.119   0.709   0.741
 91 363 22 17 30  -0.221   0.059   0.693   0.731
 91 363 22 18 30  -0.274  -0.008   0.702   0.754
 91 363 22 19 30  -0.246   0.036   0.709   0.752
 91 363 22 20 30  -0.222   0.071   0.713   0.750
 91 363 22 21 30  -0.212   0.101   0.711   0.749
 91 363 22 22 30  -0.221   0.099   0.712   0.752
 91 363 22 23 30  -0.221   0.063   0.713   0.749
 91 363 22 24 30  -0.218   0.060   0.710   0.746
 91 363 22 25 30  -0.242   0.006   0.698   0.743
 91 363 22 26 30  -0.233   0.005   0.712   0.751
 91 363 22 27 30  -0.190   0.075   0.725   0.754
 91 363 22 28 30  -0.223   0.133   0.706   0.753
 91 363 22 29 30  -0.234   0.220   0.676   0.751
 91 363 22 30 30  -0.235   0.281   0.653   0.753
 91 363 22 31 30  -0.263   0.316   0.619   0.746
 91 363 22 32 30  -0.267   0.275   0.635   0.743
 91 363 22 33 30  -0.315   0.295   0.605   0.745
 91 363 22 34 30  -0.358   0.292   0.592   0.751
 91 363 22 35 30  -0.364   0.272   0.600   0.753
 91 363 22 36 30  -0.379   0.279   0.589   0.754
 91 363 22 37 30  -0.362   0.286   0.593   0.752
 91 363 22 38 30  -0.369   0.304   0.573   0.748
 91 363 22 39 30  -0.368   0.264   0.601   0.753
 91 363 22 40 30  -0.374   0.247   0.602   0.751
 91 363 22 41 30  -0.367   0.234   0.610   0.750
 91 363 22 42 30  -0.372   0.263   0.601   0.754
 91 363 22 43 30  -0.384   0.268   0.591   0.754
 91 363 22 44 30  -0.389   0.267   0.586   0.752
 91 363 22 45 30  -0.394   0.291   0.578   0.758
 91 363 22 47 30  -0.374   0.363   0.576   0.777
 91 363 22 48 30  -0.393   0.357   0.552   0.768
 91 363 22 49 30  -0.372   0.364   0.570   0.773
 91 363 22 50 30  -0.362   0.345   0.591   0.775
 91 363 22 51 30  -0.382   0.284   0.611   0.775
 91 363 22 52 30  -0.390   0.265   0.610   0.771
 91 363 22 53 30  -0.404   0.283   0.590   0.769
 91 363 22 54 30  -0.419   0.265   0.594   0.773
 91 363 22 55 30  -0.413   0.296   0.577   0.770
 91 363 22 56 30  -0.408   0.269   0.590   0.766
 91 363 22 57 30  -0.415   0.299   0.573   0.768
 91 363 22 58 30  -0.436   0.294   0.559   0.767
 91 363 22 59 30  -0.446   0.289   0.561   0.773
 91 363 23 00 30  -0.439   0.284   0.573   0.776
 91 363 23 01 30  -0.463   0.279   0.560   0.778
 91 363 23 02 30  -0.450   0.275   0.573   0.779
 91 363 23 03 30  -0.430   0.295   0.581   0.781
 91 363 23 04 30  -0.435   0.293   0.578   0.781
 91 363 23 05 30  -0.433   0.295   0.578   0.781
 91 363 23 06 30  -0.441   0.272   0.589   0.786
 91 363 23 07 30  -0.436   0.288   0.590   0.789
 91 363 23 08 30  -0.452   0.305   0.573   0.791
 91 363 23 09 30  -0.406   0.366   0.570   0.792
 91 363 23 10 30  -0.412   0.338   0.581   0.792
 91 363 23 11 30  -0.375   0.203   0.700   0.820
 91 363 23 12 30  -0.408   0.239   0.674   0.825
 91 363 23 13 30  -0.486   0.274   0.609   0.827
 91 363 23 14 30  -0.500   0.334   0.571   0.831
 91 363 23 15 30  -0.420   0.320   0.642   0.834
 91 363 23 16 30  -0.400   0.279   0.679   0.838
 91 363 23 17 30  -0.442   0.279   0.648   0.835
 91 363 23 18 30  -0.441   0.319   0.638   0.840
 91 363 23 19 30  -0.467   0.320   0.618   0.839
 91 363 23 20 30  -0.466   0.328   0.615   0.840
 91 363 23 21 30  -0.442   0.350   0.632   0.848
 91 363 23 22 30  -0.485   0.348   0.612   0.855
 91 363 23 23 30  -0.488   0.354   0.605   0.854
 91 363 23 24 30  -0.495   0.364   0.600   0.859
 91 363 23 25 30  -0.491   0.367   0.606   0.862
 91 363 23 26 30  -0.468   0.367   0.625   0.863
 91 363 23 27 30  -0.469   0.375   0.620   0.863
 91 363 23 28 30  -0.471   0.380   0.607   0.857
 91 363 23 29 30  -0.478   0.387   0.598   0.858
 91 363 23 30 30  -0.485   0.396   0.591   0.861
 91 363 23 31 30  -0.493   0.390   0.591   0.863
 91 363 23 32 30  -0.495   0.391   0.587   0.862
 91 363 23 33 30  -0.489   0.413   0.568   0.856
 91 363 23 34 30  -0.480   0.411   0.569   0.851
 91 363 23 35 30  -0.500   0.406   0.551   0.848
 91 363 23 36 30  -0.490   0.429   0.540   0.847
 91 363 23 37 30  -0.470   0.438   0.554   0.849
 91 363 23 38 30  -0.474   0.440   0.551   0.849
 91 363 23 39 30  -0.458   0.449   0.560   0.852
 91 363 23 40 30  -0.426   0.435   0.598   0.854
 91 363 23 41 30  -0.434   0.438   0.596   0.857
 91 363 23 42 30  -0.435   0.445   0.590   0.858
 91 363 23 43 30  -0.415   0.443   0.603   0.856
 91 363 23 44 30  -0.437   0.453   0.576   0.854
 91 363 23 45 30  -0.428   0.465   0.572   0.853
 91 363 23 46 30  -0.435   0.473   0.566   0.857
 91 363 23 47 30  -0.433   0.473   0.565   0.856
 91 363 23 48 30  -0.439   0.493   0.543   0.855
 91 363 23 49 30  -0.420   0.491   0.559   0.854
 91 363 23 54 30  -0.420   0.511   0.503   0.831
 91 363 23 55 30  -0.448   0.502   0.490   0.833
 91 363 23 56 30  -0.486   0.490   0.462   0.834
 91 363 23 57 30  -0.568   0.455   0.362   0.822
 91 363 23 58 30  -0.519   0.470   0.437   0.826
 91 363 23 59 30  -0.449   0.489   0.516   0.844
