 91 364 00 00 30  -0.405   0.498   0.559   0.851
 91 364 00 01 30  -0.394   0.510   0.555   0.850
 91 364 00 02 30  -0.377   0.520   0.558   0.851
 91 364 00 03 30  -0.385   0.527   0.542   0.848
 91 364 00 04 30  -0.404   0.553   0.503   0.851
 91 364 00 05 30  -0.415   0.534   0.512   0.849
 91 364 00 06 30  -0.428   0.503   0.532   0.849
 91 364 00 07 30  -0.451   0.446   0.557   0.848
 91 364 00 08 30  -0.412   0.551   0.477   0.846
 91 364 00 09 30  -0.397   0.595   0.437   0.841
 91 364 00 10 30  -0.397   0.507   0.529   0.842
 91 364 00 11 30  -0.479   0.443   0.537   0.846
 91 364 00 12 30  -0.469   0.444   0.545   0.846
 91 364 00 13 30  -0.433   0.447   0.568   0.843
 91 364 00 14 30  -0.474   0.469   0.511   0.841
 91 364 00 15 30  -0.506   0.480   0.462   0.837
 91 364 00 16 30  -0.497   0.492   0.464   0.840
 91 364 00 17 30  -0.474   0.489   0.498   0.844
 91 364 00 18 30  -0.429   0.507   0.524   0.846
 91 364 00 19 30  -0.411   0.482   0.556   0.845
 91 364 00 20 30  -0.461   0.537   0.432   0.837
 91 364 00 21 30  -0.438   0.506   0.506   0.841
 91 364 00 22 30  -0.541   0.487   0.399   0.838
 91 364 00 23 30  -0.459   0.490   0.482   0.828
 91 364 00 24 30  -0.535   0.447   0.415   0.813
 91 364 00 25 30  -0.210   0.470   0.630   0.828
 91 364 00 26 30  -0.142   0.415   0.720   0.845
 91 364 00 27 30  -0.156   0.448   0.700   0.846
 91 364 00 28 30  -0.171   0.425   0.707   0.843
 91 364 00 29 30  -0.179   0.417   0.715   0.848
 91 364 00 30 30  -0.180   0.388   0.729   0.846
 91 364 00 31 30  -0.163   0.383   0.744   0.855
 91 364 00 32 30  -0.149   0.401   0.749   0.863
 91 364 00 33 30  -0.157   0.395   0.744   0.857
 91 364 00 34 30  -0.174   0.446   0.714   0.860
 91 364 00 35 30  -0.177   0.395   0.747   0.864
 91 364 00 36 30  -0.154   0.377   0.765   0.867
 91 364 00 37 30  -0.104   0.361   0.781   0.892
 91 364 00 38 30  -0.143   0.363   0.774   0.868
 91 364 00 39 30  -0.207   0.413   0.731   0.865
 91 364 00 40 30  -0.183   0.370   0.762   0.867
 91 364 00 41 30  -0.187   0.371   0.762   0.868
 91 364 00 42 30  -0.183   0.371   0.761   0.866
 91 364 00 43 30  -0.197   0.371   0.749   0.859
 91 364 00 44 30  -0.185   0.369   0.752   0.858
 91 364 00 45 30  -0.206   0.374   0.736   0.851
 91 364 00 46 30  -0.202   0.370   0.734   0.847
 91 364 00 47 30  -0.207   0.375   0.729   0.846
 91 364 00 48 30  -0.202   0.354   0.744   0.849
 91 364 00 49 30  -0.209   0.379   0.729   0.849
 91 364 00 50 30  -0.185   0.415   0.716   0.849
 91 364 00 51 30  -0.217   0.407   0.718   0.854
 91 364 00 52 30  -0.239   0.388   0.724   0.856
 91 364 00 53 30  -0.239   0.385   0.722   0.853
 91 364 00 54 30  -0.271   0.342   0.733   0.853
 91 364 00 55 30  -0.261   0.317   0.749   0.855
 91 364 00 56 30  -0.262   0.320   0.749   0.856
 91 364 00 57 30  -0.241   0.354   0.740   0.855
 91 364 00 58 30  -0.211   0.385   0.728   0.851
 91 364 00 59 30  -0.193   0.383   0.730   0.847
 91 364 01 00 30  -0.180   0.413   0.716   0.847
 91 364 01 01 30  -0.178   0.394   0.721   0.842
 91 364 01 02 30  -0.187   0.353   0.737   0.839
 91 364 01 03 30  -0.200   0.338   0.734   0.833
 91 364 01 04 30  -0.182   0.336   0.743   0.835
 91 364 01 05 30  -0.204   0.317   0.752   0.841
 91 364 01 06 30  -0.210   0.317   0.744   0.836
 91 364 01 07 30  -0.182   0.285   0.764   0.836
 91 364 01 08 30  -0.143   0.286   0.776   0.841
 91 364 01 09 30  -0.145   0.218   0.792   0.838
 91 364 01 10 30  -0.238   0.296   0.740   0.832
 91 364 01 11 30  -0.208   0.265   0.763   0.835
 91 364 01 12 30  -0.229   0.236   0.763   0.831
 91 364 01 13 30  -0.213   0.242   0.766   0.832
 91 364 01 14 30  -0.209   0.247   0.774   0.839
 91 364 01 15 30  -0.235   0.279   0.758   0.841
 91 364 01 16 30  -0.208   0.289   0.761   0.840
 91 364 01 17 30  -0.216   0.302   0.754   0.841
 91 364 01 18 30  -0.218   0.298   0.755   0.841
 91 364 01 19 30  -0.226   0.299   0.754   0.842
 91 364 01 20 30  -0.242   0.289   0.750   0.840
 91 364 01 21 30  -0.242   0.296   0.748   0.840
 91 364 01 22 30  -0.341   0.235   0.716   0.830
 91 364 01 23 30  -0.401   0.214   0.684   0.822
 91 364 01 24 30  -0.399   0.215   0.669   0.815
 91 364 01 25 30  -0.405   0.140   0.686   0.812
 91 364 01 26 30  -0.404   0.127   0.690   0.811
 91 364 01 27 30  -0.400   0.125   0.703   0.819
 91 364 01 28 30  -0.389   0.100   0.710   0.817
 91 364 01 29 30  -0.340   0.072   0.735   0.814
 91 364 01 30 30  -0.541  -0.049   0.587   0.808
 91 364 01 31 30  -0.541   0.024   0.578   0.814
 91 364 01 32 30  -0.399   0.237   0.659   0.807
 91 364 01 33 30  -0.378   0.240   0.671   0.807
 91 364 01 34 30  -0.370   0.289   0.655   0.806
 91 364 01 35 30  -0.370   0.219   0.685   0.811
 91 364 01 36 30  -0.363   0.154   0.699   0.804
 91 364 01 37 30  -0.387   0.157   0.684   0.803
 91 364 01 38 30  -0.360   0.168   0.699   0.806
 91 364 01 39 30  -0.402   0.176   0.667   0.800
 91 364 01 40 30  -0.397   0.245   0.657   0.807
 91 364 01 41 30  -0.287   0.237   0.718   0.811
 91 364 01 42 30  -0.262   0.219   0.729   0.806
 91 364 01 43 30  -0.277   0.240   0.712   0.802
 91 364 01 44 30  -0.271   0.211   0.715   0.794
 91 364 01 45 30  -0.242   0.207   0.723   0.790
 91 364 01 46 30  -0.216   0.208   0.730   0.790
 91 364 01 47 30  -0.272   0.221   0.710   0.794
 91 364 01 48 30  -0.324   0.203   0.706   0.804
 91 364 01 49 30  -0.325   0.228   0.693   0.802
 91 364 01 50 30  -0.336   0.229   0.678   0.794
 91 364 01 51 30  -0.329   0.188   0.675   0.790
 91 364 01 52 30  -0.182   0.334   0.697   0.808
 91 364 01 53 30  -0.322   0.239   0.695   0.805
 91 364 01 54 30  -0.263   0.231   0.716   0.801
 91 364 01 55 30  -0.323   0.198   0.708   0.805
 91 364 01 56 30  -0.262   0.212   0.731   0.807
 91 364 01 57 30  -0.178   0.349   0.706   0.809
 91 364 01 58 30  -0.223   0.330   0.706   0.812
 91 364 01 59 30  -0.161   0.373   0.708   0.817
 91 364 02 00 30  -0.175   0.377   0.702   0.817
 91 364 02 01 30  -0.231   0.329   0.697   0.814
 91 364 02 02 30  -0.438   0.174   0.644   0.800
 91 364 02 03 30  -0.376   0.213   0.679   0.809
 91 364 02 04 30  -0.396   0.191   0.676   0.808
 91 364 02 05 30  -0.491   0.100   0.621   0.801
 91 364 02 06 30  -0.506   0.078   0.615   0.801
 91 364 02 07 30  -0.525   0.045   0.595   0.796
 91 364 02 08 30  -0.528  -0.007   0.603   0.803
 91 364 02 09 30  -0.398   0.208   0.659   0.809
 91 364 02 10 30  -0.178   0.448   0.660   0.826
 91 364 02 11 30  -0.352   0.293   0.635   0.809
 91 364 02 12 30  -0.422   0.203   0.646   0.800
 91 364 02 13 30  -0.380   0.227   0.666   0.805
 91 364 02 14 30  -0.445   0.207   0.616   0.794
 91 364 02 15 30  -0.441   0.192   0.630   0.795
 91 364 02 16 30  -0.416   0.187   0.651   0.799
 91 364 02 17 30  -0.369   0.191   0.688   0.805
 91 364 02 18 30  -0.332   0.204   0.698   0.801
 91 364 02 19 30  -0.315   0.200   0.704   0.797
 91 364 02 20 30  -0.345   0.180   0.693   0.796
 91 364 02 21 30  -0.415   0.134   0.660   0.792
 91 364 02 22 30  -0.436   0.232   0.620   0.797
 91 364 02 23 30  -0.317   0.180   0.704   0.795
 91 364 02 24 30  -0.327   0.177   0.700   0.795
 91 364 02 25 30  -0.302   0.208   0.706   0.798
 91 364 02 26 30  -0.420   0.173   0.633   0.783
 91 364 02 27 30  -0.351   0.250   0.651   0.783
 91 364 02 28 30  -0.338   0.284   0.642   0.781
 91 364 02 29 30  -0.366   0.243   0.653   0.788
 91 364 02 30 30  -0.337   0.282   0.647   0.785
 91 364 02 31 30  -0.384   0.161   0.657   0.780
 91 364 02 32 30  -0.275   0.200   0.716   0.795
 91 364 02 33 30  -0.282   0.194   0.719   0.798
 91 364 02 34 30  -0.384   0.179   0.657   0.784
 91 364 02 35 30  -0.352   0.209   0.664   0.782
 91 364 02 36 30  -0.386   0.179   0.665   0.790
 91 364 02 37 30  -0.349   0.189   0.669   0.780
 91 364 02 38 30  -0.412   0.168   0.625   0.776
 91 364 02 39 30  -0.359   0.125   0.666   0.771
 91 364 02 40 30  -0.395   0.399   0.533   0.779
 91 364 02 41 30  -0.370   0.248   0.652   0.792
 91 364 02 42 30  -0.473   0.287   0.554   0.788
 91 364 02 43 30  -0.476   0.247   0.589   0.798
 91 364 02 44 30  -0.444   0.174   0.635   0.795
 91 364 02 45 30  -0.496   0.103   0.605   0.790
 91 364 02 46 30  -0.501   0.091   0.594   0.783
 91 364 02 47 30  -0.535   0.086   0.571   0.788
 91 364 02 48 30  -0.548   0.075   0.572   0.797
 91 364 02 49 30  -0.534   0.040   0.595   0.801
 91 364 02 50 30  -0.522   0.017   0.596   0.794
 91 364 02 51 30  -0.499   0.068   0.624   0.804
 91 364 02 52 30  -0.475   0.094   0.637   0.803
 91 364 02 53 30  -0.455   0.086   0.653   0.801
 91 364 02 54 30  -0.457   0.038   0.653   0.799
 91 364 02 55 30  -0.425   0.049   0.666   0.793
 91 364 02 56 30  -0.441   0.021   0.650   0.787
 91 364 02 57 30  -0.390   0.051   0.673   0.780
 91 364 02 58 30  -0.346   0.148   0.681   0.779
 91 364 02 59 30  -0.393   0.110   0.653   0.772
 91 364 03 00 30  -0.392   0.118   0.673   0.788
 91 364 03 01 30  -0.370   0.122   0.674   0.778
 91 364 03 02 30  -0.353   0.138   0.673   0.775
 91 364 03 03 30  -0.342   0.189   0.681   0.786
 91 364 03 04 30  -0.353   0.185   0.678   0.787
 91 364 03 05 30  -0.345   0.170   0.682   0.784
 91 364 03 06 30  -0.361   0.202   0.664   0.784
 91 364 03 07 30  -0.370   0.182   0.674   0.790
 91 364 03 08 30  -0.342   0.248   0.678   0.800
 91 364 03 09 30  -0.315   0.222   0.691   0.792
 91 364 03 10 30  -0.361   0.291   0.642   0.796
 91 364 03 11 30  -0.418   0.238   0.631   0.797
 91 364 03 12 30  -0.454   0.270   0.603   0.804
 91 364 03 13 30  -0.464   0.246   0.612   0.812
 91 364 03 14 30  -0.458   0.291   0.577   0.805
 91 364 03 15 30  -0.468   0.234   0.615   0.810
 91 364 03 16 30  -0.450   0.231   0.633   0.811
 91 364 03 17 30  -0.447   0.270   0.630   0.818
 91 364 03 18 30  -0.448   0.250   0.638   0.819
 91 364 03 19 30  -0.455   0.260   0.621   0.812
 91 364 03 20 30  -0.432   0.231   0.638   0.805
 91 364 03 21 30  -0.443   0.228   0.636   0.808
 91 364 03 22 30  -0.430   0.233   0.655   0.817
 91 364 03 23 30  -0.416   0.202   0.667   0.812
 91 364 03 24 30  -0.421   0.211   0.657   0.808
 91 364 03 25 30  -0.422   0.222   0.661   0.815
 91 364 03 26 30  -0.416   0.222   0.675   0.824
 91 364 03 27 30  -0.422   0.218   0.668   0.820
 91 364 03 28 30  -0.410   0.254   0.666   0.823
 91 364 03 29 30  -0.437   0.204   0.670   0.826
 91 364 03 30 30  -0.412   0.223   0.686   0.831
 91 364 03 31 30  -0.376   0.190   0.710   0.826
 91 364 03 32 30  -0.383   0.199   0.707   0.829
 91 364 03 33 30  -0.374   0.222   0.706   0.829
 91 364 03 34 30  -0.427   0.211   0.673   0.825
 91 364 03 35 30  -0.435   0.230   0.662   0.826
 91 364 03 36 30  -0.458   0.220   0.656   0.830
 91 364 03 37 30  -0.463   0.190   0.667   0.835
 91 364 03 38 30  -0.502   0.132   0.655   0.836
 91 364 03 39 30  -0.510   0.141   0.637   0.830
 91 364 03 40 30  -0.413   0.171   0.682   0.816
 91 364 03 41 30  -0.408   0.141   0.688   0.813
 91 364 03 42 30  -0.462   0.168   0.649   0.816
 91 364 03 43 30  -0.449   0.148   0.687   0.834
 91 364 03 44 30  -0.451   0.136   0.680   0.827
 91 364 03 45 30  -0.429   0.134   0.695   0.828
 91 364 03 46 30  -0.420   0.120   0.692   0.819
 91 364 03 47 30  -0.428   0.118   0.687   0.819
 91 364 03 48 30  -0.453   0.136   0.663   0.815
 91 364 03 49 30  -0.414   0.127   0.692   0.818
 91 364 03 50 30  -0.464   0.111   0.665   0.819
 91 364 03 51 30  -0.464   0.090   0.666   0.817
 91 364 03 52 30  -0.430   0.058   0.690   0.816
 91 364 03 53 30  -0.425   0.062   0.698   0.820
 91 364 03 54 30  -0.404   0.045   0.706   0.816
 91 364 03 55 30  -0.382   0.065   0.715   0.813
 91 364 03 56 30  -0.373   0.019   0.721   0.812
 91 364 03 57 30  -0.374  -0.021   0.706   0.803
 91 364 03 58 30  -0.340   0.012   0.708   0.807
 91 364 03 59 30  -0.204   0.245   0.739   0.807
 91 364 04 00 30  -0.269   0.113   0.730   0.788
 91 364 04 01 30  -0.312  -0.029   0.729   0.795
 91 364 04 02 30  -0.304   0.003   0.745   0.806
 91 364 04 03 30  -0.304   0.002   0.749   0.812
 91 364 04 04 30  -0.294   0.131   0.739   0.809
 91 364 04 05 30  -0.246   0.185   0.747   0.810
 91 364 04 06 30  -0.317   0.059   0.742   0.811
 91 364 04 07 30  -0.317   0.069   0.752   0.819
 91 364 04 08 30  -0.295   0.082   0.756   0.816
 91 364 04 09 30  -0.298   0.097   0.757   0.820
 91 364 04 10 30  -0.267   0.097   0.767   0.818
 91 364 04 11 30  -0.270   0.143   0.758   0.819
 91 364 04 12 30  -0.271   0.113   0.761   0.817
 91 364 04 13 30  -0.276   0.082   0.760   0.814
 91 364 04 14 30  -0.256   0.150   0.762   0.819
 91 364 04 15 30  -0.291   0.135   0.756   0.822
 91 364 04 16 30  -0.283   0.147   0.751   0.816
 91 364 04 17 30  -0.315   0.116   0.745   0.818
 91 364 04 18 30  -0.308   0.139   0.740   0.815
 91 364 04 19 30  -0.338   0.179   0.724   0.820
 91 364 04 20 30  -0.331   0.172   0.728   0.818
 91 364 04 21 30  -0.330   0.133   0.738   0.820
 91 364 04 22 30  -0.330   0.129   0.741   0.822
 91 364 04 23 30  -0.307   0.104   0.753   0.820
 91 364 04 24 30  -0.299   0.131   0.750   0.820
 91 364 04 25 30  -0.269   0.168   0.756   0.821
 91 364 04 26 30  -0.322   0.224   0.721   0.822
 91 364 04 27 30  -0.320   0.222   0.727   0.825
 91 364 04 28 30  -0.322   0.169   0.735   0.820
 91 364 04 29 30  -0.333   0.176   0.725   0.819
 91 364 04 30 30  -0.335   0.241   0.706   0.822
 91 364 04 31 30  -0.330   0.161   0.731   0.819
 91 364 04 32 30  -0.286   0.160   0.744   0.813
 91 364 04 33 30  -0.333   0.225   0.707   0.814
 91 364 04 34 30  -0.344   0.226   0.708   0.820
 91 364 04 35 30  -0.290   0.156   0.744   0.819
 91 364 04 36 30  -0.279   0.102   0.766   0.822
 91 364 04 37 30  -0.357   0.213   0.702   0.817
 91 364 04 38 30  -0.316   0.136   0.740   0.817
 91 364 04 39 30  -0.290   0.121   0.751   0.815
 91 364 04 40 30  -0.305   0.133   0.743   0.816
 91 364 04 41 30  -0.342   0.151   0.720   0.815
 91 364 04 42 30  -0.304   0.154   0.739   0.815
 91 364 04 43 30  -0.312   0.154   0.740   0.818
 91 364 04 44 30  -0.273   0.162   0.755   0.820
 91 364 04 45 30  -0.295   0.164   0.746   0.820
 91 364 04 46 30  -0.319   0.154   0.734   0.816
 91 364 04 47 30  -0.353   0.186   0.713   0.817
 91 364 04 48 30  -0.362   0.192   0.713   0.822
 91 364 04 49 30  -0.364   0.209   0.702   0.818
 91 364 04 50 30  -0.364   0.201   0.706   0.819
 91 364 04 51 30  -0.370   0.189   0.706   0.820
 91 364 04 52 30  -0.362   0.207   0.707   0.821
 91 364 04 53 30  -0.392   0.202   0.688   0.818
 91 364 04 54 30  -0.399   0.216   0.678   0.816
 91 364 04 55 30  -0.405   0.209   0.678   0.818
 91 364 04 56 30  -0.428   0.211   0.666   0.819
 91 364 04 57 30  -0.430   0.211   0.676   0.828
 91 364 04 58 30  -0.452   0.162   0.669   0.824
 91 364 04 59 30  -0.449   0.173   0.664   0.821
 91 364 05 00 30  -0.432   0.165   0.678   0.821
 91 364 05 01 30  -0.439   0.192   0.675   0.828
 91 364 05 02 30  -0.439   0.186   0.676   0.828
 91 364 05 03 30  -0.413   0.181   0.684   0.819
 91 364 05 04 30  -0.428   0.189   0.685   0.829
 91 364 05 05 30  -0.428   0.160   0.700   0.836
 91 364 05 06 30  -0.432   0.152   0.698   0.835
 91 364 05 07 30  -0.434   0.148   0.698   0.835
 91 364 05 08 30  -0.430   0.154   0.703   0.838
 91 364 05 09 30  -0.408   0.168   0.716   0.841
 91 364 05 10 30  -0.418   0.176   0.712   0.844
 91 364 05 11 30  -0.432   0.168   0.706   0.844
 91 364 05 12 30  -0.444   0.166   0.700   0.846
 91 364 05 13 30  -0.445   0.189   0.697   0.848
 91 364 05 14 30  -0.470   0.162   0.687   0.848
 91 364 05 15 30  -0.452   0.154   0.705   0.851
 91 364 05 16 30  -0.436   0.149   0.714   0.850
 91 364 05 17 30  -0.488   0.242   0.654   0.851
 91 364 05 18 30  -0.449   0.196   0.691   0.850
 91 364 05 19 30  -0.444   0.187   0.700   0.852
 91 364 05 20 30  -0.455   0.252   0.672   0.851
 91 364 05 21 30  -0.460   0.224   0.686   0.857
 91 364 05 22 30  -0.482   0.232   0.670   0.858
 91 364 05 23 30  -0.467   0.217   0.684   0.857
 91 364 05 24 30  -0.471   0.208   0.686   0.858
 91 364 05 25 30  -0.469   0.225   0.685   0.861
 91 364 05 26 30  -0.465   0.231   0.688   0.863
 91 364 05 27 30  -0.523   0.269   0.629   0.862
 91 364 05 28 30  -0.485   0.327   0.634   0.864
 91 364 05 29 30  -0.473   0.269   0.673   0.866
 91 364 05 30 30  -0.445   0.272   0.684   0.860
 91 364 05 31 30  -0.438   0.285   0.682   0.860
 91 364 05 32 30  -0.457   0.327   0.656   0.864
 91 364 05 33 30  -0.476   0.324   0.645   0.865
 91 364 05 34 30  -0.471   0.343   0.639   0.865
 91 364 05 35 30  -0.466   0.363   0.625   0.860
 91 364 05 36 30  -0.480   0.338   0.634   0.865
 91 364 05 37 30  -0.495   0.391   0.594   0.867
 91 364 05 38 30  -0.484   0.428   0.577   0.867
 91 364 05 39 30  -0.491   0.375   0.606   0.868
 91 364 05 40 30  -0.518   0.376   0.591   0.872
 91 364 05 41 30  -0.523   0.326   0.621   0.876
 91 364 05 42 30  -0.510   0.137   0.684   0.869
 91 364 05 43 30  -0.440  -0.035   0.725   0.850
 91 364 05 44 30  -0.435  -0.123   0.718   0.849
 91 364 05 45 30  -0.402  -0.178   0.724   0.849
 91 364 05 46 30  -0.446  -0.037   0.706   0.849
 91 364 05 47 30  -0.496   0.140   0.683   0.856
 91 364 05 48 30  -0.484   0.238   0.670   0.865
 91 364 05 49 30  -0.476   0.435   0.580   0.868
 91 364 05 50 30  -0.493   0.430   0.562   0.863
 91 364 05 51 30  -0.495   0.390   0.579   0.859
 91 364 05 52 30  -0.524   0.309   0.597   0.853
 91 364 05 53 30  -0.538   0.406   0.523   0.856
 91 364 05 54 30  -0.536   0.355   0.553   0.849
 91 364 05 55 30  -0.526   0.402   0.531   0.850
 91 364 05 56 30  -0.517   0.367   0.568   0.853
 91 364 05 57 30  -0.521   0.331   0.589   0.853
 91 364 05 58 30  -0.515   0.357   0.575   0.851
 91 364 05 59 30  -0.494   0.380   0.576   0.849
 91 364 06 00 30  -0.494   0.389   0.567   0.847
 91 364 06 01 30  -0.510   0.379   0.553   0.843
 91 364 06 02 30  -0.485   0.404   0.554   0.840
 91 364 06 03 30  -0.504   0.393   0.537   0.836
 91 364 06 04 30  -0.478   0.463   0.515   0.842
 91 364 06 05 30  -0.472   0.467   0.513   0.839
 91 364 06 06 30  -0.466   0.472   0.513   0.838
 91 364 06 07 30  -0.467   0.456   0.524   0.837
 91 364 06 08 30  -0.456   0.489   0.496   0.833
 91 364 06 11 30  -0.441   0.488   0.507   0.834
 91 364 06 12 30  -0.462   0.441   0.526   0.831
 91 364 06 13 30  -0.451   0.441   0.544   0.834
 91 364 06 14 30  -0.483   0.436   0.556   0.856
 91 364 06 15 30  -0.470   0.456   0.554   0.857
 91 364 06 16 30  -0.469   0.461   0.562   0.866
 91 364 06 21 30  -0.485   0.401   0.593   0.865
 91 364 06 22 30  -0.475   0.394   0.597   0.860
 91 364 06 23 30  -0.492   0.389   0.586   0.860
 91 364 06 24 30  -0.522   0.394   0.548   0.855
 91 364 06 25 30  -0.498   0.415   0.559   0.856
 91 364 06 26 30  -0.493   0.427   0.565   0.863
 91 364 06 27 30  -0.462   0.450   0.575   0.864
 91 364 06 28 30  -0.461   0.444   0.581   0.864
 91 364 06 29 30  -0.486   0.432   0.569   0.864
 91 364 06 30 30  -0.528   0.415   0.546   0.865
 91 364 06 31 30  -0.535   0.420   0.551   0.876
 91 364 06 32 30  -0.517   0.439   0.562   0.881
 91 364 06 33 30  -0.421   0.437   0.660   0.898
 91 364 06 34 30  -0.393   0.475   0.636   0.887
 91 364 06 35 30  -0.381   0.477   0.654   0.895
 91 364 06 36 30  -0.423   0.515   0.597   0.895
 91 364 06 37 30  -0.443   0.494   0.587   0.887
 91 364 06 38 30  -0.434   0.458   0.600   0.871
 91 364 06 39 30  -0.459   0.486   0.534   0.856
 91 364 06 40 30  -0.499   0.489   0.496   0.857
 91 364 06 41 30  -0.428   0.446   0.605   0.872
 91 364 06 42 30  -0.298   0.400   0.723   0.879
 91 364 06 43 30  -0.269   0.375   0.756   0.886
 91 364 06 44 30  -0.239   0.373   0.770   0.889
 91 364 06 45 30  -0.265   0.424   0.734   0.888
 91 364 06 46 30  -0.229   0.366   0.781   0.893
 91 364 06 47 30  -0.183   0.292   0.831   0.901
 91 364 06 48 30  -0.198   0.299   0.821   0.903
 91 364 06 49 30  -0.261   0.389   0.767   0.900
 91 364 06 50 30  -0.284   0.421   0.732   0.892
 91 364 06 51 30  -0.361   0.461   0.688   0.904
 91 364 06 52 30  -0.412   0.489   0.660   0.920
 91 364 06 53 30  -0.419   0.511   0.632   0.914
 91 364 06 54 30  -0.427   0.514   0.621   0.912
 91 364 06 55 30  -0.443   0.527   0.601   0.914
 91 364 06 56 30  -0.452   0.544   0.589   0.920
 91 364 06 57 30  -0.444   0.534   0.609   0.924
 91 364 06 58 30  -0.459   0.555   0.570   0.919
 91 364 06 59 30  -0.457   0.543   0.575   0.913
 91 364 07 00 30  -0.457   0.547   0.570   0.913
 91 364 07 01 30  -0.462   0.540   0.586   0.921
 91 364 07 02 30  -0.488   0.565   0.552   0.930
 91 364 07 03 30  -0.501   0.554   0.519   0.913
 91 364 07 04 30  -0.329   0.402   0.682   0.861
 91 364 07 05 30  -0.059   0.119   0.817   0.855
 91 364 07 06 30   0.009   0.045   0.849   0.850
 91 364 07 07 30  -0.020   0.049   0.841   0.843
 91 364 07 08 30  -0.019   0.046   0.850   0.852
 91 364 07 09 30   0.067   0.084   0.846   0.864
 91 364 07 10 30   0.035   0.032   0.864   0.866
 91 364 07 11 30   0.101  -0.017   0.856   0.865
 91 364 07 12 30   0.086  -0.039   0.857   0.862
 91 364 07 13 30   0.078  -0.053   0.857   0.862
 91 364 07 14 30   0.091  -0.073   0.852   0.860
 91 364 07 15 30   0.053  -0.070   0.853   0.858
 91 364 07 16 30   0.062  -0.051   0.845   0.849
 91 364 07 17 30   0.055  -0.040   0.843   0.848
 91 364 07 18 30  -0.026  -0.034   0.850   0.852
 91 364 07 19 30  -0.036  -0.044   0.850   0.852
 91 364 07 20 30  -0.013  -0.046   0.845   0.847
 91 364 07 21 30  -0.005  -0.052   0.845   0.847
 91 364 07 22 30   0.020  -0.054   0.837   0.840
 91 364 07 23 30   0.020  -0.040   0.834   0.835
 91 364 07 24 30   0.022  -0.049   0.831   0.833
 91 364 07 25 30   0.005  -0.031   0.832   0.833
 91 364 07 26 30   0.036  -0.002   0.833   0.834
 91 364 07 27 30   0.022   0.002   0.832   0.833
 91 364 07 28 30   0.024  -0.005   0.834   0.835
 91 364 07 29 30   0.041  -0.060   0.831   0.834
 91 364 07 30 30   0.062  -0.149   0.822   0.839
 91 364 07 31 30   0.038  -0.114   0.829   0.839
 91 364 07 32 30   0.031  -0.093   0.834   0.840
 91 364 07 33 30   0.034  -0.082   0.832   0.837
 91 364 07 34 30   0.050  -0.045   0.831   0.834
 91 364 07 35 30   0.065  -0.034   0.829   0.833
 91 364 07 36 30   0.075  -0.171   0.803   0.827
 91 364 07 37 30   0.064  -0.229   0.790   0.826
 91 364 07 38 30   0.076  -0.227   0.796   0.832
 91 364 07 39 30   0.091  -0.203   0.795   0.827
 91 364 07 40 30   0.070  -0.292   0.768   0.825
 91 364 07 41 30   0.067  -0.248   0.775   0.820
 91 364 07 42 30   0.067  -0.196   0.783   0.810
 91 364 07 43 30   0.084  -0.170   0.792   0.815
 91 364 07 44 30   0.079  -0.132   0.793   0.808
 91 364 07 45 30   0.080  -0.130   0.792   0.807
 91 364 07 46 30   0.078  -0.167   0.787   0.808
 91 364 07 47 30   0.042  -0.237   0.769   0.808
 91 364 07 48 30   0.003  -0.221   0.781   0.813
 91 364 07 49 30  -0.019  -0.225   0.781   0.814
 91 364 07 50 30   0.051  -0.210   0.781   0.811
 91 364 07 51 30   0.083  -0.145   0.787   0.806
 91 364 07 52 30   0.086  -0.123   0.788   0.802
 91 364 07 53 30   0.070  -0.155   0.787   0.807
 91 364 07 54 30   0.083  -0.126   0.794   0.811
 91 364 07 55 30   0.097  -0.147   0.792   0.814
 91 364 07 56 30   0.068  -0.146   0.813   0.831
 91 364 07 57 30   0.144   0.050   0.818   0.838
 91 364 07 58 30   0.178   0.154   0.792   0.827
 91 364 07 59 30   0.127  -0.031   0.807   0.827
 91 364 08 00 30   0.064  -0.045   0.830   0.835
 91 364 08 01 30   0.107  -0.022   0.823   0.833
 91 364 08 02 30   0.124   0.054   0.822   0.836
 91 364 08 03 30   0.137   0.075   0.823   0.838
 91 364 08 04 30   0.082   0.131   0.822   0.837
 91 364 08 05 30   0.080   0.122   0.816   0.830
 91 364 08 06 30  -0.022   0.097   0.813   0.821
 91 364 08 07 30  -0.001   0.103   0.829   0.836
 91 364 08 08 30   0.035   0.097   0.839   0.846
 91 364 08 09 30   0.050   0.117   0.838   0.848
 91 364 08 10 30   0.036   0.104   0.840   0.848
 91 364 08 11 30   0.019   0.137   0.829   0.841
 91 364 08 12 30   0.052   0.139   0.824   0.838
 91 364 08 13 30   0.088   0.174   0.819   0.843
 91 364 08 14 30   0.117   0.192   0.812   0.843
 91 364 08 15 30   0.072   0.089   0.846   0.855
 91 364 08 16 30   0.061   0.146   0.835   0.851
 91 364 08 17 30   0.042   0.151   0.833   0.848
 91 364 08 18 30   0.080   0.157   0.831   0.851
 91 364 08 19 30   0.108   0.200   0.815   0.846
 91 364 08 20 30   0.108   0.179   0.820   0.846
 91 364 08 21 30   0.094   0.172   0.817   0.841
 91 364 08 22 30   0.088   0.202   0.823   0.853
 91 364 08 23 30   0.091   0.180   0.829   0.854
 91 364 08 24 30   0.066   0.195   0.826   0.852
 91 364 08 25 30   0.152   0.078   0.838   0.857
 91 364 08 26 30   0.152   0.096   0.835   0.856
 91 364 08 27 30   0.159   0.064   0.834   0.854
 91 364 08 28 30   0.145   0.032   0.836   0.852
 91 364 08 29 30   0.076   0.089   0.839   0.848
 91 364 08 30 30   0.059   0.106   0.837   0.848
 91 364 08 31 30   0.111   0.084   0.822   0.841
 91 364 08 32 30   0.103   0.123   0.833   0.850
 91 364 08 33 30   0.082   0.122   0.832   0.846
 91 364 08 34 30   0.053   0.139   0.830   0.844
 91 364 08 35 30   0.014   0.160   0.829   0.845
 91 364 08 36 30   0.000   0.217   0.811   0.840
 91 364 08 37 30  -0.023   0.222   0.808   0.838
 91 364 08 38 30  -0.008   0.193   0.814   0.837
 91 364 08 39 30   0.066   0.145   0.776   0.812
 91 364 08 40 30   0.114   0.149   0.767   0.795
 91 364 08 41 30   0.043   0.245   0.749   0.790
 91 364 08 42 30  -0.005   0.308   0.728   0.792
 91 364 08 43 30  -0.039   0.372   0.706   0.799
 91 364 08 44 30  -0.021   0.327   0.723   0.797
 91 364 08 45 30   0.062   0.195   0.771   0.802
 91 364 08 46 30   0.074   0.246   0.758   0.801
 91 364 08 47 30   0.001   0.294   0.736   0.795
 91 364 08 48 30  -0.115   0.378   0.691   0.800
 91 364 08 49 30  -0.122   0.361   0.696   0.798
 91 364 08 50 30  -0.099   0.327   0.724   0.802
 91 364 08 51 30  -0.112   0.341   0.713   0.799
 91 364 08 52 30  -0.090   0.355   0.706   0.796
 91 364 08 53 30  -0.081   0.355   0.706   0.795
 91 364 08 54 30  -0.102   0.345   0.710   0.797
 91 364 08 55 30  -0.117   0.329   0.710   0.792
 91 364 08 56 30  -0.136   0.376   0.676   0.787
 91 364 08 57 30  -0.112   0.388   0.672   0.785
 91 364 08 58 30  -0.088   0.378   0.681   0.784
 91 364 08 59 30  -0.135   0.388   0.599   0.767
 91 364 09 00 30  -0.349   0.605   0.231   0.737
 91 364 09 01 30  -0.343   0.600   0.236   0.731
 91 364 09 02 30  -0.336   0.541   0.310   0.712
 91 364 09 03 30  -0.259   0.464   0.439   0.695
 91 364 09 04 30  -0.188   0.424   0.468   0.675
 91 364 09 05 30   0.156  -0.012   0.665   0.684
 91 364 09 06 30   0.177  -0.062   0.658   0.684
 91 364 09 07 30   0.141  -0.052   0.663   0.680
 91 364 09 08 30   0.097  -0.011   0.664   0.673
 91 364 09 09 30   0.075   0.056   0.671   0.678
 91 364 09 10 30   0.024   0.093   0.676   0.683
 91 364 09 11 30  -0.012   0.116   0.672   0.685
 91 364 09 12 30  -0.033   0.146   0.667   0.685
 91 364 09 13 30  -0.036   0.179   0.671   0.695
 91 364 09 14 30  -0.015   0.158   0.671   0.690
 91 364 09 15 30   0.000   0.116   0.676   0.686
 91 364 09 16 30  -0.085   0.193   0.652   0.689
 91 364 09 17 30  -0.066   0.211   0.645   0.684
 91 364 09 18 30   0.010   0.142   0.666   0.682
 91 364 09 19 30   0.079   0.064   0.684   0.692
 91 364 09 20 30   0.098   0.027   0.687   0.694
 91 364 09 21 30   0.097   0.063   0.690   0.701
 91 364 09 22 30   0.074   0.116   0.687   0.701
 91 364 09 23 30   0.074   0.100   0.688   0.699
 91 364 09 24 30   0.069   0.143   0.682   0.701
 91 364 09 25 30   0.074   0.127   0.676   0.693
 91 364 09 26 30   0.111   0.051   0.673   0.685
 91 364 09 27 30   0.134   0.056   0.674   0.690
 91 364 09 28 30   0.122   0.068   0.680   0.694
 91 364 09 29 30   0.067   0.141   0.681   0.700
 91 364 09 30 30   0.068   0.160   0.677   0.700
 91 364 09 31 30   0.098   0.133   0.676   0.697
 91 364 09 32 30   0.132   0.100   0.679   0.699
 91 364 09 33 30   0.141   0.090   0.682   0.702
 91 364 09 34 30   0.135   0.046   0.687   0.702
 91 364 09 35 30   0.075   0.113   0.685   0.699
 91 364 09 36 30   0.128   0.091   0.675   0.693
 91 364 09 37 30   0.135   0.079   0.675   0.694
 91 364 09 38 30   0.152   0.059   0.682   0.703
 91 364 09 39 30   0.191   0.029   0.686   0.713
 91 364 09 40 30   0.173   0.034   0.688   0.711
 91 364 09 41 30   0.160   0.052   0.686   0.706
 91 364 09 42 30   0.143   0.063   0.689   0.707
 91 364 09 43 30   0.138   0.062   0.685   0.702
 91 364 09 44 30   0.137   0.062   0.683   0.700
 91 364 09 45 30   0.129   0.063   0.685   0.700
 91 364 09 46 30   0.095   0.074   0.687   0.698
 91 364 09 47 30   0.114   0.092   0.689   0.704
 91 364 09 48 30   0.112   0.102   0.682   0.699
 91 364 09 49 30   0.113   0.097   0.684   0.700
 91 364 09 50 30   0.118   0.092   0.686   0.702
 91 364 09 51 30   0.112   0.092   0.691   0.706
 91 364 09 52 30   0.118   0.093   0.691   0.708
 91 364 09 53 30   0.124   0.101   0.682   0.701
 91 364 09 54 30   0.120   0.099   0.683   0.701
 91 364 09 55 30   0.108   0.110   0.684   0.701
 91 364 09 56 30   0.101   0.108   0.673   0.689
 91 364 09 57 30   0.100   0.116   0.671   0.689
 91 364 09 58 30   0.127   0.169   0.647   0.685
 91 364 09 59 30   0.135   0.140   0.661   0.690
 91 364 10 00 30   0.180   0.135   0.645   0.686
 91 364 10 01 30   0.201   0.162   0.642   0.693
 91 364 10 02 30   0.225   0.155   0.632   0.689
 91 364 10 03 30   0.171   0.141   0.652   0.690
 91 364 10 04 30   0.267   0.117   0.631   0.697
 91 364 10 05 30   0.145   0.185   0.647   0.689
 91 364 10 06 30   0.158   0.169   0.648   0.688
 91 364 10 07 30   0.126   0.187   0.650   0.689
 91 364 10 08 30   0.108   0.224   0.632   0.680
 91 364 10 09 30   0.116   0.204   0.640   0.681
 91 364 10 10 30   0.110   0.196   0.642   0.680
 91 364 10 11 30   0.103   0.167   0.656   0.685
 91 364 10 12 30   0.088   0.225   0.639   0.684
 91 364 10 13 30   0.095   0.219   0.636   0.680
 91 364 10 14 30   0.136   0.175   0.641   0.679
 91 364 10 15 30   0.148   0.183   0.634   0.677
 91 364 10 16 30   0.143   0.153   0.647   0.682
 91 364 10 17 30   0.117   0.110   0.665   0.684
 91 364 10 18 30   0.132   0.125   0.662   0.687
 91 364 10 19 30   0.142   0.147   0.654   0.686
 91 364 10 20 30   0.163   0.158   0.641   0.681
 91 364 10 21 30   0.149   0.137   0.651   0.682
 91 364 10 22 30   0.167   0.142   0.653   0.689
 91 364 10 23 30   0.152   0.155   0.664   0.699
 91 364 10 24 30   0.188   0.155   0.654   0.699
 91 364 10 25 30   0.195   0.169   0.649   0.698
 91 364 10 26 30   0.200   0.142   0.646   0.691
 91 364 10 27 30   0.203   0.145   0.644   0.691
 91 364 10 28 30   0.233   0.158   0.627   0.690
 91 364 10 29 30   0.207   0.124   0.645   0.689
 91 364 10 30 30   0.188   0.127   0.649   0.688
 91 364 10 31 30   0.207   0.138   0.641   0.688
 91 364 10 32 30   0.181   0.144   0.645   0.686
 91 364 10 33 30   0.169   0.128   0.654   0.688
 91 364 10 34 30   0.134   0.126   0.659   0.684
 91 364 10 35 30   0.144   0.129   0.653   0.682
 91 364 10 36 30   0.174   0.136   0.648   0.685
 91 364 10 37 30   0.150   0.124   0.658   0.687
 91 364 10 38 30   0.167   0.108   0.660   0.690
 91 364 10 39 30   0.129   0.110   0.666   0.687
 91 364 10 40 30   0.099   0.113   0.674   0.690
 91 364 10 41 30   0.107   0.104   0.677   0.694
 91 364 10 42 30   0.184   0.087   0.667   0.698
 91 364 10 43 30   0.194   0.080   0.664   0.697
 91 364 10 44 30   0.181   0.108   0.666   0.699
 91 364 10 45 30   0.188   0.128   0.657   0.696
 91 364 10 46 30   0.148   0.092   0.668   0.691
 91 364 10 47 30   0.156   0.092   0.672   0.696
 91 364 10 48 30   0.180   0.106   0.669   0.701
 91 364 10 49 30   0.171   0.088   0.671   0.698
 91 364 10 50 30   0.164   0.081   0.675   0.700
 91 364 10 51 30   0.162   0.073   0.681   0.704
 91 364 10 52 30   0.135   0.083   0.684   0.702
 91 364 10 53 30   0.125   0.103   0.682   0.701
 91 364 10 54 30   0.118   0.107   0.677   0.696
 91 364 10 55 30   0.124   0.117   0.670   0.692
 91 364 10 56 30   0.120   0.126   0.673   0.696
 91 364 10 57 30   0.108   0.136   0.677   0.699
 91 364 10 58 30   0.128   0.124   0.677   0.700
 91 364 10 59 30   0.140   0.102   0.677   0.699
 91 364 11 00 30   0.126   0.098   0.682   0.700
 91 364 11 01 30   0.140   0.111   0.678   0.701
 91 364 11 02 30   0.145   0.109   0.679   0.703
 91 364 11 03 30   0.140   0.101   0.680   0.702
 91 364 11 04 30   0.112   0.088   0.685   0.700
 91 364 11 05 30   0.115   0.082   0.681   0.696
 91 364 11 06 30   0.130   0.078   0.677   0.695
 91 364 11 07 30   0.137   0.078   0.681   0.699
 91 364 11 08 30   0.140   0.080   0.683   0.702
 91 364 11 09 30   0.160   0.080   0.680   0.703
 91 364 11 10 30   0.117   0.046   0.692   0.704
 91 364 11 11 30   0.135   0.084   0.683   0.702
 91 364 11 12 30   0.149   0.079   0.681   0.701
 91 364 11 13 30   0.151   0.082   0.684   0.706
 91 364 11 14 30   0.114   0.019   0.694   0.705
 91 364 11 15 30   0.139   0.029   0.686   0.701
 91 364 11 16 30   0.154   0.039   0.681   0.699
 91 364 11 17 30   0.163   0.065   0.677   0.700
 91 364 11 18 30   0.180   0.106   0.675   0.707
 91 364 11 19 30   0.178   0.109   0.668   0.700
 91 364 11 20 30   0.188   0.109   0.665   0.699
 91 364 11 21 30   0.208   0.121   0.662   0.705
 91 364 11 22 30   0.176   0.083   0.665   0.693
 91 364 11 23 30   0.158   0.060   0.670   0.691
 91 364 11 24 30   0.170   0.081   0.668   0.694
 91 364 11 25 30   0.124   0.083   0.681   0.697
 91 364 11 26 30   0.144   0.084   0.675   0.696
 91 364 11 27 30   0.172   0.105   0.669   0.699
 91 364 11 28 30   0.158   0.091   0.671   0.695
 91 364 11 29 30   0.157   0.081   0.671   0.694
 91 364 11 30 30   0.137   0.093   0.671   0.691
 91 364 11 31 30   0.128   0.106   0.675   0.695
 91 364 11 32 30   0.131   0.117   0.673   0.696
 91 364 11 33 30   0.141   0.106   0.672   0.695
 91 364 11 34 30   0.114   0.084   0.677   0.692
 91 364 11 35 30   0.100   0.093   0.678   0.692
 91 364 11 36 30   0.094   0.101   0.673   0.688
 91 364 11 37 30   0.073   0.093   0.678   0.688
 91 364 11 38 30   0.063   0.076   0.678   0.685
 91 364 11 39 30   0.056   0.073   0.688   0.694
 91 364 11 40 30   0.068   0.083   0.685   0.694
 91 364 11 41 30   0.080   0.088   0.682   0.692
 91 364 11 42 30   0.087   0.076   0.682   0.692
 91 364 11 43 30   0.107   0.080   0.679   0.692
 91 364 11 44 30   0.103   0.086   0.678   0.691
 91 364 11 45 30   0.121   0.083   0.675   0.691
 91 364 11 46 30   0.113   0.097   0.677   0.693
 91 364 11 47 30   0.136   0.081   0.673   0.692
 91 364 11 48 30   0.178   0.053   0.670   0.696
 91 364 11 49 30   0.225   0.055   0.659   0.699
 91 364 11 50 30   0.200   0.063   0.669   0.702
 91 364 11 51 30   0.191   0.079   0.673   0.705
 91 364 11 52 30   0.195   0.089   0.668   0.702
 91 364 11 53 30   0.203   0.076   0.672   0.707
 91 364 11 54 30   0.236   0.020   0.669   0.710
 91 364 11 55 30   0.249   0.038   0.660   0.707
 91 364 11 56 30   0.205   0.131   0.659   0.703
 91 364 11 57 30   0.227   0.101   0.663   0.708
 91 364 11 58 30   0.262   0.019   0.668   0.719
 91 364 11 59 30   0.259  -0.006   0.664   0.714
 91 364 12 00 30   0.242   0.015   0.667   0.710
 91 364 12 01 30   0.219   0.016   0.676   0.711
 91 364 12 02 30   0.202   0.008   0.673   0.703
 91 364 12 03 30   0.199  -0.013   0.672   0.702
 91 364 12 04 30   0.196   0.008   0.670   0.698
 91 364 12 05 30   0.176   0.041   0.673   0.697
 91 364 12 06 30   0.174   0.057   0.671   0.696
 91 364 12 07 30   0.199   0.026   0.672   0.701
 91 364 12 08 30   0.200   0.067   0.663   0.696
 91 364 12 09 30   0.196   0.064   0.663   0.695
 91 364 12 10 30   0.201   0.063   0.672   0.705
 91 364 12 11 30   0.216   0.089   0.661   0.702
 91 364 12 12 30   0.229   0.101   0.662   0.708
 91 364 12 13 30   0.193   0.047   0.664   0.694
 91 364 12 14 30   0.197   0.034   0.654   0.685
 91 364 12 15 30   0.173   0.044   0.660   0.684
 91 364 12 16 30   0.213   0.032   0.655   0.690
 91 364 12 17 30   0.202   0.003   0.656   0.686
 91 364 12 18 30   0.192   0.011   0.660   0.688
 91 364 12 19 30   0.169   0.030   0.674   0.695
 91 364 12 20 30   0.170   0.008   0.672   0.693
 91 364 12 21 30   0.169   0.007   0.671   0.692
 91 364 12 22 30   0.148   0.010   0.669   0.685
 91 364 12 23 30   0.140   0.011   0.675   0.690
 91 364 12 24 30   0.136   0.031   0.681   0.695
 91 364 12 25 30   0.109   0.028   0.683   0.693
 91 364 12 26 30   0.186   0.000   0.667   0.695
 91 364 12 27 30   0.185  -0.009   0.660   0.687
 91 364 12 28 30   0.268  -0.038   0.622   0.692
 91 364 12 29 30   0.261  -0.045   0.631   0.685
 91 364 12 30 30   0.118   0.044   0.668   0.682
 91 364 12 31 30   0.088   0.058   0.674   0.683
 91 364 12 32 30   0.082   0.064   0.672   0.681
 91 364 12 33 30   0.126   0.033   0.668   0.681
 91 364 12 34 30  -0.059   0.172   0.653   0.685
 91 364 12 35 30  -0.101   0.170   0.649   0.683
 91 364 12 36 30  -0.136   0.177   0.647   0.687
 91 364 12 37 30  -0.166   0.185   0.632   0.684
 91 364 12 38 30  -0.264   0.171   0.600   0.678
 91 364 12 39 30  -0.210   0.170   0.622   0.678
 91 364 12 40 30  -0.188   0.148   0.635   0.679
 91 364 12 41 30  -0.093   0.186   0.652   0.688
 91 364 12 42 30  -0.058   0.194   0.652   0.684
 91 364 12 43 30  -0.126   0.187   0.643   0.682
 91 364 12 44 30  -0.113   0.161   0.643   0.679
 91 364 12 45 30   0.042   0.049   0.681   0.685
 91 364 12 46 30   0.066   0.013   0.686   0.690
 91 364 12 47 30   0.076   0.008   0.694   0.698
 91 364 12 48 30   0.084   0.007   0.694   0.700
 91 364 12 49 30   0.101  -0.014   0.692   0.700
 91 364 12 50 30   0.088  -0.004   0.696   0.702
 91 364 12 51 30   0.103   0.005   0.691   0.700
 91 364 12 52 30   0.126   0.038   0.688   0.701
 91 364 12 53 30   0.110   0.034   0.687   0.697
 91 364 12 54 30   0.056   0.006   0.681   0.685
 91 364 12 55 30   0.082   0.021   0.681   0.687
 91 364 12 56 30   0.098   0.017   0.678   0.686
 91 364 12 57 30   0.064   0.010   0.683   0.686
 91 364 12 58 30   0.053   0.023   0.685   0.688
 91 364 12 59 30   0.070   0.022   0.684   0.689
 91 364 13 00 30   0.051   0.011   0.691   0.693
 91 364 13 01 30   0.047   0.026   0.682   0.685
 91 364 13 02 30   0.067   0.041   0.679   0.684
 91 364 13 03 30   0.065   0.041   0.690   0.694
 91 364 13 04 30   0.053   0.024   0.689   0.692
 91 364 13 05 30   0.061   0.040   0.686   0.690
 91 364 13 06 30   0.055   0.015   0.688   0.691
 91 364 13 07 30   0.094   0.049   0.677   0.686
 91 364 13 08 30   0.095   0.050   0.675   0.684
 91 364 13 09 30   0.085   0.036   0.678   0.684
 91 364 13 10 30   0.072   0.023   0.677   0.681
 91 364 13 11 30   0.079   0.036   0.669   0.675
 91 364 13 12 30   0.061   0.035   0.670   0.675
 91 364 13 13 30   0.054   0.033   0.675   0.679
 91 364 13 14 30   0.030   0.003   0.682   0.683
 91 364 13 15 30   0.054   0.004   0.687   0.689
 91 364 13 16 30   0.036   0.009   0.683   0.685
 91 364 13 17 30   0.051   0.010   0.682   0.685
 91 364 13 18 30   0.061   0.005   0.685   0.689
 91 364 13 19 30   0.100   0.025   0.679   0.687
 91 364 13 20 30   0.108  -0.003   0.686   0.696
 91 364 13 21 30   0.051  -0.006   0.687   0.689
 91 364 13 22 30   0.047   0.012   0.685   0.687
 91 364 13 23 30   0.069   0.033   0.685   0.690
 91 364 13 24 30   0.130   0.054   0.681   0.697
 91 364 13 25 30   0.063   0.029   0.685   0.689
 91 364 13 26 30   0.009  -0.016   0.681   0.683
 91 364 13 27 30   0.011  -0.002   0.689   0.690
 91 364 13 28 30   0.036   0.045   0.676   0.681
 91 364 13 29 30   0.001   0.050   0.680   0.683
 91 364 13 30 30   0.018   0.071   0.673   0.678
 91 364 13 31 30   0.024   0.096   0.666   0.677
 91 364 13 32 30   0.029   0.115   0.671   0.683
 91 364 13 33 30   0.059  -0.001   0.694   0.697
 91 364 13 34 30   0.035  -0.026   0.696   0.698
 91 364 13 35 30   0.044  -0.025   0.697   0.700
 91 364 13 36 30   0.070   0.024   0.689   0.693
 91 364 13 37 30   0.077  -0.001   0.692   0.697
 91 364 13 38 30   0.087   0.005   0.695   0.700
 91 364 13 39 30   0.108   0.002   0.688   0.697
 91 364 13 40 30   0.090  -0.028   0.687   0.694
 91 364 13 41 30   0.088  -0.041   0.692   0.699
 91 364 13 42 30   0.080  -0.047   0.695   0.702
 91 364 13 43 30   0.010   0.033   0.705   0.710
 91 364 13 44 30  -0.060   0.062   0.693   0.699
 91 364 13 45 30  -0.051   0.046   0.695   0.699
 91 364 13 46 30  -0.074   0.061   0.684   0.691
 91 364 13 47 30  -0.089   0.062   0.690   0.699
 91 364 13 48 30  -0.091   0.058   0.685   0.694
 91 364 13 49 30  -0.114   0.051   0.661   0.673
 91 364 13 50 30  -0.113   0.066   0.653   0.667
 91 364 13 51 30  -0.125   0.068   0.650   0.666
 91 364 13 52 30  -0.100   0.034   0.667   0.676
 91 364 13 53 30  -0.152   0.030   0.649   0.667
 91 364 13 54 30  -0.163   0.047   0.646   0.668
 91 364 13 55 30  -0.138   0.074   0.655   0.674
 91 364 13 56 30  -0.144   0.082   0.651   0.672
 91 364 13 57 30  -0.158   0.048   0.652   0.673
 91 364 13 58 30  -0.159   0.076   0.654   0.678
 91 364 13 59 30  -0.137   0.043   0.671   0.687
 91 364 14 00 30  -0.151   0.028   0.665   0.683
 91 364 14 01 30  -0.115   0.011   0.671   0.682
 91 364 14 02 30  -0.075   0.012   0.676   0.681
 91 364 14 03 30  -0.069   0.009   0.677   0.681
 91 364 14 04 30  -0.084   0.019   0.678   0.684
 91 364 14 05 30  -0.095   0.004   0.677   0.684
 91 364 14 06 30  -0.092   0.003   0.678   0.686
 91 364 14 07 30  -0.116   0.025   0.664   0.675
 91 364 14 08 30  -0.111  -0.027   0.657   0.668
 91 364 14 09 30  -0.123  -0.028   0.669   0.681
 91 364 14 10 30  -0.136  -0.018   0.677   0.691
 91 364 14 11 30  -0.104   0.003   0.676   0.685
 91 364 14 12 30  -0.098   0.018   0.684   0.692
 91 364 14 13 30  -0.114   0.029   0.687   0.697
 91 364 14 14 30  -0.122   0.035   0.677   0.690
 91 364 14 15 30  -0.091   0.026   0.683   0.690
 91 364 14 16 30  -0.096   0.033   0.663   0.673
 91 364 14 17 30  -0.068   0.005   0.677   0.681
 91 364 14 18 30  -0.071   0.012   0.677   0.681
 91 364 14 19 30  -0.074   0.024   0.704   0.709
 91 364 14 20 30  -0.047  -0.003   0.694   0.696
 91 364 14 21 30  -0.043   0.003   0.695   0.697
 91 364 14 22 30  -0.068   0.005   0.680   0.684
 91 364 14 23 30  -0.069  -0.018   0.689   0.693
 91 364 14 24 30  -0.041  -0.040   0.698   0.701
 91 364 14 25 30   0.018  -0.075   0.693   0.699
 91 364 14 26 30  -0.006  -0.077   0.687   0.696
 91 364 14 27 30  -0.091  -0.049   0.673   0.684
 91 364 14 28 30  -0.063  -0.129   0.669   0.685
 91 364 14 29 30  -0.086  -0.084   0.681   0.692
 91 364 14 30 30  -0.163  -0.076   0.663   0.691
 91 364 14 31 30  -0.200  -0.066   0.656   0.691
 91 364 14 32 30  -0.218  -0.034   0.661   0.699
 91 364 14 33 30  -0.231  -0.005   0.663   0.703
 91 364 14 34 30  -0.050   0.097   0.704   0.713
 91 364 14 35 30  -0.205   0.055   0.663   0.702
 91 364 14 36 30  -0.217   0.028   0.679   0.715
 91 364 14 37 30  -0.151   0.033   0.709   0.728
 91 364 14 38 30  -0.072   0.082   0.717   0.727
 91 364 14 39 30  -0.041   0.115   0.715   0.726
 91 364 14 40 30  -0.033   0.170   0.694   0.720
 91 364 14 41 30  -0.200   0.012   0.661   0.708
 91 364 14 42 30  -0.159   0.097   0.688   0.720
 91 364 14 43 30  -0.194   0.211   0.651   0.712
 91 364 14 44 30  -0.283   0.187   0.620   0.710
 91 364 14 45 30  -0.319   0.225   0.591   0.711
 91 364 14 46 30  -0.335   0.279   0.551   0.705
 91 364 14 47 30  -0.297   0.317   0.551   0.702
 91 364 14 48 30  -0.302   0.310   0.539   0.692
 91 364 14 49 30  -0.306   0.275   0.555   0.692
 91 364 14 50 30  -0.327   0.254   0.551   0.690
 91 364 14 51 30  -0.357   0.248   0.516   0.675
 91 364 14 52 30  -0.403   0.218   0.498   0.679
 91 364 14 53 30  -0.442   0.238   0.469   0.687
 91 364 14 54 30  -0.470   0.251   0.442   0.693
 91 364 14 55 30  -0.475   0.280   0.420   0.694
 91 364 14 56 30  -0.492   0.297   0.382   0.690
 91 364 14 57 30  -0.499   0.285   0.364   0.681
 91 364 14 58 30  -0.496   0.283   0.372   0.682
 91 364 14 59 30  -0.501   0.291   0.357   0.681
 91 364 15 00 30  -0.472   0.287   0.427   0.699
 91 364 15 01 30  -0.328   0.201   0.571   0.717
 91 364 15 02 30  -0.211   0.058   0.669   0.706
 91 364 15 03 30  -0.220   0.098   0.660   0.703
 91 364 15 04 30  -0.214   0.087   0.665   0.704
 91 364 15 05 30  -0.215   0.086   0.662   0.702
 91 364 15 06 30  -0.214   0.105   0.659   0.700
 91 364 15 07 30  -0.211   0.125   0.666   0.710
 91 364 15 08 30  -0.283   0.153   0.630   0.708
 91 364 15 09 30  -0.280   0.131   0.629   0.701
 91 364 15 10 30  -0.289   0.099   0.630   0.700
 91 364 15 11 30  -0.284   0.104   0.634   0.703
 91 364 15 12 30  -0.278   0.085   0.642   0.705
 91 364 15 13 30  -0.276   0.074   0.645   0.706
 91 364 15 14 30  -0.292   0.092   0.633   0.703
 91 364 15 15 30  -0.305   0.099   0.627   0.704
 91 364 15 16 30  -0.326   0.127   0.603   0.698
 91 364 15 17 30  -0.348   0.147   0.594   0.705
 91 364 15 18 30  -0.327   0.138   0.619   0.715
 91 364 15 19 30  -0.329   0.135   0.620   0.715
 91 364 15 20 30  -0.322   0.176   0.601   0.705
 91 364 15 21 30  -0.331   0.168   0.605   0.710
 91 364 15 22 30  -0.344   0.181   0.590   0.707
 91 364 15 23 30  -0.340   0.190   0.583   0.702
 91 364 15 24 30  -0.297   0.161   0.595   0.684
 91 364 15 25 30  -0.293   0.175   0.593   0.684
 91 364 15 26 30  -0.301   0.168   0.590   0.683
 91 364 15 27 30  -0.350   0.194   0.554   0.685
 91 364 15 28 30  -0.356   0.227   0.526   0.676
 91 364 15 29 30  -0.360   0.225   0.513   0.666
 91 364 15 30 30  -0.385   0.248   0.491   0.672
 91 364 15 31 30  -0.376   0.254   0.485   0.665
 91 364 15 32 30  -0.344   0.207   0.522   0.659
 91 364 15 33 30  -0.333   0.197   0.524   0.652
 91 364 15 34 30  -0.338   0.182   0.533   0.657
 91 364 15 35 30  -0.339   0.196   0.525   0.656
 91 364 15 36 30  -0.367   0.189   0.504   0.652
 91 364 15 37 30  -0.384   0.213   0.494   0.662
 91 364 15 38 30  -0.391   0.220   0.491   0.666
 91 364 15 39 30  -0.366   0.232   0.511   0.671
 91 364 15 40 30  -0.417   0.270   0.465   0.682
 91 364 15 41 30  -0.402   0.231   0.494   0.680
 91 364 15 42 30  -0.400   0.224   0.510   0.687
 91 364 15 43 30  -0.394   0.211   0.514   0.684
 91 364 15 44 30  -0.394   0.214   0.520   0.688
 91 364 15 45 30  -0.412   0.250   0.494   0.691
 91 364 15 46 30  -0.423   0.316   0.445   0.691
 91 364 15 47 30  -0.404   0.329   0.444   0.685
 91 364 15 48 30  -0.402   0.344   0.438   0.687
 91 364 15 49 30  -0.457   0.326   0.406   0.693
 91 364 15 50 30  -0.419   0.389   0.374   0.684
 91 364 15 51 30  -0.395   0.411   0.379   0.685
 91 364 15 52 30  -0.375   0.405   0.412   0.689
 91 364 15 53 30  -0.377   0.422   0.389   0.687
 91 364 15 54 30  -0.367   0.451   0.369   0.691
 91 364 15 55 30  -0.385   0.376   0.405   0.674
 91 364 15 56 30  -0.386   0.396   0.394   0.679
 91 364 15 57 30  -0.377   0.404   0.401   0.685
 91 364 15 58 30  -0.341   0.413   0.429   0.687
 91 364 15 59 30  -0.374   0.389   0.425   0.688
 91 364 16 00 30  -0.375   0.394   0.425   0.691
 91 364 16 01 30  -0.375   0.384   0.423   0.685
 91 364 16 02 30  -0.418   0.343   0.409   0.678
 91 364 16 04 30  -0.409   0.392   0.386   0.688
 91 364 16 05 30  -0.443   0.360   0.361   0.676
 91 364 16 06 30  -0.478   0.357   0.326   0.680
 91 364 16 07 30  -0.449   0.376   0.346   0.681
 91 364 16 08 30  -0.449   0.397   0.339   0.689
 91 364 16 09 30  -0.471   0.407   0.293   0.692
 91 364 16 10 30  -0.537   0.393   0.215   0.701
 91 364 16 11 30  -0.538   0.408   0.153   0.692
 91 364 16 12 30  -0.526   0.416   0.127   0.683
 91 364 16 13 30  -0.517   0.413   0.161   0.682
 91 364 16 14 30  -0.511   0.431   0.173   0.691
 91 364 16 15 30  -0.518   0.440   0.131   0.692
 91 364 16 16 30  -0.510   0.450   0.131   0.693
 91 364 16 17 30  -0.506   0.468   0.160   0.708
 91 364 16 18 30  -0.500   0.452   0.169   0.696
 91 364 16 19 30  -0.498   0.455   0.145   0.690
 91 364 16 20 30  -0.494   0.467   0.128   0.692
 91 364 16 21 30  -0.494   0.472   0.106   0.692
 91 364 16 22 30  -0.501   0.487   0.124   0.709
 91 364 16 23 30  -0.501   0.480   0.097   0.701
 91 364 16 24 30  -0.507   0.469   0.123   0.702
 91 364 16 25 30  -0.516   0.461   0.143   0.707
 91 364 16 26 30  -0.517   0.461   0.096   0.700
 91 364 16 27 30  -0.511   0.482   0.060   0.705
 91 364 16 28 30  -0.524   0.459   0.024   0.698
 91 364 16 29 30  -0.526   0.459   0.027   0.699
 91 364 16 30 30  -0.534   0.453  -0.006   0.701
 91 364 16 31 30  -0.512   0.465  -0.009   0.693
 91 364 16 32 30  -0.536   0.401   0.145   0.687
 91 364 16 33 30  -0.534   0.376   0.142   0.669
 91 364 16 34 30  -0.541   0.417   0.063   0.688
 91 364 16 35 30  -0.540   0.426   0.055   0.690
 91 364 16 36 30  -0.547   0.419   0.046   0.691
 91 364 16 37 30  -0.556   0.425   0.011   0.701
 91 364 16 38 30  -0.545   0.439  -0.001   0.700
 91 364 16 39 30  -0.547   0.441  -0.002   0.702
 91 364 16 40 30  -0.559   0.441   0.001   0.712
 91 364 16 41 30  -0.548   0.445  -0.015   0.707
 91 364 16 42 30  -0.515   0.452  -0.047   0.688
 91 364 16 43 30  -0.460   0.489   0.050   0.677
 91 364 16 44 30  -0.364   0.461   0.239   0.660
 91 364 16 45 30  -0.378   0.364   0.388   0.666
 91 364 16 46 30  -0.329   0.399   0.477   0.705
 91 364 16 47 30  -0.261   0.348   0.549   0.701
 91 364 16 48 30  -0.255   0.317   0.566   0.698
 91 364 16 49 30  -0.259   0.309   0.574   0.702
 91 364 16 50 30  -0.252   0.307   0.574   0.699
 91 364 16 51 30  -0.242   0.238   0.602   0.693
 91 364 16 52 30  -0.180   0.129   0.652   0.690
 91 364 16 53 30  -0.194   0.180   0.650   0.703
 91 364 16 54 30  -0.219   0.304   0.580   0.693
 91 364 16 55 30  -0.200   0.266   0.600   0.687
 91 364 16 56 30  -0.193   0.261   0.607   0.688
 91 364 16 57 30  -0.184   0.271   0.605   0.688
 91 364 16 58 30  -0.166   0.251   0.610   0.681
 91 364 16 59 30  -0.160   0.282   0.600   0.683
 91 364 17 00 30  -0.154   0.275   0.620   0.696
 91 364 17 01 30  -0.145   0.262   0.620   0.689
 91 364 17 02 30  -0.144   0.283   0.607   0.685
 91 364 17 03 30  -0.141   0.254   0.618   0.684
 91 364 17 04 30  -0.149   0.168   0.653   0.691
 91 364 17 05 30  -0.156   0.133   0.655   0.686
 91 364 17 06 30  -0.133   0.180   0.640   0.680
 91 364 17 07 30  -0.115   0.215   0.636   0.682
 91 364 17 08 30  -0.114   0.140   0.659   0.684
 91 364 17 09 30  -0.100   0.134   0.662   0.683
 91 364 17 10 30  -0.091   0.140   0.657   0.678
 91 364 17 11 30  -0.085   0.122   0.646   0.663
 91 364 17 12 30  -0.084   0.116   0.646   0.662
 91 364 17 13 30  -0.067   0.117   0.649   0.663
 91 364 17 14 30  -0.083   0.100   0.652   0.665
 91 364 17 15 30  -0.078   0.114   0.655   0.669
 91 364 17 16 30  -0.083   0.108   0.655   0.670
 91 364 17 17 30  -0.061   0.100   0.659   0.670
 91 364 17 18 30  -0.052   0.097   0.645   0.655
 91 364 17 19 30  -0.067   0.104   0.625   0.637
 91 364 17 20 30  -0.073   0.098   0.627   0.640
 91 364 17 21 30  -0.060   0.130   0.625   0.642
 91 364 17 22 30  -0.038   0.147   0.624   0.643
 91 364 17 23 30  -0.039   0.136   0.630   0.646
 91 364 17 24 30  -0.053   0.120   0.624   0.638
 91 364 17 25 30  -0.065   0.098   0.619   0.630
 91 364 17 26 30  -0.094   0.148   0.603   0.628
 91 364 17 27 30  -0.088   0.143   0.611   0.634
 91 364 17 28 30  -0.002   0.088   0.638   0.645
 91 364 17 29 30   0.000   0.085   0.634   0.640
 91 364 17 30 30   0.004   0.091   0.620   0.627
 91 364 17 31 30  -0.011   0.099   0.628   0.636
 91 364 17 32 30  -0.007   0.109   0.625   0.635
 91 364 17 33 30   0.029   0.089   0.625   0.634
 91 364 17 34 30   0.071   0.063   0.631   0.638
 91 364 17 35 30  -0.070   0.160   0.587   0.635
 91 364 17 36 30  -0.387   0.359   0.337   0.641
 91 364 17 37 30  -0.412   0.377   0.282   0.630
 91 364 17 38 30  -0.389   0.376   0.309   0.625
 91 364 17 39 30  -0.440   0.356   0.252   0.620
 91 364 17 40 30  -0.438   0.366   0.243   0.621
 91 364 17 41 30  -0.451   0.351   0.220   0.613
 91 364 17 42 30  -0.436   0.363   0.229   0.612
 91 364 17 43 30  -0.450   0.368   0.209   0.618
 91 364 17 44 30  -0.469   0.366   0.168   0.618
 91 364 17 45 30  -0.463   0.378   0.152   0.617
 91 364 17 46 30  -0.471   0.408   0.048   0.629
 91 364 17 47 30  -0.443   0.424   0.124   0.629
 91 364 17 48 30  -0.418   0.432   0.158   0.622
 91 364 17 49 30  -0.421   0.427   0.162   0.621
 91 364 17 50 30  -0.423   0.429   0.169   0.627
 91 364 17 51 30  -0.430   0.407   0.201   0.627
 91 364 17 52 30  -0.400   0.447   0.176   0.626
 91 364 17 53 30  -0.373   0.455   0.212   0.627
 91 364 17 54 30  -0.391   0.432   0.224   0.624
 91 364 17 55 30  -0.419   0.398   0.222   0.620
 91 364 17 56 30  -0.414   0.400   0.228   0.620
 91 364 17 57 30  -0.399   0.398   0.240   0.615
 91 364 17 58 30  -0.380   0.402   0.281   0.621
 91 364 17 59 30  -0.401   0.389   0.278   0.624
 91 364 18 00 30  -0.410   0.388   0.283   0.631
 91 364 18 01 30  -0.400   0.374   0.316   0.633
 91 364 18 02 30  -0.397   0.365   0.313   0.624
 91 364 18 03 30  -0.373   0.351   0.333   0.611
 91 364 18 04 30  -0.390   0.365   0.324   0.625
 91 364 18 05 30  -0.349   0.364   0.357   0.618
 91 364 18 06 30  -0.346   0.366   0.355   0.617
 91 364 18 07 30  -0.341   0.367   0.381   0.630
 91 364 18 08 30  -0.309   0.359   0.404   0.623
 91 364 18 09 30  -0.349   0.348   0.365   0.614
 91 364 18 10 30  -0.374   0.340   0.379   0.633
 91 364 18 11 30  -0.306   0.349   0.429   0.632
 91 364 18 12 30  -0.339   0.341   0.398   0.625
 91 364 18 13 30  -0.330   0.326   0.393   0.608
 91 364 18 14 30  -0.202   0.352   0.454   0.619
 91 364 18 15 30  -0.074   0.316   0.539   0.634
 91 364 18 16 30   0.001   0.354   0.536   0.643
 91 364 18 17 30   0.014   0.385   0.512   0.642
 91 364 18 18 30  -0.090   0.356   0.526   0.642
 91 364 18 19 30  -0.127   0.346   0.543   0.657
 91 364 18 20 30  -0.101   0.260   0.577   0.642
 91 364 18 21 30  -0.088   0.278   0.592   0.661
 91 364 18 22 30  -0.166   0.299   0.522   0.625
 91 364 18 23 30  -0.231   0.287   0.490   0.614
 91 364 18 24 30  -0.259   0.307   0.448   0.602
 91 364 18 25 30  -0.276   0.297   0.446   0.603
 91 364 18 26 30  -0.478   0.291   0.255   0.627
 91 364 18 27 30  -0.488   0.327   0.267   0.647
 91 364 18 28 30  -0.471   0.343   0.286   0.650
 91 364 18 29 30  -0.474   0.299   0.329   0.651
 91 364 18 30 30  -0.473   0.288   0.340   0.651
 91 364 18 31 30  -0.461   0.298   0.352   0.652
 91 364 18 32 30  -0.451   0.304   0.361   0.655
 91 364 18 33 30  -0.366   0.326   0.434   0.656
 91 364 18 34 30  -0.346   0.317   0.465   0.661
 91 364 18 35 30  -0.424   0.239   0.439   0.657
 91 364 18 36 30  -0.472   0.180   0.418   0.657
 91 364 18 37 30  -0.301   0.325   0.477   0.652
 91 364 18 38 30  -0.345   0.280   0.489   0.661
 91 364 18 39 30  -0.321   0.274   0.510   0.664
 91 364 18 40 30  -0.277   0.301   0.535   0.674
 91 364 18 41 30  -0.401   0.171   0.479   0.652
 91 364 18 42 30  -0.348   0.232   0.497   0.650
 91 364 18 43 30  -0.331   0.258   0.453   0.622
 91 364 18 44 30  -0.315   0.244   0.459   0.609
 91 364 18 45 30  -0.348   0.266   0.494   0.661
 91 364 18 46 30  -0.347   0.264   0.479   0.655
 91 364 18 47 30  -0.237   0.395   0.398   0.610
 91 364 18 48 30  -0.245   0.404   0.373   0.612
 91 364 18 49 30  -0.097   0.528   0.315   0.623
 91 364 18 50 30  -0.220   0.357   0.419   0.599
 91 364 18 51 30  -0.233   0.349   0.412   0.589
 91 364 18 52 30  -0.267   0.341   0.398   0.590
 91 364 18 53 30  -0.281   0.295   0.414   0.583
 91 364 18 54 30  -0.226   0.320   0.436   0.587
 91 364 18 55 30  -0.201   0.319   0.467   0.601
 91 364 18 56 30  -0.202   0.335   0.450   0.597
 91 364 18 57 30  -0.253   0.330   0.415   0.587
 91 364 18 58 30  -0.198   0.328   0.456   0.596
 91 364 18 59 30  -0.209   0.330   0.436   0.586
 91 364 19 00 30  -0.168   0.299   0.476   0.588
 91 364 19 01 30  -0.163   0.275   0.495   0.591
 91 364 19 02 30  -0.317   0.284   0.433   0.615
 91 364 19 03 30  -0.599   0.144   0.129   0.637
 91 364 19 04 30  -0.630   0.150   0.126   0.660
 91 364 19 05 30  -0.638   0.133   0.102   0.660
 91 364 19 06 30  -0.638   0.135   0.104   0.661
 91 364 19 07 30  -0.644   0.139   0.107   0.668
 91 364 19 08 30  -0.642   0.147   0.106   0.668
 91 364 19 09 30  -0.637   0.147   0.118   0.664
 91 364 19 10 30  -0.638   0.147   0.117   0.665
 91 364 19 11 30  -0.631   0.148   0.112   0.658
 91 364 19 12 30  -0.626   0.166   0.121   0.659
 91 364 19 13 30  -0.622   0.201   0.131   0.667
 91 364 19 14 30  -0.627   0.189   0.131   0.668
 91 364 19 15 30  -0.600   0.191   0.170   0.653
 91 364 19 16 30  -0.590   0.171   0.095   0.622
 91 364 19 17 30  -0.592   0.176   0.084   0.624
 91 364 19 18 30  -0.595   0.173   0.084   0.625
 91 364 19 19 30  -0.597   0.165   0.109   0.630
 91 364 19 20 30  -0.599   0.165   0.121   0.633
 91 364 19 21 30  -0.589   0.171   0.127   0.627
 91 364 19 22 30  -0.594   0.170   0.114   0.628
 91 364 19 23 30  -0.570   0.189   0.140   0.617
 91 364 19 24 30  -0.568   0.178   0.143   0.612
 91 364 19 25 30  -0.569   0.184   0.149   0.616
 91 364 19 26 30  -0.550   0.210   0.187   0.617
 91 364 19 27 30  -0.508   0.212   0.221   0.595
 91 364 19 28 30  -0.449   0.233   0.286   0.582
 91 364 19 29 30  -0.430   0.244   0.295   0.576
 91 364 19 30 30  -0.444   0.236   0.280   0.576
 91 364 19 31 30  -0.444   0.226   0.291   0.577
 91 364 19 32 30  -0.450   0.209   0.284   0.572
 91 364 19 33 30  -0.439   0.201   0.290   0.564
 91 364 19 34 30  -0.435   0.230   0.290   0.571
 91 364 19 35 30  -0.466   0.222   0.298   0.597
 91 364 19 36 30  -0.487   0.203   0.280   0.598
 91 364 19 37 30  -0.505   0.237   0.246   0.610
 91 364 19 38 30  -0.502   0.233   0.286   0.624
 91 364 19 39 30  -0.527   0.243   0.264   0.638
 91 364 19 40 30  -0.507   0.237   0.247   0.612
 91 364 19 41 30  -0.511   0.231   0.245   0.613
 91 364 19 42 30  -0.558   0.189   0.283   0.654
 91 364 19 43 30  -0.568   0.174   0.278   0.656
 91 364 19 44 30  -0.561   0.200   0.281   0.659
 91 364 19 45 30  -0.565   0.190   0.281   0.660
 91 364 19 46 30  -0.585   0.184   0.261   0.668
 91 364 19 47 30  -0.558   0.187   0.317   0.669
 91 364 19 48 30  -0.558   0.179   0.326   0.671
 91 364 19 49 30  -0.578   0.167   0.270   0.659
 91 364 19 50 30  -0.567   0.166   0.287   0.657
 91 364 19 51 30  -0.563   0.173   0.294   0.659
 91 364 19 52 30  -0.578   0.170   0.260   0.657
 91 364 19 53 30  -0.571   0.181   0.256   0.652
 91 364 19 54 30  -0.567   0.176   0.256   0.646
 91 364 19 55 30  -0.566   0.170   0.255   0.643
 91 364 19 56 30  -0.561   0.170   0.257   0.640
 91 364 19 57 30  -0.565   0.165   0.228   0.631
 91 364 19 58 30  -0.581   0.164   0.225   0.644
 91 364 19 59 30  -0.554   0.171   0.232   0.625
 91 364 20 00 30  -0.478   0.163   0.303   0.589
 91 364 20 01 30  -0.480   0.159   0.324   0.601
 91 364 20 02 30  -0.488   0.151   0.349   0.620
 91 364 20 03 30  -0.504   0.157   0.336   0.627
 91 364 20 04 30  -0.505   0.157   0.317   0.618
 91 364 20 05 30  -0.499   0.155   0.341   0.624
 91 364 20 06 30  -0.514   0.142   0.320   0.623
 91 364 20 07 30  -0.547   0.129   0.302   0.638
 91 364 20 08 30  -0.528   0.127   0.318   0.630
 91 364 20 09 30  -0.513   0.142   0.330   0.626
 91 364 20 10 30  -0.487   0.171   0.358   0.628
 91 364 20 11 30  -0.496   0.172   0.354   0.634
 91 364 20 12 30  -0.477   0.148   0.379   0.627
 91 364 20 13 30  -0.500   0.137   0.343   0.622
 91 364 20 14 30  -0.510   0.153   0.321   0.622
 91 364 20 15 30  -0.517   0.165   0.304   0.622
 91 364 20 16 30  -0.514   0.166   0.314   0.626
 91 364 20 17 30  -0.520   0.175   0.302   0.626
 91 364 20 18 30  -0.502   0.138   0.366   0.639
 91 364 20 19 30  -0.539   0.184   0.287   0.640
 91 364 20 20 30  -0.563   0.204   0.254   0.651
 91 364 20 21 30  -0.550   0.196   0.314   0.664
 91 364 20 22 30  -0.547   0.170   0.319   0.657
 91 364 20 23 30  -0.507   0.109   0.391   0.653
 91 364 20 24 30  -0.447   0.096   0.466   0.654
 91 364 20 25 30  -0.472   0.111   0.431   0.650
 91 364 20 26 30  -0.479   0.143   0.414   0.650
 91 364 20 27 30  -0.502   0.141   0.389   0.651
 91 364 20 28 30  -0.517   0.150   0.394   0.667
 91 364 20 29 30  -0.508   0.147   0.390   0.658
 91 364 20 30 30  -0.516   0.160   0.378   0.659
 91 364 20 31 30  -0.515   0.127   0.382   0.654
 91 364 20 32 30  -0.501   0.110   0.389   0.645
 91 364 20 33 30  -0.505   0.104   0.393   0.649
 91 364 20 34 30  -0.497   0.069   0.425   0.658
 91 364 20 35 30  -0.505   0.067   0.411   0.655
 91 364 20 36 30  -0.528   0.103   0.384   0.661
 91 364 20 37 30  -0.540   0.069   0.384   0.666
 91 364 20 38 30  -0.525   0.089   0.385   0.660
 91 364 20 39 30  -0.537   0.115   0.350   0.653
 91 364 20 40 30  -0.483   0.006   0.404   0.631
 91 364 20 41 30  -0.508   0.068   0.352   0.622
 91 364 20 42 30  -0.513   0.076   0.340   0.621
 91 364 20 43 30  -0.526   0.051   0.346   0.632
 91 364 20 44 30  -0.516   0.081   0.345   0.628
 91 364 20 45 30  -0.545   0.087   0.315   0.636
 91 364 20 46 30  -0.541   0.101   0.302   0.628
 91 364 20 47 30  -0.550   0.088   0.328   0.647
 91 364 20 48 30  -0.555   0.076   0.326   0.649
 91 364 20 49 30  -0.564   0.072   0.321   0.653
 91 364 20 50 30  -0.574   0.090   0.309   0.658
 91 364 20 51 30  -0.571   0.092   0.310   0.657
 91 364 20 52 30  -0.569   0.098   0.298   0.650
 91 364 20 53 30  -0.569   0.103   0.305   0.654
 91 364 20 54 30  -0.579   0.107   0.300   0.661
 91 364 20 55 30  -0.574   0.091   0.305   0.657
 91 364 20 56 30  -0.591   0.097   0.292   0.666
 91 364 20 57 30  -0.594   0.075   0.294   0.668
 91 364 20 58 30  -0.597   0.081   0.280   0.664
 91 364 20 59 30  -0.590   0.091   0.284   0.661
 91 364 21 00 30  -0.593   0.094   0.272   0.660
 91 364 21 01 30  -0.599   0.106   0.245   0.656
 91 364 21 02 30  -0.604   0.102   0.234   0.656
 91 364 21 03 30  -0.597   0.099   0.258   0.658
 91 364 21 04 30  -0.588   0.110   0.257   0.652
 91 364 21 05 30  -0.570   0.097   0.274   0.640
 91 364 21 06 30  -0.569   0.091   0.284   0.642
 91 364 21 07 30  -0.568   0.099   0.284   0.643
 91 364 21 08 30  -0.568   0.108   0.278   0.642
 91 364 21 09 30  -0.577   0.107   0.273   0.647
 91 364 21 10 30  -0.585   0.122   0.258   0.651
 91 364 21 11 30  -0.590   0.123   0.243   0.650
 91 364 21 12 30  -0.568   0.099   0.263   0.634
 91 364 21 13 30  -0.557   0.108   0.285   0.635
 91 364 21 14 30  -0.535   0.095   0.331   0.638
 91 364 21 15 30  -0.537   0.084   0.332   0.637
 91 364 21 16 30  -0.533   0.076   0.331   0.632
 91 364 21 17 30  -0.518   0.064   0.359   0.634
 91 364 21 18 30  -0.507   0.054   0.376   0.634
 91 364 21 19 30  -0.522   0.055   0.350   0.632
 91 364 21 20 30  -0.554   0.054   0.308   0.637
 91 364 21 21 30  -0.569   0.075   0.257   0.629
 91 364 21 22 30  -0.586   0.068   0.217   0.629
 91 364 21 23 30  -0.590   0.083   0.209   0.632
 91 364 21 24 30  -0.594   0.079   0.243   0.647
 91 364 21 25 30  -0.598   0.072   0.254   0.654
 91 364 21 26 30  -0.592   0.066   0.260   0.651
 91 364 21 27 30  -0.579   0.060   0.248   0.633
 91 364 21 28 30  -0.568   0.077   0.202   0.608
 91 364 21 29 30  -0.568   0.068   0.215   0.612
 91 364 21 30 30  -0.574   0.068   0.213   0.617
 91 364 21 31 30  -0.555   0.080   0.216   0.601
 91 364 21 32 30  -0.556   0.052   0.230   0.604
 91 364 21 33 30  -0.563   0.005   0.253   0.618
 91 364 21 34 30  -0.566   0.006   0.252   0.620
 91 364 21 35 30  -0.550   0.037   0.230   0.598
 91 364 21 36 30  -0.568   0.026   0.257   0.628
 91 364 21 37 30  -0.569  -0.013   0.309   0.648
 91 364 21 38 30  -0.553   0.019   0.299   0.629
 91 364 21 39 30  -0.531   0.040   0.307   0.616
 91 364 21 40 30  -0.526   0.000   0.326   0.620
 91 364 21 41 30  -0.524   0.013   0.330   0.620
 91 364 21 42 30  -0.523   0.009   0.331   0.619
 91 364 21 43 30  -0.526  -0.001   0.341   0.627
 91 364 21 44 30  -0.528  -0.015   0.325   0.621
 91 364 21 45 30  -0.520  -0.028   0.350   0.627
 91 364 21 46 30  -0.505  -0.019   0.356   0.619
 91 364 21 47 30  -0.501   0.006   0.341   0.606
 91 364 21 48 30  -0.486   0.021   0.364   0.610
 91 364 21 49 30  -0.518  -0.007   0.331   0.615
 91 364 21 50 30  -0.501   0.006   0.347   0.610
 91 364 21 51 30  -0.509   0.010   0.340   0.612
 91 364 21 52 30  -0.496   0.002   0.350   0.607
 91 364 21 53 30  -0.477  -0.013   0.375   0.608
 91 364 21 54 30  -0.504   0.001   0.343   0.613
 91 364 21 55 30  -0.535   0.049   0.260   0.597
 91 364 21 56 30  -0.532   0.035   0.257   0.592
 91 364 21 57 30  -0.530   0.017   0.249   0.586
 91 364 21 58 30  -0.529   0.006   0.247   0.585
 91 364 21 59 30  -0.547   0.027   0.214   0.588
 91 364 22 00 30  -0.539   0.040   0.215   0.582
 91 364 22 01 30  -0.545   0.051   0.212   0.588
 91 364 22 02 30  -0.545   0.007   0.239   0.596
 91 364 22 03 30  -0.534   0.007   0.280   0.604
 91 364 22 04 30  -0.531  -0.013   0.298   0.610
 91 364 22 05 30  -0.527  -0.026   0.315   0.615
 91 364 22 06 30  -0.529  -0.009   0.318   0.618
 91 364 22 07 30  -0.534  -0.012   0.313   0.619
 91 364 22 08 30  -0.528  -0.020   0.314   0.615
 91 364 22 09 30  -0.521  -0.026   0.294   0.599
 91 364 22 10 30  -0.499  -0.023   0.305   0.585
 91 364 22 11 30  -0.497  -0.044   0.296   0.581
 91 364 22 12 30  -0.482  -0.050   0.309   0.575
 91 364 22 13 30  -0.471  -0.055   0.322   0.574
 91 364 22 14 30  -0.474  -0.060   0.323   0.578
 91 364 22 15 30  -0.482  -0.069   0.316   0.581
 91 364 22 16 30  -0.478  -0.039   0.329   0.582
 91 364 22 17 30  -0.480  -0.033   0.312   0.574
 91 364 22 18 30  -0.481  -0.033   0.324   0.581
 91 364 22 19 30  -0.481  -0.039   0.317   0.578
 91 364 22 20 30  -0.486  -0.033   0.322   0.584
 91 364 22 21 30  -0.471  -0.035   0.349   0.587
 91 364 22 22 30  -0.473  -0.042   0.335   0.582
 91 364 22 23 30  -0.525  -0.076   0.268   0.595
 91 364 22 24 30  -0.513  -0.068   0.280   0.589
 91 364 22 25 30  -0.509  -0.062   0.283   0.586
 91 364 22 26 30  -0.519  -0.068   0.284   0.596
 91 364 22 27 30  -0.517  -0.087   0.271   0.590
 91 364 22 28 30  -0.539  -0.066   0.253   0.600
 91 364 22 29 30  -0.542  -0.097   0.252   0.606
 91 364 22 30 30  -0.540  -0.076   0.291   0.619
 91 364 22 31 30  -0.558  -0.077   0.244   0.614
 91 364 22 32 30  -0.546  -0.105   0.261   0.615
 91 364 22 33 30  -0.543  -0.096   0.291   0.624
 91 364 22 34 30  -0.533  -0.110   0.304   0.623
 91 364 22 35 30  -0.541  -0.102   0.292   0.624
 91 364 22 36 30  -0.543  -0.091   0.302   0.628
 91 364 22 37 30  -0.521  -0.109   0.332   0.628
 91 364 22 38 30  -0.495  -0.127   0.355   0.623
 91 364 22 39 30  -0.490  -0.149   0.365   0.629
 91 364 22 40 30  -0.507  -0.134   0.347   0.629
 91 364 22 41 30  -0.502  -0.118   0.350   0.624
 91 364 22 42 30  -0.518  -0.129   0.335   0.631
 91 364 22 43 30  -0.529  -0.131   0.294   0.620
 91 364 22 44 30  -0.516  -0.131   0.291   0.607
 91 364 22 45 30  -0.504  -0.152   0.294   0.603
 91 364 22 46 30  -0.513  -0.152   0.278   0.604
 91 364 22 47 30  -0.503  -0.180   0.291   0.609
 91 364 22 48 30  -0.513  -0.176   0.265   0.604
 91 364 22 49 30  -0.516  -0.161   0.226   0.586
 91 364 22 50 30  -0.503  -0.149   0.255   0.583
 91 364 22 51 30  -0.516  -0.098   0.234   0.579
 91 364 22 52 30  -0.539  -0.062   0.189   0.575
 91 364 22 53 30  -0.521  -0.116   0.197   0.570
 91 364 22 54 30  -0.527  -0.138   0.182   0.575
 91 364 22 55 30  -0.516  -0.148   0.213   0.577
 91 364 22 56 30  -0.510  -0.186   0.185   0.575
 91 364 22 57 30  -0.512  -0.182   0.161   0.567
 91 364 22 58 30  -0.532  -0.100   0.169   0.567
 91 364 22 59 30  -0.523  -0.163   0.135   0.565
 91 364 23 00 30  -0.530  -0.090   0.171   0.565
 91 364 23 01 30  -0.514  -0.144   0.168   0.562
 91 364 23 02 30  -0.477  -0.246   0.187   0.573
 91 364 23 03 30  -0.442  -0.304   0.215   0.580
 91 364 23 04 30  -0.423  -0.269   0.295   0.584
 91 364 23 05 30  -0.471  -0.140   0.332   0.594
 91 364 23 06 30  -0.426  -0.159   0.369   0.589
 91 364 23 07 30  -0.317  -0.147   0.469   0.587
 91 364 23 08 30  -0.362  -0.122   0.443   0.588
 91 364 23 09 30  -0.335  -0.109   0.480   0.597
 91 364 23 10 30  -0.441  -0.025   0.415   0.608
 91 364 23 11 30  -0.420   0.002   0.432   0.603
 91 364 23 12 30  -0.426  -0.030   0.419   0.599
 91 364 23 13 30  -0.475  -0.068   0.355   0.599
 91 364 23 14 30  -0.525  -0.135   0.293   0.617
 91 364 23 15 30  -0.525  -0.127   0.302   0.619
 91 364 23 16 30  -0.525  -0.139   0.306   0.624
 91 364 23 17 30  -0.524  -0.130   0.319   0.628
 91 364 23 18 30  -0.530  -0.136   0.294   0.622
 91 364 23 19 30  -0.532  -0.135   0.295   0.623
 91 364 23 20 30  -0.534  -0.126   0.290   0.621
 91 364 23 21 30  -0.531  -0.121   0.301   0.622
 91 364 23 22 30  -0.524  -0.123   0.309   0.620
 91 364 23 23 30  -0.523  -0.120   0.309   0.619
 91 364 23 24 30  -0.517  -0.120   0.308   0.614
 91 364 23 25 30  -0.516  -0.101   0.322   0.617
 91 364 23 26 30  -0.478  -0.132   0.361   0.614
 91 364 23 27 30  -0.516  -0.093   0.322   0.616
 91 364 23 28 30  -0.516  -0.096   0.323   0.617
 91 364 23 29 30  -0.513  -0.095   0.324   0.615
 91 364 23 30 30  -0.520  -0.079   0.324   0.618
 91 364 23 31 30  -0.521  -0.076   0.322   0.617
 91 364 23 32 30  -0.516  -0.108   0.319   0.616
 91 364 23 33 30  -0.505  -0.109   0.330   0.613
 91 364 23 34 30  -0.486  -0.133   0.351   0.614
 91 364 23 35 30  -0.466  -0.140   0.355   0.603
 91 364 23 36 30  -0.464  -0.121   0.369   0.606
 91 364 23 37 30  -0.467  -0.090   0.368   0.602
 91 364 23 38 30  -0.448  -0.052   0.396   0.601
 91 364 23 39 30  -0.443  -0.068   0.415   0.612
 91 364 23 40 30  -0.444  -0.084   0.421   0.618
 91 364 23 41 30  -0.440  -0.080   0.416   0.611
 91 364 23 42 30  -0.422  -0.130   0.428   0.618
 91 364 23 43 30  -0.428  -0.203   0.396   0.618
 91 364 23 44 30  -0.442  -0.179   0.384   0.613
 91 364 23 45 30  -0.438  -0.200   0.385   0.617
 91 364 23 46 30  -0.445  -0.192   0.389   0.622
 91 364 23 47 30  -0.453  -0.148   0.385   0.614
 91 364 23 48 30  -0.436  -0.157   0.398   0.613
 91 364 23 49 30  -0.421  -0.149   0.415   0.610
 91 364 23 50 30  -0.446  -0.004   0.398   0.601
 91 364 23 51 30  -0.456   0.029   0.393   0.604
 91 364 23 52 30  -0.455   0.025   0.393   0.603
 91 364 23 53 30  -0.460   0.036   0.397   0.610
 91 364 23 54 30  -0.476   0.066   0.384   0.616
 91 364 23 55 30  -0.499   0.050   0.355   0.616
 91 364 23 56 30  -0.518   0.042   0.335   0.620
 91 364 23 57 30  -0.493   0.065   0.355   0.612
 91 364 23 58 30  -0.501   0.053   0.348   0.617
 91 364 23 59 30  -0.392  -0.285   0.361   0.611
