 0.0  0.0  0.99989301  1.
  0.00999999978  0.  0.888203621  0.902455986
  0.0199999996  0.  0.67850244  0.718257904
  0.0299999993  0.  0.501226902  0.557065725
  0.0399999991  0.  0.377494395  0.437612087
  0.049999997  0.  0.294261426  0.351848572
  0.0599999949  0.  0.237102076  0.289499849
  0.0699999928  0.  0.196529865  0.243243843
  0.0799999908  0.  0.166629583  0.208010375
  0.0899999887  0.  0.143838376  0.180545941
  0.0999999866  0.  0.125962168  0.158657581
  0.109999985  0.  0.111597188  0.1408737
  0.119999982  0.  0.0998205915  0.126180768
  0.12999998  0.  0.0900048763  0.113866366
  0.139999986  0.  0.0817096159  0.103418559
  0.149999991  0.  0.0746161491  0.094458513
  0.159999996  0.  0.0684909374  0.0867057517
  0.170000002  0.  0.0631555021  0.0799421221
  0.180000007  0.  0.0584747419  0.0740020573
  0.190000013  0.  0.0543408953  0.0687526092
  0.200000018  0.  0.0506699756  0.0640879124
  0.210000023  0.  0.0473932549  0.0599244349
  0.220000029  0.  0.0444556996  0.0561906211
  0.230000034  0.  0.04181109  0.0528295711
  0.240000039  0.  0.0394210778  0.0497923531
  0.25000003  0.  0.0372540429  0.0470386669
  0.26000002  0.  0.0352825858  0.0445346013
  0.270000011  0.  0.0334836468  0.0422500744
  0.280000001  0.  0.0318377651  0.0401604772
  0.289999992  0.  0.0303278472  0.0382440723
  0.299999982  0.  0.0289388523  0.0364816338
 0.0  0.00999999978  1.  1.
  0.00999999978  0.00999999978  0.891132414  0.905053198
  0.0199999996  0.00999999978  0.675970852  0.716193795
  0.0299999993  0.00999999978  0.498046607  0.554323018
  0.0399999991  0.00999999978  0.37512207  0.435400337
  0.049999997  0.00999999978  0.292499661  0.350059867
  0.0599999949  0.00999999978  0.235870287  0.288152784
  0.0699999928  0.00999999978  0.195631742  0.242181599
  0.0799999908  0.00999999978  0.165964082  0.207226455
  0.0899999887  0.00999999978  0.143341094  0.179944605
  0.0999999866  0.00999999978  0.125586912  0.158197686
  0.109999985  0.00999999978  0.111315571  0.140524477
  0.119999982  0.00999999978  0.0996113494  0.125920594
  0.12999998  0.00999999978  0.089852035  0.113674194
  0.139999986  0.00999999978  0.0816005692  0.103281796
  0.149999991  0.00999999978  0.0745403543  0.0943618789
  0.159999996  0.00999999978  0.0684381798  0.0866395608
  0.170000002  0.00999999978  0.0631208718  0.0798976496
  0.180000007  0.00999999978  0.0584517233  0.0739731565
  0.190000013  0.00999999978  0.0543247201  0.0687323436
  0.200000018  0.00999999978  0.0506570898  0.0640714318
  0.210000023  0.00999999978  0.0473810881  0.0599089339
  0.220000029  0.00999999978  0.0444417447  0.0561730266
  0.230000034  0.00999999978  0.0417940877  0.0528079085
  0.240000039  0.00999999978  0.0394003205  0.0497661307
  0.25000003  0.00999999978  0.0372299328  0.0470082685
  0.26000002  0.00999999978  0.0352550745  0.0444997065
  0.270000011  0.00999999978  0.0334546603  0.0422134139
  0.280000001  0.00999999978  0.0318088196  0.0401239321
  0.289999992  0.00999999978  0.0303010121  0.0382103994
  0.299999982  0.00999999978  0.0289178453  0.0364555679
 0.0  0.0199999996  1.  1.
  0.00999999978  0.0199999996  0.892591298  0.906306326
  0.0199999996  0.0199999996  0.668570459  0.710507393
  0.0299999993  0.0199999996  0.490664899  0.548501372
  0.0399999991  0.0199999996  0.369988471  0.431070089
  0.049999997  0.0199999996  0.289251566  0.347077936
  0.0599999949  0.0199999996  0.233828411  0.286147714
  0.0699999928  0.0199999996  0.194309413  0.240811512
  0.0799999908  0.0199999996  0.16507481  0.206246346
  0.0899999887  0.0199999996  0.142720103  0.179235339
  0.0999999866  0.0199999996  0.1251394  0.157671571
  0.109999985  0.0199999996  0.110981986  0.14012523
  0.119999982  0.0199999996  0.099356696  0.125609994
  0.12999998  0.0199999996  0.0896521136  0.113428883
  0.139999986  0.0199999996  0.081440635  0.10308364
  0.149999991  0.0199999996  0.0744102225  0.0941997096
  0.159999996  0.0199999996  0.0683305413  0.0865045935
  0.170000002  0.0199999996  0.0630314276  0.0797845796
  0.180000007  0.0199999996  0.0583756566  0.0738769993
  0.190000013  0.0199999996  0.0542599149  0.0686502606
  0.200000018  0.0199999996  0.0506010577  0.0640007257
  0.210000023  0.0199999996  0.0473326668  0.0598471574
  0.220000029  0.0199999996  0.0443994328  0.0561192259
  0.230000034  0.0199999996  0.0417568274  0.0527606905
  0.240000039  0.0199999996  0.039367374  0.0497240573
  0.25000003  0.0199999996  0.0372003838  0.0469708815
  0.26000002  0.0199999996  0.0352290757  0.0444666259
  0.270000011  0.0199999996  0.0334312394  0.0421836227
  0.280000001  0.0199999996  0.0317876413  0.0400969833
  0.289999992  0.0199999996  0.030282367  0.0381864682
  0.299999982  0.0199999996  0.0289005823  0.0364337489
 0.0  0.0299999993  1.  1.
  0.00999999978  0.0299999993  0.881634116  0.896514475
  0.0199999996  0.0299999993  0.652204812  0.697627127
  0.0299999993  0.0299999993  0.477692038  0.538191199
  0.0399999991  0.0299999993  0.361546516  0.423902094
  0.049999997  0.0299999993  0.283981115  0.342251629
  0.0599999949  0.0299999993  0.230498701  0.28284815
  0.0699999928  0.0299999993  0.192148328  0.238547608
  0.0799999908  0.0299999993  0.163618758  0.204637319
  0.0899999887  0.0299999993  0.141702875  0.17806901
  0.0999999866  0.0299999993  0.124402449  0.156804249
  0.109999985  0.0299999993  0.11043258  0.139465258
  0.119999982  0.0299999993  0.0989346057  0.125095129
  0.12999998  0.0299999993  0.0893212259  0.113021776
  0.139999986  0.0299999993  0.0811753049  0.102754474
  0.149999991  0.0299999993  0.0741946325  0.093930833
  0.159999996  0.0299999993  0.0681528673  0.0862814486
  0.170000002  0.0299999993  0.0628825501  0.0795973465
  0.180000007  0.0299999993  0.0582496524  0.0737176836
  0.190000013  0.0299999993  0.0541523509  0.0685133636
  0.200000018  0.0299999993  0.050508704  0.0638835058
  0.210000023  0.0299999993  0.0472520217  0.0597449243
  0.220000029  0.0299999993  0.0443289429  0.0560296811
  0.230000034  0.0299999993  0.041694697  0.0526816212
  0.240000039  0.0299999993  0.0393126942  0.0496544167
  0.25000003  0.0299999993  0.0371516421  0.0469088331
  0.26000002  0.0299999993  0.035185542  0.0444111899
  0.270000011  0.0299999993  0.0333921388  0.0421338528
  0.280000001  0.0299999993  0.0317526013  0.0400523618
  0.289999992  0.0299999993  0.0302507095  0.0381460339
  0.299999982  0.0299999993  0.0288720317  0.0363971256
 0.0  0.0399999991  0.993067622  0.993599415
  0.00999999978  0.0399999991  0.848867774  0.867528319
  0.0199999996  0.0399999991  0.623877943  0.675226152
  0.0299999993  0.0399999991  0.458729804  0.522904098
  0.0399999991  0.0399999991  0.349805087  0.413755745
  0.049999997  0.0399999991  0.276791334  0.335527509
  0.0599999949  0.0399999991  0.225982875  0.278340459
  0.0699999928  0.0399999991  0.189210087  0.235416129
  0.0799999908  0.0399999991  0.161630318  0.202422827
  0.0899999887  0.0399999991  0.140305519  0.176458463
  0.0999999866  0.0399999991  0.123388022  0.155605495
  0.109999985  0.0399999991  0.109672934  0.138550997
  0.119999982  0.0399999991  0.0983515829  0.124384359
  0.12999998  0.0399999991  0.0888639018  0.112458088
  0.139999986  0.0399999991  0.0808086097  0.102297001
  0.149999991  0.0399999991  0.073894836  0.0935569704
  0.159999996  0.0399999991  0.0679062679  0.085969992
  0.170000002  0.0399999991  0.0626747757  0.0793363452
  0.180000007  0.0399999991  0.0580730885  0.0734944642
  0.190000013  0.0399999991  0.0540018268  0.068322584
  0.200000018  0.0399999991  0.0503792278  0.0637200624
  0.210000023  0.0399999991  0.0471396819  0.0596023798
  0.220000029  0.0399999991  0.0442307331  0.0559047684
  0.230000034  0.0399999991  0.0416082144  0.052571483
  0.240000039  0.0399999991  0.0392361693  0.0495570563
  0.25000003  0.0399999991  0.0370837674  0.0468219556
  0.26000002  0.0399999991  0.0351248272  0.0443338044
  0.270000011  0.0399999991  0.0333378017  0.0420645922
  0.280000001  0.0399999991  0.0317037553  0.0399901234
  0.289999992  0.0399999991  0.0302065872  0.0380897596
  0.299999982  0.0399999991  0.0288322307  0.0363463052
 0.0  0.049999997  0.93077302  0.931644797
  0.00999999978  0.049999997  0.789349973  0.816761076
  0.0199999996  0.049999997  0.582856119  0.643065393
  0.0299999993  0.049999997  0.434028208  0.50273037
  0.0399999991  0.049999997  0.33520627  0.400859386
  0.049999997  0.049999997  0.267945975  0.327087313
  0.0599999949  0.049999997  0.220429972  0.272650123
  0.0699999928  0.049999997  0.185577989  0.231500775
  0.0799999908  0.049999997  0.159159377  0.199645221
  0.0899999887  0.049999997  0.138560608  0.174435243
  0.0999999866  0.049999997  0.122115418  0.154095158
  0.109999985  0.049999997  0.108715989  0.13739574
  0.119999982  0.049999997  0.0976148099  0.123483688
  0.12999998  0.049999997  0.0882826746  0.111740991
  0.139999986  0.049999997  0.0803418383  0.10171771
  0.149999991  0.049999997  0.0735151246  0.0930821672
  0.159999996  0.049999997  0.0675908253  0.0855746716
  0.170000002  0.049999997  0.0624103099  0.0790031701
  0.180000007  0.049999997  0.0578495078  0.0732120425
  0.190000013  0.049999997  0.0538103133  0.0680804551
  0.200000018  0.049999997  0.0502133071  0.0635101199
  0.210000023  0.049999997  0.0469957739  0.0594195686
  0.220000029  0.049999997  0.0441049933  0.0557446815
  0.230000034  0.049999997  0.0414974093  0.0524305701
  0.240000039  0.049999997  0.0391383022  0.0494324565
  0.25000003  0.049999997  0.0369966328  0.0467110537
  0.26000002  0.049999997  0.0350469723  0.0442347154
  0.270000011  0.049999997  0.0332680568  0.0419755802
  0.280000001  0.049999997  0.0316409059  0.0399101302
  0.289999992  0.049999997  0.0301496089  0.0380174704
  0.299999982  0.049999997  0.0287807472  0.036280904
 0.0  0.0599999949  0.837743938  0.839403391
  0.00999999978  0.0599999949  0.704527736  0.750463188
  0.0199999996  0.0599999949  0.531228721  0.602896869
  0.0299999993  0.0599999949  0.4049052  0.478341043
  0.0399999991  0.0599999949  0.318291157  0.385450482
  0.049999997  0.0599999949  0.257769793  0.317099065
  0.0599999949  0.0599999949  0.214015648  0.265962362
  0.0699999928  0.0599999949  0.1813519  0.226876527
  0.0799999908  0.0599999949  0.156261384  0.196353883
  0.0899999887  0.0599999949  0.136501133  0.172028318
  0.0999999866  0.0599999949  0.120602787  0.152290881
  0.109999985  0.0599999949  0.107574925  0.136013284
  0.119999982  0.0599999949  0.0967316031  0.122400194
  0.12999998  0.0599999949  0.087585181  0.110877097
  0.139999986  0.0599999949  0.0797813237  0.101020128
  0.149999991  0.0599999949  0.073054634  0.0925064608
  0.159999996  0.0599999949  0.0672095716  0.0850959942
  0.170000002  0.0599999949  0.062091276  0.0786010399
  0.180000007  0.0599999949  0.0575793609  0.0728700235
  0.190000013  0.0599999949  0.0535785966  0.0677868873
  0.200000018  0.0599999949  0.0500131026  0.063255474
  0.210000023  0.0599999949  0.0468212962  0.0591974668
  0.220000029  0.0599999949  0.0439520106  0.0555503033
  0.230000034  0.0599999949  0.041363176  0.0522596613
  0.240000039  0.0599999949  0.0390190817  0.0492807887
  0.25000003  0.0599999949  0.0368906595  0.0465762056
  0.26000002  0.0599999949  0.0349524282  0.044114396
  0.270000011  0.0599999949  0.0331829377  0.0418674536
  0.280000001  0.0599999949  0.0315643176  0.0398126133
  0.289999992  0.0599999949  0.0300803389  0.0379295312
  0.299999982  0.0599999949  0.0287179947  0.0362010524
 0.0  0.0699999928  0.698605001  0.745404363
  0.00999999978  0.0699999928  0.602266848  0.678418279
  0.0199999996  0.0699999928  0.473905057  0.557734132
  0.0299999993  0.0699999928  0.373310208  0.450875998
  0.0399999991  0.0699999928  0.300077349  0.368300498
  0.049999997  0.0699999928  0.24668695  0.305894166
  0.0599999949  0.0699999928  0.20694761  0.258424461
  0.0699999928  0.0699999928  0.176646963  0.221638024
  0.0799999908  0.0699999928  0.153003395  0.192607999
  0.0899999887  0.0699999928  0.134164721  0.169277012
  0.0999999866  0.0699999928  0.118875928  0.1502188
  0.109999985  0.0699999928  0.106264852  0.134419769
  0.119999982  0.0699999928  0.0957140476  0.121150412
  0.12999998  0.0699999928  0.0867779702  0.109878264
  0.139999986  0.0699999928  0.0791286379  0.100206733
  0.149999991  0.0699999928  0.072521843  0.0918365642
  0.159999996  0.0699999928  0.0667662919  0.0845384225
  0.170000002  0.0699999928  0.0617173649  0.0781291872
  0.180000007  0.0699999928  0.0572615936  0.0724684447
  0.190000013  0.0699999928  0.0533062443  0.0674417168
  0.200000018  0.0699999928  0.0497779474  0.0629563257
  0.210000023  0.0699999928  0.0466166623  0.0589377284
  0.220000029  0.0699999928  0.0437727123  0.0553223044
  0.230000034  0.0699999928  0.0412049815  0.052058395
  0.240000039  0.0699999928  0.0388790667  0.0491023995
  0.25000003  0.0699999928  0.0367660224  0.0464177988
  0.26000002  0.0699999928  0.0348409601  0.0439724699
  0.270000011  0.0699999928  0.0330832377  0.0417403392
  0.280000001  0.0699999928  0.0314745046  0.0396980308
  0.289999992  0.0699999928  0.0299992487  0.0378263108
  0.299999982  0.0699999928  0.0286443178  0.036107149
 0.0  0.0799999908  0.546817541  0.664739072
  0.00999999978  0.0799999908  0.500149727  0.606257439
  0.0199999996  0.0799999908  0.417097062  0.510567963
  0.0299999993  0.0799999908  0.341416895  0.421608567
  0.0399999991  0.0799999908  0.28134039  0.349783868
  0.049999997  0.0799999908  0.235101521  0.293781102
  0.0599999949  0.0799999908  0.19944194  0.250209332
  0.0699999928  0.0799999908  0.171577379  0.215891942
  0.0799999908  0.0799999908  0.14945206  0.188470751
  0.0899999887  0.0799999908  0.131595165  0.166223049
  0.0999999866  0.0799999908  0.116960898  0.147906616
  0.109999985  0.0799999908  0.104801327  0.132631898
  0.119999982  0.0799999908  0.0945705399  0.119740263
  0.12999998  0.0799999908  0.0858673155  0.10874632
  0.139999986  0.0799999908  0.0783913657  0.0992856622
  0.149999991  0.0799999908  0.0719151348  0.0910769552
  0.159999996  0.0799999908  0.0662608743  0.0839022845
  0.170000002  0.0799999908  0.0612924956  0.0775922835
  0.180000007  0.0799999908  0.0568993501  0.072010152
  0.190000013  0.0799999908  0.0529955253  0.0670472607
  0.200000018  0.0799999908  0.0495093167  0.0626155585
  0.210000023  0.0799999908  0.0463825427  0.058639776
  0.220000029  0.0799999908  0.0435674936  0.0550611243
  0.230000034  0.0799999908  0.0410240814  0.0518280752
  0.240000039  0.0799999908  0.0387188755  0.0488983989
  0.25000003  0.0799999908  0.036623463  0.0462355316
  0.26000002  0.0799999908  0.0347134322  0.0438098274
  0.270000011  0.0799999908  0.0329684988  0.0415942892
  0.280000001  0.0799999908  0.0313710943  0.0395666063
  0.289999992  0.0799999908  0.0299057234  0.0377071947
  0.299999982  0.0799999908  0.0285595581  0.0359994173
 0.0  0.0899999887  0.432056159  0.574356794
  0.00999999978  0.0899999887  0.414840609  0.536214292
  0.0199999996  0.0899999887  0.366202354  0.464149863
  0.0299999993  0.0899999887  0.311322778  0.3920542
  0.0399999991  0.0899999887  0.262964576  0.330661029
  0.049999997  0.0899999887  0.223416507  0.281095266
  0.0599999949  0.0899999887  0.191704825  0.24150455
  0.0699999928  0.0899999887  0.166261062  0.20974654
  0.0799999908  0.0899999887  0.145673946  0.184012264
  0.0899999887  0.0899999887  0.128829449  0.162905678
  0.0999999866  0.0899999887  0.114883453  0.145383149
  0.109999985  0.0899999887  0.103202641  0.13067022
  0.119999982  0.0899999887  0.0933146328  0.118186735
  0.12999998  0.0899999887  0.0848647356  0.107499003
  0.139999986  0.0899999887  0.0775760263  0.0982660651
  0.149999991  0.0899999887  0.0712414235  0.090231441
  0.159999996  0.0899999887  0.065699622  0.0831942931
  0.170000002  0.0899999887  0.0608181469  0.0769926384
  0.180000007  0.0899999887  0.0564957783  0.071499072
  0.190000013  0.0899999887  0.0526482426  0.0666077882
  0.200000018  0.0899999887  0.0492082126  0.0622329712
  0.210000023  0.0899999887  0.0461198911  0.0583063886
  0.220000029  0.0899999887  0.0433371253  0.054767888
  0.230000034  0.0899999887  0.0408206955  0.0515693426
  0.240000039  0.0899999887  0.0385384001  0.0486685559
  0.25000003  0.0899999887  0.0364625938  0.0460312814
  0.26000002  0.0899999887  0.0345697664  0.0436269008
  0.270000011  0.0899999887  0.0328395292  0.0414298996
  0.280000001  0.0899999887  0.0312549695  0.0394187309
  0.289999992  0.0899999887  0.0298009794  0.0375734121
  0.299999982  0.0899999887  0.0284642465  0.0358780846
 0.0  0.0999999866  0.354176164  0.4955571
  0.00999999978  0.0999999866  0.35236755  0.472871214
  0.0199999996  0.0999999866  0.323905677  0.420567453
  0.0299999993  0.0999999866  0.284254789  0.363247693
  0.0399999991  0.0999999866  0.245572194  0.311568916
  0.049999997  0.0999999866  0.21195443  0.268153667
  0.0599999949  0.0999999866  0.183914408  0.232500851
  0.0699999928  0.0999999866  0.160799369  0.203315422
  0.0799999908  0.0999999866  0.141734257  0.179302335
  0.0899999887  0.0999999866  0.125910893  0.159372091
  0.0999999866  0.0999999866  0.112669468  0.142677635
  0.109999985  0.0999999866  0.101485953  0.128555954
  0.119999982  0.0999999866  0.0919590592  0.116507314
  0.12999998  0.0999999866  0.0837735757  0.106138572
  0.139999986  0.0999999866  0.0766863823  0.0971508399
  0.149999991  0.0999999866  0.0705067068  0.089306131
  0.159999996  0.0999999866  0.0650840178  0.0824182481
  0.170000002  0.0999999866  0.0602975562  0.0763346553
  0.180000007  0.0999999866  0.0560501292  0.0709345043
  0.190000013  0.0999999866  0.0522649735  0.0661194399
  0.200000018  0.0999999866  0.048875913  0.0618109033
  0.210000023  0.0999999866  0.0458299592  0.0579371117
  0.220000029  0.0999999866  0.0430821031  0.0544435419
  0.230000034  0.0999999866  0.0405956097  0.0512827933
  0.240000039  0.0999999866  0.0383388437  0.0484144799
  0.25000003  0.0999999866  0.0362845957  0.0458045155
  0.26000002  0.0999999866  0.0344104394  0.0434241109
  0.270000011  0.0999999866  0.032696452  0.0412478261
  0.280000001  0.0999999866  0.0311258826  0.0392543226
  0.289999992  0.0999999866  0.0296838228  0.0374247953
  0.299999982  0.0999999866  0.0283582732  0.0357432738
 0.0  0.109999985  0.313673079  0.434175134
  0.00999999978  0.109999985  0.309519768  0.419209659
  0.0199999996  0.109999985  0.290201813  0.381308645
  0.0299999993  0.109999985  0.26067853  0.336099535
  0.0399999991  0.109999985  0.229521871  0.292974353
  0.049999997  0.109999985  0.200949088  0.255256772
  0.0599999949  0.109999985  0.176216036  0.223371834
  0.0699999928  0.109999985  0.155285895  0.196705937
  0.0799999908  0.109999985  0.137691766  0.174408346
  0.0899999887  0.109999985  0.122877255  0.15566963
  0.0999999866  0.109999985  0.110344477  0.139818415
  0.109999985  0.109999985  0.0996705294  0.12630935
  0.119999982  0.109999985  0.0905153677  0.114710875
  0.12999998  0.109999985  0.082606703  0.104680419
  0.139999986  0.109999985  0.0757291615  0.0959510207
  0.149999991  0.109999985  0.0697128177  0.0883079842
  0.159999996  0.109999985  0.0644167289  0.0815760642
  0.170000002  0.109999985  0.059731666  0.0756185725
  0.180000007  0.109999985  0.0555672422  0.0703220293
  0.190000013  0.109999985  0.0518481135  0.0655916408
  0.200000018  0.109999985  0.0485136956  0.0613506921
  0.210000023  0.109999985  0.0455131382  0.0575342067
  0.220000029  0.109999985  0.042803891  0.0540890768
  0.230000034  0.109999985  0.0403496362  0.0509693474
  0.240000039  0.109999985  0.038120281  0.0481359288
  0.25000003  0.109999985  0.0360896923  0.0455562212
  0.26000002  0.109999985  0.0342357606  0.0432015583
  0.270000011  0.109999985  0.0325394459  0.0410479009
  0.280000001  0.109999985  0.0309842527  0.0390739553
  0.289999992  0.109999985  0.0295560323  0.0372619592
  0.299999982  0.109999985  0.028242033  0.03559516
 0.0  0.119999982  0.284173578  0.385479063
  0.00999999978  0.119999982  0.278804928  0.374850035
  0.0199999996  0.119999982  0.263489157  0.346784443
  0.0299999993  0.119999982  0.240442097  0.311094016
  0.0399999991  0.119999982  0.214945257  0.275240749
  0.049999997  0.119999982  0.190539703  0.242639929
  0.0599999949  0.119999982  0.168714195  0.214268073
  0.0699999928  0.119999982  0.149794877  0.190016702
  0.0799999908  0.119999982  0.133594975  0.169394404
  0.0899999887  0.119999982  0.119763546  0.151839584
  0.0999999866  0.119999982  0.107934408  0.136839092
  0.109999985  0.119999982  0.0977715105  0.123950921
  0.119999982  0.119999982  0.0889950544  0.112813517
  0.12999998  0.119999982  0.0813717693  0.10313379
  0.139999986  0.119999982  0.0747126266  0.0946726054
  0.149999991  0.119999982  0.0688657463  0.0872385502
  0.159999996  0.119999982  0.0637034029  0.0806738287
  0.170000002  0.119999982  0.059125606  0.0748507679
  0.180000007  0.119999982  0.0550470725  0.0696620792
  0.190000013  0.119999982  0.0513989739  0.0650197193
  0.200000018  0.119999982  0.0481228903  0.0608535558
  0.210000023  0.119999982  0.0451710299  0.0570990629
  0.220000029  0.119999982  0.0425026491  0.0537058115
  0.230000034  0.119999982  0.040083386  0.0506303348
  0.240000039  0.119999982  0.0378835835  0.0478345826
  0.25000003  0.119999982  0.0358784087  0.0452871807
  0.26000002  0.119999982  0.0340465046  0.0429606177
  0.270000011  0.119999982  0.032369148  0.0408309028
  0.280000001  0.119999982  0.0308305938  0.0388784036
  0.289999992  0.119999982  0.0294167381  0.037084505
  0.299999982  0.119999982  0.0281155892  0.0354343727
 0.0  0.12999998  0.2596699  0.346090227
  0.00999999978  0.12999998  0.254759222  0.3381401
  0.0199999996  0.12999998  0.241865426  0.316816896
  0.0299999993  0.12999998  0.223083258  0.28842029
  0.0399999991  0.12999998  0.20179978  0.258595049
  0.049999997  0.12999998  0.18078582  0.230480656
  0.0599999949  0.12999998  0.16148144  0.205315247
  0.0699999928  0.12999998  0.144380897  0.183330908
  0.0799999908  0.12999998  0.129488245  0.164319888
  0.0899999887  0.12999998  0.116601333  0.147923142
  0.0999999866  0.12999998  0.105459072  0.133764192
  0.109999985  0.12999998  0.0958047509  0.121498354
  0.119999982  0.12999998  0.0874099359  0.110830173
  0.12999998  0.12999998  0.0800766721  0.10150823
  0.139999986  0.12999998  0.073642157  0.0933236554
  0.149999991  0.12999998  0.0679698065  0.0861087665
  0.159999996  0.12999998  0.0629461706  0.0797166303
  0.170000002  0.12999998  0.0584810227  0.0740339756
  0.180000007  0.12999998  0.0544926263  0.0689574406
  0.190000013  0.12999998  0.0509188995  0.0644108951
  0.200000018  0.12999998  0.0477048755  0.0603215843
  0.210000023  0.12999998  0.0448048189  0.0566327795
  0.220000029  0.12999998  0.0421799272  0.0532948375
  0.230000034  0.12999998  0.0397972092  0.0502658114
  0.240000039  0.12999998  0.0376291461  0.0475105643
  0.25000003  0.12999998  0.0356512442  0.0449976176
  0.26000002  0.12999998  0.0338426083  0.0427007005
  0.270000011  0.12999998  0.0321858227  0.0405975133
  0.280000001  0.12999998  0.0306650512  0.0386674404
  0.289999992  0.12999998  0.0292666778  0.0368936434
  0.299999982  0.12999998  0.0279793162  0.0352610014
 0.0  0.139999986  0.239073455  0.31358549
  0.00999999978  0.139999986  0.234858662  0.307491213
  0.0199999996  0.139999986  0.223852247  0.29089582
  0.0299999993  0.139999986  0.208058104  0.268048376
  0.0399999991  0.139999986  0.189951554  0.243147582
  0.049999997  0.139999986  0.17168881  0.21889624
  0.0599999949  0.139999986  0.154553026  0.196606562
  0.0699999928  0.139999986  0.139086857  0.176720351
  0.0799999908  0.139999986  0.125404119  0.159233198
  0.0899999887  0.139999986  0.113413744  0.143951535
  0.0999999866  0.139999986  0.102938995  0.130619764
  0.109999985  0.139999986  0.0937856883  0.118972547
  0.119999982  0.139999986  0.0857703984  0.108774327
  0.12999998  0.139999986  0.0787298903  0.0998138934
  0.139999986  0.139999986  0.0725222081  0.0919129997
  0.149999991  0.139999986  0.0670294166  0.0849197954
  0.159999996  0.139999986  0.0621500872  0.0787077546
  0.170000002  0.139999986  0.0578002408  0.073169902
  0.180000007  0.139999986  0.0539064445  0.0682143569
  0.190000013  0.139999986  0.0504106022  0.0637643784
  0.200000018  0.139999986  0.0472611338  0.0597571954
  0.210000023  0.139999986  0.0444153324  0.0561369061
  0.220000029  0.139999986  0.0418362319  0.0528571121
  0.230000034  0.139999986  0.0394926667  0.0498776063
  0.240000039  0.139999986  0.0373580977  0.0471648611
  0.25000003  0.139999986  0.0354087651  0.0446886271
  0.26000002  0.139999986  0.0336251222  0.0424238108
  0.270000011  0.139999986  0.0319898538  0.0403478518
  0.280000001  0.139999986  0.0304879751  0.0384421386
  0.289999992  0.139999986  0.0291061308  0.0366893783
  0.299999982  0.139999986  0.0278334655  0.0350753553
 0.0  0.149999991  0.221454859  0.286437839
  0.00999999978  0.149999991  0.217926651  0.281623214
  0.0199999996  0.149999991  0.208461851  0.268441439
  0.0299999993  0.149999991  0.194887474  0.249832869
  0.0399999991  0.149999991  0.179229975  0.228918612
  0.049999997  0.149999991  0.163217336  0.207956791
  0.0599999949  0.149999991  0.147942722  0.1882146
  0.0699999928  0.149999991  0.133937031  0.170242444
  0.0799999908  0.149999991  0.12137235  0.15418151
  0.0899999887  0.149999991  0.110228166  0.139964774
  0.0999999866  0.149999991  0.100393713  0.127431124
  0.109999985  0.149999991  0.091728732  0.116392039
  0.119999982  0.149999991  0.084088698  0.106659278
  0.12999998  0.149999991  0.0773396343  0.0980617851
  0.139999986  0.149999991  0.0713628232  0.0904479697
  0.149999991  0.149999991  0.0660514683  0.0836823508
  0.159999996  0.149999991  0.0613181368  0.0776532963
  0.170000002  0.149999991  0.0570865497  0.0722645447
  0.180000007  0.149999991  0.0532906242  0.0674317405
  0.190000013  0.149999991  0.0498753488  0.063083224
  0.200000018  0.149999991  0.0467931703  0.0591614544
  0.210000023  0.149999991  0.044004038  0.0556131527
  0.220000029  0.149999991  0.0414728113  0.0523941182
  0.230000034  0.149999991  0.0391702615  0.0494669527
  0.240000039  0.149999991  0.0370707028  0.0467987955
  0.25000003  0.149999991  0.0351516269  0.0443613082
  0.26000002  0.149999991  0.0333942659  0.0421295762
  0.270000011  0.149999991  0.0317817666  0.0400829017
  0.280000001  0.149999991  0.0302998032  0.0382024497
  0.289999992  0.149999991  0.0289356932  0.0364721864
  0.299999982  0.149999991  0.0276783034  0.0348779187
 0.0  0.159999996  0.206258684  0.263426095
  0.00999999978  0.159999996  0.203285024  0.259556651
  0.0199999996  0.159999996  0.195047468  0.248902097
  0.0299999993  0.159999996  0.183184579  0.233560085
  0.0399999991  0.159999996  0.169466585  0.215873003
  0.049999997  0.159999996  0.155317023  0.197692677
  0.0599999949  0.159999996  0.141651019  0.180180341
  0.0699999928  0.159999996  0.128950119  0.163936809
  0.0799999908  0.159999996  0.11741031  0.149197295
  0.0899999887  0.159999996  0.107059218  0.135985553
  0.0999999866  0.159999996  0.0978368372  0.124219798
  0.109999985  0.159999996  0.0896455795  0.113771588
  0.119999982  0.159999996  0.0823731422  0.10449741
  0.12999998  0.159999996  0.0759136304  0.0962615907
  0.139999986  0.159999996  0.0701652616  0.0889335647
  0.149999991  0.159999996  0.0650388598  0.0823997483
  0.159999996  0.159999996  0.0604538284  0.0765566975
  0.170000002  0.159999996  0.0563436411  0.0713202283
  0.180000007  0.159999996  0.0526476018  0.0666131079
  0.190000013  0.159999996  0.0493151471  0.0623705164
  0.200000018  0.159999996  0.0463026948  0.0585366786
  0.210000023  0.159999996  0.0435721353  0.0550627671
  0.220000029  0.159999996  0.0410908088  0.051907368
  0.230000034  0.159999996  0.0388308391  0.0490344502
  0.240000039  0.159999996  0.0367676802  0.046412833
  0.25000003  0.159999996  0.034880396  0.0440156274
  0.26000002  0.159999996  0.0331505686  0.0418189503
  0.270000011  0.159999996  0.0315620527  0.0398030132
  0.280000001  0.159999996  0.030100977  0.0379496068
  0.289999992  0.159999996  0.028755255  0.0362425931
  0.299999982  0.159999996  0.0275140908  0.0346689411
 0.0  0.170000002  0.193023205  0.243698776
  0.00999999978  0.170000002  0.190469533  0.240549624
  0.0199999996  0.170000002  0.183171228  0.231810376
  0.0299999993  0.170000002  0.172646731  0.219015107
  0.0399999991  0.170000002  0.160507962  0.203942642
  0.049999997  0.170000002  0.147932559  0.18810083
  0.0599999949  0.170000002  0.135668397  0.172530606
  0.0699999928  0.170000002  0.12413428  0.157835916
  0.0799999908  0.170000002  0.113533624  0.144307226
  0.0899999887  0.170000002  0.103923187  0.132036388
  0.0999999866  0.170000002  0.0952822566  0.121002302
  0.109999985  0.170000002  0.08754576  0.111124262
  0.119999982  0.170000002  0.0806341991  0.102302022
  0.12999998  0.170000002  0.074459359  0.094422169
  0.139999986  0.170000002  0.0689379126  0.0873784423
  0.149999991  0.170000002  0.0639954209  0.0810754076
  0.159999996  0.170000002  0.0595613085  0.0754221082
  0.170000002  0.170000002  0.0555736423  0.0703412145
  0.180000007  0.170000002  0.0519790538  0.0657624304
  0.190000013  0.170000002  0.0487320535  0.0616278946
  0.200000018  0.170000002  0.0457909405  0.0578847937
  0.210000023  0.170000002  0.0431208014  0.0544876419
  0.220000029  0.170000002  0.0406912006  0.051397942
  0.230000034  0.170000002  0.0384753533  0.0485812612
  0.240000039  0.170000002  0.0364501514  0.0460080579
  0.25000003  0.170000002  0.0345958136  0.0436528102
  0.26000002  0.170000002  0.0328943282  0.0414928645
  0.270000011  0.170000002  0.0313309841  0.0395086408
  0.280000001  0.170000002  0.0298918076  0.0376828648
  0.289999992  0.170000002  0.0285653584  0.0360009074
  0.299999982  0.170000002  0.0273411982  0.0344489664
 0.0  0.180000007  0.181410879  0.226601422
  0.00999999978  0.180000007  0.179130569  0.224031076
  0.0199999996  0.180000007  0.172491789  0.21677269
  0.0299999993  0.180000007  0.163034856  0.205986097
  0.0399999991  0.180000007  0.152223736  0.193037048
  0.049999997  0.180000007  0.141008258  0.179161802
  0.0599999949  0.180000007  0.129978836  0.165274188
  0.0699999928  0.180000007  0.119496264  0.151959002
  0.0799999908  0.180000007  0.109753124  0.139533237
  0.0899999887  0.180000007  0.100832447  0.128137842
  0.0999999866  0.180000007  0.0927397981  0.11779318
  0.109999985  0.180000007  0.0854407549  0.108464845
  0.119999982  0.180000007  0.0788770169  0.100078478
  0.12999998  0.180000007  0.0729821771  0.0925511494
  0.139999986  0.180000007  0.0676869452  0.0857908651
  0.149999991  0.180000007  0.0629273653  0.0797184333
  0.159999996  0.180000007  0.0586426929  0.0742551014
  0.170000002  0.180000007  0.0547793061  0.0693308488
  0.180000007  0.180000007  0.0512885042  0.0648828894
  0.190000013  0.180000007  0.0481277183  0.0608581267
  0.200000018  0.180000007  0.0452597924  0.0572076775
  0.210000023  0.180000007  0.0426515713  0.0538896285
  0.220000029  0.180000007  0.0402750336  0.0508675463
  0.230000034  0.180000007  0.0381047316  0.0481088422
  0.240000039  0.180000007  0.0361187682  0.0455856249
  0.25000003  0.180000007  0.0342984907  0.0432738066
  0.26000002  0.180000007  0.0326268561  0.0411519185
  0.270000011  0.180000007  0.0310891401  0.0392008014
  0.280000001  0.180000007  0.0296727251  0.0374041647
  0.289999992  0.180000007  0.0283663645  0.0357475542
  0.299999982  0.180000007  0.0271598306  0.0342183448
 0.0  0.190000013  0.171132565  0.21172823
  0.00999999978  0.190000013  0.168973833  0.209564149
  0.0199999996  0.190000013  0.162725061  0.203465998
  0.0299999993  0.190000013  0.154151678  0.194278106
  0.0399999991  0.190000013  0.144509628  0.183065593
  0.049999997  0.190000013  0.134497792  0.170840472
  0.0599999949  0.190000013  0.124569505  0.158406317
  0.0699999928  0.190000013  0.115033656  0.146312907
  0.0799999908  0.190000013  0.10607814  0.134889871
  0.0899999887  0.190000013  0.0977980644  0.124303602
  0.0999999866  0.190000013  0.0902224258  0.114611596
  0.109999985  0.190000013  0.0833393484  0.105806276
  0.119999982  0.190000013  0.0771116838  0.0978426561
  0.12999998  0.190000013  0.0714875385  0.0906550065
  0.139999986  0.190000013  0.0664149746  0.084174946
  0.149999991  0.190000013  0.0618368126  0.0783320144
  0.159999996  0.190000013  0.0577022545  0.0730578527
  0.170000002  0.190000013  0.0539636649  0.0682920292
  0.180000007  0.190000013  0.0505770519  0.0639765188
  0.190000013  0.190000013  0.0475041755  0.060063459
  0.200000018  0.190000013  0.044710435  0.05650758
  0.210000023  0.190000013  0.0421658792  0.0532702729
  0.220000029  0.190000013  0.0398434773  0.0503172725
  0.230000034  0.190000013  0.0377197638  0.0476180166
  0.240000039  0.190000013  0.0357742831  0.0451464877
  0.25000003  0.190000013  0.033989016  0.0428796783
  0.26000002  0.190000013  0.0323478058  0.0407965146
  0.270000011  0.190000013  0.0308372639  0.0388798602
  0.280000001  0.190000013  0.0294443928  0.0371132046
  0.289999992  0.190000013  0.0281586144  0.0354831964
  0.299999982  0.190000013  0.0269705057  0.033977434
 0.0  0.200000018  0.161928073  0.198630095
  0.00999999978  0.200000018  0.159683883  0.196800485
  0.0199999996  0.200000018  0.153608322  0.191629678
  0.0299999993  0.200000018  0.145852804  0.18372725
  0.0399999991  0.200000018  0.137288973  0.173935518
  0.049999997  0.200000018  0.128365174  0.1630968
  0.0599999949  0.200000018  0.119429126  0.151916862
  0.0699999928  0.200000018  0.110750422  0.140903786
  0.0799999908  0.200000018  0.102513269  0.130385354
  0.0899999887  0.200000018  0.0948252231  0.120544471
  0.0999999866  0.200000018  0.0877346769  0.111462131
  0.109999985  0.200000018  0.0812470987  0.103154287
  0.119999982  0.200000018  0.0753419921  0.0955955535
  0.12999998  0.200000018  0.0699832439  0.0887423381
  0.139999986  0.200000018  0.0651265904  0.082537055
  0.149999991  0.200000018  0.0607281625  0.0769211277
  0.159999996  0.200000018  0.0567429252  0.0718370155
  0.170000002  0.200000018  0.0531290919  0.0672279969
  0.180000007  0.200000018  0.049847357  0.0630462542
  0.190000013  0.200000018  0.0468630902  0.059246093
  0.200000018  0.200000018  0.0441445932  0.0557858869
  0.210000023  0.200000018  0.0416643694  0.0526309684
  0.220000029  0.200000018  0.0393973589  0.0497484915
  0.230000034  0.200000018  0.0373215005  0.0471103787
  0.240000039  0.200000018  0.035417363  0.044691667
  0.25000003  0.200000018  0.0336680152  0.0424707457
  0.26000002  0.200000018  0.0320585854  0.0404279307
  0.270000011  0.200000018  0.0305753089  0.038546294
  0.280000001  0.200000018  0.0292069241  0.0368109383
  0.289999992  0.200000018  0.0279425867  0.03520827
  0.299999982  0.200000018  0.0267734323  0.0337267071
 0.0  0.210000023  0.153790921  0.186968684
  0.00999999978  0.210000023  0.150813445  0.185471401
  0.0199999996  0.210000023  0.144903988  0.181049809
  0.0299999993  0.210000023  0.138034731  0.174185574
  0.0399999991  0.210000023  0.130510449  0.16555953
  0.049999997  0.210000023  0.122586913  0.155886859
  0.0599999949  0.210000023  0.114547506  0.145787641
  0.0699999928  0.210000023  0.106642976  0.135726437
  0.0799999908  0.210000023  0.0990618765  0.126023814
  0.0899999887  0.210000023  0.0919208452  0.116866842
  0.0999999866  0.210000023  0.0852835253  0.108354039
  0.109999985  0.210000023  0.0791710615  0.100518063
  0.119999982  0.210000023  0.0735751688  0.0933509842
  0.12999998  0.210000023  0.0684710518  0.0868199989
  0.139999986  0.210000023  0.0638266504  0.0808825716
  0.149999991  0.210000023  0.0596054792  0.0754910111
  0.159999996  0.210000023  0.0557679385  0.0705931485
  0.170000002  0.210000023  0.0522783063  0.0661432743
  0.180000007  0.210000023  0.0491015315  0.0620951056
  0.190000013  0.210000023  0.0462065041  0.0584084243
  0.200000018  0.210000023  0.0435641594  0.0550455675
  0.210000023  0.210000023  0.041149132  0.0519737303
  0.220000029  0.210000023  0.038938079  0.0491628051
  0.230000034  0.210000023  0.0369107872  0.0465866737
  0.240000039  0.210000023  0.0350490212  0.0442220867
  0.25000003  0.210000023  0.0333366431  0.0420484208
  0.26000002  0.210000023  0.0317592733  0.040046718
  0.270000011  0.210000023  0.0303044897  0.0382012166
  0.280000001  0.210000023  0.028960811  0.0364977382
  0.289999992  0.210000023  0.0277185645  0.0349232331
  0.299999982  0.210000023  0.0265689306  0.033466652
 0.0  0.220000029  0.14588353  0.17664291
  0.00999999978  0.220000029  0.141668364  0.175375983
  0.0199999996  0.220000029  0.13647069  0.171548128
  0.0299999993  0.220000029  0.130656838  0.165520057
  0.0399999991  0.220000029  0.124153465  0.157855645
  0.049999997  0.220000029  0.117147766  0.149165884
  0.0599999949  0.220000029  0.109916374  0.139995322
  0.0699999928  0.220000029  0.102709599  0.130773872
  0.0799999908  0.220000029  0.0957251191  0.121804267
  0.0899999887  0.220000029  0.0890880153  0.113274574
  0.0999999866  0.220000029  0.0828745142  0.105294041
  0.109999985  0.220000029  0.0771155432  0.097904183
  0.119999982  0.220000029  0.0718143582  0.091109328
  0.12999998  0.220000029  0.0669572204  0.0848919153
  0.139999986  0.220000029  0.0625201985  0.0792172775
  0.149999991  0.220000029  0.0584717169  0.0740454942
  0.159999996  0.220000029  0.0547800027  0.0693326741
  0.170000002  0.220000029  0.0514134765  0.0650399476
  0.180000007  0.220000029  0.0483415425  0.0611256175
  0.190000013  0.220000029  0.0455356799  0.0575525761
  0.200000018  0.220000029  0.0429701768  0.0542876907
  0.210000023  0.220000029  0.0406207442  0.0512995869
  0.220000029  0.220000029  0.0384669341  0.0485617965
  0.230000034  0.220000029  0.036488723  0.0460485667
  0.240000039  0.220000029  0.0346699432  0.0437389538
  0.25000003  0.220000029  0.0329951383  0.0416131951
  0.26000002  0.220000029  0.0314505622  0.0396535844
  0.270000011  0.220000029  0.0300245062  0.0378451981
  0.280000001  0.220000029  0.0287066121  0.0361742117
  0.289999992  0.220000029  0.0274869893  0.0346285738
  0.299999982  0.220000029  0.0263574533  0.0331975557
 0.0  0.230000034  0.13393712  0.167354748
  0.00999999978  0.230000034  0.131997645  0.166356549
  0.0199999996  0.230000034  0.128364205  0.162978321
  0.0299999993  0.230000034  0.123748556  0.157622039
  0.0399999991  0.230000034  0.118217878  0.150750622
  0.049999997  0.230000034  0.112041786  0.142887503
  0.0599999949  0.230000034  0.105530232  0.134519592
  0.0699999928  0.230000034  0.0989499241  0.126038209
  0.0799999908  0.230000034  0.0925043151  0.117726102
  0.0899999887  0.230000034  0.0863317177  0.109774642
  0.0999999866  0.230000034  0.080511719  0.102287844
  0.109999985  0.230000034  0.0750854909  0.09531755
  0.119999982  0.230000034  0.070066005  0.0888794512
  0.12999998  0.230000034  0.0654465109  0.08296334
  0.139999986  0.230000034  0.0612086989  0.0775442868
  0.149999991  0.230000034  0.0573294014  0.0725875273
  0.159999996  0.230000034  0.0537813008  0.0680586547
  0.170000002  0.230000034  0.0505370349  0.0639213547
  0.180000007  0.230000034  0.0475693345  0.060139671
  0.190000013  0.230000034  0.0448530838  0.056681145
  0.200000018  0.230000034  0.0423639119  0.0535139963
  0.210000023  0.230000034  0.0400809571  0.0506110191
  0.220000029  0.230000034  0.0379842259  0.0479462296
  0.230000034  0.230000034  0.0360564739  0.0454972684
  0.240000039  0.230000034  0.0342809819  0.0432431437
  0.25000003  0.230000034  0.0326441862  0.0411661044
  0.26000002  0.230000034  0.0311331879  0.0392492637
  0.270000011  0.230000034  0.0297367405  0.0374787599
  0.280000001  0.230000034  0.028444849  0.0358410068
  0.289999992  0.230000034  0.0272483099  0.0343249068
  0.299999982  0.230000034  0.0261392668  0.0329201967
 0.0  0.240000039  0.1230084  0.159437537
  0.00999999978  0.240000039  0.122673646  0.158239171
  0.0199999996  0.240000039  0.120841779  0.15520148
  0.0299999993  0.240000039  0.117379367  0.150389701
  0.0399999991  0.240000039  0.112717196  0.144173995
  0.049999997  0.240000039  0.107263491  0.137007266
  0.0599999949  0.240000039  0.101383328  0.129332498
  0.0699999928  0.240000039  0.0953572467  0.121502407
  0.0799999908  0.240000039  0.0893999934  0.113787428
  0.0899999887  0.240000039  0.0836507604  0.106363103
  0.0999999866  0.240000039  0.0781955048  0.0993348733
  0.109999985  0.240000039  0.0730834827  0.0927626491
  0.119999982  0.240000039  0.068330735  0.0866657421
  0.12999998  0.240000039  0.0639397353  0.081040144
  0.139999986  0.240000039  0.059896294  0.0758665055
  0.149999991  0.240000039  0.0561822206  0.0711211711
  0.159999996  0.240000039  0.0527751744  0.066773124
  0.170000002  0.240000039  0.0496512763  0.0627899691
  0.180000007  0.240000039  0.0467870273  0.0591407791
  0.190000013  0.240000039  0.0441593677  0.0557957515
  0.200000018  0.240000039  0.0417473055  0.0527269319
  0.210000023  0.240000039  0.0395309553  0.0499090664
  0.220000029  0.240000039  0.0374920592  0.0473184176
  0.230000034  0.240000039  0.0356142074  0.0449335724
  0.240000039  0.240000039  0.0338830203  0.0427359156
  0.25000003  0.240000039  0.032284759  0.0407080203
  0.26000002  0.240000039  0.0308076479  0.0388347879
  0.270000011  0.240000039  0.029441271  0.0371023566
  0.280000001  0.240000039  0.028175896  0.0354987569
  0.289999992  0.240000039  0.0270028654  0.0340127498
  0.299999982  0.240000039  0.0259147789  0.0326347463
 0.0  0.25000003  0.113364108  0.15172039
  0.00999999978  0.25000003  0.114751801  0.150829569
  0.0199999996  0.25000003  0.114201941  0.148104042
  0.0299999993  0.25000003  0.111623608  0.143739447
  0.0399999991  0.25000003  0.107657358  0.138061076
  0.049999997  0.25000003  0.102807291  0.131486103
  0.0599999949  0.25000003  0.0974652693  0.124408968
  0.0699999928  0.25000003  0.0919290334  0.117159516
  0.0799999908  0.25000003  0.0864086449  0.109980769
  0.0899999887  0.25000003  0.0810457915  0.103039205
  0.0999999866  0.25000003  0.0759305954  0.0964415744
  0.109999985  0.25000003  0.0711117983  0.0902433917
  0.119999982  0.25000003  0.0666146651  0.0844710097
  0.12999998  0.25000003  0.0624411032  0.0791231319
  0.139999986  0.25000003  0.0585852973  0.0741905719
  0.149999991  0.25000003  0.0550323203  0.0696512237
  0.159999996  0.25000003  0.0517632477  0.0654796362
  0.170000002  0.25000003  0.0487581342  0.0616487637
  0.180000007  0.25000003  0.0459960997  0.0581303723
  0.190000013  0.25000003  0.043456953  0.0548985004
  0.200000018  0.25000003  0.0411213599  0.0519280583
  0.210000023  0.25000003  0.0389713794  0.0491951853
  0.220000029  0.25000003  0.0369905829  0.0466785431
  0.230000034  0.25000003  0.035163492  0.0443587229
  0.240000039  0.25000003  0.0334765911  0.0422178544
  0.25000003  0.25000003  0.0319174454  0.0402397513
  0.26000002  0.25000003  0.030474823  0.0384108201
  0.270000011  0.25000003  0.0291387793  0.036717318
  0.280000001  0.25000003  0.027900232  0.0351479314
  0.289999992  0.25000003  0.0267511457  0.0336925723
  0.299999982  0.25000003  0.0256843269  0.0323417522
 0.0  0.26000002  0.107908763  0.144840851
  0.00999999978  0.26000002  0.108794391  0.144061595
  0.0199999996  0.26000002  0.108580261  0.141596437
  0.0299999993  0.26000002  0.106500894  0.137591094
  0.0399999991  0.26000002  0.103029728  0.13235727
  0.049999997  0.26000002  0.0986555144  0.12628144
  0.0599999949  0.26000002  0.0937674195  0.119726419
  0.0699999928  0.26000002  0.0886563957  0.112991713
  0.0799999908  0.26000002  0.0835267752  0.106299527
  0.0899999887  0.26000002  0.0785172954  0.0998047963
  0.0999999866  0.26000002  0.0737158805  0.0936067328
  0.109999985  0.26000002  0.0691739246  0.0877622217
  0.119999982  0.26000002  0.0649171099  0.0822971687
  0.12999998  0.26000002  0.0609531142  0.0772191212
  0.139999986  0.26000002  0.0572782904  0.0725183114
  0.149999991  0.26000002  0.0538816527  0.0681795925
  0.159999996  0.26000002  0.0507477559  0.0641810447
  0.170000002  0.26000002  0.0478595681  0.060500022
  0.180000007  0.26000002  0.0451985858  0.0571112558
  0.190000013  0.26000002  0.0427471474  0.053991992
  0.200000018  0.26000002  0.0404877253  0.0511189885
  0.210000023  0.26000002  0.0384041928  0.0484708697
  0.220000029  0.26000002  0.0364811979  0.0460290089
  0.230000034  0.26000002  0.0347049721  0.0437741242
  0.240000039  0.26000002  0.0330627076  0.0416902415
  0.25000003  0.26000002  0.0315428525  0.0397627987
  0.26000002  0.26000002  0.0301350765  0.0379779264
  0.270000011  0.26000002  0.0288295839  0.036323715
  0.280000001  0.26000002  0.0276183262  0.0347893015
  0.289999992  0.26000002  0.0264935084  0.0333648808
  0.299999982  0.26000002  0.025448367  0.0320417732
 0.0  0.270000011  0.104359627  0.13862139
  0.00999999978  0.270000011  0.104370587  0.137869522
  0.0199999996  0.270000011  0.103885174  0.135603368
  0.0299999993  0.270000011  0.10197302  0.131883428
  0.0399999991  0.270000011  0.0988058001  0.127010137
  0.049999997  0.270000011  0.0947869569  0.121356413
  0.0599999949  0.270000011  0.0902714133  0.115258291
  0.0699999928  0.270000011  0.0855287239  0.108984724
  0.0799999908  0.270000011  0.0807477012  0.102735251
  0.0899999887  0.270000011  0.0760608166  0.0966532156
  0.0999999866  0.270000011  0.0715515986  0.0908289328
  0.109999985  0.270000011  0.0672690421  0.0853186026
  0.119999982  0.270000011  0.0632413551  0.0801482424
  0.12999998  0.270000011  0.0594778433  0.0753280595
  0.139999986  0.270000011  0.0559774414  0.0708526
  0.149999991  0.270000011  0.0527328327  0.0667091906
  0.159999996  0.270000011  0.0497310236  0.062880367
  0.170000002  0.270000011  0.0469572544  0.0593461953
  0.180000007  0.270000011  0.0443960167  0.0560856611
  0.190000013  0.270000011  0.0420312434  0.0530774929
  0.200000018  0.270000011  0.0398475602  0.0503015853
  0.210000023  0.270000011  0.0378300026  0.0477383509
  0.220000029  0.270000011  0.0359650813  0.0453704856
  0.230000034  0.270000011  0.034239538  0.0431806147
  0.240000039  0.270000011  0.0326421931  0.0411543921
  0.25000003  0.270000011  0.0311617777  0.0392772965
  0.26000002  0.270000011  0.0297886282  0.0375370905
  0.270000011  0.270000011  0.0285144243  0.0359226391
  0.280000001  0.270000011  0.0273306482  0.0344233625
  0.289999992  0.270000011  0.0262303837  0.0330302864
  0.299999982  0.270000011  0.0252071321  0.0317352153
 0.0  0.280000001  0.10093461  0.132807642
  0.00999999978  0.280000001  0.100721471  0.132174477
  0.0199999996  0.280000001  0.0998920947  0.13005887
  0.0299999993  0.280000001  0.0979441479  0.126550585
  0.0399999991  0.280000001  0.0949337482  0.121971026
  0.049999997  0.280000001  0.0911707878  0.116678685
  0.0599999949  0.280000001  0.0869589299  0.110983416
  0.0699999928  0.280000001  0.0825340077  0.105124377
  0.0799999908  0.280000001  0.0780667365  0.0992828086
  0.0899999887  0.280000001  0.0736750588  0.0935832486
  0.0999999866  0.280000001  0.0694367811  0.0881104544
  0.109999985  0.280000001  0.0653990507  0.0829163492
  0.119999982  0.280000001  0.0615886524  0.0780276507
  0.12999998  0.280000001  0.0580168813  0.0734549686
  0.139999986  0.280000001  0.0546853729  0.0691965222
  0.149999991  0.280000001  0.0515879244  0.0652429536
  0.159999996  0.280000001  0.0487145856  0.0615797266
  0.170000002  0.280000001  0.0460529849  0.0581897683
  0.180000007  0.280000001  0.0435899012  0.0550553203
  0.190000013  0.280000001  0.0413107164  0.0521570295
  0.200000018  0.280000001  0.0392019674  0.0494770855
  0.210000023  0.280000001  0.037250109  0.0469983816
  0.220000029  0.280000001  0.0354426764  0.0447041616
  0.230000034  0.280000001  0.0337681398  0.0425795987
  0.240000039  0.280000001  0.0322154574  0.0406105928
  0.25000003  0.280000001  0.0307746194  0.0387843959
  0.26000002  0.280000001  0.0294368975  0.0370891169
  0.270000011  0.280000001  0.0281936899  0.0355144627
  0.280000001  0.280000001  0.02703771  0.0340507329
  0.289999992  0.280000001  0.0259621833  0.0326892249
  0.299999982  0.280000001  0.0249610189  0.0314223953
 0.0  0.289999992  0.0978134498  0.127526388
  0.00999999978  0.289999992  0.0974815637  0.126931936
  0.0199999996  0.289999992  0.0963761061  0.124900475
  0.0299999993  0.289999992  0.0943005532  0.121534437
  0.0399999991  0.289999992  0.0913487896  0.117189229
  0.049999997  0.289999992  0.0877688825  0.112211198
  0.0599999949  0.289999992  0.0838075578  0.106877901
  0.0699999928  0.289999992  0.0796616524  0.101400003
  0.0799999908  0.289999992  0.0754770935  0.0959334522
  0.0899999887  0.289999992  0.0713571683  0.0905932933
  0.0999999866  0.289999992  0.0673714653  0.0854505971
  0.109999985  0.289999992  0.0635640919  0.0805564597
  0.119999982  0.289999992  0.0599602312  0.0759361759
  0.12999998  0.289999992  0.0565721504  0.0716012716
  0.139999986  0.289999992  0.0534030646  0.0675524622
  0.149999991  0.289999992  0.0504481532  0.0637831017
  0.159999996  0.289999992  0.0477004535  0.0602816381
  0.170000002  0.289999992  0.045148693  0.0570330583
  0.180000007  0.289999992  0.0427817553  0.0540220588
  0.190000013  0.289999992  0.0405867547  0.0512320884
  0.200000018  0.289999992  0.038552314  0.0486471914
  0.210000023  0.289999992  0.0366653912  0.0462520458
  0.220000029  0.289999992  0.0349155515  0.0440317616
  0.230000034  0.289999992  0.0332915969  0.0419722311
  0.240000039  0.289999992  0.0317836292  0.0400604606
  0.25000003  0.289999992  0.0303824507  0.0382847004
  0.26000002  0.289999992  0.0290798191  0.0366346464
  0.270000011  0.289999992  0.0278679803  0.0351000316
  0.280000001  0.289999992  0.0267398749  0.0336719379
  0.289999992  0.289999992  0.0256892927  0.0323423818
  0.299999982  0.289999992  0.0247103982  0.0311039481
 0.0  0.299999982  0.0948977247  0.122672394
  0.00999999978  0.299999982  0.0945047885  0.12208876
  0.0199999996  0.299999982  0.0931655094  0.120063804
  0.0299999993  0.299999982  0.0909293219  0.116778597
  0.0399999991  0.299999982  0.0879848301  0.112625316
  0.049999997  0.299999982  0.0845427513  0.107926339
  0.0599999949  0.299999982  0.0807946473  0.102923289
  0.0699999928  0.299999982  0.0768976808  0.097797364
  0.0799999908  0.299999982  0.0729710013  0.0926837549
  0.0899999887  0.299999982  0.0691030696  0.0876778737
  0.0999999866  0.299999982  0.0653540492  0.0828483626
  0.109999985  0.299999982  0.0617641918  0.0782390013
  0.119999982  0.299999982  0.0583575517  0.0738753453
  0.12999998  0.299999982  0.055145517  0.0697691068
  0.139999986  0.299999982  0.0521323271  0.0659229308
  0.149999991  0.299999982  0.0493159667  0.0623322502
  0.159999996  0.299999982  0.0466898978  0.058987923
  0.170000002  0.299999982  0.0442452319  0.0558773056
  0.180000007  0.299999982  0.0419727229  0.0529880375
  0.190000013  0.299999982  0.0398611575  0.0503049456
  0.200000018  0.299999982  0.037899442  0.0478143208
  0.210000023  0.299999982  0.0360772274  0.0455016419
  0.220000029  0.299999982  0.0343842134  0.0433541425
  0.230000034  0.299999982  0.03281058  0.041358985
  0.240000039  0.299999982  0.0313471854  0.0395043567
  0.25000003  0.299999982  0.0299855042  0.0377795659
  0.26000002  0.299999982  0.0287182219  0.0361744277
  0.270000011  0.299999982  0.0275377482  0.0346798897
  0.280000001  0.299999982  0.0264376961  0.0332877003
  0.289999992  0.299999982  0.0254121795  0.0319901854
  0.299999982  0.299999982  0.0244556293  0.0307802968
