 0.0  0.0  0.998361886  1.
  0.00999999978  0.  0.868354976  0.876516342
  0.0199999996  0.  0.6537323  0.675690532
  0.0299999993  0.  0.484373301  0.514441967
  0.0399999991  0.  0.367343992  0.399157077
  0.049999997  0.  0.288108408  0.318263024
  0.0599999949  0.  0.233240053  0.260490537
  0.0699999928  0.  0.193990275  0.218187705
  0.0799999908  0.  0.16488491  0.186279058
  0.0899999887  0.  0.142594308  0.161543772
  0.0999999866  0.  0.125044391  0.141908586
  0.109999985  0.  0.110901251  0.125993609
  0.119999982  0.  0.0992793962  0.112863459
  0.12999998  0.  0.089574717  0.101869054
  0.139999986  0.  0.0813619867  0.092545256
  0.149999991  0.  0.074330464  0.0845509171
  0.159999996  0.  0.0682521611  0.0776340365
  0.170000002  0.  0.0629541799  0.0716001019
  0.180000007  0.  0.0583028346  0.0663000494
  0.190000013  0.  0.0541922599  0.0616151467
  0.200000018  0.  0.0505404323  0.0574515127
  0.210000023  0.  0.0472798049  0.0537340939
  0.220000029  0.  0.0443552323  0.0503996238
  0.230000034  0.  0.0417216532  0.0473970324
  0.240000039  0.  0.0393408984  0.0446830429
  0.25000003  0.  0.0371815935  0.0422220528
  0.26000002  0.  0.0352170318  0.0399829149
  0.270000011  0.  0.0334239081  0.0379397497
  0.280000001  0.  0.03178313  0.0360705517
  0.289999992  0.  0.030277608  0.0343557261
  0.299999982  0.  0.0288924705  0.0327784605
 0.0  0.00999999978  1.  1.
  0.00999999978  0.00999999978  0.86984235  0.87782979
  0.0199999996  0.00999999978  0.650780499  0.673018992
  0.0299999993  0.00999999978  0.481321305  0.511621654
  0.0399999991  0.00999999978  0.365104347  0.396994025
  0.049999997  0.00999999978  0.286436707  0.316566259
  0.0599999949  0.00999999978  0.232056573  0.25926435
  0.0699999928  0.00999999978  0.19311744  0.217246115
  0.0799999908  0.00999999978  0.164234728  0.18556492
  0.0899999887  0.00999999978  0.142105356  0.161002368
  0.0999999866  0.00999999978  0.124675415  0.14149569
  0.109999985  0.00999999978  0.110622868  0.125680536
  0.119999982  0.00999999978  0.0990727842  0.112630434
  0.12999998  0.00999999978  0.0894237459  0.101697251
  0.139999986  0.00999999978  0.0812538862  0.092422761
  0.149999991  0.00999999978  0.074255012  0.0844649747
  0.159999996  0.00999999978  0.0682001561  0.077575177
  0.170000002  0.00999999978  0.0629197657  0.0715610757
  0.180000007  0.00999999978  0.0582799986  0.0662743449
  0.190000013  0.00999999978  0.0541767702  0.0615969673
  0.200000018  0.00999999978  0.0505276397  0.0574370548
  0.210000023  0.00999999978  0.0472676158  0.0537203141
  0.220000029  0.00999999978  0.0443414971  0.0503839329
  0.230000034  0.00999999978  0.0417046808  0.0473778024
  0.240000039  0.00999999978  0.0393202342  0.044659555
  0.25000003  0.00999999978  0.0371576436  0.0421946235
  0.26000002  0.00999999978  0.0351896435  0.0399517231
  0.270000011  0.00999999978  0.0333950743  0.0379069671
  0.280000001  0.00999999978  0.0317543559  0.0360378101
  0.289999992  0.00999999978  0.0302509274  0.0343255997
  0.299999982  0.00999999978  0.0288719125  0.0327547379
 0.0  0.0199999996  1.  1.
  0.00999999978  0.0199999996  0.865556002  0.873551846
  0.0199999996  0.0199999996  0.64236939  0.665618002
  0.0299999993  0.0199999996  0.474325299  0.505448699
  0.0399999991  0.0199999996  0.360327035  0.392617077
  0.049999997  0.0199999996  0.283417761  0.31365785
  0.0599999949  0.0199999996  0.23012957  0.257336259
  0.0699999928  0.0199999996  0.191858754  0.215950876
  0.0799999908  0.0199999996  0.163382322  0.184660867
  0.0899999887  0.0199999996  0.14150691  0.160354748
  0.0999999866  0.0199999996  0.124240272  0.141019762
  0.109999985  0.0199999996  0.110297613  0.125320747
  0.119999982  0.0199999996  0.0988232121  0.112352446
  0.12999998  0.0199999996  0.089227885  0.101477452
  0.139999986  0.0199999996  0.0810969025  0.0922459364
  0.149999991  0.0199999996  0.0741267875  0.0843199939
  0.159999996  0.0199999996  0.0680939108  0.0774547011
  0.170000002  0.0199999996  0.0628309846  0.0714605898
  0.180000007  0.0199999996  0.0582048409  0.0661885217
  0.190000013  0.0199999996  0.0541125424  0.0615237132
  0.200000018  0.0199999996  0.0504727587  0.0573738441
  0.210000023  0.0199999996  0.0472196005  0.0536654927
  0.220000029  0.0199999996  0.0442993343  0.0503358878
  0.230000034  0.0199999996  0.0416677855  0.0473355725
  0.240000039  0.0199999996  0.0392874181  0.0446221754
  0.25000003  0.0199999996  0.037128374  0.0421610847
  0.26000002  0.0199999996  0.0351637341  0.0399221852
  0.270000011  0.0199999996  0.0333717503  0.0378803723
  0.280000001  0.0199999996  0.0317331813  0.0360137224
  0.289999992  0.0199999996  0.030232247  0.0343041718
  0.299999982  0.0199999996  0.0288549028  0.0327351317
 0.0  0.0299999993  0.998989701  0.999296069
  0.00999999978  0.0299999993  0.843334198  0.85221076
  0.0199999996  0.0299999993  0.625385046  0.650638342
  0.0299999993  0.0299999993  0.462178439  0.494690567
  0.0399999991  0.0299999993  0.352492601  0.385401577
  0.049999997  0.0299999993  0.2784729  0.308916181
  0.0599999949  0.0299999993  0.226980075  0.254172385
  0.0699999928  0.0299999993  0.189800143  0.213821605
  0.0799999908  0.0299999993  0.161983177  0.183179304
  0.0899999887  0.0299999993  0.14052324  0.159291923
  0.0999999866  0.0299999993  0.123524964  0.140234724
  0.109999985  0.0299999993  0.1097617  0.12472719
  0.119999982  0.0299999993  0.0984101892  0.11189048
  0.12999998  0.0299999993  0.0889024436  0.101113454
  0.139999986  0.0299999993  0.0808353499  0.0919514224
  0.149999991  0.0299999993  0.0739139318  0.0840803683
  0.159999996  0.0299999993  0.0679184273  0.0772558227
  0.170000002  0.0299999993  0.0626838952  0.0712932646
  0.180000007  0.0299999993  0.0580797046  0.0660466701
  0.190000013  0.0299999993  0.0540054962  0.0614020787
  0.200000018  0.0299999993  0.0503805093  0.057269685
  0.210000023  0.0299999993  0.0471396223  0.053574264
  0.220000029  0.0299999993  0.0442294404  0.0502562299
  0.230000034  0.0299999993  0.0416059271  0.0472651869
  0.240000039  0.0299999993  0.0392331295  0.044560153
  0.25000003  0.0299999993  0.0370798856  0.0421058126
  0.26000002  0.0299999993  0.0351204462  0.0398728102
  0.270000011  0.0299999993  0.0333328433  0.0378359817
  0.280000001  0.0299999993  0.0316983573  0.0359738618
  0.289999992  0.0299999993  0.0302006807  0.0342681557
  0.299999982  0.0299999993  0.0288262628  0.0327026732
 0.0  0.0399999991  0.921339154  0.922091782
  0.00999999978  0.0399999991  0.801176488  0.812472105
  0.0199999996  0.0399999991  0.598204136  0.626815856
  0.0299999993  0.0399999991  0.444646001  0.479035974
  0.0399999991  0.0399999991  0.341595799  0.375261068
  0.049999997  0.0399999991  0.271729499  0.302364379
  0.0599999949  0.0399999991  0.222710714  0.249872342
  0.0699999928  0.0399999991  0.186993957  0.210903496
  0.0799999908  0.0399999991  0.16007185  0.181142703
  0.0899999887  0.0399999991  0.13917166  0.157826543
  0.0999999866  0.0399999991  0.122538514  0.139151409
  0.109999985  0.0399999991  0.109020978  0.123905085
  0.119999982  0.0399999991  0.09783943  0.111253463
  0.12999998  0.0399999991  0.0884538889  0.100609124
  0.139999986  0.0399999991  0.0804743022  0.0915437192
  0.149999991  0.0399999991  0.073618792  0.0837464333
  0.159999996  0.0399999991  0.0676748678  0.0769792199
  0.170000002  0.0399999991  0.0624786951  0.0710601434
  0.180000007  0.0399999991  0.0579051189  0.0658476427
  0.190000013  0.0399999991  0.053856384  0.0612322316
  0.200000018  0.0399999991  0.0502522811  0.0571236238
  0.210000023  0.0399999991  0.0470279418  0.0534470454
  0.220000029  0.0399999991  0.0441317409  0.0501448475
  0.230000034  0.0399999991  0.0415201373  0.0471670404
  0.240000039  0.0399999991  0.0391569473  0.0444731787
  0.25000003  0.0399999991  0.0370122567  0.0420286357
  0.26000002  0.0399999991  0.0350600407  0.0398037396
  0.270000011  0.0399999991  0.0332787186  0.0377741605
  0.280000001  0.0399999991  0.0316496864  0.0359183587
  0.289999992  0.0399999991  0.0301568359  0.0342178941
  0.299999982  0.0399999991  0.0287862495  0.0326572917
 0.0  0.049999997  0.851218343  0.851939261
  0.00999999978  0.049999997  0.745277464  0.762219667
  0.0199999996  0.049999997  0.560824513  0.594267786
  0.0299999993  0.049999997  0.421946138  0.458589911
  0.0399999991  0.049999997  0.328022927  0.362471402
  0.049999997  0.049999997  0.263421535  0.294211388
  0.0599999949  0.049999997  0.21743907  0.244510159
  0.0699999928  0.049999997  0.183518931  0.207265779
  0.0799999908  0.049999997  0.157691613  0.178597093
  0.0899999887  0.049999997  0.137482032  0.155988544
  0.0999999866  0.049999997  0.121300139  0.137788579
  0.109999985  0.049999997  0.108085886  0.122866541
  0.119999982  0.049999997  0.0971177593  0.1104462
  0.12999998  0.049999997  0.0878825635  0.0999678299
  0.139999986  0.049999997  0.0800153911  0.0910259932
  0.149999991  0.049999997  0.0732443109  0.0833226442
  0.159999996  0.049999997  0.0673635751  0.0766264349
  0.170000002  0.049999997  0.0622170419  0.0707630143
  0.180000007  0.049999997  0.0576834567  0.0655960292
  0.190000013  0.049999997  0.0536666922  0.061016243
  0.200000018  0.049999997  0.0500882752  0.056936264
  0.210000023  0.049999997  0.0468852334  0.0532841384
  0.220000029  0.049999997  0.0440067574  0.0500021465
  0.230000034  0.049999997  0.0414099246  0.0470413715
  0.240000039  0.049999997  0.0390597694  0.0443622842
  0.25000003  0.049999997  0.0369255655  0.0419296436
  0.26000002  0.049999997  0.0349825732  0.0397153348
  0.270000011  0.049999997  0.0332093127  0.0376948304
  0.280000001  0.049999997  0.0315870531  0.0358469896
  0.289999992  0.049999997  0.0301001649  0.0341533683
  0.299999982  0.049999997  0.0287349243  0.0325988755
 0.0  0.0599999949  0.797800541  0.798526227
  0.00999999978  0.0599999949  0.674487889  0.703231454
  0.0199999996  0.0599999949  0.514560938  0.55390954
  0.0299999993  0.0599999949  0.395179898  0.434052527
  0.0399999991  0.0599999949  0.312252492  0.347337693
  0.049999997  0.0599999949  0.25382483  0.28464061
  0.0599999949  0.0599999949  0.211332783  0.238226727
  0.0699999928  0.0599999949  0.179468796  0.202992007
  0.0799999908  0.0599999949  0.154896662  0.175588414
  0.0899999887  0.0599999949  0.135484755  0.153807893
  0.0999999866  0.0599999949  0.119827524  0.136162117
  0.109999985  0.0599999949  0.106971242  0.12162599
  0.119999982  0.0599999949  0.0962515771  0.109476611
  0.12999998  0.0599999949  0.0871970356  0.099196285
  0.139999986  0.0599999949  0.0794630945  0.0904027969
  0.149999991  0.0599999949  0.072789982  0.0828087255
  0.159999996  0.0599999949  0.0669864714  0.0761988163
  0.170000002  0.0599999949  0.0619016699  0.0704045519
  0.180000007  0.0599999949  0.057415776  0.0652913302
  0.190000013  0.0599999949  0.0534367822  0.0607550368
  0.200000018  0.0599999949  0.0498889014  0.0567094833
  0.210000023  0.0599999949  0.0467120185  0.0530866124
  0.220000029  0.0599999949  0.0438551307  0.0498290248
  0.230000034  0.0599999949  0.0412764736  0.046889022
  0.240000039  0.0599999949  0.0389411002  0.0442268625
  0.25000003  0.0599999949  0.0368200801  0.0418093652
  0.26000002  0.0599999949  0.0348884985  0.0396080203
  0.270000011  0.0599999949  0.0331246033  0.0375982337
  0.280000001  0.0599999949  0.0315108784  0.0357598439
  0.289999992  0.0599999949  0.0300313141  0.0340746157
  0.299999982  0.0599999949  0.0286724661  0.0325275585
 0.0  0.0699999928  0.678731024  0.724444211
  0.00999999978  0.0699999928  0.586143136  0.631564796
  0.0199999996  0.0699999928  0.462688059  0.507723153
  0.0299999993  0.0699999928  0.365918547  0.406602502
  0.0399999991  0.0699999928  0.295152843  0.330640763
  0.049999997  0.0699999928  0.243319765  0.273998916
  0.0599999949  0.0699999928  0.204583079  0.231195584
  0.0699999928  0.0699999928  0.174944162  0.198174804
  0.0799999908  0.0699999928  0.151747465  0.172178209
  0.0899999887  0.0699999928  0.133216351  0.151319712
  0.0999999866  0.0699999928  0.118143737  0.134298697
  0.109999985  0.0699999928  0.105689779  0.120196752
  0.119999982  0.0699999928  0.0952533185  0.108357586
  0.12999998  0.0699999928  0.0864042863  0.0983029976
  0.139999986  0.0699999928  0.0788204744  0.0896772146
  0.149999991  0.0699999928  0.0722639635  0.082211934
  0.159999996  0.0699999928  0.0665484667  0.0757020488
  0.170000002  0.0699999928  0.0615315624  0.0699840412
  0.180000007  0.0699999928  0.0571012497  0.0649333894
  0.190000013  0.0699999928  0.0531669445  0.0604475327
  0.200000018  0.0699999928  0.0496557876  0.0564432032
  0.210000023  0.0699999928  0.0465087108  0.0528549291
  0.220000029  0.0699999928  0.0436767675  0.0496256948
  0.230000034  0.0699999928  0.0411191545  0.0467096046
  0.240000039  0.0699999928  0.0388019457  0.0440679565
  0.25000003  0.0699999928  0.0366963409  0.041667942
  0.26000002  0.0699999928  0.0347775966  0.0394813865
  0.270000011  0.0699999928  0.0330254585  0.0374849588
  0.280000001  0.0699999928  0.0314214677  0.0356577113
  0.289999992  0.0699999928  0.0299505703  0.0339824632
  0.299999982  0.0699999928  0.0285991617  0.0324437916
 0.0  0.0799999908  0.543379903  0.609229922
  0.00999999978  0.0799999908  0.49317801  0.55019021
  0.0199999996  0.0799999908  0.410167754  0.45909974
  0.0299999993  0.0799999908  0.336048961  0.377705246
  0.0399999991  0.0799999908  0.277431488  0.312875271
  0.049999997  0.0799999908  0.232281566  0.262620568
  0.0599999949  0.0799999908  0.197386712  0.223599985
  0.0699999928  0.0799999908  0.17005676  0.192920029
  0.0799999908  0.0799999908  0.148305923  0.168426663
  0.0899999887  0.0799999908  0.130716547  0.148565054
  0.0999999866  0.0799999908  0.116274081  0.13222152
  0.109999985  0.0799999908  0.104256138  0.118595175
  0.119999982  0.0799999908  0.0941307619  0.107096978
  0.12999998  0.0799999908  0.0855083317  0.0972927585
  0.139999986  0.0799999908  0.0780933723  0.0888551697
  0.149999991  0.0799999908  0.0716648996  0.0815341622
  0.159999996  0.0799999908  0.066048868  0.075134933
  0.170000002  0.0799999908  0.0611109212  0.0695061907
  0.180000007  0.0799999908  0.0567423888  0.0645250827
  0.190000013  0.0799999908  0.0528589264  0.0600958057
  0.200000018  0.0799999908  0.0493891649  0.0561396331
  0.210000023  0.0799999908  0.046276249  0.0525896847
  0.220000029  0.0799999908  0.0434728749  0.0493928194
  0.230000034  0.0799999908  0.0409393422  0.0465043448
  0.240000039  0.0799999908  0.0386426002  0.0438861735
  0.25000003  0.0799999908  0.0365540907  0.0415055938
  0.26000002  0.0799999908  0.0346505642  0.039336469
  0.270000011  0.0799999908  0.0329111516  0.0373546556
  0.280000001  0.0799999908  0.0313184671  0.035540387
  0.289999992  0.0799999908  0.0298573617  0.0338761993
  0.299999982  0.0799999908  0.0285147  0.0323474817
 0.0  0.0899999887  0.431996405  0.496201068
  0.00999999978  0.0899999887  0.412110031  0.472907662
  0.0199999996  0.0899999887  0.362028122  0.412312567
  0.0299999993  0.0899999887  0.30749616  0.349110991
  0.0399999991  0.0899999887  0.259912223  0.294845045
  0.049999997  0.0899999887  0.221083239  0.250842899
  0.0599999949  0.0899999887  0.189936355  0.215622768
  0.0699999928  0.0899999887  0.164913535  0.187336102
  0.0799999908  0.0899999887  0.144637778  0.164399326
  0.0899999887  0.0899999887  0.128021151  0.145581156
  0.0999999866  0.0899999887  0.114243962  0.129958287
  0.109999985  0.0899999887  0.102689259  0.116839826
  0.119999982  0.0899999887  0.0928973332  0.105709113
  0.12999998  0.0899999887  0.0845202655  0.0961791649
  0.139999986  0.0899999887  0.0772892982  0.0879458338
  0.149999991  0.0899999887  0.0709996819  0.0807804093
  0.159999996  0.0899999887  0.0654940605  0.0745041743
  0.170000002  0.0899999887  0.0606412664  0.0689719841
  0.180000007  0.0899999887  0.0563428514  0.064069733
  0.190000013  0.0899999887  0.0525142848  0.0597042888
  0.200000018  0.0899999887  0.0490903519  0.0557988212
  0.210000023  0.0899999887  0.0460155681  0.0522923209
  0.220000029  0.0899999887  0.0432439744  0.0491317958
  0.230000034  0.0899999887  0.0407372713  0.0462737754
  0.240000039  0.0899999887  0.03846322  0.0436813608
  0.25000003  0.0899999887  0.0363944545  0.041323375
  0.26000002  0.0899999887  0.0345075913  0.0391732864
  0.270000011  0.0899999887  0.0327828228  0.0372080654
  0.280000001  0.0899999887  0.0312027968  0.0354084
  0.289999992  0.0899999887  0.029752722  0.0337569714
  0.299999982  0.0899999887  0.0284197219  0.0322392285
 0.0  0.0999999866  0.353985965  0.423081398
  0.00999999978  0.0999999866  0.350771874  0.41073212
  0.0199999996  0.0999999866  0.321224481  0.370441705
  0.0299999993  0.0999999866  0.28149873  0.32204026
  0.0399999991  0.0999999866  0.243193939  0.277163953
  0.049999997  0.0999999866  0.210037693  0.238990903
  0.0599999949  0.0999999866  0.18240492  0.20744364
  0.0699999928  0.0999999866  0.159616187  0.181526363
  0.0799999908  0.0999999866  0.140804574  0.160161406
  0.0899999887  0.0999999866  0.125172496  0.142412037
  0.0999999866  0.0999999866  0.112076841  0.127535194
  0.109999985  0.0999999866  0.101005644  0.114948824
  0.119999982  0.0999999866  0.0915647447  0.104208037
  0.12999998  0.0999999866  0.0834458619  0.0949649513
  0.139999986  0.0999999866  0.0764115527  0.0869513303
  0.149999991  0.0999999866  0.0702741072  0.0799561217
  0.159999996  0.0999999866  0.064884983  0.0738124102
  0.170000002  0.0999999866  0.0601260215  0.0683855116
  0.180000007  0.0999999866  0.0559013039  0.0635667965
  0.190000013  0.0999999866  0.0521342494  0.0592696406
  0.200000018  0.0999999866  0.0487604998  0.0554227978
  0.210000023  0.0999999866  0.0457273573  0.0519634858
  0.220000029  0.0999999866  0.0429906994  0.048842676
  0.230000034  0.0999999866  0.0405135676  0.0460183099
  0.240000039  0.0999999866  0.0382646173  0.0434546284
  0.25000003  0.0999999866  0.0362173766  0.0411211625
  0.26000002  0.0999999866  0.0343490988  0.0389922038
  0.270000011  0.0999999866  0.032640256  0.0370454155
  0.280000001  0.0999999866  0.0310742334  0.0352616087
  0.289999992  0.0999999866  0.0296364296  0.033623945
  0.299999982  0.0999999866  0.0283141192  0.0321187265
 0.0  0.109999985  0.311680615  0.373347402
  0.00999999978  0.109999985  0.307957679  0.36338377
  0.0199999996  0.109999985  0.288270056  0.334647983
  0.0299999993  0.109999985  0.25863415  0.29727456
  0.0399999991  0.109999985  0.227660686  0.260269225
  0.049999997  0.109999985  0.199376926  0.227326706
  0.0599999949  0.109999985  0.17493391  0.199218065
  0.0699999928  0.109999985  0.154252589  0.175587818
  0.0799999908  0.109999985  0.136860222  0.155774131
  0.0899999887  0.109999985  0.12220557  0.139097482
  0.0999999866  0.109999985  0.109798037  0.124979556
  0.109999985  0.109999985  0.0992219746  0.112942129
  0.119999982  0.109999985  0.0901441798  0.102605082
  0.12999998  0.109999985  0.082295686  0.0936642736
  0.139999986  0.109999985  0.0754668042  0.0858814418
  0.149999991  0.109999985  0.0694893152  0.0790659636
  0.159999996  0.109999985  0.0642244667  0.0730619282
  0.170000002  0.109999985  0.0595654249  0.0677471235
  0.180000007  0.109999985  0.0554221012  0.0630214214
  0.190000013  0.109999985  0.0517205298  0.0587992668
  0.200000018  0.109999985  0.0484010056  0.0550125018
  0.210000023  0.109999985  0.0454128794  0.0516044088
  0.220000029  0.109999985  0.0427139141  0.0485268421
  0.230000034  0.109999985  0.0402689166  0.0457390696
  0.240000039  0.109999985  0.0380472653  0.0432064012
  0.25000003  0.109999985  0.0360233225  0.0408997536
  0.26000002  0.109999985  0.0341752395  0.0387937799
  0.270000011  0.109999985  0.0324841067  0.0368671119
  0.280000001  0.109999985  0.0309333168  0.0351006314
  0.289999992  0.109999985  0.029508803  0.0334787071
  0.299999982  0.109999985  0.0281983744  0.0319865644
 0.0  0.119999982  0.282388151  0.334497273
  0.00999999978  0.119999982  0.277279258  0.32635209
  0.0199999996  0.119999982  0.261955976  0.304488987
  0.0299999993  0.119999982  0.238869533  0.27506423
  0.0399999991  0.119999982  0.213467836  0.244438082
  0.049999997  0.119999982  0.189246178  0.216046005
  0.0599999949  0.119999982  0.16762653  0.191074833
  0.0699999928  0.119999982  0.148895085  0.169605896
  0.0799999908  0.119999982  0.132855758  0.151292115
  0.0899999887  0.119999982  0.119155653  0.135675445
  0.0999999866  0.119999982  0.107431561  0.122318767
  0.109999985  0.119999982  0.0973550826  0.110837363
  0.119999982  0.119999982  0.0886464119  0.100913011
  0.12999998  0.119999982  0.0810777918  0.0922853276
  0.139999986  0.119999982  0.0744625852  0.0847420692
  0.149999991  0.119999982  0.0686513931  0.0781135857
  0.159999996  0.119999982  0.0635181665  0.0722584426
  0.170000002  0.119999982  0.058964815  0.0670637414
  0.180000007  0.119999982  0.0549062937  0.0624335892
  0.190000013  0.119999982  0.051274661  0.0582902804
  0.200000018  0.119999982  0.0480129197  0.0545698255
  0.210000023  0.119999982  0.0450729951  0.0512166806
  0.220000029  0.119999982  0.0424147844  0.0481852293
  0.230000034  0.119999982  0.040004164  0.0454367399
  0.240000039  0.119999982  0.0378117934  0.0429376252
  0.25000003  0.119999982  0.0358131565  0.0406597033
  0.26000002  0.119999982  0.0339868218  0.0385787115
  0.270000011  0.119999982  0.0323143825  0.0366734751
  0.280000001  0.119999982  0.0307801813  0.0349260755
  0.289999992  0.119999982  0.0293703191  0.0333202817
  0.299999982  0.119999982  0.0280724168  0.0318428352
 0.0  0.12999998  0.258294582  0.302718133
  0.00999999978  0.12999998  0.253434569  0.296228826
  0.0199999996  0.12999998  0.240603298  0.278991282
  0.0299999993  0.12999998  0.221829236  0.255333692
  0.0399999991  0.12999998  0.200610042  0.229782566
  0.049999997  0.12999998  0.179717109  0.205273956
  0.0599999949  0.12999998  0.160558105  0.18311508
  0.0699999928  0.12999998  0.143597662  0.163650289
  0.0799999908  0.12999998  0.128831968  0.146766946
  0.0899999887  0.12999998  0.116052471  0.132181138
  0.0999999866  0.12999998  0.104999855  0.119575694
  0.109999985  0.12999998  0.0954183191  0.108650021
  0.119999982  0.12999998  0.0870832801  0.0991449058
  0.12999998  0.12999998  0.0797993541  0.0908362344
  0.139999986  0.12999998  0.07340464  0.0835402533
  0.149999991  0.12999998  0.0677649006  0.0771066248
  0.159999996  0.12999998  0.0627687052  0.0714053065
  0.170000002  0.12999998  0.0583260246  0.0663360059
  0.180000007  0.12999998  0.0543562733  0.0618057773
  0.190000013  0.12999998  0.050798472  0.0577474721
  0.200000018  0.12999998  0.0475977063  0.0540960953
  0.210000023  0.12999998  0.0447089784  0.0508012064
  0.220000029  0.12999998  0.0420940071  0.0478190407
  0.230000034  0.12999998  0.0397195518  0.0451117717
  0.240000039  0.12999998  0.0375587568  0.0426485315
  0.25000003  0.12999998  0.0355870537  0.0404015891
  0.26000002  0.12999998  0.0337838829  0.0383470245
  0.270000011  0.12999998  0.0321317948  0.0364650153
  0.280000001  0.12999998  0.0306153297  0.0347378515
  0.289999992  0.12999998  0.0292209014  0.0331498198
  0.299999982  0.12999998  0.027936615  0.0316879675
 0.0  0.139999986  0.237934768  0.276271462
  0.00999999978  0.139999986  0.233762264  0.271095037
  0.0199999996  0.139999986  0.222804084  0.257212937
  0.0299999993  0.139999986  0.207037821  0.237833038
  0.0399999991  0.139999986  0.188980058  0.216314226
  0.049999997  0.139999986  0.170799851  0.195078611
  0.0599999949  0.139999986  0.153766081  0.17540656
  0.0699999928  0.139999986  0.138405621  0.157777846
  0.0799999908  0.139999986  0.124822341  0.142239004
  0.0899999887  0.139999986  0.112919167  0.128643185
  0.0999999866  0.139999986  0.102519549  0.116773143
  0.109999985  0.139999986  0.093428798  0.10639862
  0.119999982  0.139999986  0.0854658335  0.0973117575
  0.12999998  0.139999986  0.0784686878  0.0893263668
  0.139999986  0.139999986  0.0722972602  0.0822830796
  0.149999991  0.139999986  0.066834271  0.0760477409
  0.159999996  0.139999986  0.0619799346  0.0705069453
  0.170000002  0.139999986  0.0576510057  0.0655668229
  0.180000007  0.139999986  0.053775046  0.0611437298
  0.190000013  0.139999986  0.0502937213  0.0571715869
  0.200000018  0.139999986  0.0471569821  0.0535931289
  0.210000023  0.139999986  0.0443218984  0.0503593832
  0.220000029  0.139999986  0.0417522192  0.0474288762
  0.230000034  0.139999986  0.0394166671  0.044765953
  0.240000039  0.139999986  0.0372888818  0.0423406698
  0.25000003  0.139999986  0.0353457741  0.040125899
  0.26000002  0.139999986  0.0335673466  0.0380998813
  0.270000011  0.139999986  0.0319367386  0.0362422876
  0.280000001  0.139999986  0.0304390341  0.0345366783
  0.289999992  0.139999986  0.029060958  0.0329673551
  0.299999982  0.139999986  0.0277912244  0.0315221883
 0.0  0.149999991  0.220517516  0.253989875
  0.00999999978  0.149999991  0.21702449  0.249781445
  0.0199999996  0.149999991  0.207590595  0.238412589
  0.0299999993  0.149999991  0.194047138  0.222279295
  0.0399999991  0.149999991  0.178427219  0.203972802
  0.049999997  0.149999991  0.162473455  0.185485914
  0.0599999949  0.149999991  0.14727062  0.167994842
  0.0699999928  0.149999991  0.133344427  0.152031794
  0.0799999908  0.149999991  0.120857179  0.137747481
  0.0899999887  0.149999991  0.109782979  0.125093654
  0.0999999866  0.149999991  0.100010537  0.113932349
  0.109999985  0.149999991  0.0913992152  0.104099192
  0.119999982  0.149999991  0.0838052779  0.0954274163
  0.12999998  0.149999991  0.0770945549  0.0877654925
  0.139999986  0.149999991  0.0711499155  0.0809781402
  0.149999991  0.149999991  0.0658660159  0.0749452859
  0.159999996  0.149999991  0.0611554682  0.0695676655
  0.170000002  0.149999991  0.0569434427  0.0647601187
  0.180000007  0.149999991  0.053163901  0.060446579
  0.190000013  0.149999991  0.0497624166  0.0565650165
  0.200000018  0.149999991  0.0466921292  0.0530623756
  0.210000023  0.149999991  0.0439130962  0.0498925969
  0.220000029  0.149999991  0.0413908772  0.0470161699
  0.230000034  0.149999991  0.0390960127  0.0443998203
  0.240000039  0.149999991  0.0370029286  0.0420140624
  0.25000003  0.149999991  0.0350898057  0.0398339033
  0.26000002  0.149999991  0.0333375782  0.0378375202
  0.270000011  0.149999991  0.031729605  0.0360058099
  0.280000001  0.149999991  0.0302516781  0.0343227163
  0.289999992  0.149999991  0.0288908556  0.0327735208
  0.299999982  0.149999991  0.0276366007  0.0313457437
 0.0  0.159999996  0.205530107  0.234905601
  0.00999999978  0.159999996  0.202538267  0.231483683
  0.0199999996  0.159999996  0.194323152  0.222019717
  0.0299999993  0.159999996  0.182485953  0.208393961
  0.0399999991  0.159999996  0.168799192  0.192669392
  0.049999997  0.159999996  0.154690862  0.176492497
  0.0599999949  0.159999996  0.141075447  0.160903871
  0.0699999928  0.159999996  0.128433034  0.146441936
  0.0799999908  0.159999996  0.116953313  0.133317128
  0.0899999887  0.159999996  0.106659062  0.121551529
  0.0999999866  0.159999996  0.0974887088  0.111071952
  0.109999985  0.159999996  0.0893420652  0.101764977
  0.119999982  0.159999996  0.0821094364  0.0935016051
  0.12999998  0.159999996  0.0756841153  0.0861617625
  0.139999986  0.159999996  0.0699644089  0.0796290562
  0.149999991  0.159999996  0.0648624301  0.0738027468
  0.159999996  0.159999996  0.0602984317  0.0685913712
  0.170000002  0.159999996  0.0562060289  0.063919194
  0.180000007  0.159999996  0.0525250994  0.0597179905
  0.190000013  0.159999996  0.0492060073  0.0559299886
  0.200000018  0.159999996  0.0462045968  0.0525057428
  0.210000023  0.159999996  0.0434836745  0.0494022518
  0.220000029  0.159999996  0.0410108641  0.0465823635
  0.230000034  0.159999996  0.038758263  0.0440141559
  0.240000039  0.159999996  0.0367015041  0.0416698866
  0.25000003  0.159999996  0.0348198935  0.0395255834
  0.26000002  0.159999996  0.0330948606  0.0375603363
  0.270000011  0.159999996  0.0315106846  0.0357560888
  0.280000001  0.159999996  0.0300536565  0.0340966508
  0.289999992  0.159999996  0.0287111327  0.0325684398
  0.299999982  0.159999996  0.0274729915  0.031159129
 0.0  0.170000002  0.192427382  0.218442202
  0.00999999978  0.170000002  0.189846903  0.215612158
  0.0199999996  0.170000002  0.182567269  0.207600445
  0.0299999993  0.170000002  0.172064304  0.195931345
  0.0399999991  0.170000002  0.159946918  0.182302088
  0.049999997  0.170000002  0.147400558  0.168073654
  0.0599999949  0.170000002  0.135173425  0.154145151
  0.0699999928  0.170000002  0.123683117  0.141030088
  0.0799999908  0.170000002  0.113128386  0.128969893
  0.0899999887  0.170000002  0.103563376  0.118036516
  0.0999999866  0.170000002  0.0949648544  0.108206794
  0.109999985  0.170000002  0.0872666687  0.0994070247
  0.119999982  0.170000002  0.0803894624  0.0915462971
  0.12999998  0.170000002  0.0742442757  0.0845235735
  0.139999986  0.170000002  0.0687484443  0.0782444626
  0.149999991  0.170000002  0.0638282076  0.0726240426
  0.159999996  0.170000002  0.0594132803  0.0675817505
  0.170000002  0.170000002  0.0554417744  0.0630473271
  0.180000007  0.170000002  0.0518619791  0.058960326
  0.190000013  0.170000002  0.0486266464  0.0552685149
  0.200000018  0.170000002  0.0456960201  0.0519251078
  0.210000023  0.170000002  0.0430350713  0.0488896668
  0.220000029  0.170000002  0.0406133272  0.0461282916
  0.230000034  0.170000002  0.0384046361  0.0436102226
  0.240000039  0.170000002  0.0363855399  0.0413088389
  0.25000003  0.170000002  0.0345364325  0.0392020009
  0.26000002  0.170000002  0.0328397639  0.0372692458
  0.270000011  0.170000002  0.0312806554  0.0354932174
  0.280000001  0.170000002  0.0298449323  0.0338588245
  0.289999992  0.170000002  0.028521914  0.0323525481
  0.299999982  0.170000002  0.0273007043  0.0309625491
 0.0  0.180000007  0.180859596  0.204181373
  0.00999999978  0.180000007  0.17860724  0.201716632
  0.0199999996  0.180000007  0.171988547  0.19479835
  0.0299999993  0.180000007  0.162547499  0.184673086
  0.0399999991  0.180000007  0.151752263  0.172766969
  0.049999997  0.180000007  0.140555248  0.160196185
  0.0599999949  0.180000007  0.129551023  0.147718906
  0.0699999928  0.180000007  0.11910072  0.13581045
  0.0799999908  0.180000007  0.109392963  0.124722578
  0.0899999887  0.180000007  0.100509249  0.114565767
  0.0999999866  0.180000007  0.0924511254  0.105349459
  0.109999985  0.180000007  0.0851843283  0.0970387608
  0.119999982  0.180000007  0.0786498636  0.0895660743
  0.12999998  0.180000007  0.072781004  0.0828577206
  0.139999986  0.180000007  0.0675085485  0.0768314227
  0.149999991  0.180000007  0.0627688617  0.0714159608
  0.159999996  0.180000007  0.0585019067  0.0665417761
  0.170000002  0.180000007  0.0546532013  0.0621474907
  0.180000007  0.180000007  0.0511755161  0.0581770614
  0.190000013  0.180000007  0.0480261818  0.0545828864
  0.200000018  0.180000007  0.0451680645  0.0513219275
  0.210000023  0.180000007  0.0425684713  0.048356887
  0.220000029  0.180000007  0.0401993915  0.0456555784
  0.230000034  0.180000007  0.038035661  0.0431890413
  0.240000039  0.180000007  0.0360555798  0.0409321636
  0.25000003  0.180000007  0.034240365  0.0388638675
  0.26000002  0.180000007  0.0325732976  0.0369650163
  0.270000011  0.180000007  0.0310395956  0.0352184176
  0.280000001  0.180000007  0.029626783  0.0336097665
  0.289999992  0.180000007  0.0283236485  0.0321262814
  0.299999982  0.180000007  0.02712005  0.030756481
 0.0  0.190000013  0.170686454  0.191549078
  0.00999999978  0.190000013  0.16853191  0.189439505
  0.0199999996  0.190000013  0.162308782  0.18332091
  0.0299999993  0.190000013  0.153746903  0.174432024
  0.0399999991  0.190000013  0.144111514  0.163971081
  0.049999997  0.190000013  0.13410975  0.15282096
  0.0599999949  0.190000013  0.12419863  0.141615391
  0.0699999928  0.190000013  0.114686273  0.130786374
  0.0799999908  0.190000013  0.105756871  0.120588645
  0.0899999887  0.190000013  0.0975063592  0.111151062
  0.0999999866  0.190000013  0.0899591073  0.102515452
  0.109999985  0.190000013  0.0831032768  0.0946708918
  0.119999982  0.190000013  0.076900892  0.0875748023
  0.12999998  0.190000013  0.0712994039  0.0811690986
  0.139999986  0.190000013  0.0662470311  0.0753928721
  0.149999991  0.190000013  0.0616868809  0.0701816604
  0.159999996  0.190000013  0.0575681739  0.0654755756
  0.170000002  0.190000013  0.0538430549  0.0612225421
  0.180000007  0.190000013  0.0504686534  0.0573698618
  0.190000013  0.190000013  0.0474061705  0.0538750626
  0.200000018  0.190000013  0.0446218289  0.0506981462
  0.210000023  0.190000013  0.0420852713  0.0478051193
  0.220000029  0.190000013  0.039769996  0.0451649539
  0.230000034  0.190000013  0.0376524478  0.0427512191
  0.240000039  0.190000013  0.0357126556  0.0405404903
  0.25000003  0.190000013  0.0339322835  0.0385121927
  0.26000002  0.190000013  0.0322954021  0.0366477743
  0.270000011  0.190000013  0.0307887085  0.0349318497
  0.280000001  0.190000013  0.029399313  0.0333501957
  0.289999992  0.190000013  0.0281166229  0.0318901539
  0.299999982  0.190000013  0.0269313101  0.0305411983
 0.0  0.200000018  0.161546171  0.180442363
  0.00999999978  0.200000018  0.159318596  0.178477317
  0.0199999996  0.200000018  0.153270259  0.172912255
  0.0299999993  0.200000018  0.14551723  0.165051967
  0.0399999991  0.200000018  0.136951447  0.155830696
  0.049999997  0.200000018  0.128030136  0.145913079
  0.0599999949  0.200000018  0.119105883  0.135828048
  0.0699999928  0.200000018  0.110443011  0.125963762
  0.0799999908  0.200000018  0.102226354  0.116573587
  0.0899999887  0.200000018  0.0945624858  0.107801385
  0.0999999866  0.200000018  0.0874949917  0.0997099876
  0.109999985  0.200000018  0.0810301378  0.0923091397
  0.119999982  0.200000018  0.0751465186  0.0855746865
  0.12999998  0.200000018  0.0698074028  0.0794669017
  0.139999986  0.200000018  0.064968884  0.0739344507
  0.149999991  0.200000018  0.0605861768  0.0689249709
  0.159999996  0.200000018  0.056615673  0.0643889755
  0.170000002  0.200000018  0.0530140921  0.0602753423
  0.180000007  0.200000018  0.049743481  0.056541428
  0.190000013  0.200000018  0.0467690378  0.0531468913
  0.200000018  0.200000018  0.0440592542  0.0500552803
  0.210000023  0.200000018  0.0415864438  0.0472351536
  0.220000029  0.200000018  0.0393260866  0.044658035
  0.230000034  0.200000018  0.0372560658  0.0422985516
  0.240000039  0.200000018  0.0353573225  0.0401347652
  0.25000003  0.200000018  0.0336126797  0.0381472707
  0.26000002  0.200000018  0.0320073739  0.0363187306
  0.270000011  0.200000018  0.0305279642  0.0346341096
  0.280000001  0.200000018  0.0291626137  0.0330801085
  0.289999992  0.200000018  0.0279012825  0.0316445641
  0.299999982  0.200000018  0.0267348401  0.0303171594
 0.0  0.210000023  0.153377712  0.170499921
  0.00999999978  0.210000023  0.150531396  0.168520883
  0.0199999996  0.210000023  0.14463903  0.163341969
  0.0299999993  0.210000023  0.137756839  0.156404689
  0.0399999991  0.210000023  0.130222291  0.148276865
  0.049999997  0.210000023  0.122296549  0.139440522
  0.0599999949  0.210000023  0.114262834  0.130342856
  0.0699999928  0.210000023  0.106369726  0.121339709
  0.0799999908  0.210000023  0.0988042355  0.112682939
  0.0899999887  0.210000023  0.0916821882  0.104523785
  0.0999999866  0.210000023  0.0850646794  0.0969412625
  0.109999985  0.210000023  0.0789710507  0.0899618044
  0.119999982  0.210000023  0.0733940899  0.0835765451
  0.12999998  0.210000023  0.0683070794  0.0777552277
  0.139999986  0.210000023  0.0636786669  0.072461307
  0.149999991  0.210000023  0.0594717264  0.0676522255
  0.159999996  0.210000023  0.0556471273  0.0632817298
  0.170000002  0.210000023  0.0521685779  0.0593094006
  0.180000007  0.210000023  0.0490020216  0.0556942672
  0.190000013  0.210000023  0.0461159386  0.0524006523
  0.200000018  0.210000023  0.0434818193  0.0493955463
  0.210000023  0.210000023  0.0410737619  0.0466494299
  0.220000029  0.210000023  0.0388689786  0.0441357605
  0.230000034  0.210000023  0.0368473232  0.0418315008
  0.240000039  0.210000023  0.0349905416  0.0397158712
  0.25000003  0.210000023  0.0332825705  0.0377703607
  0.26000002  0.210000023  0.0317091495  0.0359784029
  0.270000011  0.210000023  0.0302578509  0.0343260393
  0.280000001  0.210000023  0.0289173946  0.032800328
  0.289999992  0.210000023  0.0276780389  0.0313898548
  0.299999982  0.210000023  0.0265310742  0.0300846994
 0.0  0.220000029  0.145720437  0.161583543
  0.00999999978  0.220000029  0.141496316  0.159161434
  0.0199999996  0.220000029  0.136267066  0.154419303
  0.0299999993  0.220000029  0.1304245  0.148397446
  0.0399999991  0.220000029  0.12390437  0.141258329
  0.049999997  0.220000029  0.116892979  0.133374155
  0.0599999949  0.220000029  0.109663844  0.125145853
  0.0699999928  0.220000029  0.102465443  0.11691051
  0.0799999908  0.220000029  0.0954932496  0.108917631
  0.0899999887  0.220000029  0.0888714343  0.101322219
  0.0999999866  0.220000029  0.0826744214  0.0942161232
  0.109999985  0.220000029  0.0769315287  0.0876345932
  0.119999982  0.220000029  0.0716463104  0.0815808177
  0.12999998  0.220000029  0.0668042004  0.0760391504
  0.139999986  0.220000029  0.0623811558  0.0709791631
  0.149999991  0.220000029  0.0583452284  0.066365391
  0.159999996  0.220000029  0.0546650812  0.0621599294
  0.170000002  0.220000029  0.0513089448  0.0583269931
  0.180000007  0.220000029  0.0482464805  0.0548307672
  0.190000013  0.220000029  0.0454489291  0.0516383648
  0.200000018  0.220000029  0.0428907201  0.0487201586
  0.210000023  0.220000029  0.0405480266  0.0460485965
  0.220000029  0.220000029  0.0383999236  0.0435999446
  0.230000034  0.220000029  0.0364271142  0.0413515717
  0.240000039  0.220000029  0.0346130133  0.0392848179
  0.25000003  0.220000029  0.0329424404  0.0373820104
  0.26000002  0.220000029  0.0314016677  0.0356275029
  0.270000011  0.220000029  0.029979093  0.0340079591
  0.280000001  0.220000029  0.0286641009  0.0325113237
  0.289999992  0.220000029  0.0274472851  0.0311265904
  0.299999982  0.220000029  0.0263202041  0.0298442841
 0.0  0.230000034  0.133953378  0.152978957
  0.00999999978  0.230000034  0.13191545  0.149870142
  0.0199999996  0.230000034  0.128204599  0.146059409
  0.0299999993  0.230000034  0.123548739  0.140988678
  0.0399999991  0.230000034  0.117998764  0.134741485
  0.049999997  0.230000034  0.111815162  0.127688944
  0.0599999949  0.230000034  0.105304666  0.120223843
  0.0699999928  0.230000034  0.0987315029  0.112672262
  0.0799999908  0.230000034  0.0922948495  0.10527733
  0.0899999887  0.230000034  0.086134553  0.0982024446
  0.0999999866  0.230000034  0.0803283975  0.0915388986
  0.109999985  0.230000034  0.0749155283  0.0853321999
  0.119999982  0.230000034  0.0699101537  0.079596594
  0.12999998  0.230000034  0.0653035566  0.0743234009
  0.139999986  0.230000034  0.0610781759  0.0694903433
  0.149999991  0.230000034  0.0572104156  0.0650676191
  0.159999996  0.230000034  0.0536728017  0.0610251576
  0.170000002  0.230000034  0.050437551  0.0573307574
  0.180000007  0.230000034  0.047478281  0.0539526083
  0.190000013  0.230000034  0.0447696596  0.0508620292
  0.200000018  0.230000034  0.0422874838  0.0480307229
  0.210000023  0.230000034  0.0400106907  0.0454346463
  0.220000029  0.230000034  0.0379196517  0.043051023
  0.230000034  0.230000034  0.0359966382  0.040859893
  0.240000039  0.230000034  0.0342256688  0.0388424471
  0.25000003  0.230000034  0.0325927995  0.0369828306
  0.26000002  0.230000034  0.0310854539  0.0352665335
  0.270000011  0.230000034  0.0296924654  0.0336806551
  0.280000001  0.230000034  0.0284032375  0.0322136804
  0.289999992  0.230000034  0.0272093751  0.0308552012
  0.299999982  0.230000034  0.0261027329  0.0295962226
 0.0  0.240000039  0.123023227  0.140895069
  0.00999999978  0.240000039  0.122615725  0.140740395
  0.0199999996  0.240000039  0.1207003  0.138335243
  0.0299999993  0.240000039  0.117198624  0.134167865
  0.0399999991  0.240000039  0.112519413  0.128699541
  0.049999997  0.240000039  0.107059591  0.122362688
  0.0599999949  0.240000039  0.101179495  0.115562797
  0.0699999928  0.240000039  0.0951589495  0.108615085
  0.0799999908  0.240000039  0.0892096758  0.101762943
  0.0899999887  0.240000039  0.0834704414  0.0951623991
  0.0999999866  0.240000039  0.0780269131  0.0889099166
  0.109999985  0.240000039  0.0729266405  0.0830587
  0.119999982  0.240000039  0.0681859702  0.0776264071
  0.12999998  0.240000039  0.0638062358  0.0726121068
  0.139999986  0.240000039  0.0597734153  0.0679975003
  0.149999991  0.240000039  0.0560695678  0.0637631938
  0.159999996  0.240000039  0.0526718795  0.0598809496
  0.170000002  0.240000039  0.0495565012  0.0563234501
  0.180000007  0.240000039  0.0467002355  0.0530629754
  0.190000013  0.240000039  0.0440795943  0.0500731058
  0.200000018  0.240000039  0.0416736118  0.0473292358
  0.210000023  0.240000039  0.0394630395  0.0448089205
  0.220000029  0.240000039  0.0374294035  0.0424911566
  0.230000034  0.240000039  0.0355562977  0.0403568894
  0.240000039  0.240000039  0.0338293128  0.0383898206
  0.25000003  0.240000039  0.0322347991  0.0365741402
  0.26000002  0.240000039  0.0307612717  0.0348963439
  0.270000011  0.240000039  0.0293979719  0.0333446451
  0.280000001  0.240000039  0.028135214  0.0319078825
  0.289999992  0.240000039  0.0269647129  0.0305762086
  0.299999982  0.240000039  0.0258788578  0.0293411072
 0.0  0.25000003  0.113378108  0.132182822
  0.00999999978  0.25000003  0.114655368  0.132877275
  0.0199999996  0.25000003  0.114052758  0.131401733
  0.0299999993  0.25000003  0.111451231  0.127942652
  0.0399999991  0.25000003  0.107474603  0.123106182
  0.049999997  0.25000003  0.102620885  0.117374465
  0.0599999949  0.25000003  0.0972804725  0.111144818
  0.0699999928  0.25000003  0.0917488635  0.104733706
  0.0799999908  0.25000003  0.0862354636  0.0983686745
  0.0899999887  0.25000003  0.0808810815  0.0922027156
  0.0999999866  0.25000003  0.0757754445  0.08633513
  0.109999985  0.25000003  0.0709667727  0.0808169991
  0.119999982  0.25000003  0.0664798543  0.0756743476
  0.12999998  0.25000003  0.0623164028  0.0709067285
  0.139999986  0.25000003  0.0584698655  0.0665062815
  0.149999991  0.25000003  0.054925777  0.0624549761
  0.159999996  0.25000003  0.0516653433  0.0587294772
  0.170000002  0.25000003  0.0486680195  0.0553072691
  0.180000007  0.25000003  0.0459128805  0.0521629117
  0.190000013  0.25000003  0.0433804244  0.0492736772
  0.200000018  0.25000003  0.0410507619  0.0466171205
  0.210000023  0.25000003  0.038906157  0.044172395
  0.220000029  0.25000003  0.0369300656  0.0419204645
  0.230000034  0.25000003  0.0351072289  0.0398440771
  0.240000039  0.25000003  0.0334243514  0.0379274562
  0.25000003  0.25000003  0.0318687968  0.0361561589
  0.26000002  0.25000003  0.0304293539  0.034517847
  0.270000011  0.25000003  0.0290962793  0.0330006704
  0.280000001  0.25000003  0.0278603807  0.0315944366
  0.289999992  0.25000003  0.0267137773  0.030290043
  0.299999982  0.25000003  0.0256491695  0.0290791206
 0.0  0.26000002  0.107671157  0.126722544
  0.00999999978  0.26000002  0.108617753  0.126603484
  0.0199999996  0.26000002  0.108412139  0.125314519
  0.0299999993  0.26000002  0.106331028  0.122291826
  0.0399999991  0.26000002  0.102857679  0.117933445
  0.049999997  0.26000002  0.0984838679  0.112693712
  0.0599999949  0.26000002  0.0935981646  0.10695532
  0.0699999928  0.26000002  0.0884915888  0.101016104
  0.0799999908  0.26000002  0.0833680928  0.0950899348
  0.0899999887  0.26000002  0.0783656761  0.0893246084
  0.0999999866  0.26000002  0.073572889  0.0838137344
  0.109999985  0.26000002  0.0690396801  0.0786106214
  0.119999982  0.26000002  0.0647916198  0.0737408623
  0.12999998  0.26000002  0.0608362854  0.0692123175
  0.139999986  0.26000002  0.0571700521  0.0650182366
  0.149999991  0.26000002  0.0537813194  0.0611450188
  0.159999996  0.26000002  0.0506549478  0.0575735644
  0.170000002  0.26000002  0.0477739051  0.0542842895
  0.180000007  0.26000002  0.0451192074  0.0512550958
  0.190000013  0.26000002  0.0426738299  0.048465848
  0.200000018  0.26000002  0.0404198691  0.0458959825
  0.210000023  0.26000002  0.0383410826  0.0435268953
  0.220000029  0.26000002  0.0364227407  0.0413410813
  0.230000034  0.26000002  0.0346505493  0.0393224359
  0.240000039  0.26000002  0.0330120176  0.0374565385
  0.25000003  0.26000002  0.0314955004  0.0357301757
  0.26000002  0.26000002  0.0300906431  0.0341313146
  0.270000011  0.26000002  0.0287881438  0.0326491036
  0.280000001  0.26000002  0.0275794379  0.0312739126
  0.289999992  0.26000002  0.0264568888  0.029997088
  0.299999982  0.26000002  0.0254138373  0.028810868
 0.0  0.270000011  0.10404025  0.121708013
  0.00999999978  0.270000011  0.104141869  0.121344142
  0.0199999996  0.270000011  0.103702158  0.119972549
  0.0299999993  0.270000011  0.101804756  0.117166743
  0.0399999991  0.270000011  0.098642692  0.113142431
  0.049999997  0.270000011  0.0946273208  0.108294636
  0.0599999949  0.270000011  0.0901155099  0.102972999
  0.0699999928  0.270000011  0.0853765905  0.097449407
  0.0799999908  0.270000011  0.0806017444  0.0919201449
  0.0899999887  0.270000011  0.0759217441  0.0865227431
  0.0999999866  0.270000011  0.071419023  0.0813444704
  0.109999985  0.270000011  0.0671443492  0.0764381438
  0.119999982  0.270000011  0.0631243661  0.0718307421
  0.12999998  0.270000011  0.0593686178  0.0675308257
  0.139999986  0.270000011  0.0558761209  0.0635361597
  0.149999991  0.270000011  0.0526382439  0.0598362125
  0.159999996  0.270000011  0.0496431142  0.0564155243
  0.170000002  0.270000011  0.0468757302  0.0532565936
  0.180000007  0.270000011  0.0443203002  0.0503414497
  0.190000013  0.270000011  0.0419610441  0.0476507545
  0.200000018  0.270000011  0.0397823304  0.0451672599
  0.210000023  0.270000011  0.0377693214  0.0428733379
  0.220000029  0.270000011  0.0359086059  0.0407536477
  0.230000034  0.270000011  0.034186814  0.0387928411
  0.240000039  0.270000011  0.0325930007  0.0369781703
  0.25000003  0.270000011  0.0311157219  0.0352966487
  0.26000002  0.270000011  0.0297458824  0.0337372869
  0.270000011  0.270000011  0.0284739621  0.03229063
  0.280000001  0.270000011  0.0272926632  0.0309468657
  0.289999992  0.270000011  0.0261945985  0.029697936
  0.299999982  0.270000011  0.0251733176  0.0285366662
 0.0  0.280000001  0.100685708  0.117117397
  0.00999999978  0.280000001  0.100494608  0.116685882
  0.0199999996  0.280000001  0.0997074693  0.115210503
  0.0299999993  0.280000001  0.0977795646  0.112482958
  0.0399999991  0.280000001  0.0947789028  0.108683236
  0.049999997  0.280000001  0.091022402  0.104144774
  0.0599999949  0.280000001  0.0868152231  0.0991782844
  0.0699999928  0.280000001  0.0823951662  0.094022274
  0.0799999908  0.280000001  0.0779329538  0.088854298
  0.0899999887  0.280000001  0.0735470802  0.083796002
  0.0999999866  0.280000001  0.0693145543  0.078929171
  0.109999985  0.280000001  0.0652831718  0.0743031651
  0.119999982  0.280000001  0.0614796355  0.0699450001
  0.12999998  0.280000001  0.0579147711  0.0658650324
  0.139999986  0.280000001  0.0545895547  0.0620630123
  0.149999991  0.280000001  0.0514985397  0.0585313067
  0.159999996  0.280000001  0.0486312881  0.0552574694
  0.170000002  0.280000001  0.0459753945  0.0522267371
  0.180000007  0.280000001  0.0435176753  0.0494233333
  0.190000013  0.280000001  0.0412434936  0.0468303412
  0.200000018  0.280000001  0.0391391926  0.0444323234
  0.210000023  0.280000001  0.0371916853  0.0422132686
  0.220000029  0.280000001  0.0353881381  0.0401590839
  0.230000034  0.280000001  0.0337172262  0.0382564887
  0.240000039  0.280000001  0.0321677513  0.0364926048
  0.25000003  0.280000001  0.0307301227  0.0348564014
  0.26000002  0.280000001  0.029394865  0.0333372355
  0.270000011  0.280000001  0.0281542465  0.0319258943
  0.280000001  0.280000001  0.0270006135  0.0306136832
  0.289999992  0.280000001  0.0259271935  0.029393062
  0.299999982  0.280000001  0.0249279495  0.0282569211
 0.0  0.289999992  0.0975814611  0.112899549
  0.00999999978  0.289999992  0.0972823799  0.11245463
  0.0199999996  0.289999992  0.0962020606  0.110878907
  0.0299999993  0.289999992  0.0941438228  0.108152166
  0.0399999991  0.289999992  0.0912031233  0.104496561
  0.049999997  0.289999992  0.0876300782  0.10020747
  0.0599999949  0.289999992  0.0836742073  0.0955478922
  0.0699999928  0.289999992  0.0795329437  0.0907228813
  0.0799999908  0.289999992  0.0753532648  0.0858845264
  0.0899999887  0.289999992  0.0712384731  0.0811422691
  0.0999999866  0.289999992  0.0672581792  0.0765673146
  0.109999985  0.289999992  0.0634565577  0.0722065642
  0.119999982  0.289999992  0.0598585382  0.068085663
  0.12999998  0.289999992  0.0564766601  0.0642162487
  0.139999986  0.289999992  0.0533129498  0.0606004149
  0.149999991  0.289999992  0.0503638498  0.0572317839
  0.159999996  0.289999992  0.0476213917  0.0541014224
  0.170000002  0.289999992  0.0450749509  0.0511962809
  0.180000007  0.289999992  0.0427127071  0.0485025905
  0.190000013  0.289999992  0.0405223519  0.0460058711
  0.200000018  0.289999992  0.0384918153  0.0436922647
  0.210000023  0.289999992  0.0366091356  0.0415476412
  0.220000029  0.289999992  0.0348629169  0.0395591184
  0.230000034  0.289999992  0.0332423486  0.037714161
  0.240000039  0.289999992  0.031737417  0.0360013694
  0.25000003  0.289999992  0.0303390529  0.0344101712
  0.26000002  0.289999992  0.0290390383  0.0329312086
  0.270000011  0.289999992  0.0278295465  0.0315555073
  0.280000001  0.289999992  0.0267036445  0.030275099
  0.289999992  0.289999992  0.0256550815  0.0290828496
  0.299999982  0.289999992  0.0246780198  0.0279721394
 0.0  0.299999982  0.0947782919  0.109092258
  0.00999999978  0.299999982  0.0943423808  0.108556829
  0.0199999996  0.299999982  0.0930072591  0.106857635
  0.0299999993  0.299999982  0.0907830819  0.104086928
  0.0399999991  0.299999982  0.0878486708  0.100529581
  0.049999997  0.299999982  0.0844139308  0.0964489728
  0.0599999949  0.299999982  0.0806712434  0.0920618996
  0.0699999928  0.299999982  0.0767786801  0.0875383243
  0.0799999908  0.299999982  0.0728567466  0.0830056667
  0.0899999887  0.299999982  0.0689931363  0.0785573423
  0.0999999866  0.299999982  0.0652490035  0.0742574036
  0.109999985  0.299999982  0.0616641194  0.0701478124
  0.119999982  0.299999982  0.0582621656  0.0662541017
  0.12999998  0.299999982  0.0550555773  0.0625870302
  0.139999986  0.299999982  0.0520476103  0.0591502376
  0.149999991  0.299999982  0.0492362231  0.0559403002
  0.159999996  0.299999982  0.0466149822  0.0529492684
  0.170000002  0.299999982  0.0441751704  0.0501666293
  0.180000007  0.299999982  0.0419068635  0.0475808904
  0.190000013  0.299999982  0.0397995152  0.0451794192
  0.200000018  0.299999982  0.0378417037  0.0429491624
  0.210000023  0.299999982  0.0360230915  0.0408780091
  0.220000029  0.299999982  0.0343334675  0.0389543623
  0.230000034  0.299999982  0.0327628851  0.0371666551
  0.240000039  0.299999982  0.0313023888  0.0355048105
  0.25000003  0.299999982  0.0299436525  0.0339586958
  0.26000002  0.299999982  0.0286785159  0.0325199366
  0.270000011  0.299999982  0.0275002774  0.0311799608
  0.280000001  0.299999982  0.0264023002  0.0299315006
  0.289999992  0.299999982  0.0253786743  0.0287677646
  0.299999982  0.299999982  0.0244240239  0.027682608
