 0.0  0.0  1.  1.
  0.00999999978  0.  0.871925235  0.888404787
  0.0199999996  0.  0.666234791  0.712598622
  0.0299999993  0.  0.50637728  0.572755933
  0.0399999991  0.  0.396533519  0.46926555
  0.049999997  0.  0.321518213  0.39206329
  0.0599999949  0.  0.268279761  0.332896501
  0.0699999928  0.  0.22876817  0.286483377
  0.0799999908  0.  0.198183119  0.249232978
  0.0899999887  0.  0.173715293  0.218798086
  0.0999999866  0.  0.153665036  0.193573117
  0.109999985  0.  0.13694118  0.172417924
  0.119999982  0.  0.122805119  0.154499501
  0.12999998  0.  0.110740073  0.139203683
  0.139999986  0.  0.100360557  0.126053333
  0.149999991  0.  0.0913705081  0.114676833
  0.159999996  0.  0.0835403726  0.104782209
  0.170000002  0.  0.0766847953  0.096128501
  0.180000007  0.  0.0706560016  0.088528946
  0.190000013  0.  0.0653293878  0.081821464
  0.200000018  0.  0.0606053025  0.0758776367
  0.210000023  0.  0.0563997477  0.0705922171
  0.220000029  0.  0.0526419207  0.0658720583
  0.230000034  0.  0.0492725857  0.0616427362
  0.240000039  0.  0.0462416299  0.0578401238
  0.25000003  0.  0.0435064249  0.0544104464
  0.26000002  0.  0.0410303697  0.0513067171
  0.270000011  0.  0.0387825184  0.0484903529
  0.280000001  0.  0.0367361605  0.0459270515
  0.289999992  0.  0.0348681211  0.0435878038
  0.299999982  0.  0.0331582278  0.0414471328
 0.0  0.00999999978  1.  1.
  0.00999999978  0.00999999978  0.87319535  0.889270365
  0.0199999996  0.00999999978  0.663268268  0.710118234
  0.0299999993  0.00999999978  0.503395617  0.570281327
  0.0399999991  0.00999999978  0.394366682  0.467310637
  0.049999997  0.00999999978  0.319881797  0.390411615
  0.0599999949  0.00999999978  0.267094404  0.331600338
  0.0699999928  0.00999999978  0.227865443  0.285414845
  0.0799999908  0.00999999978  0.197487995  0.248391092
  0.0899999887  0.00999999978  0.17317681  0.218133807
  0.0999999866  0.00999999978  0.153247148  0.193051204
  0.109999985  0.00999999978  0.136618257  0.172010824
  0.119999982  0.00999999978  0.12256173  0.154192984
  0.12999998  0.00999999978  0.110559806  0.138973027
  0.139999986  0.00999999978  0.100230172  0.125888526
  0.149999991  0.00999999978  0.0912786424  0.114558071
  0.159999996  0.00999999978  0.0834752768  0.104699597
  0.170000002  0.00999999978  0.0766415596  0.0960733369
  0.180000007  0.00999999978  0.0706264153  0.0884912387
  0.190000013  0.00999999978  0.0653079376  0.081794329
  0.200000018  0.00999999978  0.0605876558  0.0758552328
  0.210000023  0.00999999978  0.0563831106  0.0705711544
  0.220000029  0.00999999978  0.0526233912  0.0658490434
  0.230000034  0.00999999978  0.0492506996  0.0616152287
  0.240000039  0.00999999978  0.0462157354  0.0578076579
  0.25000003  0.00999999978  0.0434766859  0.0543731935
  0.26000002  0.00999999978  0.0409971438  0.0512652248
  0.270000011  0.00999999978  0.0387478061  0.0484468639
  0.280000001  0.00999999978  0.0367019325  0.0458843112
  0.289999992  0.00999999978  0.0348366648  0.0435485616
  0.299999982  0.00999999978  0.0331338122  0.0414165631
 0.0  0.0199999996  1.  1.
  0.00999999978  0.0199999996  0.86848551  0.884279728
  0.0199999996  0.0199999996  0.654925764  0.703601301
  0.0299999993  0.0199999996  0.496750891  0.565463662
  0.0399999991  0.0199999996  0.389986455  0.463961244
  0.049999997  0.0199999996  0.317193419  0.388110936
  0.0599999949  0.0199999996  0.265402704  0.329994231
  0.0699999928  0.0199999996  0.226757422  0.284263283
  0.0799999908  0.0199999996  0.196716636  0.247518063
  0.0899999887  0.0199999996  0.172613099  0.217462495
  0.0999999866  0.0199999996  0.152817711  0.192522928
  0.109999985  0.0199999996  0.136279568  0.171587348
  0.119999982  0.0199999996  0.122289702  0.153847367
  0.12999998  0.0199999996  0.110335872  0.138688162
  0.139999986  0.0199999996  0.100043297  0.125650048
  0.149999991  0.0199999996  0.091121465  0.114357904
  0.159999996  0.0199999996  0.0833411142  0.104528949
  0.170000002  0.0199999996  0.0765281171  0.0959286541
  0.180000007  0.0199999996  0.0705282986  0.0883669257
  0.190000013  0.0199999996  0.0652235448  0.0816872045
  0.200000018  0.0199999996  0.060514845  0.0757626891
  0.210000023  0.0199999996  0.0563191362  0.0704903677
  0.220000029  0.0199999996  0.0525675938  0.065778181
  0.230000034  0.0199999996  0.0492017269  0.061553292
  0.240000039  0.0199999996  0.0461721085  0.0577528998
  0.25000003  0.0199999996  0.043437928  0.0543243065
  0.26000002  0.0199999996  0.0409629941  0.0512223318
  0.270000011  0.0199999996  0.0387170985  0.0484083705
  0.280000001  0.0199999996  0.0366743468  0.0458496287
  0.289999992  0.0199999996  0.0348123647  0.043517977
  0.299999982  0.0199999996  0.0331117697  0.0413889661
 0.0  0.0299999993  0.998462975  0.999070585
  0.00999999978  0.0299999993  0.845985413  0.862941921
  0.0199999996  0.0299999993  0.638255477  0.690685689
  0.0299999993  0.0299999993  0.485250592  0.557113051
  0.0399999991  0.0299999993  0.382831782  0.458459735
  0.049999997  0.0299999993  0.312802404  0.384375125
  0.0599999949  0.0299999993  0.262641996  0.327342778
  0.0699999928  0.0299999993  0.22494112  0.282352686
  0.0799999908  0.0299999993  0.195450276  0.24608317
  0.0899999887  0.0299999993  0.171686873  0.216356546
  0.0999999866  0.0299999993  0.152109683  0.191649869
  0.109999985  0.0299999993  0.135723084  0.170887232
  0.119999982  0.0299999993  0.121837169  0.153271616
  0.12999998  0.0299999993  0.109963335  0.138214573
  0.139999986  0.0299999993  0.0997322202  0.125253648
  0.149999991  0.0299999993  0.0908596963  0.114025518
  0.159999996  0.0299999993  0.0831205472  0.10424754
  0.170000002  0.0299999993  0.0763388872  0.0956884921
  0.180000007  0.0299999993  0.0703652501  0.0881599411
  0.190000013  0.0299999993  0.0650827736  0.0815082341
  0.200000018  0.0299999993  0.0603926927  0.0756089166
  0.210000023  0.0299999993  0.0562128276  0.0703558102
  0.220000029  0.0299999993  0.0524744242  0.0656606406
  0.230000034  0.0299999993  0.0491196476  0.0614499673
  0.240000039  0.0299999993  0.0461002178  0.0576621555
  0.25000003  0.0299999993  0.0433739573  0.0542438924
  0.26000002  0.0299999993  0.0409060419  0.0511507057
  0.270000011  0.0299999993  0.0386663079  0.0483443476
  0.280000001  0.0299999993  0.0366287902  0.0457924753
  0.289999992  0.0299999993  0.0347713009  0.0434665047
  0.299999982  0.0299999993  0.0330749303  0.0413426869
 0.0  0.0399999991  0.920118809  0.921533287
  0.00999999978  0.0399999991  0.804013848  0.824673593
  0.0199999996  0.0399999991  0.611836493  0.670757651
  0.0299999993  0.0399999991  0.468740761  0.545036435
  0.0399999991  0.0399999991  0.372921646  0.450674206
  0.049999997  0.0399999991  0.306834519  0.379148185
  0.0599999949  0.0399999991  0.258906692  0.323711187
  0.0699999928  0.0399999991  0.22246325  0.279693156
  0.0799999908  0.0399999991  0.193715915  0.244094104
  0.0899999887  0.0399999991  0.170405939  0.214815482
  0.0999999866  0.0399999991  0.151127234  0.190432608
  0.109999985  0.0399999991  0.134945691  0.169908524
  0.119999982  0.0399999991  0.121209055  0.15247488
  0.12999998  0.0399999991  0.109448098  0.137557313
  0.139999986  0.0399999991  0.0993016064  0.124700658
  0.149999991  0.0399999991  0.0904958323  0.113562092
  0.159999996  0.0399999991  0.0828137398  0.103853978
  0.170000002  0.0399999991  0.0760744065  0.0953519568
  0.180000007  0.0399999991  0.0701369718  0.0878693461
  0.190000013  0.0399999991  0.0648863465  0.0812591016
  0.200000018  0.0399999991  0.0602226965  0.0753944963
  0.210000023  0.0399999991  0.0560645461  0.0701682419
  0.220000029  0.0399999991  0.0523444377  0.0654965565
  0.230000034  0.0399999991  0.0490054414  0.0613060594
  0.240000039  0.0399999991  0.0459990129  0.057534907
  0.25000003  0.0399999991  0.0432846509  0.0541313738
  0.26000002  0.0399999991  0.0408263877  0.0510506518
  0.270000011  0.0399999991  0.0385952778  0.048255194
  0.280000001  0.0399999991  0.0365652069  0.045712579
  0.289999992  0.0399999991  0.0347142778  0.0433949046
  0.299999982  0.0399999991  0.03302316  0.0412778184
 0.0  0.049999997  0.850048244  0.851402879
  0.00999999978  0.049999997  0.749147832  0.778429449
  0.0199999996  0.049999997  0.575792432  0.64461565
  0.0299999993  0.049999997  0.447527319  0.529435277
  0.0399999991  0.049999997  0.360666722  0.440790594
  0.049999997  0.049999997  0.299522042  0.372554123
  0.0599999949  0.049999997  0.254302382  0.319087088
  0.0699999928  0.049999997  0.219389975  0.276336342
  0.0799999908  0.049999997  0.19154346  0.241567299
  0.0899999887  0.049999997  0.168795586  0.212862238
  0.0999999866  0.049999997  0.149887711  0.188890338
  0.109999985  0.049999997  0.133958772  0.168662429
  0.119999982  0.049999997  0.120410085  0.151458681
  0.12999998  0.049999997  0.108787186  0.136714473
  0.139999986  0.049999997  0.0987506211  0.123998553
  0.149999991  0.049999997  0.0900335386  0.112972274
  0.159999996  0.049999997  0.0824193284  0.103352547
  0.170000002  0.049999997  0.0757368058  0.0949231386
  0.180000007  0.049999997  0.069847852  0.0875031054
  0.190000013  0.049999997  0.0646362379  0.0809426606
  0.200000018  0.049999997  0.0600054041  0.0751194507
  0.210000023  0.049999997  0.0558745191  0.0699282587
  0.220000029  0.049999997  0.0521779805  0.0652866736
  0.230000034  0.049999997  0.0488589332  0.0611214302
  0.240000039  0.049999997  0.0458697788  0.0573721491
  0.25000003  0.049999997  0.0431699939  0.0539872646
  0.26000002  0.049999997  0.0407245643  0.0509225354
  0.270000011  0.049999997  0.03850431  0.0481409281
  0.280000001  0.049999997  0.0364836343  0.0456102081
  0.289999992  0.049999997  0.0346409716  0.0433029532
  0.299999982  0.049999997  0.0329571366  0.0411951467
 0.0  0.0599999949  0.797578633  0.798812687
  0.00999999978  0.0599999949  0.680447102  0.72840023
  0.0199999996  0.0599999949  0.531544685  0.613641262
  0.0299999993  0.0599999949  0.422758371  0.510825336
  0.0399999991  0.0599999949  0.346548975  0.428942323
  0.049999997  0.0599999949  0.291121036  0.364667416
  0.0599999949  0.0599999949  0.24897486  0.313575149
  0.0699999928  0.0599999949  0.215796232  0.27232793
  0.0799999908  0.0599999949  0.188976124  0.238537356
  0.0899999887  0.0599999949  0.166876584  0.210513756
  0.0999999866  0.0599999949  0.14839752  0.187024891
  0.109999985  0.0599999949  0.132773429  0.167160496
  0.119999982  0.0599999949  0.119443923  0.15022555
  0.12999998  0.0599999949  0.107989818  0.135694042
  0.139999986  0.0599999949  0.0980854928  0.12314944
  0.149999991  0.0599999949  0.0894691721  0.112252899
  0.159999996  0.0599999949  0.0819403231  0.10274335
  0.170000002  0.0599999949  0.0753295794  0.0944054574
  0.180000007  0.0599999949  0.0694979504  0.0870585591
  0.190000013  0.0599999949  0.0643327534  0.0805589855
  0.200000018  0.0599999949  0.0597405583  0.0747843087
  0.210000023  0.0599999949  0.0556439012  0.0696370602
  0.220000029  0.0599999949  0.0519758686  0.0650317371
  0.230000034  0.0599999949  0.0486810431  0.0608972684
  0.240000039  0.0599999949  0.0457125306  0.0571741536
  0.25000003  0.0599999949  0.0430305488  0.0538118109
  0.26000002  0.0599999949  0.0406003818  0.0507665426
  0.270000011  0.0599999949  0.0383935124  0.0480017215
  0.280000001  0.0599999949  0.0363844261  0.0454857573
  0.289999992  0.0599999949  0.0345516652  0.0431910306
  0.299999982  0.0599999949  0.032876756  0.0410943739
 0.0  0.0699999928  0.684601367  0.728888631
  0.00999999978  0.0699999928  0.59465462  0.674367309
  0.0199999996  0.0699999928  0.482416362  0.579564989
  0.0299999993  0.0699999928  0.396068811  0.489978552
  0.0399999991  0.0699999928  0.331445813  0.415686816
  0.049999997  0.0699999928  0.281992257  0.355726212
  0.0599999949  0.0699999928  0.243092507  0.307274491
  0.0699999928  0.0699999928  0.211763784  0.267705142
  0.0799999908  0.0699999928  0.186063051  0.235040352
  0.0899999887  0.0699999928  0.164675862  0.207791537
  0.0999999866  0.0699999928  0.146677658  0.184859335
  0.109999985  0.0699999928  0.131397113  0.165410161
  0.119999982  0.0699999928  0.118321002  0.148792684
  0.12999998  0.0699999928  0.107060552  0.134507
  0.139999986  0.0699999928  0.0973049104  0.122152589
  0.149999991  0.0699999928  0.0888133794  0.111412436
  0.159999996  0.0699999928  0.0813823193  0.102032788
  0.170000002  0.0699999928  0.0748496503  0.0937953442
  0.180000007  0.0699999928  0.0690850392  0.0865349174
  0.190000013  0.0699999928  0.0639756545  0.0801063776
  0.200000018  0.0699999928  0.0594306886  0.074391894
  0.210000023  0.0699999928  0.0553730689  0.0692952275
  0.220000029  0.0699999928  0.0517383665  0.0647320524
  0.230000034  0.0699999928  0.0484721214  0.0606340282
  0.240000039  0.0699999928  0.0455279164  0.0569417812
  0.25000003  0.0699999928  0.0428665504  0.0536056086
  0.26000002  0.0699999928  0.0404546335  0.0505833849
  0.270000011  0.0699999928  0.0382632166  0.0478381962
  0.280000001  0.0699999928  0.036267709  0.0453392304
  0.289999992  0.0699999928  0.0344468765  0.0430594496
  0.299999982  0.0699999928  0.0327821299  0.040975675
 0.0  0.0799999908  0.550032079  0.658174932
  0.00999999978  0.0799999908  0.504213452  0.619834781
  0.0199999996  0.0799999908  0.433536023  0.544269502
  0.0299999993  0.0799999908  0.369358152  0.467691243
  0.0399999991  0.0799999908  0.316019952  0.401206821
  0.049999997  0.0799999908  0.272469968  0.345893323
  0.0599999949  0.0799999908  0.236817867  0.300291181
  0.0699999928  0.0799999908  0.207378969  0.262549341
  0.0799999908  0.0799999908  0.182844087  0.231109455
  0.0899999887  0.0799999908  0.162218273  0.204720169
  0.0999999866  0.0799999908  0.144742116  0.182407528
  0.109999985  0.0799999908  0.129837781  0.163420826
  0.119999982  0.0799999908  0.117043294  0.147158414
  0.12999998  0.0799999908  0.106000796  0.133148924
  0.139999986  0.0799999908  0.0964168012  0.121016666
  0.149999991  0.0799999908  0.0880614221  0.110455692
  0.159999996  0.0799999908  0.0807418153  0.101217225
  0.170000002  0.0799999908  0.0743028969  0.0931001455
  0.180000007  0.0799999908  0.0686124489  0.0859356448
  0.190000013  0.0799999908  0.0635674968  0.0795881376
  0.200000018  0.0799999908  0.05907581  0.0739439577
  0.210000023  0.0799999908  0.0550631806  0.068903856
  0.220000029  0.0799999908  0.0514666587  0.0643893257
  0.230000034  0.0799999908  0.0482327044  0.0603324026
  0.240000039  0.0799999908  0.0453164466  0.05667549
  0.25000003  0.0799999908  0.0426790267  0.0533699542
  0.26000002  0.0799999908  0.0402875133  0.0503732786
  0.270000011  0.0799999908  0.0381138772  0.0476507396
  0.280000001  0.0799999908  0.0361338481  0.0451711342
  0.289999992  0.0799999908  0.0343265198  0.0429084338
  0.299999982  0.0799999908  0.0326735973  0.0408395603
 0.0  0.0899999887  0.438144177  0.596458912
  0.00999999978  0.0899999887  0.426932722  0.568939447
  0.0199999996  0.0899999887  0.390207976  0.509621203
  0.0299999993  0.0899999887  0.344531238  0.444979936
  0.0399999991  0.0899999887  0.301028907  0.386005819
  0.049999997  0.0899999887  0.262871683  0.335389465
  0.0599999949  0.0899999887  0.230302751  0.292728186
  0.0699999928  0.0899999887  0.20272246  0.256917924
  0.0799999908  0.0899999887  0.179364398  0.226786196
  0.0899999887  0.0899999887  0.159529209  0.201323226
  0.0999999866  0.0899999887  0.142610639  0.17969124
  0.109999985  0.0899999887  0.128110111  0.161210865
  0.119999982  0.0899999887  0.115623482  0.145338342
  0.12999998  0.0899999887  0.104820833  0.131640881
  0.139999986  0.0899999887  0.0954269022  0.119751841
  0.149999991  0.0899999887  0.0872212872  0.109384932
  0.159999996  0.0899999887  0.0800274312  0.1003071
  0.170000002  0.0899999887  0.0736896247  0.0923207551
  0.180000007  0.0899999887  0.068085745  0.0852676928
  0.190000013  0.0899999887  0.0631100386  0.0790109262
  0.200000018  0.0899999887  0.0586778149  0.0734402537
  0.210000023  0.0899999887  0.054715246  0.0684645027
  0.220000029  0.0899999887  0.0511612967  0.0640042275
  0.230000034  0.0899999887  0.0479635634  0.0599934757
  0.240000039  0.0899999887  0.0450784676  0.0563760363
  0.25000003  0.0899999887  0.0424676649  0.0531039834
  0.26000002  0.0899999887  0.0400994159  0.0501370132
  0.270000011  0.0899999887  0.0379458666  0.0474396758
  0.280000001  0.0899999887  0.0359832421  0.0449821353
  0.289999992  0.0899999887  0.0341909267  0.0427383855
  0.299999982  0.0899999887  0.0325512923  0.0406861827
 0.0  0.0999999866  0.363466233  0.543749869
  0.00999999978  0.0999999866  0.3729451  0.523494005
  0.0199999996  0.0999999866  0.355457157  0.476745516
  0.0299999993  0.0999999866  0.322684944  0.422450244
  0.0399999991  0.0999999866  0.286969841  0.370510995
  0.049999997  0.0999999866  0.253436536  0.324423909
  0.0599999949  0.0999999866  0.223673329  0.28471911
  0.0699999928  0.0999999866  0.197857335  0.250880867
  0.0799999908  0.0999999866  0.17566967  0.222120792
  0.0899999887  0.0999999866  0.156635508  0.197634757
  0.0999999866  0.0999999866  0.140295908  0.17672649
  0.109999985  0.0999999866  0.12622568  0.158792824
  0.119999982  0.0999999866  0.11406979  0.143347681
  0.12999998  0.0999999866  0.103522882  0.129977793
  0.139999986  0.0999999866  0.0943358988  0.11835584
  0.149999991  0.0999999866  0.0862989575  0.108206481
  0.159999996  0.0999999866  0.0792396739  0.0993050113
  0.170000002  0.0999999866  0.0730139986  0.0914630145
  0.180000007  0.0999999866  0.0675010979  0.084525913
  0.190000013  0.0999999866  0.0626044795  0.0783681795
  0.200000018  0.0999999866  0.0582374968  0.0728841126
  0.210000023  0.0999999866  0.0543303564  0.0679788515
  0.220000029  0.0999999866  0.0508234799  0.0635786355
  0.230000034  0.0999999866  0.0476658568  0.059618596
  0.240000039  0.0999999866  0.0448149368  0.0560446605
  0.25000003  0.0999999866  0.042233739  0.0528099909
  0.26000002  0.0999999866  0.0398909338  0.0498750769
  0.270000011  0.0999999866  0.0377595089  0.0472057238
  0.280000001  0.0999999866  0.0358160548  0.044772312
  0.289999992  0.0999999866  0.0340405516  0.0425497703
  0.299999982  0.0999999866  0.032415621  0.040516004
 0.0  0.109999985  0.338311523  0.498993576
  0.00999999978  0.109999985  0.340976298  0.483581394
  0.0199999996  0.109999985  0.329367816  0.446350932
  0.0299999993  0.109999985  0.304144293  0.400659293
  0.0399999991  0.109999985  0.274084151  0.355006874
  0.049999997  0.109999985  0.244316891  0.313190579
  0.0599999949  0.109999985  0.217020854  0.276369363
  0.0699999928  0.109999985  0.192847401  0.24451226
  0.0799999908  0.109999985  0.171789795  0.217153147
  0.0899999887  0.109999985  0.153562546  0.193683982
  0.0999999866  0.109999985  0.13781552  0.173534304
  0.109999985  0.109999985  0.124197185  0.156184316
  0.119999982  0.109999985  0.11239019  0.141191185
  0.12999998  0.109999985  0.102118328  0.128179297
  0.139999986  0.109999985  0.0931499898  0.116843015
  0.149999991  0.109999985  0.085293889  0.10692659
  0.159999996  0.109999985  0.0783802867  0.0982117802
  0.170000002  0.109999985  0.0722754896  0.0905253664
  0.180000007  0.109999985  0.0668657646  0.0837213844
  0.190000013  0.109999985  0.0620528311  0.0776726604
  0.200000018  0.109999985  0.05775702  0.0722768828
  0.210000023  0.109999985  0.0539101362  0.0674483478
  0.220000029  0.109999985  0.0504540503  0.0631128252
  0.230000034  0.109999985  0.0473402068  0.0592084751
  0.240000039  0.109999985  0.0445266515  0.0556818917
  0.25000003  0.109999985  0.0419776253  0.0524881855
  0.26000002  0.109999985  0.0396627113  0.0495883897
  0.270000011  0.109999985  0.0375552252  0.0469492972
  0.280000001  0.109999985  0.0356328338  0.0445424989
  0.289999992  0.109999985  0.0338756181  0.0423428975
  0.299999982  0.109999985  0.0322666764  0.0403293893
 0.0  0.119999982  0.324891448  0.460639656
  0.00999999978  0.119999982  0.321507365  0.448678046
  0.0199999996  0.119999982  0.309917301  0.418589592
  0.0299999993  0.119999982  0.288563132  0.379918784
  0.0399999991  0.119999982  0.262375444  0.339743227
  0.049999997  0.119999982  0.235574529  0.301851958
  0.0599999949  0.119999982  0.210395932  0.267781854
  0.0699999928  0.119999982  0.187731266  0.23788026
  0.0799999908  0.119999982  0.167757764  0.211927339
  0.0899999887  0.119999982  0.150330678  0.189502195
  0.0999999866  0.119999982  0.135188639  0.170142621
  0.109999985  0.119999982  0.122035772  0.153400645
  0.119999982  0.119999982  0.110592775  0.138882637
  0.12999998  0.119999982  0.100612402  0.126250744
  0.139999986  0.119999982  0.0918784067  0.115217589
  0.149999991  0.119999982  0.0842124969  0.105546825
  0.159999996  0.119999982  0.0774555653  0.0970357955
  0.170000002  0.119999982  0.0714818314  0.0895186067
  0.180000007  0.119999982  0.066179201  0.0828516111
  0.190000013  0.119999982  0.0614568554  0.0769175887
  0.200000018  0.119999982  0.0572375655  0.0716210604
  0.210000023  0.119999982  0.0534552895  0.0668751299
  0.220000029  0.119999982  0.0500544012  0.0626096129
  0.230000034  0.119999982  0.0469876155  0.05876467
  0.240000039  0.119999982  0.0442144126  0.0552891865
  0.25000003  0.119999982  0.0417000391  0.0521393232
  0.26000002  0.119999982  0.0394151434  0.0492774248
  0.270000011  0.119999982  0.0373338051  0.0466713384
  0.280000001  0.119999982  0.0354340076  0.0442929417
  0.289999992  0.119999982  0.0336966589  0.0421184935
  0.299999982  0.119999982  0.0321050398  0.0401267707
 0.0  0.12999998  0.311844707  0.427578151
  0.00999999978  0.12999998  0.306924313  0.418101072
  0.0199999996  0.12999998  0.294656575  0.393391311
  0.0299999993  0.12999998  0.275267363  0.360376924
  0.0399999991  0.12999998  0.251694918  0.324887484
  0.049999997  0.12999998  0.227201506  0.290533364
  0.0599999949  0.12999998  0.20383139  0.259052217
  0.0699999928  0.12999998  0.182533503  0.231038362
  0.0799999908  0.12999998  0.163596332  0.206487954
  0.0899999887  0.12999998  0.146960169  0.185120523
  0.0999999866  0.12999998  0.132426992  0.166567847
  0.109999985  0.12999998  0.119749978  0.150454208
  0.119999982  0.12999998  0.108687341  0.136435002
  0.12999998  0.12999998  0.0990109816  0.12420021
  0.139999986  0.12999998  0.0905253142  0.11348705
  0.149999991  0.12999998  0.083059147  0.104079932
  0.159999996  0.12999998  0.0764679536  0.0957813486
  0.170000002  0.12999998  0.0706333071  0.0884424597
  0.180000007  0.12999998  0.0654447377  0.0819201469
  0.190000013  0.12999998  0.0608194321  0.0761132166
  0.200000018  0.12999998  0.0566811338  0.0709189773
  0.210000023  0.12999998  0.0529679134  0.0662604198
  0.220000029  0.12999998  0.0496256985  0.0620696396
  0.230000034  0.12999998  0.0466091633  0.0582883991
  0.240000039  0.12999998  0.0438788943  0.0548674315
  0.25000003  0.12999998  0.0414018445  0.0517645106
  0.26000002  0.12999998  0.0391489118  0.0489432886
  0.270000011  0.12999998  0.0370955244  0.0463723056
  0.280000001  0.12999998  0.035220027  0.0440245494
  0.289999992  0.12999998  0.0335039571  0.0418767482
  0.299999982  0.12999998  0.0319308601  0.0399083905
 0.0  0.139999986  0.299031585  0.39889735
  0.00999999978  0.139999986  0.294097155  0.391197026
  0.0199999996  0.139999986  0.281775355  0.370564699
  0.0299999993  0.139999986  0.263568491  0.342067778
  0.0399999991  0.139999986  0.241817787  0.310537905
  0.049999997  0.139999986  0.219136089  0.279322803
  0.0599999949  0.139999986  0.197319925  0.250239462
  0.0699999928  0.139999986  0.177274942  0.224042132
  0.0799999908  0.139999986  0.159321517  0.200868383
  0.0899999887  0.139999986  0.143462658  0.180560395
  0.0999999866  0.139999986  0.12954402  0.162832797
  0.109999985  0.139999986  0.117355108  0.147366434
  0.119999982  0.139999986  0.106681839  0.133860558
  0.12999998  0.139999986  0.0973219648  0.122038975
  0.139999986  0.139999986  0.0890922844  0.111662596
  0.149999991  0.139999986  0.0818386674  0.102525562
  0.159999996  0.139999986  0.0754228234  0.0944536328
  0.170000002  0.139999986  0.0697326064  0.0873012021
  0.180000007  0.139999986  0.0646657795  0.0809369385
  0.190000013  0.139999986  0.0601418652  0.0752569288
  0.200000018  0.139999986  0.0560897961  0.0701726526
  0.210000023  0.139999986  0.052449286  0.0656069294
  0.220000029  0.139999986  0.0491693504  0.061494939
  0.230000034  0.139999986  0.046205882  0.0577811897
  0.240000039  0.139999986  0.0435215868  0.0544181876
  0.25000003  0.139999986  0.04108366  0.0513648391
  0.26000002  0.139999986  0.0388648883  0.048586607
  0.270000011  0.139999986  0.0368410945  0.0460529402
  0.280000001  0.139999986  0.0349914208  0.0437378027
  0.289999992  0.139999986  0.0332978219  0.0416183919
  0.299999982  0.139999986  0.0317445844  0.0396749228
 0.0  0.149999991  0.286655277  0.373791873
  0.00999999978  0.149999991  0.282151043  0.367393881
  0.0199999996  0.149999991  0.27023232  0.34986794
  0.0299999993  0.149999991  0.252909869  0.324954361
  0.0399999991  0.149999991  0.232515976  0.296734661
  0.049999997  0.149999991  0.211310506  0.268282831
  0.0599999949  0.149999991  0.190848574  0.241409853
  0.0699999928  0.149999991  0.171959564  0.216940925
  0.0799999908  0.149999991  0.154956505  0.195115864
  0.0899999887  0.149999991  0.139860481  0.175861403
  0.0999999866  0.149999991  0.126555637  0.158961743
  0.109999985  0.149999991  0.114862107  0.144154742
  0.119999982  0.149999991  0.10458979  0.13117528
  0.12999998  0.149999991  0.0955547988  0.119779676
  0.139999986  0.149999991  0.0875947475  0.109752283
  0.149999991  0.149999991  0.0805582553  0.100897923
  0.159999996  0.149999991  0.0743238181  0.0930596367
  0.170000002  0.149999991  0.0687841251  0.0861002058
  0.180000007  0.149999991  0.0638446212  0.0798984095
  0.190000013  0.149999991  0.0594272465  0.074354358
  0.200000018  0.149999991  0.055465132  0.0693848059
  0.210000023  0.149999991  0.0519013926  0.0649165362
  0.220000029  0.149999991  0.048686672  0.060887374
  0.230000034  0.149999991  0.0457792319  0.0572444275
  0.240000039  0.149999991  0.0431427918  0.0539420657
  0.25000003  0.149999991  0.0407465808  0.0509413667
  0.26000002  0.149999991  0.0385637023  0.0482084975
  0.270000011  0.149999991  0.036571078  0.0457142293
  0.280000001  0.149999991  0.0347487479  0.0434335023
  0.289999992  0.149999991  0.0330788866  0.041343987
  0.299999982  0.149999991  0.0315466486  0.0394269302
 0.0  0.159999996  0.274970293  0.351569355
  0.00999999978  0.159999996  0.27087152  0.346209943
  0.0199999996  0.159999996  0.259481609  0.331034482
  0.0299999993  0.159999996  0.24289766  0.308943182
  0.0399999991  0.159999996  0.223590657  0.283474654
  0.049999997  0.159999996  0.203638956  0.257449865
  0.0599999949  0.159999996  0.184399083  0.232597783
  0.0699999928  0.159999996  0.166593224  0.209766328
  0.0799999908  0.159999996  0.150504738  0.18925336
  0.0899999887  0.159999996  0.136164308  0.171042204
  0.0999999866  0.159999996  0.123474911  0.154974833
  0.109999985  0.159999996  0.112282686  0.140835091
  0.119999982  0.159999996  0.102416895  0.128391311
  0.12999998  0.159999996  0.0937168151  0.117432997
  0.139999986  0.159999996  0.0860290825  0.107759252
  0.149999991  0.159999996  0.0792217627  0.0992005467
  0.159999996  0.159999996  0.0731752664  0.0916036516
  0.170000002  0.159999996  0.0677922666  0.0848444551
  0.180000007  0.159999996  0.0629840717  0.0788106322
  0.190000013  0.159999996  0.0586777627  0.0734086111
  0.200000018  0.159999996  0.0548097119  0.0685584694
  0.210000023  0.159999996  0.051325582  0.0641913265
  0.220000029  0.159999996  0.0481791012  0.0602487959
  0.230000034  0.159999996  0.0453300662  0.0566796698
  0.240000039  0.159999996  0.0427438132  0.0534408465
  0.25000003  0.159999996  0.0403911918  0.0504951924
  0.26000002  0.159999996  0.0382460393  0.0478097945
  0.270000011  0.159999996  0.0362862311  0.0453568697
  0.280000001  0.159999996  0.0344924331  0.0431121327
  0.289999992  0.159999996  0.0328477435  0.041054219
  0.299999982  0.159999996  0.0313374698  0.0391646884
 0.0  0.170000002  0.263942748  0.331806123
  0.00999999978  0.170000002  0.2601915  0.32724306
  0.0199999996  0.170000002  0.249236524  0.313819319
  0.0299999993  0.170000002  0.233252466  0.293915778
  0.0399999991  0.170000002  0.214877859  0.270727694
  0.049999997  0.170000002  0.19605346  0.246833503
  0.0599999949  0.170000002  0.17795226  0.223835751
  0.0699999928  0.170000002  0.16117841  0.202558488
  0.0799999908  0.170000002  0.145980597  0.183313265
  0.0899999887  0.170000002  0.132386699  0.166129664
  0.0999999866  0.170000002  0.120313674  0.150893077
  0.109999985  0.170000002  0.1096256  0.137421161
  0.119999982  0.170000002  0.100177616  0.125526607
  0.12999998  0.170000002  0.0918168128  0.115009688
  0.139999986  0.170000002  0.0844080225  0.105697051
  0.149999991  0.170000002  0.0778332204  0.0974381045
  0.159999996  0.170000002  0.0719822794  0.0900919288
  0.170000002  0.170000002  0.0667598471  0.0835390165
  0.180000007  0.170000002  0.0620877594  0.0776784196
  0.190000013  0.170000002  0.057896059  0.0724225938
  0.200000018  0.170000002  0.0541251116  0.0676959902
  0.210000023  0.170000002  0.0507239699  0.0634338111
  0.220000029  0.170000002  0.0476481542  0.0595808625
  0.230000034  0.170000002  0.0448598601  0.0560888238
  0.240000039  0.170000002  0.0423260406  0.0529160425
  0.25000003  0.170000002  0.0400186218  0.0500273854
  0.26000002  0.170000002  0.0379127525  0.0473915748
  0.270000011  0.170000002  0.0359871984  0.0449816883
  0.280000001  0.170000002  0.0342231765  0.0427744687
  0.289999992  0.170000002  0.0326047093  0.0407495499
  0.299999982  0.170000002  0.0311173946  0.0388890132
 0.0  0.180000007  0.253593504  0.314203471
  0.00999999978  0.180000007  0.250051916  0.310156524
  0.0199999996  0.180000007  0.239284068  0.297962576
  0.0299999993  0.180000007  0.223768994  0.279724121
  0.0399999991  0.180000007  0.206255168  0.258434117
  0.049999997  0.180000007  0.18849954  0.236430347
  0.0599999949  0.180000007  0.171487853  0.215148717
  0.0699999928  0.180000007  0.155722827  0.195343524
  0.0799999908  0.180000007  0.141398028  0.177323759
  0.0899999887  0.180000007  0.128544018  0.161149889
  0.0999999866  0.180000007  0.117084138  0.146732286
  0.109999985  0.180000007  0.106905691  0.133933991
  0.119999982  0.180000007  0.0978749469  0.122583866
  0.12999998  0.180000007  0.089861244  0.112519979
  0.139999986  0.180000007  0.08273983  0.103577301
  0.149999991  0.180000007  0.0764013976  0.095622614
  0.159999996  0.180000007  0.0707470402  0.088529557
  0.170000002  0.180000007  0.0656907633  0.0821884349
  0.180000007  0.180000007  0.0611582287  0.0765055865
  0.190000013  0.180000007  0.0570846051  0.0713996142
  0.200000018  0.180000007  0.0534139127  0.0668001324
  0.210000023  0.180000007  0.0500980765  0.0626464635
  0.220000029  0.180000007  0.047095377  0.0588859245
  0.230000034  0.180000007  0.0443700328  0.0554731861
  0.240000039  0.180000007  0.0418903455  0.0523688048
  0.25000003  0.180000007  0.0396297313  0.0495392755
  0.26000002  0.180000007  0.0375647023  0.0469549187
  0.270000011  0.180000007  0.0356745087  0.0445896275
  0.280000001  0.180000007  0.0339417197  0.0424215645
  0.289999992  0.180000007  0.0323503539  0.0404307991
  0.299999982  0.180000007  0.0308869444  0.0386002809
 0.0  0.190000013  0.243923262  0.29829976
  0.00999999978  0.190000013  0.240339071  0.294646859
  0.0199999996  0.190000013  0.229413033  0.283203155
  0.0299999993  0.190000013  0.21428144  0.266205102
  0.0399999991  0.190000013  0.197627798  0.246528074
  0.049999997  0.190000013  0.180937454  0.22622709
  0.0599999949  0.190000013  0.16500172  0.206540152
  0.0699999928  0.190000013  0.150227025  0.188138887
  0.0799999908  0.190000013  0.136769682  0.1713112
  0.0899999887  0.190000013  0.124650463  0.156125754
  0.0999999866  0.190000013  0.113804311  0.142523706
  0.109999985  0.190000013  0.104133844  0.130392179
  0.119999982  0.190000013  0.0955247134  0.119590625
  0.12999998  0.190000013  0.0878573731  0.109972998
  0.139999986  0.190000013  0.081026718  0.101404384
  0.149999991  0.190000013  0.0749287903  0.0937584937
  0.159999996  0.190000013  0.0694759414  0.0869214684
  0.170000002  0.190000013  0.0645890683  0.0807972997
  0.180000007  0.190000013  0.0601991192  0.0752957612
  0.190000013  0.190000013  0.0562463403  0.0703434348
  0.200000018  0.190000013  0.0526782013  0.0658743158
  0.210000023  0.190000013  0.049449984  0.061831329
  0.220000029  0.190000013  0.0465225056  0.0581656247
  0.230000034  0.190000013  0.0438616537  0.0548345968
  0.240000039  0.190000013  0.0414377823  0.0518007129
  0.25000003  0.190000013  0.0392255485  0.0490320362
  0.26000002  0.190000013  0.0372025743  0.0465005822
  0.270000011  0.190000013  0.0353492014  0.0441816375
  0.280000001  0.190000013  0.0336483903  0.0420538858
  0.289999992  0.190000013  0.0320851915  0.0400985368
  0.299999982  0.190000013  0.0306466147  0.0382992104
 0.0  0.200000018  0.234869897  0.283972651
  0.00999999978  0.200000018  0.230804041  0.280426741
  0.0199999996  0.200000018  0.219364002  0.269252717
  0.0299999993  0.200000018  0.204658508  0.253192306
  0.0399999991  0.200000018  0.188941896  0.234939069
  0.049999997  0.200000018  0.173349559  0.216209322
  0.0599999949  0.200000018  0.158500612  0.198032558
  0.0699999928  0.200000018  0.144711137  0.180976152
  0.0799999908  0.200000018  0.132112205  0.16529952
  0.0899999887  0.200000018  0.120720431  0.151078701
  0.0999999866  0.200000018  0.110483974  0.138276577
  0.109999985  0.200000018  0.10132087  0.126805723
  0.119999982  0.200000018  0.0931333601  0.116547257
  0.12999998  0.200000018  0.0858181566  0.107382327
  0.139999986  0.200000018  0.0792765394  0.0991872847
  0.149999991  0.200000018  0.0734220222  0.0918524712
  0.159999996  0.200000018  0.0681739599  0.0852785483
  0.170000002  0.200000018  0.0634584278  0.0793704465
  0.180000007  0.200000018  0.059213616  0.0740537196
  0.190000013  0.200000018  0.0553834513  0.0692571551
  0.200000018  0.200000018  0.0519202985  0.0649205744
  0.210000023  0.200000018  0.0487815104  0.060990952
  0.220000029  0.200000018  0.0459309667  0.0574223138
  0.230000034  0.200000018  0.0433361083  0.0541746356
  0.240000039  0.200000018  0.0409696177  0.0512130968
  0.25000003  0.200000018  0.0388071463  0.0485070869
  0.26000002  0.200000018  0.036827296  0.0460300222
  0.270000011  0.200000018  0.0350116231  0.0437585562
  0.280000001  0.200000018  0.0333438851  0.0416722037
  0.289999992  0.200000018  0.0318098255  0.0397535004
  0.299999982  0.200000018  0.030396862  0.037986327
 0.0  0.210000023  0.226357058  0.271009147
  0.00999999978  0.210000023  0.220819265  0.267122269
  0.0199999996  0.210000023  0.208842784  0.255782098
  0.0299999993  0.210000023  0.194811553  0.240518034
  0.0399999991  0.210000023  0.180175006  0.223603174
  0.049999997  0.210000023  0.165744543  0.206370577
  0.0599999949  0.210000023  0.151996225  0.189639121
  0.0699999928  0.210000023  0.139189199  0.173872694
  0.0799999908  0.210000023  0.127440751  0.159310237
  0.0899999887  0.210000023  0.11676842  0.146027505
  0.0999999866  0.210000023  0.107137516  0.134010613
  0.109999985  0.210000023  0.0984792784  0.123192281
  0.119999982  0.210000023  0.0907120258  0.113477036
  0.12999998  0.210000023  0.0837453231  0.104758784
  0.139999986  0.210000023  0.0774969608  0.0969368592
  0.149999991  0.210000023  0.0718882605  0.0899153054
  0.159999996  0.210000023  0.0668451041  0.083600454
  0.170000002  0.210000023  0.0623029917  0.0779139996
  0.180000007  0.210000023  0.0582047515  0.0727830455
  0.190000013  0.210000023  0.0544993058  0.0681442693
  0.200000018  0.210000023  0.0511423647  0.0639422387
  0.210000023  0.210000023  0.0480946936  0.0601276942
  0.220000029  0.210000023  0.0453223325  0.0566579401
  0.230000034  0.210000023  0.0427950211  0.0534953773
  0.240000039  0.210000023  0.0404870547  0.050607536
  0.25000003  0.210000023  0.0383752845  0.0479653627
  0.26000002  0.210000023  0.0364398025  0.0455441624
  0.270000011  0.210000023  0.0346628726  0.0433212519
  0.280000001  0.210000023  0.0330290571  0.0412777439
  0.289999992  0.210000023  0.0315248035  0.0393964052
  0.299999982  0.210000023  0.030138148  0.0376622677
 0.0  0.220000029  0.217498153  0.259056449
  0.00999999978  0.220000029  0.209229231  0.254103243
  0.0199999996  0.220000029  0.197648346  0.242421344
  0.0299999993  0.220000029  0.184727415  0.228038251
  0.0399999991  0.220000029  0.171352476  0.212480247
  0.049999997  0.220000029  0.158144221  0.196711585
  0.0599999949  0.220000029  0.145511344  0.181370229
  0.0699999928  0.220000029  0.133681446  0.16684863
  0.0799999908  0.220000029  0.12277364  0.153364435
  0.0899999887  0.220000029  0.112812772  0.14099431
  0.0999999866  0.220000029  0.103780173  0.129746348
  0.109999985  0.220000029  0.0956213549  0.119567454
  0.119999982  0.220000029  0.0882693082  0.110383704
  0.12999998  0.220000029  0.0816513672  0.102111131
  0.139999986  0.220000029  0.0756963566  0.0946625918
  0.149999991  0.220000029  0.0703315437  0.087951377
  0.159999996  0.220000029  0.0654942021  0.0818975493
  0.170000002  0.220000029  0.0611263178  0.0764318332
  0.180000007  0.220000029  0.0571756661  0.0714879408
  0.190000013  0.220000029  0.0535961278  0.0670084953
  0.200000018  0.220000029  0.0503467098  0.0629421026
  0.210000023  0.220000029  0.0473912954  0.0592440665
  0.220000029  0.220000029  0.0446983315  0.0558744669
  0.230000034  0.220000029  0.0422397181  0.052798517
  0.240000039  0.220000029  0.0399913006  0.0499854758
  0.25000003  0.220000029  0.0379312411  0.0474085212
  0.26000002  0.220000029  0.0360408872  0.0450440422
  0.270000011  0.220000029  0.0343034565  0.0428708866
  0.280000001  0.220000029  0.0327043384  0.040870972
  0.289999992  0.220000029  0.0312307104  0.0390280001
  0.299999982  0.220000029  0.0298710354  0.0373276994
 0.0  0.230000034  0.200206444  0.24818176
  0.00999999978  0.230000034  0.195575386  0.240272567
  0.0199999996  0.230000034  0.185872972  0.228886902
  0.0299999993  0.230000034  0.174502701  0.215687603
  0.0399999991  0.230000034  0.162534595  0.201565117
  0.049999997  0.230000034  0.150595218  0.187243432
  0.0599999949  0.230000034  0.139079735  0.173252583
  0.0699999928  0.230000034  0.128219202  0.159933984
  0.0799999908  0.230000034  0.118132956  0.14748396
  0.0899999887  0.230000034  0.108872056  0.136003062
  0.0999999866  0.230000034  0.100426182  0.12550059
  0.109999985  0.230000034  0.0927580595  0.115944967
  0.119999982  0.230000034  0.0858184844  0.107284382
  0.12999998  0.230000034  0.0795458108  0.0994512513
  0.139999986  0.230000034  0.0738785043  0.0923706517
  0.149999991  0.230000034  0.0687574744  0.0859668851
  0.159999996  0.230000034  0.0641260743  0.080174461
  0.170000002  0.230000034  0.0599322282  0.0749290958
  0.180000007  0.230000034  0.0561299287  0.0701725632
  0.190000013  0.230000034  0.0526767597  0.0658526421
  0.200000018  0.230000034  0.04953558  0.0619230717
  0.210000023  0.230000034  0.0466733463  0.0583423115
  0.220000029  0.230000034  0.0440604985  0.0550738052
  0.230000034  0.230000034  0.041671522  0.0520855263
  0.240000039  0.230000034  0.0394834056  0.0493484885
  0.25000003  0.230000034  0.0374759957  0.0468376689
  0.26000002  0.230000034  0.0356314443  0.0445307717
  0.270000011  0.230000034  0.0339343324  0.0424083248
  0.280000001  0.230000034  0.0323705599  0.0404527634
  0.289999992  0.230000034  0.0309279934  0.0386488736
  0.299999982  0.230000034  0.0295958444  0.0369831771
 0.0  0.240000039  0.183870092  0.229677767
  0.00999999978  0.240000039  0.181299865  0.224884272
  0.0199999996  0.240000039  0.173919514  0.215144992
  0.0299999993  0.240000039  0.164306864  0.203485966
  0.0399999991  0.240000039  0.153817505  0.190882444
  0.049999997  0.240000039  0.143151641  0.177994147
  0.0599999949  0.240000039  0.132738933  0.1653101
  0.0699999928  0.240000039  0.12282075  0.153141901
  0.0799999908  0.240000039  0.113542207  0.14169623
  0.0899999887  0.240000039  0.104960099  0.131066918
  0.0999999866  0.240000039  0.0970852673  0.121283635
  0.109999985  0.240000039  0.0899003744  0.112338409
  0.119999982  0.240000039  0.0833635703  0.104190655
  0.12999998  0.240000039  0.0774319917  0.096788317
  0.139999986  0.240000039  0.0720510483  0.0900663808
  0.149999991  0.240000039  0.0671715066  0.0839698613
  0.159999996  0.240000039  0.0627444535  0.0784363821
  0.170000002  0.240000039  0.0587246194  0.0734102875
  0.180000007  0.240000039  0.055070281  0.0688408166
  0.190000013  0.240000039  0.0517439507  0.0646807626
  0.200000018  0.240000039  0.0487113483  0.0608881041
  0.210000023  0.240000039  0.0459427088  0.0574253201
  0.220000029  0.240000039  0.043410752  0.0542585962
  0.230000034  0.240000039  0.0410918109  0.0513583496
  0.240000039  0.240000039  0.0389645137  0.0486979894
  0.25000003  0.240000039  0.0370102972  0.0462540016
  0.26000002  0.240000039  0.0352123529  0.0440056324
  0.270000011  0.240000039  0.0335561931  0.0419343933
  0.280000001  0.240000039  0.0320282243  0.0400239974
  0.289999992  0.240000039  0.0306174085  0.0382599421
  0.299999982  0.240000039  0.0293132998  0.0366294309
 0.0  0.25000003  0.169454604  0.211671308
  0.00999999978  0.25000003  0.167775631  0.209003031
  0.0199999996  0.25000003  0.162271231  0.201468825
  0.0299999993  0.25000003  0.154350311  0.191548586
  0.0399999991  0.25000003  0.14530167  0.180487752
  0.049999997  0.25000003  0.135877594  0.16900447
  0.0599999949  0.25000003  0.12652646  0.157570392
  0.0699999928  0.25000003  0.117523305  0.146509171
  0.0799999908  0.25000003  0.109020531  0.136018351
  0.0899999887  0.25000003  0.101095773  0.126204625
  0.0999999866  0.25000003  0.0937773362  0.117119446
  0.109999985  0.25000003  0.0870588571  0.108761847
  0.119999982  0.25000003  0.0809193179  0.101113513
  0.12999998  0.25000003  0.0753194913  0.0941281468
  0.139999986  0.25000003  0.0702200532  0.087763153
  0.149999991  0.25000003  0.065578863  0.0819666907
  0.159999996  0.25000003  0.0613544062  0.0766885504
  0.170000002  0.25000003  0.0575068928  0.0718799755
  0.180000007  0.25000003  0.0540000834  0.0674961954
  0.190000013  0.25000003  0.0507998988  0.0634952262
  0.200000018  0.25000003  0.047875993  0.0598394759
  0.210000023  0.25000003  0.0452009737  0.056494616
  0.220000029  0.25000003  0.04275034  0.0534303524
  0.230000034  0.25000003  0.0405018888  0.0506186262
  0.240000039  0.25000003  0.0384361148  0.0480354689
  0.25000003  0.25000003  0.0365354978  0.0456590131
  0.26000002  0.25000003  0.0347845927  0.04346966
  0.270000011  0.25000003  0.0331695601  0.0414502956
  0.280000001  0.25000003  0.0316781625  0.0395855941
  0.289999992  0.25000003  0.0302994531  0.0378617831
  0.299999982  0.25000003  0.0290238336  0.0362669416
 0.0  0.26000002  0.156670421  0.195701957
  0.00999999978  0.26000002  0.155447349  0.193950474
  0.0199999996  0.26000002  0.15126726  0.188261539
  0.0299999993  0.26000002  0.144803688  0.180021256
  0.0399999991  0.26000002  0.1370821  0.170454413
  0.049999997  0.26000002  0.128823966  0.16030927
  0.0599999949  0.26000002  0.120484233  0.150067538
  0.0699999928  0.26000002  0.112349518  0.14005293
  0.0799999908  0.26000002  0.104588613  0.130469263
  0.0899999887  0.26000002  0.0972948074  0.121437311
  0.0999999866  0.26000002  0.0905117393  0.113018349
  0.109999985  0.26000002  0.0842470974  0.105228797
  0.119999982  0.26000002  0.0784897953  0.0980583727
  0.12999998  0.26000002  0.073215127  0.0914832652
  0.139999986  0.26000002  0.0683915541  0.0854646713
  0.149999991  0.26000002  0.0639846176  0.0799633861
  0.159999996  0.26000002  0.0599597767  0.074936524
  0.170000002  0.26000002  0.0562828854  0.070342727
  0.180000007  0.26000002  0.0529219694  0.0661426708
  0.190000013  0.26000002  0.049847506  0.0622999966
  0.200000018  0.26000002  0.0470319428  0.0587804988
  0.210000023  0.26000002  0.0444508158  0.0555535778
  0.220000029  0.26000002  0.0420811251  0.0525909476
  0.230000034  0.26000002  0.039903257  0.0498682559
  0.240000039  0.26000002  0.0378991961  0.0473625213
  0.25000003  0.26000002  0.0360524729  0.0450537503
  0.26000002  0.26000002  0.0343488865  0.0429238528
  0.270000011  0.26000002  0.0327755548  0.040956784
  0.280000001  0.26000002  0.0313208997  0.039138183
  0.289999992  0.26000002  0.0299747474  0.0374553204
  0.299999982  0.26000002  0.0287279449  0.0358965285
 0.0  0.270000011  0.145280197  0.181473091
  0.00999999978  0.270000011  0.144329786  0.180188388
  0.0199999996  0.270000011  0.141070127  0.175826281
  0.0299999993  0.270000011  0.13579382  0.169054136
  0.0399999991  0.270000011  0.129240796  0.160857126
  0.049999997  0.270000011  0.12204352  0.151954412
  0.0599999949  0.270000011  0.114641473  0.142825559
  0.0699999928  0.270000011  0.107321039  0.133791625
  0.0799999908  0.270000011  0.100261323  0.125064611
  0.0899999887  0.270000011  0.0935690254  0.116773598
  0.0999999866  0.270000011  0.0872993991  0.108990923
  0.109999985  0.270000011  0.0814706907  0.101744115
  0.119999982  0.270000011  0.0760846138  0.0950389653
  0.12999998  0.270000011  0.0711258203  0.0888596624
  0.139999986  0.270000011  0.0665707588  0.0831789672
  0.149999991  0.270000011  0.0623932742  0.0779654831
  0.159999996  0.270000011  0.0585644916  0.0731849596
  0.170000002  0.270000011  0.0550555661  0.0688024908
  0.180000007  0.270000011  0.0518390983  0.0647840574
  0.190000013  0.270000011  0.0488889702  0.0610975809
  0.200000018  0.270000011  0.046180889  0.0577131547
  0.210000023  0.270000011  0.0436927713  0.0546031781
  0.220000029  0.270000011  0.0414043143  0.0517427363
  0.230000034  0.270000011  0.0392971039  0.0491085611
  0.240000039  0.270000011  0.0373547561  0.0466803908
  0.25000003  0.270000011  0.0355622657  0.0444395766
  0.26000002  0.270000011  0.0339063257  0.0423694476
  0.270000011  0.270000011  0.0323748291  0.0404549539
  0.280000001  0.270000011  0.0309571885  0.0386827886
  0.289999992  0.270000011  0.0296438001  0.0370410085
  0.299999982  0.270000011  0.0284261517  0.0355187878
 0.0  0.280000001  0.13508828  0.168742806
  0.00999999978  0.280000001  0.13432093  0.167736351
  0.0199999996  0.280000001  0.131714135  0.164305225
  0.0299999993  0.280000001  0.127377883  0.15873529
  0.0399999991  0.280000001  0.121824175  0.151750967
  0.049999997  0.280000001  0.115574226  0.143977448
  0.0599999949  0.280000001  0.109027222  0.135872334
  0.0699999928  0.280000001  0.102461144  0.127749145
  0.0799999908  0.280000001  0.0960589275  0.119823217
  0.0899999887  0.280000001  0.0899334475  0.112228528
  0.0999999866  0.280000001  0.084150739  0.105049416
  0.109999985  0.280000001  0.0787404254  0.0983229727
  0.119999982  0.280000001  0.0737111568  0.0920636877
  0.12999998  0.280000001  0.0690572858  0.0862653032
  0.139999986  0.280000001  0.0647633076  0.0809114724
  0.149999991  0.280000001  0.0608093441  0.0759785175
  0.159999996  0.280000001  0.0571723729  0.0714387447
  0.170000002  0.280000001  0.0538283587  0.0672631711
  0.180000007  0.280000001  0.0507540405  0.063423261
  0.190000013  0.280000001  0.0479267687  0.059890978
  0.200000018  0.280000001  0.0453253463  0.0566405281
  0.210000023  0.280000001  0.0429294817  0.0536465496
  0.220000029  0.280000001  0.0407215916  0.0508871153
  0.230000034  0.280000001  0.0386848487  0.0483414382
  0.240000039  0.280000001  0.0368041061  0.0459906161
  0.25000003  0.280000001  0.0350657068  0.0438177921
  0.26000002  0.280000001  0.0334573537  0.0418073684
  0.270000011  0.280000001  0.0319680199  0.0399456248
  0.280000001  0.280000001  0.0305875912  0.0382201746
  0.289999992  0.280000001  0.0293073244  0.0366197415
  0.299999982  0.280000001  0.0281189308  0.0351343341
 0.0  0.289999992  0.125932589  0.157306194
  0.00999999978  0.289999992  0.125297442  0.156487569
  0.0199999996  0.289999992  0.123168498  0.153721794
  0.0299999993  0.289999992  0.119572341  0.149112925
  0.0399999991  0.289999992  0.114857391  0.143165156
  0.049999997  0.289999992  0.109436303  0.136396751
  0.0599999949  0.289999992  0.103659034  0.129221395
  0.0699999928  0.289999992  0.0977845043  0.12193837
  0.0799999908  0.289999992  0.0919926763  0.114756413
  0.0899999887  0.289999992  0.0863993764  0.107817881
  0.0999999866  0.289999992  0.0810766369  0.101206295
  0.109999985  0.289999992  0.0760631412  0.0949728042
  0.119999982  0.289999992  0.0713757128  0.0891387165
  0.12999998  0.289999992  0.0670156181  0.0837067962
  0.139999986  0.289999992  0.0629737824  0.0786685944
  0.149999991  0.289999992  0.0592369437  0.0740072951
  0.159999996  0.289999992  0.0557869673  0.0697016865
  0.170000002  0.289999992  0.0526042432  0.0657287091
  0.180000007  0.289999992  0.0496695004  0.0620638095
  0.190000013  0.289999992  0.0469630361  0.0586832613
  0.200000018  0.289999992  0.0444669425  0.0555646867
  0.210000023  0.289999992  0.0421625003  0.0526853614
  0.220000029  0.289999992  0.0400344357  0.050026115
  0.230000034  0.289999992  0.0380676351  0.0475683361
  0.240000039  0.289999992  0.0362482965  0.0452945121
  0.25000003  0.289999992  0.0345639512  0.0431893468
  0.26000002  0.289999992  0.0330031924  0.0412387028
  0.270000011  0.289999992  0.0315559581  0.0394297689
  0.280000001  0.289999992  0.0302129127  0.0377511121
  0.289999992  0.289999992  0.0289657265  0.0361921936
  0.299999982  0.289999992  0.0278068054  0.0347438119
 0.0  0.299999982  0.117676876  0.146994248
  0.00999999978  0.299999982  0.11714229  0.146312028
  0.0199999996  0.299999982  0.115374133  0.144037351
  0.0299999993  0.299999982  0.112363204  0.140191093
  0.0399999991  0.299999982  0.108345568  0.135117531
  0.049999997  0.299999982  0.103642166  0.12922971
  0.0599999949  0.299999982  0.0985500887  0.122888193
  0.0699999928  0.299999982  0.0933031589  0.116370216
  0.0799999908  0.299999982  0.0880721658  0.109875917
  0.0899999887  0.299999982  0.0829741359  0.103545137
  0.0999999866  0.299999982  0.0780840069  0.0974684507
  0.109999985  0.299999982  0.0734464228  0.091700688
  0.119999982  0.299999982  0.0690843612  0.0862710848
  0.12999998  0.299999982  0.0650052726  0.0811899602
  0.139999986  0.299999982  0.0612067878  0.0764552057
  0.149999991  0.299999982  0.0576797575  0.0720564798
  0.159999996  0.299999982  0.0544113442  0.0679782182
  0.170000002  0.299999982  0.0513860658  0.064202264
  0.180000007  0.299999982  0.0485877395  0.0607083328
  0.190000013  0.299999982  0.0460001789  0.0574768297
  0.200000018  0.299999982  0.0436069816  0.0544874668
  0.210000023  0.299999982  0.041393064  0.0517216399
  0.220000029  0.299999982  0.0393441208  0.0491617024
  0.230000034  0.299999982  0.0374467596  0.0467906855
  0.240000039  0.299999982  0.0356883481  0.0445933826
  0.25000003  0.299999982  0.0340578519  0.0425556637
  0.26000002  0.299999982  0.0325445682  0.0406644866
  0.270000011  0.299999982  0.0311393626  0.0389082879
  0.280000001  0.299999982  0.0298336111  0.0372763872
  0.289999992  0.299999982  0.0286196359  0.035759069
  0.299999982  0.299999982  0.0274903476  0.0343477838
