0.0   220000.009167
0.001   234666.754667
0.002   227600.237084
0.003   189428.958179
0.004   167333.898085
0.005   162364.45495
0.006   116000.816837
0.007   98000.918756
0.008   72824.4063358
0.009   58527.1961321
0.01   42286.4912957
0.011   36870.3778966
0.012   28480.7416802
0.013   21926.5919401
0.014   16552.3041522
0.015   13742.4857493
0.016   11273.238789
0.017   9371.90692185
0.018   7405.82783894
0.019   6769.65978826
0.02   4829.60655927
0.021   4605.00593192
0.022   3289.16640528
0.023   3362.01156426
0.024   2490.04501914
0.025   2353.19619582
0.026   2490.85756162
0.027   1963.88388547
0.028   1649.34607818
0.029   1254.41922327
0.03   1311.67876524
0.031   1238.3000118
0.032   1138.66197983
0.033   626.982936995
0.034   898.728999393
0.035   648.023427288
0.036   959.117059354
0.037   426.766683075
0.038   571.569762511
0.039   430.491683878
0.04   592.754623599
0.041   457.962768378
0.042   235.36496591
0.043   390.927874916
0.044   337.189927393
0.045   329.78410715
0.046   365.723181093
0.047   252.72660396
0.048   247.519707039
0.049   202.10272561
0.05   237.724792435
0.051   155.408493745
0.052   152.450974897
0.053   261.807118022
0.054   55.0731310055
0.055   144.218170746
0.056   141.668281753
0.057   139.207131032
0.058   119.726396918
0.059   184.983077985
0.06   115.773092825
0.061   81.3520856319
0.062   112.072949911
0.063   126.068958482
0.064   139.6316807
0.065   45.8342931173
0.066   45.1460491175
0.067   44.4782123933
0.068   43.8298891967
0.069   14.4000790728
0.07   42.5884619402
0.071   13.997937764
0.072   13.8051941956
0.073   27.235399804
0.074   53.7409740139
0.075   79.5457489154
0.076   26.1693082709
0.077   38.7484545898
0.078   51.0077849945
0.079   62.9593806438
0.08   12.4357870654
0.081   24.5670650343
0.082   24.2699460948
0.083   71.9398553965
0.084   23.6968292013
0.085   46.8406743817
0.086   11.575122903
0.087   11.4431677987
0.088   56.5709925869
0.089   33.5643449282
0.09   22.1296430305
0.091   32.8326799723
0.092   10.8262428807
0.093   21.4215728153
0.094   21.1955540136
0.095   20.9742756145
0.096   20.7575902489
0.097   10.2726782968
0.098   40.6748781286
0.099   10.0668537639
