30   10   157.522592368   3174105.39367   1000000.0   1.89951029793   3.48225946784   2.5437273202   61.0162433921   157.535355   10.5057697   
30   11   157.481468483   2517300.41027   1000000.0   2.52025299973   3.48000140804   2.5646428427   55.6637449376   157.535355   10.5057697   
30   12   157.507022193   746744.915451   1000000.0   2.92782571521   3.51011294511   2.4684665128   33.1327204008   157.535355   10.5057697   
30   13   157.597924204   103574.612434   1000000.0   3.15343912654   3.59216782048   2.2454358092   18.0662503946   157.535355   10.5057697   
31   10   158.32969368   3751405.21745   1000000.0   2.01600760883   3.44218886318   2.64213704053   70.2008220355   158.399261   10.3943634   
31   11   158.362296118   2719971.82835   1000000.0   2.61816667152   3.5123510857   2.59109455547   57.7262187327   158.399261   10.3943634   
31   12   158.25081285   734036.680018   1000000.0   3.14313907723   3.42612532779   2.56408777756   35.3143271422   158.399261   10.3943634   
31   13   158.343995383   88335.0871555   1000000.0   5.42339461464   3.53930605787   2.67455365059   16.2707296391   158.399261   10.3943634   
32   9   159.340530312   3366697.43633   1000000.0   1.51960655396   3.47360043578   2.60480318164   59.7266613742   159.216644   10.2908096   
32   10   159.276518638   4390015.77993   1000000.0   2.04475672853   3.44407454254   2.61675987355   65.4548292343   159.216644   10.2908096   
32   11   159.301899482   2873465.64104   1000000.0   2.5622485883   3.51265155273   2.52972854509   57.3071904323   159.216644   10.2908096   
32   12   159.139739402   692457.882817   1000000.0   3.43335075813   3.40257862335   2.66523028683   33.773782158   159.216644   10.2908096   
33   9   160.17644077   4124945.06185   1000000.0   1.51111031071   3.50272988346   2.58987393797   62.1348375853   159.989227   10.1945553   
33   10   160.143193592   4963515.50616   1000000.0   1.9646055664   3.5402788191   2.5600204206   90.1888483388   159.989227   10.1945553   
33   11   160.148091446   3001523.00265   1000000.0   2.78288712468   3.58605423662   2.55332249344   60.5289706733   159.989227   10.1945553   
33   12   159.804817722   671187.178559   1000000.0   4.169192812   3.30671319064   2.82942833321   39.7099316381   159.989227   10.1945553   
34   9   160.842410413   5304362.47078   1000000.0   1.77338230301   3.50802166281   2.80966824516   102.704940345   160.718796   10.1050758   
34   10   160.770425847   6045071.70329   1000000.0   2.31649814125   3.48098023008   2.689874122   113.32060931   160.718796   10.1050758   
34   11   160.890388372   3339804.26468   1000000.0   3.00509828582   3.65381045582   2.64101739382   88.0145689228   160.718796   10.1050758   
34   12   160.863105507   644302.789684   1000000.0   4.03421455853   3.69681583034   2.61241402105   66.0609243008   160.718796   10.1050758   
35   9   161.612754694   7527775.60137   1000000.0   1.49150273434   3.40229338388   2.51715239799   141.145671686   161.40715   10.0218849   
35   10   161.660821695   7779521.92511   1000000.0   2.15752324435   3.55576823589   2.45421811849   105.410149362   161.40715   10.0218849   
35   11   161.323235861   3791636.51778   1000000.0   3.50870573307   3.40573617349   2.8055249219   85.436868865   161.40715   10.0218849   
35   12   162.253455777   743127.818406   1000000.0   2.72962161856   3.94977998064   2.01580685174   67.0139767707   161.40715   10.0218849   
36   9   162.133973693   9620220.36499   1000000.0   1.91360515028   3.43687660387   2.88306718893   164.238084618   162.056244   9.94451904   
36   10   162.164239914   9883185.49723   1000000.0   2.18202325169   3.45861274573   2.63909524658   166.908575132   162.056244   9.94451904   
36   11   162.308079103   4788702.22293   1000000.0   2.66924792204   3.71563892313   2.47991876895   105.514793923   162.056244   9.94451904   
36   12   161.822947164   881402.907828   1000000.0   5.53224779842   3.15491202611   2.81461493794   50.8542011863   162.056244   9.94451904   
37   9   163.029386604   13320648.9464   1000000.0   1.4984182294   3.55230886675   2.45611570659   159.061406787   162.66774   9.87257576   
37   10   162.855078907   11432351.0677   1000000.0   2.79308910212   3.60412825901   2.77803956172   197.868274116   162.66774   9.87257576   
37   11   162.838519152   5515077.01838   1000000.0   2.54055199446   3.52894721769   2.51557343809   148.103960068   162.66774   9.87257576   
37   12   162.579867482   786618.869761   1000000.0   8.41971480671   3.48536366893   3.0484271303   86.7090965159   162.66774   9.87257576   
38   9   163.524689772   15982443.6308   1000000.0   1.75716689073   3.60971753078   2.60273802814   154.255854548   163.243408   9.80566978   
38   10   163.456672121   14301538.5839   1000000.0   2.38252731859   3.54694806334   2.61971505078   167.685183028   163.243408   9.80566978   
38   11   163.364198072   6176301.73413   1000000.0   2.70016935468   3.48050267522   2.4909791849   137.930861041   163.243408   9.80566978   
38   12   163.15597734   846434.964282   1000000.0   4.30282396622   3.50271739324   2.74856528864   117.739927708   163.243408   9.80566978   
39   9   164.016122936   19501022.7018   1000000.0   1.75230031427   3.45969704321   2.66781322601   176.911108303   163.784988   9.74344063   
39   10   164.241775351   15731090.7087   1000000.0   1.97827361232   3.80228058564   2.32211317081   116.514940044   163.784988   9.74344063   
39   11   164.036505526   6042326.0598   1000000.0   2.87312238833   3.74402273753   2.59045375128   158.673243724   163.784988   9.74344063   
39   12   163.742865982   903642.635603   1000000.0   6.97154331416   3.2982405388   3.10459063306   88.0736689067   163.784988   9.74344063   
40   9   164.652672202   22766663.7363   1000000.0   1.64206772   3.61413843969   2.46609105051   203.685307699   164.294144   9.68556213   
40   10   164.502188545   17851623.9395   1000000.0   2.10836490394   3.56073778684   2.50717152152   155.140075213   164.294144   9.68556213   
40   11   164.398607816   6743171.44259   1000000.0   2.62739688851   3.46508835449   2.49029641365   104.362689829   164.294144   9.68556213   
40   12   164.102743447   869450.756561   1000000.0   9.01383889821   3.37581690551   2.79905478968   82.228240688   164.294144   9.68556213   
41   9   164.937278838   22132240.5661   1000000.0   1.73966032362   3.40575674813   2.68412473684   187.346469763   164.772491   9.63172913   
41   10   164.991958399   16455038.7569   1000000.0   2.30295314262   3.48841264998   2.55587129619   135.909071003   164.772491   9.63172913   
41   11   164.824256349   5970561.08568   1000000.0   3.00103082907   3.47256032907   2.73394655692   147.604962997   164.772491   9.63172913   
41   12   164.035008448   807996.250392   1000000.0   1059638.6908   3.05743111889   3.56732261668   92.4902443174   164.772491   9.63172913   
42   9   165.581785891   15696832.6791   1000000.0   1.78462106057   3.68817966921   2.63211703651   172.400766441   165.221588   9.58165932   
42   10   165.242686332   11514175.9315   1000000.0   2.27201854544   3.38367165642   2.66429190209   152.176670444   165.221588   9.58165932   
42   11   165.727007192   3832170.64383   1000000.0   2.35847903181   3.94274166411   2.32192689026   178.673325224   165.221588   9.58165932   
42   12   165.272107793   616064.00035   1000000.0   3.27916884963   3.59757517237   2.21258760196   104.467291611   165.221588   9.58165932   
43   9   165.829315767   11512032.9334   1000000.0   1.66879470987   3.53137298938   2.50539206286   84.2275055013   165.642929   9.53509331   
43   10   165.649955635   8117302.91481   1000000.0   2.54088373402   3.37881255144   2.88606701126   120.897656539   165.642929   9.53509331   
43   11   165.609737618   2563453.99323   1000000.0   3.86967353825   3.49315022562   3.03636543536   95.0473669754   165.642929   9.53509331   
43   12   164.983739159   321983.279212   1000000.0   3.86086191992   2.6290559622   3.10107164159   81.243056911   165.642929   9.53509331   
44   9   166.224253646   7839129.00864   1000000.0   1.68304005971   3.52207375051   2.5605700355   131.452448855   166.038055   9.49178696   
44   10   165.927720887   5104256.49318   1000000.0   2.8897582571   3.35294073115   3.03683104972   122.364020329   166.038055   9.49178696   
44   11   166.212411322   1687209.90635   1000000.0   3.09170148201   3.62737963545   2.66297580189   76.5872001847   166.038055   9.49178696   
44   12   166.182330386   198260.968499   1000000.0   4.40126224898   3.63531824132   2.54832236206   48.0794142394   166.038055   9.49178696   
45   8   166.304610824   2204210.31374   1000000.0   1.48465703151   3.32173291893   2.85219189303   56.5739722198   166.408447   9.45150185   
45   9   166.605834664   5925000.76053   1000000.0   1.85188035491   3.51390998183   2.65710396662   84.9411265884   166.408447   9.45150185   
45   10   166.540250556   3781614.66409   1000000.0   2.40104921743   3.56335267748   2.6948233771   65.4404417326   166.408447   9.45150185   
45   11   166.514030165   1254142.44281   1000000.0   2.68881815438   3.63077267545   2.57095564375   50.6437817841   166.408447   9.45150185   
46   8   166.805113499   1872703.44582   1000000.0   1.44366501954   3.44079435316   2.77900622338   54.2912182174   166.755402   9.41403389   
46   9   166.81375152   4961190.05056   1000000.0   1.79619458173   3.52822205273   2.68407937009   77.7667204099   166.755402   9.41403389   
46   10   166.898466633   3225555.02419   1000000.0   2.26440133934   3.55782166198   2.61812246414   72.2625624145   166.755402   9.41403389   
46   11   166.107542235   1097172.08171   1000000.0   3.60029788311   2.85672860329   3.03648917011   107.976661886   166.755402   9.41403389   
47   8   167.137275044   1648938.23726   1000000.0   1.51774359439   3.48043747329   2.87938032391   48.5743374298   167.080338   9.37918091   
47   9   167.046341904   4357301.01876   1000000.0   1.98753567694   3.4293443956   2.89552399774   84.5138366306   167.080338   9.37918091   
47   10   167.098467573   2691527.16509   1000000.0   2.40565396505   3.49710615221   2.73356827851   70.3433222112   167.080338   9.37918091   
47   11   167.021035112   808826.089018   1000000.0   3.04142976082   3.47518405545   2.78754680185   38.5935769177   167.080338   9.37918091   
48   8   167.478669996   1565303.79104   1000000.0   1.37131008213   3.52047839474   2.77498770391   76.4338463164   167.384552   9.34675694   
48   9   167.374106144   3933232.54925   1000000.0   1.87840963032   3.48420141212   2.82246933173   59.3927596911   167.384552   9.34675694   
48   10   167.302651604   2412439.66687   1000000.0   2.44679649141   3.46544065595   2.77390812568   45.3691384651   167.384552   9.34675694   
48   11   167.333758844   684307.902064   1000000.0   2.99772223656   3.54957809133   2.74176069839   28.3645968672   167.384552   9.34675694   
49   8   167.657391279   1375190.49258   1000000.0   1.48289273818   3.46550750094   2.82559436187   38.1201492678   167.669189   9.31659603   
49   9   167.68674509   3341763.59337   1000000.0   1.89111147916   3.51777962254   2.77819745884   52.2400357043   167.669189   9.31659603   
49   10   167.63687192   1941444.41859   1000000.0   2.46147726275   3.53247435062   2.77570970316   42.2795508304   167.669189   9.31659603   
49   11   167.573918028   551152.163288   1000000.0   3.11779447149   3.54105292614   2.78347723021   26.6143794569   167.669189   9.31659603   
50   8   167.943224141   1046192.85389   1000000.0   1.63800127095   3.55460075684   3.03756650323   37.5625285196   167.935471   9.28853416   
50   9   167.993900563   2543939.20746   1000000.0   1.89369356504   3.53943535869   2.77498112073   49.3258389271   167.935471   9.28853416   
50   10   167.925912599   1453294.47431   1000000.0   2.47880497403   3.5329932774   2.77570642032   37.2828414499   167.935471   9.28853416   
50   11   167.904426609   405436.219147   1000000.0   3.25291273091   3.57529901138   2.76729320577   22.4467297543   167.935471   9.28853416   
51   8   168.303707863   780800.812763   1000000.0   1.46258398523   3.55197157034   2.80339628762   33.4415967676   168.184418   9.26243019   
51   9   168.240302843   1847709.28444   1000000.0   1.91716650529   3.60457082726   2.78525143899   42.3689563918   168.184418   9.26243019   
51   10   168.300533011   1022374.91115   1000000.0   2.34669867519   3.73342201394   2.659662543   57.1380662192   168.184418   9.26243019   
51   11   168.149542538   282168.02818   1000000.0   2.99750832096   3.5785902046   2.72390125288   66.2775496361   168.184418   9.26243019   
52   8   168.566321628   511502.328993   1000000.0   1.4441522645   3.61199391852   2.73502376814   23.3940170615   168.417175   9.23814392   
52   9   168.510210688   1194437.28595   1000000.0   1.95670254752   3.5796574715   2.83343034553   38.4548425875   168.417175   9.23814392   
52   10   168.503857594   672647.09153   1000000.0   2.56718334515   3.58564540338   2.74991776779   32.0717144291   168.417175   9.23814392   
52   11   168.356473803   174225.08473   1000000.0   3.19532391225   3.57153544665   2.83311103983   12.7990021222   168.417175   9.23814392   
53   8   168.924689301   292151.883521   1000000.0   1.38845582371   3.68764884864   2.62062545575   21.0570197037   168.634689   9.21554947   
53   9   168.80363634   673551.937234   1000000.0   1.85829757791   3.6180989926   2.7119420541   29.1740322277   168.634689   9.21554947   
53   10   168.708766645   352965.648686   1000000.0   2.34249192601   3.62568835508   2.71630345797   21.6239731069   168.634689   9.21554947   
53   11   168.62299286   92172.255153   1000000.0   3.56613532418   3.61733596333   2.86275793106   10.6988232927   168.634689   9.21554947   
54   8   168.916809554   121357.468168   1000000.0   1.38582414469   3.47180982833   2.74462205078   23.2845170974   168.837891   9.19452667   
54   9   169.092962385   270021.18279   1000000.0   1.71191564524   3.66778508042   2.61563625625   17.3712608147   168.837891   9.19452667   
54   10   168.944438983   148453.279753   1000000.0   2.27242954737   3.58222648452   2.65748500374   14.4446380443   168.837891   9.19452667   
54   11   168.949024318   38382.4365217   1000000.0   3.22924007648   3.68715959216   2.74616030629   7.66427853654   168.837891   9.19452667   
55   8   169.391844365   39319.1990427   1000000.0   1.24326838014   3.89991894752   2.76096421619   15.4631033201   169.027786   9.17496109   
55   9   169.282415286   93481.9675078   1000000.0   1.54678901573   3.6837111843   2.54995446977   15.5929657981   169.027786   9.17496109   
55   10   169.850114798   54838.5163231   1000000.0   1.61384760084   3.97549470504   2.06718963938   11.0331450963   169.027786   9.17496109   
55   11   169.117995768   12766.0325796   1000000.0   3.60465014041   3.65618204172   2.88372216826   9.7172845407   169.027786   9.17496109   
56   8   170.204850066   14988.3787825   1000000.0   0.694973369366   4.66073608195   1.63377032378   14.6863066342   169.205048   9.15675926   
56   9   169.567830259   36312.3532967   1000000.0   1.0531834202   3.75646686255   2.11910856099   18.9817386182   169.205048   9.15675926   
56   10   169.717037642   17623.7341016   1000000.0   1.59075736625   4.17910692834   2.23131517657   10.6416682852   169.205048   9.15675926   
56   11   169.578160121   4354.52569327   1000000.0   2.33310306646   3.80643702008   2.33342977336   5.84546770662   169.205048   9.15675926   
57   8   170.26990321   6457.67969154   1000000.0   0.758925681496   5.12260676761   2.20696409193   16.3796484745   169.370605   9.1398201   
57   9   169.712948314   14072.5892566   1000000.0   1.30466905609   4.25490724307   2.76709585178   14.0543092323   169.370605   9.1398201   
57   10   170.016317318   7667.99698449   1000000.0   1.2408636847   4.52027814272   1.96961965136   14.2915823346   169.370605   9.1398201   
57   11   168.950157451   1675.45121527   1000000.0   183.812986513   3.80629454099   3.82585545079   9.56175382473   169.370605   9.1398201   
