Result of the manual clicking for He+ in EpQ vs. Tch
ESA Tch_left Tch_right
   00     253     272 
   01     257     278 
   02     262     286 
   03     270     293 
   04     275     299 
   05     281     306 
   06     287     312 
   07     292     319 
   08     300     329 
   09     306     339 
   10     315     348 
   11     321     353 
   12     327     359 
   13     334     364 
   14     343     370 
   15     352     374 
   16     361     381 
   17     365     387 
   18     372     391 
   19     376     396 
   20     382     401 
   21     389     407 
   22     393     413 
   23     397     420 
   24     403     428
   25     411     435 
   26     418     443 
   27     425     448 
   28     433     454 
   29     441     460 
   30     447     465 
   31     452     469 
   32     456     470
